5601,'1-1',546,,780620,2,,,1,100,,780609,2,,,1,102,,780618,2,,,1,99,,780587,2,,,1,100,,780614,2,,,1,100,,780605,2,,,1,100,,780619,2,,,1,100,,780589,2,,,1,101,,780595,2,,,1,100,,780602,2,,,1,100,,780621,2,,,1,100,,780597,2,,,1,100,,780596,2,,,1,100,,780598,2,,,1,100,,780604,2,,,1,100,,780600,2,,,1,99,,780601,2,,,1
5601,'10-1',700,,780625,2,,,1,101,,780653,2,,,1,100,,780631,2,,,1,100,,780651,2,,,1,100,,780640,2,,,1,100,,780642,2,,,1,100,,780634,2,,,1,100,,780652,2,,,1,100,,780641,2,,,1,100,,780648,2,,,1,100,,780649,2,,,1,99,,780639,2,,,1,100,,780630,2,,,1,100,,780624,2,,,1,100,,780629,2,,,1,45,,780635,2,,,1
5601,'11-1',610,,780692,2,,,1,32,,780702,2,,,1,69,,780701,2,,,1,14,,780695,2,,,1,17,,780658,2,,,1,7,,780662,2,0,74 75,1,9,,780683,2,,,1,56,,780663,2,,,1,13,,780688,2,,,1,15,,780697,2,,,1,70,,780684,2,,,1,30,,780678,2,,,1,73,,780660,2,,,1,428,,780669,2,,,1,70,,780677,2,,,1,13,,780690,2,,,1,32,,780680,2,,,1,69,,780659,2,,,1,30,,780699,2,,,1,70,,780687,2,,,1,30,,780657,2,,,1,55,,780670,2,,,1,15,,780681,2,,,1
5601,'12-1',700,,780707,2,,,1,101,,780735,2,,,1,100,,780713,2,,,1,100,,780733,2,,,1,100,,780722,2,,,1,100,,780724,2,,,1,100,,780716,2,,,1,100,,780734,2,,,1,100,,780723,2,,,1,100,,780730,2,,,1,100,,780731,2,,,1,99,,780721,2,,,1,100,,780712,2,,,1,100,,780706,2,,,1,100,,780711,2,,,1,45,,780717,2,,,1
5601,'2-1',700,,780739,2,,,1,101,,780767,2,,,1,100,,780745,2,,,1,100,,780765,2,,,1,100,,780754,2,,,1,100,,780756,2,,,1,100,,780748,2,,,1,100,,780766,2,,,1,100,,780755,2,,,1,100,,780762,2,,,1,100,,780763,2,,,1,99,,780753,2,,,1,100,,780744,2,,,1,100,,780738,2,,,1,100,,780743,2,,,1,45,,780749,2,,,1
5601,'3-1',610,,780806,2,,,1,32,,780816,2,,,1,69,,780815,2,,,1,14,,780809,2,,,1,17,,780772,2,,,1,7,,780776,2,0,74 75,1,9,,780797,2,,,1,56,,780777,2,,,1,13,,780802,2,,,1,15,,780811,2,,,1,70,,780798,2,,,1,30,,780792,2,,,1,73,,780774,2,,,1,428,,780783,2,,,1,70,,780791,2,,,1,13,,780804,2,,,1,32,,780794,2,,,1,69,,780773,2,,,1,30,,780813,2,,,1,70,,780801,2,,,1,30,,780771,2,,,1,55,,780784,2,,,1,15,,780795,2,,,1
5601,'4-1',610,,780856,2,,,1,32,,780866,2,,,1,69,,780865,2,,,1,14,,780859,2,,,1,17,,780822,2,,,1,7,,780826,2,0,74 75,1,9,,780847,2,,,1,56,,780827,2,,,1,13,,780852,2,,,1,15,,780861,2,,,1,70,,780848,2,,,1,30,,780842,2,,,1,73,,780824,2,,,1,428,,780833,2,,,1,70,,780841,2,,,1,13,,780854,2,,,1,32,,780844,2,,,1,69,,780823,2,,,1,30,,780863,2,,,1,70,,780851,2,,,1,30,,780821,2,,,1,55,,780834,2,,,1,15,,780845,2,,,1
5601,'5-1',610,,780906,2,,,1,32,,780916,2,,,1,69,,780915,2,,,1,14,,780909,2,,,1,17,,780872,2,,,1,7,,780876,2,0,74 75,1,9,,780897,2,,,1,56,,780877,2,,,1,13,,780902,2,,,1,15,,780911,2,,,1,70,,780898,2,,,1,30,,780892,2,,,1,73,,780874,2,,,1,428,,780883,2,,,1,70,,780891,2,,,1,13,,780904,2,,,1,32,,780894,2,,,1,69,,780873,2,,,1,30,,780913,2,,,1,70,,780901,2,,,1,30,,780871,2,,,1,55,,780884,2,,,1,15,,780895,2,,,1
5601,'6-1',700,,780934,2,,,1,101,,780947,2,,,1,100,,780943,2,,,1,100,,780925,2,,,1,100,,780930,2,,,1,100,,780932,2,,,1,100,,780946,2,,,1,100,,780948,2,,,1,100,,780938,2,,,1,100,,780924,2,,,1,100,,780922,2,,,1,99,,780937,2,,,1,100,,780941,2,,,1,100,,780931,2,,,1,100,,780920,2,,,1,45,,780929,2,,,1
5601,'7-1',700,,780966,2,,,1,101,,780979,2,,,1,100,,780975,2,,,1,100,,780957,2,,,1,100,,780962,2,,,1,100,,780964,2,,,1,100,,780978,2,,,1,100,,780980,2,,,1,100,,780970,2,,,1,100,,780956,2,,,1,100,,780954,2,,,1,99,,780969,2,,,1,100,,780973,2,,,1,100,,780963,2,,,1,100,,780952,2,,,1,45,,780961,2,,,1
5601,'8-1',610,,781020,2,,,1,32,,781030,2,,,1,69,,781029,2,,,1,14,,781023,2,,,1,17,,780986,2,,,1,7,,780990,2,0,74 75,1,9,,781011,2,,,1,56,,780991,2,,,1,13,,781016,2,,,1,15,,781025,2,,,1,70,,781012,2,,,1,30,,781006,2,,,1,73,,780988,2,,,1,428,,780997,2,,,1,70,,781005,2,,,1,13,,781018,2,,,1,32,,781008,2,,,1,69,,780987,2,,,1,30,,781027,2,,,1,70,,781015,2,,,1,30,,780985,2,,,1,55,,780998,2,,,1,15,,781009,2,,,1
5601,'9-1',546,,781033,2,,,1,100,,781045,2,,,1,102,,781041,2,,,1,99,,781035,2,,,1,100,,781051,2,,,1,100,,781052,2,,,1,100,,781043,2,,,1,100,,781049,2,,,1,101,,781040,2,,,1,100,,781060,2,,,1,100,,781037,2,,,1,100,,781042,2,,,1,100,,781036,2,,,1,100,,781065,2,,,1,100,,781039,2,,,1,100,,781032,2,,,1,99,,781058,2,,,1
