3501,'1-1',645,,581936,31,,,1,101,,581920,31,,,1,103,,581911,31,,,1,71,,581930,31,,,1,29,,581935,28,,,1,70,,581932,28,,,1,31,,581927,28,,,1,71,,581919,28,,,1,29,,581916,28,,,1,70,,581913,28,,,1,30,,581909,28,,,1,69,,581921,28,,,1,29,,581931,28,,,1,69,,581914,28,,,1,30,,581915,28,,,1,73,,581925,28,,,1,30,,581910,31,,,1,70,,581908,31,,,1,30,,581917,31,,,1,70,,581929,31,,,1,30,,581928,31,,,1,70,,581934,31,,,1,30,,581906,31,,,1,70,,581912,28,,,1,30,,581922,28,,,1,70,,581918,28,,,1,30,,581905,28,,,1,70,,581924,28,,,1,29,,581923,28,,,1,72,,581933,28,,,1,28,,581926,28,,,1,97,,581907,28,,,1,97,,581937,28,,,1
3501,'10-1',645,,581952,31,,,1,101,,581962,31,,,1,103,,581940,31,,,1,71,,581944,31,,,1,29,,581970,28,,,1,70,,581961,28,,,1,31,,581946,28,,,1,71,,581942,28,,,1,29,,581963,28,,,1,70,,581968,28,,,1,30,,581947,28,,,1,69,,581958,28,,,1,29,,581941,28,,,1,69,,581943,28,,,1,30,,581956,28,,,1,73,,581953,28,,,1,30,,581951,31,,,1,70,,581938,31,,,1,30,,581949,31,,,1,70,,581948,31,,,1,30,,581957,31,,,1,70,,581967,31,,,1,30,,581945,31,,,1,70,,581965,28,,,1,30,,581939,28,,,1,70,,581966,28,,,1,30,,581959,28,,,1,70,,581955,28,,,1,29,,581954,28,,,1,72,,581950,28,,,1,28,,581960,28,,,1,97,,581969,28,,,1,97,,581964,28,,,1
3501,'11-1',645,,581985,31,,,1,101,,581995,31,,,1,103,,581973,31,,,1,71,,581977,31,,,1,29,,582003,28,,,1,70,,581994,28,,,1,31,,581979,28,,,1,71,,581975,28,,,1,29,,581996,28,,,1,70,,582001,28,,,1,30,,581980,28,,,1,69,,581991,28,,,1,29,,581974,28,,,1,69,,581976,28,,,1,30,,581989,28,,,1,73,,581986,28,,,1,30,,581984,31,,,1,70,,581971,31,,,1,30,,581982,31,,,1,70,,581981,31,,,1,30,,581990,31,,,1,70,,582000,31,,,1,30,,581978,31,,,1,70,,581998,28,,,1,30,,581972,28,,,1,70,,581999,28,,,1,30,,581992,28,,,1,70,,581988,28,,,1,29,,581987,28,,,1,72,,581983,28,,,1,28,,581993,28,,,1,97,,582002,28,,,1,97,,581997,28,,,1
3501,'2-1',645,,582018,31,,,1,101,,582028,31,,,1,103,,582006,31,,,1,71,,582010,31,,,1,29,,582036,28,,,1,70,,582027,28,,,1,31,,582012,28,,,1,71,,582008,28,,,1,29,,582029,28,,,1,70,,582034,28,,,1,30,,582013,28,,,1,69,,582024,28,,,1,29,,582007,28,,,1,69,,582009,28,,,1,30,,582022,28,,,1,73,,582019,28,,,1,30,,582017,31,,,1,70,,582004,31,,,1,30,,582015,31,,,1,70,,582014,31,,,1,30,,582023,31,,,1,70,,582033,31,,,1,30,,582011,31,,,1,70,,582031,28,,,1,30,,582005,28,,,1,70,,582032,28,,,1,30,,582025,28,,,1,70,,582021,28,,,1,29,,582020,28,,,1,72,,582016,28,,,1,28,,582026,28,,,1,97,,582035,28,,,1,97,,582030,28,,,1
3501,'3-1',1009,,582039,31,,,1,31,,582037,31,,,1,70,,582048,31,,,1,30,,582045,31,,,1,101,,582046,31,,,1,70,,582055,31,,,1,30,,582044,31,,,1,100,,582042,31,,,1,70,,582038,31,,,1,30,,582050,31,,,1,70,,582053,31,,,1,30,,582041,31,,,1,70,,582054,31,,,1,30,,582056,31,,,1,70,,582051,31,,,1,99,,582040,31,,,1,100,,582043,31,,,1,100,,582049,31,,,1,100,,582052,31,,,1,100,,582047,31,,,1
3501,'4-1',1009,,582074,31,,,1,31,,582076,31,,,1,70,,582070,31,,,1,30,,582066,31,,,1,70,,582059,31,,,1,31,,582058,31,,,1,70,,582057,31,,,1,30,,582079,31,,,1,70,,582063,31,,,1,30,,582060,31,,,1,70,,582068,31,,,1,30,,582075,31,,,1,70,,582080,31,,,1,30,,582064,31,,,1,70,,582072,31,,,1,30,,582071,31,,,1,70,,582073,31,,,1,99,,582069,31,,,1,100,,582065,31,,,1,100,,582077,31,,,1,100,,582067,31,,,1,100,,582061,31,,,1,100,,582078,31,,,1,100,,582062,31,,,1
3501,'5-1',842,,582088,31,,,1,70,,582091,31,,,1,100,,582081,31,,,1,100,,582083,31,,,1,30,,582090,31,,,1,70,,582092,31,,,1,30,,582086,31,,,1,70,,582097,31,,,1,100,,582103,31,,,1,100,,582089,31,,,1,30,,582082,31,,,1,100,,582101,31,,,1,70,,582095,31,,,1,30,,582085,31,,,1,100,,582100,31,,,1,70,,582102,31,,,1,100,,582084,31,,,1,30,,582096,31,,,1,70,,582099,31,,,1,30,,582093,31,,,1,70,,582098,31,,,1,100,,582087,31,,,1,114,,582094,31,,,1
3501,'6-1',645,,582118,31,,,1,101,,582128,31,,,1,103,,582106,31,,,1,71,,582110,31,,,1,29,,582136,28,,,1,70,,582127,28,,,1,31,,582112,28,,,1,71,,582108,28,,,1,29,,582129,28,,,1,70,,582134,28,,,1,30,,582113,28,,,1,69,,582124,28,,,1,29,,582107,28,,,1,69,,582109,28,,,1,30,,582122,28,,,1,73,,582119,28,,,1,30,,582117,31,,,1,70,,582104,31,,,1,30,,582115,31,,,1,70,,582114,31,,,1,30,,582123,31,,,1,70,,582133,31,,,1,30,,582111,31,,,1,70,,582131,28,,,1,30,,582105,28,,,1,70,,582132,28,,,1,30,,582125,28,,,1,70,,582121,28,,,1,29,,582120,28,,,1,72,,582116,28,,,1,28,,582126,28,,,1,97,,582135,28,,,1,97,,582130,28,,,1
3501,'7-1',1009,,582139,31,,,1,31,,582137,31,,,1,70,,582148,31,,,1,30,,582145,31,,,1,101,,582146,31,,,1,70,,582155,31,,,1,30,,582144,31,,,1,100,,582142,31,,,1,70,,582138,31,,,1,30,,582150,31,,,1,70,,582153,31,,,1,30,,582141,31,,,1,70,,582154,31,,,1,30,,582156,31,,,1,70,,582151,31,,,1,99,,582140,31,,,1,100,,582143,31,,,1,100,,582149,31,,,1,100,,582152,31,,,1,100,,582147,31,,,1
3501,'8-1',645,,582171,31,,,1,101,,582181,31,,,1,103,,582159,31,,,1,71,,582163,31,,,1,29,,582189,28,,,1,70,,582180,28,,,1,31,,582165,28,,,1,71,,582161,28,,,1,29,,582182,28,,,1,70,,582187,28,,,1,30,,582166,28,,,1,69,,582177,28,,,1,29,,582160,28,,,1,69,,582162,28,,,1,30,,582175,28,,,1,73,,582172,28,,,1,30,,582170,31,,,1,70,,582157,31,,,1,30,,582168,31,,,1,70,,582167,31,,,1,30,,582176,31,,,1,70,,582186,31,,,1,30,,582164,31,,,1,70,,582184,28,,,1,30,,582158,28,,,1,70,,582185,28,,,1,30,,582178,28,,,1,70,,582174,28,,,1,29,,582173,28,,,1,72,,582169,28,,,1,28,,582179,28,,,1,97,,582188,28,,,1,97,,582183,28,,,1
3501,'9-1',842,,582207,31,,,1,70,,582212,31,,,1,30,,582210,31,,,1,70,,582203,31,,,1,30,,582192,31,,,1,70,,582193,31,,,1,30,,582201,31,,,1,70,,582213,31,,,1,30,,582191,31,,,1,70,,582199,31,,,1,30,,582218,31,,,1,70,,582195,31,,,1,30,,582190,31,,,1,70,,582209,31,,,1,30,,582215,31,,,1,70,,582219,31,,,1,30,,582194,31,,,1,70,,582217,31,,,1,30,,582202,31,,,1,70,,582214,31,,,1,30,,582200,31,,,1,70,,582211,31,,,1,30,,582197,31,,,1,70,,582198,31,,,1,30,,582206,31,,,1,70,,582204,31,,,1,30,,582205,31,,,1,70,,582208,31,,,1,100,,582216,31,,,1,114,,582196,31,,,1
