6801,'1-1',500,,508327,26,,,1,30,,508375,26,,,1,72,,508346,26,,,1,956,,508368,26,4,,1,63,,508352,26,4,,1,26,,508370,26,4,,1,60,,508371,26,4,,1,47,,508328,26,4,,1,65,,508366,26,4,,1
6801,'5-1',500,,508533,26,,,1,30,,508581,26,,,1,72,,508552,26,,,1,956,,508574,26,4,,1,63,,508558,26,4,,1,26,,508576,26,4,,1,60,,508577,26,4,,1,47,,508534,26,4,,1,65,,508572,26,4,,1
6801,'7-1',500,,508645,26,,,1,30,,508693,26,,,1,72,,508664,26,,,1,956,,508686,26,4,,1,63,,508670,26,4,,1,26,,508688,26,4,,1,60,,508689,26,4,,1,47,,508646,26,4,,1,65,,508684,26,4,,1
6801,'8-1',500,,508715,26,,,1,30,,508763,26,,,1,72,,508734,26,,,1,956,,508756,26,4,,1,63,,508740,26,4,,1,26,,508758,26,4,,1,60,,508759,26,4,,1,47,,508716,26,4,,1,65,,508754,26,4,,1
6801,'9-1',500,,508785,26,,,1,30,,508833,26,,,1,72,,508804,26,,,1,956,,508826,26,4,,1,63,,508810,26,4,,1,26,,508828,26,4,,1,60,,508829,26,4,,1,47,,508786,26,4,,1,65,,508824,26,4,,1
25600,'1-1',537,,529695,38,,,1,76,,529692,38,,,1,29,,529694,38,,,1,68,,529693,38,,,1,30,,529696,38,,,1,68,,529697,38,,,1,31,,529691,38,,,1
25600,'5-1',537,,529702,38,,,1,76,,529699,38,,,1,29,,529701,38,,,1,68,,529700,38,,,1,30,,529703,38,,,1,68,,529704,38,,,1,31,,529698,38,,,1
25600,'7-1',537,,529709,38,,,1,76,,529706,38,,,1,29,,529708,38,,,1,68,,529707,38,,,1,30,,529710,38,,,1,68,,529711,38,,,1,31,,529705,38,,,1
25600,'8-1',537,,529716,38,,,1,76,,529713,38,,,1,29,,529715,38,,,1,68,,529714,38,,,1,30,,529717,38,,,1,68,,529718,38,,,1,31,,529712,38,,,1
25600,'9-1',537,,529723,38,,,1,76,,529720,38,,,1,29,,529722,38,,,1,68,,529721,38,,,1,30,,529724,38,,,1,68,,529725,38,,,1,31,,529719,38,,,1
