701,'CanDay26-Sunday-12-1',721,,532252,65,,,1,25,,532253,65,,,1,71,,532254,65,,,1,30,,532255,65,,,1,72,,532256,65,,,1,30,,532257,65,,,1,61,,532258,65,,,1,20,,532259,65,,,1,18,,532260,65,,,1,55,,532261,65,,,1,15,,532262,65,,,1,15,,532263,65,,,1,15,,532264,65,,,1,55,,532265,65,,,1,15,,532266,65,,,1,15,,532267,65,,,1,18,,532268,65,,,1,50,,532269,65,,,1,10,,532287,65,,,1,10,,532270,65,,,1,10,,532271,65,,,1,11,,532288,65,,,1,9,,532272,65,,,1,50,,532273,65,,,1,10,,532319,65,,,1,10,,532274,65,,,1,10,,532275,65,,,1,10,,532289,65,,,1,10,,532276,65,,,1,50,,532277,65,,,1,10,,532326,65,,,1,10,,532278,65,,,1,10,,532279,65,,,1,10,,532280,65,,,1,10,,532317,65,,,1,50,,532290,65,,,1,10,,532302,65,,,1,10,,532314,65,,,1,10,,532291,65,,,1,10,,532303,65,,,1,9,,532315,65,,,1,50,,532292,65,,,1,10,,532304,65,,,1,10,,532293,65,,,1,10,,532305,65,,,1,10,,532294,65,,,1,10,,532306,65,,,1,50,,532295,65,,,1,10,,532321,65,,,1,10,,532322,65,,,1,10,,532307,65,,,1,10,,532296,65,,,1,8,,532324,65,,,1,10,,532325,65,,,1,50,,532308,65,,,1,10,,532297,65,,,1,10,,532309,65,,,1,10,,532298,65,,,1,10,,532310,65,,,1,10,,532299,65,,,1,50,,532327,65,,,1,10,,532311,65,,,1,10,,532300,65,,,1,10,,532312,65,,,1,7,,532316,65,,,1,10,,532323,65,,,1,50,,532301,65,,,1,10,,532328,65,,,1,10,,532313,65,,,1,10,,532318,65,,,1,18,,532281,65,,,1,70,,532282,65,,,1,27,,532283,65,,,1,70,,532284,65,,,1,30,,532285,65,,,1,70,,532286,65,,,1,30,,532320,65,,,1,70,,532329,65,,,1
701,'CivHol26-Saturday-07-1',549,,532401,7,,,1,84,,532399,36,,,1,70,,532400,36,,,1,25,,532330,65,,,1,30,,532331,65,,,1,71,,532332,65,,,1,72,,532333,65,,,1,30,,532334,65,,,1,71,,532335,65,,,1,30,,532336,65,,,1,71,,532338,65,,,1,25,,532340,65,,,1,24,,532342,65,,,1,64,,532344,65,,,1,24,,532346,65,,,1,15,,532347,65,,,1,52,,532348,65,,,1,12,,532349,65,,,1,13,,532350,65,,,1,12,,532351,65,,,1,13,,532352,65,,,1,52,,532353,65,,,1,12,,532354,65,,,1,12,,532355,65,,,1,12,,532356,65,,,1,12,,532357,65,,,1,52,,532358,65,,,1,12,,532359,65,,,1,12,,532360,65,,,1,12,,532361,65,,,1,12,,532362,65,,,1,52,,532363,65,,,1,12,,532364,65,,,1,12,,532365,65,,,1,12,,532366,65,,,1,12,,532367,65,,,1,52,,532368,65,,,1,12,,532369,65,,,1,12,,532370,65,,,1,12,,532371,65,,,1,12,,532372,65,,,1,52,,532373,65,,,1,12,,532374,65,,,1,12,,532375,65,,,1,12,,532376,65,,,1,9,,532377,65,,,1,64,,532379,65,,,1,24,,532381,65,,,1,69,,532383,65,,,1,30,,532385,65,,,1,67,,532387,65,,,1,15,,532388,65,,,1,15,,532389,65,,,1,15,,532390,65,,,1,55,,532391,65,,,1,24,,532392,65,,,1,27,,532393,65,,,1,70,,532394,65,,,1,30,,532395,65,,,1,70,,532396,65,,,1,30,,532397,65,,,1,76,,532398,65,,,1
701,'JUNDA26-Weekday-06-1',530,,532447,36,,,1,83,,532442,36,,,1,34,,532443,36,,,1,12,,532402,65,,,1,66,,532403,65,,,1,15,,532404,65,,,1,16,,532405,65,,,1,56,,532406,65,,,1,18,,532467,65,,,1,21,,532407,65,,,1,57,,532468,65,,,1,10,,532408,65,,,1,15,,532409,65,,,1,14,,532458,65,,,1,55,,532410,65,,,1,15,,532411,65,,,1,16,,532412,65,,,1,15,,532413,65,,,1,55,,532414,65,,,1,15,,532415,65,,,1,15,,532416,65,,,1,15,,532417,65,,,1,55,,532418,65,,,1,15,,532419,65,,,1,16,,532420,65,,,1,14,,532459,65,,,1,58,,532421,65,,,1,16,,532422,65,,,1,15,,532423,65,,,1,17,,532424,65,,,1,55,,532425,65,,,1,15,,532426,65,,,1,15,,532427,65,,,1,15,,532461,65,,,1,55,,532428,65,,,1,15,,532429,65,,,1,21,,532460,65,,,1,55,,532444,65,,,1,13,,532430,65,,,1,15,,532431,65,,,1,14,,532464,65,,,1,14,,532432,65,,,1,58,,532433,65,,,1,14,,532463,65,,,1,17,,532445,65,,,1,13,,532462,65,,,1,67,,532434,65,,,1,12,,532435,65,,,1,13,,532436,65,,,1,54,,532437,65,,,1,15,,532438,65,,,1,14,,532465,65,,,1,13,,532450,65,,,1,55,,532457,65,,,1,12,,532448,65,,,1,25,,532439,65,,,1,69,,532440,65,,,1,28,,532441,65,,,1,69,,532451,65,,,1,27,,532466,65,,,1,28,,532454,65,,,1,68,,532456,65,,,1,28,,532452,65,,,1,76,,532449,65,,,1,17,,532453,65,,,1,70,,532455,65,,,1,30,,532446,65,,,1
701,'JUNSA26-Saturday-07-1',549,,532539,7,,,1,84,,532537,36,,,1,70,,532538,36,,,1,25,,532469,65,,,1,30,,532470,65,,,1,71,,532471,65,,,1,72,,532472,65,,,1,30,,532473,65,,,1,71,,532474,65,,,1,30,,532475,65,,,1,71,,532477,65,,,1,25,,532479,65,,,1,24,,532481,65,,,1,64,,532483,65,,,1,24,,532485,65,,,1,15,,532486,65,,,1,52,,532487,65,,,1,12,,532488,65,,,1,13,,532489,65,,,1,12,,532490,65,,,1,13,,532491,65,,,1,52,,532492,65,,,1,12,,532493,65,,,1,12,,532494,65,,,1,12,,532495,65,,,1,12,,532496,65,,,1,52,,532497,65,,,1,12,,532498,65,,,1,12,,532499,65,,,1,12,,532500,65,,,1,12,,532501,65,,,1,52,,532502,65,,,1,12,,532503,65,,,1,12,,532504,65,,,1,12,,532505,65,,,1,12,,532506,65,,,1,52,,532507,65,,,1,12,,532508,65,,,1,12,,532509,65,,,1,12,,532510,65,,,1,12,,532511,65,,,1,52,,532512,65,,,1,12,,532513,65,,,1,12,,532514,65,,,1,12,,532515,65,,,1,73,,532517,65,,,1,24,,532519,65,,,1,69,,532521,65,,,1,30,,532523,65,,,1,67,,532525,65,,,1,15,,532526,65,,,1,15,,532527,65,,,1,15,,532528,65,,,1,55,,532529,65,,,1,24,,532530,65,,,1,27,,532531,65,,,1,70,,532532,65,,,1,30,,532533,65,,,1,70,,532534,65,,,1,30,,532535,65,,,1,76,,532536,65,,,1
701,'JUNSU26-Sunday-05-1',721,,532540,65,,,1,25,,532541,65,,,1,71,,532542,65,,,1,30,,532543,65,,,1,72,,532544,65,,,1,30,,532545,65,,,1,81,,532547,65,,,1,73,,532549,65,,,1,100,,532552,65,,,1,30,,532554,65,,,1,73,,532556,65,,,1,30,,532558,65,,,1,70,,532559,65,,,1,30,,532561,65,,,1,70,,532563,65,,,1,24,,532565,65,,,1,24,,532566,65,,,1,64,,532568,65,,,1,24,,532570,65,,,1,87,,532573,65,,,1,24,,532575,65,,,1,64,,532577,65,,,1,86,,532580,65,,,1,30,,532581,65,,,1,70,,532583,65,,,1,30,,532585,65,,,1,67,,532586,65,,,1,23,,532587,65,,,1,100,,532588,65,,,1,27,,532589,65,,,1,70,,532590,65,,,1,100,,532591,65,,,1
701,'RBJul03-Weekday-01-1',530,,532637,36,,,1,83,,532632,36,,,1,34,,532633,36,,,1,12,,532592,65,,,1,66,,532593,65,,,1,15,,532594,65,,,1,16,,532595,65,,,1,56,,532596,65,,,1,18,,532657,65,,,1,21,,532597,65,,,1,57,,532658,65,,,1,10,,532598,65,,,1,15,,532599,65,,,1,14,,532648,65,,,1,55,,532600,65,,,1,15,,532601,65,,,1,16,,532602,65,,,1,15,,532603,65,,,1,55,,532604,65,,,1,15,,532605,65,,,1,15,,532606,65,,,1,15,,532607,65,,,1,55,,532608,65,,,1,15,,532609,65,,,1,16,,532610,65,,,1,14,,532649,65,,,1,58,,532611,65,,,1,16,,532612,65,,,1,15,,532613,65,,,1,17,,532614,65,,,1,55,,532615,65,,,1,15,,532616,65,,,1,15,,532617,65,,,1,15,,532651,65,,,1,55,,532618,65,,,1,15,,532619,65,,,1,21,,532650,65,,,1,55,,532634,65,,,1,13,,532620,65,,,1,15,,532621,65,,,1,14,,532654,65,,,1,14,,532622,65,,,1,58,,532623,65,,,1,14,,532653,65,,,1,17,,532635,65,,,1,13,,532652,65,,,1,67,,532624,65,,,1,12,,532625,65,,,1,13,,532626,65,,,1,54,,532627,65,,,1,15,,532628,65,,,1,14,,532655,65,,,1,13,,532640,65,,,1,55,,532647,65,,,1,12,,532638,65,,,1,25,,532629,65,,,1,69,,532630,65,,,1,28,,532631,65,,,1,69,,532641,65,,,1,27,,532656,65,,,1,28,,532644,65,,,1,68,,532646,65,,,1,28,,532642,65,,,1,76,,532639,65,,,1,17,,532643,65,,,1,70,,532645,65,,,1,30,,532636,65,,,1
1400,'CanDay26-Sunday-12-1',732,,535644,48,,,1,102,,535645,48,,,1,76,,535646,48,,,1,31,,535647,48,,,1,70,,535648,48,,,1,33,,535649,48,,,1,71,,535650,48,,,1,30,,535651,48,,,1,70,,535652,48,,,1,33,,535653,48,,,1,70,,535654,48,,,1,28,,535655,48,,,1,69,,535656,48,,,1,30,,535657,48,,,1,70,,535658,48,,,1,30,,535659,48,,,1,70,,535660,48,,,1,30,,535661,48,,,1,69,,535662,48,,,1,30,,535663,48,,,1,70,,535664,48,,,1,30,,535665,48,,,1,69,,535666,48,,,1,30,,535667,48,,,1,70,,535668,48,,,1,30,,535669,48,,,1,70,,535675,48,,,1,30,,535670,48,,,1,70,,535676,48,,,1,28,,535671,48,,,1,68,,535677,48,,,1,30,,535672,48,,,1,70,,535678,48,,,1,100,,535673,48,,,1,30,,535674,48,,,1
1400,'CivHol26-Saturday-07-1',637,,535679,48,,,1,70,,535680,48,,,1,30,,535681,48,,,1,70,,535682,48,,,1,33,,535683,48,,,1,70,,535684,48,,,1,31,,535685,48,,,1,70,,535686,48,,,1,33,,535687,48,,,1,71,,535688,48,,,1,30,,535689,48,,,1,70,,535690,48,,,1,33,,535691,48,,,1,55,,535692,48,,,1,15,,535693,48,,,1,15,,535694,48,,,1,15,,535695,48,,,1,55,,535696,48,,,1,15,,535697,48,,,1,15,,535698,48,,,1,15,,535699,48,,,1,55,,535700,48,,,1,15,,535701,48,,,1,15,,535702,48,,,1,15,,535703,48,,,1,55,,535704,48,,,1,15,,535705,48,,,1,15,,535706,48,,,1,14,,535707,48,,,1,55,,535708,48,,,1,15,,535709,48,,,1,15,,535710,48,,,1,15,,535711,48,,,1,55,,535712,48,,,1,15,,535713,48,,,1,15,,535714,48,,,1,14,,535715,48,,,1,70,,535716,48,,,1,30,,535717,48,,,1,70,,535718,48,,,1,27,,535719,48,,,1,70,,535720,48,,,1,30,,535721,48,,,1,70,,535722,48,,,1,28,,535723,48,,,1,68,,535724,48,,,1,30,,535725,48,,,1,70,,535726,48,,,1,30,,535727,48,,,1,70,,535728,48,,,1,32,,535729,48,,,1
1400,'JUNDA26-Weekday-06-1',630,,535766,48,,,1,15,,535730,48,,,1,55,,535731,48,,,1,15,,535774,48,,,1,20,,535773,48,,,1,16,,535732,48,,,1,55,,535790,48,,,1,22,,535767,48,,,1,15,,535733,48,,,1,59,,535734,48,,,1,13,,535775,48,,,1,17,,535769,48,,,1,15,,535758,48,,,1,9,,535763,48,,,1,55,,535735,48,,,1,17,,535736,48,,,1,14,,535737,48,,,1,12,,535738,48,,,1,55,,535739,48,,,1,17,,535740,48,,,1,15,,535786,48,,,1,14,,535757,48,,,1,55,,535762,48,,,1,15,,535741,48,,,1,15,,535742,48,,,1,17,,535743,48,,,1,55,,535744,48,,,1,15,,535745,48,,,1,15,,535785,48,,,1,15,,535768,48,,,1,55,,535784,48,,,1,15,,535746,48,,,1,15,,535755,48,,,1,16,,535747,48,,,1,53,,535748,48,,,1,15,,535787,48,,,1,15,,535749,48,,,1,15,,535777,48,,,1,55,,535788,48,,,1,15,,535782,48,,,1,13,,535791,48,,,1,16,,535750,48,,,1,54,,535751,48,,,1,16,,535764,48,,,1,15,,535752,48,,,1,15,,535753,48,,,1,57,,535778,48,,,1,15,,535789,48,,,1,14,,535776,48,,,1,69,,535754,48,,,1,25,,535781,48,,,1,72,,535759,48,,,1,28,,535779,48,,,1,70,,535770,48,,,1,26,,535783,48,,,1,27,,535760,48,,,1,70,,535780,48,,,1,30,,535771,48,,,1,70,,535772,48,,,1,23,,535761,48,,,1,70,,535756,48,,,1,30,,535765,48,,,1
1400,'JUNSA26-Saturday-07-1',637,,535792,48,,,1,70,,535793,48,,,1,30,,535794,48,,,1,70,,535795,48,,,1,33,,535796,48,,,1,70,,535797,48,,,1,31,,535798,48,,,1,70,,535799,48,,,1,33,,535800,48,,,1,71,,535801,48,,,1,30,,535802,48,,,1,70,,535803,48,,,1,33,,535804,48,,,1,55,,535805,48,,,1,15,,535806,48,,,1,15,,535807,48,,,1,15,,535808,48,,,1,55,,535809,48,,,1,15,,535810,48,,,1,15,,535811,48,,,1,15,,535812,48,,,1,55,,535813,48,,,1,15,,535814,48,,,1,15,,535815,48,,,1,15,,535816,48,,,1,70,,535817,48,,,1,15,,535818,48,,,1,14,,535819,48,,,1,55,,535820,48,,,1,15,,535821,48,,,1,15,,535822,48,,,1,15,,535823,48,,,1,70,,535824,48,,,1,15,,535825,48,,,1,84,,535826,48,,,1,30,,535827,48,,,1,70,,535828,48,,,1,97,,535829,48,,,1,30,,535830,48,,,1,70,,535831,48,,,1,28,,535832,48,,,1,68,,535833,48,,,1,30,,535834,48,,,1,70,,535835,48,,,1,30,,535836,48,,,1,70,,535837,48,,,1,32,,535838,48,,,1
1400,'JUNSU26-Sunday-05-1',732,,535839,48,,,1,102,,535840,48,,,1,76,,535841,48,,,1,31,,535842,48,,,1,70,,535843,48,,,1,33,,535844,48,,,1,71,,535845,48,,,1,30,,535846,48,,,1,70,,535847,48,,,1,33,,535848,48,,,1,70,,535849,48,,,1,28,,535850,48,,,1,69,,535851,48,,,1,100,,535852,48,,,1,100,,535853,48,,,1,30,,535854,48,,,1,69,,535855,48,,,1,100,,535856,48,,,1,30,,535857,48,,,1,69,,535858,48,,,1,100,,535859,48,,,1,30,,535860,48,,,1,100,,535861,48,,,1,98,,535862,48,,,1,98,,535863,48,,,1,100,,535864,48,,,1
1400,'RBJul03-Weekday-01-1',630,,535901,48,,,1,15,,535865,48,,,1,55,,535866,48,,,1,15,,535909,48,,,1,20,,535908,48,,,1,16,,535867,48,,,1,55,,535925,48,,,1,22,,535902,48,,,1,15,,535868,48,,,1,59,,535869,48,,,1,13,,535910,48,,,1,17,,535904,48,,,1,15,,535893,48,,,1,9,,535898,48,,,1,55,,535870,48,,,1,17,,535871,48,,,1,14,,535872,48,,,1,12,,535873,48,,,1,55,,535874,48,,,1,17,,535875,48,,,1,15,,535921,48,,,1,14,,535892,48,,,1,55,,535897,48,,,1,15,,535876,48,,,1,15,,535877,48,,,1,17,,535878,48,,,1,55,,535879,48,,,1,15,,535880,48,,,1,15,,535920,48,,,1,15,,535903,48,,,1,55,,535919,48,,,1,15,,535881,48,,,1,15,,535890,48,,,1,16,,535882,48,,,1,53,,535883,48,,,1,15,,535922,48,,,1,15,,535884,48,,,1,15,,535912,48,,,1,55,,535923,48,,,1,15,,535917,48,,,1,13,,535926,48,,,1,16,,535885,48,,,1,54,,535886,48,,,1,16,,535899,48,,,1,15,,535887,48,,,1,15,,535888,48,,,1,57,,535913,48,,,1,15,,535924,48,,,1,14,,535911,48,,,1,69,,535889,48,,,1,25,,535916,48,,,1,72,,535894,48,,,1,28,,535914,48,,,1,70,,535905,48,,,1,26,,535918,48,,,1,27,,535895,48,,,1,70,,535915,48,,,1,30,,535906,48,,,1,70,,535907,48,,,1,23,,535896,48,,,1,70,,535891,48,,,1,30,,535900,48,,,1
