1101,'1-1',512,,570496,31,0,56 57,1,32,,570479,31,0,56 57,1,73,,570478,31,0,56 57,1,29,,570482,31,0,56 57,1,57,,570515,31,0,56 57,1,17,,570476,31,0,56 57,1,14,,570489,31,0,56 57,1,22,,570499,31,0,56 57,1,58,,570493,31,,,1,21,,570487,31,0,56 57,1,20,,570511,31,,,1,58,,570508,31,0,56 57,1,19,,570485,31,,,1,13,,570481,31,0,56 57,1,55,,570472,31,,,1,11,,570498,31,0,56 57,1,17,,570533,31,,,1,9,,570503,31,,,1,12,,570512,31,0,56 57,1,57,,570475,31,0,56 57,1,14,,570532,31,,,1,15,,570523,31,0,56 57,1,16,,570473,31,,,1,57,,570477,31,0,56 57,1,15,,570535,31,,,1,16,,570474,31,0,56 57,1,17,,570495,31,,,1,56,,570531,31,0,56 57,1,14,,570526,31,,,1,13,,570517,31,0,56 57,1,15,,570492,31,,,1,55,,570471,31,0,56 57,1,15,,570501,31,,,1,15,,570509,31,0,56 57,1,18,,570521,31,,,1,54,,570486,31,0,56 57,1,17,,570516,31,,,1,13,,570514,31,0,56 57,1,17,,570520,31,,,1,56,,570529,31,0,56 57,1,17,,570527,31,,,1,16,,570500,31,0,56 57,1,55,,570524,31,,,1,16,,570519,31,0,56 57,1,11,,570490,31,,,1,27,,570513,31,,,1,55,,570530,31,0,56 57,1,13,,570488,31,,,1,15,,570504,31,0,56 57,1,13,,570505,31,0,56 57,1,55,,570502,31,,,1,14,,570528,31,,,1,25,,570525,31,,,1,65,,570480,31,,,1,24,,570491,31,,,1,65,,570494,31,0,56 57,1,29,,570483,31,0,56 57,1,25,,570506,31,0,56 57,1,67,,570497,31,0,56 57,1,30,,570510,31,0,56 57,1,68,,570518,31,0,56 57,1,27,,570522,31,0,56 57,1,70,,570507,31,0,56 57,1,30,,570534,31,0,56 57,1,70,,570484,31,0,56 57,1
1101,'10-1',512,,570580,31,0,56 57,1,32,,570558,31,0,56 57,1,73,,570577,31,0,56 57,1,29,,570543,31,0,56 57,1,57,,570561,31,0,56 57,1,17,,570553,31,0,56 57,1,14,,570536,31,0,56 57,1,22,,570599,31,0,56 57,1,58,,570583,31,,,1,21,,570559,31,0,56 57,1,20,,570594,31,,,1,58,,570576,31,0,56 57,1,19,,570600,31,,,1,13,,570548,31,0,56 57,1,55,,570571,31,,,1,11,,570566,31,0,56 57,1,17,,570557,31,,,1,9,,570538,31,,,1,12,,570572,31,0,56 57,1,57,,570585,31,0,56 57,1,14,,570596,31,,,1,15,,570549,31,0,56 57,1,16,,570595,31,,,1,57,,570556,31,0,56 57,1,15,,570544,31,,,1,16,,570587,31,0,56 57,1,17,,570592,31,,,1,56,,570597,31,0,56 57,1,14,,570555,31,,,1,13,,570550,31,0,56 57,1,15,,570552,31,,,1,55,,570565,31,0,56 57,1,15,,570588,31,,,1,15,,570586,31,0,56 57,1,18,,570581,31,,,1,54,,570560,31,0,56 57,1,17,,570568,31,,,1,13,,570584,31,0,56 57,1,17,,570537,31,,,1,56,,570573,31,0,56 57,1,17,,570554,31,,,1,16,,570562,31,0,56 57,1,55,,570570,31,,,1,16,,570575,31,0,56 57,1,11,,570547,31,,,1,27,,570591,31,,,1,55,,570589,31,0,56 57,1,13,,570545,31,,,1,15,,570567,31,0,56 57,1,13,,570569,31,0,56 57,1,55,,570563,31,,,1,14,,570540,31,,,1,25,,570542,31,,,1,65,,570551,31,,,1,24,,570578,31,,,1,65,,570582,31,0,56 57,1,29,,570546,31,0,56 57,1,25,,570598,31,0,56 57,1,67,,570564,31,0,56 57,1,30,,570574,31,0,56 57,1,68,,570541,31,0,56 57,1,27,,570590,31,0,56 57,1,70,,570579,31,0,56 57,1,30,,570593,31,0,56 57,1,70,,570539,31,0,56 57,1
1101,'11-1',512,,570645,31,0,56 57,1,32,,570623,31,0,56 57,1,73,,570642,31,0,56 57,1,29,,570608,31,0,56 57,1,57,,570626,31,0,56 57,1,17,,570618,31,0,56 57,1,14,,570601,31,0,56 57,1,22,,570664,31,0,56 57,1,58,,570648,31,,,1,21,,570624,31,0,56 57,1,20,,570659,31,,,1,58,,570641,31,0,56 57,1,19,,570665,31,,,1,13,,570613,31,0,56 57,1,55,,570636,31,,,1,11,,570631,31,0,56 57,1,17,,570622,31,,,1,9,,570603,31,,,1,12,,570637,31,0,56 57,1,57,,570650,31,0,56 57,1,14,,570661,31,,,1,15,,570614,31,0,56 57,1,16,,570660,31,,,1,57,,570621,31,0,56 57,1,15,,570609,31,,,1,16,,570652,31,0,56 57,1,17,,570657,31,,,1,56,,570662,31,0,56 57,1,14,,570620,31,,,1,13,,570615,31,0,56 57,1,15,,570617,31,,,1,55,,570630,31,0,56 57,1,15,,570653,31,,,1,15,,570651,31,0,56 57,1,18,,570646,31,,,1,54,,570625,31,0,56 57,1,17,,570633,31,,,1,13,,570649,31,0,56 57,1,17,,570602,31,,,1,56,,570638,31,0,56 57,1,17,,570619,31,,,1,16,,570627,31,0,56 57,1,55,,570635,31,,,1,16,,570640,31,0,56 57,1,11,,570612,31,,,1,27,,570656,31,,,1,55,,570654,31,0,56 57,1,13,,570610,31,,,1,15,,570632,31,0,56 57,1,13,,570634,31,0,56 57,1,55,,570628,31,,,1,14,,570605,31,,,1,25,,570607,31,,,1,65,,570616,31,,,1,24,,570643,31,,,1,65,,570647,31,0,56 57,1,29,,570611,31,0,56 57,1,25,,570663,31,0,56 57,1,67,,570629,31,0,56 57,1,30,,570639,31,0,56 57,1,68,,570606,31,0,56 57,1,27,,570655,31,0,56 57,1,70,,570644,31,0,56 57,1,30,,570658,31,0,56 57,1,70,,570604,31,0,56 57,1
1101,'2-1',512,,570710,31,0,56 57,1,32,,570688,31,0,56 57,1,73,,570707,31,0,56 57,1,29,,570673,31,0,56 57,1,57,,570691,31,0,56 57,1,17,,570683,31,0,56 57,1,14,,570666,31,0,56 57,1,22,,570729,31,0,56 57,1,58,,570713,31,,,1,21,,570689,31,0,56 57,1,20,,570724,31,,,1,58,,570706,31,0,56 57,1,19,,570730,31,,,1,13,,570678,31,0,56 57,1,55,,570701,31,,,1,11,,570696,31,0,56 57,1,17,,570687,31,,,1,9,,570668,31,,,1,12,,570702,31,0,56 57,1,57,,570715,31,0,56 57,1,14,,570726,31,,,1,15,,570679,31,0,56 57,1,16,,570725,31,,,1,57,,570686,31,0,56 57,1,15,,570674,31,,,1,16,,570717,31,0,56 57,1,17,,570722,31,,,1,56,,570727,31,0,56 57,1,14,,570685,31,,,1,13,,570680,31,0,56 57,1,15,,570682,31,,,1,55,,570695,31,0,56 57,1,15,,570718,31,,,1,15,,570716,31,0,56 57,1,18,,570711,31,,,1,54,,570690,31,0,56 57,1,17,,570698,31,,,1,13,,570714,31,0,56 57,1,17,,570667,31,,,1,56,,570703,31,0,56 57,1,17,,570684,31,,,1,16,,570692,31,0,56 57,1,55,,570700,31,,,1,16,,570705,31,0,56 57,1,11,,570677,31,,,1,27,,570721,31,,,1,55,,570719,31,0,56 57,1,13,,570675,31,,,1,15,,570697,31,0,56 57,1,13,,570699,31,0,56 57,1,55,,570693,31,,,1,14,,570670,31,,,1,25,,570672,31,,,1,65,,570681,31,,,1,24,,570708,31,,,1,65,,570712,31,0,56 57,1,29,,570676,31,0,56 57,1,25,,570728,31,0,56 57,1,67,,570694,31,0,56 57,1,30,,570704,31,0,56 57,1,68,,570671,31,0,56 57,1,27,,570720,31,0,56 57,1,70,,570709,31,0,56 57,1,30,,570723,31,0,56 57,1,70,,570669,31,0,56 57,1
1101,'3-1',714,,570762,31,0,56 57,1,30,,570763,31,0,56 57,1,70,,570741,31,0,56 57,1,32,,570745,31,,,1,70,,570754,31,,,1,31,,570732,31,,,1,70,,570761,31,,,1,32,,570755,31,,,1,71,,570758,31,,,1,30,,570756,31,,,1,70,,570735,31,,,1,30,,570737,31,,,1,70,,570736,31,,,1,30,,570742,31,,,1,70,,570753,31,,,1,30,,570747,31,,,1,70,,570748,31,,,1,30,,570760,31,,,1,70,,570750,31,,,1,29,,570731,31,,,1,70,,570738,31,,,1,30,,570757,31,,,1,70,,570743,31,0,56 57,1,100,,570744,31,0,56 57,1,29,,570764,31,0,56 57,1,67,,570759,31,0,56 57,1,31,,570751,31,0,56 57,1,70,,570749,31,0,56 57,1,30,,570765,31,0,56 57,1,70,,570746,31,0,56 57,1,30,,570739,31,0,56 57,1,70,,570752,31,0,56 57,1,30,,570734,31,0,56 57,1,70,,570733,31,0,56 57,1,30,,570740,31,0,56 57,1
1101,'4-1',714,,570794,31,0,56 57,1,30,,570795,31,0,56 57,1,70,,570820,31,0,56 57,1,32,,570788,31,,,1,70,,570808,31,,,1,31,,570830,31,,,1,70,,570767,31,,,1,32,,570779,31,,,1,71,,570815,31,,,1,15,,570840,31,0,56 57,1,15,,570797,31,,,1,55,,570841,31,0,56 57,1,15,,570828,31,,,1,15,,570819,31,0,56 57,1,15,,570835,31,,,1,60,,570827,31,,,1,20,,570833,31,,,1,20,,570774,31,,,1,60,,570829,31,,,1,20,,570771,31,,,1,20,,570822,31,,,1,60,,570803,31,,,1,20,,570831,31,,,1,20,,570807,31,,,1,60,,570772,31,,,1,20,,570842,31,,,1,19,,570834,31,,,1,60,,570821,31,,,1,20,,570837,31,,,1,20,,570793,31,,,1,60,,570811,31,,,1,20,,570781,31,,,1,20,,570810,31,,,1,60,,570773,31,,,1,20,,570777,31,,,1,19,,570770,31,,,1,60,,570785,31,,,1,20,,570782,31,,,1,18,,570813,31,,,1,60,,570838,31,,,1,10,,570766,31,0,56 57,1,15,,570826,31,0,56 57,1,15,,570783,31,0,56 57,1,55,,570836,31,0,56 57,1,15,,570814,31,0,56 57,1,15,,570800,31,0,56 57,1,15,,570780,31,0,56 57,1,55,,570784,31,0,56 57,1,15,,570801,31,0,56 57,1,30,,570816,31,0,56 57,1,70,,570789,31,0,56 57,1,30,,570812,31,0,56 57,1
1101,'5-1',545,,570874,31,0,56 57,1,70,,570864,31,0,56 57,1,30,,570869,31,0,56 57,1,70,,570848,31,0,56 57,1,30,,570863,31,0,56 57,1,70,,570856,31,,,1,32,,570857,31,,,1,70,,570852,31,,,1,31,,570855,31,,,1,70,,570871,31,,,1,32,,570868,31,,,1,103,,570849,31,,,1,70,,570862,31,,,1,30,,570847,31,,,1,70,,570859,31,,,1,30,,570854,31,,,1,70,,570867,31,,,1,30,,570844,31,,,1,100,,570850,31,,,1,99,,570858,31,,,1,70,,570851,31,,,1,100,,570845,31,,,1,100,,570846,31,,,1,29,,570866,31,,,1,103,,570872,31,0,56 57,1,103,,570873,31,0,56 57,1,71,,570875,31,0,56 57,1,31,,570865,31,0,56 57,1,71,,570861,31,0,56 57,1,71,,570843,31,0,56 57,1,31,,570853,31,0,56 57,1,71,,570860,31,0,56 57,1,30,,570870,31,0,56 57,1
1101,'6-1',512,,570920,31,0,56 57,1,32,,570898,31,0,56 57,1,73,,570917,31,0,56 57,1,29,,570883,31,0,56 57,1,57,,570901,31,0,56 57,1,17,,570893,31,0,56 57,1,14,,570876,31,0,56 57,1,22,,570939,31,0,56 57,1,58,,570923,31,,,1,21,,570899,31,0,56 57,1,20,,570934,31,,,1,58,,570916,31,0,56 57,1,19,,570940,31,,,1,13,,570888,31,0,56 57,1,55,,570911,31,,,1,11,,570906,31,0,56 57,1,17,,570897,31,,,1,9,,570878,31,,,1,12,,570912,31,0,56 57,1,57,,570925,31,0,56 57,1,14,,570936,31,,,1,15,,570889,31,0,56 57,1,16,,570935,31,,,1,57,,570896,31,0,56 57,1,15,,570884,31,,,1,16,,570927,31,0,56 57,1,17,,570932,31,,,1,56,,570937,31,0,56 57,1,14,,570895,31,,,1,13,,570890,31,0,56 57,1,15,,570892,31,,,1,55,,570905,31,0,56 57,1,15,,570928,31,,,1,15,,570926,31,0,56 57,1,18,,570921,31,,,1,54,,570900,31,0,56 57,1,17,,570908,31,,,1,13,,570924,31,0,56 57,1,17,,570877,31,,,1,56,,570913,31,0,56 57,1,17,,570894,31,,,1,16,,570902,31,0,56 57,1,55,,570910,31,,,1,16,,570915,31,0,56 57,1,11,,570887,31,,,1,27,,570931,31,,,1,55,,570929,31,0,56 57,1,13,,570885,31,,,1,15,,570907,31,0,56 57,1,13,,570909,31,0,56 57,1,55,,570903,31,,,1,14,,570880,31,,,1,25,,570882,31,,,1,65,,570891,31,,,1,24,,570918,31,,,1,65,,570922,31,0,56 57,1,29,,570886,31,0,56 57,1,25,,570938,31,0,56 57,1,67,,570904,31,0,56 57,1,30,,570914,31,0,56 57,1,68,,570881,31,0,56 57,1,27,,570930,31,0,56 57,1,70,,570919,31,0,56 57,1,30,,570933,31,0,56 57,1,70,,570879,31,0,56 57,1
1101,'7-1',714,,570972,31,0,56 57,1,30,,570973,31,0,56 57,1,70,,570951,31,0,56 57,1,32,,570955,31,,,1,70,,570964,31,,,1,31,,570942,31,,,1,70,,570971,31,,,1,32,,570965,31,,,1,71,,570968,31,,,1,30,,570966,31,,,1,70,,570945,31,,,1,30,,570947,31,,,1,70,,570946,31,,,1,30,,570952,31,,,1,70,,570963,31,,,1,30,,570957,31,,,1,70,,570958,31,,,1,30,,570970,31,,,1,70,,570960,31,,,1,29,,570941,31,,,1,70,,570948,31,,,1,30,,570967,31,,,1,70,,570953,31,0,56 57,1,100,,570954,31,0,56 57,1,29,,570974,31,0,56 57,1,67,,570969,31,0,56 57,1,31,,570961,31,0,56 57,1,70,,570959,31,0,56 57,1,30,,570975,31,0,56 57,1,70,,570956,31,0,56 57,1,30,,570949,31,0,56 57,1,70,,570962,31,0,56 57,1,30,,570944,31,0,56 57,1,70,,570943,31,0,56 57,1,30,,570950,31,0,56 57,1
1101,'8-1',512,,571020,31,0,56 57,1,32,,570998,31,0,56 57,1,73,,571017,31,0,56 57,1,29,,570983,31,0,56 57,1,57,,571001,31,0,56 57,1,17,,570993,31,0,56 57,1,14,,570976,31,0,56 57,1,22,,571039,31,0,56 57,1,58,,571023,31,,,1,21,,570999,31,0,56 57,1,20,,571034,31,,,1,58,,571016,31,0,56 57,1,19,,571040,31,,,1,13,,570988,31,0,56 57,1,55,,571011,31,,,1,11,,571006,31,0,56 57,1,17,,570997,31,,,1,9,,570978,31,,,1,12,,571012,31,0,56 57,1,57,,571025,31,0,56 57,1,14,,571036,31,,,1,15,,570989,31,0,56 57,1,16,,571035,31,,,1,57,,570996,31,0,56 57,1,15,,570984,31,,,1,16,,571027,31,0,56 57,1,17,,571032,31,,,1,56,,571037,31,0,56 57,1,14,,570995,31,,,1,13,,570990,31,0,56 57,1,15,,570992,31,,,1,55,,571005,31,0,56 57,1,15,,571028,31,,,1,15,,571026,31,0,56 57,1,18,,571021,31,,,1,54,,571000,31,0,56 57,1,17,,571008,31,,,1,13,,571024,31,0,56 57,1,17,,570977,31,,,1,56,,571013,31,0,56 57,1,17,,570994,31,,,1,16,,571002,31,0,56 57,1,55,,571010,31,,,1,16,,571015,31,0,56 57,1,11,,570987,31,,,1,27,,571031,31,,,1,55,,571029,31,0,56 57,1,13,,570985,31,,,1,15,,571007,31,0,56 57,1,13,,571009,31,0,56 57,1,55,,571003,31,,,1,14,,570980,31,,,1,25,,570982,31,,,1,65,,570991,31,,,1,24,,571018,31,,,1,65,,571022,31,0,56 57,1,29,,570986,31,0,56 57,1,25,,571038,31,0,56 57,1,67,,571004,31,0,56 57,1,30,,571014,31,0,56 57,1,68,,570981,31,0,56 57,1,27,,571030,31,0,56 57,1,70,,571019,31,0,56 57,1,30,,571033,31,0,56 57,1,70,,570979,31,0,56 57,1
1101,'9-1',545,,571062,31,0,56 57,1,70,,571060,31,0,56 57,1,30,,571065,31,0,56 57,1,70,,571046,31,0,56 57,1,30,,571074,31,0,56 57,1,70,,571049,31,,,1,32,,571079,31,,,1,70,,571071,31,,,1,31,,571044,31,,,1,70,,571069,31,,,1,32,,571073,31,,,1,72,,571047,31,,,1,31,,571061,31,,,1,70,,571076,31,,,1,30,,571055,31,,,1,70,,571054,31,,,1,30,,571077,31,,,1,70,,571053,31,,,1,30,,571050,31,,,1,70,,571064,31,,,1,30,,571066,31,,,1,70,,571056,31,,,1,29,,571057,31,,,1,70,,571068,31,,,1,30,,571051,31,,,1,70,,571052,31,,,1,30,,571041,31,,,1,70,,571043,31,,,1,29,,571075,31,,,1,75,,571067,31,0,56 57,1,28,,571070,31,0,56 57,1,72,,571045,31,0,56 57,1,31,,571080,31,0,56 57,1,71,,571042,31,0,56 57,1,31,,571058,31,0,56 57,1,71,,571048,31,0,56 57,1,71,,571078,31,0,56 57,1,31,,571072,31,0,56 57,1,71,,571063,31,0,56 57,1,30,,571059,31,0,56 57,1
5101,'1-1',652,,592606,4,,,1,70,,592602,4,,,1,30,,592595,4,,,1,71,,592614,4,,,1,30,,592610,4,,,1,67,,592598,4,,,1,30,,592604,4,,,1,70,,592599,4,,,1,30,,592612,4,,,1,71,,592613,4,,,1,30,,592615,4,,,1,70,,592603,4,,,1,30,,592605,4,,,1,70,,592594,4,,,1,30,,592596,4,,,1,70,,592600,4,,,1,27,,592587,4,,,1,70,,592589,4,,,1,30,,592588,4,,,1,73,,592586,4,,,1,30,,592591,4,,,1,70,,592616,4,,,1,100,,592601,4,,,1,29,,592607,4,,,1,70,,592597,4,,,1,30,,592592,4,,,1,70,,592609,4,,,1,30,,592590,4,,,1,70,,592593,4,,,1,30,,592608,4,,,1,100,,592611,4,,,1
5101,'10-1',652,,592629,4,,,1,70,,592628,4,,,1,30,,592636,4,,,1,71,,592642,4,,,1,30,,592617,4,,,1,67,,592618,4,,,1,30,,592643,4,,,1,70,,592645,4,,,1,30,,592641,4,,,1,71,,592646,4,,,1,30,,592638,4,,,1,70,,592644,4,,,1,30,,592624,4,,,1,70,,592632,4,,,1,30,,592633,4,,,1,70,,592635,4,,,1,27,,592631,4,,,1,70,,592622,4,,,1,30,,592639,4,,,1,73,,592625,4,,,1,30,,592637,4,,,1,70,,592647,4,,,1,100,,592619,4,,,1,29,,592634,4,,,1,70,,592627,4,,,1,30,,592621,4,,,1,70,,592626,4,,,1,30,,592623,4,,,1,70,,592630,4,,,1,30,,592640,4,,,1,100,,592620,4,,,1
5101,'11-1',652,,592660,4,,,1,70,,592659,4,,,1,30,,592667,4,,,1,71,,592673,4,,,1,30,,592648,4,,,1,67,,592649,4,,,1,30,,592674,4,,,1,70,,592676,4,,,1,30,,592672,4,,,1,71,,592677,4,,,1,30,,592669,4,,,1,70,,592675,4,,,1,30,,592655,4,,,1,70,,592663,4,,,1,30,,592664,4,,,1,70,,592666,4,,,1,27,,592662,4,,,1,70,,592653,4,,,1,30,,592670,4,,,1,73,,592656,4,,,1,30,,592668,4,,,1,70,,592678,4,,,1,100,,592650,4,,,1,29,,592665,4,,,1,70,,592658,4,,,1,30,,592652,4,,,1,70,,592657,4,,,1,30,,592654,4,,,1,70,,592661,4,,,1,30,,592671,4,,,1,100,,592651,4,,,1
5101,'2-1',652,,592691,4,,,1,70,,592690,4,,,1,30,,592698,4,,,1,71,,592704,4,,,1,30,,592679,4,,,1,67,,592680,4,,,1,30,,592705,4,,,1,70,,592707,4,,,1,30,,592703,4,,,1,71,,592708,4,,,1,30,,592700,4,,,1,70,,592706,4,,,1,30,,592686,4,,,1,70,,592694,4,,,1,30,,592695,4,,,1,70,,592697,4,,,1,27,,592693,4,,,1,70,,592684,4,,,1,30,,592701,4,,,1,73,,592687,4,,,1,30,,592699,4,,,1,70,,592709,4,,,1,100,,592681,4,,,1,29,,592696,4,,,1,70,,592689,4,,,1,30,,592683,4,,,1,70,,592688,4,,,1,30,,592685,4,,,1,70,,592692,4,,,1,30,,592702,4,,,1,100,,592682,4,,,1
5101,'3-1',847,,592732,4,,,1,70,,592710,4,,,1,30,,592725,4,,,1,70,,592730,4,,,1,100,,592735,4,,,1,30,,592733,4,,,1,70,,592720,4,,,1,100,,592718,4,,,1,30,,592734,4,,,1,70,,592726,4,,,1,30,,592721,4,,,1,70,,592714,4,,,1,30,,592715,4,,,1,70,,592728,4,,,1,30,,592713,4,,,1,70,,592717,4,,,1,30,,592731,4,,,1,70,,592716,4,,,1,30,,592724,4,,,1,70,,592712,4,,,1,30,,592711,4,,,1,70,,592722,4,0,79,1,30,,592729,4,,,1,100,,592723,4,,,1,100,,592727,4,0,79,1,100,,592719,4,,,1
5101,'4-1',847,,592736,4,,,1,70,,592762,4,,,1,30,,592738,4,,,1,70,,592740,4,,,1,30,,592744,4,,,1,70,,592743,4,,,1,30,,592759,4,,,1,70,,592746,4,,,1,30,,592749,4,,,1,70,,592757,4,,,1,30,,592750,4,,,1,70,,592756,4,,,1,30,,592742,4,,,1,70,,592755,4,,,1,30,,592753,4,,,1,70,,592747,4,,,1,30,,592764,4,,,1,70,,592761,4,,,1,30,,592739,4,,,1,70,,592741,4,,,1,30,,592748,4,,,1,70,,592745,4,,,1,30,,592737,4,,,1,70,,592765,4,0,79,1,30,,592752,4,,,1,70,,592754,4,0,79,1,30,,592758,4,,,1,100,,592763,4,,,1,100,,592760,4,,,1,100,,592751,4,,,1
5101,'5-1',723,,592768,4,,,1,100,,592779,4,,,1,100,,592787,4,,,1,30,,592780,4,,,1,70,,592776,4,,,1,30,,592782,4,,,1,100,,592791,4,,,1,70,,592775,4,,,1,30,,592781,4,,,1,70,,592774,4,,,1,30,,592792,4,,,1,70,,592773,4,,,1,30,,592790,4,,,1,70,,592783,4,,,1,30,,592785,4,,,1,70,,592788,4,,,1,30,,592767,4,,,1,70,,592777,4,,,1,31,,592778,4,,,1,70,,592793,4,0,56 57,1,30,,592789,4,,,1,100,,592771,4,,,1,70,,592766,4,0,56 57,1,30,,592784,4,,,1,70,,592769,4,0,56 57,1,30,,592786,4,,,1,100,,592772,4,,,1,100,,592770,4,,,1
5101,'6-1',652,,592806,4,,,1,70,,592805,4,,,1,30,,592813,4,,,1,71,,592819,4,,,1,30,,592794,4,,,1,67,,592795,4,,,1,30,,592820,4,,,1,70,,592822,4,,,1,30,,592818,4,,,1,71,,592823,4,,,1,30,,592815,4,,,1,70,,592821,4,,,1,30,,592801,4,,,1,70,,592809,4,,,1,30,,592810,4,,,1,70,,592812,4,,,1,27,,592808,4,,,1,70,,592799,4,,,1,30,,592816,4,,,1,73,,592802,4,,,1,30,,592814,4,,,1,70,,592824,4,,,1,100,,592796,4,,,1,29,,592811,4,,,1,70,,592804,4,,,1,30,,592798,4,,,1,70,,592803,4,,,1,30,,592800,4,,,1,70,,592807,4,,,1,30,,592817,4,,,1,100,,592797,4,,,1
5101,'7-1',847,,592847,4,,,1,70,,592825,4,,,1,30,,592840,4,,,1,70,,592845,4,,,1,100,,592850,4,,,1,30,,592848,4,,,1,70,,592835,4,,,1,100,,592833,4,,,1,30,,592849,4,,,1,70,,592841,4,,,1,30,,592836,4,,,1,70,,592829,4,,,1,30,,592830,4,,,1,70,,592843,4,,,1,30,,592828,4,,,1,70,,592832,4,,,1,30,,592846,4,,,1,70,,592831,4,,,1,30,,592839,4,,,1,70,,592827,4,,,1,30,,592826,4,,,1,70,,592837,4,0,79,1,30,,592844,4,,,1,100,,592838,4,,,1,100,,592842,4,0,79,1,100,,592834,4,,,1
5101,'8-1',652,,592863,4,,,1,70,,592862,4,,,1,30,,592870,4,,,1,71,,592876,4,,,1,30,,592851,4,,,1,67,,592852,4,,,1,30,,592877,4,,,1,70,,592879,4,,,1,30,,592875,4,,,1,71,,592880,4,,,1,30,,592872,4,,,1,70,,592878,4,,,1,30,,592858,4,,,1,70,,592866,4,,,1,30,,592867,4,,,1,70,,592869,4,,,1,27,,592865,4,,,1,70,,592856,4,,,1,30,,592873,4,,,1,73,,592859,4,,,1,30,,592871,4,,,1,70,,592881,4,,,1,100,,592853,4,,,1,29,,592868,4,,,1,70,,592861,4,,,1,30,,592855,4,,,1,70,,592860,4,,,1,30,,592857,4,,,1,70,,592864,4,,,1,30,,592874,4,,,1,100,,592854,4,,,1
5101,'9-1',723,,592886,4,,,1,100,,592887,4,,,1,30,,592884,4,,,1,70,,592885,4,,,1,30,,592903,4,,,1,70,,592895,4,,,1,30,,592904,4,,,1,70,,592900,4,,,1,30,,592906,4,,,1,70,,592894,4,,,1,30,,592899,4,,,1,70,,592891,4,,,1,30,,592898,4,,,1,70,,592889,4,,,1,30,,592909,4,,,1,70,,592907,4,,,1,30,,592888,4,,,1,70,,592897,4,,,1,30,,592905,4,,,1,70,,592910,4,,,1,31,,592893,4,,,1,70,,592908,4,0,56 57,1,30,,592892,4,,,1,70,,592912,4,0,56 57,1,30,,592896,4,,,1,70,,592882,4,0,56 57,1,30,,592890,4,,,1,70,,592911,4,0,56 57,1,30,,592902,4,,,1,100,,592883,4,,,1,100,,592901,4,,,1
