22200,'1-1',634,,626230,27,,,1,73,,626231,27,,,1,28,,626229,27,,,1
22200,'10-1',634,,626232,27,,,1,73,,626234,27,,,1,28,,626233,27,,,1
22200,'11-1',634,,626235,27,,,1,73,,626237,27,,,1,28,,626236,27,,,1
22200,'2-1',634,,626238,27,,,1,73,,626240,27,,,1,28,,626239,27,,,1
22200,'6-1',634,,626241,27,,,1,73,,626243,27,,,1,28,,626242,27,,,1
22200,'8-1',634,,626244,27,,,1,73,,626246,27,,,1,28,,626245,27,,,1
22800,'1-1',618,,626350,61,,,1,34,,626349,61,,,1,78,,626351,61,,,1
22800,'10-1',618,,626353,61,,,1,34,,626354,61,,,1,78,,626352,61,,,1
22800,'11-1',618,,626356,61,,,1,34,,626357,61,,,1,78,,626355,61,,,1
22800,'2-1',618,,626359,61,,,1,34,,626360,61,,,1,78,,626358,61,,,1
22800,'6-1',618,,626362,61,,,1,34,,626363,61,,,1,78,,626361,61,,,1
22800,'8-1',618,,626365,61,,,1,34,,626366,61,,,1,78,,626364,61,,,1
