6200,'CanDay26-Sunday-12-1',720,,645240,17,,,1,30,,645241,17,,,1,70,,645242,17,,,1,30,,645243,17,,,1,70,,645244,17,,,1,30,,645245,17,,,1,70,,645246,17,,,1,30,,645247,17,,,1,70,,645248,17,,,1,30,,645249,17,,,1,70,,645250,17,,,1,30,,645251,17,,,1,70,,645252,17,,,1,30,,645253,17,,,1,70,,645254,17,,,1,30,,645255,17,,,1,70,,645256,17,,,1,30,,645257,17,,,1,70,,645258,17,,,1,30,,645259,17,,,1,70,,645260,17,,,1,30,,645261,17,,,1,70,,645262,17,,,1,30,,645263,17,,,1,70,,645264,17,,,1,30,,645265,17,,,1,70,,645266,17,,,1,30,,645267,17,,,1,70,,645268,17,,,1,30,,645269,17,,,1,70,,645270,17,,,1,30,,645271,17,,,1,70,,645290,17,,,1,30,,645291,17,,,1,70,,645292,17,,,1,30,,645293,17,,,1
6200,'CivHol26-Saturday-07-1',623,,645294,17,,,1,36,,645295,17,,,1,70,,645296,17,,,1,30,,645297,17,,,1,68,,645298,17,,,1,30,,645299,17,,,1,71,,645300,17,,,1,30,,645301,17,,,1,71,,645302,17,,,1,30,,645303,17,,,1,70,,645304,17,,,1,30,,645305,17,,,1,71,,645306,17,,,1,70,,645307,17,,,1,30,,645308,17,,,1,70,,645309,17,,,1,30,,645310,17,,,1,70,,645311,17,,,1,30,,645312,17,,,1,70,,645313,17,,,1,29,,645314,17,,,1,30,,645315,17,,,1,70,,645316,17,,,1,30,,645317,17,,,1,69,,645318,17,,,1,30,,645319,17,,,1,70,,645320,17,,,1,30,,645321,17,,,1,70,,645322,17,,,1,30,,645323,17,,,1,70,,645324,17,,,1,30,,645325,17,,,1,70,,645326,17,,,1
6200,'JUNDA26-Weekday-06-1',640,,645327,14,,,1,74,,645328,14,,,1,30,,645329,14,,,1,68,,645330,14,,,1,31,,645331,14,,,1,70,,645332,14,,,1,28,,645333,14,,,1,70,,645334,14,,,1,31,,645335,14,,,1,70,,645336,14,,,1,30,,645337,14,,,1,67,,645338,13,,,1,35,,645339,13,,,1,70,,645340,13,,,1,30,,645341,13,,,1,71,,645342,13,,,1,28,,645343,13,,,1,72,,645344,13,,,1,31,,645345,13,,,1,72,,645346,13,,,1,32,,645347,13,,,1,71,,645348,13,,,1,29,,645349,13,,,1,70,,645350,13,,,1,24,,645351,13,,,1,70,,645352,13,,,1,30,,645353,13,,,1,71,,645354,14,,,1,30,,645355,14,,,1,70,,645356,14,,,1,24,,645357,14,,,1,70,,645358,14,,,1,30,,645359,14,,,1,69,,645360,14,,,1,31,,645361,14,,,1,69,,645362,14,,,1
6200,'JUNSA26-Saturday-07-1',623,,645363,17,,,1,36,,645364,17,,,1,70,,645365,17,,,1,30,,645366,17,,,1,68,,645367,17,,,1,30,,645368,17,,,1,71,,645369,17,,,1,30,,645370,17,,,1,71,,645371,17,,,1,30,,645372,17,,,1,70,,645373,17,,,1,30,,645374,17,,,1,71,,645375,17,,,1,70,,645376,17,,,1,30,,645377,17,,,1,70,,645378,17,,,1,30,,645379,17,,,1,70,,645380,17,,,1,30,,645381,17,,,1,70,,645382,17,,,1,29,,645383,17,,,1,30,,645384,17,,,1,70,,645385,17,,,1,30,,645386,17,,,1,69,,645387,17,,,1,30,,645388,17,,,1,70,,645389,17,,,1,30,,645390,17,,,1,70,,645391,17,,,1,30,,645392,17,,,1,70,,645393,17,,,1,30,,645394,17,,,1,70,,645395,17,,,1
6200,'JUNSU26-Sunday-05-1',718,,645396,17,,,1,30,,645397,17,,,1,70,,645398,17,,,1,30,,645399,17,,,1,70,,645400,17,,,1,30,,645401,17,,,1,70,,645402,17,,,1,30,,645403,17,,,1,70,,645404,17,,,1,30,,645405,17,,,1,70,,645406,17,,,1,30,,645407,17,,,1,70,,645408,17,,,1,30,,645409,17,,,1,70,,645410,17,,,1,30,,645411,17,,,1,70,,645412,17,,,1,30,,645413,17,,,1,100,,645414,17,,,1,70,,645415,17,,,1,30,,645416,17,,,1,70,,645417,17,,,1,30,,645418,17,,,1,100,,645419,17,,,1,70,,645420,17,,,1,30,,645421,17,,,1,70,,645422,17,,,1,30,,645423,17,,,1,100,,645424,17,,,1
6200,'RBJul03-Weekday-01-1',640,,645425,14,,,1,74,,645426,14,,,1,30,,645427,14,,,1,68,,645428,14,,,1,31,,645429,14,,,1,70,,645430,14,,,1,28,,645431,14,,,1,70,,645432,14,,,1,31,,645433,14,,,1,70,,645434,14,,,1,30,,645435,14,,,1,67,,645436,13,,,1,35,,645437,13,,,1,70,,645438,13,,,1,30,,645439,13,,,1,71,,645440,13,,,1,28,,645441,13,,,1,72,,645442,13,,,1,31,,645443,13,,,1,72,,645444,13,,,1,32,,645445,13,,,1,71,,645446,13,,,1,29,,645447,13,,,1,70,,645448,13,,,1,24,,645449,13,,,1,70,,645450,13,,,1,30,,645451,13,,,1,71,,645452,14,,,1,30,,645453,14,,,1,70,,645454,14,,,1,24,,645455,14,,,1,70,,645456,14,,,1,30,,645457,14,,,1,69,,645458,14,,,1,31,,645459,14,,,1,69,,645460,14,,,1
26100,'JUNDA26-Weekday-06-1',552,,659860,20,,,1,87,,659861,20,,,1,76,,659862,20,,,1,99,,659863,20,,,1
26100,'RBJul03-Weekday-01-1',552,,659864,20,,,1,87,,659865,20,,,1,76,,659866,20,,,1,99,,659867,20,,,1
26300,'JUNDA26-Weekday-06-1',616,,659894,36,,,1,104,,659896,36,,,1,100,,659895,36,,,1
26300,'RBJul03-Weekday-01-1',616,,659897,36,,,1,104,,659899,36,,,1,100,,659898,36,,,1
26600,'JUNDA26-Weekday-06-1',549,,659934,30,,,1,82,,659935,30,,,1,82,,659936,30,,,1,101,,659937,30,,,1
26600,'RBJul03-Weekday-01-1',549,,659938,30,,,1,82,,659939,30,,,1,82,,659940,30,,,1,101,,659941,30,,,1
