6101,'1-1',643,,783558,53,,,1,70,,783568,53,,,1,30,,783551,39,,,1,70,,783571,39,,,1,29,,783575,39,,,1,72,,783578,39,,,1,30,,783565,39,,,1,70,,783538,39,,,1,29,,783546,39,,,1,71,,783576,39,,,1,30,,783564,39,,,1,70,,783570,39,,,1,30,,783555,39,,,1,70,,783542,39,,,1,30,,783567,39,,,1,70,,783540,39,,,1,30,,783557,39,,,1,70,,783544,39,,,1,30,,783541,39,,,1,70,,783548,39,,,1,30,,783552,39,,,1,70,,783543,39,,,1,30,,783574,39,,,1,70,,783556,39,,,1,99,,783562,39,,,1,100,,783580,39,,,1,30,,783553,39,,,1,68,,783577,39,,,1,30,,783561,39,,,1,70,,783566,39,,,1,30,,783550,39,,,1,70,,783545,39,,,1,30,,783554,39,,,1,70,,783579,39,,,1
6101,'10-1',626,,783621,53,,,1,100,,783587,53,,,1,100,,783607,53,,,1,102,,783605,39,,,1,31,,783588,39,,,1,70,,783608,39,,,1,30,,783595,39,,,1,70,,783602,39,,,1,30,,783594,39,,,1,70,,783596,39,,,1,30,,783624,39,,,1,70,,783615,39,,,1,30,,783589,39,,,1,70,,783598,39,,,1,30,,783617,39,,,1,70,,783604,39,,,1,30,,783592,39,,,1,70,,783599,39,,,1,30,,783619,39,,,1,70,,783613,39,,,1,30,,783620,39,,,1,70,,783618,39,,,1,29,,783610,39,,,1,70,,783591,39,,,1,30,,783590,39,,,1,98,,783586,39,,,1,100,,783611,39,,,1,70,,783623,39,,,1,100,,783583,39,,,1
6101,'11-1',619,,783637,43,,,1,31,,783678,43,,,1,66,,783635,42,,,1,28,,783650,38,,,1,72,,783648,38,,,1,30,,783649,38,,,1,70,,783633,38,,,1,31,,783639,38,,,1,67,,783647,38,,,1,30,,783656,38,,,1,69,,783632,38,,,1,30,,783641,38,,,1,72,,783636,38,,,1,30,,783674,38,,,1,71,,783634,38,,,1,30,,783669,38,,,1,71,,783668,38,,,1,31,,783677,38,,,1,72,,783661,38,,,1,32,,783667,38,,,1,71,,783644,38,,,1,32,,783662,38,,,1,70,,783666,38,,,1,30,,783680,38,,,1,67,,783655,38,,,1,13,,783640,38,,,1,15,,783671,38,,,1,52,,783665,38,,,1,16,,783659,38,,,1,26,,783676,38,,,1,69,,783627,38,,,1,30,,783643,38,,,1,69,,783645,38,,,1,30,,783672,38,,,1,68,,783654,38,,,1,30,,783653,38,,,1,74,,783631,39,,,1,30,,783663,39,,,1,70,,783629,39,,,1
6101,'12-1',626,,783720,53,,,1,100,,783686,53,,,1,100,,783706,53,,,1,102,,783704,39,,,1,31,,783687,39,,,1,70,,783707,39,,,1,30,,783694,39,,,1,70,,783701,39,,,1,30,,783693,39,,,1,70,,783695,39,,,1,30,,783723,39,,,1,70,,783714,39,,,1,30,,783688,39,,,1,70,,783697,39,,,1,30,,783716,39,,,1,70,,783703,39,,,1,30,,783691,39,,,1,70,,783698,39,,,1,30,,783718,39,,,1,70,,783712,39,,,1,30,,783719,39,,,1,70,,783717,39,,,1,29,,783709,39,,,1,70,,783690,39,,,1,30,,783689,39,,,1,98,,783685,39,,,1,100,,783710,39,,,1,70,,783722,39,,,1,100,,783682,39,,,1
6101,'2-1',626,,783763,53,,,1,100,,783729,53,,,1,100,,783749,53,,,1,102,,783747,39,,,1,31,,783730,39,,,1,70,,783750,39,,,1,30,,783737,39,,,1,70,,783744,39,,,1,30,,783736,39,,,1,70,,783738,39,,,1,30,,783766,39,,,1,70,,783757,39,,,1,30,,783731,39,,,1,70,,783740,39,,,1,30,,783759,39,,,1,70,,783746,39,,,1,30,,783734,39,,,1,70,,783741,39,,,1,30,,783761,39,,,1,70,,783755,39,,,1,30,,783762,39,,,1,70,,783760,39,,,1,29,,783752,39,,,1,70,,783733,39,,,1,30,,783732,39,,,1,98,,783728,39,,,1,100,,783753,39,,,1,70,,783765,39,,,1,100,,783725,39,,,1
6101,'3-1',619,,783779,43,,,1,31,,783820,43,,,1,66,,783777,42,,,1,28,,783792,38,,,1,72,,783790,38,,,1,30,,783791,38,,,1,70,,783775,38,,,1,31,,783781,38,,,1,67,,783789,38,,,1,30,,783798,38,,,1,69,,783774,38,,,1,30,,783783,38,,,1,72,,783778,38,,,1,30,,783816,38,,,1,71,,783776,38,,,1,30,,783811,38,,,1,71,,783810,38,,,1,31,,783819,38,,,1,72,,783803,38,,,1,32,,783809,38,,,1,71,,783786,38,,,1,32,,783804,38,,,1,70,,783808,38,,,1,30,,783822,38,,,1,67,,783797,38,,,1,13,,783782,38,,,1,15,,783813,38,,,1,52,,783807,38,,,1,16,,783801,38,,,1,26,,783818,38,,,1,69,,783769,38,,,1,30,,783785,38,,,1,69,,783787,38,,,1,30,,783814,38,,,1,68,,783796,38,,,1,30,,783795,38,,,1,74,,783773,39,,,1,30,,783805,39,,,1,70,,783771,39,,,1
6101,'4-1',619,,783835,43,,,1,31,,783876,43,,,1,66,,783833,42,,,1,28,,783848,38,,,1,72,,783846,38,,,1,30,,783847,38,,,1,70,,783831,38,,,1,31,,783837,38,,,1,67,,783845,38,,,1,30,,783854,38,,,1,69,,783830,38,,,1,30,,783839,38,,,1,72,,783834,38,,,1,30,,783872,38,,,1,71,,783832,38,,,1,30,,783867,38,,,1,71,,783866,38,,,1,31,,783875,38,,,1,72,,783859,38,,,1,32,,783865,38,,,1,71,,783842,38,,,1,32,,783860,38,,,1,70,,783864,38,,,1,30,,783878,38,,,1,67,,783853,38,,,1,13,,783838,38,,,1,15,,783869,38,,,1,52,,783863,38,,,1,16,,783857,38,,,1,26,,783874,38,,,1,69,,783825,38,,,1,30,,783841,38,,,1,69,,783843,38,,,1,30,,783870,38,,,1,68,,783852,38,,,1,30,,783851,38,,,1,74,,783829,39,,,1,30,,783861,39,,,1,70,,783827,39,,,1
6101,'5-1',619,,783891,43,,,1,31,,783932,43,,,1,66,,783889,42,,,1,28,,783904,38,,,1,72,,783902,38,,,1,30,,783903,38,,,1,70,,783887,38,,,1,31,,783893,38,,,1,67,,783901,38,,,1,30,,783910,38,,,1,69,,783886,38,,,1,30,,783895,38,,,1,72,,783890,38,,,1,30,,783928,38,,,1,71,,783888,38,,,1,30,,783923,38,,,1,71,,783922,38,,,1,31,,783931,38,,,1,72,,783915,38,,,1,32,,783921,38,,,1,71,,783898,38,,,1,32,,783916,38,,,1,70,,783920,38,,,1,30,,783934,38,,,1,67,,783909,38,,,1,13,,783894,38,,,1,15,,783925,38,,,1,52,,783919,38,,,1,16,,783913,38,,,1,26,,783930,38,,,1,69,,783881,38,,,1,30,,783897,38,,,1,69,,783899,38,,,1,30,,783926,38,,,1,68,,783908,38,,,1,30,,783907,38,,,1,74,,783885,39,,,1,30,,783917,39,,,1,70,,783883,39,,,1
6101,'6-1',626,,783958,53,,,1,100,,783968,53,,,1,100,,783941,53,,,1,102,,783942,39,,,1,31,,783963,39,,,1,70,,783965,39,,,1,30,,783974,39,,,1,70,,783938,39,,,1,30,,783960,39,,,1,70,,783956,39,,,1,30,,783949,39,,,1,70,,783947,39,,,1,30,,783952,39,,,1,70,,783961,39,,,1,30,,783959,39,,,1,70,,783964,39,,,1,30,,783954,39,,,1,70,,783948,39,,,1,30,,783973,39,,,1,70,,783946,39,,,1,30,,783967,39,,,1,70,,783951,39,,,1,29,,783937,39,,,1,70,,783943,39,,,1,30,,783969,39,,,1,98,,783955,39,,,1,100,,783975,39,,,1,70,,783962,39,,,1,100,,783957,39,,,1
6101,'7-1',626,,784001,53,,,1,100,,784011,53,,,1,100,,783984,53,,,1,102,,783985,39,,,1,31,,784006,39,,,1,70,,784008,39,,,1,30,,784017,39,,,1,70,,783981,39,,,1,30,,784003,39,,,1,70,,783999,39,,,1,30,,783992,39,,,1,70,,783990,39,,,1,30,,783995,39,,,1,70,,784004,39,,,1,30,,784002,39,,,1,70,,784007,39,,,1,30,,783997,39,,,1,70,,783991,39,,,1,30,,784016,39,,,1,70,,783989,39,,,1,30,,784010,39,,,1,70,,783994,39,,,1,29,,783980,39,,,1,70,,783986,39,,,1,30,,784012,39,,,1,98,,783998,39,,,1,100,,784018,39,,,1,70,,784005,39,,,1,100,,784000,39,,,1
6101,'8-1',619,,784033,43,,,1,31,,784074,43,,,1,66,,784031,42,,,1,28,,784046,38,,,1,72,,784044,38,,,1,30,,784045,38,,,1,70,,784029,38,,,1,31,,784035,38,,,1,67,,784043,38,,,1,30,,784052,38,,,1,69,,784028,38,,,1,30,,784037,38,,,1,72,,784032,38,,,1,30,,784070,38,,,1,71,,784030,38,,,1,30,,784065,38,,,1,71,,784064,38,,,1,31,,784073,38,,,1,72,,784057,38,,,1,32,,784063,38,,,1,71,,784040,38,,,1,32,,784058,38,,,1,70,,784062,38,,,1,30,,784076,38,,,1,67,,784051,38,,,1,13,,784036,38,,,1,15,,784067,38,,,1,52,,784061,38,,,1,16,,784055,38,,,1,26,,784072,38,,,1,69,,784023,38,,,1,30,,784039,38,,,1,69,,784041,38,,,1,30,,784068,38,,,1,68,,784050,38,,,1,30,,784049,38,,,1,74,,784027,39,,,1,30,,784059,39,,,1,70,,784025,39,,,1
6101,'9-1',643,,784086,53,,,1,70,,784106,53,,,1,30,,784117,39,,,1,70,,784108,39,,,1,29,,784105,39,,,1,72,,784091,39,,,1,30,,784119,39,,,1,70,,784079,39,,,1,29,,784085,39,,,1,71,,784113,39,,,1,30,,784097,39,,,1,70,,784116,39,,,1,30,,784090,39,,,1,70,,784107,39,,,1,30,,784120,39,,,1,70,,784080,39,,,1,30,,784088,39,,,1,70,,784118,39,,,1,30,,784114,39,,,1,70,,784089,39,,,1,30,,784077,39,,,1,70,,784081,39,,,1,30,,784087,39,,,1,70,,784100,39,,,1,99,,784102,39,,,1,100,,784101,39,,,1,30,,784083,39,,,1,68,,784096,39,,,1,30,,784111,39,,,1,70,,784092,39,,,1,30,,784082,39,,,1,70,,784110,39,,,1,30,,784098,39,,,1,70,,784095,39,,,1
26101,'11-1',1611,,813515,16,,,1,93,,813516,16,,,1,55,,813518,16,,,1,142,,813517,16,,,1
26101,'3-1',1611,,813519,16,,,1,93,,813520,16,,,1,55,,813522,16,,,1,142,,813521,16,,,1
26101,'4-1',1611,,813523,16,,,1,93,,813524,16,,,1,55,,813526,16,,,1,142,,813525,16,,,1
26101,'5-1',1611,,813527,16,,,1,93,,813528,16,,,1,55,,813530,16,,,1,142,,813529,16,,,1
26101,'8-1',1611,,813531,16,,,1,93,,813532,16,,,1,55,,813534,16,,,1,142,,813533,16,,,1
26301,'11-1',1624,,813595,16,,,1,90,,813597,16,,,1,101,,813596,16,,,1,91,,813598,16,,,1
26301,'3-1',1624,,813599,16,,,1,90,,813601,16,,,1,101,,813600,16,,,1,91,,813602,16,,,1
26301,'4-1',1624,,813603,16,,,1,90,,813605,16,,,1,101,,813604,16,,,1,91,,813606,16,,,1
26301,'5-1',1624,,813607,16,,,1,90,,813609,16,,,1,101,,813608,16,,,1,91,,813610,16,,,1
26301,'8-1',1624,,813611,16,,,1,90,,813613,16,,,1,101,,813612,16,,,1,91,,813614,16,,,1
30101,'10-1',1506,,814023,43,,,1
30101,'4-1',1506,,814024,43,,,1
30101,'6-1',1506,,814025,43,,,1
30301,'5-1',1507,,814029,43,,,1
