16801,'1-1',533,,624241,10,,,1,80,,624235,10,,,1,31,,624240,10,,,1,69,,624245,10,,,1,30,,624243,10,,,1,71,,624252,10,,,1,30,,624229,10,,,1,70,,624257,10,,,1,30,,624256,10,,,1,69,,624239,10,,,1,30,,624228,10,,,1,70,,624222,10,,,1,30,,624244,10,,,1,71,,624232,10,,,1,30,,624238,10,,,1,70,,624227,10,,,1,30,,624255,10,,,1,72,,624250,10,,,1,30,,624253,10,,,1,73,,624224,10,,,1,35,,624249,10,,,1,73,,624248,10,,,1,28,,624226,10,,,1,68,,624247,10,,,1,29,,624251,10,,,1,69,,624223,10,,,1,26,,624254,10,,,1,68,,624246,10,,,1,29,,624234,10,,,1,68,,624233,10,,,1,29,,624237,10,,,1,68,,624242,10,,,1,29,,624230,10,,,1,72,,624225,10,,,1,102,,624236,10,,,1,118,,624231,10,,,1
16801,'10-1',533,,624262,10,,,1,80,,624275,10,,,1,31,,624282,10,,,1,69,,624270,10,,,1,30,,624263,10,,,1,71,,624269,10,,,1,30,,624266,10,,,1,70,,624292,10,,,1,30,,624268,10,,,1,69,,624279,10,,,1,30,,624261,10,,,1,70,,624291,10,,,1,30,,624258,10,,,1,71,,624272,10,,,1,30,,624274,10,,,1,70,,624281,10,,,1,30,,624276,10,,,1,72,,624264,10,,,1,30,,624285,10,,,1,73,,624273,10,,,1,35,,624290,10,,,1,73,,624289,10,,,1,28,,624287,10,,,1,68,,624280,10,,,1,29,,624286,10,,,1,69,,624271,10,,,1,26,,624259,10,,,1,68,,624267,10,,,1,29,,624260,10,,,1,68,,624284,10,,,1,29,,624265,10,,,1,68,,624277,10,,,1,29,,624293,10,,,1,72,,624278,10,,,1,102,,624283,10,,,1,118,,624288,10,,,1
16801,'11-1',533,,624298,10,,,1,80,,624311,10,,,1,31,,624318,10,,,1,69,,624306,10,,,1,30,,624299,10,,,1,71,,624305,10,,,1,30,,624302,10,,,1,70,,624328,10,,,1,30,,624304,10,,,1,69,,624315,10,,,1,30,,624297,10,,,1,70,,624327,10,,,1,30,,624294,10,,,1,71,,624308,10,,,1,30,,624310,10,,,1,70,,624317,10,,,1,30,,624312,10,,,1,72,,624300,10,,,1,30,,624321,10,,,1,73,,624309,10,,,1,35,,624326,10,,,1,73,,624325,10,,,1,28,,624323,10,,,1,68,,624316,10,,,1,29,,624322,10,,,1,69,,624307,10,,,1,26,,624295,10,,,1,68,,624303,10,,,1,29,,624296,10,,,1,68,,624320,10,,,1,29,,624301,10,,,1,68,,624313,10,,,1,29,,624329,10,,,1,72,,624314,10,,,1,102,,624319,10,,,1,118,,624324,10,,,1
16801,'2-1',533,,624334,10,,,1,80,,624347,10,,,1,31,,624354,10,,,1,69,,624342,10,,,1,30,,624335,10,,,1,71,,624341,10,,,1,30,,624338,10,,,1,70,,624364,10,,,1,30,,624340,10,,,1,69,,624351,10,,,1,30,,624333,10,,,1,70,,624363,10,,,1,30,,624330,10,,,1,71,,624344,10,,,1,30,,624346,10,,,1,70,,624353,10,,,1,30,,624348,10,,,1,72,,624336,10,,,1,30,,624357,10,,,1,73,,624345,10,,,1,35,,624362,10,,,1,73,,624361,10,,,1,28,,624359,10,,,1,68,,624352,10,,,1,29,,624358,10,,,1,69,,624343,10,,,1,26,,624331,10,,,1,68,,624339,10,,,1,29,,624332,10,,,1,68,,624356,10,,,1,29,,624337,10,,,1,68,,624349,10,,,1,29,,624365,10,,,1,72,,624350,10,,,1,102,,624355,10,,,1,118,,624360,10,,,1
16801,'3-1',627,,624375,10,,,1,100,,624384,10,,,1,100,,624376,10,,,1,32,,624371,10,,,1,70,,624386,10,,,1,30,,624381,10,,,1,71,,624378,10,,,1,100,,624366,10,,,1,70,,624369,10,,,1,30,,624370,10,,,1,70,,624368,10,,,1,30,,624380,10,,,1,100,,624388,10,,,1,70,,624367,10,,,1,100,,624379,10,,,1,30,,624387,10,,,1,70,,624374,10,,,1,30,,624373,10,,,1,70,,624383,10,,,1,30,,624382,10,,,1,70,,624377,10,,,1,30,,624391,10,,,1,100,,624390,10,,,1,98,,624385,10,,,1,99,,624372,10,,,1,100,,624389,10,,,1
16801,'4-1',627,,624414,10,,,1,100,,624416,10,,,1,100,,624407,10,,,1,32,,624412,10,,,1,70,,624394,10,,,1,30,,624409,10,,,1,71,,624419,10,,,1,70,,624420,10,,,1,30,,624410,10,,,1,70,,624403,10,,,1,30,,624415,10,,,1,70,,624393,10,,,1,30,,624401,10,,,1,70,,624400,10,,,1,30,,624395,10,,,1,70,,624413,10,,,1,30,,624418,10,,,1,70,,624392,10,,,1,30,,624399,10,,,1,70,,624406,10,,,1,30,,624397,10,,,1,70,,624402,10,,,1,30,,624411,10,,,1,70,,624405,10,,,1,30,,624422,10,,,1,100,,624396,10,,,1,98,,624417,10,,,1,99,,624404,10,,,1,100,,624421,10,,,1,100,,624408,10,,,1,100,,624398,10,,,1
16801,'5-1',622,,624432,10,,,1,110,,624427,10,,,1,100,,624439,10,,,1,70,,624426,10,,,1,30,,624447,10,,,1,70,,624450,10,,,1,31,,624443,10,,,1,100,,624446,10,,,1,70,,624438,10,,,1,30,,624448,10,,,1,70,,624436,10,,,1,30,,624430,10,,,1,100,,624425,10,,,1,70,,624428,10,,,1,30,,624429,10,,,1,70,,624424,10,,,1,100,,624442,10,,,1,100,,624445,10,,,1,30,,624433,10,,,1,70,,624440,10,,,1,30,,624444,10,,,1,70,,624449,10,,,1,30,,624441,10,,,1,70,,624431,10,,,1,30,,624435,10,,,1,70,,624423,10,,,1,29,,624434,10,,,1,100,,624437,10,,,1
16801,'6-1',533,,624455,10,,,1,80,,624468,10,,,1,31,,624475,10,,,1,69,,624463,10,,,1,30,,624456,10,,,1,71,,624462,10,,,1,30,,624459,10,,,1,70,,624485,10,,,1,30,,624461,10,,,1,69,,624472,10,,,1,30,,624454,10,,,1,70,,624484,10,,,1,30,,624451,10,,,1,71,,624465,10,,,1,30,,624467,10,,,1,70,,624474,10,,,1,30,,624469,10,,,1,72,,624457,10,,,1,30,,624478,10,,,1,73,,624466,10,,,1,35,,624483,10,,,1,73,,624482,10,,,1,28,,624480,10,,,1,68,,624473,10,,,1,29,,624479,10,,,1,69,,624464,10,,,1,26,,624452,10,,,1,68,,624460,10,,,1,29,,624453,10,,,1,68,,624477,10,,,1,29,,624458,10,,,1,68,,624470,10,,,1,29,,624486,10,,,1,72,,624471,10,,,1,102,,624476,10,,,1,118,,624481,10,,,1
16801,'7-1',627,,624496,10,,,1,100,,624505,10,,,1,100,,624497,10,,,1,32,,624492,10,,,1,70,,624507,10,,,1,30,,624502,10,,,1,71,,624499,10,,,1,100,,624487,10,,,1,70,,624490,10,,,1,30,,624491,10,,,1,70,,624489,10,,,1,30,,624501,10,,,1,100,,624509,10,,,1,70,,624488,10,,,1,100,,624500,10,,,1,30,,624508,10,,,1,70,,624495,10,,,1,30,,624494,10,,,1,70,,624504,10,,,1,30,,624503,10,,,1,70,,624498,10,,,1,30,,624512,10,,,1,100,,624511,10,,,1,98,,624506,10,,,1,99,,624493,10,,,1,100,,624510,10,,,1
16801,'8-1',533,,624517,10,,,1,80,,624530,10,,,1,31,,624537,10,,,1,69,,624525,10,,,1,30,,624518,10,,,1,71,,624524,10,,,1,30,,624521,10,,,1,70,,624547,10,,,1,30,,624523,10,,,1,69,,624534,10,,,1,30,,624516,10,,,1,70,,624546,10,,,1,30,,624513,10,,,1,71,,624527,10,,,1,30,,624529,10,,,1,70,,624536,10,,,1,30,,624531,10,,,1,72,,624519,10,,,1,30,,624540,10,,,1,73,,624528,10,,,1,35,,624545,10,,,1,73,,624544,10,,,1,28,,624542,10,,,1,68,,624535,10,,,1,29,,624541,10,,,1,69,,624526,10,,,1,26,,624514,10,,,1,68,,624522,10,,,1,29,,624515,10,,,1,68,,624539,10,,,1,29,,624520,10,,,1,68,,624532,10,,,1,29,,624548,10,,,1,72,,624533,10,,,1,102,,624538,10,,,1,118,,624543,10,,,1
16801,'9-1',622,,624553,10,,,1,110,,624551,10,,,1,100,,624558,10,,,1,70,,624574,10,,,1,30,,624578,10,,,1,70,,624552,10,,,1,31,,624565,10,,,1,70,,624561,10,,,1,30,,624579,10,,,1,70,,624576,10,,,1,30,,624570,10,,,1,70,,624568,10,,,1,30,,624573,10,,,1,70,,624550,10,,,1,30,,624577,10,,,1,70,,624554,10,,,1,30,,624564,10,,,1,70,,624567,10,,,1,30,,624549,10,,,1,70,,624560,10,,,1,30,,624556,10,,,1,70,,624559,10,,,1,30,,624569,10,,,1,70,,624563,10,,,1,30,,624562,10,,,1,70,,624566,10,,,1,30,,624555,10,,,1,70,,624571,10,,,1,30,,624575,10,,,1,70,,624580,10,,,1,29,,624557,10,,,1,100,,624572,10,,,1
