9001,'1-1',521,,799996,12,,,1,30,,799977,12,,,1,70,,799966,12,,,1,30,,799969,12,,,1,70,,799967,12,,,1,30,,799988,12,,,1,70,,799991,12,,,1,30,,799980,12,,,1,70,,799963,12,,,1,30,,799994,12,,,1,70,,799993,12,,,1,30,,799968,12,,,1,70,,799962,12,,,1,30,,799978,12,,,1,71,,799990,12,,,1,30,,799992,12,,,1,70,,799986,12,,,1,30,,799973,12,,,1,70,,799995,12,,,1,30,,799961,12,,,1,70,,799971,12,,,1,30,,799970,12,,,1,70,,799964,12,,,1,30,,799989,12,,,1,70,,799983,12,,,1,30,,799985,12,,,1,70,,799965,12,,,1,30,,799987,12,,,1,70,,799982,12,,,1,30,,799981,12,,,1,70,,799984,12,,,1,30,,799975,12,,,1,69,,799997,12,,,1,30,,799979,12,,,1,70,,799976,12,,,1,30,,799974,12,,,1,70,,799972,12,,,1
9001,'10-1',715,,800025,12,,,1,30,,800005,12,,,1,70,,800000,12,,,1,30,,800004,12,,,1,70,,799999,12,,,1,30,,800018,12,,,1,70,,800026,12,,,1,30,,800023,12,,,1,70,,800012,12,,,1,30,,800030,12,,,1,71,,800021,12,,,1,30,,800028,12,,,1,70,,800008,12,,,1,30,,800024,12,,,1,70,,800022,12,,,1,30,,800006,12,,,1,70,,800011,12,,,1,30,,800001,12,,,1,70,,800007,12,,,1,30,,800027,12,,,1,70,,800003,12,,,1,30,,800009,12,,,1,70,,800016,12,,,1,30,,800013,12,,,1,70,,800010,12,,,1,30,,800015,12,,,1,70,,800002,12,,,1,30,,800014,12,,,1,69,,799998,12,,,1,30,,800017,12,,,1,70,,800029,12,,,1,30,,800020,12,,,1,70,,800019,12,,,1
9001,'11-1',419,,800089,12,,,1,100,,800043,12,,,1,19,,800094,12,,,1,19,,800085,12,,,1,56,,800032,12,,,1,15,,800059,12,,,1,15,,800052,12,,,1,15,,800079,12,,,1,58,,800054,12,,,1,16,,800092,12,,,1,13,,800039,12,,,1,55,,800053,12,,,1,17,,800055,12,,,1,17,,800062,12,,,1,13,,800041,12,,,1,55,,800050,12,,,1,15,,800048,12,,,1,15,,800070,12,,,1,15,,800038,12,,,1,55,,800044,12,,,1,15,,800065,12,,,1,15,,800046,12,,,1,15,,800091,12,,,1,55,,800035,12,,,1,15,,800047,12,,,1,15,,800086,12,,,1,15,,800066,12,,,1,55,,800045,12,,,1,15,,800060,12,,,1,15,,800082,12,,,1,15,,800063,12,,,1,55,,800069,12,,,1,15,,800067,12,,,1,15,,800074,12,,,1,15,,800077,12,,,1,55,,800072,12,,,1,15,,800056,12,,,1,15,,800068,12,,,1,15,,800051,12,,,1,57,,800080,12,,,1,5,,800061,22,0,41 95,1,10,,800049,12,,,1,15,,800088,12,,,1,15,,800033,12,,,1,55,,800084,12,,,1,15,,800057,12,,,1,15,,800071,12,,,1,15,,800058,12,,,1,55,,800095,12,,,1,14,,800078,12,,,1,15,,800073,12,,,1,17,,800087,12,,,1,70,,800083,12,,,1,31,,800042,12,,,1,72,,800075,12,,,1,30,,800081,12,,,1,69,,800034,12,,,1,30,,800037,12,,,1,70,,800076,12,,,1,30,,800040,12,,,1,69,,800090,12,,,1,30,,800031,12,,,1,70,,800064,12,,,1,29,,800093,12,,,1
9001,'12-1',715,,800123,12,,,1,30,,800103,12,,,1,70,,800098,12,,,1,30,,800102,12,,,1,70,,800097,12,,,1,30,,800116,12,,,1,70,,800124,12,,,1,30,,800121,12,,,1,70,,800110,12,,,1,30,,800128,12,,,1,71,,800119,12,,,1,30,,800126,12,,,1,70,,800106,12,,,1,30,,800122,12,,,1,70,,800120,12,,,1,30,,800104,12,,,1,70,,800109,12,,,1,30,,800099,12,,,1,70,,800105,12,,,1,30,,800125,12,,,1,70,,800101,12,,,1,30,,800107,12,,,1,70,,800114,12,,,1,30,,800111,12,,,1,70,,800108,12,,,1,30,,800113,12,,,1,70,,800100,12,,,1,30,,800112,12,,,1,69,,800096,12,,,1,30,,800115,12,,,1,70,,800127,12,,,1,30,,800118,12,,,1,70,,800117,12,,,1
9001,'2-1',715,,800156,12,,,1,30,,800136,12,,,1,70,,800131,12,,,1,30,,800135,12,,,1,70,,800130,12,,,1,30,,800149,12,,,1,70,,800157,12,,,1,30,,800154,12,,,1,70,,800143,12,,,1,30,,800161,12,,,1,71,,800152,12,,,1,30,,800159,12,,,1,70,,800139,12,,,1,30,,800155,12,,,1,70,,800153,12,,,1,30,,800137,12,,,1,70,,800142,12,,,1,30,,800132,12,,,1,70,,800138,12,,,1,30,,800158,12,,,1,70,,800134,12,,,1,30,,800140,12,,,1,70,,800147,12,,,1,30,,800144,12,,,1,70,,800141,12,,,1,30,,800146,12,,,1,70,,800133,12,,,1,30,,800145,12,,,1,69,,800129,12,,,1,30,,800148,12,,,1,70,,800160,12,,,1,30,,800151,12,,,1,70,,800150,12,,,1
9001,'3-1',419,,800220,12,,,1,100,,800174,12,,,1,19,,800225,12,,,1,19,,800216,12,,,1,56,,800163,12,,,1,15,,800190,12,,,1,15,,800183,12,,,1,15,,800210,12,,,1,58,,800185,12,,,1,16,,800223,12,,,1,13,,800170,12,,,1,55,,800184,12,,,1,17,,800186,12,,,1,17,,800193,12,,,1,13,,800172,12,,,1,55,,800181,12,,,1,15,,800179,12,,,1,15,,800201,12,,,1,15,,800169,12,,,1,55,,800175,12,,,1,15,,800196,12,,,1,15,,800177,12,,,1,15,,800222,12,,,1,55,,800166,12,,,1,15,,800178,12,,,1,15,,800217,12,,,1,15,,800197,12,,,1,55,,800176,12,,,1,15,,800191,12,,,1,15,,800213,12,,,1,15,,800194,12,,,1,55,,800200,12,,,1,15,,800198,12,,,1,15,,800205,12,,,1,15,,800208,12,,,1,55,,800203,12,,,1,15,,800187,12,,,1,15,,800199,12,,,1,15,,800182,12,,,1,57,,800211,12,,,1,5,,800192,22,0,41 95,1,10,,800180,12,,,1,15,,800219,12,,,1,15,,800164,12,,,1,55,,800215,12,,,1,15,,800188,12,,,1,15,,800202,12,,,1,15,,800189,12,,,1,55,,800226,12,,,1,14,,800209,12,,,1,15,,800204,12,,,1,17,,800218,12,,,1,70,,800214,12,,,1,31,,800173,12,,,1,72,,800206,12,,,1,30,,800212,12,,,1,69,,800165,12,,,1,30,,800168,12,,,1,70,,800207,12,,,1,30,,800171,12,,,1,69,,800221,12,,,1,30,,800162,12,,,1,70,,800195,12,,,1,29,,800224,12,,,1
9001,'4-1',419,,800285,12,,,1,100,,800239,12,,,1,19,,800290,12,,,1,19,,800281,12,,,1,56,,800228,12,,,1,15,,800255,12,,,1,15,,800248,12,,,1,15,,800275,12,,,1,58,,800250,12,,,1,16,,800288,12,,,1,13,,800235,12,,,1,55,,800249,12,,,1,17,,800251,12,,,1,17,,800258,12,,,1,13,,800237,12,,,1,55,,800246,12,,,1,15,,800244,12,,,1,15,,800266,12,,,1,15,,800234,12,,,1,55,,800240,12,,,1,15,,800261,12,,,1,15,,800242,12,,,1,15,,800287,12,,,1,55,,800231,12,,,1,15,,800243,12,,,1,15,,800282,12,,,1,15,,800262,12,,,1,55,,800241,12,,,1,15,,800256,12,,,1,15,,800278,12,,,1,15,,800259,12,,,1,55,,800265,12,,,1,15,,800263,12,,,1,15,,800270,12,,,1,15,,800273,12,,,1,55,,800268,12,,,1,15,,800252,12,,,1,15,,800264,12,,,1,15,,800247,12,,,1,57,,800276,12,,,1,5,,800257,22,0,41 95,1,10,,800245,12,,,1,15,,800284,12,,,1,15,,800229,12,,,1,55,,800280,12,,,1,15,,800253,12,,,1,15,,800267,12,,,1,15,,800254,12,,,1,55,,800291,12,,,1,14,,800274,12,,,1,15,,800269,12,,,1,17,,800283,12,,,1,70,,800279,12,,,1,31,,800238,12,,,1,72,,800271,12,,,1,30,,800277,12,,,1,69,,800230,12,,,1,30,,800233,12,,,1,70,,800272,12,,,1,30,,800236,12,,,1,69,,800286,12,,,1,30,,800227,12,,,1,70,,800260,12,,,1,29,,800289,12,,,1
9001,'5-1',419,,800350,12,,,1,100,,800304,12,,,1,19,,800355,12,,,1,19,,800346,12,,,1,56,,800293,12,,,1,15,,800320,12,,,1,15,,800313,12,,,1,15,,800340,12,,,1,58,,800315,12,,,1,16,,800353,12,,,1,13,,800300,12,,,1,55,,800314,12,,,1,17,,800316,12,,,1,17,,800323,12,,,1,13,,800302,12,,,1,55,,800311,12,,,1,15,,800309,12,,,1,15,,800331,12,,,1,15,,800299,12,,,1,55,,800305,12,,,1,15,,800326,12,,,1,15,,800307,12,,,1,15,,800352,12,,,1,55,,800296,12,,,1,15,,800308,12,,,1,15,,800347,12,,,1,15,,800327,12,,,1,55,,800306,12,,,1,15,,800321,12,,,1,15,,800343,12,,,1,15,,800324,12,,,1,55,,800330,12,,,1,15,,800328,12,,,1,15,,800335,12,,,1,15,,800338,12,,,1,55,,800333,12,,,1,15,,800317,12,,,1,15,,800329,12,,,1,15,,800312,12,,,1,57,,800341,12,,,1,5,,800322,22,0,41 95,1,10,,800310,12,,,1,15,,800349,12,,,1,15,,800294,12,,,1,55,,800345,12,,,1,15,,800318,12,,,1,15,,800332,12,,,1,15,,800319,12,,,1,55,,800356,12,,,1,14,,800339,12,,,1,15,,800334,12,,,1,17,,800348,12,,,1,70,,800344,12,,,1,31,,800303,12,,,1,72,,800336,12,,,1,30,,800342,12,,,1,69,,800295,12,,,1,30,,800298,12,,,1,70,,800337,12,,,1,30,,800301,12,,,1,69,,800351,12,,,1,30,,800292,12,,,1,70,,800325,12,,,1,29,,800354,12,,,1
9001,'6-1',715,,800377,12,,,1,30,,800359,12,,,1,70,,800357,12,,,1,30,,800360,12,,,1,70,,800379,12,,,1,30,,800389,12,,,1,70,,800388,12,,,1,30,,800366,12,,,1,70,,800370,12,,,1,30,,800364,12,,,1,71,,800374,12,,,1,30,,800383,12,,,1,70,,800380,12,,,1,30,,800376,12,,,1,70,,800382,12,,,1,30,,800365,12,,,1,70,,800367,12,,,1,30,,800381,12,,,1,70,,800385,12,,,1,30,,800363,12,,,1,70,,800378,12,,,1,30,,800387,12,,,1,70,,800368,12,,,1,30,,800362,12,,,1,70,,800375,12,,,1,30,,800361,12,,,1,70,,800372,12,,,1,30,,800373,12,,,1,69,,800358,12,,,1,30,,800384,12,,,1,70,,800371,12,,,1,30,,800386,12,,,1,70,,800369,12,,,1
9001,'7-1',715,,800410,12,,,1,30,,800392,12,,,1,70,,800390,12,,,1,30,,800393,12,,,1,70,,800412,12,,,1,30,,800422,12,,,1,70,,800421,12,,,1,30,,800399,12,,,1,70,,800403,12,,,1,30,,800397,12,,,1,71,,800407,12,,,1,30,,800416,12,,,1,70,,800413,12,,,1,30,,800409,12,,,1,70,,800415,12,,,1,30,,800398,12,,,1,70,,800400,12,,,1,30,,800414,12,,,1,70,,800418,12,,,1,30,,800396,12,,,1,70,,800411,12,,,1,30,,800420,12,,,1,70,,800401,12,,,1,30,,800395,12,,,1,70,,800408,12,,,1,30,,800394,12,,,1,70,,800405,12,,,1,30,,800406,12,,,1,69,,800391,12,,,1,30,,800417,12,,,1,70,,800404,12,,,1,30,,800419,12,,,1,70,,800402,12,,,1
9001,'8-1',419,,800481,12,,,1,100,,800435,12,,,1,19,,800486,12,,,1,19,,800477,12,,,1,56,,800424,12,,,1,15,,800451,12,,,1,15,,800444,12,,,1,15,,800471,12,,,1,58,,800446,12,,,1,16,,800484,12,,,1,13,,800431,12,,,1,55,,800445,12,,,1,17,,800447,12,,,1,17,,800454,12,,,1,13,,800433,12,,,1,55,,800442,12,,,1,15,,800440,12,,,1,15,,800462,12,,,1,15,,800430,12,,,1,55,,800436,12,,,1,15,,800457,12,,,1,15,,800438,12,,,1,15,,800483,12,,,1,55,,800427,12,,,1,15,,800439,12,,,1,15,,800478,12,,,1,15,,800458,12,,,1,55,,800437,12,,,1,15,,800452,12,,,1,15,,800474,12,,,1,15,,800455,12,,,1,55,,800461,12,,,1,15,,800459,12,,,1,15,,800466,12,,,1,15,,800469,12,,,1,55,,800464,12,,,1,15,,800448,12,,,1,15,,800460,12,,,1,15,,800443,12,,,1,57,,800472,12,,,1,5,,800453,22,0,41 95,1,10,,800441,12,,,1,15,,800480,12,,,1,15,,800425,12,,,1,55,,800476,12,,,1,15,,800449,12,,,1,15,,800463,12,,,1,15,,800450,12,,,1,55,,800487,12,,,1,14,,800470,12,,,1,15,,800465,12,,,1,17,,800479,12,,,1,70,,800475,12,,,1,31,,800434,12,,,1,72,,800467,12,,,1,30,,800473,12,,,1,69,,800426,12,,,1,30,,800429,12,,,1,70,,800468,12,,,1,30,,800432,12,,,1,69,,800482,12,,,1,30,,800423,12,,,1,70,,800456,12,,,1,29,,800485,12,,,1
9001,'9-1',521,,800523,12,,,1,30,,800510,12,,,1,70,,800499,12,,,1,30,,800522,12,,,1,70,,800520,12,,,1,30,,800501,12,,,1,70,,800507,12,,,1,30,,800496,12,,,1,70,,800493,12,,,1,30,,800511,12,,,1,70,,800513,12,,,1,30,,800495,12,,,1,70,,800509,12,,,1,30,,800518,12,,,1,71,,800524,12,,,1,30,,800488,12,,,1,70,,800519,12,,,1,30,,800521,12,,,1,70,,800492,12,,,1,30,,800494,12,,,1,70,,800504,12,,,1,30,,800489,12,,,1,70,,800516,12,,,1,30,,800491,12,,,1,70,,800508,12,,,1,30,,800497,12,,,1,70,,800517,12,,,1,30,,800515,12,,,1,70,,800514,12,,,1,30,,800498,12,,,1,70,,800490,12,,,1,30,,800506,12,,,1,69,,800512,12,,,1,30,,800503,12,,,1,70,,800500,12,,,1,30,,800505,12,,,1,70,,800502,12,,,1
