7300,'1-1',521,,602393,2,,,1,86,,602386,16,,,1,31,,602367,16,,,1,70,,602368,16,,,1,31,,602382,16,,,1,69,,602371,16,,,1,30,,602380,16,,,1,72,,602389,16,,,1,30,,602373,16,,,1,70,,602370,2,,,1,30,,602377,2,,,1,70,,602396,2,,,1,30,,602379,2,,,1,70,,602391,2,,,1,30,,602395,2,,,1,70,,602372,2,,,1,100,,602378,2,,,1,31,,602374,2,,,1,67,,602376,2,,,1,30,,602366,2,,,1,70,,602375,2,,,1,30,,602384,2,,,1,70,,602369,2,,,1,30,,602392,2,,,1,72,,602381,2,,,1,30,,602385,2,,,1,70,,602394,2,,,1,30,,602383,2,,,1,70,,602387,2,,,1,30,,602388,2,,,1,70,,602397,2,,,1,29,,602390,2,,,1
7300,'10-1',521,,602421,2,,,1,86,,602409,16,,,1,31,,602420,16,,,1,70,,602429,16,,,1,31,,602423,16,,,1,69,,602407,16,,,1,30,,602419,16,,,1,72,,602425,16,,,1,30,,602410,16,,,1,70,,602406,2,,,1,30,,602408,2,,,1,70,,602422,2,,,1,30,,602416,2,,,1,70,,602424,2,,,1,30,,602413,2,,,1,70,,602404,2,,,1,100,,602414,2,,,1,31,,602426,2,,,1,67,,602418,2,,,1,30,,602417,2,,,1,70,,602400,2,,,1,30,,602415,2,,,1,70,,602398,2,,,1,30,,602405,2,,,1,72,,602401,2,,,1,30,,602403,2,,,1,70,,602399,2,,,1,30,,602428,2,,,1,70,,602411,2,,,1,30,,602402,2,,,1,70,,602412,2,,,1,29,,602427,2,,,1
7300,'11-1',521,,602453,2,,,1,86,,602441,16,,,1,31,,602452,16,,,1,70,,602461,16,,,1,31,,602455,16,,,1,69,,602439,16,,,1,30,,602451,16,,,1,72,,602457,16,,,1,30,,602442,16,,,1,70,,602438,2,,,1,30,,602440,2,,,1,70,,602454,2,,,1,30,,602448,2,,,1,70,,602456,2,,,1,30,,602445,2,,,1,70,,602436,2,,,1,100,,602446,2,,,1,31,,602458,2,,,1,67,,602450,2,,,1,30,,602449,2,,,1,70,,602432,2,,,1,30,,602447,2,,,1,70,,602430,2,,,1,30,,602437,2,,,1,72,,602433,2,,,1,30,,602435,2,,,1,70,,602431,2,,,1,30,,602460,2,,,1,70,,602443,2,,,1,30,,602434,2,,,1,70,,602444,2,,,1,29,,602459,2,,,1
7300,'2-1',521,,602485,2,,,1,86,,602473,16,,,1,31,,602484,16,,,1,70,,602493,16,,,1,31,,602487,16,,,1,69,,602471,16,,,1,30,,602483,16,,,1,72,,602489,16,,,1,30,,602474,16,,,1,70,,602470,2,,,1,30,,602472,2,,,1,70,,602486,2,,,1,30,,602480,2,,,1,70,,602488,2,,,1,30,,602477,2,,,1,70,,602468,2,,,1,100,,602478,2,,,1,31,,602490,2,,,1,67,,602482,2,,,1,30,,602481,2,,,1,70,,602464,2,,,1,30,,602479,2,,,1,70,,602462,2,,,1,30,,602469,2,,,1,72,,602465,2,,,1,30,,602467,2,,,1,70,,602463,2,,,1,30,,602492,2,,,1,70,,602475,2,,,1,30,,602466,2,,,1,70,,602476,2,,,1,29,,602491,2,,,1
7300,'6-1',521,,602517,2,,,1,86,,602505,16,,,1,31,,602516,16,,,1,70,,602525,16,,,1,31,,602519,16,,,1,69,,602503,16,,,1,30,,602515,16,,,1,72,,602521,16,,,1,30,,602506,16,,,1,70,,602502,2,,,1,30,,602504,2,,,1,70,,602518,2,,,1,30,,602512,2,,,1,70,,602520,2,,,1,30,,602509,2,,,1,70,,602500,2,,,1,100,,602510,2,,,1,31,,602522,2,,,1,67,,602514,2,,,1,30,,602513,2,,,1,70,,602496,2,,,1,30,,602511,2,,,1,70,,602494,2,,,1,30,,602501,2,,,1,72,,602497,2,,,1,30,,602499,2,,,1,70,,602495,2,,,1,30,,602524,2,,,1,70,,602507,2,,,1,30,,602498,2,,,1,70,,602508,2,,,1,29,,602523,2,,,1
7300,'8-1',521,,602549,2,,,1,86,,602537,16,,,1,31,,602548,16,,,1,70,,602557,16,,,1,31,,602551,16,,,1,69,,602535,16,,,1,30,,602547,16,,,1,72,,602553,16,,,1,30,,602538,16,,,1,70,,602534,2,,,1,30,,602536,2,,,1,70,,602550,2,,,1,30,,602544,2,,,1,70,,602552,2,,,1,30,,602541,2,,,1,70,,602532,2,,,1,100,,602542,2,,,1,31,,602554,2,,,1,67,,602546,2,,,1,30,,602545,2,,,1,70,,602528,2,,,1,30,,602543,2,,,1,70,,602526,2,,,1,30,,602533,2,,,1,72,,602529,2,,,1,30,,602531,2,,,1,70,,602527,2,,,1,30,,602556,2,,,1,70,,602539,2,,,1,30,,602530,2,,,1,70,,602540,2,,,1,29,,602555,2,,,1
27701,'1-1',1531,,626988,3,,,1,69,,626989,3,,,1,32,,626986,3,,,1,69,,626987,3,,,1,31,,626990,3,,,1,100,,626985,3,,,1
27701,'10-1',1531,,626996,3,,,1,69,,626995,3,,,1,32,,626991,3,,,1,69,,626992,3,,,1,31,,626994,3,,,1,100,,626993,3,,,1
27701,'11-1',1531,,627002,3,,,1,69,,627001,3,,,1,32,,626997,3,,,1,69,,626998,3,,,1,31,,627000,3,,,1,100,,626999,3,,,1
27701,'2-1',1531,,627008,3,,,1,69,,627007,3,,,1,32,,627003,3,,,1,69,,627004,3,,,1,31,,627006,3,,,1,100,,627005,3,,,1
27701,'6-1',1531,,627014,3,,,1,69,,627013,3,,,1,32,,627009,3,,,1,69,,627010,3,,,1,31,,627012,3,,,1,100,,627011,3,,,1
27701,'8-1',1531,,627020,3,,,1,69,,627019,3,,,1,32,,627015,3,,,1,69,,627016,3,,,1,31,,627018,3,,,1,100,,627017,3,,,1
