4800,'1-1',447,,591071,8,,,1,95,,591063,8,,,1,60,,591092,8,,,1,10,,591062,21,,,1,15,,591088,21,,,1,16,,591084,21,,,1,15,,591074,21,,,1,55,,591094,21,,,1,14,,591093,21,,,1,20,,591090,21,,,1,53,,591099,21,,,1,17,,591076,21,,,1,16,,591087,21,,,1,15,,591106,21,,,1,53,,591067,21,,,1,14,,591102,21,,,1,29,,591098,21,,,1,70,,591065,21,,,1,30,,591085,21,,,1,69,,591078,21,,,1,31,,591097,21,,,1,70,,591079,21,,,1,29,,591096,21,,,1,70,,591083,21,,,1,30,,591061,21,,,1,71,,591104,21,,,1,33,,591095,21,,,1,70,,591073,21,,,1,15,,591082,21,,,1,16,,591066,21,,,1,56,,591105,21,,,1,14,,591064,21,,,1,16,,591075,21,,,1,14,,591060,21,,,1,57,,591091,21,,,1,13,,591107,21,,,1,14,,591068,21,,,1,15,,591069,21,,,1,55,,591070,21,,,1,14,,591086,21,,,1,28,,591101,21,,,1,70,,591103,21,,,1,30,,591100,21,,,1,70,,591081,21,,,1,30,,591080,21,,,1,69,,591072,21,,,1,30,,591089,21,,,1,105,,591108,8,,,1,100,,591077,8,,,1
4800,'10-1',447,,591119,8,,,1,95,,591130,8,,,1,60,,591127,8,,,1,10,,591113,21,,,1,15,,591139,21,,,1,16,,591147,21,,,1,15,,591149,21,,,1,55,,591157,21,,,1,14,,591151,21,,,1,20,,591109,21,,,1,53,,591136,21,,,1,17,,591142,21,,,1,16,,591124,21,,,1,15,,591155,21,,,1,53,,591143,21,,,1,14,,591132,21,,,1,29,,591131,21,,,1,70,,591133,21,,,1,30,,591154,21,,,1,69,,591150,21,,,1,31,,591141,21,,,1,70,,591135,21,,,1,29,,591129,21,,,1,70,,591125,21,,,1,30,,591118,21,,,1,71,,591128,21,,,1,33,,591153,21,,,1,70,,591111,21,,,1,15,,591134,21,,,1,16,,591146,21,,,1,56,,591126,21,,,1,14,,591145,21,,,1,16,,591115,21,,,1,14,,591114,21,,,1,57,,591117,21,,,1,13,,591148,21,,,1,14,,591122,21,,,1,15,,591110,21,,,1,55,,591152,21,,,1,14,,591140,21,,,1,28,,591123,21,,,1,70,,591112,21,,,1,30,,591120,21,,,1,70,,591137,21,,,1,30,,591121,21,,,1,69,,591138,21,,,1,30,,591144,21,,,1,105,,591156,8,,,1,100,,591116,8,,,1
4800,'11-1',447,,591168,8,,,1,95,,591179,8,,,1,60,,591176,8,,,1,10,,591162,21,,,1,15,,591188,21,,,1,16,,591196,21,,,1,15,,591198,21,,,1,55,,591206,21,,,1,14,,591200,21,,,1,20,,591158,21,,,1,53,,591185,21,,,1,17,,591191,21,,,1,16,,591173,21,,,1,15,,591204,21,,,1,53,,591192,21,,,1,14,,591181,21,,,1,29,,591180,21,,,1,70,,591182,21,,,1,30,,591203,21,,,1,69,,591199,21,,,1,31,,591190,21,,,1,70,,591184,21,,,1,29,,591178,21,,,1,70,,591174,21,,,1,30,,591167,21,,,1,71,,591177,21,,,1,33,,591202,21,,,1,70,,591160,21,,,1,15,,591183,21,,,1,16,,591195,21,,,1,56,,591175,21,,,1,14,,591194,21,,,1,16,,591164,21,,,1,14,,591163,21,,,1,57,,591166,21,,,1,13,,591197,21,,,1,14,,591171,21,,,1,15,,591159,21,,,1,55,,591201,21,,,1,14,,591189,21,,,1,28,,591172,21,,,1,70,,591161,21,,,1,30,,591169,21,,,1,70,,591186,21,,,1,30,,591170,21,,,1,69,,591187,21,,,1,30,,591193,21,,,1,105,,591205,8,,,1,100,,591165,8,,,1
4800,'2-1',447,,591217,8,,,1,95,,591228,8,,,1,60,,591225,8,,,1,10,,591211,21,,,1,15,,591237,21,,,1,16,,591245,21,,,1,15,,591247,21,,,1,55,,591255,21,,,1,14,,591249,21,,,1,20,,591207,21,,,1,53,,591234,21,,,1,17,,591240,21,,,1,16,,591222,21,,,1,15,,591253,21,,,1,53,,591241,21,,,1,14,,591230,21,,,1,29,,591229,21,,,1,70,,591231,21,,,1,30,,591252,21,,,1,69,,591248,21,,,1,31,,591239,21,,,1,70,,591233,21,,,1,29,,591227,21,,,1,70,,591223,21,,,1,30,,591216,21,,,1,71,,591226,21,,,1,33,,591251,21,,,1,70,,591209,21,,,1,15,,591232,21,,,1,16,,591244,21,,,1,56,,591224,21,,,1,14,,591243,21,,,1,16,,591213,21,,,1,14,,591212,21,,,1,57,,591215,21,,,1,13,,591246,21,,,1,14,,591220,21,,,1,15,,591208,21,,,1,55,,591250,21,,,1,14,,591238,21,,,1,28,,591221,21,,,1,70,,591210,21,,,1,30,,591218,21,,,1,70,,591235,21,,,1,30,,591219,21,,,1,69,,591236,21,,,1,30,,591242,21,,,1,105,,591254,8,,,1,100,,591214,8,,,1
4800,'3-1',654,,591257,8,,,1,100,,591262,8,,,1,70,,591258,21,,,1,100,,591266,21,,,1,30,,591256,21,,,1,71,,591279,21,,,1,30,,591260,21,,,1,70,,591267,21,,,1,30,,591272,21,,,1,71,,591269,21,,,1,30,,591278,21,,,1,70,,591275,21,,,1,30,,591261,21,,,1,100,,591277,21,,,1,70,,591281,21,,,1,100,,591263,21,,,1,30,,591273,21,,,1,100,,591280,21,,,1,70,,591264,21,,,1,30,,591271,21,,,1,100,,591276,8,,,1,70,,591265,8,,,1,30,,591259,8,,,1,100,,591270,8,,,1,100,,591274,8,,,1,100,,591268,8,,,1
4800,'4-1',654,,591294,8,,,1,100,,591305,8,,,1,70,,591283,21,,,1,100,,591290,21,,,1,30,,591300,21,,,1,71,,591287,21,,,1,30,,591297,21,,,1,70,,591312,21,,,1,30,,591308,21,,,1,71,,591298,21,,,1,30,,591296,21,,,1,70,,591299,21,,,1,30,,591306,21,,,1,70,,591302,21,,,1,30,,591310,21,,,1,70,,591284,21,,,1,30,,591285,21,,,1,70,,591307,21,,,1,30,,591292,21,,,1,70,,591304,21,,,1,30,,591295,21,,,1,70,,591309,21,,,1,30,,591303,21,,,1,70,,591288,21,,,1,30,,591311,8,,,1,70,,591301,8,,,1,30,,591286,8,,,1,100,,591282,8,,,1,100,,591293,8,,,1,100,,591289,8,,,1,100,,591291,8,,,1
4800,'5-1',548,,591340,8,,,1,100,,591326,8,,,1,100,,591318,21,,,1,70,,591337,21,,,1,130,,591327,21,,,1,71,,591332,21,,,1,30,,591339,21,,,1,70,,591322,21,,,1,101,,591330,21,,,1,30,,591313,21,,,1,70,,591320,21,,,1,100,,591331,21,,,1,30,,591323,21,,,1,70,,591317,21,,,1,30,,591329,21,,,1,70,,591315,21,,,1,30,,591334,21,,,1,70,,591319,21,,,1,30,,591338,21,,,1,70,,591328,21,,,1,30,,591321,21,,,1,70,,591335,21,,,1,99,,591314,21,,,1,30,,591333,21,,,1,70,,591341,21,,,1,100,,591325,21,,,1,30,,591336,8,,,1,100,,591316,8,,,1,110,,591324,8,,,1
4800,'6-1',447,,591352,8,,,1,95,,591363,8,,,1,60,,591360,8,,,1,10,,591346,21,,,1,15,,591372,21,,,1,16,,591380,21,,,1,15,,591382,21,,,1,55,,591390,21,,,1,14,,591384,21,,,1,20,,591342,21,,,1,53,,591369,21,,,1,17,,591375,21,,,1,16,,591357,21,,,1,15,,591388,21,,,1,53,,591376,21,,,1,14,,591365,21,,,1,29,,591364,21,,,1,70,,591366,21,,,1,30,,591387,21,,,1,69,,591383,21,,,1,31,,591374,21,,,1,70,,591368,21,,,1,29,,591362,21,,,1,70,,591358,21,,,1,30,,591351,21,,,1,71,,591361,21,,,1,33,,591386,21,,,1,70,,591344,21,,,1,15,,591367,21,,,1,16,,591379,21,,,1,56,,591359,21,,,1,14,,591378,21,,,1,16,,591348,21,,,1,14,,591347,21,,,1,57,,591350,21,,,1,13,,591381,21,,,1,14,,591355,21,,,1,15,,591343,21,,,1,55,,591385,21,,,1,14,,591373,21,,,1,28,,591356,21,,,1,70,,591345,21,,,1,30,,591353,21,,,1,70,,591370,21,,,1,30,,591354,21,,,1,69,,591371,21,,,1,30,,591377,21,,,1,105,,591389,8,,,1,100,,591349,8,,,1
4800,'7-1',654,,591392,8,,,1,100,,591397,8,,,1,70,,591393,21,,,1,100,,591401,21,,,1,30,,591391,21,,,1,71,,591414,21,,,1,30,,591395,21,,,1,70,,591402,21,,,1,30,,591407,21,,,1,71,,591404,21,,,1,30,,591413,21,,,1,70,,591410,21,,,1,30,,591396,21,,,1,100,,591412,21,,,1,70,,591416,21,,,1,100,,591398,21,,,1,30,,591408,21,,,1,100,,591415,21,,,1,70,,591399,21,,,1,30,,591406,21,,,1,100,,591411,8,,,1,70,,591400,8,,,1,30,,591394,8,,,1,100,,591405,8,,,1,100,,591409,8,,,1,100,,591403,8,,,1
4800,'8-1',447,,591427,8,,,1,95,,591438,8,,,1,60,,591435,8,,,1,10,,591421,21,,,1,15,,591447,21,,,1,16,,591455,21,,,1,15,,591457,21,,,1,55,,591465,21,,,1,14,,591459,21,,,1,20,,591417,21,,,1,53,,591444,21,,,1,17,,591450,21,,,1,16,,591432,21,,,1,15,,591463,21,,,1,53,,591451,21,,,1,14,,591440,21,,,1,29,,591439,21,,,1,70,,591441,21,,,1,30,,591462,21,,,1,69,,591458,21,,,1,31,,591449,21,,,1,70,,591443,21,,,1,29,,591437,21,,,1,70,,591433,21,,,1,30,,591426,21,,,1,71,,591436,21,,,1,33,,591461,21,,,1,70,,591419,21,,,1,15,,591442,21,,,1,16,,591454,21,,,1,56,,591434,21,,,1,14,,591453,21,,,1,16,,591423,21,,,1,14,,591422,21,,,1,57,,591425,21,,,1,13,,591456,21,,,1,14,,591430,21,,,1,15,,591418,21,,,1,55,,591460,21,,,1,14,,591448,21,,,1,28,,591431,21,,,1,70,,591420,21,,,1,30,,591428,21,,,1,70,,591445,21,,,1,30,,591429,21,,,1,69,,591446,21,,,1,30,,591452,21,,,1,105,,591464,8,,,1,100,,591424,8,,,1
4800,'9-1',548,,591477,8,,,1,100,,591494,8,,,1,100,,591480,21,,,1,70,,591493,21,,,1,30,,591466,21,,,1,70,,591488,21,,,1,30,,591490,21,,,1,71,,591486,21,,,1,30,,591498,21,,,1,70,,591496,21,,,1,30,,591479,21,,,1,71,,591478,21,,,1,30,,591474,21,,,1,70,,591497,21,,,1,30,,591472,21,,,1,70,,591499,21,,,1,30,,591487,21,,,1,70,,591483,21,,,1,30,,591473,21,,,1,70,,591475,21,,,1,30,,591491,21,,,1,70,,591481,21,,,1,30,,591489,21,,,1,70,,591476,21,,,1,30,,591484,21,,,1,70,,591470,21,,,1,30,,591467,21,,,1,69,,591492,21,,,1,30,,591500,21,,,1,70,,591468,21,,,1,30,,591471,21,,,1,70,,591495,21,,,1,30,,591485,8,,,1,100,,591469,8,,,1,110,,591482,8,,,1
