7301,'1-1',528,,602562,24,0,43,1,106,,602563,29,0,43,1,25,,602575,29,0,43,1,68,,602559,29,0,43,1,30,,602571,29,0,43,1,67,,602570,29,0,43,1,30,,602579,29,0,43,1,66,,602566,24,0,43,1,30,,602567,24,0,43,1,70,,602585,24,0,43,1,25,,602573,24,0,43,1,70,,602581,24,0,43,1,30,,602560,24,0,43,1,70,,602580,24,0,43,1,30,,602558,24,0,43,1,70,,602588,24,0,43,1,30,,602576,24,0,43,1,106,,602589,29,,,1,76,,602586,29,,,1,31,,602590,29,,,1,71,,602577,29,,,1,29,,602568,29,,,1,69,,602569,29,,,1,28,,602572,29,,,1,68,,602561,29,,,1,25,,602584,24,,,1,70,,602587,24,0,43,1,30,,602578,24,0,43,1,70,,602582,24,0,43,1,30,,602565,24,0,43,1,70,,602583,24,0,43,1,30,,602564,24,0,43,1,65,,602574,24,0,43,1
7301,'10-1',528,,602596,24,0,43,1,106,,602622,29,0,43,1,25,,602598,29,0,43,1,68,,602612,29,0,43,1,30,,602623,29,0,43,1,67,,602618,29,0,43,1,30,,602610,29,0,43,1,66,,602613,24,0,43,1,30,,602619,24,0,43,1,70,,602591,24,0,43,1,25,,602597,24,0,43,1,70,,602615,24,0,43,1,30,,602602,24,0,43,1,70,,602609,24,0,43,1,30,,602594,24,0,43,1,70,,602616,24,0,43,1,30,,602608,24,0,43,1,106,,602617,29,,,1,76,,602595,29,,,1,31,,602601,29,,,1,71,,602607,29,,,1,29,,602603,29,,,1,69,,602606,29,,,1,28,,602605,29,,,1,68,,602600,29,,,1,25,,602604,24,,,1,70,,602614,24,0,43,1,30,,602621,24,0,43,1,70,,602599,24,0,43,1,30,,602611,24,0,43,1,70,,602593,24,0,43,1,30,,602592,24,0,43,1,65,,602620,24,0,43,1
7301,'11-1',528,,602629,24,0,43,1,106,,602655,29,0,43,1,25,,602631,29,0,43,1,68,,602645,29,0,43,1,30,,602656,29,0,43,1,67,,602651,29,0,43,1,30,,602643,29,0,43,1,66,,602646,24,0,43,1,30,,602652,24,0,43,1,70,,602624,24,0,43,1,25,,602630,24,0,43,1,70,,602648,24,0,43,1,30,,602635,24,0,43,1,70,,602642,24,0,43,1,30,,602627,24,0,43,1,70,,602649,24,0,43,1,30,,602641,24,0,43,1,106,,602650,29,,,1,76,,602628,29,,,1,31,,602634,29,,,1,71,,602640,29,,,1,29,,602636,29,,,1,69,,602639,29,,,1,28,,602638,29,,,1,68,,602633,29,,,1,25,,602637,24,,,1,70,,602647,24,0,43,1,30,,602654,24,0,43,1,70,,602632,24,0,43,1,30,,602644,24,0,43,1,70,,602626,24,0,43,1,30,,602625,24,0,43,1,65,,602653,24,0,43,1
7301,'2-1',528,,602662,24,0,43,1,106,,602688,29,0,43,1,25,,602664,29,0,43,1,68,,602678,29,0,43,1,30,,602689,29,0,43,1,67,,602684,29,0,43,1,30,,602676,29,0,43,1,66,,602679,24,0,43,1,30,,602685,24,0,43,1,70,,602657,24,0,43,1,25,,602663,24,0,43,1,70,,602681,24,0,43,1,30,,602668,24,0,43,1,70,,602675,24,0,43,1,30,,602660,24,0,43,1,70,,602682,24,0,43,1,30,,602674,24,0,43,1,106,,602683,29,,,1,76,,602661,29,,,1,31,,602667,29,,,1,71,,602673,29,,,1,29,,602669,29,,,1,69,,602672,29,,,1,28,,602671,29,,,1,68,,602666,29,,,1,25,,602670,24,,,1,70,,602680,24,0,43,1,30,,602687,24,0,43,1,70,,602665,24,0,43,1,30,,602677,24,0,43,1,70,,602659,24,0,43,1,30,,602658,24,0,43,1,65,,602686,24,0,43,1
7301,'6-1',528,,602695,24,0,43,1,106,,602721,29,0,43,1,25,,602697,29,0,43,1,68,,602711,29,0,43,1,30,,602722,29,0,43,1,67,,602717,29,0,43,1,30,,602709,29,0,43,1,66,,602712,24,0,43,1,30,,602718,24,0,43,1,70,,602690,24,0,43,1,25,,602696,24,0,43,1,70,,602714,24,0,43,1,30,,602701,24,0,43,1,70,,602708,24,0,43,1,30,,602693,24,0,43,1,70,,602715,24,0,43,1,30,,602707,24,0,43,1,106,,602716,29,,,1,76,,602694,29,,,1,31,,602700,29,,,1,71,,602706,29,,,1,29,,602702,29,,,1,69,,602705,29,,,1,28,,602704,29,,,1,68,,602699,29,,,1,25,,602703,24,,,1,70,,602713,24,0,43,1,30,,602720,24,0,43,1,70,,602698,24,0,43,1,30,,602710,24,0,43,1,70,,602692,24,0,43,1,30,,602691,24,0,43,1,65,,602719,24,0,43,1
7301,'8-1',528,,602728,24,0,43,1,106,,602754,29,0,43,1,25,,602730,29,0,43,1,68,,602744,29,0,43,1,30,,602755,29,0,43,1,67,,602750,29,0,43,1,30,,602742,29,0,43,1,66,,602745,24,0,43,1,30,,602751,24,0,43,1,70,,602723,24,0,43,1,25,,602729,24,0,43,1,70,,602747,24,0,43,1,30,,602734,24,0,43,1,70,,602741,24,0,43,1,30,,602726,24,0,43,1,70,,602748,24,0,43,1,30,,602740,24,0,43,1,106,,602749,29,,,1,76,,602727,29,,,1,31,,602733,29,,,1,71,,602739,29,,,1,29,,602735,29,,,1,69,,602738,29,,,1,28,,602737,29,,,1,68,,602732,29,,,1,25,,602736,24,,,1,70,,602746,24,0,43,1,30,,602753,24,0,43,1,70,,602731,24,0,43,1,30,,602743,24,0,43,1,70,,602725,24,0,43,1,30,,602724,24,0,43,1,65,,602752,24,0,43,1
27700,'1-1',608,,626950,16,,,1,30,,626954,16,,,1,70,,626953,16,,,1,32,,626952,16,,,1,70,,626951,16,,,1,44,,626949,16,,,1
27700,'10-1',608,,626957,16,,,1,30,,626956,16,,,1,70,,626958,16,,,1,32,,626960,16,,,1,70,,626959,16,,,1,44,,626955,16,,,1
27700,'11-1',608,,626963,16,,,1,30,,626962,16,,,1,70,,626964,16,,,1,32,,626966,16,,,1,70,,626965,16,,,1,44,,626961,16,,,1
27700,'2-1',608,,626969,16,,,1,30,,626968,16,,,1,70,,626970,16,,,1,32,,626972,16,,,1,70,,626971,16,,,1,44,,626967,16,,,1
27700,'6-1',608,,626975,16,,,1,30,,626974,16,,,1,70,,626976,16,,,1,32,,626978,16,,,1,70,,626977,16,,,1,44,,626973,16,,,1
27700,'8-1',608,,626981,16,,,1,30,,626980,16,,,1,70,,626982,16,,,1,32,,626984,16,,,1,70,,626983,16,,,1,44,,626979,16,,,1
