8100,'1-1',810,,793270,70,,,1,30,,793269,70,,,1,70,,793258,70,,,1,30,,793282,70,,,1,70,,793281,70,,,1,30,,793266,70,,,1,72,,793273,70,,,1,30,,793272,70,,,1,70,,793271,70,,,1,30,,793264,70,,,1,72,,793262,70,,,1,30,,793280,70,,,1,70,,793274,70,,,1,30,,793268,70,,,1,70,,793275,70,,,1,30,,793260,70,,,1,70,,793284,70,,,1,30,,793279,70,,,1,70,,793277,70,,,1,30,,793261,70,,,1,70,,793267,70,,,1,30,,793263,70,,,1,68,,793283,70,,,1,30,,793265,70,,,1,70,,793259,70,,,1,100,,793276,70,,,1,98,,793257,70,,,1,100,,793278,70,,,1,100,,793256,70,,,1
8100,'10-1',807,,793287,70,,,1,30,,793305,70,,,1,70,,793286,70,,,1,30,,793300,70,,,1,70,,793294,70,,,1,30,,793289,70,,,1,72,,793299,70,,,1,30,,793302,70,,,1,70,,793309,70,,,1,30,,793304,70,,,1,72,,793291,70,,,1,30,,793306,70,,,1,70,,793295,70,,,1,30,,793296,70,,,1,70,,793293,70,,,1,30,,793308,70,,,1,70,,793288,70,,,1,30,,793290,70,,,1,70,,793301,70,,,1,30,,793285,70,,,1,70,,793307,70,,,1,30,,793292,70,,,1,68,,793303,70,,,1,100,,793311,70,,,1,100,,793310,70,,,1,98,,793298,70,,,1,100,,793297,70,,,1
8100,'11-1',618,,793346,71,,,1,37,,793319,71,,,1,73,,793317,71,,,1,72,,793321,71,,,1,29,,793337,71,,,1,77,,793312,71,,,1,24,,793315,71,,,1,27,,793323,71,,,1,69,,793314,71,,,1,31,,793324,71,,,1,70,,793330,71,,,1,30,,793322,71,,,1,70,,793329,71,,,1,30,,793318,71,,,1,70,,793338,71,,,1,30,,793313,71,,,1,72,,793331,71,,,1,73,,793345,71,,,1,33,,793334,71,,,1,73,,793320,71,,,1,35,,793316,71,,,1,70,,793343,71,,,1,27,,793336,71,,,1,67,,793339,71,,,1,27,,793328,71,,,1,24,,793335,71,,,1,64,,793342,71,,,1,28,,793326,71,,,1,69,,793347,71,,,1,30,,793344,71,,,1,68,,793333,71,,,1,30,,793327,71,,,1,69,,793341,71,,,1,29,,793332,71,,,1,100,,793325,71,,,1,89,,793340,71,,,1
8100,'12-1',807,,793350,70,,,1,30,,793368,70,,,1,70,,793349,70,,,1,30,,793363,70,,,1,70,,793357,70,,,1,30,,793352,70,,,1,72,,793362,70,,,1,30,,793365,70,,,1,70,,793372,70,,,1,30,,793367,70,,,1,72,,793354,70,,,1,30,,793369,70,,,1,70,,793358,70,,,1,30,,793359,70,,,1,70,,793356,70,,,1,30,,793371,70,,,1,70,,793351,70,,,1,30,,793353,70,,,1,70,,793364,70,,,1,30,,793348,70,,,1,70,,793370,70,,,1,30,,793355,70,,,1,68,,793366,70,,,1,100,,793374,70,,,1,100,,793373,70,,,1,98,,793361,70,,,1,100,,793360,70,,,1
8100,'2-1',807,,793377,70,,,1,30,,793395,70,,,1,70,,793376,70,,,1,30,,793390,70,,,1,70,,793384,70,,,1,30,,793379,70,,,1,72,,793389,70,,,1,30,,793392,70,,,1,70,,793399,70,,,1,30,,793394,70,,,1,72,,793381,70,,,1,30,,793396,70,,,1,70,,793385,70,,,1,30,,793386,70,,,1,70,,793383,70,,,1,30,,793398,70,,,1,70,,793378,70,,,1,30,,793380,70,,,1,70,,793391,70,,,1,30,,793375,70,,,1,70,,793397,70,,,1,30,,793382,70,,,1,68,,793393,70,,,1,100,,793401,70,,,1,100,,793400,70,,,1,98,,793388,70,,,1,100,,793387,70,,,1
8100,'3-1',618,,793436,71,,,1,37,,793409,71,,,1,73,,793407,71,,,1,72,,793411,71,,,1,29,,793427,71,,,1,77,,793402,71,,,1,24,,793405,71,,,1,27,,793413,71,,,1,69,,793404,71,,,1,31,,793414,71,,,1,70,,793420,71,,,1,30,,793412,71,,,1,70,,793419,71,,,1,30,,793408,71,,,1,70,,793428,71,,,1,30,,793403,71,,,1,72,,793421,71,,,1,73,,793435,71,,,1,33,,793424,71,,,1,73,,793410,71,,,1,35,,793406,71,,,1,70,,793433,71,,,1,27,,793426,71,,,1,67,,793429,71,,,1,27,,793418,71,,,1,24,,793425,71,,,1,64,,793432,71,,,1,28,,793416,71,,,1,69,,793437,71,,,1,30,,793434,71,,,1,68,,793423,71,,,1,30,,793417,71,,,1,69,,793431,71,,,1,29,,793422,71,,,1,100,,793415,71,,,1,89,,793430,71,,,1
8100,'4-1',618,,793472,71,,,1,37,,793445,71,,,1,73,,793443,71,,,1,72,,793447,71,,,1,29,,793463,71,,,1,77,,793438,71,,,1,24,,793441,71,,,1,27,,793449,71,,,1,69,,793440,71,,,1,31,,793450,71,,,1,70,,793456,71,,,1,30,,793448,71,,,1,70,,793455,71,,,1,30,,793444,71,,,1,70,,793464,71,,,1,30,,793439,71,,,1,72,,793457,71,,,1,73,,793471,71,,,1,33,,793460,71,,,1,73,,793446,71,,,1,35,,793442,71,,,1,70,,793469,71,,,1,27,,793462,71,,,1,67,,793465,71,,,1,27,,793454,71,,,1,24,,793461,71,,,1,64,,793468,71,,,1,28,,793452,71,,,1,69,,793473,71,,,1,30,,793470,71,,,1,68,,793459,71,,,1,30,,793453,71,,,1,69,,793467,71,,,1,29,,793458,71,,,1,100,,793451,71,,,1,89,,793466,71,,,1
8100,'5-1',618,,793508,71,,,1,37,,793481,71,,,1,73,,793479,71,,,1,72,,793483,71,,,1,29,,793499,71,,,1,77,,793474,71,,,1,24,,793477,71,,,1,27,,793485,71,,,1,69,,793476,71,,,1,31,,793486,71,,,1,70,,793492,71,,,1,30,,793484,71,,,1,70,,793491,71,,,1,30,,793480,71,,,1,70,,793500,71,,,1,30,,793475,71,,,1,72,,793493,71,,,1,73,,793507,71,,,1,33,,793496,71,,,1,73,,793482,71,,,1,35,,793478,71,,,1,70,,793505,71,,,1,27,,793498,71,,,1,67,,793501,71,,,1,27,,793490,71,,,1,24,,793497,71,,,1,64,,793504,71,,,1,28,,793488,71,,,1,69,,793509,71,,,1,30,,793506,71,,,1,68,,793495,71,,,1,30,,793489,71,,,1,69,,793503,71,,,1,29,,793494,71,,,1,100,,793487,71,,,1,89,,793502,71,,,1
8100,'6-1',807,,793512,70,,,1,30,,793535,70,,,1,70,,793515,70,,,1,30,,793517,70,,,1,70,,793510,70,,,1,30,,793533,70,,,1,72,,793532,70,,,1,30,,793523,70,,,1,70,,793525,70,,,1,30,,793534,70,,,1,72,,793528,70,,,1,30,,793524,70,,,1,70,,793511,70,,,1,30,,793530,70,,,1,70,,793521,70,,,1,30,,793516,70,,,1,70,,793519,70,,,1,30,,793514,70,,,1,70,,793526,70,,,1,30,,793531,70,,,1,70,,793536,70,,,1,30,,793527,70,,,1,68,,793529,70,,,1,100,,793522,70,,,1,100,,793518,70,,,1,98,,793513,70,,,1,100,,793520,70,,,1
8100,'7-1',807,,793539,70,,,1,30,,793562,70,,,1,70,,793542,70,,,1,30,,793544,70,,,1,70,,793537,70,,,1,30,,793560,70,,,1,72,,793559,70,,,1,30,,793550,70,,,1,70,,793552,70,,,1,30,,793561,70,,,1,72,,793555,70,,,1,30,,793551,70,,,1,70,,793538,70,,,1,30,,793557,70,,,1,70,,793548,70,,,1,30,,793543,70,,,1,70,,793546,70,,,1,30,,793541,70,,,1,70,,793553,70,,,1,30,,793558,70,,,1,70,,793563,70,,,1,30,,793554,70,,,1,68,,793556,70,,,1,100,,793549,70,,,1,100,,793545,70,,,1,98,,793540,70,,,1,100,,793547,70,,,1
8100,'8-1',618,,793598,71,,,1,37,,793571,71,,,1,73,,793569,71,,,1,72,,793573,71,,,1,29,,793589,71,,,1,77,,793564,71,,,1,24,,793567,71,,,1,27,,793575,71,,,1,69,,793566,71,,,1,31,,793576,71,,,1,70,,793582,71,,,1,30,,793574,71,,,1,70,,793581,71,,,1,30,,793570,71,,,1,70,,793590,71,,,1,30,,793565,71,,,1,72,,793583,71,,,1,73,,793597,71,,,1,33,,793586,71,,,1,73,,793572,71,,,1,35,,793568,71,,,1,70,,793595,71,,,1,27,,793588,71,,,1,67,,793591,71,,,1,27,,793580,71,,,1,24,,793587,71,,,1,64,,793594,71,,,1,28,,793578,71,,,1,69,,793599,71,,,1,30,,793596,71,,,1,68,,793585,71,,,1,30,,793579,71,,,1,69,,793593,71,,,1,29,,793584,71,,,1,100,,793577,71,,,1,89,,793592,71,,,1
8100,'9-1',810,,793626,70,,,1,30,,793623,70,,,1,70,,793607,70,,,1,30,,793600,70,,,1,70,,793625,70,,,1,30,,793601,70,,,1,72,,793604,70,,,1,30,,793621,70,,,1,70,,793628,70,,,1,30,,793620,70,,,1,72,,793618,70,,,1,30,,793608,70,,,1,70,,793605,70,,,1,30,,793622,70,,,1,70,,793612,70,,,1,30,,793619,70,,,1,70,,793603,70,,,1,30,,793627,70,,,1,70,,793616,70,,,1,30,,793606,70,,,1,70,,793613,70,,,1,30,,793610,70,,,1,68,,793602,70,,,1,30,,793615,70,,,1,70,,793617,70,,,1,100,,793611,70,,,1,98,,793609,70,,,1,100,,793624,70,,,1,100,,793614,70,,,1
65901,'11-1',1505,,814803,1,,,1,7,,814805,1,,,1,6,,814801,1,,,1
65901,'3-1',1505,,814808,1,,,1,7,,814810,1,,,1,6,,814806,1,,,1
65901,'4-1',1505,,814813,1,,,1,7,,814815,1,,,1,6,,814811,1,,,1
65901,'5-1',1505,,814818,1,,,1,7,,814820,1,,,1,6,,814816,1,,,1
65901,'8-1',1505,,814823,1,,,1,7,,814825,1,,,1,6,,814821,1,,,1
67300,'11-1',1515,,814994,1,,,1,8,,814993,1,,,1,28,,814992,1,,,1
67300,'3-1',1515,,814998,1,,,1,8,,814997,1,,,1,28,,814996,1,,,1
67300,'4-1',1515,,815002,1,,,1,8,,815001,1,,,1,28,,815000,1,,,1
67300,'5-1',1515,,815006,1,,,1,8,,815005,1,,,1,28,,815004,1,,,1
67300,'8-1',1515,,815010,1,,,1,8,,815009,1,,,1,28,,815008,1,,,1
68400,'11-1',1458,,815202,1,,,1,65,,815201,1,,,1
68400,'3-1',1458,,815204,1,,,1,65,,815203,1,,,1
68400,'4-1',1458,,815206,1,,,1,65,,815205,1,,,1
68400,'5-1',1458,,815208,1,,,1,65,,815207,1,,,1
68400,'8-1',1458,,815210,1,,,1,65,,815209,1,,,1
