3900,'1-1',355,,493981,26,,,1,65,,493972,26,,,1,27,,494018,26,,,1,71,,493968,27,0,93,1,2017,,493970,27,,,1,70,,493985,27,,,1,30,,493995,27,,,1,71,,494023,27,,,1
3900,'2-1',357,,494159,26,,,1,70,,494157,26,,,1,31,,494214,26,,,1,70,,494087,26,,,1,30,,494055,26,,,1,70,,494081,26,,,1,30,,494112,26,,,1,65,,494168,22,,,1,30,,494064,22,,,1,1578,,494032,23,,,1,27,,494077,23,,,1,70,,494078,23,,,1,30,,494045,23,0,148 67,0,70,,494130,23,,,1,15,,494151,23,,,1,15,,494193,23,,,1,55,,494068,23,,,1,15,,494209,23,,,1,15,,494058,23,,,1,15,,494041,23,0,148 67,0,55,,494109,23,,,1,15,,494145,23,,,1
3900,'3-1',343,,494254,22,,,1,65,,494247,26,,,1,31,,494259,26,,,1,70,,494260,26,,,1,30,,494266,26,,,1,70,,494236,26,,,1,1910,,494238,22,,,1,30,,494285,22,,,1,75,,494270,22,,,1,30,,494227,22,,,1,70,,494251,22,,,1
3900,'4-1',343,,494357,22,,,1,65,,494321,26,,,1,31,,494315,26,,,1,70,,494360,26,,,1,30,,494356,26,,,1,70,,494334,26,,,1,2015,,494338,22,,,1,30,,494307,22,,,1,70,,494306,22,,,1
3900,'5-1',355,,494397,26,,,1,65,,494388,26,,,1,27,,494434,26,,,1,71,,494384,27,0,93,1,2017,,494386,27,,,1,70,,494401,27,,,1,30,,494411,27,,,1,71,,494439,27,,,1
3900,'6-1',357,,494499,26,,,1,70,,494503,26,,,1,31,,494457,26,,,1,70,,494506,26,,,1,30,,494475,26,,,1,70,,494505,26,,,1,30,,494500,26,,,1,65,,494482,22,,,1,30,,494479,22,,,1,1605,,494456,22,,,1,70,,494449,22,,,1,30,,494485,22,,,1,70,,494447,22,,,1,30,,494467,22,,,1,70,,494495,22,,,1,30,,494484,22,,,1,70,,494458,22,,,1
3900,'7-1',355,,494545,26,,,1,65,,494536,26,,,1,27,,494582,26,,,1,71,,494532,27,0,93,1,2017,,494534,27,,,1,70,,494549,27,,,1,30,,494559,27,,,1,71,,494587,27,,,1
3900,'8-1',355,,494628,26,,,1,65,,494619,26,,,1,27,,494665,26,,,1,71,,494615,27,0,93,1,2017,,494617,27,,,1,70,,494632,27,,,1,30,,494642,27,,,1,71,,494670,27,,,1
3900,'9-1',355,,494711,26,,,1,65,,494702,26,,,1,27,,494748,26,,,1,71,,494698,27,0,93,1,2017,,494700,27,,,1,70,,494715,27,,,1,30,,494725,27,,,1,71,,494753,27,,,1
3901,'1-1',342,,494803,10,0,138 26,1,70,,494837,10,0,138 26,1,25,,494769,10,0,138 26,1,2108,,494764,10,0,73,1,73,,494795,10,0,73,1,30,,494790,10,0,73,1,70,,494830,10,0,73,1
3901,'2-1',346,,495002,10,0,138 26,1,70,,494840,10,0,138 26,1,30,,494974,10,0,138 26,1,70,,494902,10,0,138 26,1,30,,494875,10,0,138 26,1,71,,494877,10,0,138 26,1,31,,494862,10,0,138 26,1,70,,494921,10,0,138 26,1,30,,494963,10,0,138 26,1,58,,494925,10,0,138 26,1,1550,,494961,10,0,148 116,0,70,,494847,10,0,73,1,30,,494941,10,0,73,1,70,,494886,10,0,73,1,30,,494923,10,0,73,1,55,,494964,10,0,138 26,1,15,,494852,10,0,138 26,1,15,,494846,10,0,138 26,1,15,,494868,10,0,138 26,1
3901,'3-1',348,,495100,10,0,138 26,1,70,,495054,10,0,138 26,1,30,,495026,10,0,138 26,1,70,,495029,10,0,138 26,1,30,,495063,10,0,138 26,1,1976,,495089,10,0,138 26,1,30,,495038,10,0,138 26,1,84,,495031,10,0,138 26,1,71,,495036,10,0,138 26,1
3901,'4-1',348,,495145,10,0,138 26,1,70,,495110,10,0,138 26,1,30,,495134,10,0,138 26,1,70,,495158,10,0,138 26,1,30,,495124,10,0,138 26,1,2090,,495128,10,0,138 26,1,71,,495123,10,0,138 26,1
3901,'5-1',342,,495212,10,0,138 26,1,70,,495246,10,0,138 26,1,25,,495178,10,0,138 26,1,2108,,495173,10,0,73,1,73,,495204,10,0,73,1,30,,495199,10,0,73,1,70,,495239,10,0,73,1
3901,'6-1',346,,495256,10,0,138 26,1,70,,495265,10,0,138 26,1,30,,495306,10,0,138 26,1,70,,495281,10,0,138 26,1,30,,495270,10,0,138 26,1,71,,495271,10,0,138 26,1,31,,495302,10,0,138 26,1,70,,495307,10,0,138 26,1,30,,495260,10,0,138 26,1,58,,495300,10,0,138 26,1,1550,,495304,10,0,138 26,1,100,,495308,10,0,138 26,1,70,,495263,10,0,138 26,1,30,,495250,10,0,138 26,1,70,,495287,10,0,138 26,1,30,,495249,10,0,138 26,1
3901,'7-1',342,,495354,10,0,138 26,1,70,,495388,10,0,138 26,1,25,,495320,10,0,138 26,1,2108,,495315,10,0,73,1,73,,495346,10,0,73,1,30,,495341,10,0,73,1,70,,495381,10,0,73,1
3901,'8-1',342,,495434,10,0,138 26,1,70,,495468,10,0,138 26,1,25,,495400,10,0,138 26,1,2108,,495395,10,0,73,1,73,,495426,10,0,73,1,30,,495421,10,0,73,1,70,,495461,10,0,73,1
3901,'9-1',342,,495514,10,0,138 26,1,70,,495548,10,0,138 26,1,25,,495480,10,0,138 26,1,2108,,495475,10,0,73,1,73,,495506,10,0,73,1,30,,495501,10,0,73,1,70,,495541,10,0,73,1
10500,'1-1',516,,521811,7,,,1,25,,521829,7,,,1,67,,521841,7,,,1,25,,521821,7,,,1,73,,521820,7,,,1,31,,521806,7,,,1,71,,521812,7,,,1,27,,521823,7,,,1,68,,521848,7,,,1,31,,521833,7,,,1,70,,521842,7,,,1,30,,521843,7,,,1,70,,521816,7,,,1,30,,521839,7,,,1,70,,521817,7,,,1,29,,521808,7,,,1,70,,521824,7,,,1,30,,521840,7,,,1,70,,521835,7,,,1,30,,521815,7,,,1,70,,521825,7,,,1,30,,521849,7,,,1,72,,521807,7,,,1,28,,521805,7,,,1,70,,521837,7,,,1,30,,521804,7,,,1,70,,521802,7,,,1,30,,521818,7,,,1,78,,521828,7,,,1,25,,521846,7,,,1,70,,521803,7,,,1,30,,521847,7,,,1,70,,521827,7,,,1,30,,521814,7,,,1,70,,521822,7,,,1,30,,521826,7,,,1,70,,521813,7,,,1,30,,521832,7,,,1,71,,521834,7,,,1,20,,521819,7,,,1,25,,521831,7,,,1,68,,521845,7,,,1
10500,'2-1',823,,521889,7,,,1,30,,521868,7,,,1,70,,521884,7,,,1,30,,521856,7,,,1,69,,521876,7,,,1,30,,521870,7,,,1,70,,521899,7,,,1,30,,521871,7,,,1,70,,521875,7,,,1,30,,521903,7,,,1,70,,521863,7,,,1,30,,521858,7,,,1,70,,521861,7,,,1,30,,521887,7,,,1,70,,521865,7,,,1,30,,521892,7,,,1,70,,521880,7,,,1,30,,521879,7,,,1,69,,521867,7,,,1,30,,521874,7,,,1,70,,521881,7,,,1,30,,521894,7,,,1,70,,521855,7,,,1,30,,521898,7,,,1,70,,521877,7,,,1,30,,521878,7,,,1,70,,521853,7,,,1,30,,521862,7,,,1,70,,521885,7,,,1,30,,521852,7,,,1,70,,521896,7,,,1
10500,'3-1',611,,521949,7,,,1,35,,521937,7,,,1,70,,521922,7,,,1,30,,521916,7,,,1,70,,521913,7,,,1,30,,521948,7,,,1,70,,521943,7,,,1,30,,521928,7,,,1,70,,521920,7,,,1,30,,521930,7,,,1,71,,521932,7,,,1,30,,521905,7,,,1,70,,521950,7,,,1,30,,521918,7,,,1,70,,521935,7,,,1,30,,521947,7,,,1,70,,521942,7,,,1,30,,521904,7,,,1,70,,521936,7,,,1,30,,521939,7,,,1,70,,521912,7,,,1,30,,521938,7,,,1,70,,521917,7,,,1,30,,521908,7,,,1,70,,521914,7,,,1,30,,521925,7,,,1,71,,521940,7,,,1,30,,521906,7,,,1,70,,521934,7,,,1,30,,521921,7,,,1,71,,521907,7,,,1,30,,521951,7,,,1,71,,521909,7,,,1,30,,521915,7,,,1,70,,521919,7,,,1,30,,521910,7,,,1,72,,521929,7,,,1,32,,521944,7,,,1,70,,521946,7,,,1,30,,521945,7,,,1,70,,521927,7,,,1
10500,'4-1',611,,521995,7,,,1,35,,521952,7,,,1,70,,521958,7,,,1,30,,521963,7,,,1,70,,521957,7,,,1,30,,521967,7,,,1,70,,521983,7,,,1,30,,521974,7,,,1,70,,521996,7,,,1,30,,521978,7,,,1,71,,521984,7,,,1,30,,521964,7,,,1,70,,521977,7,,,1,30,,521986,7,,,1,70,,521960,7,,,1,30,,521994,7,,,1,70,,521973,7,,,1,30,,521953,7,,,1,70,,521979,7,,,1,30,,521987,7,,,1,70,,521989,7,,,1,30,,521972,7,,,1,70,,521968,7,,,1,30,,521962,7,,,1,70,,521990,7,,,1,30,,521961,7,,,1,71,,521955,7,,,1,30,,521969,7,,,1,70,,521975,7,,,1,30,,521998,7,,,1,71,,521997,7,,,1,30,,521981,7,,,1,71,,521976,7,,,1,30,,521965,7,,,1,70,,521970,7,,,1,30,,521966,7,,,1,72,,521991,7,,,1,32,,521956,7,,,1,70,,521988,7,,,1,30,,521954,7,,,1,70,,521999,7,,,1
10500,'5-1',516,,522009,7,,,1,25,,522027,7,,,1,67,,522039,7,,,1,25,,522019,7,,,1,73,,522018,7,,,1,31,,522004,7,,,1,71,,522010,7,,,1,27,,522021,7,,,1,68,,522046,7,,,1,31,,522031,7,,,1,70,,522040,7,,,1,30,,522041,7,,,1,70,,522014,7,,,1,30,,522037,7,,,1,70,,522015,7,,,1,29,,522006,7,,,1,70,,522022,7,,,1,30,,522038,7,,,1,70,,522033,7,,,1,30,,522013,7,,,1,70,,522023,7,,,1,30,,522047,7,,,1,72,,522005,7,,,1,28,,522003,7,,,1,70,,522035,7,,,1,30,,522002,7,,,1,70,,522000,7,,,1,30,,522016,7,,,1,78,,522026,7,,,1,25,,522044,7,,,1,70,,522001,7,,,1,30,,522045,7,,,1,70,,522025,7,,,1,30,,522012,7,,,1,70,,522020,7,,,1,30,,522024,7,,,1,70,,522011,7,,,1,30,,522030,7,,,1,71,,522032,7,,,1,20,,522017,7,,,1,25,,522029,7,,,1,68,,522043,7,,,1
10500,'6-1',823,,522079,7,,,1,30,,522081,7,,,1,70,,522089,7,,,1,30,,522054,7,,,1,69,,522057,7,,,1,30,,522095,7,,,1,70,,522087,7,,,1,30,,522068,7,,,1,70,,522052,7,,,1,30,,522075,7,,,1,70,,522058,7,,,1,30,,522069,7,,,1,70,,522070,7,,,1,30,,522063,7,,,1,70,,522092,7,,,1,30,,522056,7,,,1,70,,522078,7,,,1,30,,522084,7,,,1,69,,522093,7,,,1,30,,522053,7,,,1,70,,522062,7,,,1,30,,522050,7,,,1,70,,522066,7,,,1,30,,522067,7,,,1,70,,522064,7,,,1,30,,522094,7,,,1,70,,522061,7,,,1,30,,522071,7,,,1,70,,522076,7,,,1,30,,522083,7,,,1,70,,522077,7,,,1
10500,'7-1',516,,522106,7,,,1,25,,522124,7,,,1,67,,522136,7,,,1,25,,522116,7,,,1,73,,522115,7,,,1,31,,522101,7,,,1,71,,522107,7,,,1,27,,522118,7,,,1,68,,522143,7,,,1,31,,522128,7,,,1,70,,522137,7,,,1,30,,522138,7,,,1,70,,522111,7,,,1,30,,522134,7,,,1,70,,522112,7,,,1,29,,522103,7,,,1,70,,522119,7,,,1,30,,522135,7,,,1,70,,522130,7,,,1,30,,522110,7,,,1,70,,522120,7,,,1,30,,522144,7,,,1,72,,522102,7,,,1,28,,522100,7,,,1,70,,522132,7,,,1,30,,522099,7,,,1,70,,522097,7,,,1,30,,522113,7,,,1,78,,522123,7,,,1,25,,522141,7,,,1,70,,522098,7,,,1,30,,522142,7,,,1,70,,522122,7,,,1,30,,522109,7,,,1,70,,522117,7,,,1,30,,522121,7,,,1,70,,522108,7,,,1,30,,522127,7,,,1,71,,522129,7,,,1,20,,522114,7,,,1,25,,522126,7,,,1,68,,522140,7,,,1
10500,'8-1',516,,522155,7,,,1,25,,522173,7,,,1,67,,522185,7,,,1,25,,522165,7,,,1,73,,522164,7,,,1,31,,522150,7,,,1,71,,522156,7,,,1,27,,522167,7,,,1,68,,522192,7,,,1,31,,522177,7,,,1,70,,522186,7,,,1,30,,522187,7,,,1,70,,522160,7,,,1,30,,522183,7,,,1,70,,522161,7,,,1,29,,522152,7,,,1,70,,522168,7,,,1,30,,522184,7,,,1,70,,522179,7,,,1,30,,522159,7,,,1,70,,522169,7,,,1,30,,522193,7,,,1,72,,522151,7,,,1,28,,522149,7,,,1,70,,522181,7,,,1,30,,522148,7,,,1,70,,522146,7,,,1,30,,522162,7,,,1,78,,522172,7,,,1,25,,522190,7,,,1,70,,522147,7,,,1,30,,522191,7,,,1,70,,522171,7,,,1,30,,522158,7,,,1,70,,522166,7,,,1,30,,522170,7,,,1,70,,522157,7,,,1,30,,522176,7,,,1,71,,522178,7,,,1,20,,522163,7,,,1,25,,522175,7,,,1,68,,522189,7,,,1
10500,'9-1',516,,522204,7,,,1,25,,522222,7,,,1,67,,522234,7,,,1,25,,522214,7,,,1,73,,522213,7,,,1,31,,522199,7,,,1,71,,522205,7,,,1,27,,522216,7,,,1,68,,522241,7,,,1,31,,522226,7,,,1,70,,522235,7,,,1,30,,522236,7,,,1,70,,522209,7,,,1,30,,522232,7,,,1,70,,522210,7,,,1,29,,522201,7,,,1,70,,522217,7,,,1,30,,522233,7,,,1,70,,522228,7,,,1,30,,522208,7,,,1,70,,522218,7,,,1,30,,522242,7,,,1,72,,522200,7,,,1,28,,522198,7,,,1,70,,522230,7,,,1,30,,522197,7,,,1,70,,522195,7,,,1,30,,522211,7,,,1,78,,522221,7,,,1,25,,522239,7,,,1,70,,522196,7,,,1,30,,522240,7,,,1,70,,522220,7,,,1,30,,522207,7,,,1,70,,522215,7,,,1,30,,522219,7,,,1,70,,522206,7,,,1,30,,522225,7,,,1,71,,522227,7,,,1,20,,522212,7,,,1,25,,522224,7,,,1,68,,522238,7,,,1
10501,'1-1',514,,522289,20,,,1,37,,522276,28,,,1,68,,522273,28,,,1,28,,522288,20,,,1,72,,522257,20,,,1,35,,522287,20,,,1,68,,522255,20,,,1,32,,522256,20,,,1,68,,522258,20,,,1,30,,522281,20,,,1,83,,522291,20,,,1,70,,522274,20,,,1,30,,522246,20,,,1,70,,522283,20,,,1,30,,522245,20,,,1,70,,522290,20,,,1,30,,522268,20,,,1,70,,522270,20,,,1,30,,522267,20,,,1,70,,522252,20,,,1,30,,522251,20,,,1,17,,522285,20,,,1,71,,522263,20,,,1,30,,522247,20,,,1,70,,522266,20,,,1,30,,522249,20,,,1,75,,522250,20,,,1,30,,522264,20,,,1,70,,522284,20,,,1,25,,522275,20,,,1,70,,522271,20,,,1,30,,522277,20,,,1,75,,522286,20,,,1,28,,522279,20,,,1,70,,522282,20,,,1,29,,522260,20,,,1,70,,522272,20,,,1,75,,522244,20,,,1,26,,522280,20,,,1,29,,522261,20,,,1,57,,522253,20,,,1
10501,'2-1',814,,522314,20,,,1,17,,522302,20,,,1,71,,522332,20,,,1,30,,522330,20,,,1,70,,522313,20,,,1,32,,522323,20,,,1,70,,522339,20,,,1,30,,522340,20,,,1,70,,522296,20,,,1,30,,522337,20,,,1,70,,522293,20,,,1,30,,522308,20,,,1,70,,522327,20,,,1,30,,522322,20,,,1,70,,522317,20,,,1,30,,522343,20,,,1,70,,522328,20,,,1,30,,522315,20,,,1,70,,522336,20,,,1,30,,522299,20,,,1,70,,522301,20,,,1,30,,522292,20,,,1,70,,522326,20,,,1,28,,522297,20,,,1,70,,522312,20,,,1,30,,522321,20,,,1,68,,522324,20,,,1,30,,522320,20,,,1,70,,522345,20,,,1,30,,522331,20,,,1,70,,522310,20,,,1
10501,'3-1',622,,522348,20,,,1,30,,522375,20,,,1,70,,522356,20,,,1,30,,522381,20,,,1,70,,522387,20,,,1,30,,522363,20,,,1,70,,522380,20,,,1,30,,522391,20,,,1,70,,522351,20,,,1,32,,522373,20,,,1,70,,522369,20,,,1,30,,522359,20,,,1,70,,522385,20,,,1,30,,522366,20,,,1,70,,522352,20,,,1,30,,522374,20,,,1,70,,522371,20,,,1,30,,522358,20,,,1,70,,522370,20,,,1,30,,522349,20,,,1,70,,522357,20,,,1,30,,522362,20,,,1,70,,522382,20,,,1,30,,522384,20,,,1,70,,522372,20,,,1,30,,522389,20,,,1,70,,522392,20,,,1,28,,522368,20,,,1,70,,522354,20,,,1,30,,522353,20,,,1,68,,522390,20,,,1,30,,522383,20,,,1,70,,522347,20,,,1,29,,522378,20,,,1,70,,522355,20,,,1,30,,522346,20,,,1,70,,522386,20,,,1,30,,522361,20,,,1,70,,522360,20,,,1
10501,'4-1',622,,522406,20,,,1,30,,522398,20,,,1,70,,522441,20,,,1,30,,522425,20,,,1,70,,522410,20,,,1,30,,522418,20,,,1,70,,522436,20,,,1,30,,522409,20,,,1,70,,522401,20,,,1,32,,522400,20,,,1,70,,522417,20,,,1,30,,522416,20,,,1,70,,522412,20,,,1,30,,522411,20,,,1,70,,522421,20,,,1,30,,522423,20,,,1,70,,522429,20,,,1,30,,522405,20,,,1,70,,522399,20,,,1,30,,522397,20,,,1,70,,522440,20,,,1,30,,522408,20,,,1,70,,522413,20,,,1,30,,522407,20,,,1,70,,522427,20,,,1,30,,522396,20,,,1,70,,522438,20,,,1,28,,522419,20,,,1,70,,522422,20,,,1,30,,522420,20,,,1,68,,522403,20,,,1,30,,522428,20,,,1,70,,522394,20,,,1,29,,522404,20,,,1,70,,522402,20,,,1,30,,522414,20,,,1,70,,522435,20,,,1,30,,522431,20,,,1,70,,522415,20,,,1,30,,522433,20,,,1
10501,'5-1',514,,522487,20,,,1,37,,522474,28,,,1,68,,522471,28,,,1,28,,522486,20,,,1,72,,522455,20,,,1,35,,522485,20,,,1,68,,522453,20,,,1,32,,522454,20,,,1,68,,522456,20,,,1,30,,522479,20,,,1,83,,522489,20,,,1,70,,522472,20,,,1,30,,522444,20,,,1,70,,522481,20,,,1,30,,522443,20,,,1,70,,522488,20,,,1,30,,522466,20,,,1,70,,522468,20,,,1,30,,522465,20,,,1,70,,522450,20,,,1,30,,522449,20,,,1,17,,522483,20,,,1,71,,522461,20,,,1,30,,522445,20,,,1,70,,522464,20,,,1,30,,522447,20,,,1,75,,522448,20,,,1,30,,522462,20,,,1,70,,522482,20,,,1,25,,522473,20,,,1,70,,522469,20,,,1,30,,522475,20,,,1,75,,522484,20,,,1,28,,522477,20,,,1,70,,522480,20,,,1,29,,522458,20,,,1,70,,522470,20,,,1,75,,522442,20,,,1,26,,522478,20,,,1,29,,522459,20,,,1,57,,522451,20,,,1
10501,'6-1',814,,522526,20,,,1,17,,522527,20,,,1,71,,522511,20,,,1,30,,522501,20,,,1,70,,522492,20,,,1,32,,522509,20,,,1,70,,522506,20,,,1,30,,522525,20,,,1,70,,522519,20,,,1,30,,522521,20,,,1,70,,522529,20,,,1,30,,522522,20,,,1,70,,522534,20,,,1,30,,522520,20,,,1,70,,522493,20,,,1,30,,522496,20,,,1,70,,522533,20,,,1,30,,522502,20,,,1,70,,522497,20,,,1,30,,522523,20,,,1,70,,522530,20,,,1,30,,522518,20,,,1,70,,522513,20,,,1,28,,522538,20,,,1,70,,522507,20,,,1,29,,522531,20,,,1,69,,522494,20,,,1,30,,522495,20,,,1,70,,522512,20,,,1,30,,522516,20,,,1,70,,522500,20,,,1
10501,'7-1',514,,522584,20,,,1,37,,522571,28,,,1,68,,522568,28,,,1,28,,522583,20,,,1,72,,522552,20,,,1,35,,522582,20,,,1,68,,522550,20,,,1,32,,522551,20,,,1,68,,522553,20,,,1,30,,522576,20,,,1,83,,522586,20,,,1,70,,522569,20,,,1,30,,522541,20,,,1,70,,522578,20,,,1,30,,522540,20,,,1,70,,522585,20,,,1,30,,522563,20,,,1,70,,522565,20,,,1,30,,522562,20,,,1,70,,522547,20,,,1,30,,522546,20,,,1,17,,522580,20,,,1,71,,522558,20,,,1,30,,522542,20,,,1,70,,522561,20,,,1,30,,522544,20,,,1,75,,522545,20,,,1,30,,522559,20,,,1,70,,522579,20,,,1,25,,522570,20,,,1,70,,522566,20,,,1,30,,522572,20,,,1,75,,522581,20,,,1,28,,522574,20,,,1,70,,522577,20,,,1,29,,522555,20,,,1,70,,522567,20,,,1,75,,522539,20,,,1,26,,522575,20,,,1,29,,522556,20,,,1,57,,522548,20,,,1
10501,'8-1',514,,522632,20,,,1,37,,522619,28,,,1,68,,522616,28,,,1,28,,522631,20,,,1,72,,522600,20,,,1,35,,522630,20,,,1,68,,522598,20,,,1,32,,522599,20,,,1,68,,522601,20,,,1,30,,522624,20,,,1,83,,522634,20,,,1,70,,522617,20,,,1,30,,522589,20,,,1,70,,522626,20,,,1,30,,522588,20,,,1,70,,522633,20,,,1,30,,522611,20,,,1,70,,522613,20,,,1,30,,522610,20,,,1,70,,522595,20,,,1,30,,522594,20,,,1,17,,522628,20,,,1,71,,522606,20,,,1,30,,522590,20,,,1,70,,522609,20,,,1,30,,522592,20,,,1,75,,522593,20,,,1,30,,522607,20,,,1,70,,522627,20,,,1,25,,522618,20,,,1,70,,522614,20,,,1,30,,522620,20,,,1,75,,522629,20,,,1,28,,522622,20,,,1,70,,522625,20,,,1,29,,522603,20,,,1,70,,522615,20,,,1,75,,522587,20,,,1,26,,522623,20,,,1,29,,522604,20,,,1,57,,522596,20,,,1
10501,'9-1',514,,522680,20,,,1,37,,522667,28,,,1,68,,522664,28,,,1,28,,522679,20,,,1,72,,522648,20,,,1,35,,522678,20,,,1,68,,522646,20,,,1,32,,522647,20,,,1,68,,522649,20,,,1,30,,522672,20,,,1,83,,522682,20,,,1,70,,522665,20,,,1,30,,522637,20,,,1,70,,522674,20,,,1,30,,522636,20,,,1,70,,522681,20,,,1,30,,522659,20,,,1,70,,522661,20,,,1,30,,522658,20,,,1,70,,522643,20,,,1,30,,522642,20,,,1,17,,522676,20,,,1,71,,522654,20,,,1,30,,522638,20,,,1,70,,522657,20,,,1,30,,522640,20,,,1,75,,522641,20,,,1,30,,522655,20,,,1,70,,522675,20,,,1,25,,522666,20,,,1,70,,522662,20,,,1,30,,522668,20,,,1,75,,522677,20,,,1,28,,522670,20,,,1,70,,522673,20,,,1,29,,522651,20,,,1,70,,522663,20,,,1,75,,522635,20,,,1,26,,522671,20,,,1,29,,522652,20,,,1,57,,522644,20,,,1
