9800,'1-1',616,,615014,36,,,1,33,,614979,36,,,1,70,,615006,36,,,1,32,,615003,36,,,1,69,,614987,36,,,1,31,,614972,36,,,1,68,,615028,36,,,1,26,,614991,36,,,1,55,,614967,36,,,1,15,,615017,36,,,1,15,,615008,36,,,1,15,,614962,36,,,1,55,,614984,36,,,1,15,,614965,36,,,1,15,,614970,36,,,1,15,,614996,36,,,1,55,,614999,36,,,1,15,,614978,36,,,1,15,,615002,36,,,1,16,,615020,36,,,1,55,,614982,36,,,1,15,,614995,36,,,1,15,,614989,36,,,1,16,,614975,36,,,1,55,,614986,36,,,1,15,,615015,36,,,1,16,,614976,36,,,1,15,,614964,36,,,1,54,,615011,36,,,1,18,,614963,36,,,1,16,,614960,36,,,1,15,,614969,36,,,1,55,,614968,36,,,1,15,,614966,36,,,1,15,,614959,36,,,1,15,,615010,36,,,1,55,,615027,36,,,1,15,,615022,36,,,1,14,,615013,36,,,1,14,,615016,36,,,1,56,,615026,36,,,1,15,,615004,36,,,1,15,,615012,36,,,1,68,,615001,36,,,1,29,,615000,36,,,1,70,,614977,36,,,1,25,,615018,36,,,1,30,,615019,36,,,1,70,,614974,36,,,1,30,,614980,36,,,1,68,,614981,36,,,1,30,,614971,36,,,1,66,,615025,36,,,1,29,,614973,36,,,1,73,,615023,36,,,1
9800,'10-1',616,,615072,36,,,1,33,,615049,36,,,1,70,,615035,36,,,1,32,,615078,36,,,1,69,,615046,36,,,1,31,,615079,36,,,1,68,,615068,36,,,1,26,,615087,36,,,1,55,,615076,36,,,1,15,,615051,36,,,1,15,,615030,36,,,1,15,,615054,36,,,1,55,,615091,36,,,1,15,,615033,36,,,1,15,,615040,36,,,1,15,,615077,36,,,1,55,,615083,36,,,1,15,,615086,36,,,1,15,,615094,36,,,1,16,,615075,36,,,1,55,,615059,36,,,1,15,,615088,36,,,1,15,,615097,36,,,1,16,,615093,36,,,1,55,,615039,36,,,1,15,,615095,36,,,1,16,,615041,36,,,1,15,,615092,36,,,1,54,,615063,36,,,1,18,,615081,36,,,1,16,,615099,36,,,1,15,,615043,36,,,1,55,,615056,36,,,1,15,,615055,36,,,1,15,,615070,36,,,1,15,,615034,36,,,1,55,,615060,36,,,1,15,,615071,36,,,1,14,,615074,36,,,1,14,,615073,36,,,1,56,,615044,36,,,1,15,,615038,36,,,1,15,,615057,36,,,1,68,,615061,36,,,1,29,,615036,36,,,1,70,,615082,36,,,1,25,,615047,36,,,1,30,,615052,36,,,1,70,,615096,36,,,1,30,,615084,36,,,1,68,,615062,36,,,1,30,,615085,36,,,1,66,,615064,36,,,1,29,,615037,36,,,1,73,,615029,36,,,1
9800,'11-1',616,,615143,36,,,1,33,,615120,36,,,1,70,,615106,36,,,1,32,,615149,36,,,1,69,,615117,36,,,1,31,,615150,36,,,1,68,,615139,36,,,1,26,,615158,36,,,1,55,,615147,36,,,1,15,,615122,36,,,1,15,,615101,36,,,1,15,,615125,36,,,1,55,,615162,36,,,1,15,,615104,36,,,1,15,,615111,36,,,1,15,,615148,36,,,1,55,,615154,36,,,1,15,,615157,36,,,1,15,,615165,36,,,1,16,,615146,36,,,1,55,,615130,36,,,1,15,,615159,36,,,1,15,,615168,36,,,1,16,,615164,36,,,1,55,,615110,36,,,1,15,,615166,36,,,1,16,,615112,36,,,1,15,,615163,36,,,1,54,,615134,36,,,1,18,,615152,36,,,1,16,,615170,36,,,1,15,,615114,36,,,1,55,,615127,36,,,1,15,,615126,36,,,1,15,,615141,36,,,1,15,,615105,36,,,1,55,,615131,36,,,1,15,,615142,36,,,1,14,,615145,36,,,1,14,,615144,36,,,1,56,,615115,36,,,1,15,,615109,36,,,1,15,,615128,36,,,1,68,,615132,36,,,1,29,,615107,36,,,1,70,,615153,36,,,1,25,,615118,36,,,1,30,,615123,36,,,1,70,,615167,36,,,1,30,,615155,36,,,1,68,,615133,36,,,1,30,,615156,36,,,1,66,,615135,36,,,1,29,,615108,36,,,1,73,,615100,36,,,1
9800,'2-1',616,,615214,36,,,1,33,,615191,36,,,1,70,,615177,36,,,1,32,,615220,36,,,1,69,,615188,36,,,1,31,,615221,36,,,1,68,,615210,36,,,1,26,,615229,36,,,1,55,,615218,36,,,1,15,,615193,36,,,1,15,,615172,36,,,1,15,,615196,36,,,1,55,,615233,36,,,1,15,,615175,36,,,1,15,,615182,36,,,1,15,,615219,36,,,1,55,,615225,36,,,1,15,,615228,36,,,1,15,,615236,36,,,1,16,,615217,36,,,1,55,,615201,36,,,1,15,,615230,36,,,1,15,,615239,36,,,1,16,,615235,36,,,1,55,,615181,36,,,1,15,,615237,36,,,1,16,,615183,36,,,1,15,,615234,36,,,1,54,,615205,36,,,1,18,,615223,36,,,1,16,,615241,36,,,1,15,,615185,36,,,1,55,,615198,36,,,1,15,,615197,36,,,1,15,,615212,36,,,1,15,,615176,36,,,1,55,,615202,36,,,1,15,,615213,36,,,1,14,,615216,36,,,1,14,,615215,36,,,1,56,,615186,36,,,1,15,,615180,36,,,1,15,,615199,36,,,1,68,,615203,36,,,1,29,,615178,36,,,1,70,,615224,36,,,1,25,,615189,36,,,1,30,,615194,36,,,1,70,,615238,36,,,1,30,,615226,36,,,1,68,,615204,36,,,1,30,,615227,36,,,1,66,,615206,36,,,1,29,,615179,36,,,1,73,,615171,36,,,1
9800,'3-1',708,,615247,36,,,1,30,,615258,36,,,1,70,,615249,36,,,1,30,,615250,36,,,1,70,,615264,36,,,1,30,,615270,36,,,1,70,,615267,36,,,1,30,,615266,36,,,1,70,,615251,36,,,1,30,,615255,36,,,1,70,,615274,36,,,1,31,,615244,36,,,1,70,,615272,36,,,1,30,,615261,36,,,1,69,,615275,36,,,1,29,,615265,36,,,1,70,,615257,36,,,1,30,,615271,36,,,1,70,,615273,36,,,1,31,,615246,36,,,1,70,,615245,36,,,1,30,,615269,36,,,1,70,,615254,36,,,1,30,,615242,36,,,1,70,,615252,36,,,1,29,,615243,36,,,1,70,,615260,36,,,1,30,,615259,36,,,1,70,,615256,36,,,1,30,,615248,36,,,1,70,,615262,36,,,1,29,,615263,36,,,1,70,,615253,36,,,1,30,,615268,36,,,1
9800,'4-1',708,,615344,36,,,1,30,,615311,36,,,1,70,,615285,36,,,1,30,,615286,36,,,1,70,,615288,36,,,1,30,,615294,36,,,1,70,,615278,36,,,1,22,,615321,36,,,1,8,,615325,36,,,1,62,,615326,36,,,1,8,,615291,36,,,1,22,,615333,36,,,1,8,,615305,36,,,1,62,,615347,36,,,1,8,,615334,36,,,1,23,,615343,36,,,1,8,,615335,36,,,1,62,,615303,36,,,1,8,,615346,36,,,1,22,,615319,36,,,1,8,,615313,36,,,1,62,,615297,36,,,1,7,,615295,36,,,1,23,,615350,36,,,1,6,,615279,36,,,1,64,,615287,36,,,1,6,,615348,36,,,1,24,,615338,36,,,1,6,,615301,36,,,1,64,,615342,36,,,1,6,,615341,36,,,1,25,,615354,36,,,1,6,,615276,36,,,1,64,,615280,36,,,1,6,,615323,36,,,1,24,,615329,36,,,1,6,,615331,36,,,1,63,,615328,36,,,1,7,,615293,36,,,1,23,,615332,36,,,1,7,,615345,36,,,1,63,,615281,36,,,1,7,,615296,36,,,1,22,,615353,36,,,1,7,,615327,36,,,1,70,,615282,36,,,1,35,,615336,36,,,1,70,,615349,36,,,1,30,,615312,36,,,1,70,,615292,36,,,1,29,,615337,36,,,1,76,,615308,36,,,1,19,,615306,36,,,1,70,,615318,36,,,1
9800,'5-1',700,,615360,36,,,1,30,,615378,36,,,1,70,,615374,36,,,1,30,,615390,36,,,1,70,,615365,36,,,1,30,,615387,36,,,1,70,,615373,36,,,1,30,,615395,36,,,1,70,,615363,36,,,1,30,,615369,36,,,1,70,,615386,36,,,1,31,,615377,36,,,1,70,,615370,36,,,1,30,,615391,36,,,1,70,,615366,36,,,1,30,,615381,36,,,1,70,,615372,36,,,1,30,,615376,36,,,1,70,,615368,36,,,1,31,,615361,36,,,1,70,,615385,36,,,1,30,,615383,36,,,1,70,,615388,36,,,1,30,,615394,36,,,1,70,,615371,36,,,1,29,,615362,36,,,1,71,,615384,36,,,1,30,,615375,36,,,1,70,,615367,36,,,1,30,,615364,36,,,1,70,,615380,36,,,1,29,,615393,36,,,1,70,,615392,36,,,1,30,,615389,36,,,1,70,,615382,36,,,1,30,,615379,36,,,1
9800,'6-1',616,,615439,36,,,1,33,,615416,36,,,1,70,,615402,36,,,1,32,,615445,36,,,1,69,,615413,36,,,1,31,,615446,36,,,1,68,,615435,36,,,1,26,,615454,36,,,1,55,,615443,36,,,1,15,,615418,36,,,1,15,,615397,36,,,1,15,,615421,36,,,1,55,,615458,36,,,1,15,,615400,36,,,1,15,,615407,36,,,1,15,,615444,36,,,1,55,,615450,36,,,1,15,,615453,36,,,1,15,,615461,36,,,1,16,,615442,36,,,1,55,,615426,36,,,1,15,,615455,36,,,1,15,,615464,36,,,1,16,,615460,36,,,1,55,,615406,36,,,1,15,,615462,36,,,1,16,,615408,36,,,1,15,,615459,36,,,1,54,,615430,36,,,1,18,,615448,36,,,1,16,,615466,36,,,1,15,,615410,36,,,1,55,,615423,36,,,1,15,,615422,36,,,1,15,,615437,36,,,1,15,,615401,36,,,1,55,,615427,36,,,1,15,,615438,36,,,1,14,,615441,36,,,1,14,,615440,36,,,1,56,,615411,36,,,1,15,,615405,36,,,1,15,,615424,36,,,1,68,,615428,36,,,1,29,,615403,36,,,1,70,,615449,36,,,1,25,,615414,36,,,1,30,,615419,36,,,1,70,,615463,36,,,1,30,,615451,36,,,1,68,,615429,36,,,1,30,,615452,36,,,1,66,,615431,36,,,1,29,,615404,36,,,1,73,,615396,36,,,1
9800,'7-1',708,,615472,36,,,1,30,,615483,36,,,1,70,,615474,36,,,1,30,,615475,36,,,1,70,,615489,36,,,1,30,,615495,36,,,1,70,,615492,36,,,1,30,,615491,36,,,1,70,,615476,36,,,1,30,,615480,36,,,1,70,,615499,36,,,1,31,,615469,36,,,1,70,,615497,36,,,1,30,,615486,36,,,1,69,,615500,36,,,1,29,,615490,36,,,1,70,,615482,36,,,1,30,,615496,36,,,1,70,,615498,36,,,1,31,,615471,36,,,1,70,,615470,36,,,1,30,,615494,36,,,1,70,,615479,36,,,1,30,,615467,36,,,1,70,,615477,36,,,1,29,,615468,36,,,1,70,,615485,36,,,1,30,,615484,36,,,1,70,,615481,36,,,1,30,,615473,36,,,1,70,,615487,36,,,1,29,,615488,36,,,1,70,,615478,36,,,1,30,,615493,36,,,1
9800,'8-1',616,,615544,36,,,1,33,,615521,36,,,1,70,,615507,36,,,1,32,,615550,36,,,1,69,,615518,36,,,1,31,,615551,36,,,1,68,,615540,36,,,1,26,,615559,36,,,1,55,,615548,36,,,1,15,,615523,36,,,1,15,,615502,36,,,1,15,,615526,36,,,1,55,,615563,36,,,1,15,,615505,36,,,1,15,,615512,36,,,1,15,,615549,36,,,1,55,,615555,36,,,1,15,,615558,36,,,1,15,,615566,36,,,1,16,,615547,36,,,1,55,,615531,36,,,1,15,,615560,36,,,1,15,,615569,36,,,1,16,,615565,36,,,1,55,,615511,36,,,1,15,,615567,36,,,1,16,,615513,36,,,1,15,,615564,36,,,1,54,,615535,36,,,1,18,,615553,36,,,1,16,,615571,36,,,1,15,,615515,36,,,1,55,,615528,36,,,1,15,,615527,36,,,1,15,,615542,36,,,1,15,,615506,36,,,1,55,,615532,36,,,1,15,,615543,36,,,1,14,,615546,36,,,1,14,,615545,36,,,1,56,,615516,36,,,1,15,,615510,36,,,1,15,,615529,36,,,1,68,,615533,36,,,1,29,,615508,36,,,1,70,,615554,36,,,1,25,,615519,36,,,1,30,,615524,36,,,1,70,,615568,36,,,1,30,,615556,36,,,1,68,,615534,36,,,1,30,,615557,36,,,1,66,,615536,36,,,1,29,,615509,36,,,1,73,,615501,36,,,1
9800,'9-1',700,,615593,36,,,1,30,,615591,36,,,1,70,,615576,36,,,1,30,,615581,36,,,1,70,,615583,36,,,1,30,,615602,36,,,1,70,,615595,36,,,1,30,,615600,36,,,1,70,,615601,36,,,1,30,,615588,36,,,1,70,,615598,36,,,1,31,,615589,36,,,1,70,,615579,36,,,1,30,,615578,36,,,1,70,,615577,36,,,1,30,,615604,36,,,1,70,,615585,36,,,1,30,,615590,36,,,1,70,,615586,36,,,1,31,,615580,36,,,1,70,,615596,36,,,1,30,,615573,36,,,1,70,,615603,36,,,1,30,,615605,36,,,1,70,,615607,36,,,1,29,,615594,36,,,1,71,,615572,36,,,1,30,,615599,36,,,1,70,,615587,36,,,1,30,,615575,36,,,1,70,,615582,36,,,1,29,,615597,36,,,1,70,,615592,36,,,1,30,,615584,36,,,1,70,,615574,36,,,1,30,,615606,36,,,1
