8100,'CanDay26-Sunday-12-1',745,,552735,36,,,1,70,,552751,36,,,1,30,,552736,36,,,1,70,,552752,36,,,1,30,,552737,36,,,1,70,,552753,36,,,1,32,,552738,36,,,1,70,,552754,36,,,1,30,,552739,36,,,1,70,,552755,36,,,1,30,,552740,36,,,1,70,,552756,36,,,1,30,,552741,36,,,1,70,,552757,36,,,1,30,,552742,36,,,1,70,,552758,36,,,1,30,,552743,36,,,1,70,,552759,36,,,1,30,,552744,36,,,1,70,,552760,36,,,1,30,,552745,36,,,1,70,,552761,36,,,1,30,,552746,36,,,1,100,,552747,36,,,1,100,,552748,36,,,1,98,,552749,36,,,1,100,,552750,36,,,1,100,,552762,36,,,1,100,,552763,36,,,1
8100,'CivHol26-Saturday-07-1',748,,552764,36,,,1,70,,552784,36,,,1,30,,552765,36,,,1,70,,552783,36,,,1,30,,552766,36,,,1,70,,552791,36,,,1,32,,552767,36,,,1,70,,552792,36,,,1,30,,552768,36,,,1,70,,552790,36,,,1,30,,552769,36,,,1,70,,552781,36,,,1,30,,552770,36,,,1,70,,552782,36,,,1,30,,552771,36,,,1,70,,552789,36,,,1,30,,552772,36,,,1,70,,552788,36,,,1,30,,552773,36,,,1,70,,552787,36,,,1,30,,552774,36,,,1,70,,552786,36,,,1,30,,552775,36,,,1,70,,552785,36,,,1,30,,552776,36,,,1,100,,552777,36,,,1,98,,552778,36,,,1,100,,552779,36,,,1,100,,552780,36,,,1
8100,'JUNDA26-Weekday-06-1',556,,552827,37,,,1,75,,552793,37,,,1,71,,552794,37,,,1,29,,552795,37,,,1,69,,552796,37,,,1,36,,552797,37,,,1,68,,552798,37,,,1,30,,552799,37,,,1,68,,552800,37,,,1,30,,552801,37,,,1,70,,552802,37,,,1,30,,552803,37,,,1,70,,552804,37,,,1,31,,552805,37,,,1,70,,552806,37,,,1,30,,552807,37,,,1,70,,552808,37,,,1,32,,552809,37,,,1,73,,552810,37,,,1,32,,552811,37,,,1,73,,552812,37,,,1,30,,552813,37,,,1,69,,552814,37,,,1,97,,552815,37,,,1,26,,552816,37,,,1,65,,552817,37,,,1,28,,552818,37,,,1,30,,552819,37,,,1,70,,552820,37,,,1,29,,552821,37,,,1,70,,552822,37,,,1,29,,552823,37,,,1,70,,552824,37,,,1,100,,552825,37,,,1,89,,552826,37,,,1
8100,'JUNSA26-Saturday-07-1',748,,552828,36,,,1,70,,552842,36,,,1,100,,552841,36,,,1,30,,552829,36,,,1,70,,552849,36,,,1,102,,552850,36,,,1,30,,552830,36,,,1,70,,552848,36,,,1,100,,552839,36,,,1,30,,552831,36,,,1,70,,552840,36,,,1,100,,552847,36,,,1,100,,552846,36,,,1,100,,552845,36,,,1,30,,552832,36,,,1,70,,552844,36,,,1,30,,552833,36,,,1,70,,552843,36,,,1,30,,552834,36,,,1,100,,552835,36,,,1,98,,552836,36,,,1,100,,552837,36,,,1,100,,552838,36,,,1
8100,'JUNSU26-Sunday-05-1',745,,552851,36,,,1,70,,552864,36,,,1,30,,552852,36,,,1,70,,552865,36,,,1,30,,552853,36,,,1,70,,552866,36,,,1,102,,552867,36,,,1,100,,552868,36,,,1,100,,552869,36,,,1,30,,552854,36,,,1,70,,552870,36,,,1,30,,552855,36,,,1,70,,552871,36,,,1,30,,552856,36,,,1,70,,552872,36,,,1,30,,552857,36,,,1,70,,552873,36,,,1,30,,552858,36,,,1,70,,552874,36,,,1,30,,552859,36,,,1,100,,552860,36,,,1,100,,552861,36,,,1,98,,552862,36,,,1,100,,552863,36,,,1
8100,'RBJul03-Weekday-01-1',556,,552909,37,,,1,75,,552875,37,,,1,71,,552876,37,,,1,29,,552877,37,,,1,69,,552878,37,,,1,36,,552879,37,,,1,68,,552880,37,,,1,30,,552881,37,,,1,68,,552882,37,,,1,30,,552883,37,,,1,70,,552884,37,,,1,30,,552885,37,,,1,70,,552886,37,,,1,31,,552887,37,,,1,70,,552888,37,,,1,30,,552889,37,,,1,70,,552890,37,,,1,32,,552891,37,,,1,73,,552892,37,,,1,32,,552893,37,,,1,73,,552894,37,,,1,30,,552895,37,,,1,69,,552896,37,,,1,97,,552897,37,,,1,26,,552898,37,,,1,65,,552899,37,,,1,28,,552900,37,,,1,30,,552901,37,,,1,70,,552902,37,,,1,29,,552903,37,,,1,70,,552904,37,,,1,29,,552905,37,,,1,70,,552906,37,,,1,100,,552907,37,,,1,89,,552908,37,,,1
8800,'CanDay26-Sunday-12-1',619,,555064,30,,,1,30,,555105,30,,,1,70,,555065,30,,,1,30,,555066,30,,,1,70,,555067,30,,,1,30,,555068,30,,,1,70,,555069,30,,,1,30,,555070,30,,,1,70,,555071,30,,,1,31,,555072,30,,,1,70,,555073,30,,,1,22,,555074,30,,,1,60,,555075,30,,,1,20,,555076,30,,,1,20,,555077,30,,,1,60,,555078,30,,,1,20,,555079,30,,,1,20,,555080,30,,,1,60,,555081,30,,,1,20,,555082,30,,,1,21,,555083,30,,,1,60,,555084,30,,,1,20,,555085,30,,,1,20,,555086,30,,,1,60,,555087,30,,,1,20,,555088,30,,,1,20,,555089,30,,,1,60,,555090,30,,,1,20,,555091,30,,,1,20,,555092,30,,,1,61,,555093,30,,,1,29,,555094,30,,,1,15,,555106,30,,,1,55,,555095,30,,,1,15,,555107,30,,,1,15,,555096,30,,,1,15,,555108,30,,,1,55,,555097,30,,,1,15,,555109,30,,,1,15,,555098,30,,,1,15,,555110,30,,,1,55,,555099,30,,,1,15,,555111,30,,,1,15,,555100,30,,,1,70,,555101,30,,,1,29,,555102,30,,,1,70,,555103,30,,,1,30,,555104,30,,,1,100,,555112,30,,,1
8800,'CivHol26-Saturday-07-1',528,,555113,29,,,1,28,,555114,29,,,1,70,,555115,29,,,1,30,,555116,29,,,1,70,,555117,29,,,1,30,,555118,29,,,1,70,,555119,29,,,1,30,,555120,29,,,1,70,,555121,29,,,1,16,,555163,11,,,1,16,,555122,29,,,1,57,,555123,11,,,1,16,,555124,29,,,1,15,,555164,11,,,1,55,,555125,29,,,1,15,,555126,11,,,1,16,,555127,29,,,1,15,,555171,11,,,1,55,,555128,29,,,1,15,,555129,11,,,1,16,,555130,29,,,1,15,,555165,11,,,1,57,,555131,29,,,1,15,,555132,11,,,1,15,,555133,29,,,1,15,,555173,11,,,1,55,,555134,29,,,1,15,,555135,11,,,1,16,,555136,29,,,1,15,,555166,11,,,1,55,,555137,29,,,1,15,,555138,11,,,1,15,,555139,29,,,1,15,,555168,11,,,1,55,,555140,29,,,1,15,,555141,11,,,1,15,,555142,29,,,1,15,,555169,11,,,1,55,,555143,29,,,1,15,,555144,11,,,1,15,,555145,29,,,1,15,,555174,11,,,1,55,,555146,29,,,1,15,,555147,11,,,1,14,,555148,29,,,1,15,,555170,11,,,1,55,,555149,29,,,1,15,,555150,11,,,1,15,,555151,29,,,1,15,,555167,11,,,1,55,,555152,29,,,1,15,,555172,11,,,1,15,,555153,29,,,1,70,,555154,29,,,1,30,,555155,29,,,1,70,,555156,29,,,1,29,,555157,29,,,1,70,,555158,29,,,1,30,,555159,29,,,1,70,,555160,29,,,1,30,,555161,29,,,1,81,,555162,29,,,1
8800,'JUNDA26-Weekday-06-1',442,,555175,29,,,1,70,,555176,29,,,1,30,,555177,29,,,1,69,,555178,29,,,1,16,,555179,29,,,1,15,,555180,29,,,1,60,,555181,29,,,1,16,,555182,30,,,1,15,,555183,30,,,1,17,,555184,30,,,1,55,,555185,30,,,1,15,,555186,30,,,1,14,,555187,30,,,1,16,,555188,30,,,1,55,,555190,30,,,1,15,,555189,30,,,1,15,,555191,30,,,1,15,,555192,12,,,1,55,,555193,30,,,1,15,,555194,12,,,1,15,,555195,30,,,1,15,,555196,12,,,1,54,,555197,30,,,1,16,,555198,12,,,1,14,,555199,30,,,1,16,,555200,12,,,1,54,,555201,30,,,1,16,,555202,12,,,1,14,,555203,30,,,1,16,,555204,12,,,1,54,,555205,30,,,1,16,,555206,12,,,1,14,,555207,30,,,1,16,,555241,12,,,1,55,,555208,30,,,1,15,,555243,12,,,1,15,,555209,30,,,1,15,,555210,12,,,1,57,,555211,30,,,1,14,,555212,12,,,1,18,,555213,30,,,1,15,,555214,30,,,1,55,,555215,30,,,1,14,,555216,30,,,1,16,,555217,30,,,1,15,,555218,30,,,1,55,,555244,30,,,1,15,,555219,30,,,1,14,,555220,30,,,1,15,,555242,30,,,1,52,,555221,30,,,1,15,,555222,30,,,1,15,,555223,30,,,1,15,,555224,30,,,1,55,,555225,30,,,1,10,,555228,12,,,1,17,,555226,30,,,1,15,,555229,12,,,1,55,,555227,30,,,1,14,,555230,12,,,1,13,,555231,30,,,1,15,,555232,12,,,1,15,,555233,30,,,1,55,,555234,30,,,1,17,,555235,30,,,1,20,,555236,30,,,1,60,,555239,30,,,1,20,,555237,30,,,1,20,,555238,30,,,1,60,,555245,30,,,1,30,,555246,30,,,1,70,,555247,30,,,1,30,,555248,30,,,1,70,,555240,30,,,1
8800,'JUNSA26-Saturday-07-1',528,,555249,29,,,1,28,,555250,29,,,1,70,,555251,29,,,1,30,,555252,29,,,1,70,,555253,29,,,1,30,,555254,29,,,1,70,,555255,29,,,1,30,,555256,29,,,1,70,,555257,29,,,1,16,,555298,11,,,1,16,,555258,29,,,1,57,,555259,11,,,1,16,,555260,29,,,1,15,,555299,11,,,1,55,,555261,29,,,1,15,,555262,11,,,1,16,,555263,29,,,1,15,,555306,11,,,1,55,,555264,29,,,1,15,,555265,11,,,1,16,,555266,29,,,1,15,,555300,11,,,1,57,,555267,29,,,1,15,,555268,11,,,1,15,,555269,29,,,1,15,,555308,11,,,1,55,,555270,29,,,1,15,,555271,11,,,1,16,,555272,29,,,1,15,,555301,11,,,1,55,,555273,29,,,1,15,,555274,11,,,1,15,,555275,29,,,1,15,,555303,11,,,1,55,,555276,29,,,1,15,,555277,11,,,1,15,,555278,29,,,1,15,,555304,11,,,1,55,,555279,29,,,1,15,,555280,11,,,1,15,,555281,29,,,1,15,,555309,11,,,1,55,,555282,29,,,1,15,,555283,11,,,1,14,,555284,29,,,1,15,,555305,11,,,1,55,,555285,29,,,1,15,,555286,11,,,1,15,,555287,29,,,1,15,,555302,11,,,1,55,,555288,29,,,1,15,,555307,11,,,1,15,,555289,29,,,1,70,,555290,29,,,1,100,,555291,29,,,1,29,,555292,29,,,1,70,,555293,29,,,1,30,,555294,29,,,1,70,,555295,29,,,1,30,,555296,29,,,1,81,,555297,29,,,1
8800,'JUNSU26-Sunday-05-1',619,,555310,29,,,1,30,,555347,29,,,1,70,,555311,29,,,1,30,,555312,29,,,1,70,,555313,29,,,1,30,,555314,29,,,1,70,,555315,29,,,1,30,,555316,29,,,1,70,,555317,29,,,1,31,,555318,29,,,1,70,,555319,29,,,1,22,,555320,29,,,1,60,,555321,29,,,1,20,,555322,29,,,1,20,,555323,29,,,1,60,,555324,29,,,1,20,,555325,29,,,1,20,,555326,29,,,1,60,,555327,29,,,1,20,,555328,29,,,1,81,,555329,29,,,1,40,,555330,29,,,1,60,,555331,29,,,1,20,,555332,29,,,1,80,,555333,29,,,1,20,,555334,29,,,1,20,,555335,29,,,1,61,,555336,29,,,1,99,,555337,29,,,1,30,,555338,29,,,1,70,,555339,29,,,1,30,,555340,29,,,1,70,,555341,29,,,1,30,,555342,29,,,1,70,,555343,29,,,1,29,,555344,29,,,1,100,,555345,29,,,1,70,,555346,29,,,1
8800,'RBJul03-Weekday-01-1',442,,555348,29,,,1,70,,555349,29,,,1,30,,555350,29,,,1,69,,555351,29,,,1,16,,555352,29,,,1,15,,555353,29,,,1,60,,555354,29,,,1,16,,555355,30,,,1,15,,555356,30,,,1,17,,555357,30,,,1,55,,555358,30,,,1,15,,555359,30,,,1,14,,555360,30,,,1,16,,555361,30,,,1,55,,555363,30,,,1,15,,555362,30,,,1,15,,555364,30,,,1,15,,555365,12,,,1,55,,555366,30,,,1,15,,555367,12,,,1,15,,555368,30,,,1,15,,555369,12,,,1,54,,555370,30,,,1,16,,555371,12,,,1,14,,555372,30,,,1,16,,555373,12,,,1,54,,555374,30,,,1,16,,555375,12,,,1,14,,555376,30,,,1,16,,555377,12,,,1,54,,555378,30,,,1,16,,555379,12,,,1,14,,555380,30,,,1,16,,555414,12,,,1,55,,555381,30,,,1,15,,555416,12,,,1,15,,555382,30,,,1,15,,555383,12,,,1,57,,555384,30,,,1,14,,555385,12,,,1,18,,555386,30,,,1,15,,555387,30,,,1,55,,555388,30,,,1,14,,555389,30,,,1,16,,555390,30,,,1,15,,555391,30,,,1,55,,555417,30,,,1,15,,555392,30,,,1,14,,555393,30,,,1,15,,555415,30,,,1,52,,555394,30,,,1,15,,555395,30,,,1,15,,555396,30,,,1,15,,555397,30,,,1,55,,555398,30,,,1,10,,555401,12,,,1,17,,555399,30,,,1,15,,555402,12,,,1,55,,555400,30,,,1,14,,555403,12,,,1,13,,555404,30,,,1,15,,555405,12,,,1,15,,555406,30,,,1,55,,555407,30,,,1,17,,555408,30,,,1,20,,555409,30,,,1,60,,555412,30,,,1,20,,555410,30,,,1,20,,555411,30,,,1,60,,555418,30,,,1,30,,555419,30,,,1,70,,555420,30,,,1,30,,555421,30,,,1,70,,555413,30,,,1
