27900,'1-1',615,,530118,7,,,1,102,,530119,7,,,1,101,,530117,7,,,1
27900,'5-1',615,,530122,7,,,1,102,,530123,7,,,1,101,,530121,7,,,1
27900,'7-1',615,,530126,7,,,1,102,,530127,7,,,1,101,,530125,7,,,1
27900,'8-1',615,,530130,7,,,1,102,,530131,7,,,1,101,,530129,7,,,1
27900,'9-1',615,,530134,7,,,1,102,,530135,7,,,1,101,,530133,7,,,1
27901,'1-1',1601,,530136,26,,,1,102,,530139,26,,,1,100,,530137,26,,,1,99,,530138,26,,,1
27901,'5-1',1601,,530140,26,,,1,102,,530143,26,,,1,100,,530141,26,,,1,99,,530142,26,,,1
27901,'7-1',1601,,530144,26,,,1,102,,530147,26,,,1,100,,530145,26,,,1,99,,530146,26,,,1
27901,'8-1',1601,,530148,26,,,1,102,,530151,26,,,1,100,,530149,26,,,1,99,,530150,26,,,1
27901,'9-1',1601,,530152,26,,,1,102,,530155,26,,,1,100,,530153,26,,,1,99,,530154,26,,,1
29900,'1-1',621,,530236,7,,,1,94,,530237,7,,,1
29900,'5-1',621,,530238,7,,,1,94,,530239,7,,,1
29900,'7-1',621,,530240,7,,,1,94,,530241,7,,,1
29900,'8-1',621,,530242,7,,,1,94,,530243,7,,,1
29900,'9-1',621,,530244,7,,,1,94,,530245,7,,,1
29901,'1-1',1730,,530247,26,,,1,80,,530246,26,,,1
29901,'5-1',1730,,530249,26,,,1,80,,530248,26,,,1
29901,'7-1',1730,,530251,26,,,1,80,,530250,26,,,1
29901,'8-1',1730,,530253,26,,,1,80,,530252,26,,,1
29901,'9-1',1730,,530255,26,,,1,80,,530254,26,,,1
30500,'5-1',1005,,530270,15,,,1
30501,'5-1',1510,,530271,43,,,1
