5301,'CanDay26-Sunday-12-1',836,,545904,45,,,1,100,,545905,45,,,1,70,,545906,45,,,1,31,,545907,45,,,1,70,,545908,45,,,1,30,,545909,45,,,1,70,,545910,45,,,1,32,,545911,45,,,1,70,,545912,45,,,1,30,,545913,45,,,1,70,,545914,45,,,1,30,,545915,45,,,1,70,,545916,45,,,1,30,,545917,45,,,1,70,,545918,45,,,1,28,,545919,45,,,1,70,,545920,45,,,1,30,,545921,45,,,1,70,,545922,45,,,1,29,,545923,45,,,1,70,,545924,45,,,1,30,,545925,45,,,1,70,,545926,45,,,1,30,,545927,45,,,1,70,,545928,45,,,1,30,,545929,45,,,1,70,,545930,45,,,1,30,,545931,45,,,1,70,,545932,45,,,1,30,,545933,45,,,1,70,,545934,45,,,1,30,,545935,45,,,1,70,,545936,45,,,1,30,,545937,45,,,1
5301,'CivHol26-Saturday-07-1',731,,545939,45,,,1,70,,545940,45,,,1,30,,545941,45,,,1,70,,545942,45,,,1,30,,545943,45,,,1,70,,545944,45,,,1,31,,545945,45,,,1,70,,545946,45,,,1,30,,545947,45,,,1,70,,545948,45,,,1,32,,545949,45,,,1,70,,545950,45,,,1,30,,545951,45,,,1,70,,545952,45,,,1,30,,545953,45,,,1,70,,545954,45,,,1,30,,545955,45,,,1,70,,545956,45,,,1,28,,545957,45,,,1,70,,545958,45,,,1,30,,545959,45,,,1,70,,545960,45,,,1,29,,545961,45,,,1,70,,545962,45,,,1,30,,545963,45,,,1,70,,545964,45,,,1,30,,545965,45,,,1,70,,545966,45,,,1,30,,545967,45,,,1,70,,545968,45,,,1,30,,545969,45,,,1,100,,545970,45,,,1,100,,545971,45,,,1,100,,545972,45,,,1
5301,'JUNDA26-Weekday-06-1',716,,545977,45,,,1,17,,545978,45,,,1,15,,545979,45,,,1,58,,545980,45,,,1,20,,545981,45,,,1,21,,545982,45,,,1,61,,545983,45,,,1,12,,545984,45,,,1,14,,545985,45,,,1,14,,545986,45,,,1,60,,546022,45,,,1,20,,545987,45,,,1,31,,545988,45,,,1,71,,545989,45,,,1,70,,545990,45,,,1,33,,545991,45,,,1,70,,545992,45,,,1,30,,545993,45,,,1,70,,545994,45,,,1,32,,545995,45,,,1,71,,545996,45,,,1,15,,545997,45,,,1,17,,545998,45,,,1,17,,545999,45,,,1,56,,546000,45,,,1,15,,546001,45,,,1,14,,546002,45,,,1,15,,546003,45,,,1,56,,546004,45,,,1,15,,546005,45,,,1,15,,546006,45,,,1,14,,546007,45,,,1,53,,546008,45,,,1,11,,546009,45,,,1,18,,546010,45,,,1,66,,546011,45,,,1,29,,546012,45,,,1,72,,546013,45,,,1,27,,546014,45,,,1,28,,546015,45,,,1,70,,546016,45,,,1,30,,546017,45,,,1,70,,546018,45,,,1,96,,546019,45,,,1,98,,546020,45,,,1,99,,546021,45,,,1
5301,'JUNSA26-Saturday-07-1',731,,546024,45,,,1,100,,546025,45,,,1,70,,546026,45,,,1,100,,546027,45,,,1,31,,546028,45,,,1,100,,546029,45,,,1,102,,546030,45,,,1,70,,546031,45,,,1,100,,546032,45,,,1,30,,546033,45,,,1,100,,546034,45,,,1,70,,546035,45,,,1,28,,546036,45,,,1,70,,546037,45,,,1,30,,546038,45,,,1,99,,546039,45,,,1,70,,546040,45,,,1,30,,546041,45,,,1,70,,546042,45,,,1,30,,546043,45,,,1,70,,546044,45,,,1,30,,546045,45,,,1,70,,546046,45,,,1,30,,546047,45,,,1,100,,546048,45,,,1,100,,546049,45,,,1,100,,546050,45,,,1
5301,'JUNSU26-Sunday-05-1',836,,546052,45,,,1,100,,546053,45,,,1,70,,546054,45,,,1,31,,546055,45,,,1,70,,546056,45,,,1,30,,546057,45,,,1,70,,546058,45,,,1,32,,546059,45,,,1,70,,546060,45,,,1,30,,546061,45,,,1,70,,546062,45,,,1,30,,546063,45,,,1,70,,546064,45,,,1,30,,546065,45,,,1,98,,546066,45,,,1,70,,546067,45,,,1,30,,546068,45,,,1,70,,546069,45,,,1,29,,546070,45,,,1,70,,546071,45,,,1,30,,546072,45,,,1,70,,546073,45,,,1,30,,546074,45,,,1,70,,546075,45,,,1,30,,546076,45,,,1,70,,546077,45,,,1,30,,546078,45,,,1,100,,546079,45,,,1,100,,546080,45,,,1
5301,'RBJul03-Weekday-01-1',716,,546085,45,,,1,17,,546086,45,,,1,15,,546087,45,,,1,58,,546088,45,,,1,20,,546089,45,,,1,21,,546090,45,,,1,61,,546091,45,,,1,12,,546092,45,,,1,14,,546093,45,,,1,14,,546094,45,,,1,60,,546130,45,,,1,20,,546095,45,,,1,31,,546096,45,,,1,71,,546097,45,,,1,70,,546098,45,,,1,33,,546099,45,,,1,70,,546100,45,,,1,30,,546101,45,,,1,70,,546102,45,,,1,32,,546103,45,,,1,71,,546104,45,,,1,15,,546105,45,,,1,17,,546106,45,,,1,17,,546107,45,,,1,56,,546108,45,,,1,15,,546109,45,,,1,14,,546110,45,,,1,15,,546111,45,,,1,56,,546112,45,,,1,15,,546113,45,,,1,15,,546114,45,,,1,14,,546115,45,,,1,53,,546116,45,,,1,11,,546117,45,,,1,18,,546118,45,,,1,66,,546119,45,,,1,29,,546120,45,,,1,72,,546121,45,,,1,27,,546122,45,,,1,28,,546123,45,,,1,70,,546124,45,,,1,30,,546125,45,,,1,70,,546126,45,,,1,96,,546127,45,,,1,98,,546128,45,,,1,99,,546129,45,,,1
8000,'CanDay26-Sunday-12-1',730,,552257,34,,,1,103,,552258,34,,,1,100,,552259,34,,,1,101,,552260,34,,,1,70,,552261,34,,,1,31,,552262,34,,,1,70,,552263,34,,,1,32,,552264,34,,,1,70,,552265,34,,,1,31,,552266,34,,,1,70,,552267,34,,,1,30,,552268,34,,,1,70,,552269,34,,,1,30,,552270,34,,,1,69,,552271,34,,,1,30,,552272,34,,,1,69,,552273,34,,,1,105,,552274,34,,,1,98,,552275,34,,,1,99,,552276,34,,,1,98,,552277,34,,,1,100,,552278,34,,,1,99,,552279,34,,,1,100,,552280,34,,,1,100,,552281,34,,,1
8000,'CivHol26-Saturday-07-1',621,,552282,34,,,1,101,,552283,34,,,1,37,,552284,34,,,1,71,,552285,34,,,1,70,,552286,34,,,1,30,,552287,34,,,1,71,,552288,34,,,1,30,,552289,34,,,1,70,,552290,34,,,1,31,,552291,34,,,1,70,,552292,34,,,1,32,,552293,34,,,1,70,,552294,34,,,1,31,,552295,34,,,1,70,,552296,34,,,1,30,,552297,34,,,1,70,,552298,34,,,1,30,,552299,34,,,1,69,,552300,34,,,1,30,,552301,34,,,1,69,,552302,34,,,1,30,,552303,34,,,1,70,,552304,34,,,1,30,,552305,34,,,1,68,,552306,34,,,1,28,,552307,34,,,1,71,,552308,34,,,1,28,,552309,34,,,1,25,,552310,34,,,1,70,,552311,34,,,1,30,,552312,34,,,1,70,,552313,34,,,1,29,,552314,34,,,1,70,,552315,34,,,1,30,,552316,34,,,1,70,,552317,34,,,1
8000,'JUNDA26-Weekday-06-1',509,,552318,48,0,139,1,30,,552319,48,0,139,1,68,,552320,34,,,1,15,,552321,34,0,19 20,1,15,,552322,34,,,1,18,,552323,34,0,19 20,1,58,,552324,34,,,1,15,,552325,34,0,19 20,1,17,,552380,34,,,1,13,,552326,34,0,19 20,1,57,,552327,34,,,1,17,,552328,34,0,19 20,1,14,,552329,34,,,1,54,,552330,34,0,19 20,1,16,,552331,34,,,1,17,,552332,34,0,19 20,1,16,,552333,34,,,1,56,,552334,34,0,19 20,1,15,,552335,34,,,1,14,,552336,34,0,19 20,1,14,,552337,34,,,1,54,,552338,34,0,19 20,1,14,,552339,34,,,1,15,,552340,34,0,19 20,1,15,,552341,34,,,1,55,,552342,34,0,19 20,1,15,,552343,34,,,1,15,,552344,34,0,19 20,1,16,,552382,34,,,1,56,,552345,34,0,19 20,1,15,,552346,34,,,1,14,,552347,34,0,19 20,1,14,,552348,34,,,1,55,,552349,34,0,19 20,1,15,,552350,34,,,1,15,,552351,34,0,19 20,1,15,,552352,34,,,1,13,,552353,34,0,19 20,1,57,,552354,34,,,1,16,,552383,34,0,19 20,1,15,,552355,34,,,1,62,,552356,34,0,19 20,1,17,,552357,34,,,1,16,,552381,34,0,19 20,1,12,,552358,34,,,1,55,,552359,34,0,19 20,1,17,,552360,34,,,1,9,,552379,34,0,19 20,1,15,,552361,34,,,1,53,,552362,34,0,19 20,1,14,,552363,34,,,1,14,,552364,34,0,19 20,1,16,,552365,34,,,1,54,,552366,34,0,19 20,1,15,,552367,34,,,1,30,,552369,34,,,1,70,,552370,34,,,1,30,,552371,34,,,1,70,,552372,34,,,1,30,,552373,34,,,1,70,,552374,34,,,1,30,,552375,34,,,1,70,,552376,34,,,1,25,,552377,34,,,1,69,,552378,34,,,1,30,,552368,34,,,1
8000,'JUNSA26-Saturday-07-1',621,,552384,34,,,1,101,,552385,34,,,1,108,,552386,34,,,1,70,,552387,34,,,1,30,,552388,34,,,1,71,,552389,34,,,1,30,,552390,34,,,1,101,,552391,34,,,1,70,,552392,34,,,1,102,,552393,34,,,1,31,,552394,34,,,1,70,,552395,34,,,1,30,,552396,34,,,1,70,,552397,34,,,1,99,,552398,34,,,1,30,,552399,34,,,1,69,,552400,34,,,1,30,,552401,34,,,1,70,,552402,34,,,1,30,,552403,34,,,1,68,,552404,34,,,1,28,,552405,34,,,1,99,,552406,34,,,1,25,,552407,34,,,1,70,,552408,34,,,1,30,,552409,34,,,1,99,,552410,34,,,1,100,,552411,34,,,1,70,,552412,34,,,1
8000,'JUNSU26-Sunday-05-1',730,,552413,34,,,1,103,,552414,34,,,1,100,,552415,34,,,1,101,,552416,34,,,1,70,,552417,34,,,1,101,,552418,34,,,1,32,,552419,34,,,1,70,,552420,34,,,1,101,,552421,34,,,1,100,,552422,34,,,1,30,,552423,34,,,1,69,,552424,34,,,1,30,,552425,34,,,1,169,,552426,34,,,1,98,,552427,34,,,1,99,,552428,34,,,1,98,,552429,34,,,1,100,,552430,34,,,1,104,,552431,34,,,1
8000,'RBJul03-Weekday-01-1',509,,552432,48,0,139,1,30,,552433,48,0,139,1,68,,552434,34,,,1,15,,552435,34,0,19 20,1,15,,552436,34,,,1,18,,552437,34,0,19 20,1,58,,552438,34,,,1,15,,552439,34,0,19 20,1,17,,552494,34,,,1,13,,552440,34,0,19 20,1,57,,552441,34,,,1,17,,552442,34,0,19 20,1,14,,552443,34,,,1,54,,552444,34,0,19 20,1,16,,552445,34,,,1,17,,552446,34,0,19 20,1,16,,552447,34,,,1,56,,552448,34,0,19 20,1,15,,552449,34,,,1,14,,552450,34,0,19 20,1,14,,552451,34,,,1,54,,552452,34,0,19 20,1,14,,552453,34,,,1,15,,552454,34,0,19 20,1,15,,552455,34,,,1,55,,552456,34,0,19 20,1,15,,552457,34,,,1,15,,552458,34,0,19 20,1,16,,552496,34,,,1,56,,552459,34,0,19 20,1,15,,552460,34,,,1,14,,552461,34,0,19 20,1,14,,552462,34,,,1,55,,552463,34,0,19 20,1,15,,552464,34,,,1,15,,552465,34,0,19 20,1,15,,552466,34,,,1,13,,552467,34,0,19 20,1,57,,552468,34,,,1,16,,552497,34,0,19 20,1,15,,552469,34,,,1,62,,552470,34,0,19 20,1,17,,552471,34,,,1,16,,552495,34,0,19 20,1,12,,552472,34,,,1,55,,552473,34,0,19 20,1,17,,552474,34,,,1,9,,552493,34,0,19 20,1,15,,552475,34,,,1,53,,552476,34,0,19 20,1,14,,552477,34,,,1,14,,552478,34,0,19 20,1,16,,552479,34,,,1,54,,552480,34,0,19 20,1,15,,552481,34,,,1,30,,552483,34,,,1,70,,552484,34,,,1,30,,552485,34,,,1,70,,552486,34,,,1,30,,552487,34,,,1,70,,552488,34,,,1,30,,552489,34,,,1,70,,552490,34,,,1,25,,552491,34,,,1,69,,552492,34,,,1,30,,552482,34,,,1
