1000,'1-1',737,,754526,4,,,1,70,,754516,4,,,1,30,,754512,4,,,1,70,,754532,4,,,1,30,,754530,4,,,1,70,,754509,4,,,1,30,,754534,4,,,1,70,,754508,4,,,1,30,,754499,4,,,1,70,,754501,4,,,1,30,,754522,4,,,1,70,,754529,4,,,1,30,,754510,4,,,1,70,,754513,4,,,1,30,,754523,4,,,1,70,,754503,4,,,1,30,,754504,4,,,1,70,,754506,4,,,1,30,,754525,4,,,1,70,,754511,4,,,1,30,,754528,4,,,1,70,,754502,4,,,1,30,,754536,4,,,1,70,,754498,4,,,1,30,,754514,4,,,1,70,,754537,4,,,1,30,,754520,4,,,1,70,,754515,4,,,1,30,,754524,4,,,1,70,,754505,4,,,1,30,,754518,4,,,1,70,,754521,4,,,1
1000,'10-1',742,,754539,4,,,1,70,,754561,4,,,1,30,,754553,4,,,1,70,,754554,4,,,1,30,,754563,4,,,1,70,,754549,4,,,1,30,,754575,4,,,1,70,,754544,4,,,1,30,,754547,4,,,1,70,,754576,4,,,1,30,,754550,4,,,1,70,,754571,4,,,1,30,,754545,4,,,1,70,,754551,4,,,1,30,,754573,4,,,1,70,,754546,4,,,1,30,,754555,4,,,1,70,,754572,4,,,1,30,,754558,4,,,1,70,,754548,4,,,1,30,,754568,4,,,1,70,,754541,4,,,1
1000,'11-1',607,,754600,4,,,1,32,,754636,4,,,1,71,,754631,4,,,1,33,,754585,4,,,1,68,,754623,4,,,1,32,,754592,4,,,1,71,,754583,4,,,1,28,,754593,4,,,1,68,,754594,4,,,1,31,,754612,4,,,1,70,,754581,4,,,1,30,,754606,4,,,1,70,,754579,4,,,1,30,,754609,4,,,1,70,,754633,4,,,1,30,,754577,4,,,1,71,,754616,4,,,1,28,,754597,4,,,1,3,,754624,4,0,82,1,72,,754618,4,,,1,32,,754588,4,,,1,71,,754587,4,,,1,30,,754620,4,,,1,69,,754601,4,,,1,30,,754634,4,,,1,70,,754638,4,,,1,32,,754629,4,,,1,66,,754580,4,,,1,30,,754582,4,,,1,68,,754604,4,,,1,30,,754611,4,,,1,70,,754635,4,,,1,30,,754608,4,,,1,70,,754598,4,,,1,30,,754603,4,,,1,65,,754610,4,,,1
1000,'12-1',742,,754639,4,,,1,70,,754661,4,,,1,30,,754653,4,,,1,70,,754654,4,,,1,30,,754663,4,,,1,70,,754649,4,,,1,30,,754675,4,,,1,70,,754644,4,,,1,30,,754647,4,,,1,70,,754676,4,,,1,30,,754650,4,,,1,70,,754671,4,,,1,30,,754645,4,,,1,70,,754651,4,,,1,30,,754673,4,,,1,70,,754646,4,,,1,30,,754655,4,,,1,70,,754672,4,,,1,30,,754658,4,,,1,70,,754648,4,,,1,30,,754668,4,,,1,70,,754641,4,,,1
1000,'2-1',742,,754677,4,,,1,70,,754699,4,,,1,30,,754691,4,,,1,70,,754692,4,,,1,30,,754701,4,,,1,70,,754687,4,,,1,30,,754713,4,,,1,70,,754682,4,,,1,30,,754685,4,,,1,70,,754714,4,,,1,30,,754688,4,,,1,70,,754709,4,,,1,30,,754683,4,,,1,70,,754689,4,,,1,30,,754711,4,,,1,70,,754684,4,,,1,30,,754693,4,,,1,70,,754710,4,,,1,30,,754696,4,,,1,70,,754686,4,,,1,30,,754706,4,,,1,70,,754679,4,,,1
1000,'3-1',607,,754738,4,,,1,32,,754774,4,,,1,71,,754769,4,,,1,33,,754723,4,,,1,68,,754761,4,,,1,32,,754730,4,,,1,71,,754721,4,,,1,28,,754731,4,,,1,68,,754732,4,,,1,31,,754750,4,,,1,70,,754719,4,,,1,30,,754744,4,,,1,70,,754717,4,,,1,30,,754747,4,,,1,70,,754771,4,,,1,30,,754715,4,,,1,71,,754754,4,,,1,28,,754735,4,,,1,3,,754762,4,0,82,1,72,,754756,4,,,1,32,,754726,4,,,1,71,,754725,4,,,1,30,,754758,4,,,1,69,,754739,4,,,1,30,,754772,4,,,1,70,,754776,4,,,1,32,,754767,4,,,1,66,,754718,4,,,1,30,,754720,4,,,1,68,,754742,4,,,1,30,,754749,4,,,1,70,,754773,4,,,1,30,,754746,4,,,1,70,,754736,4,,,1,30,,754741,4,,,1,65,,754748,4,,,1
1000,'4-1',607,,754800,4,,,1,32,,754836,4,,,1,71,,754831,4,,,1,33,,754785,4,,,1,68,,754823,4,,,1,32,,754792,4,,,1,71,,754783,4,,,1,28,,754793,4,,,1,68,,754794,4,,,1,31,,754812,4,,,1,70,,754781,4,,,1,30,,754806,4,,,1,70,,754779,4,,,1,30,,754809,4,,,1,70,,754833,4,,,1,30,,754777,4,,,1,71,,754816,4,,,1,28,,754797,4,,,1,3,,754824,4,0,82,1,72,,754818,4,,,1,32,,754788,4,,,1,71,,754787,4,,,1,30,,754820,4,,,1,69,,754801,4,,,1,30,,754834,4,,,1,70,,754838,4,,,1,32,,754829,4,,,1,66,,754780,4,,,1,30,,754782,4,,,1,68,,754804,4,,,1,30,,754811,4,,,1,70,,754835,4,,,1,30,,754808,4,,,1,70,,754798,4,,,1,30,,754803,4,,,1,65,,754810,4,,,1
1000,'5-1',607,,754862,4,,,1,32,,754898,4,,,1,71,,754893,4,,,1,33,,754847,4,,,1,68,,754885,4,,,1,32,,754854,4,,,1,71,,754845,4,,,1,28,,754855,4,,,1,68,,754856,4,,,1,31,,754874,4,,,1,70,,754843,4,,,1,30,,754868,4,,,1,70,,754841,4,,,1,30,,754871,4,,,1,70,,754895,4,,,1,30,,754839,4,,,1,71,,754878,4,,,1,28,,754859,4,,,1,3,,754886,4,0,82,1,72,,754880,4,,,1,32,,754850,4,,,1,71,,754849,4,,,1,30,,754882,4,,,1,69,,754863,4,,,1,30,,754896,4,,,1,70,,754900,4,,,1,32,,754891,4,,,1,66,,754842,4,,,1,30,,754844,4,,,1,68,,754866,4,,,1,30,,754873,4,,,1,70,,754897,4,,,1,30,,754870,4,,,1,70,,754860,4,,,1,30,,754865,4,,,1,65,,754872,4,,,1
1000,'6-1',742,,754910,4,,,1,70,,754931,4,,,1,30,,754930,4,,,1,70,,754926,4,,,1,30,,754917,4,,,1,70,,754920,4,,,1,30,,754916,4,,,1,70,,754909,4,,,1,30,,754901,4,,,1,70,,754937,4,,,1,30,,754915,4,,,1,70,,754924,4,,,1,30,,754908,4,,,1,70,,754933,4,,,1,30,,754907,4,,,1,70,,754905,4,,,1,30,,754923,4,,,1,70,,754904,4,,,1,30,,754912,4,,,1,70,,754929,4,,,1,30,,754914,4,,,1,70,,754928,4,,,1
1000,'7-1',742,,754948,4,,,1,70,,754969,4,,,1,30,,754968,4,,,1,70,,754964,4,,,1,30,,754955,4,,,1,70,,754958,4,,,1,30,,754954,4,,,1,70,,754947,4,,,1,30,,754939,4,,,1,70,,754975,4,,,1,30,,754953,4,,,1,70,,754962,4,,,1,30,,754946,4,,,1,70,,754971,4,,,1,30,,754945,4,,,1,70,,754943,4,,,1,30,,754961,4,,,1,70,,754942,4,,,1,30,,754950,4,,,1,70,,754967,4,,,1,30,,754952,4,,,1,70,,754966,4,,,1
1000,'8-1',607,,755000,4,,,1,32,,755036,4,,,1,71,,755031,4,,,1,33,,754985,4,,,1,68,,755023,4,,,1,32,,754992,4,,,1,71,,754983,4,,,1,28,,754993,4,,,1,68,,754994,4,,,1,31,,755012,4,,,1,70,,754981,4,,,1,30,,755006,4,,,1,70,,754979,4,,,1,30,,755009,4,,,1,70,,755033,4,,,1,30,,754977,4,,,1,71,,755016,4,,,1,28,,754997,4,,,1,3,,755024,4,0,82,1,72,,755018,4,,,1,32,,754988,4,,,1,71,,754987,4,,,1,30,,755020,4,,,1,69,,755001,4,,,1,30,,755034,4,,,1,70,,755038,4,,,1,32,,755029,4,,,1,66,,754980,4,,,1,30,,754982,4,,,1,68,,755004,4,,,1,30,,755011,4,,,1,70,,755035,4,,,1,30,,755008,4,,,1,70,,754998,4,,,1,30,,755003,4,,,1,65,,755010,4,,,1
1000,'9-1',737,,755045,4,,,1,70,,755074,4,,,1,30,,755071,4,,,1,70,,755053,4,,,1,30,,755073,4,,,1,70,,755066,4,,,1,30,,755049,4,,,1,70,,755050,4,,,1,30,,755039,4,,,1,70,,755048,4,,,1,30,,755043,4,,,1,70,,755042,4,,,1,30,,755077,4,,,1,70,,755059,4,,,1,30,,755056,4,,,1,70,,755051,4,,,1,30,,755062,4,,,1,70,,755052,4,,,1,30,,755057,4,,,1,70,,755079,4,,,1,30,,755068,4,,,1,70,,755047,4,,,1,30,,755072,4,,,1,70,,755040,4,,,1,30,,755064,4,,,1,70,,755061,4,,,1,30,,755060,4,,,1,70,,755055,4,,,1,30,,755046,4,,,1,70,,755075,4,,,1,30,,755041,4,,,1,70,,755076,4,,,1
5600,'1-1',722,,780123,28,,,1,100,,780113,28,,,1,101,,780128,28,,,1,101,,780115,28,,,1,100,,780110,28,,,1,100,,780121,28,,,1,100,,780129,28,,,1,100,,780108,28,,,1,101,,780137,28,,,1,100,,780116,28,,,1,100,,780120,28,,,1,99,,780135,28,,,1,98,,780119,28,,,1,100,,780127,28,,,1,100,,780106,28,,,1,99,,780125,28,,,1
5600,'10-1',734,,780149,28,,,1,100,,780162,28,,,1,101,,780161,28,,,1,101,,780152,28,,,1,100,,780154,28,,,1,100,,780157,28,,,1,100,,780158,28,,,1,100,,780166,28,,,1,101,,780159,28,,,1,100,,780160,28,,,1,99,,780146,28,,,1,100,,780168,28,,,1,98,,780141,28,,,1,100,,780151,28,,,1,100,,780156,28,,,1,84,,780150,28,,,1
5600,'11-1',616,,780203,28,,,1,27,,780173,28,,,1,77,,780180,28,,,1,37,,780215,28,,,1,72,,780221,28,,,1,71,,780209,28,,,1,30,,780181,28,,,1,24,,780194,28,,,1,69,,780206,28,,,1,430,,780219,28,,,1,60,,780218,28,,,1,33,,780207,28,,,1,55,,780177,28,,,1,15,,780182,28,,,1,11,,780210,28,,,1,15,,780208,28,,,1,13,,780204,28,,,1,55,,780190,28,,,1,30,,780186,28,,,1,61,,780176,28,,,1,27,,780199,28,,,1,30,,780171,28,,,1
5600,'12-1',734,,780232,28,,,1,100,,780245,28,,,1,101,,780244,28,,,1,101,,780235,28,,,1,100,,780237,28,,,1,100,,780240,28,,,1,100,,780241,28,,,1,100,,780249,28,,,1,101,,780242,28,,,1,100,,780243,28,,,1,99,,780229,28,,,1,100,,780251,28,,,1,98,,780224,28,,,1,100,,780234,28,,,1,100,,780239,28,,,1,84,,780233,28,,,1
5600,'2-1',734,,780264,28,,,1,100,,780277,28,,,1,101,,780276,28,,,1,101,,780267,28,,,1,100,,780269,28,,,1,100,,780272,28,,,1,100,,780273,28,,,1,100,,780281,28,,,1,101,,780274,28,,,1,100,,780275,28,,,1,99,,780261,28,,,1,100,,780283,28,,,1,98,,780256,28,,,1,100,,780266,28,,,1,100,,780271,28,,,1,84,,780265,28,,,1
5600,'3-1',616,,780318,28,,,1,27,,780288,28,,,1,77,,780295,28,,,1,37,,780330,28,,,1,72,,780336,28,,,1,71,,780324,28,,,1,30,,780296,28,,,1,24,,780309,28,,,1,69,,780321,28,,,1,430,,780334,28,,,1,60,,780333,28,,,1,33,,780322,28,,,1,55,,780292,28,,,1,15,,780297,28,,,1,11,,780325,28,,,1,15,,780323,28,,,1,13,,780319,28,,,1,55,,780305,28,,,1,30,,780301,28,,,1,61,,780291,28,,,1,27,,780314,28,,,1,30,,780286,28,,,1
5600,'4-1',616,,780369,28,,,1,27,,780339,28,,,1,77,,780346,28,,,1,37,,780381,28,,,1,72,,780387,28,,,1,71,,780375,28,,,1,30,,780347,28,,,1,24,,780360,28,,,1,69,,780372,28,,,1,430,,780385,28,,,1,60,,780384,28,,,1,33,,780373,28,,,1,55,,780343,28,,,1,15,,780348,28,,,1,11,,780376,28,,,1,15,,780374,28,,,1,13,,780370,28,,,1,55,,780356,28,,,1,30,,780352,28,,,1,61,,780342,28,,,1,27,,780365,28,,,1,30,,780337,28,,,1
5600,'5-1',616,,780420,28,,,1,27,,780390,28,,,1,77,,780397,28,,,1,37,,780432,28,,,1,72,,780438,28,,,1,71,,780426,28,,,1,30,,780398,28,,,1,24,,780411,28,,,1,69,,780423,28,,,1,430,,780436,28,,,1,60,,780435,28,,,1,33,,780424,28,,,1,55,,780394,28,,,1,15,,780399,28,,,1,11,,780427,28,,,1,15,,780425,28,,,1,13,,780421,28,,,1,55,,780407,28,,,1,30,,780403,28,,,1,61,,780393,28,,,1,27,,780416,28,,,1,30,,780388,28,,,1
5600,'6-1',734,,780452,28,,,1,100,,780470,28,,,1,101,,780459,28,,,1,101,,780447,28,,,1,100,,780448,28,,,1,100,,780463,28,,,1,100,,780444,28,,,1,100,,780439,28,,,1,101,,780443,28,,,1,100,,780458,28,,,1,99,,780453,28,,,1,100,,780469,28,,,1,98,,780460,28,,,1,100,,780451,28,,,1,100,,780445,28,,,1,84,,780440,28,,,1
5600,'7-1',734,,780484,28,,,1,100,,780502,28,,,1,101,,780491,28,,,1,101,,780479,28,,,1,100,,780480,28,,,1,100,,780495,28,,,1,100,,780476,28,,,1,100,,780471,28,,,1,101,,780475,28,,,1,100,,780490,28,,,1,99,,780485,28,,,1,100,,780501,28,,,1,98,,780492,28,,,1,100,,780483,28,,,1,100,,780477,28,,,1,84,,780472,28,,,1
5600,'8-1',616,,780535,28,,,1,27,,780505,28,,,1,77,,780512,28,,,1,37,,780547,28,,,1,72,,780553,28,,,1,71,,780541,28,,,1,30,,780513,28,,,1,24,,780526,28,,,1,69,,780538,28,,,1,430,,780551,28,,,1,60,,780550,28,,,1,33,,780539,28,,,1,55,,780509,28,,,1,15,,780514,28,,,1,11,,780542,28,,,1,15,,780540,28,,,1,13,,780536,28,,,1,55,,780522,28,,,1,30,,780518,28,,,1,61,,780508,28,,,1,27,,780531,28,,,1,30,,780503,28,,,1
5600,'9-1',722,,780566,28,,,1,100,,780580,28,,,1,101,,780584,28,,,1,101,,780575,28,,,1,100,,780560,28,,,1,100,,780573,28,,,1,100,,780557,28,,,1,100,,780569,28,,,1,101,,780562,28,,,1,100,,780586,28,,,1,100,,780574,28,,,1,99,,780582,28,,,1,98,,780561,28,,,1,100,,780581,28,,,1,100,,780559,28,,,1,99,,780558,28,,,1
