701,'CanDay26-Sunday-12-1',642,,629406,3,,,1,65,,629407,3,,,1,30,,629408,3,,,1,70,,629409,3,,,1,30,,629410,3,,,1,70,,629411,3,,,1,20,,629412,3,,,1,20,,629413,3,,,1,56,,629414,3,,,1,15,,629415,3,,,1,15,,629416,3,,,1,15,,629417,3,,,1,55,,629418,3,,,1,15,,629419,3,,,1,15,,629420,3,,,1,15,,629421,3,,,1,55,,629422,3,,,1,10,,629423,3,,,1,10,,629441,3,,,1,10,,629424,3,,,1,10,,629425,3,,,1,11,,629442,3,,,1,49,,629426,3,,,1,10,,629427,3,,,1,10,,629473,3,,,1,10,,629428,3,,,1,10,,629429,3,,,1,10,,629443,3,,,1,50,,629430,3,,,1,10,,629431,3,,,1,10,,629480,3,,,1,10,,629432,3,,,1,10,,629433,3,,,1,10,,629434,3,,,1,50,,629471,3,,,1,10,,629444,3,,,1,10,,629456,3,,,1,10,,629468,3,,,1,10,,629445,3,,,1,10,,629457,3,,,1,50,,629469,3,,,1,10,,629446,3,,,1,10,,629458,3,,,1,10,,629447,3,,,1,10,,629459,3,,,1,10,,629448,3,,,1,50,,629460,3,,,1,10,,629449,3,,,1,10,,629475,3,,,1,10,,629476,3,,,1,10,,629461,3,,,1,10,,629450,3,,,1,50,,629478,3,,,1,10,,629479,3,,,1,10,,629462,3,,,1,10,,629451,3,,,1,10,,629463,3,,,1,10,,629452,3,,,1,50,,629464,3,,,1,10,,629453,3,,,1,10,,629481,3,,,1,10,,629465,3,,,1,10,,629454,3,,,1,10,,629466,3,,,1,50,,629470,3,,,1,10,,629477,3,,,1,10,,629455,3,,,1,10,,629482,3,,,1,10,,629467,3,,,1,10,,629472,3,,,1,58,,629435,3,,,1,30,,629436,3,,,1,70,,629437,3,,,1,30,,629438,3,,,1,70,,629439,3,,,1,30,,629440,3,,,1,70,,629474,3,,,1,30,,629483,3,,,1
701,'CivHol26-Saturday-07-1',649,,629484,3,,,1,70,,629485,3,,,1,30,,629486,3,,,1,70,,629487,3,,,1,30,,629488,3,,,1,70,,629489,3,,,1,30,,629490,3,,,1,55,,629491,3,0,67,1,14,,629492,3,,,1,13,,629493,3,0,67,1,12,,629494,3,,,1,12,,629495,3,0,67,1,52,,629496,3,,,1,12,,629497,3,0,67,1,12,,629498,3,,,1,12,,629499,3,0,67,1,12,,629500,3,,,1,52,,629501,3,,,1,12,,629502,3,,,1,12,,629503,3,,,1,13,,629504,3,,,1,12,,629505,3,,,1,53,,629506,3,,,1,12,,629507,3,,,1,12,,629508,3,,,1,12,,629509,3,,,1,12,,629510,3,,,1,52,,629511,3,,,1,12,,629512,3,,,1,12,,629513,3,,,1,12,,629514,3,,,1,12,,629515,3,,,1,52,,629516,3,,,1,12,,629517,3,,,1,12,,629518,3,,,1,12,,629519,3,,,1,12,,629520,3,,,1,53,,629521,3,,,1,12,,629522,3,,,1,12,,629523,3,,,1,12,,629524,3,,,1,12,,629525,3,,,1,52,,629526,3,,,1,12,,629527,3,,,1,12,,629528,3,,,1,12,,629529,3,,,1,12,,629530,3,,,1,51,,629531,3,,,1,12,,629532,3,0,67,1,12,,629533,3,,,1,12,,629534,3,0,67,1,12,,629535,3,,,1,54,,629536,3,0,67,1,15,,629537,3,,,1,15,,629538,3,0,67,1,15,,629539,3,,,1,55,,629540,3,0,67,1,15,,629541,3,,,1,15,,629542,3,,,1,15,,629543,3,,,1,55,,629544,3,,,1,15,,629545,3,,,1,24,,629546,3,,,1,70,,629547,3,,,1,30,,629548,3,,,1,70,,629549,3,,,1,30,,629550,3,,,1,70,,629551,3,,,1,36,,629552,3,,,1
701,'JUNDA26-Weekday-06-1',615,,629556,3,,,1,24,,629557,3,,,1,14,,629558,3,,,1,55,,629559,3,,,1,13,,629560,3,,,1,18,,629621,3,,,1,18,,629561,3,,,1,56,,629622,3,,,1,13,,629562,3,,,1,15,,629563,3,,,1,15,,629612,3,,,1,56,,629564,3,,,1,15,,629565,3,,,1,15,,629566,3,,,1,15,,629567,3,,,1,55,,629568,3,,,1,15,,629569,3,,,1,15,,629570,3,,,1,15,,629571,3,,,1,55,,629572,3,,,1,15,,629573,3,,,1,16,,629574,3,,,1,14,,629613,3,,,1,55,,629575,3,,,1,16,,629576,3,,,1,15,,629577,3,,,1,57,,629578,3,,,1,15,,629579,3,,,1,15,,629580,3,,,1,15,,629581,3,,,1,55,,629615,3,,,1,15,,629582,3,,,1,15,,629583,3,,,1,14,,629614,3,,,1,15,,629598,3,,,1,55,,629584,3,,,1,15,,629585,3,,,1,13,,629618,3,,,1,14,,629586,3,,,1,58,,629587,3,,,1,14,,629617,3,,,1,17,,629599,3,,,1,13,,629616,3,,,1,71,,629588,3,,,1,15,,629589,3,,,1,13,,629590,3,,,1,55,,629591,3,,,1,15,,629592,3,,,1,15,,629619,3,,,1,13,,629604,3,,,1,56,,629611,3,,,1,12,,629602,3,,,1,25,,629593,3,,,1,70,,629594,3,,,1,29,,629595,3,,,1,69,,629605,3,,,1,30,,629620,3,,,1,69,,629608,3,,,1,30,,629610,3,,,1,71,,629606,3,,,1,36,,629603,3,,,1,60,,629607,3,,,1,30,,629609,3,,,1,70,,629600,3,,,1
701,'JUNSA26-Saturday-07-1',649,,629623,3,,,1,70,,629624,3,,,1,30,,629625,3,,,1,70,,629626,3,,,1,30,,629627,3,,,1,70,,629628,3,,,1,30,,629629,3,,,1,55,,629630,3,0,67,1,14,,629631,3,,,1,13,,629632,3,0,67,1,12,,629633,3,,,1,12,,629634,3,0,67,1,52,,629635,3,,,1,12,,629636,3,0,67,1,12,,629637,3,,,1,12,,629638,3,0,67,1,12,,629639,3,,,1,52,,629640,3,,,1,12,,629641,3,,,1,12,,629642,3,,,1,13,,629643,3,,,1,12,,629644,3,,,1,53,,629645,3,,,1,12,,629646,3,,,1,12,,629647,3,,,1,12,,629648,3,,,1,12,,629649,3,,,1,52,,629650,3,,,1,12,,629651,3,,,1,12,,629652,3,,,1,12,,629653,3,,,1,12,,629654,3,,,1,52,,629655,3,,,1,12,,629656,3,,,1,12,,629657,3,,,1,12,,629658,3,,,1,12,,629659,3,,,1,53,,629660,3,,,1,12,,629661,3,,,1,12,,629662,3,,,1,12,,629663,3,,,1,12,,629664,3,,,1,52,,629665,3,,,1,12,,629666,3,,,1,12,,629667,3,,,1,12,,629668,3,,,1,12,,629669,3,,,1,63,,629670,3,0,67,1,12,,629671,3,,,1,12,,629672,3,0,67,1,12,,629673,3,,,1,54,,629674,3,0,67,1,15,,629675,3,,,1,15,,629676,3,0,67,1,15,,629677,3,,,1,55,,629678,3,0,67,1,15,,629679,3,,,1,15,,629680,3,,,1,15,,629681,3,,,1,55,,629682,3,,,1,15,,629683,3,,,1,24,,629684,3,,,1,70,,629685,3,,,1,30,,629686,3,,,1,70,,629687,3,,,1,30,,629688,3,,,1,70,,629689,3,,,1,36,,629690,3,,,1
701,'JUNSU26-Sunday-05-1',642,,629694,3,,,1,65,,629695,3,,,1,30,,629696,3,,,1,70,,629697,3,,,1,30,,629698,3,,,1,70,,629699,3,,,1,20,,629700,3,0,67,1,20,,629701,3,,,1,56,,629702,3,0,67,1,15,,629703,3,,,1,15,,629704,3,0,67,1,70,,629705,3,0,67,1,15,,629706,3,,,1,15,,629707,3,0,67,1,15,,629708,3,,,1,55,,629709,3,0,67,1,15,,629710,3,,,1,15,,629711,3,0,67,1,15,,629712,3,,,1,70,,629713,3,,,1,15,,629714,3,0,67,1,15,,629715,3,,,1,55,,629716,3,0,67,1,15,,629717,3,,,1,12,,629718,3,0,67,1,12,,629719,3,,,1,64,,629720,3,,,1,12,,629721,3,0,67,1,12,,629722,3,,,1,12,,629723,3,0,67,1,12,,629724,3,,,1,52,,629725,3,0,67,1,24,,629726,3,0,67,1,12,,629727,3,,,1,12,,629728,3,0,67,1,52,,629729,3,,,1,12,,629730,3,0,67,1,12,,629731,3,,,1,12,,629732,3,0,67,1,64,,629733,3,0,67,1,12,,629734,3,,,1,30,,629735,3,,,1,55,,629736,3,0,67,1,15,,629737,3,,,1,15,,629738,3,0,67,1,15,,629739,3,,,1,70,,629740,3,,,1,23,,629741,3,,,1,100,,629742,3,,,1,70,,629743,3,,,1,30,,629744,3,,,1,100,,629745,3,,,1
701,'RBJul03-Weekday-01-1',615,,629746,3,,,1,24,,629747,3,,,1,14,,629748,3,,,1,55,,629749,3,,,1,13,,629750,3,,,1,18,,629811,3,,,1,18,,629751,3,,,1,56,,629812,3,,,1,13,,629752,3,,,1,15,,629753,3,,,1,15,,629802,3,,,1,56,,629754,3,,,1,15,,629755,3,,,1,15,,629756,3,,,1,15,,629757,3,,,1,55,,629758,3,,,1,15,,629759,3,,,1,15,,629760,3,,,1,15,,629761,3,,,1,55,,629762,3,,,1,15,,629763,3,,,1,16,,629764,3,,,1,14,,629803,3,,,1,55,,629765,3,,,1,16,,629766,3,,,1,15,,629767,3,,,1,57,,629768,3,,,1,15,,629769,3,,,1,15,,629770,3,,,1,15,,629771,3,,,1,55,,629805,3,,,1,15,,629772,3,,,1,15,,629773,3,,,1,14,,629804,3,,,1,15,,629788,3,,,1,55,,629774,3,,,1,15,,629775,3,,,1,13,,629808,3,,,1,14,,629776,3,,,1,58,,629777,3,,,1,14,,629807,3,,,1,17,,629789,3,,,1,13,,629806,3,,,1,71,,629778,3,,,1,15,,629779,3,,,1,13,,629780,3,,,1,55,,629781,3,,,1,15,,629782,3,,,1,15,,629809,3,,,1,13,,629794,3,,,1,56,,629801,3,,,1,12,,629792,3,,,1,25,,629783,3,,,1,70,,629784,3,,,1,29,,629785,3,,,1,69,,629795,3,,,1,30,,629810,3,,,1,69,,629798,3,,,1,30,,629800,3,,,1,71,,629796,3,,,1,36,,629793,3,,,1,60,,629797,3,,,1,30,,629799,3,,,1,70,,629790,3,,,1
1001,'CanDay26-Sunday-12-1',550,,630876,2,0,82,1,70,,630877,2,0,82,1,30,,630878,2,0,82,1,70,,630879,13,0,82,1,30,,630880,13,0,82,1,73,,630881,13,,,1,30,,630882,13,,,1,70,,630883,13,,,1,30,,630884,13,,,1,70,,630885,13,,,1,15,,630912,13,0,82,1,15,,630886,13,,,1,55,,630913,13,0,82,1,15,,630887,13,,,1,15,,630914,13,0,82,1,15,,630888,13,,,1,55,,630915,13,0,82,1,15,,630889,13,,,1,15,,630916,13,0,82,1,15,,630890,13,,,1,55,,630917,13,0,82,1,15,,630891,13,,,1,15,,630918,13,0,82,1,15,,630892,13,,,1,55,,630919,13,0,82,1,15,,630893,13,,,1,15,,630920,13,0,82,1,15,,630894,13,,,1,55,,630921,13,0,82,1,15,,630895,13,,,1,15,,630922,13,0,82,1,15,,630896,13,,,1,55,,630923,13,0,82,1,15,,630897,13,,,1,15,,630924,13,0,82,1,15,,630898,13,,,1,55,,630925,13,0,82,1,15,,630899,13,,,1,15,,630926,13,0,82,1,15,,630900,13,,,1,55,,630927,13,0,82,1,15,,630901,13,,,1,15,,630928,13,0,82,1,15,,630902,13,0,82,1,55,,630929,13,0,82,1,15,,630903,13,0,82,1,15,,630930,13,0,82,1,15,,630904,13,0,82,1,55,,630931,13,0,82,1,15,,630905,13,0,82,1,15,,630932,13,0,82,1,15,,630906,13,0,82,1,70,,630907,13,,,1,30,,630908,13,0,82,1,70,,630909,13,,,1,30,,630910,13,0,82,1,70,,630911,13,,,1,28,,630933,13,0,82,1
1001,'CivHol26-Saturday-07-1',544,,630934,2,0,82,1,70,,630935,2,0,82,1,30,,630936,2,0,82,1,71,,630937,13,0,82,1,35,,630938,13,0,82,1,71,,630939,13,0,82,1,30,,630940,13,,,1,70,,630941,13,,,1,30,,630942,13,,,1,70,,630943,13,,,1,30,,630944,13,,,1,70,,630945,13,,,1,30,,630946,13,,,1,70,,630947,13,,,1,30,,630948,13,,,1,70,,630949,13,,,1,30,,630950,13,,,1,70,,630951,13,,,1,30,,630952,13,,,1,70,,630953,13,,,1,30,,630954,13,,,1,70,,630955,13,,,1,30,,630956,13,,,1,70,,630957,13,,,1,30,,630958,13,,,1,70,,630959,13,,,1,30,,630960,13,,,1,70,,630961,13,,,1,30,,630962,13,,,1,70,,630963,13,,,1,30,,630964,13,,,1,70,,630965,13,,,1,30,,630966,13,,,1,70,,630967,13,,,1,30,,630968,13,,,1,65,,630969,13,0,82,1,28,,630970,13,0,82,1,70,,630971,13,0,82,1,30,,630972,13,0,82,1
1001,'JUNDA26-Weekday-06-1',538,,631024,13,0,82,1,71,,631023,13,,,1,36,,630973,13,,,1,55,,631003,13,0,82,1,13,,630974,13,,,1,17,,631004,13,0,82,1,13,,630975,13,,,1,16,,631005,13,0,82,1,56,,630976,13,,,1,15,,631006,13,0,82,1,14,,630977,13,,,1,13,,631007,13,0,82,1,54,,630978,13,,,1,15,,631008,13,0,82,1,16,,630979,13,,,1,15,,631009,13,0,82,1,55,,630980,13,,,1,15,,631010,13,0,82,1,15,,630981,13,,,1,15,,631011,13,0,82,1,54,,630982,13,,,1,15,,631012,13,0,82,1,15,,630983,13,,,1,16,,631013,13,0,82,1,55,,630984,13,,,1,15,,631014,13,0,82,1,15,,630985,13,,,1,15,,631015,13,0,82,1,56,,630986,13,,,1,15,,631016,13,0,82,1,15,,630987,13,,,1,16,,631017,13,0,82,1,56,,630988,13,,,1,15,,631018,13,0,82,1,15,,630989,13,,,1,14,,631030,13,0,82,1,55,,630990,13,,,1,15,,631019,13,0,82,1,15,,631025,13,,,1,56,,631029,13,0,82,1,13,,630991,13,,,1,17,,631031,13,0,82,1,15,,630992,13,,,1,55,,631020,13,0,82,1,15,,631026,13,,,1,15,,631021,13,0,82,1,17,,630993,13,,,1,55,,631022,13,0,82,1,27,,630994,13,,,1,30,,630995,13,,,1,70,,630996,13,,,1,30,,630997,13,,,1,70,,630998,13,,,1,30,,630999,13,,,1,69,,631000,13,,,1,30,,631027,13,,,1,70,,631001,13,,,1,28,,631028,13,,,1,67,,631002,13,,,1
1001,'JUNSA26-Saturday-07-1',544,,631032,2,0,82,1,70,,631033,2,0,82,1,30,,631034,2,0,82,1,71,,631035,13,0,82,1,35,,631036,13,0,82,1,101,,631037,13,,,1,70,,631038,13,,,1,30,,631039,13,,,1,70,,631040,13,,,1,30,,631041,13,,,1,70,,631042,13,,,1,30,,631043,13,,,1,70,,631044,13,,,1,30,,631045,13,,,1,70,,631046,13,,,1,30,,631047,13,,,1,100,,631048,13,,,1,70,,631049,13,,,1,30,,631050,13,,,1,100,,631051,13,,,1,70,,631052,13,,,1,30,,631053,13,,,1,100,,631054,13,,,1,70,,631055,13,,,1,30,,631056,13,,,1,100,,631057,13,,,1,70,,631058,13,,,1,30,,631059,13,,,1,70,,631060,13,,,1,30,,631061,13,,,1,65,,631062,13,0,82,1,28,,631063,13,0,82,1,70,,631064,13,0,82,1,30,,631065,13,0,82,1
1001,'JUNSU26-Sunday-05-1',550,,631066,2,0,82,1,70,,631067,2,0,82,1,30,,631068,2,0,82,1,70,,631069,13,0,82,1,30,,631070,13,0,82,1,73,,631071,13,,,1,30,,631072,13,,,1,100,,631073,13,,,1,70,,631074,13,,,1,30,,631075,13,,,1,100,,631076,13,,,1,70,,631077,13,,,1,30,,631078,13,,,1,100,,631079,13,,,1,70,,631080,13,,,1,30,,631081,13,,,1,70,,631082,13,,,1,30,,631083,13,,,1,70,,631084,13,,,1,30,,631085,13,,,1,70,,631086,13,,,1,30,,631087,13,,,1,70,,631088,13,,,1,30,,631089,13,0,82,1,98,,631090,13,0,82,1,72,,631091,13,0,82,1,100,,631092,13,0,82,1,30,,631093,13,0,82,1,70,,631094,13,0,82,1,30,,631095,13,0,82,1,70,,631096,13,0,82,1
1001,'RBJul03-Weekday-01-1',538,,631148,13,0,82,1,71,,631147,13,,,1,36,,631097,13,,,1,55,,631127,13,0,82,1,13,,631098,13,,,1,17,,631128,13,0,82,1,13,,631099,13,,,1,16,,631129,13,0,82,1,56,,631100,13,,,1,15,,631130,13,0,82,1,14,,631101,13,,,1,13,,631131,13,0,82,1,54,,631102,13,,,1,15,,631132,13,0,82,1,16,,631103,13,,,1,15,,631133,13,0,82,1,55,,631104,13,,,1,15,,631134,13,0,82,1,15,,631105,13,,,1,15,,631135,13,0,82,1,54,,631106,13,,,1,15,,631136,13,0,82,1,15,,631107,13,,,1,16,,631137,13,0,82,1,55,,631108,13,,,1,15,,631138,13,0,82,1,15,,631109,13,,,1,15,,631139,13,0,82,1,56,,631110,13,,,1,15,,631140,13,0,82,1,15,,631111,13,,,1,16,,631141,13,0,82,1,56,,631112,13,,,1,15,,631142,13,0,82,1,15,,631113,13,,,1,14,,631154,13,0,82,1,55,,631114,13,,,1,15,,631143,13,0,82,1,15,,631149,13,,,1,56,,631153,13,0,82,1,13,,631115,13,,,1,17,,631155,13,0,82,1,15,,631116,13,,,1,55,,631144,13,0,82,1,15,,631150,13,,,1,15,,631145,13,0,82,1,17,,631117,13,,,1,54,,631146,13,0,82,1,28,,631118,13,,,1,30,,631119,13,,,1,70,,631120,13,,,1,30,,631121,13,,,1,70,,631122,13,,,1,30,,631123,13,,,1,69,,631124,13,,,1,30,,631151,13,,,1,70,,631125,13,,,1,28,,631152,13,,,1,67,,631126,13,,,1
4800,'CanDay26-Sunday-12-1',812,,641883,3,,,1,100,,641884,3,,,1,30,,641885,3,,,1,70,,641886,3,,,1,30,,641887,3,,,1,70,,641888,3,,,1,30,,641889,3,,,1,70,,641890,3,,,1,30,,641891,3,,,1,70,,641892,3,,,1,30,,641893,3,,,1,70,,641894,3,,,1,30,,641895,3,,,1,70,,641896,3,,,1,30,,641897,3,,,1,70,,641898,3,,,1,30,,641899,3,,,1,70,,641900,3,,,1,30,,641901,3,,,1,70,,641902,3,,,1,30,,641903,3,,,1,70,,641904,3,,,1
4800,'CivHol26-Saturday-07-1',736,,641914,3,,,1,70,,641915,3,,,1,30,,641916,3,,,1,70,,641917,3,,,1,30,,641918,3,,,1,70,,641919,3,,,1,30,,641920,3,,,1,70,,641921,3,,,1,30,,641922,3,,,1,70,,641923,3,,,1,30,,641924,3,,,1,70,,641925,3,,,1,30,,641926,3,,,1,70,,641927,3,,,1,30,,641928,3,,,1,70,,641929,3,,,1,30,,641930,3,,,1,70,,641931,3,,,1,30,,641932,3,,,1,70,,641933,3,,,1,30,,641934,3,,,1,70,,641935,3,,,1,30,,641936,3,,,1,70,,641937,3,,,1,30,,641938,3,,,1,70,,641939,3,,,1,30,,641940,3,,,1,70,,641941,3,,,1,30,,641942,3,,,1,70,,641943,3,,,1
4800,'JUNDA26-Weekday-06-1',602,,641949,3,,,1,15,,641950,3,,,1,16,,641951,3,,,1,15,,641952,3,,,1,54,,641983,3,,,1,14,,641982,3,,,1,17,,641991,3,,,1,13,,641953,3,,,1,58,,641997,3,,,1,16,,641954,3,,,1,15,,641955,3,,,1,13,,641956,3,,,1,55,,641974,3,,,1,30,,641990,3,,,1,70,,641995,3,,,1,30,,641957,3,,,1,69,,641958,3,,,1,31,,641959,3,,,1,70,,641984,3,,,1,29,,641960,3,,,1,70,,641961,3,,,1,30,,641989,3,,,1,71,,641987,3,,,1,30,,641962,3,,,1,70,,641963,3,,,1,15,,641986,3,,,1,14,,641988,3,,,1,16,,641964,3,,,1,54,,641976,3,,,1,16,,641965,3,,,1,14,,641979,3,,,1,17,,641966,3,,,1,54,,641978,3,,,1,15,,641992,3,,,1,15,,641967,3,,,1,15,,641968,3,,,1,55,,641969,3,,,1,30,,641970,3,,,1,70,,641977,3,,,1,30,,641993,3,,,1,70,,641996,3,,,1,30,,641971,3,,,1,70,,641975,3,,,1,30,,641994,3,,,1
4800,'JUNSA26-Saturday-07-1',736,,641998,3,,,1,70,,641999,3,,,1,130,,642000,3,,,1,70,,642001,3,,,1,30,,642002,3,,,1,70,,642003,3,,,1,100,,642004,3,,,1,30,,642005,3,,,1,70,,642006,3,,,1,100,,642007,3,,,1,30,,642008,3,,,1,70,,642009,3,,,1,30,,642010,3,,,1,70,,642011,3,,,1,30,,642012,3,,,1,70,,642013,3,,,1,30,,642014,3,,,1,70,,642015,3,,,1,30,,642016,3,,,1,70,,642017,3,,,1,100,,642018,3,,,1,30,,642019,3,,,1,70,,642020,3,,,1,100,,642021,3,,,1
4800,'JUNSU26-Sunday-05-1',812,,642027,3,,,1,100,,642028,3,,,1,30,,642029,3,,,1,70,,642030,3,,,1,30,,642031,3,,,1,70,,642032,3,,,1,30,,642033,3,,,1,70,,642034,3,,,1,30,,642035,3,,,1,70,,642036,3,,,1,30,,642037,3,,,1,100,,642038,3,,,1,70,,642039,3,,,1,100,,642040,3,,,1,30,,642041,3,,,1,100,,642042,3,,,1,70,,642043,3,,,1,30,,642044,3,,,1
4800,'RBJul03-Weekday-01-1',602,,642053,3,,,1,15,,642054,3,,,1,16,,642055,3,,,1,15,,642056,3,,,1,54,,642087,3,,,1,14,,642086,3,,,1,17,,642095,3,,,1,13,,642057,3,,,1,58,,642101,3,,,1,16,,642058,3,,,1,15,,642059,3,,,1,13,,642060,3,,,1,55,,642078,3,,,1,30,,642094,3,,,1,70,,642099,3,,,1,30,,642061,3,,,1,69,,642062,3,,,1,31,,642063,3,,,1,70,,642088,3,,,1,29,,642064,3,,,1,70,,642065,3,,,1,30,,642093,3,,,1,71,,642091,3,,,1,30,,642066,3,,,1,70,,642067,3,,,1,15,,642090,3,,,1,14,,642092,3,,,1,16,,642068,3,,,1,54,,642080,3,,,1,16,,642069,3,,,1,14,,642083,3,,,1,17,,642070,3,,,1,54,,642082,3,,,1,15,,642096,3,,,1,15,,642071,3,,,1,15,,642072,3,,,1,55,,642073,3,,,1,30,,642074,3,,,1,70,,642081,3,,,1,30,,642097,3,,,1,70,,642100,3,,,1,30,,642075,3,,,1,70,,642079,3,,,1,30,,642098,3,,,1
11100,'JUNDA26-Weekday-06-1',654,,655862,38,,,1,72,,655864,38,,,1,30,,655866,38,,,1,76,,655868,38,,,1,25,,655869,38,,,1,65,,655871,38,,,1,30,,655873,38,,,1,75,,655875,38,,,1,30,,655877,38,,,1,70,,655879,38,,,1,30,,655881,38,,,1,70,,655883,38,,,1,30,,655885,38,,,1,70,,655887,38,,,1,30,,655889,38,,,1,67,,655891,38,,,1,35,,655893,38,,,1,70,,655894,38,,,1,73,,655895,38,,,1,30,,655897,38,,,1,72,,655898,38,,,1,30,,655900,38,,,1,69,,655902,38,,,1,30,,655903,38,,,1,25,,655905,38,,,1,70,,655907,38,,,1,25,,655909,38,,,1,70,,655911,38,,,1,30,,655913,38,,,1,70,,655915,38,,,1,30,,655917,38,,,1,70,,655919,38,,,1
11100,'RBJul03-Weekday-01-1',654,,655997,38,,,1,72,,655999,38,,,1,30,,656001,38,,,1,76,,656003,38,,,1,25,,656004,38,,,1,65,,656006,38,,,1,30,,656008,38,,,1,75,,656010,38,,,1,30,,656012,38,,,1,70,,656014,38,,,1,30,,656016,38,,,1,70,,656018,38,,,1,30,,656020,38,,,1,70,,656022,38,,,1,30,,656024,38,,,1,67,,656026,38,,,1,35,,656028,38,,,1,70,,656029,38,,,1,73,,656030,38,,,1,30,,656032,38,,,1,72,,656033,38,,,1,30,,656035,38,,,1,69,,656037,38,,,1,30,,656038,38,,,1,25,,656040,38,,,1,70,,656042,38,,,1,25,,656044,38,,,1,70,,656046,38,,,1,30,,656048,38,,,1,70,,656050,38,,,1,30,,656052,38,,,1,70,,656054,38,,,1
