2501,'CanDay26-Sunday-11-1',759,,457550,22,,,1,70,,457551,22,,,1,30,,457552,22,,,1,70,,457542,34,,,1,30,,457543,34,,,1,71,,457544,34,,,1,70,,457545,34,,,1,30,,457546,34,,,1,12,,457565,22,,,1,12,,457566,22,,,1,52,,457567,34,,,1,12,,457568,22,,,1,12,,457569,22,,,1,12,,457570,34,,,1,12,,457571,22,,,1,52,,457572,22,,,1,12,,457573,34,,,1,12,,457574,22,,,1,12,,457575,22,,,1,12,,457576,34,,,1,52,,457577,22,,,1,12,,457578,22,,,1,12,,457579,34,,,1,12,,457580,22,,,1,12,,457581,22,,,1,50,,457582,34,,,1,14,,457583,22,,,1,12,,457584,22,,,1,12,,457585,34,,,1,12,,457586,22,,,1,52,,457587,22,,,1,12,,457588,34,,,1,12,,457589,22,,,1,12,,457590,22,,,1,12,,457591,34,,,1,52,,457592,22,,,1,12,,457593,22,,,1,12,,457594,34,,,1,12,,457595,22,,,1,12,,457596,22,,,1,52,,457597,34,,,1,11,,457598,22,,,1,12,,457599,22,,,1,12,,457600,34,,,1,12,,457601,22,,,1,52,,457602,22,,,1,12,,457603,34,,,1,20,,457553,22,,,1,16,,457604,34,,,1,55,,457559,22,,,1,21,,457547,34,,,1,18,,457554,22,,,1,60,,457560,22,,,1,20,,457548,34,,,1,19,,457555,22,,,1,60,,457561,22,,,1,21,,457549,34,,,1,18,,457556,22,,,1,60,,457562,22,,,1,40,,457557,22,,,1,60,,457563,22,,,1,20,,457558,34,,,1,30,,457564,22,,,1
2501,'CivHol26-Saturday-06-1',735,,457632,22,,,1,72,,457605,34,,,1,30,,457633,22,,,1,70,,457606,34,,,1,31,,457607,34,,,1,70,,457608,34,,,1,31,,457609,34,,,1,70,,457610,34,,,1,30,,457611,34,,,1,70,,457612,34,,,1,30,,457613,34,,,1,70,,457614,34,,,1,30,,457615,34,,,1,70,,457616,34,,,1,30,,457617,34,,,1,70,,457618,34,,,1,15,,457642,22,,,1,15,,457619,34,,,1,15,,457645,22,,,1,55,,457620,34,,,1,15,,457643,22,,,1,15,,457621,34,,,1,15,,457646,22,,,1,55,,457622,34,,,1,15,,457644,22,,,1,15,,457623,34,,,1,15,,457647,22,,,1,55,,457624,34,,,1,29,,457625,34,,,1,70,,457626,34,,,1,30,,457627,34,,,1,69,,457634,22,,,1,30,,457628,34,,,1,70,,457635,22,,,1,29,,457629,34,,,1,70,,457636,22,,,1,30,,457630,34,,,1,70,,457637,22,,,1,30,,457631,34,,,1,70,,457638,22,,,1,30,,457639,22,,,1,70,,457640,22,,,1,30,,457641,22,,,1
2501,'JUNDA26-Weekday-05-1',558,,457693,22,,,1,70,,457648,39,,,1,72,,457649,39,,,1,29,,457704,39,,,1,71,,457685,39,,,1,29,,457650,39,,,1,72,,457651,39,,,1,30,,457705,39,,,1,14,,457666,22,,,1,14,,457652,39,,,1,55,,457667,22,,,1,15,,457696,39,,,1,16,,457668,22,,,1,13,,457653,39,,,1,55,,457689,22,,,1,15,,457706,39,,,1,15,,457669,22,,,1,15,,457654,39,,,1,55,,457670,22,,,1,15,,457703,39,,,1,15,,457671,22,,,1,15,,457695,39,,,1,55,,457688,22,,,1,15,,457655,39,,,1,15,,457672,22,,,1,15,,457656,39,,,1,55,,457684,22,,,1,15,,457657,39,,,1,18,,457700,22,,,1,55,,457702,39,,,1,15,,457673,22,,,1,15,,457658,39,,,1,13,,457674,22,,,1,56,,457659,39,,,1,14,,457675,39,,,1,15,,457660,39,,,1,17,,457701,39,,,1,54,,457661,39,,,1,16,,457676,39,,,1,15,,457662,39,,,1,15,,457677,39,,,1,54,,457663,39,,,1,15,,457694,39,,,1,16,,457664,39,,,1,15,,457690,39,,,1,55,,457665,39,,,1,15,,457678,39,,,1,30,,457679,39,,,1,60,,457692,39,,,1,30,,457691,39,,,1,66,,457680,39,,,1,30,,457686,39,,,1,70,,457697,39,,,1,29,,457681,39,,,1,71,,457687,39,,,1,30,,457682,39,,,1,70,,457699,39,,,1,35,,457683,22,,,1,70,,457698,22,,,1
2501,'JUNSA26-Saturday-06-1',735,,457729,22,,,1,72,,457707,34,,,1,100,,457708,34,,,1,31,,457709,34,,,1,101,,457710,34,,,1,70,,457711,34,,,1,30,,457712,34,,,1,100,,457713,34,,,1,70,,457714,34,,,1,30,,457715,34,,,1,100,,457716,34,,,1,70,,457717,34,,,1,30,,457718,34,,,1,70,,457719,34,,,1,30,,457720,34,,,1,100,,457721,34,,,1,70,,457722,34,,,1,29,,457723,34,,,1,100,,457724,34,,,1,69,,457730,22,,,1,30,,457725,34,,,1,99,,457726,34,,,1,70,,457731,22,,,1,30,,457727,34,,,1,100,,457728,34,,,1,70,,457732,22,,,1,30,,457733,22,,,1,70,,457734,22,,,1,30,,457735,22,,,1
2501,'JUNSU26-Sunday-04-1',756,,457760,22,,,1,70,,457761,22,,,1,30,,457762,22,,,1,71,,457736,34,,,1,30,,457737,34,,,1,71,,457738,34,,,1,30,,457739,34,,,1,70,,457740,34,,,1,30,,457741,34,,,1,70,,457742,34,,,1,30,,457743,34,,,1,70,,457744,34,,,1,30,,457745,34,,,1,70,,457746,34,,,1,30,,457747,34,,,1,70,,457748,34,,,1,30,,457749,34,,,1,70,,457750,34,,,1,30,,457751,34,,,1,70,,457752,34,,,1,30,,457753,34,,,1,69,,457754,34,,,1,30,,457755,34,,,1,70,,457756,34,,,1,30,,457763,22,,,1,70,,457757,34,,,1,30,,457764,22,,,1,69,,457758,34,,,1,30,,457765,22,,,1,70,,457759,34,,,1,30,,457766,22,,,1,70,,457767,22,,,1,30,,457768,22,,,1,70,,457769,22,,,1
3100,'CanDay26-Sunday-11-1',805,,458090,43,,,1,101,,458091,43,,,1,100,,458092,43,,,1,30,,458093,43,,,1,70,,458094,43,,,1,30,,458095,43,,,1,70,,458096,43,,,1,31,,458097,43,,,1,70,,458098,43,,,1,30,,458099,43,,,1,70,,458100,43,,,1,30,,458101,43,,,1,70,,458102,43,,,1,30,,458103,43,,,1,70,,458104,43,,,1,30,,458105,43,,,1,70,,458106,43,,,1,30,,458107,43,,,1,70,,458108,43,,,1,100,,458109,43,,,1,100,,458110,43,,,1,99,,458111,43,,,1,100,,458112,43,,,1,99,,458113,43,,,1,100,,458114,43,,,1,100,,458115,43,,,1
3100,'CivHol26-Saturday-06-1',732,,458116,43,,,1,70,,458117,43,,,1,31,,458118,43,,,1,70,,458119,43,,,1,30,,458120,43,,,1,70,,458121,43,,,1,30,,458122,43,,,1,70,,458123,43,,,1,30,,458124,43,,,1,70,,458125,43,,,1,31,,458126,43,,,1,70,,458127,43,,,1,30,,458128,43,,,1,70,,458129,43,,,1,30,,458130,43,,,1,70,,458131,43,,,1,30,,458132,43,,,1,70,,458133,43,,,1,30,,458134,43,,,1,70,,458135,43,,,1,30,,458136,43,,,1,70,,458137,43,,,1,30,,458138,43,,,1,70,,458139,43,,,1,30,,458140,43,,,1,70,,458141,43,,,1,29,,458142,43,,,1,70,,458143,43,,,1,30,,458144,43,,,1,70,,458147,43,,,1,29,,458145,43,,,1,70,,458148,43,,,1,30,,458146,43,,,1
3100,'JUNDA26-Weekday-05-1',704,,458149,43,,,1,30,,458150,43,,,1,70,,458151,43,,,1,30,,458152,43,,,1,69,,458165,43,,,1,30,,458153,43,,,1,70,,458154,43,,,1,30,,458166,43,,,1,70,,458178,43,,,1,30,,458155,43,,,1,70,,458167,43,,,1,30,,458163,43,,,1,70,,458156,43,,,1,30,,458177,43,,,1,70,,458164,43,,,1,30,,458157,43,,,1,70,,458176,43,,,1,30,,458158,43,,,1,70,,458180,43,,,1,31,,458173,43,,,1,69,,458159,43,,,1,30,,458161,43,,,1,70,,458174,43,,,1,30,,458171,43,,,1,68,,458168,43,,,1,30,,458175,43,,,1,70,,458160,43,,,1,30,,458179,43,,,1,28,,458172,43,,,1,70,,458162,43,,,1,28,,458170,43,,,1,100,,458169,43,,,1
3100,'JUNSA26-Saturday-06-1',732,,458181,43,,,1,101,,458182,43,,,1,70,,458183,43,,,1,30,,458184,43,,,1,100,,458185,43,,,1,70,,458186,43,,,1,100,,458187,43,,,1,31,,458188,43,,,1,100,,458189,43,,,1,70,,458190,43,,,1,100,,458191,43,,,1,30,,458192,43,,,1,100,,458193,43,,,1,70,,458194,43,,,1,100,,458195,43,,,1,30,,458196,43,,,1,100,,458197,43,,,1,70,,458198,43,,,1,99,,458199,43,,,1,30,,458200,43,,,1,70,,458203,43,,,1,29,,458201,43,,,1,70,,458204,43,,,1,30,,458202,43,,,1
3100,'JUNSU26-Sunday-04-1',805,,458205,43,,,1,101,,458206,43,,,1,100,,458207,43,,,1,30,,458208,43,,,1,70,,458209,43,,,1,30,,458210,43,,,1,70,,458211,43,,,1,101,,458212,43,,,1,30,,458213,43,,,1,100,,458214,43,,,1,70,,458215,43,,,1,30,,458216,43,,,1,70,,458217,43,,,1,30,,458218,43,,,1,70,,458219,43,,,1,30,,458220,43,,,1,70,,458221,43,,,1,100,,458222,43,,,1,100,,458223,43,,,1,99,,458224,43,,,1,100,,458225,43,,,1,99,,458226,43,,,1
3600,'CanDay26-Sunday-11-1',733,,459169,2,,,1,100,,459170,2,,,1,100,,459171,2,,,1,70,,459172,2,,,1,30,,459173,2,,,1,70,,459174,2,,,1,30,,459175,2,,,1,70,,459176,2,,,1,30,,459177,2,,,1,70,,459178,2,,,1,30,,459179,2,,,1,70,,459180,2,,,1,30,,459181,2,,,1,70,,459182,2,,,1,30,,459183,2,,,1,70,,459184,2,,,1,30,,459185,2,,,1,70,,459186,2,,,1,30,,459187,2,,,1,70,,459188,2,,,1,30,,459189,2,,,1,70,,459190,2,,,1,30,,459196,2,,,1,70,,459191,2,,,1,100,,459192,2,,,1,100,,459193,2,,,1,100,,459194,2,,,1,100,,459195,2,,,1
3600,'CivHol26-Saturday-06-1',728,,459197,2,,,1,100,,459198,2,,,1,30,,459199,2,,,1,70,,459200,2,,,1,30,,459201,2,,,1,70,,459202,2,,,1,30,,459203,2,,,1,70,,459204,2,,,1,30,,459205,2,,,1,70,,459206,2,,,1,30,,459207,2,,,1,70,,459208,2,,,1,30,,459209,2,,,1,70,,459210,2,,,1,30,,459211,2,,,1,70,,459212,2,,,1,30,,459213,2,,,1,70,,459214,2,,,1,30,,459215,2,,,1,70,,459216,2,,,1,30,,459217,2,,,1,70,,459218,2,,,1,30,,459219,2,,,1,70,,459220,2,,,1,30,,459221,2,,,1,70,,459222,2,,,1,30,,459223,2,,,1,70,,459224,2,,,1,100,,459225,2,,,1,100,,459226,2,,,1
3600,'JUNDA26-Weekday-05-1',500,,459232,2,,,1,100,,459227,2,,,1,30,,459228,2,,,1,70,,459251,2,,,1,30,,459230,2,,,1,71,,459240,2,,,1,29,,459256,2,,,1,27,,459252,2,,,1,70,,459245,2,,,1,30,,459257,2,,,1,70,,459243,2,,,1,30,,459250,2,,,1,70,,459258,2,,,1,30,,459244,2,,,1,70,,459248,2,,,1,30,,459259,2,,,1,70,,459242,2,,,1,30,,459249,2,,,1,72,,459239,2,,,1,30,,459261,2,,,1,70,,459247,2,,,1,72,,459241,2,,,1,30,,459234,2,,,1,70,,459246,2,,,1,28,,459260,2,,,1,30,,459233,2,,,1,70,,459229,2,,,1,30,,459231,2,,,1,68,,459255,2,,,1,30,,459238,2,,,1,70,,459253,2,,,1,30,,459236,2,,,1,70,,459254,2,,,1,30,,459235,2,,,1,97,,459237,2,,,1
3600,'JUNSA26-Saturday-06-1',728,,459262,2,,,1,100,,459263,2,,,1,30,,459264,2,,,1,70,,459265,2,,,1,30,,459266,2,,,1,100,,459267,2,,,1,100,,459268,2,,,1,70,,459269,2,,,1,30,,459270,2,,,1,70,,459271,2,,,1,30,,459272,2,,,1,100,,459273,2,,,1,100,,459274,2,,,1,100,,459275,2,,,1,100,,459276,2,,,1,70,,459277,2,,,1,100,,459278,2,,,1,100,,459279,2,,,1,100,,459280,2,,,1,100,,459281,2,,,1,100,,459282,2,,,1
3600,'JUNSU26-Sunday-04-1',733,,459283,2,,,1,100,,459284,2,,,1,100,,459285,2,,,1,70,,459286,2,,,1,30,,459287,2,,,1,70,,459288,2,,,1,30,,459289,2,,,1,100,,459290,2,,,1,100,,459291,2,,,1,70,,459292,2,,,1,30,,459293,2,,,1,70,,459294,2,,,1,30,,459295,2,,,1,70,,459296,2,,,1,30,,459297,2,,,1,70,,459298,2,,,1,30,,459299,2,,,1,70,,459300,2,,,1,30,,459301,2,,,1,70,,459302,2,,,1,100,,459303,2,,,1,100,,459304,2,,,1,100,,459305,2,,,1,100,,459306,2,,,1
