1100,'CanDay26-Sunday-11-1',632,,454306,11,,,1,70,,454307,11,,,1,30,,454308,11,,,1,70,,454309,11,,,1,30,,454310,11,,,1,70,,454311,11,,,1,27,,454296,27,,,1,30,,454312,11,,,1,71,,454297,27,,,1,15,,454319,11,,,1,55,,454298,27,,,1,15,,454320,11,,,1,15,,454299,27,,,1,15,,454321,11,,,1,55,,454300,27,,,1,15,,454322,11,,,1,15,,454301,27,,,1,20,,454302,27,,,1,60,,454303,27,,,1,20,,454304,27,,,1,20,,454328,27,,,1,60,,454329,27,,,1,20,,454305,27,,,1,20,,454337,27,,,1,60,,454338,27,,,1,20,,454331,27,,,1,20,,454339,27,,,1,60,,454340,27,,,1,20,,454332,27,,,1,20,,454341,27,,,1,60,,454342,27,,,1,20,,454333,27,,,1,20,,454343,27,,,1,60,,454344,27,,,1,20,,454334,27,,,1,20,,454345,27,,,1,60,,454346,27,,,1,20,,454335,27,,,1,20,,454347,27,,,1,60,,454327,27,,,1,18,,454330,27,,,1,25,,454336,27,,,1,56,,454326,11,,,1,16,,454313,11,,,1,15,,454324,11,,,1,15,,454314,11,,,1,55,,454325,11,,,1,15,,454315,11,,,1,30,,454316,11,,,1,70,,454317,11,,,1,30,,454318,11,,,1,70,,454323,11,,,1
1100,'CivHol26-Saturday-06-1',535,,454397,11,,,1,70,,454398,11,,,1,30,,454399,11,,,1,70,,454400,11,,,1,30,,454401,11,,,1,70,,454402,11,,,1,30,,454403,11,,,1,66,,454373,27,,,1,30,,454374,27,,,1,70,,454375,27,,,1,31,,454376,27,,,1,70,,454377,27,,,1,30,,454378,27,,,1,70,,454379,27,,,1,30,,454380,27,,,1,70,,454381,27,,,1,30,,454382,27,,,1,70,,454383,27,,,1,30,,454384,27,,,1,70,,454385,27,,,1,30,,454386,27,,,1,70,,454387,27,,,1,30,,454388,27,,,1,70,,454389,27,,,1,30,,454390,27,,,1,70,,454391,27,,,1,30,,454392,27,,,1,70,,454393,27,,,1,30,,454394,27,,,1,70,,454395,27,,,1,28,,454396,27,,,1,21,,454404,11,,,1,70,,454405,11,,,1,30,,454406,11,,,1,70,,454407,11,,,1,30,,454408,11,,,1,70,,454409,11,,,1,30,,454410,11,,,1,70,,454411,11,,,1,30,,454412,11,,,1
1100,'JUNDA26-Weekday-05-1',432,,454413,11,,,1,70,,454467,11,,,1,30,,454414,11,,,1,15,,454415,11,,,1,55,,454416,11,,,1,13,,454417,11,,,1,18,,454471,11,,,1,15,,454418,11,,,1,55,,454419,11,,,1,15,,454475,11,,,1,15,,454420,11,,,1,16,,454474,11,,,1,55,,454421,11,,,1,15,,454422,11,,,1,15,,454423,11,,,1,15,,454424,27,,,1,53,,454425,11,,,1,16,,454470,27,,,1,13,,454476,11,,,1,14,,454426,27,,,1,56,,454427,11,,,1,16,,454472,27,,,1,15,,454428,11,,,1,14,,454429,27,,,1,54,,454430,11,,,1,15,,454431,27,,,1,15,,454432,11,,,1,13,,454433,27,,,1,16,,454434,11,,,1,54,,454435,27,,,1,15,,454436,11,,,1,15,,454437,27,,,1,14,,454438,11,,,1,54,,454473,27,,,1,16,,454439,11,,,1,15,,454440,27,,,1,16,,454441,11,,,1,54,,454442,27,,,1,13,,454443,11,,,1,15,,454444,27,,,1,15,,454445,11,,,1,53,,454446,27,,,1,12,,454469,11,,,1,11,,454447,27,,,1,76,,454448,27,,,1,16,,454449,11,,,1,16,,454450,27,,,1,15,,454451,11,,,1,54,,454452,27,,,1,17,,454453,11,,,1,13,,454466,27,,,1,67,,454468,27,,,1,30,,454454,27,,,1,69,,454455,27,,,1,28,,454456,27,,,1,70,,454457,27,,,1,30,,454458,27,,,1,70,,454459,27,,,1,30,,454460,27,,,1,74,,454461,11,,,1,33,,454462,11,,,1,71,,454463,11,,,1,30,,454464,11,,,1,72,,454465,11,,,1
1100,'JUNSA26-Saturday-06-1',535,,454496,11,,,1,70,,454497,11,,,1,30,,454498,11,,,1,70,,454499,11,,,1,30,,454500,11,,,1,70,,454501,11,,,1,30,,454502,11,,,1,66,,454477,27,,,1,30,,454478,27,,,1,101,,454479,27,,,1,70,,454480,27,,,1,30,,454481,27,,,1,70,,454482,27,,,1,30,,454483,27,,,1,70,,454484,27,,,1,30,,454485,27,,,1,70,,454486,27,,,1,30,,454487,27,,,1,70,,454488,27,,,1,30,,454489,27,,,1,70,,454490,27,,,1,100,,454491,27,,,1,100,,454492,27,,,1,30,,454493,27,,,1,100,,454494,27,,,1,98,,454495,27,,,1,21,,454503,11,,,1,70,,454504,11,,,1,30,,454505,11,,,1,70,,454506,11,,,1,30,,454507,11,,,1,70,,454508,11,,,1,30,,454509,11,,,1,70,,454510,11,,,1,30,,454511,11,,,1
1100,'JUNSU26-Sunday-04-1',632,,454530,11,,,1,70,,454531,11,,,1,30,,454532,11,,,1,70,,454533,11,,,1,30,,454534,11,,,1,70,,454535,11,,,1,27,,454512,27,,,1,30,,454536,11,,,1,71,,454513,27,,,1,70,,454514,27,,,1,30,,454515,27,,,1,70,,454516,27,,,1,30,,454517,27,,,1,70,,454518,27,,,1,30,,454519,27,,,1,70,,454520,27,,,1,30,,454521,27,,,1,70,,454522,27,,,1,30,,454523,27,,,1,70,,454524,27,,,1,30,,454525,27,,,1,70,,454526,27,,,1,100,,454527,27,,,1,30,,454528,27,,,1,70,,454529,27,,,1,56,,454537,11,,,1,69,,454538,11,,,1,30,,454539,11,,,1,70,,454540,11,,,1,30,,454541,11,,,1,70,,454542,11,,,1,30,,454543,11,,,1,70,,454544,11,,,1,30,,454545,11,,,1
15300,'CanDay26-Sunday-11-1',1015,,475032,14,,,1,200,,475033,14,,,1,200,,475034,14,,,1,200,,475035,14,,,1
15300,'CivHol26-Saturday-06-1',1015,,475036,14,,,1,200,,475037,14,,,1,200,,475038,14,,,1,200,,475039,14,,,1
15300,'JUNDA26-Weekday-05-1',812,,475040,14,,,1,210,,475041,14,,,1,97,,475042,14,,,1,102,,475043,14,,,1,97,,475044,14,,,1,102,,475045,14,,,1,197,,475046,14,,,1,206,,475047,14,,,1,88,,475048,14,,,1
15300,'JUNSA26-Saturday-06-1',1015,,475049,14,,,1,200,,475050,14,,,1,200,,475051,14,,,1,200,,475052,14,,,1
15300,'JUNSU26-Sunday-04-1',1015,,475053,14,,,1,200,,475054,14,,,1,200,,475055,14,,,1,200,,475056,14,,,1
