601,'1-1',438,,565088,7,0,67,1,71,,565103,7,0,67,1,30,,565098,7,0,67,1,20,,565090,7,,,1,60,,565099,7,,,1,15,,565104,7,,,1,15,,565080,7,,,1,55,,565100,7,,,1,14,,565085,7,,,1,17,,565108,7,,,1,71,,565043,7,,,1,14,,565069,7,,,1,15,,565086,7,,,1,15,,565094,7,,,1,55,,565076,7,,,1,15,,565078,7,,,1,15,,565058,7,,,1,15,,565109,7,,,1,55,,565050,7,,,1,15,,565089,7,,,1,15,,565048,7,,,1,15,,565111,7,,,1,55,,565057,7,,,1,14,,565066,7,,,1,16,,565044,7,,,1,15,,565095,7,,,1,54,,565107,7,,,1,15,,565118,7,,,1,16,,565079,7,,,1,15,,565049,7,,,1,55,,565113,7,,,1,15,,565102,7,,,1,15,,565096,7,,,1,15,,565077,7,,,1,55,,565081,7,,,1,15,,565064,7,,,1,15,,565092,7,,,1,15,,565084,7,,,1,54,,565063,7,,,1,16,,565061,7,,,1,15,,565052,7,,,1,15,,565071,7,,,1,55,,565117,7,,,1,15,,565074,7,,,1,15,,565072,7,,,1,15,,565065,7,,,1,55,,565054,7,,,1,16,,565055,7,,,1,14,,565097,7,,,1,16,,565051,7,,,1,54,,565083,7,,,1,15,,565059,7,,,1,14,,565068,7,,,1,15,,565087,7,,,1,70,,565075,7,,,1,30,,565053,7,,,1,70,,565114,7,,,1,30,,565116,7,,,1,70,,565093,7,,,1,30,,565060,7,,,1,70,,565112,7,,,1,30,,565062,7,,,1,73,,565105,7,,,1
601,'10-1',438,,565155,7,0,67,1,71,,565164,7,0,67,1,30,,565121,7,0,67,1,20,,565126,7,,,1,60,,565181,7,,,1,15,,565149,7,,,1,15,,565135,7,,,1,55,,565157,7,,,1,14,,565148,7,,,1,17,,565156,7,,,1,71,,565123,7,,,1,14,,565166,7,,,1,15,,565134,7,,,1,15,,565174,7,,,1,55,,565143,7,,,1,15,,565163,7,,,1,15,,565189,7,,,1,15,,565137,7,,,1,55,,565165,7,,,1,15,,565186,7,,,1,15,,565180,7,,,1,15,,565158,7,,,1,55,,565182,7,,,1,14,,565172,7,,,1,16,,565146,7,,,1,15,,565177,7,,,1,54,,565188,7,,,1,15,,565176,7,,,1,16,,565122,7,,,1,15,,565185,7,,,1,55,,565127,7,,,1,15,,565138,7,,,1,15,,565124,7,,,1,15,,565125,7,,,1,55,,565171,7,,,1,15,,565145,7,,,1,15,,565147,7,,,1,15,,565151,7,,,1,54,,565167,7,,,1,16,,565168,7,,,1,15,,565128,7,,,1,15,,565136,7,,,1,55,,565178,7,,,1,15,,565179,7,,,1,15,,565141,7,,,1,15,,565131,7,,,1,55,,565187,7,,,1,16,,565119,7,,,1,14,,565175,7,,,1,16,,565152,7,,,1,54,,565132,7,,,1,15,,565184,7,,,1,14,,565153,7,,,1,15,,565183,7,,,1,70,,565194,7,,,1,30,,565150,7,,,1,70,,565139,7,,,1,30,,565130,7,,,1,70,,565140,7,,,1,30,,565120,7,,,1,70,,565190,7,,,1,30,,565169,7,,,1,73,,565193,7,,,1
601,'11-1',438,,565231,7,0,67,1,71,,565240,7,0,67,1,30,,565197,7,0,67,1,20,,565202,7,,,1,60,,565257,7,,,1,15,,565225,7,,,1,15,,565211,7,,,1,55,,565233,7,,,1,14,,565224,7,,,1,17,,565232,7,,,1,71,,565199,7,,,1,14,,565242,7,,,1,15,,565210,7,,,1,15,,565250,7,,,1,55,,565219,7,,,1,15,,565239,7,,,1,15,,565265,7,,,1,15,,565213,7,,,1,55,,565241,7,,,1,15,,565262,7,,,1,15,,565256,7,,,1,15,,565234,7,,,1,55,,565258,7,,,1,14,,565248,7,,,1,16,,565222,7,,,1,15,,565253,7,,,1,54,,565264,7,,,1,15,,565252,7,,,1,16,,565198,7,,,1,15,,565261,7,,,1,55,,565203,7,,,1,15,,565214,7,,,1,15,,565200,7,,,1,15,,565201,7,,,1,55,,565247,7,,,1,15,,565221,7,,,1,15,,565223,7,,,1,15,,565227,7,,,1,54,,565243,7,,,1,16,,565244,7,,,1,15,,565204,7,,,1,15,,565212,7,,,1,55,,565254,7,,,1,15,,565255,7,,,1,15,,565217,7,,,1,15,,565207,7,,,1,55,,565263,7,,,1,16,,565195,7,,,1,14,,565251,7,,,1,16,,565228,7,,,1,54,,565208,7,,,1,15,,565260,7,,,1,14,,565229,7,,,1,15,,565259,7,,,1,70,,565270,7,,,1,30,,565226,7,,,1,70,,565215,7,,,1,30,,565206,7,,,1,70,,565216,7,,,1,30,,565196,7,,,1,70,,565266,7,,,1,30,,565245,7,,,1,73,,565269,7,,,1
601,'2-1',438,,565307,7,0,67,1,71,,565316,7,0,67,1,30,,565273,7,0,67,1,20,,565278,7,,,1,60,,565333,7,,,1,15,,565301,7,,,1,15,,565287,7,,,1,55,,565309,7,,,1,14,,565300,7,,,1,17,,565308,7,,,1,71,,565275,7,,,1,14,,565318,7,,,1,15,,565286,7,,,1,15,,565326,7,,,1,55,,565295,7,,,1,15,,565315,7,,,1,15,,565341,7,,,1,15,,565289,7,,,1,55,,565317,7,,,1,15,,565338,7,,,1,15,,565332,7,,,1,15,,565310,7,,,1,55,,565334,7,,,1,14,,565324,7,,,1,16,,565298,7,,,1,15,,565329,7,,,1,54,,565340,7,,,1,15,,565328,7,,,1,16,,565274,7,,,1,15,,565337,7,,,1,55,,565279,7,,,1,15,,565290,7,,,1,15,,565276,7,,,1,15,,565277,7,,,1,55,,565323,7,,,1,15,,565297,7,,,1,15,,565299,7,,,1,15,,565303,7,,,1,54,,565319,7,,,1,16,,565320,7,,,1,15,,565280,7,,,1,15,,565288,7,,,1,55,,565330,7,,,1,15,,565331,7,,,1,15,,565293,7,,,1,15,,565283,7,,,1,55,,565339,7,,,1,16,,565271,7,,,1,14,,565327,7,,,1,16,,565304,7,,,1,54,,565284,7,,,1,15,,565336,7,,,1,14,,565305,7,,,1,15,,565335,7,,,1,70,,565346,7,,,1,30,,565302,7,,,1,70,,565291,7,,,1,30,,565282,7,,,1,70,,565292,7,,,1,30,,565272,7,,,1,70,,565342,7,,,1,30,,565321,7,,,1,73,,565345,7,,,1
601,'3-1',709,,565356,7,0,67,1,35,,565397,7,,,1,71,,565352,7,,,1,30,,565418,7,,,1,70,,565350,7,,,1,30,,565383,7,,,1,69,,565391,7,,,1,30,,565361,7,,,1,68,,565357,7,,,1,30,,565375,7,,,1,68,,565392,7,,,1,30,,565355,7,,,1,69,,565372,7,,,1,30,,565374,7,,,1,70,,565399,7,,,1,30,,565381,7,,,1,70,,565349,7,,,1,30,,565402,7,,,1,70,,565421,7,,,1,30,,565378,7,,,1,73,,565365,7,,,1,30,,565393,7,,,1,70,,565424,7,,,1,30,,565412,7,,,1,70,,565362,7,,,1,30,,565394,7,,,1,72,,565366,7,,,1,30,,565368,7,,,1,70,,565369,7,,,1,30,,565379,7,,,1,70,,565371,7,,,1,30,,565414,7,,,1,69,,565367,7,,,1
601,'4-1',709,,565441,7,0,67,1,35,,565460,7,,,1,71,,565486,7,,,1,30,,565468,7,,,1,70,,565438,7,,,1,30,,565436,7,,,1,14,,565474,7,,,1,55,,565470,7,,,1,15,,565453,7,,,1,15,,565487,7,,,1,14,,565440,7,,,1,54,,565481,7,,,1,15,,565426,7,,,1,15,,565427,7,,,1,15,,565455,7,,,1,50,,565448,7,,,1,10,,565461,7,,,1,10,,565429,7,,,1,10,,565473,7,,,1,12,,565443,7,,,1,52,,565434,7,,,1,12,,565467,7,,,1,12,,565485,7,,,1,12,,565492,7,,,1,12,,565439,7,,,1,52,,565447,7,,,1,12,,565471,7,,,1,12,,565477,7,,,1,12,,565475,7,,,1,12,,565472,7,,,1,52,,565437,7,,,1,12,,565456,7,,,1,12,,565435,7,,,1,12,,565458,7,,,1,12,,565462,7,,,1,52,,565465,7,,,1,12,,565425,7,,,1,12,,565457,7,,,1,12,,565445,7,,,1,12,,565428,7,,,1,52,,565479,7,,,1,12,,565449,7,,,1,12,,565444,7,,,1,12,,565451,7,,,1,12,,565446,7,,,1,52,,565454,7,,,1,13,,565491,7,,,1,15,,565484,7,,,1,15,,565466,7,,,1,15,,565476,7,,,1,55,,565459,7,,,1,15,,565450,7,,,1,15,,565493,7,,,1,15,,565494,7,,,1,55,,565430,7,,,1,15,,565452,7,,,1,15,,565482,7,,,1,15,,565480,7,,,1,55,,565469,7,,,1,30,,565490,7,,,1,70,,565489,7,,,1,30,,565463,7,,,1,69,,565488,7,,,0,31,,565431,7,,,1,70,,565433,7,,,1,30,,565478,7,,,1,70,,565432,7,,,0,30,,565483,7,,,1
601,'5-1',501,,565534,7,0,67,1,30,,565512,7,0,67,1,70,,565503,7,0,67,1,31,,565549,7,,,1,70,,565516,7,,,1,30,,565519,7,,,1,70,,565544,7,,,1,30,,565514,7,,,1,69,,565557,7,,,1,30,,565527,7,,,1,27,,565495,7,,,1,64,,565501,7,,,1,24,,565554,7,,,1,64,,565521,7,,,1,24,,565526,7,,,1,24,,565541,7,,,1,66,,565513,7,,,1,24,,565548,7,,,1,52,,565545,7,,,1,12,,565509,7,,,1,12,,565499,7,,,1,12,,565523,7,,,1,12,,565553,7,,,1,52,,565528,7,,,1,12,,565535,7,,,1,12,,565537,7,,,1,12,,565524,7,,,1,12,,565520,7,,,1,52,,565551,7,,,1,12,,565543,7,,,1,9,,565556,7,,,1,15,,565565,7,,,1,13,,565532,7,,,1,52,,565558,7,,,1,12,,565555,7,,,1,12,,565536,7,,,1,12,,565508,7,,,1,12,,565538,7,,,1,52,,565562,7,,,1,12,,565546,7,,,1,12,,565510,7,,,1,12,,565563,7,,,1,12,,565561,7,,,1,55,,565515,7,,,1,15,,565502,7,,,1,31,,565498,7,,,1,70,,565539,7,,,1,30,,565518,7,,,1,70,,565529,7,,,1,30,,565530,7,,,1,70,,565504,7,,,1,30,,565542,7,,,1,70,,565560,7,,,1,30,,565540,7,,,1,69,,565497,7,,,1,30,,565552,7,,,1
601,'6-1',438,,565602,7,0,67,1,71,,565611,7,0,67,1,30,,565568,7,0,67,1,20,,565573,7,,,1,60,,565628,7,,,1,15,,565596,7,,,1,15,,565582,7,,,1,55,,565604,7,,,1,14,,565595,7,,,1,17,,565603,7,,,1,71,,565570,7,,,1,14,,565613,7,,,1,15,,565581,7,,,1,15,,565621,7,,,1,55,,565590,7,,,1,15,,565610,7,,,1,15,,565636,7,,,1,15,,565584,7,,,1,55,,565612,7,,,1,15,,565633,7,,,1,15,,565627,7,,,1,15,,565605,7,,,1,55,,565629,7,,,1,14,,565619,7,,,1,16,,565593,7,,,1,15,,565624,7,,,1,54,,565635,7,,,1,15,,565623,7,,,1,16,,565569,7,,,1,15,,565632,7,,,1,55,,565574,7,,,1,15,,565585,7,,,1,15,,565571,7,,,1,15,,565572,7,,,1,55,,565618,7,,,1,15,,565592,7,,,1,15,,565594,7,,,1,15,,565598,7,,,1,54,,565614,7,,,1,16,,565615,7,,,1,15,,565575,7,,,1,15,,565583,7,,,1,55,,565625,7,,,1,15,,565626,7,,,1,15,,565588,7,,,1,15,,565578,7,,,1,55,,565634,7,,,1,16,,565566,7,,,1,14,,565622,7,,,1,16,,565599,7,,,1,54,,565579,7,,,1,15,,565631,7,,,1,14,,565600,7,,,1,15,,565630,7,,,1,70,,565641,7,,,1,30,,565597,7,,,1,70,,565586,7,,,1,30,,565577,7,,,1,70,,565587,7,,,1,30,,565567,7,,,1,70,,565637,7,,,1,30,,565616,7,,,1,73,,565640,7,,,1
601,'7-1',709,,565648,7,0,67,1,35,,565680,7,,,1,71,,565645,7,,,1,30,,565692,7,,,1,70,,565644,7,,,1,30,,565670,7,,,1,69,,565675,7,,,1,30,,565651,7,,,1,68,,565649,7,,,1,30,,565662,7,,,1,68,,565676,7,,,1,30,,565647,7,,,1,69,,565660,7,,,1,30,,565661,7,,,1,70,,565681,7,,,1,30,,565668,7,,,1,70,,565643,7,,,1,30,,565683,7,,,1,70,,565694,7,,,1,30,,565665,7,,,1,73,,565654,7,,,1,30,,565677,7,,,1,70,,565696,7,,,1,30,,565688,7,,,1,70,,565652,7,,,1,30,,565678,7,,,1,72,,565655,7,,,1,30,,565657,7,,,1,70,,565658,7,,,1,30,,565666,7,,,1,70,,565659,7,,,1,30,,565689,7,,,1,69,,565656,7,,,1
601,'8-1',438,,565733,7,0,67,1,71,,565742,7,0,67,1,30,,565699,7,0,67,1,20,,565704,7,,,1,60,,565759,7,,,1,15,,565727,7,,,1,15,,565713,7,,,1,55,,565735,7,,,1,14,,565726,7,,,1,17,,565734,7,,,1,71,,565701,7,,,1,14,,565744,7,,,1,15,,565712,7,,,1,15,,565752,7,,,1,55,,565721,7,,,1,15,,565741,7,,,1,15,,565767,7,,,1,15,,565715,7,,,1,55,,565743,7,,,1,15,,565764,7,,,1,15,,565758,7,,,1,15,,565736,7,,,1,55,,565760,7,,,1,14,,565750,7,,,1,16,,565724,7,,,1,15,,565755,7,,,1,54,,565766,7,,,1,15,,565754,7,,,1,16,,565700,7,,,1,15,,565763,7,,,1,55,,565705,7,,,1,15,,565716,7,,,1,15,,565702,7,,,1,15,,565703,7,,,1,55,,565749,7,,,1,15,,565723,7,,,1,15,,565725,7,,,1,15,,565729,7,,,1,54,,565745,7,,,1,16,,565746,7,,,1,15,,565706,7,,,1,15,,565714,7,,,1,55,,565756,7,,,1,15,,565757,7,,,1,15,,565719,7,,,1,15,,565709,7,,,1,55,,565765,7,,,1,16,,565697,7,,,1,14,,565753,7,,,1,16,,565730,7,,,1,54,,565710,7,,,1,15,,565762,7,,,1,14,,565731,7,,,1,15,,565761,7,,,1,70,,565772,7,,,1,30,,565728,7,,,1,70,,565717,7,,,1,30,,565708,7,,,1,70,,565718,7,,,1,30,,565698,7,,,1,70,,565768,7,,,1,30,,565747,7,,,1,73,,565771,7,,,1
601,'9-1',501,,565779,7,0,67,1,30,,565823,7,0,67,1,70,,565796,7,0,67,1,31,,565844,7,,,1,70,,565824,7,,,1,30,,565787,7,,,1,70,,565833,7,,,1,30,,565789,7,,,1,69,,565783,7,,,1,30,,565792,7,,,1,27,,565818,7,,,1,64,,565784,7,,,1,24,,565806,7,,,1,64,,565846,7,,,1,24,,565774,7,,,1,24,,565835,7,,,1,66,,565841,7,,,1,24,,565793,7,,,1,52,,565800,7,,,1,12,,565808,7,,,1,12,,565837,7,,,1,12,,565845,7,,,1,12,,565832,7,,,1,52,,565777,7,,,1,12,,565799,7,,,1,12,,565826,7,,,1,12,,565820,7,,,1,12,,565803,7,,,1,52,,565804,7,,,1,12,,565776,7,,,1,9,,565811,7,,,1,15,,565785,7,,,1,13,,565839,7,,,1,52,,565810,7,,,1,12,,565791,7,,,1,12,,565842,7,,,1,12,,565831,7,,,1,12,,565782,7,,,1,52,,565817,7,,,1,12,,565843,7,,,1,12,,565836,7,,,1,12,,565814,7,,,1,12,,565819,7,,,1,55,,565790,7,,,1,15,,565794,7,,,1,31,,565838,7,,,1,70,,565797,7,,,1,30,,565801,7,,,1,70,,565830,7,,,1,30,,565786,7,,,1,70,,565822,7,,,1,30,,565828,7,,,1,70,,565807,7,,,1,30,,565815,7,,,1,69,,565773,7,,,1,30,,565825,7,,,1
