4401,'1-1',512,,498616,19,,,1,32,,498607,19,,,1,70,,498596,19,,,1,15,,498625,19,,,1,15,,498580,19,,,1,56,,498585,19,,,1,15,,498633,19,,,1,15,,498582,19,,,1,13,,498591,19,,,1,59,,498603,19,,,1,15,,498576,19,,,1,15,,498636,19,,,1,13,,498583,19,,,1,55,,498611,19,,,1,17,,498622,19,,,1,13,,498589,19,,,1,15,,498581,19,,,1,55,,498601,19,,,1,15,,498606,19,,,1,15,,498635,19,,,1,15,,498628,19,,,1,55,,498605,19,,,1,15,,498637,19,,,1,15,,498587,19,,,1,15,,498627,19,,,1,55,,498584,19,,,1,15,,498593,19,,,1,15,,498597,19,,,1,15,,498632,19,,,1,55,,498600,19,,,1,15,,498577,19,,,1,15,,498609,19,,,1,15,,498630,19,,,1,55,,498594,19,,,1,15,,498590,19,,,1,15,,498592,19,,,1,17,,498615,19,,,1,55,,498624,19,,,1,15,,498629,19,,,1,15,,498639,19,,,1,15,,498638,19,,,1,55,,498602,19,,,1,13,,498579,19,,,1,17,,498623,19,,,1,16,,498588,19,,,1,56,,498608,19,,,1,13,,498610,19,,,1,15,,498604,19,,,1,15,,498617,19,,,1,55,,498575,19,,,1,15,,498634,19,,,1,13,,498595,19,,,1,15,,498598,19,,,1,55,,498621,19,,,1,15,,498614,19,,,1,29,,498620,19,,,1,70,,498626,19,,,1,30,,498586,19,,,1,70,,498599,19,,,1,30,,498631,19,,,1,70,,498618,19,,,1,29,,498613,19,,,1,70,,498612,19,,,1,30,,498619,19,,,1,79,,498578,19,,,1
4401,'2-1',610,,498682,19,,,1,98,,498641,19,,,1,101,,498673,19,,,1,30,,498648,19,,,1,70,,498642,19,,,1,30,,498644,19,,,1,70,,498667,19,,,1,15,,498646,19,,,1,15,,498666,19,,,1,15,,498681,19,,,1,55,,498661,19,,,1,15,,498654,19,,,1,15,,498649,19,,,1,15,,498680,19,,,1,55,,498655,19,,,1,16,,498656,19,,,1,15,,498670,19,,,1,15,,498684,19,,,1,55,,498660,19,,,1,15,,498662,19,,,1,15,,498652,19,,,1,15,,498643,19,,,1,55,,498689,19,,,1,15,,498685,19,,,1,15,,498650,19,,,1,15,,498651,19,,,1,55,,498676,19,,,1,15,,498663,19,,,1,15,,498668,19,,,1,15,,498658,19,,,1,55,,498679,19,,,1,15,,498672,19,,,1,15,,498653,19,,,1,15,,498640,19,,,1,55,,498690,19,,,1,15,,498675,19,,,1,15,,498674,19,,,1,15,,498686,19,,,1,55,,498647,19,,,1,30,,498677,19,,,1,70,,498659,19,,,1,30,,498645,19,,,1,70,,498688,19,,,1,29,,498669,19,,,1,70,,498664,19,,,1,30,,498665,19,,,1,70,,498657,19,,,1,29,,498683,19,,,1,70,,498678,19,,,1,30,,498687,19,,,1,76,,498671,19,,,1
4401,'3-1',602,,498722,19,,,1,27,,498701,19,,,1,30,,498718,19,,,1,70,,498706,19,,,1,71,,498693,19,,,1,30,,498694,19,,,1,70,,498711,19,,,1,22,,498713,19,,,1,30,,498695,19,,,1,70,,498705,19,,,1,30,,498703,19,,,1,70,,498723,19,,,1,30,,498716,19,,,1,70,,498697,19,,,1,31,,498699,19,,,1,70,,498714,19,,,1,30,,498727,19,,,1,70,,498726,19,,,1,30,,498692,19,,,1,70,,498724,19,,,1,30,,498725,19,,,1,70,,498728,19,,,1,30,,498720,19,,,1,70,,498704,19,,,1,30,,498715,19,,,1,69,,498719,19,,,1,30,,498698,19,,,1,70,,498708,19,,,1,30,,498717,19,,,1,70,,498709,19,,,1,29,,498700,19,,,1,70,,498712,19,,,1,30,,498707,19,,,1,70,,498721,19,,,1,29,,498710,19,,,1,70,,498691,19,,,1,30,,498696,19,,,1,78,,498702,19,,,1
4401,'4-1',602,,498736,19,,,1,27,,498757,19,,,1,30,,498731,19,,,1,141,,498756,19,,,1,30,,498759,19,,,1,70,,498735,19,,,1,22,,498758,19,,,1,30,,498739,19,,,1,70,,498732,19,,,1,30,,498744,19,,,1,100,,498746,19,,,1,70,,498742,19,,,1,101,,498755,19,,,1,30,,498748,19,,,1,100,,498737,19,,,1,70,,498747,19,,,1,30,,498740,19,,,1,72,,498741,19,,,1,28,,498733,19,,,1,70,,498745,19,,,1,30,,498750,19,,,1,99,,498751,19,,,1,70,,498743,19,,,1,100,,498734,19,,,1,29,,498749,19,,,1,70,,498753,19,,,1,30,,498730,19,,,1,70,,498760,19,,,1,29,,498754,19,,,1,70,,498729,19,,,1,30,,498738,19,,,1,78,,498752,19,,,1
4401,'5-1',512,,498802,19,,,1,32,,498793,19,,,1,70,,498782,19,,,1,15,,498811,19,,,1,15,,498766,19,,,1,56,,498771,19,,,1,15,,498819,19,,,1,15,,498768,19,,,1,13,,498777,19,,,1,59,,498789,19,,,1,15,,498762,19,,,1,15,,498822,19,,,1,13,,498769,19,,,1,55,,498797,19,,,1,17,,498808,19,,,1,13,,498775,19,,,1,15,,498767,19,,,1,55,,498787,19,,,1,15,,498792,19,,,1,15,,498821,19,,,1,15,,498814,19,,,1,55,,498791,19,,,1,15,,498823,19,,,1,15,,498773,19,,,1,15,,498813,19,,,1,55,,498770,19,,,1,15,,498779,19,,,1,15,,498783,19,,,1,15,,498818,19,,,1,55,,498786,19,,,1,15,,498763,19,,,1,15,,498795,19,,,1,15,,498816,19,,,1,55,,498780,19,,,1,15,,498776,19,,,1,15,,498778,19,,,1,17,,498801,19,,,1,55,,498810,19,,,1,15,,498815,19,,,1,15,,498825,19,,,1,15,,498824,19,,,1,55,,498788,19,,,1,13,,498765,19,,,1,17,,498809,19,,,1,16,,498774,19,,,1,56,,498794,19,,,1,13,,498796,19,,,1,15,,498790,19,,,1,15,,498803,19,,,1,55,,498761,19,,,1,15,,498820,19,,,1,13,,498781,19,,,1,15,,498784,19,,,1,55,,498807,19,,,1,15,,498800,19,,,1,29,,498806,19,,,1,70,,498812,19,,,1,30,,498772,19,,,1,70,,498785,19,,,1,30,,498817,19,,,1,70,,498804,19,,,1,29,,498799,19,,,1,70,,498798,19,,,1,30,,498805,19,,,1,79,,498764,19,,,1
4401,'6-1',610,,498853,19,,,1,98,,498832,19,,,1,101,,498838,19,,,1,30,,498849,19,,,1,70,,498842,19,,,1,100,,498835,19,,,1,30,,498847,19,,,1,70,,498836,19,,,1,30,,498839,19,,,1,101,,498850,19,,,1,70,,498829,19,,,1,30,,498852,19,,,1,70,,498826,19,,,1,30,,498840,19,,,1,70,,498830,19,,,1,30,,498837,19,,,1,70,,498846,19,,,1,100,,498834,19,,,1,30,,498843,19,,,1,100,,498848,19,,,1,70,,498827,19,,,1,30,,498854,19,,,1,70,,498833,19,,,1,29,,498851,19,,,1,70,,498828,19,,,1,30,,498831,19,,,1,70,,498841,19,,,1,29,,498844,19,,,1,70,,498845,19,,,1
4401,'7-1',512,,498896,19,,,1,32,,498887,19,,,1,70,,498876,19,,,1,15,,498905,19,,,1,15,,498860,19,,,1,56,,498865,19,,,1,15,,498913,19,,,1,15,,498862,19,,,1,13,,498871,19,,,1,59,,498883,19,,,1,15,,498856,19,,,1,15,,498916,19,,,1,13,,498863,19,,,1,55,,498891,19,,,1,17,,498902,19,,,1,13,,498869,19,,,1,15,,498861,19,,,1,55,,498881,19,,,1,15,,498886,19,,,1,15,,498915,19,,,1,15,,498908,19,,,1,55,,498885,19,,,1,15,,498917,19,,,1,15,,498867,19,,,1,15,,498907,19,,,1,55,,498864,19,,,1,15,,498873,19,,,1,15,,498877,19,,,1,15,,498912,19,,,1,55,,498880,19,,,1,15,,498857,19,,,1,15,,498889,19,,,1,15,,498910,19,,,1,55,,498874,19,,,1,15,,498870,19,,,1,15,,498872,19,,,1,17,,498895,19,,,1,55,,498904,19,,,1,15,,498909,19,,,1,15,,498919,19,,,1,15,,498918,19,,,1,55,,498882,19,,,1,13,,498859,19,,,1,17,,498903,19,,,1,16,,498868,19,,,1,56,,498888,19,,,1,13,,498890,19,,,1,15,,498884,19,,,1,15,,498897,19,,,1,55,,498855,19,,,1,15,,498914,19,,,1,13,,498875,19,,,1,15,,498878,19,,,1,55,,498901,19,,,1,15,,498894,19,,,1,29,,498900,19,,,1,70,,498906,19,,,1,30,,498866,19,,,1,70,,498879,19,,,1,30,,498911,19,,,1,70,,498898,19,,,1,29,,498893,19,,,1,70,,498892,19,,,1,30,,498899,19,,,1,79,,498858,19,,,1
4401,'8-1',512,,498961,19,,,1,32,,498952,19,,,1,70,,498941,19,,,1,15,,498970,19,,,1,15,,498925,19,,,1,56,,498930,19,,,1,15,,498978,19,,,1,15,,498927,19,,,1,13,,498936,19,,,1,59,,498948,19,,,1,15,,498921,19,,,1,15,,498981,19,,,1,13,,498928,19,,,1,55,,498956,19,,,1,17,,498967,19,,,1,13,,498934,19,,,1,15,,498926,19,,,1,55,,498946,19,,,1,15,,498951,19,,,1,15,,498980,19,,,1,15,,498973,19,,,1,55,,498950,19,,,1,15,,498982,19,,,1,15,,498932,19,,,1,15,,498972,19,,,1,55,,498929,19,,,1,15,,498938,19,,,1,15,,498942,19,,,1,15,,498977,19,,,1,55,,498945,19,,,1,15,,498922,19,,,1,15,,498954,19,,,1,15,,498975,19,,,1,55,,498939,19,,,1,15,,498935,19,,,1,15,,498937,19,,,1,17,,498960,19,,,1,55,,498969,19,,,1,15,,498974,19,,,1,15,,498984,19,,,1,15,,498983,19,,,1,55,,498947,19,,,1,13,,498924,19,,,1,17,,498968,19,,,1,16,,498933,19,,,1,56,,498953,19,,,1,13,,498955,19,,,1,15,,498949,19,,,1,15,,498962,19,,,1,55,,498920,19,,,1,15,,498979,19,,,1,13,,498940,19,,,1,15,,498943,19,,,1,55,,498966,19,,,1,15,,498959,19,,,1,29,,498965,19,,,1,70,,498971,19,,,1,30,,498931,19,,,1,70,,498944,19,,,1,30,,498976,19,,,1,70,,498963,19,,,1,29,,498958,19,,,1,70,,498957,19,,,1,30,,498964,19,,,1,79,,498923,19,,,1
4401,'9-1',512,,499026,19,,,1,32,,499017,19,,,1,70,,499006,19,,,1,15,,499035,19,,,1,15,,498990,19,,,1,56,,498995,19,,,1,15,,499043,19,,,1,15,,498992,19,,,1,13,,499001,19,,,1,59,,499013,19,,,1,15,,498986,19,,,1,15,,499046,19,,,1,13,,498993,19,,,1,55,,499021,19,,,1,17,,499032,19,,,1,13,,498999,19,,,1,15,,498991,19,,,1,55,,499011,19,,,1,15,,499016,19,,,1,15,,499045,19,,,1,15,,499038,19,,,1,55,,499015,19,,,1,15,,499047,19,,,1,15,,498997,19,,,1,15,,499037,19,,,1,55,,498994,19,,,1,15,,499003,19,,,1,15,,499007,19,,,1,15,,499042,19,,,1,55,,499010,19,,,1,15,,498987,19,,,1,15,,499019,19,,,1,15,,499040,19,,,1,55,,499004,19,,,1,15,,499000,19,,,1,15,,499002,19,,,1,17,,499025,19,,,1,55,,499034,19,,,1,15,,499039,19,,,1,15,,499049,19,,,1,15,,499048,19,,,1,55,,499012,19,,,1,13,,498989,19,,,1,17,,499033,19,,,1,16,,498998,19,,,1,56,,499018,19,,,1,13,,499020,19,,,1,15,,499014,19,,,1,15,,499027,19,,,1,55,,498985,19,,,1,15,,499044,19,,,1,13,,499005,19,,,1,15,,499008,19,,,1,55,,499031,19,,,1,15,,499024,19,,,1,29,,499030,19,,,1,70,,499036,19,,,1,30,,498996,19,,,1,70,,499009,19,,,1,30,,499041,19,,,1,70,,499028,19,,,1,29,,499023,19,,,1,70,,499022,19,,,1,30,,499029,19,,,1,79,,498988,19,,,1
9201,'1-1',636,,519385,46,,,1,70,,519384,46,,,1,32,,519382,46,,,1,62,,519369,46,,,1,41,,519368,46,,,1,68,,519377,46,,,1
9201,'5-1',636,,519403,46,,,1,70,,519402,46,,,1,32,,519400,46,,,1,62,,519387,46,,,1,41,,519386,46,,,1,68,,519395,46,,,1
9201,'7-1',636,,519421,46,,,1,70,,519420,46,,,1,32,,519418,46,,,1,62,,519405,46,,,1,41,,519404,46,,,1,68,,519413,46,,,1
9201,'8-1',636,,519439,46,,,1,70,,519438,46,,,1,32,,519436,46,,,1,62,,519423,46,,,1,41,,519422,46,,,1,68,,519431,46,,,1
9201,'9-1',636,,519457,46,,,1,70,,519456,46,,,1,32,,519454,46,,,1,62,,519441,46,,,1,41,,519440,46,,,1,68,,519449,46,,,1
