1201,'CanDay26-Sunday-12-1',603,,535051,13,0,68,1,30,,535052,13,0,68,1,70,,535053,13,0,68,1,30,,535054,13,0,68,1,70,,535055,13,,,1,31,,535056,13,,,1,23,,535057,13,,,1,55,,535058,13,0,68,1,15,,535059,13,,,1,15,,535060,13,0,68,1,15,,535061,13,,,1,55,,535062,13,0,68,1,10,,535063,13,,,1,10,,535100,13,0,68,1,10,,535064,13,0,68,1,10,,535102,13,,,1,50,,535103,13,0,68,1,10,,535104,13,0,68,1,10,,535105,13,,,1,10,,535106,13,0,68,1,10,,535107,13,0,68,1,10,,535108,13,,,1,50,,535109,13,0,68,1,10,,535065,13,0,68,1,10,,535111,13,,,1,10,,535112,13,0,68,1,10,,535113,13,0,68,1,10,,535114,13,,,1,50,,535115,13,0,68,1,10,,535066,13,0,68,1,10,,535117,13,,,1,10,,535118,13,0,68,1,10,,535067,13,0,68,1,10,,535099,13,,,1,50,,535101,13,0,68,1,10,,535078,13,0,68,1,10,,535079,13,,,1,10,,535080,13,0,68,1,10,,535068,13,0,68,1,10,,535082,13,,,1,50,,535110,13,0,68,1,10,,535069,13,0,68,1,10,,535084,13,,,1,10,,535085,13,0,68,1,10,,535116,13,0,68,1,10,,535086,13,,,1,50,,535119,13,0,68,1,10,,535070,13,0,68,1,10,,535088,13,,,1,10,,535089,13,0,68,1,10,,535081,13,0,68,1,10,,535090,13,,,1,50,,535083,13,0,68,1,10,,535091,13,0,68,1,10,,535092,13,,,1,10,,535093,13,0,68,1,10,,535071,13,0,68,1,10,,535094,13,,,1,50,,535095,13,0,68,1,10,,535120,13,0,68,1,10,,535097,13,,,1,10,,535098,13,0,68,1,10,,535087,13,0,68,1,10,,535096,13,0,68,1,50,,535127,13,0,68,1,10,,535072,13,0,68,1,20,,535123,13,0,68,1,20,,535122,13,0,68,1,59,,535121,13,0,68,1,20,,535129,13,,,1,20,,535130,13,0,68,1,60,,535073,13,0,68,1,20,,535124,13,,,1,20,,535126,13,0,68,1,60,,535074,13,0,68,1,20,,535125,13,,,1,20,,535131,13,0,68,1,60,,535075,13,0,68,1,30,,535076,13,,,1,80,,535077,13,0,68,1,30,,535128,13,0,68,1
1201,'CivHol26-Saturday-07-1',451,,535132,13,0,68,1,70,,535133,13,0,68,1,31,,535134,13,0,68,1,70,,535135,13,0,68,1,30,,535136,13,0,68,1,70,,535137,13,,,1,30,,535138,13,,,1,54,,535139,13,0,68,1,15,,535140,13,,,1,14,,535141,13,0,68,1,15,,535142,13,,,1,55,,535143,13,0,68,1,15,,535144,13,,,1,15,,535145,13,0,68,1,15,,535146,13,,,1,55,,535147,13,0,68,1,15,,535148,13,,,1,15,,535149,13,0,68,1,15,,535150,13,,,1,55,,535151,13,0,68,1,15,,535152,13,,,1,15,,535153,13,0,68,1,15,,535154,13,,,1,55,,535155,13,0,68,1,15,,535156,13,,,1,15,,535157,13,0,68,1,15,,535158,13,,,1,55,,535159,13,0,68,1,15,,535160,13,,,1,15,,535161,13,0,68,1,15,,535162,13,,,1,55,,535163,13,0,68,1,15,,535164,13,,,1,15,,535165,13,0,68,1,15,,535166,13,,,1,55,,535167,13,0,68,1,15,,535168,13,,,1,15,,535169,13,0,68,1,15,,535170,13,,,1,55,,535171,13,0,68,1,15,,535172,13,,,1,15,,535173,13,0,68,1,15,,535174,13,,,1,55,,535175,13,0,68,1,15,,535176,13,,,1,15,,535177,13,0,68,1,15,,535178,13,,,1,55,,535179,13,0,68,1,15,,535180,13,,,1,15,,535181,13,0,68,1,15,,535182,13,,,1,55,,535183,13,0,68,1,15,,535184,13,,,1,15,,535185,13,0,68,1,15,,535186,13,,,1,55,,535187,13,0,68,1,14,,535188,13,,,1,15,,535189,13,0,68,1,18,,535190,13,,,1,70,,535191,13,0,68,1,30,,535192,13,,,1,70,,535193,13,0,68,1,30,,535194,13,,,1,70,,535195,13,0,68,1,30,,535196,13,0,68,1,70,,535197,13,0,68,1,30,,535198,13,0,68,1
1201,'JUNDA26-Weekday-06-1',408,,535244,13,0,68,1,20,,535259,13,0,68,1,72,,535246,13,0,68,1,31,,535199,13,0,68,1,25,,535200,13,,,1,61,,535245,13,,,1,16,,535201,13,,,1,15,,535202,13,,,1,55,,535203,13,,,1,17,,535204,13,,,1,12,,535249,13,,,1,16,,535205,13,,,1,54,,535206,13,,,1,15,,535258,13,,,1,16,,535207,13,,,1,14,,535208,13,,,1,55,,535209,13,,,1,15,,535210,13,,,1,15,,535250,13,,,1,15,,535211,13,,,1,55,,535212,13,,,1,14,,535255,13,,,1,14,,535213,13,,,1,14,,535214,13,,,1,14,,535247,13,,,1,55,,535215,13,,,1,15,,535216,13,,,1,16,,535251,13,,,1,56,,535217,13,,,1,16,,535218,13,,,1,16,,535275,13,,,1,16,,535219,13,,,1,56,,535220,13,,,1,14,,535221,13,,,1,15,,535222,13,,,1,15,,535223,13,,,1,55,,535224,13,,,1,15,,535274,13,,,1,15,,535225,13,,,1,15,,535226,13,,,1,55,,535227,13,,,1,15,,535228,13,,,1,16,,535229,13,,,1,15,,535230,13,,,1,58,,535231,13,,,1,13,,535232,13,,,1,17,,535261,13,,,1,16,,535233,13,,,1,54,,535234,13,,,1,16,,535235,13,,,1,15,,535236,13,,,1,14,,535271,13,0,68,1,55,,535237,13,,,1,14,,535238,13,0,68,1,15,,535239,13,,,1,13,,535263,13,0,68,1,55,,535262,13,,,1,14,,535240,13,0,68,1,14,,535268,13,,,1,15,,535272,13,0,68,1,54,,535254,13,,,1,15,,535256,13,0,68,1,15,,535260,13,,,1,15,,535273,13,0,68,1,55,,535241,13,,,1,15,,535243,13,0,68,1,15,,535242,13,,,1,15,,535264,13,0,68,1,54,,535257,13,,,1,15,,535269,13,0,68,1,15,,535266,13,,,1,19,,535248,13,0,68,1,59,,535253,13,0,68,1,29,,535270,13,0,68,1,71,,535265,13,0,68,1,30,,535252,13,0,68,1,80,,535267,13,0,68,1
1201,'JUNSA26-Saturday-07-1',451,,535276,13,0,68,1,70,,535277,13,0,68,1,31,,535278,13,0,68,1,70,,535279,13,0,68,1,30,,535280,13,0,68,1,70,,535281,13,,,1,30,,535282,13,,,1,54,,535283,13,0,68,1,15,,535284,13,,,1,14,,535285,13,0,68,1,15,,535286,13,,,1,55,,535287,13,0,68,1,15,,535288,13,,,1,15,,535289,13,0,68,1,15,,535290,13,,,1,55,,535291,13,0,68,1,15,,535292,13,,,1,15,,535293,13,0,68,1,15,,535294,13,,,1,55,,535295,13,0,68,1,15,,535296,13,,,1,15,,535297,13,0,68,1,15,,535298,13,,,1,55,,535299,13,0,68,1,15,,535300,13,,,1,15,,535301,13,0,68,1,15,,535302,13,,,1,55,,535303,13,0,68,1,15,,535304,13,,,1,15,,535305,13,0,68,1,15,,535306,13,,,1,55,,535307,13,0,68,1,15,,535308,13,,,1,15,,535309,13,0,68,1,15,,535310,13,,,1,55,,535311,13,0,68,1,15,,535312,13,,,1,15,,535313,13,0,68,1,70,,535314,13,0,68,1,12,,535315,13,,,1,18,,535316,13,0,68,1,15,,535317,13,,,1,55,,535318,13,0,68,1,15,,535319,13,,,1,15,,535320,13,0,68,1,70,,535321,13,0,68,1,15,,535322,13,,,1,15,,535323,13,0,68,1,15,,535324,13,,,1,55,,535325,13,0,68,1,15,,535326,13,,,1,15,,535327,13,0,68,1,15,,535328,13,,,1,55,,535329,13,0,68,1,14,,535330,13,,,1,15,,535331,13,0,68,1,18,,535332,13,,,1,70,,535333,13,0,68,1,30,,535334,13,,,1,70,,535335,13,0,68,1,30,,535336,13,,,1,70,,535337,13,0,68,1,30,,535338,13,0,68,1,70,,535339,13,0,68,1,30,,535340,13,0,68,1
1201,'JUNSU26-Sunday-05-1',603,,535341,13,0,68,1,30,,535342,13,0,68,1,70,,535343,13,0,68,1,30,,535344,13,0,68,1,70,,535345,13,,,1,31,,535346,13,,,1,23,,535347,13,,,1,55,,535348,13,0,68,1,15,,535349,13,,,1,15,,535350,13,0,68,1,15,,535351,13,,,1,70,,535352,13,,,1,15,,535353,13,0,68,1,15,,535354,13,,,1,55,,535355,13,0,68,1,30,,535356,13,0,68,1,70,,535357,13,0,68,1,15,,535358,13,,,1,15,,535359,13,0,68,1,15,,535360,13,,,1,55,,535361,13,0,68,1,15,,535362,13,,,1,15,,535363,13,0,68,1,15,,535364,13,,,1,55,,535365,13,0,68,1,15,,535366,13,,,1,15,,535367,13,0,68,1,15,,535368,13,,,1,55,,535369,13,0,68,1,15,,535370,13,,,1,15,,535371,13,0,68,1,15,,535372,13,,,1,55,,535373,13,0,68,1,15,,535374,13,,,1,15,,535375,13,0,68,1,15,,535376,13,,,1,70,,535377,13,,,1,15,,535378,13,0,68,1,70,,535379,13,,,1,30,,535380,13,0,68,1,70,,535381,13,0,68,1,30,,535382,13,0,68,1,69,,535383,13,0,68,1,30,,535384,13,0,68,1,70,,535385,13,0,68,1,30,,535386,13,0,68,1,100,,535387,13,0,68,1,70,,535388,13,0,68,1,110,,535389,13,0,68,1
1201,'RBJul03-Weekday-01-1',408,,535435,13,0,68,1,20,,535450,13,0,68,1,72,,535437,13,0,68,1,31,,535390,13,0,68,1,25,,535391,13,,,1,61,,535436,13,,,1,16,,535392,13,,,1,15,,535393,13,,,1,55,,535394,13,,,1,17,,535395,13,,,1,12,,535440,13,,,1,16,,535396,13,,,1,54,,535397,13,,,1,15,,535449,13,,,1,16,,535398,13,,,1,14,,535399,13,,,1,55,,535400,13,,,1,15,,535401,13,,,1,15,,535441,13,,,1,15,,535402,13,,,1,55,,535403,13,,,1,14,,535446,13,,,1,14,,535404,13,,,1,14,,535405,13,,,1,14,,535438,13,,,1,55,,535406,13,,,1,15,,535407,13,,,1,16,,535442,13,,,1,56,,535408,13,,,1,16,,535409,13,,,1,16,,535466,13,,,1,16,,535410,13,,,1,56,,535411,13,,,1,14,,535412,13,,,1,15,,535413,13,,,1,15,,535414,13,,,1,55,,535415,13,,,1,15,,535465,13,,,1,15,,535416,13,,,1,15,,535417,13,,,1,55,,535418,13,,,1,15,,535419,13,,,1,16,,535420,13,,,1,15,,535421,13,,,1,58,,535422,13,,,1,13,,535423,13,,,1,17,,535452,13,,,1,16,,535424,13,,,1,54,,535425,13,,,1,16,,535426,13,,,1,15,,535427,13,,,1,14,,535462,13,0,68,1,55,,535428,13,,,1,14,,535429,13,0,68,1,15,,535430,13,,,1,13,,535454,13,0,68,1,55,,535453,13,,,1,14,,535431,13,0,68,1,14,,535459,13,,,1,15,,535463,13,0,68,1,54,,535445,13,,,1,15,,535447,13,0,68,1,15,,535451,13,,,1,15,,535464,13,0,68,1,55,,535432,13,,,1,15,,535434,13,0,68,1,15,,535433,13,,,1,15,,535455,13,0,68,1,54,,535448,13,,,1,15,,535460,13,0,68,1,15,,535457,13,,,1,19,,535439,13,0,68,1,59,,535444,13,0,68,1,29,,535461,13,0,68,1,71,,535456,13,0,68,1,30,,535443,13,0,68,1,80,,535458,13,0,68,1
2400,'CanDay26-Sunday-12-1',828,,537448,25,0,135,1,100,,537449,25,0,69,1,100,,537450,25,0,69,1,30,,537451,25,0,69,1,70,,537452,25,0,69,1,30,,537453,25,0,69,1,72,,537454,25,0,69,1,70,,537455,25,0,69,1,30,,537456,25,0,69,1,70,,537457,25,0,69,1,30,,537458,25,0,69,1,70,,537459,25,0,69,1,30,,537460,25,0,69,1,70,,537461,25,0,69,1,30,,537462,25,0,69,1,70,,537463,25,0,69,1,30,,537464,25,0,69,1,70,,537465,25,0,69,1,28,,537466,25,0,69,1,30,,537467,25,0,69,1,70,,537468,25,0,69,1,30,,537469,25,0,69,1,98,,537470,25,0,69,1,100,,537471,25,0,69,1,100,,537472,25,0,69,1,99,,537473,25,0,69,1,100,,537474,25,0,69,1
2400,'CivHol26-Saturday-07-1',656,,537475,25,0,69,1,100,,537476,25,0,69,1,71,,537477,25,0,69,1,30,,537478,25,0,69,1,70,,537479,25,0,69,1,30,,537480,25,0,69,1,72,,537481,25,0,69,1,30,,537482,25,0,69,1,70,,537483,25,0,69,1,30,,537484,25,0,69,1,72,,537485,25,0,69,1,70,,537486,25,0,69,1,30,,537487,25,0,69,1,70,,537488,25,0,69,1,30,,537489,25,0,69,1,70,,537490,25,0,69,1,30,,537491,25,0,69,1,70,,537492,25,0,69,1,30,,537493,25,0,69,1,70,,537494,25,0,69,1,30,,537495,25,0,69,1,70,,537496,25,0,69,1,28,,537497,25,0,69,1,30,,537498,25,0,69,1,70,,537499,25,0,69,1,30,,537500,25,0,69,1,68,,537501,25,0,69,1,30,,537502,14,0,69,1,100,,537503,14,0,69,1,100,,537504,14,0,69,1,100,,537505,14,0,69,1
2400,'JUNDA26-Weekday-06-1',542,,537537,25,,,1,87,,537548,25,0,135,1,15,,537506,25,,,1,56,,537544,25,0,135,1,16,,537549,25,,,1,14,,537538,25,0,135,1,17,,537523,25,,,1,55,,537515,25,0,135,1,14,,537542,25,,,1,18,,537516,25,0,135,1,14,,537517,25,,,1,56,,537528,25,0,135,1,13,,537507,25,,,1,30,,537545,25,,,1,70,,537508,25,,,1,30,,537529,25,,,1,70,,537518,25,,,1,30,,537509,25,,,1,70,,537543,25,,,1,30,,537510,25,,,1,70,,537530,25,,,1,32,,537511,25,,,1,70,,537534,25,,,1,26,,537524,25,,,1,68,,537512,25,0,135,1,27,,537539,25,0,135,1,19,,537519,25,0,135,1,69,,537513,25,0,135,1,15,,537521,25,0,135,1,57,,537547,25,0,135,1,13,,537525,25,0,135,1,16,,537522,25,0,135,1,14,,537541,25,0,135,1,16,,537514,25,0,135,1,54,,537550,25,0,135,1,22,,537520,25,0,135,1,70,,537527,25,,,1,30,,537532,25,0,135,1,65,,537546,25,,,1,33,,537536,25,0,135,1,71,,537540,25,,,1,32,,537535,25,0,135,1,70,,537531,25,,,1,100,,537526,25,,,1,28,,537533,25,0,135,1
2400,'JUNSA26-Saturday-07-1',656,,537551,25,0,69,1,100,,537552,25,0,69,1,101,,537553,25,0,69,1,70,,537554,25,0,69,1,30,,537555,25,0,69,1,72,,537556,25,0,69,1,30,,537557,25,0,69,1,70,,537558,25,0,69,1,30,,537559,25,0,69,1,72,,537560,25,0,69,1,70,,537561,25,0,69,1,30,,537562,25,0,69,1,70,,537563,25,0,69,1,100,,537564,25,0,69,1,30,,537565,25,0,69,1,70,,537566,25,0,69,1,100,,537567,25,0,69,1,30,,537568,25,0,69,1,70,,537569,25,0,69,1,28,,537570,25,0,69,1,101,,537571,25,0,69,1,29,,537572,25,0,69,1,68,,537573,25,0,69,1,30,,537574,14,0,69,1,100,,537575,14,0,69,1,100,,537576,14,0,69,1,100,,537577,14,0,69,1
2400,'JUNSU26-Sunday-05-1',828,,537578,25,0,135,1,100,,537579,25,0,69,1,100,,537580,25,0,69,1,30,,537581,25,0,69,1,70,,537582,25,0,69,1,30,,537583,25,0,69,1,72,,537584,25,0,69,1,100,,537585,25,0,69,1,70,,537586,25,0,69,1,30,,537587,25,0,69,1,70,,537588,25,0,69,1,30,,537589,25,0,69,1,70,,537590,25,0,69,1,30,,537591,25,0,69,1,70,,537592,25,0,69,1,100,,537593,25,0,69,1,28,,537594,25,0,69,1,30,,537595,25,0,135,1,70,,537596,25,0,135,1,30,,537597,25,0,135,1,198,,537598,14,0,135,1,100,,537599,14,0,135,1
2400,'RBJul03-Weekday-01-1',542,,537631,25,,,1,87,,537642,25,0,135,1,15,,537600,25,,,1,56,,537638,25,0,135,1,16,,537643,25,,,1,14,,537632,25,0,135,1,17,,537617,25,,,1,55,,537609,25,0,135,1,14,,537636,25,,,1,18,,537610,25,0,135,1,14,,537611,25,,,1,56,,537622,25,0,135,1,13,,537601,25,,,1,30,,537639,25,,,1,70,,537602,25,,,1,30,,537623,25,,,1,70,,537612,25,,,1,30,,537603,25,,,1,70,,537637,25,,,1,30,,537604,25,,,1,70,,537624,25,,,1,32,,537605,25,,,1,70,,537628,25,,,1,26,,537618,25,,,1,68,,537606,25,0,135,1,27,,537633,25,0,135,1,19,,537613,25,0,135,1,69,,537607,25,0,135,1,15,,537615,25,0,135,1,57,,537641,25,0,135,1,13,,537619,25,0,135,1,16,,537616,25,0,135,1,14,,537635,25,0,135,1,16,,537608,25,0,135,1,54,,537644,25,0,135,1,22,,537614,25,0,135,1,70,,537621,25,,,1,30,,537626,25,0,135,1,65,,537640,25,,,1,33,,537630,25,0,135,1,71,,537634,25,,,1,32,,537629,25,0,135,1,70,,537625,25,,,1,100,,537620,25,,,1,28,,537627,25,0,135,1
