3901,'CanDay26-Sunday-12-1',347,,541495,11,0,138 26,1,70,,541496,11,0,138 26,1,30,,541497,11,0,138 26,1,70,,541498,11,0,138 26,1,30,,541499,11,0,138 26,1,71,,541500,11,0,138 26,1,31,,541501,11,0,138 26,1,70,,541502,11,0,138 26,1,30,,541503,11,0,138 26,1,58,,541504,11,0,138 26,1,1620,,541505,11,0,73,1,30,,541506,11,0,73,1,70,,541507,11,0,73,1,30,,541508,11,0,73,1,55,,541671,11,0,138 26,1,15,,541509,11,0,138 26,1,15,,541672,11,0,138 26,1,15,,541510,11,0,138 26,1
3901,'CivHol26-Saturday-07-1',349,,541677,11,0,138 26,1,70,,541678,11,0,138 26,1,30,,541679,11,0,138 26,1,70,,541680,11,0,138 26,1,30,,541681,11,0,138 26,1,1976,,541753,11,0,138 26,1,30,,541754,11,0,138 26,1,84,,541682,11,0,138 26,1,71,,541683,11,0,138 26,1
3901,'JUNDA26-Weekday-06-1',343,,541829,11,0,138 26,1,70,,541812,11,0,138 26,1,25,,541786,11,0,138 26,1,2108,,541820,11,0,73,1,73,,541777,11,0,73,1,30,,541784,11,0,73,1,70,,541793,11,0,73,1
3901,'JUNSA26-Saturday-07-1',349,,541835,11,0,138 26,1,70,,541836,11,0,138 26,1,30,,541837,11,0,138 26,1,70,,541838,11,0,138 26,1,30,,541839,11,0,138 26,1,2090,,541840,11,0,138 26,1,71,,541841,11,0,138 26,1
3901,'JUNSU26-Sunday-05-1',347,,541901,11,0,138 26,1,70,,541902,11,0,138 26,1,30,,541903,11,0,138 26,1,70,,541904,11,0,138 26,1,30,,541905,11,0,138 26,1,71,,541906,11,0,138 26,1,31,,541907,11,0,138 26,1,70,,541908,11,0,138 26,1,30,,541909,11,0,138 26,1,58,,541910,11,0,138 26,1,1550,,541911,11,0,138 26,1,100,,541912,11,0,138 26,1,70,,541913,11,0,138 26,1,30,,541914,11,0,138 26,1,70,,541915,11,0,138 26,1,30,,541916,11,0,138 26,1
3901,'RBJul03-Weekday-01-1',343,,542037,11,0,138 26,1,70,,542020,11,0,138 26,1,25,,541994,11,0,138 26,1,2108,,542028,11,0,73,1,73,,541985,11,0,73,1,30,,541992,11,0,73,1,70,,542001,11,0,73,1
10501,'CanDay26-Sunday-12-1',815,,558160,21,,,1,17,,558161,21,,,1,71,,558162,21,,,1,30,,558163,21,,,1,70,,558164,21,,,1,32,,558165,21,,,1,70,,558166,21,,,1,30,,558167,21,,,1,70,,558168,21,,,1,30,,558169,21,,,1,70,,558170,21,,,1,30,,558171,21,,,1,70,,558172,21,,,1,30,,558173,21,,,1,70,,558174,21,,,1,30,,558175,21,,,1,70,,558176,21,,,1,30,,558177,21,,,1,70,,558178,21,,,1,30,,558179,21,,,1,70,,558180,21,,,1,30,,558181,21,,,1,70,,558182,21,,,1,28,,558183,21,,,1,70,,558184,21,,,1,30,,558185,21,,,1,68,,558186,21,,,1,30,,558187,21,,,1,70,,558188,21,,,1,30,,558189,21,,,1,70,,558190,21,,,1
10501,'CivHol26-Saturday-07-1',623,,558214,21,,,1,30,,558215,21,,,1,70,,558216,21,,,1,30,,558217,21,,,1,70,,558218,21,,,1,30,,558219,21,,,1,70,,558220,21,,,1,30,,558221,21,,,1,70,,558222,21,,,1,32,,558223,21,,,1,70,,558224,21,,,1,30,,558225,21,,,1,70,,558226,21,,,1,30,,558227,21,,,1,70,,558228,21,,,1,30,,558229,21,,,1,70,,558230,21,,,1,30,,558231,21,,,1,70,,558232,21,,,1,30,,558233,21,,,1,70,,558234,21,,,1,30,,558235,21,,,1,70,,558236,21,,,1,30,,558237,21,,,1,70,,558238,21,,,1,30,,558239,21,,,1,70,,558240,21,,,1,28,,558241,21,,,1,70,,558242,21,,,1,30,,558243,21,,,1,68,,558244,21,,,1,30,,558245,21,,,1,70,,558246,21,,,1,29,,558247,21,,,1,70,,558248,21,,,1,30,,558249,21,,,1,70,,558250,21,,,1,30,,558251,21,,,1,70,,558252,21,,,1
10501,'JUNDA26-Weekday-06-1',515,,558301,21,,,1,37,,558264,29,,,1,68,,558265,29,,,1,28,,558296,21,,,1,72,,558266,21,,,1,35,,558267,21,,,1,68,,558268,21,,,1,32,,558269,21,,,1,68,,558270,21,,,1,30,,558271,21,,,1,83,,558272,21,,,1,70,,558273,21,,,1,30,,558274,21,,,1,70,,558275,21,,,1,30,,558276,21,,,1,70,,558305,21,,,1,30,,558277,21,,,1,70,,558278,21,,,1,30,,558279,21,,,1,70,,558306,21,,,1,30,,558299,21,,,1,17,,558308,21,,,1,71,,558280,21,,,1,30,,558281,21,,,1,70,,558282,21,,,1,30,,558309,21,,,1,75,,558283,21,,,1,30,,558284,21,,,1,70,,558285,21,,,1,25,,558286,21,,,1,70,,558287,21,,,1,30,,558288,21,,,1,75,,558289,21,,,1,28,,558290,21,,,1,70,,558307,21,,,1,29,,558291,21,,,1,70,,558292,21,,,1,75,,558303,21,,,1,26,,558298,21,,,1,29,,558302,21,,,1,57,,558293,21,,,1
10501,'JUNSA26-Saturday-07-1',623,,558310,21,,,1,30,,558311,21,,,1,70,,558312,21,,,1,30,,558313,21,,,1,70,,558314,21,,,1,30,,558315,21,,,1,70,,558316,21,,,1,30,,558317,21,,,1,70,,558318,21,,,1,32,,558319,21,,,1,70,,558320,21,,,1,30,,558321,21,,,1,70,,558322,21,,,1,30,,558323,21,,,1,70,,558324,21,,,1,30,,558325,21,,,1,70,,558326,21,,,1,30,,558327,21,,,1,70,,558328,21,,,1,30,,558329,21,,,1,70,,558330,21,,,1,30,,558331,21,,,1,70,,558332,21,,,1,30,,558333,21,,,1,70,,558334,21,,,1,30,,558335,21,,,1,70,,558336,21,,,1,28,,558337,21,,,1,70,,558338,21,,,1,30,,558339,21,,,1,68,,558340,21,,,1,30,,558341,21,,,1,70,,558342,21,,,1,29,,558343,21,,,1,70,,558344,21,,,1,30,,558345,21,,,1,70,,558346,21,,,1,30,,558347,21,,,1,70,,558348,21,,,1,30,,558349,21,,,1
10501,'JUNSU26-Sunday-05-1',815,,558358,21,,,1,17,,558359,21,,,1,71,,558360,21,,,1,30,,558361,21,,,1,70,,558362,21,,,1,32,,558363,21,,,1,70,,558364,21,,,1,30,,558365,21,,,1,70,,558366,21,,,1,30,,558367,21,,,1,70,,558368,21,,,1,30,,558369,21,,,1,70,,558370,21,,,1,30,,558371,21,,,1,70,,558372,21,,,1,30,,558373,21,,,1,70,,558374,21,,,1,30,,558375,21,,,1,70,,558376,21,,,1,30,,558377,21,,,1,70,,558378,21,,,1,30,,558379,21,,,1,70,,558380,21,,,1,28,,558381,21,,,1,70,,558382,21,,,1,29,,558383,21,,,1,69,,558384,21,,,1,30,,558385,21,,,1,70,,558386,21,,,1,30,,558387,21,,,1,70,,558388,21,,,1
10501,'RBJul03-Weekday-01-1',515,,558446,21,,,1,37,,558409,29,,,1,68,,558410,29,,,1,28,,558441,21,,,1,72,,558411,21,,,1,35,,558412,21,,,1,68,,558413,21,,,1,32,,558414,21,,,1,68,,558415,21,,,1,30,,558416,21,,,1,83,,558417,21,,,1,70,,558418,21,,,1,30,,558419,21,,,1,70,,558420,21,,,1,30,,558421,21,,,1,70,,558450,21,,,1,30,,558422,21,,,1,70,,558423,21,,,1,30,,558424,21,,,1,70,,558451,21,,,1,30,,558444,21,,,1,17,,558453,21,,,1,71,,558425,21,,,1,30,,558426,21,,,1,70,,558427,21,,,1,30,,558454,21,,,1,75,,558428,21,,,1,30,,558429,21,,,1,70,,558430,21,,,1,25,,558431,21,,,1,70,,558432,21,,,1,30,,558433,21,,,1,75,,558434,21,,,1,28,,558435,21,,,1,70,,558452,21,,,1,29,,558436,21,,,1,70,,558437,21,,,1,75,,558448,21,,,1,26,,558443,21,,,1,29,,558447,21,,,1,57,,558438,21,,,1
