6001,'JUNDA26-Weekday-06-1',846,,547410,19,0,9 10,1,70,,547411,19,0,9 10,1,30,,547412,19,0,9 10,1,69,,547413,19,0,9 10,1,30,,547414,19,0,9 10,1,69,,547415,19,0,9 10,1,30,,547416,19,0,9 10,1,70,,547417,19,0,9 10,1,30,,547418,19,0,9 10,1,70,,547419,19,0,9 10,1,30,,547420,19,0,9 10,1,70,,547421,19,0,9 10,1,31,,547439,19,0,9 10,1,70,,547422,19,0,9 10,1,30,,547440,19,0,9 10,1,70,,547423,19,0,9 10,1,30,,547424,19,0,9 10,1,70,,547425,19,0,9 10,1,30,,547426,19,0,9 10,1,70,,547427,19,0,9 10,1,30,,547428,19,0,9 10,1,70,,547429,19,0,9 10,1,26,,547430,19,0,9 10,1,70,,547431,19,0,9 10,1,30,,547432,19,0,9 10,1,70,,547433,19,0,9 10,1,30,,547406,19,0,9 10,1,70,,547407,19,0,9 10,1,100,,547408,19,0,9 10,1,100,,547409,19,0,9 10,1
6001,'RBJul03-Weekday-01-1',846,,547445,19,0,9 10,1,70,,547446,19,0,9 10,1,30,,547447,19,0,9 10,1,69,,547448,19,0,9 10,1,30,,547449,19,0,9 10,1,69,,547450,19,0,9 10,1,30,,547451,19,0,9 10,1,70,,547452,19,0,9 10,1,30,,547453,19,0,9 10,1,70,,547454,19,0,9 10,1,30,,547455,19,0,9 10,1,70,,547456,19,0,9 10,1,31,,547474,19,0,9 10,1,70,,547457,19,0,9 10,1,30,,547475,19,0,9 10,1,70,,547458,19,0,9 10,1,30,,547459,19,0,9 10,1,70,,547460,19,0,9 10,1,30,,547461,19,0,9 10,1,70,,547462,19,0,9 10,1,30,,547463,19,0,9 10,1,70,,547464,19,0,9 10,1,26,,547465,19,0,9 10,1,70,,547466,19,0,9 10,1,30,,547467,19,0,9 10,1,70,,547468,19,0,9 10,1,30,,547441,19,0,9 10,1,70,,547442,19,0,9 10,1,100,,547443,19,0,9 10,1,100,,547444,19,0,9 10,1
6100,'CanDay26-Sunday-12-1',632,,547476,35,,,1,110,,547478,35,0,15 16,1,100,,547480,35,0,15 16,1,70,,547481,35,0,15 16,1,31,,547482,35,0,15 16,1,70,,547483,35,0,15 16,1,31,,547484,35,0,15 16,1,70,,547485,35,0,15 16,1,30,,547486,35,0,15 16,1,70,,547487,35,0,15 16,1,30,,547488,35,0,15 16,1,70,,547489,35,0,15 16,1,30,,547490,35,0,15 16,1,70,,547491,35,0,15 16,1,30,,547492,35,0,15 16,1,70,,547493,35,0,15 16,1,30,,547494,35,0,15 16,1,70,,547495,35,0,15 16,1,30,,547496,35,0,15 16,1,70,,547497,35,0,15 16,1,30,,547498,35,0,15 16,1,69,,547499,35,0,15 16,1,30,,547500,35,0,15 16,1,70,,547501,35,0,15 16,1,30,,547502,35,0,15 16,1,70,,547503,35,0,15 16,1,30,,547504,35,0,15 16,1,70,,547505,35,0,15 16,1,30,,547506,35,0,15 16,1,70,,547507,35,0,15 16,1,30,,547508,35,,,1,100,,547509,35,,,1
6100,'CivHol26-Saturday-07-1',622,,547539,35,0,15 16,1,30,,547540,35,0,15 16,1,70,,547541,35,0,15 16,1,30,,547542,35,0,15 16,1,70,,547543,35,0,15 16,1,30,,547544,35,0,15 16,1,71,,547545,35,0,15 16,1,30,,547546,35,0,15 16,1,71,,547547,35,0,15 16,1,30,,547548,35,0,15 16,1,70,,547549,35,0,15 16,1,30,,547550,35,0,15 16,1,70,,547551,35,0,15 16,1,30,,547552,35,0,15 16,1,70,,547553,35,0,15 16,1,30,,547554,35,0,15 16,1,70,,547555,35,0,15 16,1,30,,547556,35,0,15 16,1,70,,547557,35,0,15 16,1,30,,547558,35,0,15 16,1,70,,547559,35,0,15 16,1,30,,547560,35,0,15 16,1,70,,547561,35,0,15 16,1,30,,547562,35,0,15 16,1,69,,547563,35,0,15 16,1,30,,547564,35,0,15 16,1,100,,547566,35,0,15 16,1,99,,547568,35,0,15 16,1,100,,547570,35,0,15 16,1,100,,547572,35,0,15 16,1,100,,547574,35,0,15 16,1
6100,'JUNDA26-Weekday-06-1',609,,547586,35,0,15 16,1,29,,547587,35,0,15 16,1,65,,547588,35,0,15 16,1,29,,547589,35,0,15 16,1,74,,547590,35,0,15 16,1,30,,547591,35,0,15 16,1,65,,547592,35,0,15 16,1,30,,547593,35,0,15 16,1,70,,547594,35,0,15 16,1,30,,547595,35,0,15 16,1,70,,547596,35,0,15 16,1,30,,547597,35,0,15 16,1,70,,547598,35,0,15 16,1,30,,547599,35,0,15 16,1,70,,547600,35,0,15 16,1,30,,547601,35,0,15 16,1,70,,547602,35,0,15 16,1,30,,547603,35,0,15 16,1,72,,547604,35,0,15 16,1,31,,547605,35,0,15 16,1,73,,547606,35,0,15 16,1,29,,547607,35,0,15 16,1,69,,547608,35,0,15 16,1,28,,547609,35,0,15 16,1,72,,547610,35,0,15 16,1,26,,547611,35,0,15 16,1,70,,547612,35,0,15 16,1,30,,547613,35,0,15 16,1,28,,547614,35,0,15 16,1,70,,547615,35,0,15 16,1,30,,547616,35,0,15 16,1,70,,547617,35,0,15 16,1,30,,547618,35,0,15 16,1,70,,547619,35,0,15 16,1,30,,547620,35,0,15 16,1,70,,547621,35,0,15 16,1,30,,547622,35,0,15 16,1,70,,547623,35,,,1
6100,'JUNSA26-Saturday-07-1',622,,547642,35,0,15 16,1,30,,547643,35,0,15 16,1,70,,547644,35,0,15 16,1,30,,547645,35,0,15 16,1,70,,547646,35,0,15 16,1,30,,547647,35,0,15 16,1,71,,547648,35,0,15 16,1,30,,547649,35,0,15 16,1,71,,547650,35,0,15 16,1,30,,547651,35,0,15 16,1,70,,547652,35,0,15 16,1,30,,547653,35,0,15 16,1,70,,547654,35,0,15 16,1,30,,547655,35,0,15 16,1,70,,547656,35,0,15 16,1,30,,547657,35,0,15 16,1,70,,547658,35,0,15 16,1,30,,547659,35,0,15 16,1,70,,547660,35,0,15 16,1,30,,547661,35,0,15 16,1,70,,547662,35,0,15 16,1,30,,547663,35,0,15 16,1,70,,547664,35,0,15 16,1,30,,547665,35,0,15 16,1,69,,547666,35,0,15 16,1,30,,547667,35,0,15 16,1,100,,547669,35,0,15 16,1,99,,547671,35,0,15 16,1,100,,547673,35,0,15 16,1,100,,547675,35,0,15 16,1,100,,547677,35,0,15 16,1
6100,'JUNSU26-Sunday-05-1',634,,547685,35,,,1,108,,547687,35,0,15 16,1,100,,547688,35,0,15 16,1,70,,547689,35,0,15 16,1,31,,547690,35,0,15 16,1,70,,547691,35,0,15 16,1,31,,547692,35,0,15 16,1,70,,547693,35,0,15 16,1,30,,547694,35,0,15 16,1,70,,547695,35,0,15 16,1,30,,547696,35,0,15 16,1,100,,547697,35,0,15 16,1,70,,547698,35,0,15 16,1,30,,547699,35,0,15 16,1,100,,547700,35,0,15 16,1,70,,547701,35,0,15 16,1,30,,547702,35,0,15 16,1,70,,547703,35,0,15 16,1,30,,547704,35,0,15 16,1,99,,547706,35,0,15 16,1,100,,547708,35,0,15 16,1,97,,547710,35,0,15 16,1,98,,547712,35,0,15 16,1,101,,547714,35,,,1,99,,547716,35,,,1
6100,'RBJul03-Weekday-01-1',609,,547728,35,0,15 16,1,29,,547729,35,0,15 16,1,65,,547730,35,0,15 16,1,29,,547731,35,0,15 16,1,74,,547732,35,0,15 16,1,30,,547733,35,0,15 16,1,65,,547734,35,0,15 16,1,30,,547735,35,0,15 16,1,70,,547736,35,0,15 16,1,30,,547737,35,0,15 16,1,70,,547738,35,0,15 16,1,30,,547739,35,0,15 16,1,70,,547740,35,0,15 16,1,30,,547741,35,0,15 16,1,70,,547742,35,0,15 16,1,30,,547743,35,0,15 16,1,70,,547744,35,0,15 16,1,30,,547745,35,0,15 16,1,72,,547746,35,0,15 16,1,31,,547747,35,0,15 16,1,73,,547748,35,0,15 16,1,29,,547749,35,0,15 16,1,67,,547750,35,0,15 16,1,30,,547751,35,0,15 16,1,72,,547752,35,0,15 16,1,26,,547753,35,0,15 16,1,70,,547754,35,0,15 16,1,30,,547755,35,0,15 16,1,28,,547756,35,0,15 16,1,70,,547757,35,0,15 16,1,30,,547758,35,0,15 16,1,70,,547759,35,0,15 16,1,30,,547760,35,0,15 16,1,70,,547761,35,0,15 16,1,30,,547762,35,0,15 16,1,70,,547763,35,0,15 16,1,30,,547764,35,0,15 16,1,70,,547765,35,,,1
16300,'CanDay26-Sunday-12-1',745,,560914,32,,,1,70,,560915,32,,,1,100,,560916,32,,,1,30,,560917,32,,,1,70,,560918,32,,,1,31,,560919,32,,,1,70,,560920,32,,,1,30,,560921,32,,,1,70,,560922,32,,,1,31,,560923,32,,,1,70,,560924,32,,,1,30,,560925,32,,,1,70,,560926,32,,,1,30,,560927,32,,,1,70,,560928,32,,,1,30,,560929,32,,,1,70,,560930,32,,,1,30,,560931,32,,,1,70,,560932,32,,,1,30,,560933,32,,,1,99,,560934,32,,,1,100,,560935,32,,,1
16300,'CivHol26-Saturday-07-1',715,,560936,32,,,1,100,,560937,32,,,1,30,,560938,32,,,1,70,,560939,32,,,1,30,,560940,32,,,1,70,,560941,32,,,1,31,,560942,32,,,1,70,,560943,32,,,1,30,,560944,32,,,1,70,,560945,32,,,1,31,,560946,32,,,1,70,,560947,32,,,1,30,,560948,32,,,1,70,,560949,32,,,1,30,,560950,32,,,1,70,,560951,32,,,1,30,,560952,32,,,1,70,,560953,32,,,1,30,,560954,32,,,1,70,,560955,32,,,1,30,,560956,32,,,1,99,,560957,32,,,1,100,,560958,32,,,1,100,,560959,32,,,1,99,,560960,32,,,1,100,,560961,32,,,1
16300,'JUNDA26-Weekday-06-1',631,,560962,32,,,1,75,,560992,32,,,1,31,,560963,32,,,1,68,,560964,32,,,1,32,,560965,32,,,1,70,,560966,32,,,1,22,,560967,32,,,1,25,,560968,32,,,1,70,,560969,32,,,1,30,,560970,32,,,1,70,,560971,32,,,1,30,,560972,32,,,1,70,,560973,32,,,1,30,,560974,32,,,1,70,,560975,32,,,1,30,,560976,32,,,1,70,,560977,32,,,1,29,,560978,32,,,1,89,,560979,32,,,1,70,,560980,32,,,1,30,,560981,32,,,1,70,,560993,32,,,1,30,,560982,32,,,1,70,,560983,32,,,1,30,,560984,32,,,1,13,,560985,32,,,1,70,,560986,32,,,1,30,,560987,32,,,1,70,,560988,32,,,1,25,,560989,32,,,1,100,,560990,32,,,1,100,,560991,32,,,1
16300,'JUNSA26-Saturday-07-1',715,,560994,32,,,1,100,,560995,32,,,1,30,,560996,32,,,1,70,,560997,32,,,1,30,,560998,32,,,1,70,,560999,32,,,1,31,,561000,32,,,1,70,,561001,32,,,1,30,,561002,32,,,1,70,,561003,32,,,1,31,,561004,32,,,1,70,,561005,32,,,1,30,,561006,32,,,1,70,,561007,32,,,1,30,,561008,32,,,1,100,,561009,32,,,1,100,,561010,32,,,1,70,,561011,32,,,1,30,,561012,32,,,1,99,,561013,32,,,1,100,,561014,32,,,1,100,,561015,32,,,1,99,,561016,32,,,1,100,,561017,32,,,1
16300,'JUNSU26-Sunday-05-1',745,,561018,32,,,1,70,,561019,32,,,1,100,,561020,32,,,1,30,,561021,32,,,1,70,,561022,32,,,1,101,,561023,32,,,1,100,,561024,32,,,1,101,,561025,32,,,1,100,,561026,32,,,1,30,,561027,32,,,1,70,,561028,32,,,1,30,,561029,32,,,1,70,,561030,32,,,1,30,,561031,32,,,1,70,,561032,32,,,1,30,,561033,32,,,1,99,,561034,32,,,1,100,,561035,32,,,1
16300,'RBJul03-Weekday-01-1',631,,561036,32,,,1,75,,561066,32,,,1,31,,561037,32,,,1,68,,561038,32,,,1,32,,561039,32,,,1,70,,561040,32,,,1,22,,561041,32,,,1,25,,561042,32,,,1,70,,561043,32,,,1,30,,561044,32,,,1,70,,561045,32,,,1,30,,561046,32,,,1,70,,561047,32,,,1,30,,561048,32,,,1,70,,561049,32,,,1,30,,561050,32,,,1,70,,561051,32,,,1,29,,561052,32,,,1,89,,561053,32,,,1,70,,561054,32,,,1,30,,561055,32,,,1,70,,561067,32,,,1,30,,561056,32,,,1,70,,561057,32,,,1,30,,561058,32,,,1,13,,561059,32,,,1,70,,561060,32,,,1,30,,561061,32,,,1,70,,561062,32,,,1,25,,561063,32,,,1,100,,561064,32,,,1,100,,561065,32,,,1
30100,'301Shop-Weekday-01-1',931,,562900,58,,,1
30300,'303Shop-Weekday-01-1',931,,562904,33,,,1
