11701,'11-1',1550,,807673,16,,,1,70,,807669,16,,,1,30,,807672,16,,,1,70,,807670,16,,,1,30,,807671,16,,,1
11701,'3-1',1550,,807678,16,,,1,70,,807674,16,,,1,30,,807677,16,,,1,70,,807675,16,,,1,30,,807676,16,,,1
11701,'4-1',1550,,807683,16,,,1,70,,807679,16,,,1,30,,807682,16,,,1,70,,807680,16,,,1,30,,807681,16,,,1
11701,'5-1',1550,,807688,16,,,1,70,,807684,16,,,1,30,,807687,16,,,1,70,,807685,16,,,1,30,,807686,16,,,1
11701,'8-1',1550,,807693,16,,,1,70,,807689,16,,,1,30,,807692,16,,,1,70,,807690,16,,,1,30,,807691,16,,,1
67000,'11-1',720,,814981,8,,,1
67000,'3-1',720,,814982,8,,,1
67000,'4-1',720,,814983,8,,,1
67000,'5-1',720,,814984,8,,,1
67000,'8-1',720,,814985,8,,,1
68700,'11-1',718,,815221,8,,,1
68700,'3-1',718,,815222,8,,,1
68700,'4-1',718,,815223,8,,,1
68700,'5-1',718,,815224,8,,,1
68700,'8-1',718,,815225,8,,,1
