8600,'1-1',637,,796218,25,,,1,100,,796203,25,,,1,102,,796194,25,,,1,70,,796216,25,,,1,30,,796200,25,,,1,70,,796208,25,,,1,30,,796214,25,,,1,70,,796213,25,,,1,30,,796223,25,,,1,70,,796222,25,,,1,30,,796206,25,,,1,70,,796201,25,,,1,30,,796196,25,,,1,70,,796205,25,,,1,30,,796212,25,,,1,70,,796215,25,,,1,30,,796199,25,,,1,70,,796202,25,,,1,30,,796209,25,,,1,70,,796204,25,,,1,30,,796197,25,,,1,70,,796224,25,,,1,30,,796210,25,,,1,70,,796211,25,,,1,30,,796219,25,,,1,70,,796220,25,,,1,30,,796195,25,,,1,70,,796207,25,,,1,28,,796217,25,,,1,100,,796225,25,,,1,100,,796221,25,,,1,100,,796198,25,,,1
8600,'10-1',637,,796256,25,,,1,100,,796250,25,,,1,70,,796243,25,,,1,32,,796251,25,,,0,70,,796253,25,,,1,30,,796236,25,,,1,70,,796234,25,,,1,30,,796231,25,,,1,70,,796238,25,,,1,30,,796245,25,,,1,70,,796254,25,,,1,30,,796228,25,,,1,70,,796242,25,,,1,30,,796233,25,,,1,70,,796239,25,,,1,30,,796229,25,,,1,70,,796237,25,,,1,30,,796240,25,,,1,70,,796227,25,,,1,30,,796247,25,,,1,70,,796226,25,,,1,30,,796255,25,,,1,70,,796230,25,,,1,30,,796232,25,,,1,70,,796246,25,,,1,30,,796241,25,,,1,70,,796249,25,,,1,30,,796252,25,,,1,70,,796248,25,,,1,98,,796235,25,,,1,100,,796244,25,,,1
8600,'11-1',520,,796289,25,,,1,90,,796264,25,,,1,16,,796278,25,,,1,14,,796260,24,,,1,15,,796275,25,,,1,57,,796266,24,,,1,15,,796287,25,,,1,17,,796259,24,,,1,60,,796272,25,,,1,15,,796299,24,,,1,16,,796276,25,,,1,15,,796303,24,,,1,55,,796297,25,,,1,15,,796265,24,,,1,15,,796294,25,,,1,15,,796279,25,,,1,68,,796257,25,,,1,30,,796293,25,,,1,70,,796290,25,,,1,30,,796280,25,,,1,70,,796263,25,,,1,30,,796291,25,,,1,70,,796268,25,,,1,30,,796301,25,,,1,70,,796269,25,,,1,30,,796296,25,,,1,57,,796261,25,,,1,15,,796267,24,,,1,31,,796302,25,,,1,53,,796262,24,,,1,17,,796284,25,,,1,15,,796295,24,,,1,15,,796273,25,,,1,56,,796304,24,,,1,17,,796300,25,,,1,12,,796274,24,,,1,17,,796285,25,,,1,53,,796288,24,,,1,15,,796277,25,,,1,27,,796305,25,,,1,67,,796298,25,,,1,30,,796283,25,,,1,70,,796258,25,,,1,27,,796271,25,,,1,70,,796282,25,,,1,30,,796286,25,,,1,70,,796281,25,,,1,30,,796270,25,,,1,100,,796292,25,,,1
8600,'12-1',637,,796336,25,,,1,100,,796330,25,,,1,70,,796323,25,,,1,32,,796331,25,,,0,70,,796333,25,,,1,30,,796316,25,,,1,70,,796314,25,,,1,30,,796311,25,,,1,70,,796318,25,,,1,30,,796325,25,,,1,70,,796334,25,,,1,30,,796308,25,,,1,70,,796322,25,,,1,30,,796313,25,,,1,70,,796319,25,,,1,30,,796309,25,,,1,70,,796317,25,,,1,30,,796320,25,,,1,70,,796307,25,,,1,30,,796327,25,,,1,70,,796306,25,,,1,30,,796335,25,,,1,70,,796310,25,,,1,30,,796312,25,,,1,70,,796326,25,,,1,30,,796321,25,,,1,70,,796329,25,,,1,30,,796332,25,,,1,70,,796328,25,,,1,98,,796315,25,,,1,100,,796324,25,,,1
8600,'2-1',637,,796367,25,,,1,100,,796361,25,,,1,70,,796354,25,,,1,32,,796362,25,,,0,70,,796364,25,,,1,30,,796347,25,,,1,70,,796345,25,,,1,30,,796342,25,,,1,70,,796349,25,,,1,30,,796356,25,,,1,70,,796365,25,,,1,30,,796339,25,,,1,70,,796353,25,,,1,30,,796344,25,,,1,70,,796350,25,,,1,30,,796340,25,,,1,70,,796348,25,,,1,30,,796351,25,,,1,70,,796338,25,,,1,30,,796358,25,,,1,70,,796337,25,,,1,30,,796366,25,,,1,70,,796341,25,,,1,30,,796343,25,,,1,70,,796357,25,,,1,30,,796352,25,,,1,70,,796360,25,,,1,30,,796363,25,,,1,70,,796359,25,,,1,98,,796346,25,,,1,100,,796355,25,,,1
8600,'3-1',520,,796400,25,,,1,90,,796375,25,,,1,16,,796389,25,,,1,14,,796371,24,,,1,15,,796386,25,,,1,57,,796377,24,,,1,15,,796398,25,,,1,17,,796370,24,,,1,60,,796383,25,,,1,15,,796410,24,,,1,16,,796387,25,,,1,15,,796414,24,,,1,55,,796408,25,,,1,15,,796376,24,,,1,15,,796405,25,,,1,15,,796390,25,,,1,68,,796368,25,,,1,30,,796404,25,,,1,70,,796401,25,,,1,30,,796391,25,,,1,70,,796374,25,,,1,30,,796402,25,,,1,70,,796379,25,,,1,30,,796412,25,,,1,70,,796380,25,,,1,30,,796407,25,,,1,57,,796372,25,,,1,15,,796378,24,,,1,31,,796413,25,,,1,53,,796373,24,,,1,17,,796395,25,,,1,15,,796406,24,,,1,15,,796384,25,,,1,56,,796415,24,,,1,17,,796411,25,,,1,12,,796385,24,,,1,17,,796396,25,,,1,53,,796399,24,,,1,15,,796388,25,,,1,27,,796416,25,,,1,67,,796409,25,,,1,30,,796394,25,,,1,70,,796369,25,,,1,27,,796382,25,,,1,70,,796393,25,,,1,30,,796397,25,,,1,70,,796392,25,,,1,30,,796381,25,,,1,100,,796403,25,,,1
8600,'4-1',520,,796449,25,,,1,90,,796424,25,,,1,16,,796438,25,,,1,14,,796420,24,,,1,15,,796435,25,,,1,57,,796426,24,,,1,15,,796447,25,,,1,17,,796419,24,,,1,60,,796432,25,,,1,15,,796459,24,,,1,16,,796436,25,,,1,15,,796463,24,,,1,55,,796457,25,,,1,15,,796425,24,,,1,15,,796454,25,,,1,15,,796439,25,,,1,68,,796417,25,,,1,30,,796453,25,,,1,70,,796450,25,,,1,30,,796440,25,,,1,70,,796423,25,,,1,30,,796451,25,,,1,70,,796428,25,,,1,30,,796461,25,,,1,70,,796429,25,,,1,30,,796456,25,,,1,57,,796421,25,,,1,15,,796427,24,,,1,31,,796462,25,,,1,53,,796422,24,,,1,17,,796444,25,,,1,15,,796455,24,,,1,15,,796433,25,,,1,56,,796464,24,,,1,17,,796460,25,,,1,12,,796434,24,,,1,17,,796445,25,,,1,53,,796448,24,,,1,15,,796437,25,,,1,27,,796465,25,,,1,67,,796458,25,,,1,30,,796443,25,,,1,70,,796418,25,,,1,27,,796431,25,,,1,70,,796442,25,,,1,30,,796446,25,,,1,70,,796441,25,,,1,30,,796430,25,,,1,100,,796452,25,,,1
8600,'5-1',520,,796498,25,,,1,90,,796473,25,,,1,16,,796487,25,,,1,14,,796469,24,,,1,15,,796484,25,,,1,57,,796475,24,,,1,15,,796496,25,,,1,17,,796468,24,,,1,60,,796481,25,,,1,15,,796508,24,,,1,16,,796485,25,,,1,15,,796512,24,,,1,55,,796506,25,,,1,15,,796474,24,,,1,15,,796503,25,,,1,15,,796488,25,,,1,68,,796466,25,,,1,30,,796502,25,,,1,70,,796499,25,,,1,30,,796489,25,,,1,70,,796472,25,,,1,30,,796500,25,,,1,70,,796477,25,,,1,30,,796510,25,,,1,70,,796478,25,,,1,30,,796505,25,,,1,57,,796470,25,,,1,15,,796476,24,,,1,31,,796511,25,,,1,53,,796471,24,,,1,17,,796493,25,,,1,15,,796504,24,,,1,15,,796482,25,,,1,56,,796513,24,,,1,17,,796509,25,,,1,12,,796483,24,,,1,17,,796494,25,,,1,53,,796497,24,,,1,15,,796486,25,,,1,27,,796514,25,,,1,67,,796507,25,,,1,30,,796492,25,,,1,70,,796467,25,,,1,27,,796480,25,,,1,70,,796491,25,,,1,30,,796495,25,,,1,70,,796490,25,,,1,30,,796479,25,,,1,100,,796501,25,,,1
8600,'6-1',637,,796545,25,,,1,100,,796523,25,,,1,70,,796525,25,,,1,32,,796531,25,,,0,70,,796520,25,,,1,30,,796524,25,,,1,70,,796534,25,,,1,30,,796539,25,,,1,70,,796521,25,,,1,30,,796536,25,,,1,70,,796530,25,,,1,30,,796527,25,,,1,70,,796541,25,,,1,30,,796529,25,,,1,70,,796517,25,,,1,30,,796543,25,,,1,70,,796526,25,,,1,30,,796535,25,,,1,70,,796518,25,,,1,30,,796538,25,,,1,70,,796542,25,,,1,30,,796516,25,,,1,70,,796533,25,,,1,30,,796540,25,,,1,70,,796528,25,,,1,30,,796532,25,,,1,70,,796522,25,,,1,30,,796544,25,,,1,70,,796519,25,,,1,98,,796515,25,,,1,100,,796537,25,,,1
8600,'7-1',637,,796576,25,,,1,100,,796554,25,,,1,70,,796556,25,,,1,32,,796562,25,,,0,70,,796551,25,,,1,30,,796555,25,,,1,70,,796565,25,,,1,30,,796570,25,,,1,70,,796552,25,,,1,30,,796567,25,,,1,70,,796561,25,,,1,30,,796558,25,,,1,70,,796572,25,,,1,30,,796560,25,,,1,70,,796548,25,,,1,30,,796574,25,,,1,70,,796557,25,,,1,30,,796566,25,,,1,70,,796549,25,,,1,30,,796569,25,,,1,70,,796573,25,,,1,30,,796547,25,,,1,70,,796564,25,,,1,30,,796571,25,,,1,70,,796559,25,,,1,30,,796563,25,,,1,70,,796553,25,,,1,30,,796575,25,,,1,70,,796550,25,,,1,98,,796546,25,,,1,100,,796568,25,,,1
8600,'8-1',520,,796609,25,,,1,90,,796584,25,,,1,16,,796598,25,,,1,14,,796580,24,,,1,15,,796595,25,,,1,57,,796586,24,,,1,15,,796607,25,,,1,17,,796579,24,,,1,60,,796592,25,,,1,15,,796619,24,,,1,16,,796596,25,,,1,15,,796623,24,,,1,55,,796617,25,,,1,15,,796585,24,,,1,15,,796614,25,,,1,15,,796599,25,,,1,68,,796577,25,,,1,30,,796613,25,,,1,70,,796610,25,,,1,30,,796600,25,,,1,70,,796583,25,,,1,30,,796611,25,,,1,70,,796588,25,,,1,30,,796621,25,,,1,70,,796589,25,,,1,30,,796616,25,,,1,57,,796581,25,,,1,15,,796587,24,,,1,31,,796622,25,,,1,53,,796582,24,,,1,17,,796604,25,,,1,15,,796615,24,,,1,15,,796593,25,,,1,56,,796624,24,,,1,17,,796620,25,,,1,12,,796594,24,,,1,17,,796605,25,,,1,53,,796608,24,,,1,15,,796597,25,,,1,27,,796625,25,,,1,67,,796618,25,,,1,30,,796603,25,,,1,70,,796578,25,,,1,27,,796591,25,,,1,70,,796602,25,,,1,30,,796606,25,,,1,70,,796601,25,,,1,30,,796590,25,,,1,100,,796612,25,,,1
8600,'9-1',637,,796650,25,,,1,100,,796655,25,,,1,102,,796654,25,,,1,70,,796653,25,,,1,30,,796632,25,,,1,70,,796647,25,,,1,30,,796646,25,,,1,70,,796645,25,,,1,30,,796651,25,,,1,70,,796627,25,,,1,30,,796639,25,,,1,70,,796656,25,,,1,30,,796638,25,,,1,70,,796648,25,,,1,30,,796633,25,,,1,70,,796652,25,,,1,30,,796640,25,,,1,70,,796642,25,,,1,30,,796635,25,,,1,70,,796644,25,,,1,30,,796630,25,,,1,70,,796626,25,,,1,30,,796629,25,,,1,70,,796628,25,,,1,30,,796631,25,,,1,70,,796649,25,,,1,30,,796657,25,,,1,70,,796641,25,,,1,28,,796634,25,,,1,100,,796636,25,,,1,100,,796643,25,,,1,100,,796637,25,,,1
