11001,'1-1',450,,618280,8,,,1,70,,618290,8,,,1,95,,618279,79,0,35,1,39,,618274,79,0,35,1,70,,618270,79,0,35,1,30,,618285,79,0,35,1,70,,618281,79,0,35,1,76,,618284,79,0,35,1,27,,618277,79,0,35,1,30,,618269,79,0,35,1,66,,618283,79,0,35,1,30,,618288,79,0,35,1,70,,618262,79,0,35,1,34,,618266,79,0,35,1,70,,618264,79,0,35,1,30,,618259,79,0,35,1,68,,618286,79,0,35,1,30,,618275,79,0,35,1,69,,618268,79,0,35,1,30,,618263,79,0,35,1,70,,618289,79,0,35,1,30,,618261,79,0,35,1,78,,618260,79,0,35,1,76,,618258,79,0,35,1,33,,618272,79,0,35,1,66,,618267,79,0,35,1,30,,618273,79,0,35,1,66,,618282,79,0,35,1,25,,618287,79,0,35,1,24,,618271,79,0,35,1,60,,618265,79,0,35,1,30,,618276,79,0,35,1,70,,618278,79,0,35,1
11001,'10-1',450,,618318,8,,,1,70,,618295,8,,,1,95,,618314,79,0,35,1,39,,618302,79,0,35,1,70,,618323,79,0,35,1,30,,618298,79,0,35,1,70,,618297,79,0,35,1,76,,618311,79,0,35,1,27,,618309,79,0,35,1,30,,618299,79,0,35,1,66,,618308,79,0,35,1,30,,618310,79,0,35,1,70,,618322,79,0,35,1,34,,618307,79,0,35,1,70,,618315,79,0,35,1,30,,618306,79,0,35,1,68,,618317,79,0,35,1,30,,618316,79,0,35,1,69,,618312,79,0,35,1,30,,618319,79,0,35,1,70,,618305,79,0,35,1,30,,618301,79,0,35,1,78,,618292,79,0,35,1,76,,618291,79,0,35,1,33,,618293,79,0,35,1,66,,618320,79,0,35,1,30,,618300,79,0,35,1,66,,618313,79,0,35,1,25,,618304,79,0,35,1,24,,618296,79,0,35,1,60,,618294,79,0,35,1,30,,618321,79,0,35,1,70,,618303,79,0,35,1
11001,'11-1',450,,618351,8,,,1,70,,618328,8,,,1,95,,618347,79,0,35,1,39,,618335,79,0,35,1,70,,618356,79,0,35,1,30,,618331,79,0,35,1,70,,618330,79,0,35,1,76,,618344,79,0,35,1,27,,618342,79,0,35,1,30,,618332,79,0,35,1,66,,618341,79,0,35,1,30,,618343,79,0,35,1,70,,618355,79,0,35,1,34,,618340,79,0,35,1,70,,618348,79,0,35,1,30,,618339,79,0,35,1,68,,618350,79,0,35,1,30,,618349,79,0,35,1,69,,618345,79,0,35,1,30,,618352,79,0,35,1,70,,618338,79,0,35,1,30,,618334,79,0,35,1,78,,618325,79,0,35,1,76,,618324,79,0,35,1,33,,618326,79,0,35,1,66,,618353,79,0,35,1,30,,618333,79,0,35,1,66,,618346,79,0,35,1,25,,618337,79,0,35,1,24,,618329,79,0,35,1,60,,618327,79,0,35,1,30,,618354,79,0,35,1,70,,618336,79,0,35,1
11001,'2-1',450,,618384,8,,,1,70,,618361,8,,,1,95,,618380,79,0,35,1,39,,618368,79,0,35,1,70,,618389,79,0,35,1,30,,618364,79,0,35,1,70,,618363,79,0,35,1,76,,618377,79,0,35,1,27,,618375,79,0,35,1,30,,618365,79,0,35,1,66,,618374,79,0,35,1,30,,618376,79,0,35,1,70,,618388,79,0,35,1,34,,618373,79,0,35,1,70,,618381,79,0,35,1,30,,618372,79,0,35,1,68,,618383,79,0,35,1,30,,618382,79,0,35,1,69,,618378,79,0,35,1,30,,618385,79,0,35,1,70,,618371,79,0,35,1,30,,618367,79,0,35,1,78,,618358,79,0,35,1,76,,618357,79,0,35,1,33,,618359,79,0,35,1,66,,618386,79,0,35,1,30,,618366,79,0,35,1,66,,618379,79,0,35,1,25,,618370,79,0,35,1,24,,618362,79,0,35,1,60,,618360,79,0,35,1,30,,618387,79,0,35,1,70,,618369,79,0,35,1
11001,'3-1',449,,618390,8,0,41,1,70,,618391,8,0,41,1,130,,618392,80,0,35,1,70,,618393,80,0,35,1,1032,,618394,80,0,35,1,70,,618395,80,0,35,1
11001,'4-1',449,,618397,8,0,41,1,70,,618398,8,0,41,1,130,,618396,80,0,35,1,70,,618400,80,0,35,1,1032,,618401,80,0,35,1,70,,618399,80,0,35,1
11001,'5-1',449,,618406,8,,,1,70,,618404,8,,,1,130,,618405,80,0,35,1,70,,618402,80,0,35,1,1032,,618407,80,0,35,1,70,,618403,80,0,35,1
11001,'6-1',450,,618435,8,,,1,70,,618412,8,,,1,95,,618431,79,0,35,1,39,,618419,79,0,35,1,70,,618440,79,0,35,1,30,,618415,79,0,35,1,70,,618414,79,0,35,1,76,,618428,79,0,35,1,27,,618426,79,0,35,1,30,,618416,79,0,35,1,66,,618425,79,0,35,1,30,,618427,79,0,35,1,70,,618439,79,0,35,1,34,,618424,79,0,35,1,70,,618432,79,0,35,1,30,,618423,79,0,35,1,68,,618434,79,0,35,1,30,,618433,79,0,35,1,69,,618429,79,0,35,1,30,,618436,79,0,35,1,70,,618422,79,0,35,1,30,,618418,79,0,35,1,78,,618409,79,0,35,1,76,,618408,79,0,35,1,33,,618410,79,0,35,1,66,,618437,79,0,35,1,30,,618417,79,0,35,1,66,,618430,79,0,35,1,25,,618421,79,0,35,1,24,,618413,79,0,35,1,60,,618411,79,0,35,1,30,,618438,79,0,35,1,70,,618420,79,0,35,1
11001,'7-1',449,,618441,8,0,41,1,70,,618442,8,0,41,1,130,,618443,80,0,35,1,70,,618444,80,0,35,1,1032,,618445,80,0,35,1,70,,618446,80,0,35,1
11001,'8-1',450,,618474,8,,,1,70,,618451,8,,,1,95,,618470,79,0,35,1,39,,618458,79,0,35,1,70,,618479,79,0,35,1,30,,618454,79,0,35,1,70,,618453,79,0,35,1,76,,618467,79,0,35,1,27,,618465,79,0,35,1,30,,618455,79,0,35,1,66,,618464,79,0,35,1,30,,618466,79,0,35,1,70,,618478,79,0,35,1,34,,618463,79,0,35,1,70,,618471,79,0,35,1,30,,618462,79,0,35,1,68,,618473,79,0,35,1,30,,618472,79,0,35,1,69,,618468,79,0,35,1,30,,618475,79,0,35,1,70,,618461,79,0,35,1,30,,618457,79,0,35,1,78,,618448,79,0,35,1,76,,618447,79,0,35,1,33,,618449,79,0,35,1,66,,618476,79,0,35,1,30,,618456,79,0,35,1,66,,618469,79,0,35,1,25,,618460,79,0,35,1,24,,618452,79,0,35,1,60,,618450,79,0,35,1,30,,618477,79,0,35,1,70,,618459,79,0,35,1
11001,'9-1',449,,618485,8,,,1,70,,618481,8,,,1,130,,618482,80,0,35,1,70,,618483,80,0,35,1,1032,,618480,80,0,35,1,70,,618484,80,0,35,1
