800,'1-1',548,,752955,11,,,1,100,,752956,11,,,1,100,,752974,11,,,1,70,,752971,11,,,1,30,,752960,11,,,1,70,,752965,11,,,1,30,,752986,11,,,1,70,,752983,11,,,1,30,,752967,11,,,1,70,,752966,11,,,1,30,,752980,11,,,1,70,,752984,11,,,1,30,,752981,11,,,1,70,,752976,11,,,1,30,,752959,11,,,1,70,,752987,11,,,1,30,,752962,11,,,1,70,,752954,11,,,1,30,,752979,11,,,1,70,,752969,11,,,1,30,,752957,11,,,1,70,,752968,11,,,1,30,,752963,11,,,1,70,,752970,11,,,1,30,,752958,11,,,1,70,,752973,11,,,1,30,,752972,11,,,1,70,,752975,11,0,145 146,1,30,,752977,11,0,145 146,1,70,,752978,11,0,145 146,1,30,,752961,11,0,145 146,1,100,,752964,11,0,145 146,1,100,,752985,11,0,145 146,1,100,,752982,11,0,145 146,1
800,'10-1',600,,753000,11,,,1,38,,753001,11,,,1,100,,753007,11,,,1,90,,752989,11,,,1,100,,753006,15,,,1,30,,752995,15,,,1,70,,752991,15,,,1,30,,753010,15,,,1,70,,752992,15,,,1,30,,753008,15,,,1,70,,753013,15,,,1,30,,753014,15,,,1,70,,752994,15,,,1,30,,753016,15,,,1,70,,753003,15,,,1,30,,752990,15,,,1,70,,752996,15,,,1,30,,752997,15,,,1,70,,752988,15,,,1,30,,752993,15,,,1,70,,752999,15,,,1,30,,753012,11,,,1,70,,752998,11,,,1,30,,753015,11,,,1,70,,753011,11,,,1,30,,753009,11,,,1,70,,753004,11,0,145 146,1,30,,753018,11,0,145 146,1,100,,753005,11,0,145 146,1,100,,753017,11,0,145 146,1,100,,753002,11,0,145 146,1
800,'11-1',456,,753050,11,0,145 146,1,97,,753021,11,,,1,70,,753039,11,,,1,30,,753053,11,,,1,70,,753028,11,,,1,30,,753026,11,,,1,71,,753024,11,,,1,28,,753043,11,,,1,70,,753048,11,,,1,30,,753031,11,,,1,70,,753055,11,,,1,30,,753044,11,,,1,70,,753047,11,,,1,30,,753045,11,,,1,70,,753032,11,,,1,31,,753036,11,,,1,70,,753019,11,,,1,30,,753040,11,,,1,70,,753049,11,,,1,31,,753020,11,,,1,70,,753034,11,,,1,30,,753033,11,,,1,69,,753038,11,,,1,30,,753022,11,,,1,70,,753037,11,,,1,30,,753035,11,,,1,71,,753029,11,,,1,29,,753054,11,,,1,70,,753030,11,,,1,30,,753041,11,0,145 146,1,70,,753051,11,0,145 146,1,30,,753042,11,0,145 146,1,70,,753046,11,0,145 146,1,30,,753023,11,0,145 146,1,70,,753027,11,0,145 146,1,100,,753025,11,0,145 146,1,108,,753052,11,0,145 146,1
800,'12-1',600,,753068,11,,,1,38,,753069,11,,,1,100,,753075,11,,,1,90,,753057,11,,,1,100,,753074,15,,,1,30,,753063,15,,,1,70,,753059,15,,,1,30,,753078,15,,,1,70,,753060,15,,,1,30,,753076,15,,,1,70,,753081,15,,,1,30,,753082,15,,,1,70,,753062,15,,,1,30,,753084,15,,,1,70,,753071,15,,,1,30,,753058,15,,,1,70,,753064,15,,,1,30,,753065,15,,,1,70,,753056,15,,,1,30,,753061,15,,,1,70,,753067,15,,,1,30,,753080,11,,,1,70,,753066,11,,,1,30,,753083,11,,,1,70,,753079,11,,,1,30,,753077,11,,,1,70,,753072,11,0,145 146,1,30,,753086,11,0,145 146,1,100,,753073,11,0,145 146,1,100,,753085,11,0,145 146,1,100,,753070,11,0,145 146,1
800,'2-1',600,,753099,11,,,1,38,,753100,11,,,1,100,,753106,11,,,1,90,,753088,11,,,1,100,,753105,15,,,1,30,,753094,15,,,1,70,,753090,15,,,1,30,,753109,15,,,1,70,,753091,15,,,1,30,,753107,15,,,1,70,,753112,15,,,1,30,,753113,15,,,1,70,,753093,15,,,1,30,,753115,15,,,1,70,,753102,15,,,1,30,,753089,15,,,1,70,,753095,15,,,1,30,,753096,15,,,1,70,,753087,15,,,1,30,,753092,15,,,1,70,,753098,15,,,1,30,,753111,11,,,1,70,,753097,11,,,1,30,,753114,11,,,1,70,,753110,11,,,1,30,,753108,11,,,1,70,,753103,11,0,145 146,1,30,,753117,11,0,145 146,1,100,,753104,11,0,145 146,1,100,,753116,11,0,145 146,1,100,,753101,11,0,145 146,1
800,'3-1',456,,753149,11,0,145 146,1,97,,753120,11,,,1,70,,753138,11,,,1,30,,753152,11,,,1,70,,753127,11,,,1,30,,753125,11,,,1,71,,753123,11,,,1,28,,753142,11,,,1,70,,753147,11,,,1,30,,753130,11,,,1,70,,753154,11,,,1,30,,753143,11,,,1,70,,753146,11,,,1,30,,753144,11,,,1,70,,753131,11,,,1,31,,753135,11,,,1,70,,753118,11,,,1,30,,753139,11,,,1,70,,753148,11,,,1,31,,753119,11,,,1,70,,753133,11,,,1,30,,753132,11,,,1,69,,753137,11,,,1,30,,753121,11,,,1,70,,753136,11,,,1,30,,753134,11,,,1,71,,753128,11,,,1,29,,753153,11,,,1,70,,753129,11,,,1,30,,753140,11,0,145 146,1,70,,753150,11,0,145 146,1,30,,753141,11,0,145 146,1,70,,753145,11,0,145 146,1,30,,753122,11,0,145 146,1,70,,753126,11,0,145 146,1,100,,753124,11,0,145 146,1,108,,753151,11,0,145 146,1
800,'4-1',456,,753186,11,0,145 146,1,97,,753157,11,,,1,70,,753175,11,,,1,30,,753189,11,,,1,70,,753164,11,,,1,30,,753162,11,,,1,71,,753160,11,,,1,28,,753179,11,,,1,70,,753184,11,,,1,30,,753167,11,,,1,70,,753191,11,,,1,30,,753180,11,,,1,70,,753183,11,,,1,30,,753181,11,,,1,70,,753168,11,,,1,31,,753172,11,,,1,70,,753155,11,,,1,30,,753176,11,,,1,70,,753185,11,,,1,31,,753156,11,,,1,70,,753170,11,,,1,30,,753169,11,,,1,69,,753174,11,,,1,30,,753158,11,,,1,70,,753173,11,,,1,30,,753171,11,,,1,71,,753165,11,,,1,29,,753190,11,,,1,70,,753166,11,,,1,30,,753177,11,0,145 146,1,70,,753187,11,0,145 146,1,30,,753178,11,0,145 146,1,70,,753182,11,0,145 146,1,30,,753159,11,0,145 146,1,70,,753163,11,0,145 146,1,100,,753161,11,0,145 146,1,108,,753188,11,0,145 146,1
800,'5-1',456,,753223,11,0,145 146,1,97,,753194,11,,,1,70,,753212,11,,,1,30,,753226,11,,,1,70,,753201,11,,,1,30,,753199,11,,,1,71,,753197,11,,,1,28,,753216,11,,,1,70,,753221,11,,,1,30,,753204,11,,,1,70,,753228,11,,,1,30,,753217,11,,,1,70,,753220,11,,,1,30,,753218,11,,,1,70,,753205,11,,,1,31,,753209,11,,,1,70,,753192,11,,,1,30,,753213,11,,,1,70,,753222,11,,,1,31,,753193,11,,,1,70,,753207,11,,,1,30,,753206,11,,,1,69,,753211,11,,,1,30,,753195,11,,,1,70,,753210,11,,,1,30,,753208,11,,,1,71,,753202,11,,,1,29,,753227,11,,,1,70,,753203,11,,,1,30,,753214,11,0,145 146,1,70,,753224,11,0,145 146,1,30,,753215,11,0,145 146,1,70,,753219,11,0,145 146,1,30,,753196,11,0,145 146,1,70,,753200,11,0,145 146,1,100,,753198,11,0,145 146,1,108,,753225,11,0,145 146,1
800,'6-1',600,,753231,11,,,1,38,,753234,11,,,1,100,,753233,11,,,1,90,,753254,11,,,1,100,,753258,11,,,1,30,,753242,11,,,1,70,,753244,11,,,1,30,,753240,11,,,1,70,,753256,11,,,1,30,,753238,11,,,1,70,,753241,11,,,1,30,,753235,11,,,1,70,,753237,11,,,1,30,,753236,11,,,1,70,,753239,11,,,1,30,,753251,11,,,1,70,,753245,11,,,1,30,,753243,11,,,1,70,,753246,11,,,1,30,,753255,11,,,1,70,,753230,11,,,1,30,,753249,11,,,1,70,,753248,11,,,1,30,,753252,11,,,1,70,,753257,11,,,1,30,,753232,11,,,1,70,,753229,11,0,145 146,1,30,,753253,11,0,145 146,1,100,,753250,11,0,145 146,1,100,,753247,11,0,145 146,1,100,,753259,11,0,145 146,1
800,'7-1',600,,753262,11,,,1,38,,753265,11,,,1,100,,753264,11,,,1,90,,753285,11,,,1,100,,753289,11,,,1,30,,753273,11,,,1,70,,753275,11,,,1,30,,753271,11,,,1,70,,753287,11,,,1,30,,753269,11,,,1,70,,753272,11,,,1,30,,753266,11,,,1,70,,753268,11,,,1,30,,753267,11,,,1,70,,753270,11,,,1,30,,753282,11,,,1,70,,753276,11,,,1,30,,753274,11,,,1,70,,753277,11,,,1,30,,753286,11,,,1,70,,753261,11,,,1,30,,753280,11,,,1,70,,753279,11,,,1,30,,753283,11,,,1,70,,753288,11,,,1,30,,753263,11,,,1,70,,753260,11,0,145 146,1,30,,753284,11,0,145 146,1,100,,753281,11,0,145 146,1,100,,753278,11,0,145 146,1,100,,753290,11,0,145 146,1
800,'8-1',456,,753322,11,0,145 146,1,97,,753293,11,,,1,70,,753311,11,,,1,30,,753325,11,,,1,70,,753300,11,,,1,30,,753298,11,,,1,71,,753296,11,,,1,28,,753315,11,,,1,70,,753320,11,,,1,30,,753303,11,,,1,70,,753327,11,,,1,30,,753316,11,,,1,70,,753319,11,,,1,30,,753317,11,,,1,70,,753304,11,,,1,31,,753308,11,,,1,70,,753291,11,,,1,30,,753312,11,,,1,70,,753321,11,,,1,31,,753292,11,,,1,70,,753306,11,,,1,30,,753305,11,,,1,69,,753310,11,,,1,30,,753294,11,,,1,70,,753309,11,,,1,30,,753307,11,,,1,71,,753301,11,,,1,29,,753326,11,,,1,70,,753302,11,,,1,30,,753313,11,0,145 146,1,70,,753323,11,0,145 146,1,30,,753314,11,0,145 146,1,70,,753318,11,0,145 146,1,30,,753295,11,0,145 146,1,70,,753299,11,0,145 146,1,100,,753297,11,0,145 146,1,108,,753324,11,0,145 146,1
800,'9-1',548,,753341,11,,,1,100,,753346,11,,,1,100,,753351,11,,,1,70,,753360,11,,,1,30,,753345,11,,,1,70,,753343,15,,,1,30,,753347,15,,,1,70,,753335,15,,,1,30,,753331,15,,,1,70,,753328,15,,,1,30,,753355,15,,,1,70,,753344,15,,,1,30,,753340,15,,,1,70,,753336,15,,,1,30,,753361,15,,,1,70,,753329,15,,,1,30,,753349,15,,,1,70,,753337,15,,,1,30,,753330,15,,,1,70,,753352,15,,,1,30,,753354,15,,,1,70,,753350,15,,,1,30,,753348,11,,,1,70,,753357,11,,,1,30,,753334,11,,,1,70,,753359,11,,,1,30,,753332,11,,,1,70,,753342,11,0,145 146,1,30,,753356,11,0,145 146,1,70,,753339,11,0,145 146,1,30,,753333,11,0,145 146,1,100,,753353,11,0,145 146,1,100,,753358,11,0,145 146,1,100,,753338,11,0,145 146,1
1300,'11-1',624,,758406,8,,,1,14,,758390,8,,,1,15,,758386,8,,,1,55,,758394,8,,,1,15,,758384,8,,,1,15,,758407,8,,,1,3,,758402,8,0,145 146,1,12,,758382,8,,,1,55,,758400,8,0,145 146,1,1,,758381,8,,,1,3,,758385,8,0,145 146,1,1,,758388,8,0,145 146,1,11,,758408,8,0,145 146,1,0,,758392,8,,,1,6,,758375,8,0,145 146,1,9,,758403,8,,,1,15,,758396,8,,,1,55,,758373,8,,,1,15,,758389,8,,,1,529,,758379,8,,,1,54,,758391,8,,,1,16,,758387,8,,,1,15,,758404,8,,,1,15,,758409,8,,,1,55,,758398,8,,,1,15,,758397,8,,,1,15,,758401,8,,,1,15,,758376,8,,,1,55,,758374,8,,,1,16,,758383,8,,,1,16,,758399,8,,,1,16,,758395,8,,,1,55,,758377,8,,,1,15,,758380,8,,,1,15,,758405,8,,,1,15,,758378,8,,,1,55,,758393,8,,,1
1300,'3-1',624,,758443,8,,,1,14,,758427,8,,,1,15,,758423,8,,,1,55,,758431,8,,,1,15,,758421,8,,,1,15,,758444,8,,,1,3,,758439,8,0,145 146,1,12,,758419,8,,,1,55,,758437,8,0,145 146,1,1,,758418,8,,,1,3,,758422,8,0,145 146,1,1,,758425,8,0,145 146,1,11,,758445,8,0,145 146,1,0,,758429,8,,,1,6,,758412,8,0,145 146,1,9,,758440,8,,,1,15,,758433,8,,,1,55,,758410,8,,,1,15,,758426,8,,,1,529,,758416,8,,,1,54,,758428,8,,,1,16,,758424,8,,,1,15,,758441,8,,,1,15,,758446,8,,,1,55,,758435,8,,,1,15,,758434,8,,,1,15,,758438,8,,,1,15,,758413,8,,,1,55,,758411,8,,,1,16,,758420,8,,,1,16,,758436,8,,,1,16,,758432,8,,,1,55,,758414,8,,,1,15,,758417,8,,,1,15,,758442,8,,,1,15,,758415,8,,,1,55,,758430,8,,,1
1300,'4-1',624,,758480,8,,,1,14,,758464,8,,,1,15,,758460,8,,,1,55,,758468,8,,,1,15,,758458,8,,,1,15,,758481,8,,,1,3,,758476,8,0,145 146,1,12,,758456,8,,,1,55,,758474,8,0,145 146,1,1,,758455,8,,,1,3,,758459,8,0,145 146,1,1,,758462,8,0,145 146,1,11,,758482,8,0,145 146,1,0,,758466,8,,,1,6,,758449,8,0,145 146,1,9,,758477,8,,,1,15,,758470,8,,,1,55,,758447,8,,,1,15,,758463,8,,,1,529,,758453,8,,,1,54,,758465,8,,,1,16,,758461,8,,,1,15,,758478,8,,,1,15,,758483,8,,,1,55,,758472,8,,,1,15,,758471,8,,,1,15,,758475,8,,,1,15,,758450,8,,,1,55,,758448,8,,,1,16,,758457,8,,,1,16,,758473,8,,,1,16,,758469,8,,,1,55,,758451,8,,,1,15,,758454,8,,,1,15,,758479,8,,,1,15,,758452,8,,,1,55,,758467,8,,,1
1300,'5-1',624,,758517,8,,,1,14,,758501,8,,,1,15,,758497,8,,,1,55,,758505,8,,,1,15,,758495,8,,,1,15,,758518,8,,,1,3,,758513,8,0,145 146,1,12,,758493,8,,,1,55,,758511,8,0,145 146,1,1,,758492,8,,,1,3,,758496,8,0,145 146,1,1,,758499,8,0,145 146,1,11,,758519,8,0,145 146,1,0,,758503,8,,,1,6,,758486,8,0,145 146,1,9,,758514,8,,,1,15,,758507,8,,,1,55,,758484,8,,,1,15,,758500,8,,,1,529,,758490,8,,,1,54,,758502,8,,,1,16,,758498,8,,,1,15,,758515,8,,,1,15,,758520,8,,,1,55,,758509,8,,,1,15,,758508,8,,,1,15,,758512,8,,,1,15,,758487,8,,,1,55,,758485,8,,,1,16,,758494,8,,,1,16,,758510,8,,,1,16,,758506,8,,,1,55,,758488,8,,,1,15,,758491,8,,,1,15,,758516,8,,,1,15,,758489,8,,,1,55,,758504,8,,,1
1300,'8-1',624,,758554,8,,,1,14,,758538,8,,,1,15,,758534,8,,,1,55,,758542,8,,,1,15,,758532,8,,,1,15,,758555,8,,,1,3,,758550,8,0,145 146,1,12,,758530,8,,,1,55,,758548,8,0,145 146,1,1,,758529,8,,,1,3,,758533,8,0,145 146,1,1,,758536,8,0,145 146,1,11,,758556,8,0,145 146,1,0,,758540,8,,,1,6,,758523,8,0,145 146,1,9,,758551,8,,,1,15,,758544,8,,,1,55,,758521,8,,,1,15,,758537,8,,,1,529,,758527,8,,,1,54,,758539,8,,,1,16,,758535,8,,,1,15,,758552,8,,,1,15,,758557,8,,,1,55,,758546,8,,,1,15,,758545,8,,,1,15,,758549,8,,,1,15,,758524,8,,,1,55,,758522,8,,,1,16,,758531,8,,,1,16,,758547,8,,,1,16,,758543,8,,,1,55,,758525,8,,,1,15,,758528,8,,,1,15,,758553,8,,,1,15,,758526,8,,,1,55,,758541,8,,,1
