6801,'1-1',708,,787273,37,,,1,30,,787271,37,,,1,70,,787291,37,,,1,33,,787274,37,,,1,71,,787302,37,,,1,30,,787303,37,,,1,70,,787288,37,,,1,30,,787289,37,,,1,71,,787286,37,,,1,31,,787294,37,,,1,70,,787301,37,,,1,15,,787307,37,,,1,15,,787304,37,,,1,15,,787295,37,,,1,55,,787267,37,,,1,15,,787298,37,,,1,15,,787297,37,,,1,15,,787275,37,,,1,55,,787285,37,,,1,15,,787268,37,,,1,15,,787292,37,,,1,15,,787290,37,,,1,55,,787272,37,,,1,15,,787282,37,,,1,15,,787284,37,,,1,15,,787263,37,,,1,55,,787279,37,,,1,15,,787276,37,,,1,15,,787281,37,,,1,15,,787260,37,,,1,55,,787300,37,,,1,15,,787305,37,,,1,15,,787265,37,,,1,15,,787266,37,,,1,55,,787293,37,,,1,15,,787287,37,,,1,15,,787269,37,,,1,15,,787283,37,,,1,55,,787261,37,,,1,30,,787262,37,,,1,70,,787278,37,,,1,29,,787310,37,,,1,70,,787309,37,,,1,30,,787277,37,,,1,70,,787264,37,,,1,28,,787308,37,,,1,70,,787296,37,,,1,30,,787299,37,,,1,70,,787280,37,,,1,30,,787270,37,,,1,70,,787306,37,,,1
6801,'10-1',705,,787315,37,,,1,30,,787314,37,,,1,70,,787338,37,,,1,33,,787345,37,,,1,70,,787333,37,,,1,30,,787321,37,,,1,70,,787332,37,,,1,30,,787347,37,,,1,70,,787352,37,,,1,30,,787348,37,,,1,21,,787316,37,,,1,60,,787326,37,,,1,20,,787313,37,,,1,20,,787341,37,,,1,60,,787329,37,,,1,20,,787323,37,,,1,20,,787344,37,,,1,60,,787330,37,,,1,20,,787327,37,,,1,20,,787320,37,,,1,60,,787339,37,,,1,20,,787324,37,,,1,20,,787322,37,,,1,60,,787312,37,,,1,20,,787337,37,,,1,20,,787317,37,,,1,60,,787335,37,,,1,20,,787349,37,,,1,20,,787328,37,,,1,67,,787319,37,,,1,30,,787350,37,,,1,70,,787325,37,,,1,30,,787343,37,,,1,70,,787334,37,,,1,29,,787331,37,,,1,70,,787346,37,,,1,30,,787336,37,,,1,70,,787342,37,,,1,28,,787311,37,,,1,70,,787340,37,,,1,30,,787318,37,,,1,70,,787351,37,,,1
6801,'11-1',509,,787423,42,,,1,30,,787393,42,,,1,72,,787365,42,,,1,34,,787373,37,,,1,62,,787379,37,,,1,16,,787377,37,,,1,15,,787358,37,,,1,19,,787401,37,,,1,66,,787419,37,,,1,17,,787391,37,,,1,61,,787354,37,,,1,20,,787361,37,,,1,20,,787371,37,,,1,15,,787381,37,,,1,55,,787395,37,,,1,14,,787424,37,,,1,15,,787399,37,,,1,15,,787400,37,,,1,55,,787372,37,,,1,15,,787394,37,,,1,16,,787370,37,,,1,17,,787386,37,,,1,55,,787376,37,,,1,15,,787398,37,,,1,15,,787359,37,,,1,16,,787404,37,,,1,56,,787382,37,,,1,15,,787417,37,,,1,15,,787362,37,,,1,55,,787387,37,,,1,15,,787369,37,,,1,19,,787413,37,,,1,15,,787384,37,,,1,53,,787368,37,,,1,17,,787425,37,,,1,15,,787402,37,,,1,13,,787353,37,,,1,76,,787406,37,,,1,23,,787363,37,,,1,64,,787397,37,,,1,24,,787420,37,,,1,20,,787392,37,,,1,65,,787412,37,,,1,23,,787410,37,,,1,12,,787422,37,,,1,52,,787390,37,,,1,18,,787418,37,,,1,19,,787378,37,,,1,58,,787411,37,,,1,20,,787415,37,,,1,20,,787407,37,,,1,60,,787374,37,,,1,20,,787405,37,,,1,20,,787380,37,,,1,60,,787366,37,,,1,19,,787408,37,,,1,18,,787375,37,,,1,20,,787385,37,,,1,60,,787389,37,,,1,16,,787396,37,,,1,23,,787403,37,,,1,65,,787383,37,,,1,30,,787367,37,,,1,71,,787416,37,,,1,29,,787388,37,,,1
6801,'12-1',705,,787430,37,,,1,30,,787429,37,,,1,70,,787453,37,,,1,33,,787460,37,,,1,70,,787448,37,,,1,30,,787436,37,,,1,70,,787447,37,,,1,30,,787462,37,,,1,70,,787467,37,,,1,30,,787463,37,,,1,21,,787431,37,,,1,60,,787441,37,,,1,20,,787428,37,,,1,20,,787456,37,,,1,60,,787444,37,,,1,20,,787438,37,,,1,20,,787459,37,,,1,60,,787445,37,,,1,20,,787442,37,,,1,20,,787435,37,,,1,60,,787454,37,,,1,20,,787439,37,,,1,20,,787437,37,,,1,60,,787427,37,,,1,20,,787452,37,,,1,20,,787432,37,,,1,60,,787450,37,,,1,20,,787464,37,,,1,20,,787443,37,,,1,67,,787434,37,,,1,30,,787465,37,,,1,70,,787440,37,,,1,30,,787458,37,,,1,70,,787449,37,,,1,29,,787446,37,,,1,70,,787461,37,,,1,30,,787451,37,,,1,70,,787457,37,,,1,28,,787426,37,,,1,70,,787455,37,,,1,30,,787433,37,,,1,70,,787466,37,,,1
6801,'2-1',705,,787472,37,,,1,30,,787471,37,,,1,70,,787495,37,,,1,33,,787502,37,,,1,70,,787490,37,,,1,30,,787478,37,,,1,70,,787489,37,,,1,30,,787504,37,,,1,70,,787509,37,,,1,30,,787505,37,,,1,21,,787473,37,,,1,60,,787483,37,,,1,20,,787470,37,,,1,20,,787498,37,,,1,60,,787486,37,,,1,20,,787480,37,,,1,20,,787501,37,,,1,60,,787487,37,,,1,20,,787484,37,,,1,20,,787477,37,,,1,60,,787496,37,,,1,20,,787481,37,,,1,20,,787479,37,,,1,60,,787469,37,,,1,20,,787494,37,,,1,20,,787474,37,,,1,60,,787492,37,,,1,20,,787506,37,,,1,20,,787485,37,,,1,67,,787476,37,,,1,30,,787507,37,,,1,70,,787482,37,,,1,30,,787500,37,,,1,70,,787491,37,,,1,29,,787488,37,,,1,70,,787503,37,,,1,30,,787493,37,,,1,70,,787499,37,,,1,28,,787468,37,,,1,70,,787497,37,,,1,30,,787475,37,,,1,70,,787508,37,,,1
6801,'3-1',509,,787580,42,,,1,30,,787550,42,,,1,72,,787522,42,,,1,34,,787530,37,,,1,62,,787536,37,,,1,16,,787534,37,,,1,15,,787515,37,,,1,19,,787558,37,,,1,66,,787576,37,,,1,17,,787548,37,,,1,61,,787511,37,,,1,20,,787518,37,,,1,20,,787528,37,,,1,15,,787538,37,,,1,55,,787552,37,,,1,14,,787581,37,,,1,15,,787556,37,,,1,15,,787557,37,,,1,55,,787529,37,,,1,15,,787551,37,,,1,16,,787527,37,,,1,17,,787543,37,,,1,55,,787533,37,,,1,15,,787555,37,,,1,15,,787516,37,,,1,16,,787561,37,,,1,56,,787539,37,,,1,15,,787574,37,,,1,15,,787519,37,,,1,55,,787544,37,,,1,15,,787526,37,,,1,19,,787570,37,,,1,15,,787541,37,,,1,53,,787525,37,,,1,17,,787582,37,,,1,15,,787559,37,,,1,13,,787510,37,,,1,76,,787563,37,,,1,23,,787520,37,,,1,64,,787554,37,,,1,24,,787577,37,,,1,20,,787549,37,,,1,65,,787569,37,,,1,23,,787567,37,,,1,12,,787579,37,,,1,52,,787547,37,,,1,18,,787575,37,,,1,19,,787535,37,,,1,58,,787568,37,,,1,20,,787572,37,,,1,20,,787564,37,,,1,60,,787531,37,,,1,20,,787562,37,,,1,20,,787537,37,,,1,60,,787523,37,,,1,19,,787565,37,,,1,18,,787532,37,,,1,20,,787542,37,,,1,60,,787546,37,,,1,16,,787553,37,,,1,23,,787560,37,,,1,65,,787540,37,,,1,30,,787524,37,,,1,71,,787573,37,,,1,29,,787545,37,,,1
6801,'4-1',509,,787653,42,,,1,30,,787623,42,,,1,72,,787595,42,,,1,34,,787603,37,,,1,62,,787609,37,,,1,16,,787607,37,,,1,15,,787588,37,,,1,19,,787631,37,,,1,66,,787649,37,,,1,17,,787621,37,,,1,61,,787584,37,,,1,20,,787591,37,,,1,20,,787601,37,,,1,15,,787611,37,,,1,55,,787625,37,,,1,14,,787654,37,,,1,15,,787629,37,,,1,15,,787630,37,,,1,55,,787602,37,,,1,15,,787624,37,,,1,16,,787600,37,,,1,17,,787616,37,,,1,55,,787606,37,,,1,15,,787628,37,,,1,15,,787589,37,,,1,16,,787634,37,,,1,56,,787612,37,,,1,15,,787647,37,,,1,15,,787592,37,,,1,55,,787617,37,,,1,15,,787599,37,,,1,19,,787643,37,,,1,15,,787614,37,,,1,53,,787598,37,,,1,17,,787655,37,,,1,15,,787632,37,,,1,13,,787583,37,,,1,76,,787636,37,,,1,23,,787593,37,,,1,64,,787627,37,,,1,24,,787650,37,,,1,20,,787622,37,,,1,65,,787642,37,,,1,23,,787640,37,,,1,12,,787652,37,,,1,52,,787620,37,,,1,18,,787648,37,,,1,19,,787608,37,,,1,58,,787641,37,,,1,20,,787645,37,,,1,20,,787637,37,,,1,60,,787604,37,,,1,20,,787635,37,,,1,20,,787610,37,,,1,60,,787596,37,,,1,19,,787638,37,,,1,18,,787605,37,,,1,20,,787615,37,,,1,60,,787619,37,,,1,16,,787626,37,,,1,23,,787633,37,,,1,65,,787613,37,,,1,30,,787597,37,,,1,71,,787646,37,,,1,29,,787618,37,,,1
6801,'5-1',509,,787726,42,,,1,30,,787696,42,,,1,72,,787668,42,,,1,34,,787676,37,,,1,62,,787682,37,,,1,16,,787680,37,,,1,15,,787661,37,,,1,19,,787704,37,,,1,66,,787722,37,,,1,17,,787694,37,,,1,61,,787657,37,,,1,20,,787664,37,,,1,20,,787674,37,,,1,15,,787684,37,,,1,55,,787698,37,,,1,14,,787727,37,,,1,15,,787702,37,,,1,15,,787703,37,,,1,55,,787675,37,,,1,15,,787697,37,,,1,16,,787673,37,,,1,17,,787689,37,,,1,55,,787679,37,,,1,15,,787701,37,,,1,15,,787662,37,,,1,16,,787707,37,,,1,56,,787685,37,,,1,15,,787720,37,,,1,15,,787665,37,,,1,55,,787690,37,,,1,15,,787672,37,,,1,19,,787716,37,,,1,15,,787687,37,,,1,53,,787671,37,,,1,17,,787728,37,,,1,15,,787705,37,,,1,13,,787656,37,,,1,76,,787709,37,,,1,23,,787666,37,,,1,64,,787700,37,,,1,24,,787723,37,,,1,20,,787695,37,,,1,65,,787715,37,,,1,23,,787713,37,,,1,12,,787725,37,,,1,52,,787693,37,,,1,18,,787721,37,,,1,19,,787681,37,,,1,58,,787714,37,,,1,20,,787718,37,,,1,20,,787710,37,,,1,60,,787677,37,,,1,20,,787708,37,,,1,20,,787683,37,,,1,60,,787669,37,,,1,19,,787711,37,,,1,18,,787678,37,,,1,20,,787688,37,,,1,60,,787692,37,,,1,16,,787699,37,,,1,23,,787706,37,,,1,65,,787686,37,,,1,30,,787670,37,,,1,71,,787719,37,,,1,29,,787691,37,,,1
6801,'6-1',705,,787765,37,,,1,30,,787740,37,,,1,70,,787731,37,,,1,33,,787760,37,,,1,70,,787736,37,,,1,30,,787732,37,,,1,70,,787755,37,,,1,30,,787751,37,,,1,70,,787762,37,,,1,30,,787756,37,,,1,21,,787770,37,,,1,60,,787769,37,,,1,20,,787734,37,,,1,20,,787757,37,,,1,60,,787754,37,,,1,20,,787745,37,,,1,20,,787764,37,,,1,60,,787733,37,,,1,20,,787749,37,,,1,20,,787744,37,,,1,60,,787729,37,,,1,20,,787753,37,,,1,20,,787739,37,,,1,60,,787742,37,,,1,20,,787766,37,,,1,20,,787768,37,,,1,60,,787750,37,,,1,20,,787741,37,,,1,20,,787743,37,,,1,67,,787735,37,,,1,30,,787746,37,,,1,70,,787730,37,,,1,30,,787747,37,,,1,70,,787758,37,,,1,29,,787761,37,,,1,70,,787759,37,,,1,30,,787763,37,,,1,70,,787737,37,,,1,28,,787752,37,,,1,70,,787738,37,,,1,30,,787767,37,,,1,70,,787748,37,,,1
6801,'7-1',705,,787807,37,,,1,30,,787782,37,,,1,70,,787773,37,,,1,33,,787802,37,,,1,70,,787778,37,,,1,30,,787774,37,,,1,70,,787797,37,,,1,30,,787793,37,,,1,70,,787804,37,,,1,30,,787798,37,,,1,21,,787812,37,,,1,60,,787811,37,,,1,20,,787776,37,,,1,20,,787799,37,,,1,60,,787796,37,,,1,20,,787787,37,,,1,20,,787806,37,,,1,60,,787775,37,,,1,20,,787791,37,,,1,20,,787786,37,,,1,60,,787771,37,,,1,20,,787795,37,,,1,20,,787781,37,,,1,60,,787784,37,,,1,20,,787808,37,,,1,20,,787810,37,,,1,60,,787792,37,,,1,20,,787783,37,,,1,20,,787785,37,,,1,67,,787777,37,,,1,30,,787788,37,,,1,70,,787772,37,,,1,30,,787789,37,,,1,70,,787800,37,,,1,29,,787803,37,,,1,70,,787801,37,,,1,30,,787805,37,,,1,70,,787779,37,,,1,28,,787794,37,,,1,70,,787780,37,,,1,30,,787809,37,,,1,70,,787790,37,,,1
6801,'8-1',509,,787883,42,,,1,30,,787853,42,,,1,72,,787825,42,,,1,34,,787833,37,,,1,62,,787839,37,,,1,16,,787837,37,,,1,15,,787818,37,,,1,19,,787861,37,,,1,66,,787879,37,,,1,17,,787851,37,,,1,61,,787814,37,,,1,20,,787821,37,,,1,20,,787831,37,,,1,15,,787841,37,,,1,55,,787855,37,,,1,14,,787884,37,,,1,15,,787859,37,,,1,15,,787860,37,,,1,55,,787832,37,,,1,15,,787854,37,,,1,16,,787830,37,,,1,17,,787846,37,,,1,55,,787836,37,,,1,15,,787858,37,,,1,15,,787819,37,,,1,16,,787864,37,,,1,56,,787842,37,,,1,15,,787877,37,,,1,15,,787822,37,,,1,55,,787847,37,,,1,15,,787829,37,,,1,19,,787873,37,,,1,15,,787844,37,,,1,53,,787828,37,,,1,17,,787885,37,,,1,15,,787862,37,,,1,13,,787813,37,,,1,76,,787866,37,,,1,23,,787823,37,,,1,64,,787857,37,,,1,24,,787880,37,,,1,20,,787852,37,,,1,65,,787872,37,,,1,23,,787870,37,,,1,12,,787882,37,,,1,52,,787850,37,,,1,18,,787878,37,,,1,19,,787838,37,,,1,58,,787871,37,,,1,20,,787875,37,,,1,20,,787867,37,,,1,60,,787834,37,,,1,20,,787865,37,,,1,20,,787840,37,,,1,60,,787826,37,,,1,19,,787868,37,,,1,18,,787835,37,,,1,20,,787845,37,,,1,60,,787849,37,,,1,16,,787856,37,,,1,23,,787863,37,,,1,65,,787843,37,,,1,30,,787827,37,,,1,71,,787876,37,,,1,29,,787848,37,,,1
6801,'9-1',708,,787904,37,,,1,30,,787906,37,,,1,70,,787911,37,,,1,33,,787916,37,,,1,71,,787931,37,,,1,30,,787889,37,,,1,70,,787923,37,,,1,30,,787897,37,,,1,71,,787907,37,,,1,31,,787918,37,,,1,70,,787900,37,,,1,15,,787913,37,,,1,15,,787925,37,,,1,15,,787891,37,,,1,55,,787895,37,,,1,15,,787934,37,,,1,15,,787914,37,,,1,15,,787890,37,,,1,55,,787920,37,,,1,15,,787933,37,,,1,15,,787909,37,,,1,15,,787928,37,,,1,55,,787935,37,,,1,15,,787921,37,,,1,15,,787929,37,,,1,15,,787894,37,,,1,55,,787896,37,,,1,15,,787917,37,,,1,15,,787905,37,,,1,15,,787888,37,,,1,55,,787936,37,,,1,15,,787899,37,,,1,15,,787903,37,,,1,15,,787887,37,,,1,55,,787930,37,,,1,15,,787901,37,,,1,15,,787892,37,,,1,15,,787919,37,,,1,55,,787926,37,,,1,30,,787898,37,,,1,70,,787927,37,,,1,29,,787910,37,,,1,70,,787924,37,,,1,30,,787915,37,,,1,70,,787912,37,,,1,28,,787886,37,,,1,70,,787902,37,,,1,30,,787893,37,,,1,70,,787932,37,,,1,30,,787922,37,,,1,70,,787908,37,,,1
64601,'11-1',1641,,814717,85,,,1
64601,'3-1',1641,,814719,85,,,1
64601,'4-1',1641,,814721,85,,,1
64601,'5-1',1641,,814723,85,,,1
64601,'8-1',1641,,814725,85,,,1
