6801,'1-1',459,,508327,25,,,1,70,,508375,25,,,1,72,,508346,25,,,1,956,,508368,25,0,59 60,1,63,,508352,25,0,59 60,1,26,,508370,25,0,59 60,1,60,,508371,25,0,59 60,1,47,,508328,25,0,59 60,1,65,,508366,25,0,59 60,1
6801,'5-1',459,,508533,25,,,1,70,,508581,25,,,1,72,,508552,25,,,1,956,,508574,25,0,59 60,1,63,,508558,25,0,59 60,1,26,,508576,25,0,59 60,1,60,,508577,25,0,59 60,1,47,,508534,25,0,59 60,1,65,,508572,25,0,59 60,1
6801,'7-1',459,,508645,25,,,1,70,,508693,25,,,1,72,,508664,25,,,1,956,,508686,25,0,59 60,1,63,,508670,25,0,59 60,1,26,,508688,25,0,59 60,1,60,,508689,25,0,59 60,1,47,,508646,25,0,59 60,1,65,,508684,25,0,59 60,1
6801,'8-1',459,,508715,25,,,1,70,,508763,25,,,1,72,,508734,25,,,1,956,,508756,25,0,59 60,1,63,,508740,25,0,59 60,1,26,,508758,25,0,59 60,1,60,,508759,25,0,59 60,1,47,,508716,25,0,59 60,1,65,,508754,25,0,59 60,1
6801,'9-1',459,,508785,25,,,1,70,,508833,25,,,1,72,,508804,25,,,1,956,,508826,25,0,59 60,1,63,,508810,25,0,59 60,1,26,,508828,25,0,59 60,1,60,,508829,25,0,59 60,1,47,,508786,25,0,59 60,1,65,,508824,25,0,59 60,1
25600,'1-1',537,,529695,37,,,1,75,,529692,37,,,1,29,,529694,37,,,1,68,,529693,37,,,1,30,,529696,37,,,1,68,,529697,37,,,1,31,,529691,37,,,1
25600,'5-1',537,,529702,37,,,1,75,,529699,37,,,1,29,,529701,37,,,1,68,,529700,37,,,1,30,,529703,37,,,1,68,,529704,37,,,1,31,,529698,37,,,1
25600,'7-1',537,,529709,37,,,1,75,,529706,37,,,1,29,,529708,37,,,1,68,,529707,37,,,1,30,,529710,37,,,1,68,,529711,37,,,1,31,,529705,37,,,1
25600,'8-1',537,,529716,37,,,1,75,,529713,37,,,1,29,,529715,37,,,1,68,,529714,37,,,1,30,,529717,37,,,1,68,,529718,37,,,1,31,,529712,37,,,1
25600,'9-1',537,,529723,37,,,1,75,,529720,37,,,1,29,,529722,37,,,1,68,,529721,37,,,1,30,,529724,37,,,1,68,,529725,37,,,1,31,,529719,37,,,1
