8601,'CanDay26-Sunday-11-1',809,,470329,24,0,21 2 22,1,100,,470330,24,0,21 2 22,1,30,,470331,24,0,21 2 22,1,72,,470332,24,0,21 2 22,1,30,,470333,24,0,21 2 22,1,15,,470343,24,0,21 2 22,1,55,,470344,24,0,21 2 22,1,15,,470345,24,0,21 2 22,1,15,,470346,24,0,21 2 22,1,15,,470347,24,0,21 2 22,1,55,,470348,24,0,21 2 22,1,15,,470349,24,0,21 2 22,1,15,,470350,24,0,21 2 22,1,15,,470351,24,0,21 2 22,1,55,,470352,24,0,21 2 22,1,15,,470353,24,0,21 2 22,1,15,,470354,24,0,21 2 22,1,15,,470355,24,0,21 2 22,1,55,,470356,24,0,21 2 22,1,15,,470357,24,0,21 2 22,1,15,,470358,24,0,21 2 22,1,15,,470359,24,0,21 2 22,1,55,,470360,24,0,21 2 22,1,15,,470361,24,0,21 2 22,1,15,,470362,24,0,21 2 22,1,15,,470363,24,0,21 2 22,1,55,,470364,24,0,21 2 22,1,15,,470365,24,0,21 2 22,1,15,,470366,24,0,21 2 22,1,15,,470367,24,0,21 2 22,1,55,,470368,24,0,21 2 22,1,15,,470369,24,0,21 2 22,1,15,,470370,24,0,21 2 22,1,15,,470371,24,0,21 2 22,1,55,,470372,24,0,21 2 22,1,15,,470373,24,0,21 2 22,1,15,,470374,24,0,21 2 22,1,15,,470375,24,0,21 2 22,1,55,,470376,24,0,21 2 22,1,15,,470377,24,0,21 2 22,1,15,,470378,24,0,21 2 22,1,15,,470379,24,0,21 2 22,1,55,,470380,24,0,21 2 22,1,28,,470334,24,0,21 2 22,1,70,,470335,24,0,21 2 22,1,30,,470336,24,0,21 2 22,1,70,,470337,24,0,21 2 22,1,30,,470340,24,0,21 2 22,1,70,,470338,24,0,21 2 22,1,100,,470339,24,0,21 2 22,1,100,,470341,24,0,21 2 22,1,100,,470342,24,0,21 2 22,1
8601,'CivHol26-Saturday-06-1',707,,470381,24,0,21 2 22,1,30,,470382,24,0,21 2 22,1,100,,470383,24,0,21 2 22,1,100,,470384,24,0,21 2 22,1,72,,470385,24,0,21 2 22,1,30,,470386,24,0,21 2 22,1,70,,470387,24,0,21 2 22,1,30,,470388,24,0,21 2 22,1,70,,470389,24,0,21 2 22,1,30,,470390,24,0,21 2 22,1,70,,470391,24,0,21 2 22,1,30,,470392,24,0,21 2 22,1,70,,470393,24,0,21 2 22,1,30,,470394,24,0,21 2 22,1,70,,470395,24,0,21 2 22,1,30,,470396,24,0,21 2 22,1,70,,470397,24,0,21 2 22,1,30,,470398,24,0,21 2 22,1,70,,470399,24,0,21 2 22,1,30,,470400,24,0,21 2 22,1,70,,470401,24,0,21 2 22,1,30,,470402,24,0,21 2 22,1,70,,470403,24,0,21 2 22,1,30,,470404,24,0,21 2 22,1,70,,470405,24,0,21 2 22,1,28,,470406,24,0,21 2 22,1,70,,470407,24,0,21 2 22,1,30,,470408,24,0,21 2 22,1,70,,470409,24,0,21 2 22,1,100,,470410,24,0,21 2 22,1,100,,470411,24,0,21 2 22,1
8601,'JUNDA26-Weekday-05-1',540,,470412,24,0,21 2 22,1,70,,470457,24,0,21 2 22,1,15,,470413,24,0,21 2 22,1,13,,470414,24,0,11 2 12,1,17,,470415,24,0,21 2 22,1,54,,470416,24,0,11 2 12,1,19,,470456,24,0,21 2 22,1,11,,470417,24,0,11 2 12,1,19,,470418,24,0,21 2 22,1,54,,470419,24,0,11 2 12,1,18,,470420,24,0,21 2 22,1,13,,470421,24,0,11 2 12,1,16,,470422,24,0,21 2 22,1,53,,470424,24,0,11 2 12,1,32,,470425,24,0,21 2 22,1,70,,470426,24,0,21 2 22,1,30,,470427,24,0,21 2 22,1,70,,470428,24,0,21 2 22,1,30,,470429,24,0,21 2 22,1,70,,470430,24,0,21 2 22,1,30,,470431,24,0,21 2 22,1,70,,470432,24,0,21 2 22,1,30,,470433,24,0,21 2 22,1,70,,470434,24,0,21 2 22,1,30,,470459,24,0,21 2 22,1,72,,470423,24,0,21 2 22,1,13,,470435,24,0,11 2 12,1,17,,470458,24,0,21 2 22,1,13,,470436,24,0,11 2 12,1,57,,470437,24,0,21 2 22,1,14,,470438,24,0,11 2 12,1,19,,470439,24,0,21 2 22,1,68,,470440,24,0,21 2 22,1,14,,470441,24,0,11 2 12,1,18,,470442,24,0,21 2 22,1,52,,470443,24,0,11 2 12,1,16,,470444,24,0,21 2 22,1,95,,470445,24,0,21 2 22,1,30,,470446,24,0,21 2 22,1,70,,470447,24,0,21 2 22,1,30,,470448,24,0,21 2 22,1,70,,470449,24,0,21 2 22,1,30,,470450,24,0,21 2 22,1,70,,470451,24,0,21 2 22,1,30,,470452,24,0,21 2 22,1,70,,470453,24,0,21 2 22,1,28,,470454,24,0,21 2 22,1,110,,470455,24,0,21 2 22,1
8601,'JUNSA26-Saturday-06-1',707,,470460,24,0,21 2 22,1,30,,470461,24,0,21 2 22,1,100,,470462,24,0,21 2 22,1,100,,470463,24,0,21 2 22,1,72,,470464,24,0,21 2 22,1,30,,470465,24,0,21 2 22,1,70,,470466,24,0,21 2 22,1,30,,470467,24,0,21 2 22,1,70,,470468,24,0,21 2 22,1,30,,470469,24,0,21 2 22,1,70,,470470,24,0,21 2 22,1,30,,470471,24,0,21 2 22,1,70,,470472,24,0,21 2 22,1,30,,470473,24,0,21 2 22,1,70,,470474,24,0,21 2 22,1,30,,470475,24,0,21 2 22,1,70,,470476,24,0,21 2 22,1,30,,470477,24,0,21 2 22,1,70,,470478,24,0,21 2 22,1,30,,470479,24,0,21 2 22,1,70,,470480,24,0,21 2 22,1,30,,470481,24,0,21 2 22,1,70,,470482,24,0,21 2 22,1,30,,470483,24,0,21 2 22,1,70,,470484,24,0,21 2 22,1,28,,470485,24,0,21 2 22,1,70,,470486,24,0,21 2 22,1,30,,470487,24,0,21 2 22,1,70,,470488,24,0,21 2 22,1,100,,470489,24,0,21 2 22,1,100,,470490,24,0,21 2 22,1
8601,'JUNSU26-Sunday-04-1',809,,470491,24,0,21 2 22,1,100,,470492,24,0,21 2 22,1,30,,470493,24,0,21 2 22,1,72,,470494,24,0,21 2 22,1,30,,470495,24,0,21 2 22,1,70,,470496,24,0,21 2 22,1,30,,470497,24,0,21 2 22,1,70,,470498,24,0,21 2 22,1,100,,470499,24,0,21 2 22,1,30,,470500,24,0,21 2 22,1,70,,470501,24,0,21 2 22,1,30,,470502,24,0,21 2 22,1,70,,470503,24,0,21 2 22,1,30,,470504,24,0,21 2 22,1,70,,470505,24,0,21 2 22,1,30,,470506,24,0,21 2 22,1,70,,470507,24,0,21 2 22,1,30,,470508,24,0,21 2 22,1,70,,470509,24,0,21 2 22,1,30,,470510,24,0,21 2 22,1,70,,470511,24,0,21 2 22,1,100,,470512,24,0,21 2 22,1,28,,470513,24,0,21 2 22,1,70,,470514,24,0,21 2 22,1,30,,470515,24,0,21 2 22,1,70,,470516,24,0,21 2 22,1,100,,470517,24,0,21 2 22,1,100,,470518,24,0,21 2 22,1
11200,'CanDay26-Sunday-11-1',707,,474038,26,,,1,100,,474039,26,,,1,100,,474040,26,,,1,32,,474041,26,,,1,70,,474042,26,,,1,30,,474043,26,,,1,70,,474044,26,,,1,31,,474045,26,,,1,70,,474046,26,,,1,30,,474047,26,,,1,70,,474048,26,,,1,30,,474049,26,,,1,70,,474050,26,,,1,30,,474051,26,,,1,70,,474052,26,,,1,30,,474053,26,,,1,70,,474054,26,,,1,30,,474055,26,,,1,70,,474056,26,,,1,30,,474057,26,,,1,70,,474058,26,,,1,30,,474059,26,,,1,70,,474060,26,,,1,30,,474061,26,,,1,70,,474062,26,,,1,29,,474063,26,,,1,70,,474064,26,,,1,30,,474065,26,,,1,99,,474066,26,,,1,70,,474067,26,,,1,100,,474068,26,,,1,100,,474069,26,,,1
11200,'CivHol26-Saturday-06-1',618,,474070,26,,,1,100,,474071,26,,,1,100,,474072,26,,,1,30,,474073,26,,,1,72,,474074,26,,,1,30,,474075,26,,,1,70,,474076,26,,,1,30,,474077,26,,,1,71,,474078,26,,,1,30,,474079,26,,,1,70,,474080,26,,,1,30,,474081,26,,,1,70,,474082,26,,,1,30,,474083,26,,,1,70,,474084,26,,,1,30,,474085,26,,,1,70,,474086,26,,,1,30,,474087,26,,,1,70,,474088,26,,,1,30,,474089,26,,,1,70,,474090,26,,,1,30,,474091,26,,,1,70,,474092,26,,,1,30,,474093,26,,,1,70,,474094,26,,,1,30,,474095,26,,,1,69,,474096,26,,,1,30,,474097,26,,,1,70,,474098,26,,,1,30,,474099,26,,,1,69,,474100,26,,,1,100,,474101,26,,,1,100,,474102,26,,,1
11200,'JUNDA26-Weekday-05-1',507,,474103,26,,,1,102,,474104,26,,,1,30,,474105,26,,,1,71,,474106,26,,,1,32,,474107,26,,,1,70,,474108,26,,,1,34,,474109,26,,,1,67,,474110,26,,,1,28,,474111,26,,,1,70,,474112,26,,,1,31,,474113,26,,,1,70,,474114,26,,,1,30,,474115,26,,,1,70,,474116,26,,,1,30,,474117,26,,,1,70,,474118,26,,,1,30,,474119,26,,,1,70,,474120,26,,,1,32,,474121,26,,,1,70,,474122,26,,,1,30,,474123,26,,,1,68,,474124,26,,,1,30,,474125,26,,,1,71,,474126,26,,,1,30,,474127,26,,,1,71,,474128,26,,,1,28,,474129,26,,,1,70,,474130,26,,,1,29,,474131,26,,,1,70,,474132,26,,,1,30,,474133,26,,,1,70,,474134,26,,,1,29,,474135,26,,,1,70,,474136,26,,,1,99,,474137,26,,,1
11200,'JUNSA26-Saturday-06-1',618,,474138,26,,,1,100,,474139,26,,,1,100,,474140,26,,,1,102,,474141,26,,,1,30,,474142,26,,,1,100,,474143,26,,,1,71,,474144,26,,,1,100,,474145,26,,,1,30,,474146,26,,,1,70,,474147,26,,,1,30,,474148,26,,,1,70,,474149,26,,,1,100,,474150,26,,,1,30,,474151,26,,,1,70,,474152,26,,,1,30,,474153,26,,,1,70,,474154,26,,,1,100,,474155,26,,,1,30,,474156,26,,,1,70,,474157,26,,,1,30,,474158,26,,,1,69,,474159,26,,,1,30,,474160,26,,,1,70,,474161,26,,,1,30,,474162,26,,,1,69,,474163,26,,,1,100,,474164,26,,,1,100,,474165,26,,,1
11200,'JUNSU26-Sunday-04-1',707,,474166,26,,,1,100,,474167,26,,,1,100,,474168,26,,,1,32,,474169,26,,,1,70,,474170,26,,,1,30,,474171,26,,,1,70,,474172,26,,,1,31,,474173,26,,,1,70,,474174,26,,,1,30,,474175,26,,,1,70,,474176,26,,,1,30,,474177,26,,,1,70,,474178,26,,,1,30,,474179,26,,,1,70,,474180,26,,,1,30,,474181,26,,,1,70,,474182,26,,,1,30,,474183,26,,,1,100,,474184,26,,,1,70,,474185,26,,,1,30,,474186,26,,,1,70,,474187,26,,,1,30,,474188,26,,,1,70,,474189,26,,,1,29,,474190,26,,,1,70,,474191,26,,,1,30,,474192,26,,,1,99,,474193,26,,,1,70,,474194,26,,,1
