1001,'1-1',549,,755104,10,0,82,1,70,,755117,10,0,82,1,30,,755094,10,0,82,1,71,,755108,21,0,82,1,35,,755107,21,0,82,1,71,,755106,21,0,82,1,30,,755096,21,,,1,70,,755097,21,,,1,30,,755116,21,,,1,71,,755085,21,,,1,30,,755100,21,,,1,70,,755087,21,,,1,30,,755090,21,,,1,70,,755091,21,,,1,30,,755110,21,,,1,70,,755083,21,,,1,30,,755103,21,,,1,70,,755105,21,,,1,30,,755080,21,,,1,70,,755089,21,,,1,30,,755092,21,,,1,70,,755102,21,,,1,30,,755093,21,,,1,70,,755115,21,,,1,30,,755112,21,,,1,70,,755114,21,,,1,30,,755099,21,,,1,70,,755088,21,,,1,30,,755101,21,,,1,70,,755084,21,,,1,30,,755118,21,,,1,70,,755095,21,,,1,30,,755111,21,,,1,69,,755086,21,,,1,30,,755081,21,,,1,65,,755082,21,0,82,1,28,,755113,21,0,82,1,70,,755109,21,0,82,1,30,,755098,21,0,82,1
1001,'10-1',555,,755119,10,0,82,1,70,,755127,10,0,82,1,30,,755153,10,0,82,1,70,,755130,21,0,82,1,30,,755145,21,0,82,1,73,,755154,21,,,1,30,,755137,21,,,1,70,,755142,21,,,1,30,,755141,21,,,1,71,,755126,21,,,1,30,,755120,21,,,1,70,,755121,21,,,1,30,,755148,21,,,1,70,,755149,21,,,1,30,,755129,21,,,1,70,,755134,21,,,1,30,,755128,21,,,1,70,,755123,21,,,1,30,,755151,21,,,1,70,,755152,21,,,1,30,,755140,21,,,1,70,,755131,21,,,1,30,,755146,21,,,1,70,,755147,21,,,1,30,,755143,21,,,1,70,,755138,21,,,1,30,,755125,21,0,82,1,70,,755122,21,0,82,1,28,,755139,21,0,82,1,72,,755136,21,0,82,1,30,,755135,21,0,82,1,70,,755124,21,0,82,1,30,,755150,21,0,82,1,69,,755133,21,0,82,1,30,,755144,21,0,82,1,70,,755132,21,0,82,1
1001,'11-1',542,,755172,21,0,82,1,71,,755201,21,,,1,37,,755174,21,,,1,55,,755169,21,0,82,1,15,,755191,21,,,1,15,,755211,21,0,82,1,16,,755187,21,,,1,54,,755167,21,0,82,1,16,,755161,21,,,1,18,,755207,21,0,82,1,12,,755194,21,,,1,54,,755177,21,0,82,1,14,,755202,21,,,1,15,,755160,21,0,82,1,15,,755190,21,,,1,55,,755181,21,0,82,1,15,,755158,21,,,1,15,,755157,21,0,82,1,15,,755192,21,,,1,55,,755198,21,0,82,1,14,,755178,21,,,1,15,,755212,21,0,82,1,15,,755197,21,,,1,55,,755166,21,0,82,1,15,,755156,21,,,1,15,,755205,21,0,82,1,15,,755176,21,,,1,55,,755185,21,0,82,1,16,,755155,21,,,1,16,,755206,21,0,82,1,15,,755196,21,,,1,56,,755162,21,0,82,1,16,,755173,21,,,1,15,,755184,21,0,82,1,13,,755179,21,,,1,57,,755193,21,0,82,1,16,,755175,21,,,1,15,,755210,21,0,82,1,15,,755163,21,,,1,56,,755213,21,0,82,1,14,,755170,21,,,1,15,,755168,21,0,82,1,15,,755159,21,,,1,55,,755203,21,0,82,1,15,,755183,21,,,1,15,,755200,21,0,82,1,17,,755208,21,,,1,54,,755195,21,0,82,1,26,,755209,21,,,1,70,,755180,21,,,1,30,,755186,21,,,1,70,,755164,21,,,1,30,,755165,21,,,1,70,,755188,21,,,1,29,,755189,21,,,1,70,,755171,21,,,1,29,,755204,21,,,1,68,,755182,21,,,1,27,,755199,21,,,1
1001,'12-1',555,,755214,10,0,82,1,70,,755222,10,0,82,1,30,,755248,10,0,82,1,70,,755225,21,0,82,1,30,,755240,21,0,82,1,73,,755249,21,,,1,30,,755232,21,,,1,70,,755237,21,,,1,30,,755236,21,,,1,71,,755221,21,,,1,30,,755215,21,,,1,70,,755216,21,,,1,30,,755243,21,,,1,70,,755244,21,,,1,30,,755224,21,,,1,70,,755229,21,,,1,30,,755223,21,,,1,70,,755218,21,,,1,30,,755246,21,,,1,70,,755247,21,,,1,30,,755235,21,,,1,70,,755226,21,,,1,30,,755241,21,,,1,70,,755242,21,,,1,30,,755238,21,,,1,70,,755233,21,,,1,30,,755220,21,0,82,1,70,,755217,21,0,82,1,28,,755234,21,0,82,1,72,,755231,21,0,82,1,30,,755230,21,0,82,1,70,,755219,21,0,82,1,30,,755245,21,0,82,1,69,,755228,21,0,82,1,30,,755239,21,0,82,1,70,,755227,21,0,82,1
1001,'2-1',555,,755250,10,0,82,1,70,,755258,10,0,82,1,30,,755284,10,0,82,1,70,,755261,21,0,82,1,30,,755276,21,0,82,1,73,,755285,21,,,1,30,,755268,21,,,1,70,,755273,21,,,1,30,,755272,21,,,1,71,,755257,21,,,1,30,,755251,21,,,1,70,,755252,21,,,1,30,,755279,21,,,1,70,,755280,21,,,1,30,,755260,21,,,1,70,,755265,21,,,1,30,,755259,21,,,1,70,,755254,21,,,1,30,,755282,21,,,1,70,,755283,21,,,1,30,,755271,21,,,1,70,,755262,21,,,1,30,,755277,21,,,1,70,,755278,21,,,1,30,,755274,21,,,1,70,,755269,21,,,1,30,,755256,21,0,82,1,70,,755253,21,0,82,1,28,,755270,21,0,82,1,72,,755267,21,0,82,1,30,,755266,21,0,82,1,70,,755255,21,0,82,1,30,,755281,21,0,82,1,69,,755264,21,0,82,1,30,,755275,21,0,82,1,70,,755263,21,0,82,1
1001,'3-1',542,,755303,21,0,82,1,71,,755332,21,,,1,37,,755305,21,,,1,55,,755300,21,0,82,1,15,,755322,21,,,1,15,,755342,21,0,82,1,16,,755318,21,,,1,54,,755298,21,0,82,1,16,,755292,21,,,1,18,,755338,21,0,82,1,12,,755325,21,,,1,54,,755308,21,0,82,1,14,,755333,21,,,1,15,,755291,21,0,82,1,15,,755321,21,,,1,55,,755312,21,0,82,1,15,,755289,21,,,1,15,,755288,21,0,82,1,15,,755323,21,,,1,55,,755329,21,0,82,1,14,,755309,21,,,1,15,,755343,21,0,82,1,15,,755328,21,,,1,55,,755297,21,0,82,1,15,,755287,21,,,1,15,,755336,21,0,82,1,15,,755307,21,,,1,55,,755316,21,0,82,1,16,,755286,21,,,1,16,,755337,21,0,82,1,15,,755327,21,,,1,56,,755293,21,0,82,1,16,,755304,21,,,1,15,,755315,21,0,82,1,13,,755310,21,,,1,57,,755324,21,0,82,1,16,,755306,21,,,1,15,,755341,21,0,82,1,15,,755294,21,,,1,56,,755344,21,0,82,1,14,,755301,21,,,1,15,,755299,21,0,82,1,15,,755290,21,,,1,55,,755334,21,0,82,1,15,,755314,21,,,1,15,,755331,21,0,82,1,17,,755339,21,,,1,54,,755326,21,0,82,1,26,,755340,21,,,1,70,,755311,21,,,1,30,,755317,21,,,1,70,,755295,21,,,1,30,,755296,21,,,1,70,,755319,21,,,1,29,,755320,21,,,1,70,,755302,21,,,1,29,,755335,21,,,1,68,,755313,21,,,1,27,,755330,21,,,1
1001,'4-1',542,,755362,21,0,82,1,71,,755391,21,,,1,37,,755364,21,,,1,55,,755359,21,0,82,1,15,,755381,21,,,1,15,,755401,21,0,82,1,16,,755377,21,,,1,54,,755357,21,0,82,1,16,,755351,21,,,1,18,,755397,21,0,82,1,12,,755384,21,,,1,54,,755367,21,0,82,1,14,,755392,21,,,1,15,,755350,21,0,82,1,15,,755380,21,,,1,55,,755371,21,0,82,1,15,,755348,21,,,1,15,,755347,21,0,82,1,15,,755382,21,,,1,55,,755388,21,0,82,1,14,,755368,21,,,1,15,,755402,21,0,82,1,15,,755387,21,,,1,55,,755356,21,0,82,1,15,,755346,21,,,1,15,,755395,21,0,82,1,15,,755366,21,,,1,55,,755375,21,0,82,1,16,,755345,21,,,1,16,,755396,21,0,82,1,15,,755386,21,,,1,56,,755352,21,0,82,1,16,,755363,21,,,1,15,,755374,21,0,82,1,13,,755369,21,,,1,57,,755383,21,0,82,1,16,,755365,21,,,1,15,,755400,21,0,82,1,15,,755353,21,,,1,56,,755403,21,0,82,1,14,,755360,21,,,1,15,,755358,21,0,82,1,15,,755349,21,,,1,55,,755393,21,0,82,1,15,,755373,21,,,1,15,,755390,21,0,82,1,17,,755398,21,,,1,54,,755385,21,0,82,1,26,,755399,21,,,1,70,,755370,21,,,1,30,,755376,21,,,1,70,,755354,21,,,1,30,,755355,21,,,1,70,,755378,21,,,1,29,,755379,21,,,1,70,,755361,21,,,1,29,,755394,21,,,1,68,,755372,21,,,1,27,,755389,21,,,1
1001,'5-1',542,,755421,21,0,82,1,71,,755450,21,,,1,37,,755423,21,,,1,55,,755418,21,0,82,1,15,,755440,21,,,1,15,,755460,21,0,82,1,16,,755436,21,,,1,54,,755416,21,0,82,1,16,,755410,21,,,1,18,,755456,21,0,82,1,12,,755443,21,,,1,54,,755426,21,0,82,1,14,,755451,21,,,1,15,,755409,21,0,82,1,15,,755439,21,,,1,55,,755430,21,0,82,1,15,,755407,21,,,1,15,,755406,21,0,82,1,15,,755441,21,,,1,55,,755447,21,0,82,1,14,,755427,21,,,1,15,,755461,21,0,82,1,15,,755446,21,,,1,55,,755415,21,0,82,1,15,,755405,21,,,1,15,,755454,21,0,82,1,15,,755425,21,,,1,55,,755434,21,0,82,1,16,,755404,21,,,1,16,,755455,21,0,82,1,15,,755445,21,,,1,56,,755411,21,0,82,1,16,,755422,21,,,1,15,,755433,21,0,82,1,13,,755428,21,,,1,57,,755442,21,0,82,1,16,,755424,21,,,1,15,,755459,21,0,82,1,15,,755412,21,,,1,56,,755462,21,0,82,1,14,,755419,21,,,1,15,,755417,21,0,82,1,15,,755408,21,,,1,55,,755452,21,0,82,1,15,,755432,21,,,1,15,,755449,21,0,82,1,17,,755457,21,,,1,54,,755444,21,0,82,1,26,,755458,21,,,1,70,,755429,21,,,1,30,,755435,21,,,1,70,,755413,21,,,1,30,,755414,21,,,1,70,,755437,21,,,1,29,,755438,21,,,1,70,,755420,21,,,1,29,,755453,21,,,1,68,,755431,21,,,1,27,,755448,21,,,1
1001,'6-1',555,,755480,10,0,82,1,70,,755470,10,0,82,1,30,,755485,10,0,82,1,70,,755464,21,0,82,1,30,,755498,21,0,82,1,73,,755467,21,,,1,30,,755473,21,,,1,70,,755471,21,,,1,30,,755463,21,,,1,71,,755495,21,,,1,30,,755484,21,,,1,70,,755491,21,,,1,30,,755477,21,,,1,70,,755479,21,,,1,30,,755494,21,,,1,70,,755466,21,,,1,30,,755465,21,,,1,70,,755476,21,,,1,30,,755472,21,,,1,70,,755489,21,,,1,30,,755496,21,,,1,70,,755492,21,,,1,30,,755487,21,,,1,70,,755497,21,,,1,30,,755490,21,,,1,70,,755475,21,,,1,30,,755481,21,0,82,1,70,,755493,21,0,82,1,28,,755483,21,0,82,1,72,,755488,21,0,82,1,30,,755478,21,0,82,1,70,,755482,21,0,82,1,30,,755469,21,0,82,1,69,,755486,21,0,82,1,30,,755468,21,0,82,1,70,,755474,21,0,82,1
1001,'7-1',555,,755516,10,0,82,1,70,,755506,10,0,82,1,30,,755521,10,0,82,1,70,,755500,21,0,82,1,30,,755534,21,0,82,1,73,,755503,21,,,1,30,,755509,21,,,1,70,,755507,21,,,1,30,,755499,21,,,1,71,,755531,21,,,1,30,,755520,21,,,1,70,,755527,21,,,1,30,,755513,21,,,1,70,,755515,21,,,1,30,,755530,21,,,1,70,,755502,21,,,1,30,,755501,21,,,1,70,,755512,21,,,1,30,,755508,21,,,1,70,,755525,21,,,1,30,,755532,21,,,1,70,,755528,21,,,1,30,,755523,21,,,1,70,,755533,21,,,1,30,,755526,21,,,1,70,,755511,21,,,1,30,,755517,21,0,82,1,70,,755529,21,0,82,1,28,,755519,21,0,82,1,72,,755524,21,0,82,1,30,,755514,21,0,82,1,70,,755518,21,0,82,1,30,,755505,21,0,82,1,69,,755522,21,0,82,1,30,,755504,21,0,82,1,70,,755510,21,0,82,1
1001,'8-1',542,,755552,21,0,82,1,71,,755581,21,,,1,37,,755554,21,,,1,55,,755549,21,0,82,1,15,,755571,21,,,1,15,,755591,21,0,82,1,16,,755567,21,,,1,54,,755547,21,0,82,1,16,,755541,21,,,1,18,,755587,21,0,82,1,12,,755574,21,,,1,54,,755557,21,0,82,1,14,,755582,21,,,1,15,,755540,21,0,82,1,15,,755570,21,,,1,55,,755561,21,0,82,1,15,,755538,21,,,1,15,,755537,21,0,82,1,15,,755572,21,,,1,55,,755578,21,0,82,1,14,,755558,21,,,1,15,,755592,21,0,82,1,15,,755577,21,,,1,55,,755546,21,0,82,1,15,,755536,21,,,1,15,,755585,21,0,82,1,15,,755556,21,,,1,55,,755565,21,0,82,1,16,,755535,21,,,1,16,,755586,21,0,82,1,15,,755576,21,,,1,56,,755542,21,0,82,1,16,,755553,21,,,1,15,,755564,21,0,82,1,13,,755559,21,,,1,57,,755573,21,0,82,1,16,,755555,21,,,1,15,,755590,21,0,82,1,15,,755543,21,,,1,56,,755593,21,0,82,1,14,,755550,21,,,1,15,,755548,21,0,82,1,15,,755539,21,,,1,55,,755583,21,0,82,1,15,,755563,21,,,1,15,,755580,21,0,82,1,17,,755588,21,,,1,54,,755575,21,0,82,1,26,,755589,21,,,1,70,,755560,21,,,1,30,,755566,21,,,1,70,,755544,21,,,1,30,,755545,21,,,1,70,,755568,21,,,1,29,,755569,21,,,1,70,,755551,21,,,1,29,,755584,21,,,1,68,,755562,21,,,1,27,,755579,21,,,1
1001,'9-1',549,,755628,10,0,82,1,70,,755602,10,0,82,1,30,,755599,10,0,82,1,71,,755620,21,0,82,1,35,,755596,21,0,82,1,71,,755626,21,0,82,1,30,,755609,21,,,1,70,,755625,21,,,1,30,,755612,21,,,1,71,,755613,21,,,1,30,,755594,21,,,1,70,,755610,21,,,1,30,,755615,21,,,1,70,,755619,21,,,1,30,,755623,21,,,1,70,,755629,21,,,1,30,,755603,21,,,1,70,,755617,21,,,1,30,,755622,21,,,1,70,,755618,21,,,1,30,,755605,21,,,1,70,,755607,21,,,1,30,,755595,21,,,1,70,,755604,21,,,1,30,,755598,21,,,1,70,,755611,21,,,1,30,,755632,21,,,1,70,,755606,21,,,1,30,,755631,21,,,1,70,,755597,21,,,1,30,,755600,21,,,1,70,,755630,21,,,1,30,,755627,21,,,1,69,,755614,21,,,1,30,,755624,21,,,1,65,,755601,21,0,82,1,28,,755616,21,0,82,1,70,,755608,21,0,82,1,30,,755621,21,0,82,1
8500,'1-1',540,,794843,50,,,1,71,,794858,50,,,1,30,,794860,50,,,1,70,,794854,50,,,1,32,,794825,50,,,1,70,,794848,50,,,1,31,,794839,50,,,1,70,,794820,50,,,1,31,,794864,50,,,1,59,,794850,50,,,1,15,,794844,50,,,1,15,,794818,50,,,1,17,,794828,50,,,1,55,,794824,50,,,1,15,,794823,50,,,1,15,,794814,50,,,1,16,,794831,50,,,1,55,,794856,50,,,1,15,,794819,50,,,1,15,,794817,50,,,1,15,,794857,50,,,1,55,,794865,50,,,1,15,,794816,50,,,1,15,,794861,50,,,1,15,,794859,50,,,1,55,,794815,50,,,1,15,,794811,50,,,1,15,,794833,50,,,1,15,,794842,50,,,1,55,,794832,50,,,1,15,,794813,50,,,1,15,,794846,50,,,1,15,,794829,50,,,1,55,,794841,50,,,1,15,,794834,50,,,1,15,,794827,50,,,1,15,,794837,50,,,1,55,,794863,50,,,1,15,,794853,50,,,1,15,,794845,50,,,1,15,,794855,50,,,1,57,,794836,50,,,1,29,,794835,50,,,1,70,,794852,50,,,1,30,,794840,50,,,1,67,,794822,50,,,1,30,,794812,50,,,1,70,,794862,50,,,1,30,,794821,50,,,1,70,,794838,50,,,1,30,,794830,50,,,1,70,,794826,50,,,1,28,,794851,50,,,1,70,,794849,50,,,1,30,,794847,50,,,1
8500,'10-1',545,,794875,50,,,1,72,,794884,50,,,1,30,,794892,50,,,1,70,,794906,50,,,1,32,,794869,50,,,1,70,,794870,50,,,1,31,,794889,50,,,1,70,,794891,50,,,1,21,,794876,50,,,1,60,,794885,50,,,1,20,,794909,50,,,1,22,,794872,50,,,1,60,,794894,50,,,1,20,,794887,50,,,1,21,,794902,50,,,1,60,,794880,50,,,1,20,,794910,50,,,1,20,,794877,50,,,1,60,,794882,50,,,1,20,,794871,50,,,1,20,,794890,50,,,1,15,,794911,50,,,1,55,,794874,50,,,1,15,,794912,50,,,1,15,,794904,50,,,1,15,,794895,50,,,1,55,,794873,50,,,1,15,,794913,50,,,1,15,,794907,50,,,1,15,,794905,50,,,1,55,,794867,50,,,1,15,,794897,50,,,1,15,,794886,50,,,1,15,,794893,50,,,1,58,,794879,50,,,1,18,,794896,50,,,1,69,,794878,50,,,1,29,,794914,50,,,1,69,,794868,50,,,1,30,,794888,50,,,1,27,,794903,50,,,1,70,,794900,50,,,1,30,,794899,50,,,1,70,,794901,50,,,1,30,,794908,50,,,1,70,,794898,50,,,1,30,,794883,50,,,1,68,,794866,50,,,1,79,,794881,50,,,1
8500,'11-1',449,,794960,50,,,1,72,,794975,50,,,1,33,,794930,50,,,1,56,,794918,50,,,1,16,,794946,50,,,1,17,,794979,50,,,1,15,,794934,50,,,1,56,,794925,50,,,1,16,,794956,50,,,1,19,,794972,50,,,1,59,,794926,50,,,1,15,,794963,50,,,1,15,,794978,50,,,1,15,,794942,50,,,1,56,,794920,50,,,1,13,,794966,50,,,1,13,,794939,50,,,1,12,,794919,50,,,1,55,,794937,50,,,1,15,,794916,50,,,1,15,,794938,50,,,1,15,,794950,50,,,1,55,,794958,50,,,1,16,,794935,50,,,1,15,,794953,50,,,1,15,,794959,50,,,1,55,,794976,50,,,1,15,,794945,50,,,1,15,,794954,50,,,1,15,,794967,50,,,1,55,,794944,50,,,1,15,,794957,50,,,1,15,,794970,50,,,1,15,,794915,50,,,1,55,,794980,50,,,1,17,,794941,50,,,1,15,,794968,50,,,1,15,,794943,50,,,1,56,,794922,50,,,1,33,,794981,50,,,1,17,,794977,50,,,1,55,,794969,50,,,1,15,,794971,50,,,1,15,,794951,50,,,1,15,,794929,50,,,1,56,,794964,50,,,1,14,,794932,50,,,1,13,,794917,50,,,1,12,,794973,50,,,1,54,,794965,50,,,1,12,,794949,50,,,1,15,,794936,50,,,1,15,,794952,50,,,1,55,,794947,50,,,1,29,,794931,50,,,1,27,,794927,50,,,1,68,,794962,50,,,1,29,,794928,50,,,1,70,,794955,50,,,1,31,,794921,50,,,1,70,,794923,50,,,1,25,,794940,50,,,1,69,,794924,50,,,1,29,,794948,50,,,1,68,,794974,50,,,1,36,,794933,50,,,1
8500,'12-1',545,,794991,50,,,1,72,,795000,50,,,1,30,,795008,50,,,1,70,,795022,50,,,1,32,,794985,50,,,1,70,,794986,50,,,1,31,,795005,50,,,1,70,,795007,50,,,1,21,,794992,50,,,1,60,,795001,50,,,1,20,,795025,50,,,1,22,,794988,50,,,1,60,,795010,50,,,1,20,,795003,50,,,1,21,,795018,50,,,1,60,,794996,50,,,1,20,,795026,50,,,1,20,,794993,50,,,1,60,,794998,50,,,1,20,,794987,50,,,1,20,,795006,50,,,1,15,,795027,50,,,1,55,,794990,50,,,1,15,,795028,50,,,1,15,,795020,50,,,1,15,,795011,50,,,1,55,,794989,50,,,1,15,,795029,50,,,1,15,,795023,50,,,1,15,,795021,50,,,1,55,,794983,50,,,1,15,,795013,50,,,1,15,,795002,50,,,1,15,,795009,50,,,1,58,,794995,50,,,1,18,,795012,50,,,1,69,,794994,50,,,1,29,,795030,50,,,1,69,,794984,50,,,1,30,,795004,50,,,1,27,,795019,50,,,1,70,,795016,50,,,1,30,,795015,50,,,1,70,,795017,50,,,1,30,,795024,50,,,1,70,,795014,50,,,1,30,,794999,50,,,1,68,,794982,50,,,1,79,,794997,50,,,1
8500,'2-1',545,,795040,50,,,1,72,,795049,50,,,1,30,,795057,50,,,1,70,,795071,50,,,1,32,,795034,50,,,1,70,,795035,50,,,1,31,,795054,50,,,1,70,,795056,50,,,1,21,,795041,50,,,1,60,,795050,50,,,1,20,,795074,50,,,1,22,,795037,50,,,1,60,,795059,50,,,1,20,,795052,50,,,1,21,,795067,50,,,1,60,,795045,50,,,1,20,,795075,50,,,1,20,,795042,50,,,1,60,,795047,50,,,1,20,,795036,50,,,1,20,,795055,50,,,1,15,,795076,50,,,1,55,,795039,50,,,1,15,,795077,50,,,1,15,,795069,50,,,1,15,,795060,50,,,1,55,,795038,50,,,1,15,,795078,50,,,1,15,,795072,50,,,1,15,,795070,50,,,1,55,,795032,50,,,1,15,,795062,50,,,1,15,,795051,50,,,1,15,,795058,50,,,1,58,,795044,50,,,1,18,,795061,50,,,1,69,,795043,50,,,1,29,,795079,50,,,1,69,,795033,50,,,1,30,,795053,50,,,1,27,,795068,50,,,1,70,,795065,50,,,1,30,,795064,50,,,1,70,,795066,50,,,1,30,,795073,50,,,1,70,,795063,50,,,1,30,,795048,50,,,1,68,,795031,50,,,1,79,,795046,50,,,1
8500,'3-1',449,,795125,50,,,1,72,,795140,50,,,1,33,,795095,50,,,1,56,,795083,50,,,1,16,,795111,50,,,1,17,,795144,50,,,1,15,,795099,50,,,1,56,,795090,50,,,1,16,,795121,50,,,1,19,,795137,50,,,1,59,,795091,50,,,1,15,,795128,50,,,1,15,,795143,50,,,1,15,,795107,50,,,1,56,,795085,50,,,1,13,,795131,50,,,1,13,,795104,50,,,1,12,,795084,50,,,1,55,,795102,50,,,1,15,,795081,50,,,1,15,,795103,50,,,1,15,,795115,50,,,1,55,,795123,50,,,1,16,,795100,50,,,1,15,,795118,50,,,1,15,,795124,50,,,1,55,,795141,50,,,1,15,,795110,50,,,1,15,,795119,50,,,1,15,,795132,50,,,1,55,,795109,50,,,1,15,,795122,50,,,1,15,,795135,50,,,1,15,,795080,50,,,1,55,,795145,50,,,1,17,,795106,50,,,1,15,,795133,50,,,1,15,,795108,50,,,1,56,,795087,50,,,1,33,,795146,50,,,1,17,,795142,50,,,1,55,,795134,50,,,1,15,,795136,50,,,1,15,,795116,50,,,1,15,,795094,50,,,1,56,,795129,50,,,1,14,,795097,50,,,1,13,,795082,50,,,1,12,,795138,50,,,1,54,,795130,50,,,1,12,,795114,50,,,1,15,,795101,50,,,1,15,,795117,50,,,1,55,,795112,50,,,1,29,,795096,50,,,1,27,,795092,50,,,1,68,,795127,50,,,1,29,,795093,50,,,1,70,,795120,50,,,1,31,,795086,50,,,1,70,,795088,50,,,1,25,,795105,50,,,1,69,,795089,50,,,1,29,,795113,50,,,1,68,,795139,50,,,1,36,,795098,50,,,1
8500,'4-1',449,,795192,50,,,1,72,,795207,50,,,1,33,,795162,50,,,1,56,,795150,50,,,1,16,,795178,50,,,1,17,,795211,50,,,1,15,,795166,50,,,1,56,,795157,50,,,1,16,,795188,50,,,1,19,,795204,50,,,1,59,,795158,50,,,1,15,,795195,50,,,1,15,,795210,50,,,1,15,,795174,50,,,1,56,,795152,50,,,1,13,,795198,50,,,1,13,,795171,50,,,1,12,,795151,50,,,1,55,,795169,50,,,1,15,,795148,50,,,1,15,,795170,50,,,1,15,,795182,50,,,1,55,,795190,50,,,1,16,,795167,50,,,1,15,,795185,50,,,1,15,,795191,50,,,1,55,,795208,50,,,1,15,,795177,50,,,1,15,,795186,50,,,1,15,,795199,50,,,1,55,,795176,50,,,1,15,,795189,50,,,1,15,,795202,50,,,1,15,,795147,50,,,1,55,,795212,50,,,1,17,,795173,50,,,1,15,,795200,50,,,1,15,,795175,50,,,1,56,,795154,50,,,1,33,,795213,50,,,1,17,,795209,50,,,1,55,,795201,50,,,1,15,,795203,50,,,1,15,,795183,50,,,1,15,,795161,50,,,1,56,,795196,50,,,1,14,,795164,50,,,1,13,,795149,50,,,1,12,,795205,50,,,1,54,,795197,50,,,1,12,,795181,50,,,1,15,,795168,50,,,1,15,,795184,50,,,1,55,,795179,50,,,1,29,,795163,50,,,1,27,,795159,50,,,1,68,,795194,50,,,1,29,,795160,50,,,1,70,,795187,50,,,1,31,,795153,50,,,1,70,,795155,50,,,1,25,,795172,50,,,1,69,,795156,50,,,1,29,,795180,50,,,1,68,,795206,50,,,1,36,,795165,50,,,1
8500,'5-1',449,,795259,50,,,1,72,,795274,50,,,1,33,,795229,50,,,1,56,,795217,50,,,1,16,,795245,50,,,1,17,,795278,50,,,1,15,,795233,50,,,1,56,,795224,50,,,1,16,,795255,50,,,1,19,,795271,50,,,1,59,,795225,50,,,1,15,,795262,50,,,1,15,,795277,50,,,1,15,,795241,50,,,1,56,,795219,50,,,1,13,,795265,50,,,1,13,,795238,50,,,1,12,,795218,50,,,1,55,,795236,50,,,1,15,,795215,50,,,1,15,,795237,50,,,1,15,,795249,50,,,1,55,,795257,50,,,1,16,,795234,50,,,1,15,,795252,50,,,1,15,,795258,50,,,1,55,,795275,50,,,1,15,,795244,50,,,1,15,,795253,50,,,1,15,,795266,50,,,1,55,,795243,50,,,1,15,,795256,50,,,1,15,,795269,50,,,1,15,,795214,50,,,1,55,,795279,50,,,1,17,,795240,50,,,1,15,,795267,50,,,1,15,,795242,50,,,1,56,,795221,50,,,1,33,,795280,50,,,1,17,,795276,50,,,1,55,,795268,50,,,1,15,,795270,50,,,1,15,,795250,50,,,1,15,,795228,50,,,1,56,,795263,50,,,1,14,,795231,50,,,1,13,,795216,50,,,1,12,,795272,50,,,1,54,,795264,50,,,1,12,,795248,50,,,1,15,,795235,50,,,1,15,,795251,50,,,1,55,,795246,50,,,1,29,,795230,50,,,1,27,,795226,50,,,1,68,,795261,50,,,1,29,,795227,50,,,1,70,,795254,50,,,1,31,,795220,50,,,1,70,,795222,50,,,1,25,,795239,50,,,1,69,,795223,50,,,1,29,,795247,50,,,1,68,,795273,50,,,1,36,,795232,50,,,1
8500,'6-1',545,,795313,50,,,1,72,,795305,50,,,1,30,,795306,50,,,1,70,,795292,50,,,1,32,,795281,50,,,1,70,,795319,50,,,1,31,,795326,50,,,1,70,,795291,50,,,1,21,,795329,50,,,1,60,,795290,50,,,1,20,,795288,50,,,1,22,,795303,50,,,1,60,,795282,50,,,1,20,,795316,50,,,1,21,,795314,50,,,1,60,,795299,50,,,1,20,,795318,50,,,1,20,,795325,50,,,1,60,,795322,50,,,1,20,,795289,50,,,1,20,,795320,50,,,1,15,,795323,50,,,1,55,,795304,50,,,1,15,,795296,50,,,1,15,,795285,50,,,1,15,,795293,50,,,1,55,,795308,50,,,1,15,,795317,50,,,1,15,,795328,50,,,1,15,,795309,50,,,1,55,,795321,50,,,1,15,,795301,50,,,1,15,,795312,50,,,1,15,,795327,50,,,1,58,,795310,50,,,1,18,,795294,50,,,1,69,,795324,50,,,1,29,,795300,50,,,1,69,,795311,50,,,1,30,,795283,50,,,1,27,,795287,50,,,1,70,,795286,50,,,1,30,,795298,50,,,1,70,,795297,50,,,1,30,,795284,50,,,1,70,,795315,50,,,1,30,,795307,50,,,1,68,,795302,50,,,1,79,,795295,50,,,1
8500,'7-1',545,,795362,50,,,1,72,,795354,50,,,1,30,,795355,50,,,1,70,,795341,50,,,1,32,,795330,50,,,1,70,,795368,50,,,1,31,,795375,50,,,1,70,,795340,50,,,1,21,,795378,50,,,1,60,,795339,50,,,1,20,,795337,50,,,1,22,,795352,50,,,1,60,,795331,50,,,1,20,,795365,50,,,1,21,,795363,50,,,1,60,,795348,50,,,1,20,,795367,50,,,1,20,,795374,50,,,1,60,,795371,50,,,1,20,,795338,50,,,1,20,,795369,50,,,1,15,,795372,50,,,1,55,,795353,50,,,1,15,,795345,50,,,1,15,,795334,50,,,1,15,,795342,50,,,1,55,,795357,50,,,1,15,,795366,50,,,1,15,,795377,50,,,1,15,,795358,50,,,1,55,,795370,50,,,1,15,,795350,50,,,1,15,,795361,50,,,1,15,,795376,50,,,1,58,,795359,50,,,1,18,,795343,50,,,1,69,,795373,50,,,1,29,,795349,50,,,1,69,,795360,50,,,1,30,,795332,50,,,1,27,,795336,50,,,1,70,,795335,50,,,1,30,,795347,50,,,1,70,,795346,50,,,1,30,,795333,50,,,1,70,,795364,50,,,1,30,,795356,50,,,1,68,,795351,50,,,1,79,,795344,50,,,1
8500,'8-1',449,,795424,50,,,1,72,,795439,50,,,1,33,,795394,50,,,1,56,,795382,50,,,1,16,,795410,50,,,1,17,,795443,50,,,1,15,,795398,50,,,1,56,,795389,50,,,1,16,,795420,50,,,1,19,,795436,50,,,1,59,,795390,50,,,1,15,,795427,50,,,1,15,,795442,50,,,1,15,,795406,50,,,1,56,,795384,50,,,1,13,,795430,50,,,1,13,,795403,50,,,1,12,,795383,50,,,1,55,,795401,50,,,1,15,,795380,50,,,1,15,,795402,50,,,1,15,,795414,50,,,1,55,,795422,50,,,1,16,,795399,50,,,1,15,,795417,50,,,1,15,,795423,50,,,1,55,,795440,50,,,1,15,,795409,50,,,1,15,,795418,50,,,1,15,,795431,50,,,1,55,,795408,50,,,1,15,,795421,50,,,1,15,,795434,50,,,1,15,,795379,50,,,1,55,,795444,50,,,1,17,,795405,50,,,1,15,,795432,50,,,1,15,,795407,50,,,1,56,,795386,50,,,1,33,,795445,50,,,1,17,,795441,50,,,1,55,,795433,50,,,1,15,,795435,50,,,1,15,,795415,50,,,1,15,,795393,50,,,1,56,,795428,50,,,1,14,,795396,50,,,1,13,,795381,50,,,1,12,,795437,50,,,1,54,,795429,50,,,1,12,,795413,50,,,1,15,,795400,50,,,1,15,,795416,50,,,1,55,,795411,50,,,1,29,,795395,50,,,1,27,,795391,50,,,1,68,,795426,50,,,1,29,,795392,50,,,1,70,,795419,50,,,1,31,,795385,50,,,1,70,,795387,50,,,1,25,,795404,50,,,1,69,,795388,50,,,1,29,,795412,50,,,1,68,,795438,50,,,1,36,,795397,50,,,1
8500,'9-1',540,,795484,50,,,1,71,,795491,50,,,1,30,,795456,50,,,1,70,,795489,50,,,1,32,,795497,50,,,1,70,,795470,50,,,1,31,,795474,50,,,1,70,,795486,50,,,1,31,,795493,50,,,1,59,,795469,50,,,1,15,,795494,50,,,1,15,,795475,50,,,1,17,,795473,50,,,1,55,,795471,50,,,1,15,,795495,50,,,1,15,,795462,50,,,1,16,,795452,50,,,1,55,,795496,50,,,1,15,,795498,50,,,1,15,,795449,50,,,1,15,,795483,50,,,1,55,,795447,50,,,1,15,,795477,50,,,1,15,,795457,50,,,1,15,,795479,50,,,1,55,,795454,50,,,1,15,,795482,50,,,1,15,,795461,50,,,1,15,,795485,50,,,1,55,,795499,50,,,1,15,,795481,50,,,1,15,,795455,50,,,1,15,,795492,50,,,1,55,,795468,50,,,1,15,,795448,50,,,1,15,,795451,50,,,1,15,,795476,50,,,1,55,,795466,50,,,1,15,,795478,50,,,1,15,,795459,50,,,1,15,,795480,50,,,1,57,,795464,50,,,1,29,,795465,50,,,1,70,,795500,50,,,1,30,,795490,50,,,1,67,,795458,50,,,1,30,,795487,50,,,1,70,,795446,50,,,1,30,,795460,50,,,1,70,,795450,50,,,1,30,,795453,50,,,1,70,,795488,50,,,1,28,,795472,50,,,1,70,,795463,50,,,1,30,,795467,50,,,1
