1100,'1-1',441,,482566,30,,,1,70,,482553,30,,,1,33,,482548,30,,,1,15,,482529,30,,,1,55,,482527,30,,,1,13,,482525,30,,,1,18,,482536,30,,,1,56,,482568,30,,,1,16,,482557,30,,,1,15,,482554,30,,,1,16,,482563,30,,,1,56,,482562,30,,,1,16,,482581,30,,,1,15,,482575,30,,,1,15,,482558,30,,,1,55,,482569,46,,,1,10,,482528,30,,,1,16,,482564,46,,,1,13,,482524,30,,,1,14,,482552,46,,,1,56,,482572,30,,,1,16,,482576,46,,,1,15,,482539,30,,,1,14,,482565,46,,,1,55,,482556,30,,,1,15,,482577,46,,,1,17,,482582,30,,,1,13,,482583,46,,,1,55,,482559,30,,,1,14,,482532,46,,,1,15,,482542,30,,,1,15,,482549,46,,,1,55,,482522,30,,,1,14,,482550,46,,,1,15,,482570,30,,,1,15,,482560,46,,,1,57,,482521,30,,,1,14,,482544,46,,,1,13,,482543,30,,,1,15,,482579,46,,,1,55,,482530,30,,,1,13,,482535,46,,,1,14,,482578,30,,,1,11,,482555,46,,,1,74,,482537,46,,,1,15,,482533,30,,,1,16,,482541,46,,,1,55,,482523,30,,,1,14,,482551,46,,,1,17,,482567,30,,,1,13,,482561,46,,,1,66,,482574,46,,,1,30,,482546,46,,,1,69,,482534,46,,,1,28,,482538,46,,,1,70,,482580,46,,,1,28,,482571,46,,,1,69,,482545,46,,,1,30,,482540,46,,,1,74,,482520,30,,,1,32,,482531,30,,,1,71,,482526,30,,,1,30,,482573,30,,,1,71,,482547,30,,,1
1100,'2-1',645,,482602,30,,,1,70,,482627,30,,,1,30,,482628,30,,,1,70,,482611,30,,,1,30,,482644,30,,,1,70,,482606,30,,,1,28,,482633,46,,,1,70,,482619,30,,,1,31,,482613,46,,,1,15,,482653,30,,,1,55,,482590,46,,,1,15,,482586,30,,,1,15,,482589,46,,,1,15,,482638,30,,,1,55,,482647,46,,,1,15,,482637,30,,,1,15,,482609,46,,,1,60,,482616,46,,,1,20,,482655,46,,,1,20,,482640,46,,,1,60,,482656,46,,,1,20,,482636,46,,,1,20,,482646,46,,,1,60,,482639,46,,,1,20,,482651,46,,,1,20,,482593,46,,,1,60,,482614,46,,,1,20,,482654,46,,,1,19,,482585,46,,,1,60,,482615,46,,,1,20,,482630,46,,,1,20,,482607,46,,,1,60,,482604,46,,,1,20,,482648,46,,,1,19,,482659,46,,,1,60,,482622,46,,,1,20,,482621,46,,,1,19,,482641,46,,,1,60,,482631,46,,,1,20,,482649,46,,,1,18,,482643,46,,,1,65,,482618,46,,,1,16,,482625,30,,,1,16,,482635,30,,,1,15,,482645,30,,,1,55,,482657,30,,,1,15,,482642,30,,,1,15,,482591,30,,,1,70,,482612,30,,,1,30,,482600,30,,,1,70,,482629,30,,,1,30,,482623,30,,,1
1100,'3-1',548,,482699,30,,,1,70,,482668,30,,,1,30,,482693,30,,,1,70,,482661,30,,,1,30,,482685,30,,,1,70,,482696,30,,,1,30,,482691,30,,,1,66,,482683,46,,,1,31,,482671,46,,,1,70,,482688,46,,,1,31,,482682,46,,,1,70,,482678,46,,,1,30,,482698,46,,,1,70,,482686,46,,,1,30,,482670,46,,,1,70,,482677,46,,,1,30,,482679,46,,,1,70,,482673,46,,,1,30,,482674,46,,,1,70,,482666,46,,,1,30,,482690,46,,,1,70,,482665,46,,,1,29,,482662,46,,,1,70,,482695,46,,,1,30,,482676,46,,,1,70,,482684,46,,,1,29,,482694,46,,,1,70,,482697,46,,,1,29,,482672,46,,,1,70,,482689,46,,,1,28,,482681,46,,,1,61,,482669,30,,,1,30,,482680,30,,,1,70,,482664,30,,,1,30,,482692,30,,,1,70,,482700,30,,,1,30,,482675,30,,,1,70,,482687,30,,,1,30,,482663,30,,,1,70,,482667,30,,,1
1100,'4-1',548,,482715,30,,,1,70,,482711,30,,,1,30,,482717,30,,,1,70,,482701,30,,,1,30,,482730,30,,,1,70,,482731,30,,,1,30,,482714,30,,,1,66,,482712,46,,,1,31,,482725,46,,,1,101,,482713,46,,,1,70,,482718,46,,,1,30,,482723,46,,,1,70,,482721,46,,,1,30,,482703,46,,,1,70,,482705,46,,,1,30,,482729,46,,,1,70,,482734,46,,,1,30,,482722,46,,,1,70,,482709,46,,,1,30,,482704,46,,,1,70,,482724,46,,,1,99,,482710,46,,,1,100,,482719,46,,,1,29,,482720,46,,,1,99,,482732,46,,,1,98,,482702,46,,,1,61,,482716,30,,,1,30,,482728,30,,,1,70,,482727,30,,,1,30,,482708,30,,,1,70,,482733,30,,,1,30,,482707,30,,,1,70,,482726,30,,,1,30,,482735,30,,,1,70,,482706,30,,,1
1100,'5-1',441,,482782,30,,,1,70,,482769,30,,,1,33,,482764,30,,,1,15,,482745,30,,,1,55,,482743,30,,,1,13,,482741,30,,,1,18,,482752,30,,,1,56,,482784,30,,,1,16,,482773,30,,,1,15,,482770,30,,,1,16,,482779,30,,,1,56,,482778,30,,,1,16,,482797,30,,,1,15,,482791,30,,,1,15,,482774,30,,,1,55,,482785,46,,,1,10,,482744,30,,,1,16,,482780,46,,,1,13,,482740,30,,,1,14,,482768,46,,,1,56,,482788,30,,,1,16,,482792,46,,,1,15,,482755,30,,,1,14,,482781,46,,,1,55,,482772,30,,,1,15,,482793,46,,,1,17,,482798,30,,,1,13,,482799,46,,,1,55,,482775,30,,,1,14,,482748,46,,,1,15,,482758,30,,,1,15,,482765,46,,,1,55,,482738,30,,,1,14,,482766,46,,,1,15,,482786,30,,,1,15,,482776,46,,,1,57,,482737,30,,,1,14,,482760,46,,,1,13,,482759,30,,,1,15,,482795,46,,,1,55,,482746,30,,,1,13,,482751,46,,,1,14,,482794,30,,,1,11,,482771,46,,,1,74,,482753,46,,,1,15,,482749,30,,,1,16,,482757,46,,,1,55,,482739,30,,,1,14,,482767,46,,,1,17,,482783,30,,,1,13,,482777,46,,,1,66,,482790,46,,,1,30,,482762,46,,,1,69,,482750,46,,,1,28,,482754,46,,,1,70,,482796,46,,,1,28,,482787,46,,,1,69,,482761,46,,,1,30,,482756,46,,,1,74,,482736,30,,,1,32,,482747,30,,,1,71,,482742,30,,,1,30,,482789,30,,,1,71,,482763,30,,,1
1100,'6-1',645,,482807,30,,,1,70,,482805,30,,,1,30,,482820,30,,,1,70,,482808,30,,,1,30,,482810,30,,,1,70,,482824,30,,,1,28,,482813,46,,,1,70,,482818,30,,,1,31,,482803,46,,,1,70,,482800,46,,,1,30,,482819,46,,,1,70,,482826,46,,,1,30,,482830,46,,,1,70,,482809,46,,,1,30,,482811,46,,,1,70,,482823,46,,,1,30,,482821,46,,,1,70,,482801,46,,,1,30,,482832,46,,,1,70,,482812,46,,,1,29,,482825,46,,,1,70,,482827,46,,,1,100,,482806,46,,,1,29,,482833,46,,,1,70,,482829,46,,,1,95,,482804,30,,,1,29,,482815,30,,,1,70,,482817,30,,,1,30,,482816,30,,,1,70,,482802,30,,,1,30,,482822,30,,,1,70,,482814,30,,,1,30,,482831,30,,,1,70,,482828,30,,,1
1100,'7-1',441,,482880,30,,,1,70,,482867,30,,,1,33,,482862,30,,,1,15,,482843,30,,,1,55,,482841,30,,,1,13,,482839,30,,,1,18,,482850,30,,,1,56,,482882,30,,,1,16,,482871,30,,,1,15,,482868,30,,,1,16,,482877,30,,,1,56,,482876,30,,,1,16,,482895,30,,,1,15,,482889,30,,,1,15,,482872,30,,,1,55,,482883,46,,,1,10,,482842,30,,,1,16,,482878,46,,,1,13,,482838,30,,,1,14,,482866,46,,,1,56,,482886,30,,,1,16,,482890,46,,,1,15,,482853,30,,,1,14,,482879,46,,,1,55,,482870,30,,,1,15,,482891,46,,,1,17,,482896,30,,,1,13,,482897,46,,,1,55,,482873,30,,,1,14,,482846,46,,,1,15,,482856,30,,,1,15,,482863,46,,,1,55,,482836,30,,,1,14,,482864,46,,,1,15,,482884,30,,,1,15,,482874,46,,,1,57,,482835,30,,,1,14,,482858,46,,,1,13,,482857,30,,,1,15,,482893,46,,,1,55,,482844,30,,,1,13,,482849,46,,,1,14,,482892,30,,,1,11,,482869,46,,,1,74,,482851,46,,,1,15,,482847,30,,,1,16,,482855,46,,,1,55,,482837,30,,,1,14,,482865,46,,,1,17,,482881,30,,,1,13,,482875,46,,,1,66,,482888,46,,,1,30,,482860,46,,,1,69,,482848,46,,,1,28,,482852,46,,,1,70,,482894,46,,,1,28,,482885,46,,,1,69,,482859,46,,,1,30,,482854,46,,,1,74,,482834,30,,,1,32,,482845,30,,,1,71,,482840,30,,,1,30,,482887,30,,,1,71,,482861,30,,,1
1100,'8-1',441,,482944,30,,,1,70,,482931,30,,,1,33,,482926,30,,,1,15,,482907,30,,,1,55,,482905,30,,,1,13,,482903,30,,,1,18,,482914,30,,,1,56,,482946,30,,,1,16,,482935,30,,,1,15,,482932,30,,,1,16,,482941,30,,,1,56,,482940,30,,,1,16,,482959,30,,,1,15,,482953,30,,,1,15,,482936,30,,,1,55,,482947,46,,,1,10,,482906,30,,,1,16,,482942,46,,,1,13,,482902,30,,,1,14,,482930,46,,,1,56,,482950,30,,,1,16,,482954,46,,,1,15,,482917,30,,,1,14,,482943,46,,,1,55,,482934,30,,,1,15,,482955,46,,,1,17,,482960,30,,,1,13,,482961,46,,,1,55,,482937,30,,,1,14,,482910,46,,,1,15,,482920,30,,,1,15,,482927,46,,,1,55,,482899,30,,,1,14,,482928,46,,,1,15,,482948,30,,,1,15,,482938,46,,,1,57,,482900,30,,,1,14,,482922,46,,,1,13,,482921,30,,,1,15,,482957,46,,,1,55,,482908,30,,,1,13,,482913,46,,,1,14,,482956,30,,,1,11,,482933,46,,,1,74,,482915,46,,,1,15,,482911,30,,,1,16,,482919,46,,,1,55,,482901,30,,,1,14,,482929,46,,,1,17,,482945,30,,,1,13,,482939,46,,,1,66,,482952,46,,,1,30,,482924,46,,,1,69,,482912,46,,,1,28,,482916,46,,,1,70,,482958,46,,,1,28,,482949,46,,,1,69,,482923,46,,,1,30,,482918,46,,,1,74,,482898,30,,,1,32,,482909,30,,,1,71,,482904,30,,,1,30,,482951,30,,,1,71,,482925,30,,,1
1100,'9-1',441,,483008,30,,,1,70,,482995,30,,,1,33,,482990,30,,,1,15,,482971,30,,,1,55,,482969,30,,,1,13,,482967,30,,,1,18,,482978,30,,,1,56,,483010,30,,,1,16,,482999,30,,,1,15,,482996,30,,,1,16,,483005,30,,,1,56,,483004,30,,,1,16,,483023,30,,,1,15,,483017,30,,,1,15,,483000,30,,,1,55,,483011,46,,,1,10,,482970,30,,,1,16,,483006,46,,,1,13,,482966,30,,,1,14,,482994,46,,,1,56,,483014,30,,,1,16,,483018,46,,,1,15,,482981,30,,,1,14,,483007,46,,,1,55,,482998,30,,,1,15,,483019,46,,,1,17,,483024,30,,,1,13,,483025,46,,,1,55,,483001,30,,,1,14,,482974,46,,,1,15,,482984,30,,,1,15,,482991,46,,,1,55,,482963,30,,,1,14,,482992,46,,,1,15,,483012,30,,,1,15,,483002,46,,,1,57,,482964,30,,,1,14,,482986,46,,,1,13,,482985,30,,,1,15,,483021,46,,,1,55,,482972,30,,,1,13,,482977,46,,,1,14,,483020,30,,,1,11,,482997,46,,,1,74,,482979,46,,,1,15,,482975,30,,,1,16,,482983,46,,,1,55,,482965,30,,,1,14,,482993,46,,,1,17,,483009,30,,,1,13,,483003,46,,,1,66,,483016,46,,,1,30,,482988,46,,,1,69,,482976,46,,,1,28,,482980,46,,,1,70,,483022,46,,,1,28,,483013,46,,,1,69,,482987,46,,,1,30,,482982,46,,,1,74,,482962,30,,,1,32,,482973,30,,,1,71,,482968,30,,,1,30,,483015,30,,,1,71,,482989,30,,,1
5100,'1-1',612,,501214,55,,,1,101,,501221,55,,,1,30,,501237,55,,,1,76,,501230,55,,,1,31,,501217,55,,,1,68,,501219,55,,,1,30,,501233,55,,,1,70,,501209,55,,,1,34,,501216,47,,,1,70,,501227,47,,,1,30,,501234,47,,,1,70,,501215,47,,,1,30,,501235,47,,,1,70,,501229,47,,,1,30,,501208,47,,,1,70,,501231,47,,,1,30,,501236,47,,,1,72,,501228,47,,,1,77,,501223,47,,,1,35,,501239,47,,,1,23,,501222,47,,,1,70,,501210,47,,,1,30,,501218,47,,,1,70,,501213,47,,,1,27,,501224,47,,,1,91,,501225,47,,,1,69,,501212,47,,,1,28,,501226,47,,,1,68,,501211,47,,,1,30,,501232,47,,,1,70,,501220,47,,,1,30,,501238,47,,,1
5100,'2-1',832,,501252,47,,,1,100,,501268,47,,,1,70,,501251,47,,,1,31,,501250,47,,,1,70,,501249,47,,,1,30,,501259,47,,,1,70,,501266,47,,,1,31,,501267,47,,,1,70,,501241,47,,,1,30,,501244,47,,,1,70,,501258,47,,,1,31,,501256,47,,,1,70,,501260,47,,,1,30,,501253,47,,,1,70,,501261,47,,,1,28,,501265,47,,,1,70,,501240,47,,,1,30,,501255,47,,,1,70,,501263,47,,,1,29,,501264,47,,,1,70,,501254,47,,,1,30,,501247,47,,,1,70,,501246,47,,,1,29,,501248,47,,,1,71,,501243,27,,,1,29,,501242,47,,,1,100,,501245,47,,,1,99,,501257,47,,,1,100,,501262,47,,,1
5100,'3-1',705,,501279,47,,,1,100,,501275,47,,,1,32,,501296,47,,,1,70,,501289,47,,,1,30,,501278,47,,,1,70,,501294,47,,,1,31,,501298,47,,,1,70,,501281,47,,,1,30,,501282,47,,,1,70,,501295,47,,,1,31,,501270,47,,,1,70,,501284,47,,,1,30,,501291,47,,,1,70,,501274,47,,,1,31,,501286,47,,,1,70,,501277,47,,,1,30,,501285,47,,,1,70,,501293,47,,,1,28,,501276,47,,,1,70,,501272,47,,,1,30,,501288,47,,,1,70,,501280,47,,,1,29,,501271,47,,,1,70,,501283,47,,,1,30,,501290,32,,,1,70,,501297,47,,,1,29,,501269,32,,,1,70,,501292,47,,,1,100,,501273,47,,,1,29,,501299,32,,,1,72,,501287,47,,,1
5100,'4-1',705,,501317,47,,,1,100,,501309,47,,,1,32,,501327,47,,,1,70,,501307,47,,,1,30,,501315,47,,,1,101,,501322,47,,,1,70,,501325,47,,,1,30,,501319,47,,,1,70,,501300,47,,,1,101,,501320,47,,,1,30,,501326,47,,,1,70,,501313,47,,,1,31,,501324,47,,,1,70,,501318,47,,,1,30,,501323,47,,,1,70,,501321,47,,,1,28,,501311,47,,,1,70,,501301,47,,,1,30,,501314,47,,,1,70,,501308,47,,,1,29,,501303,47,,,1,70,,501306,47,,,1,30,,501304,32,,,1,70,,501305,47,,,1,99,,501310,47,,,1,100,,501316,47,,,1,29,,501312,32,,,1,72,,501302,47,,,1
5100,'5-1',612,,501334,55,,,1,101,,501341,55,,,1,30,,501357,55,,,1,76,,501350,55,,,1,31,,501337,55,,,1,68,,501339,55,,,1,30,,501353,55,,,1,70,,501329,55,,,1,34,,501336,47,,,1,70,,501347,47,,,1,30,,501354,47,,,1,70,,501335,47,,,1,30,,501355,47,,,1,70,,501349,47,,,1,30,,501328,47,,,1,70,,501351,47,,,1,30,,501356,47,,,1,72,,501348,47,,,1,77,,501343,47,,,1,35,,501359,47,,,1,23,,501342,47,,,1,70,,501330,47,,,1,30,,501338,47,,,1,70,,501333,47,,,1,27,,501344,47,,,1,91,,501345,47,,,1,69,,501332,47,,,1,28,,501346,47,,,1,68,,501331,47,,,1,30,,501352,47,,,1,70,,501340,47,,,1,30,,501358,47,,,1
5100,'6-1',832,,501365,47,,,1,100,,501371,47,,,1,70,,501382,47,,,1,31,,501369,47,,,1,70,,501372,47,,,1,30,,501383,47,,,1,101,,501368,47,,,1,70,,501384,47,,,1,30,,501364,47,,,1,101,,501385,47,,,1,70,,501381,47,,,1,30,,501370,47,,,1,70,,501367,47,,,1,28,,501366,47,,,1,70,,501363,47,,,1,30,,501374,47,,,1,70,,501360,47,,,1,29,,501376,47,,,1,70,,501373,47,,,1,30,,501379,47,,,1,70,,501377,47,,,1,29,,501362,47,,,1,71,,501375,27,,,1,29,,501380,47,,,1,100,,501378,47,,,1,99,,501361,47,,,1
5100,'7-1',612,,501392,55,,,1,101,,501399,55,,,1,30,,501415,55,,,1,76,,501408,55,,,1,31,,501395,55,,,1,68,,501397,55,,,1,30,,501411,55,,,1,70,,501387,55,,,1,34,,501394,47,,,1,70,,501405,47,,,1,30,,501412,47,,,1,70,,501393,47,,,1,30,,501413,47,,,1,70,,501407,47,,,1,30,,501386,47,,,1,70,,501409,47,,,1,30,,501414,47,,,1,72,,501406,47,,,1,77,,501401,47,,,1,35,,501417,47,,,1,23,,501400,47,,,1,70,,501388,47,,,1,30,,501396,47,,,1,70,,501391,47,,,1,27,,501402,47,,,1,91,,501403,47,,,1,69,,501390,47,,,1,28,,501404,47,,,1,68,,501389,47,,,1,30,,501410,47,,,1,70,,501398,47,,,1,30,,501416,47,,,1
5100,'8-1',612,,501424,55,,,1,101,,501431,55,,,1,30,,501447,55,,,1,76,,501440,55,,,1,31,,501427,55,,,1,68,,501429,55,,,1,30,,501443,55,,,1,70,,501419,55,,,1,34,,501426,47,,,1,70,,501437,47,,,1,30,,501444,47,,,1,70,,501425,47,,,1,30,,501445,47,,,1,70,,501439,47,,,1,30,,501418,47,,,1,70,,501441,47,,,1,30,,501446,47,,,1,72,,501438,47,,,1,77,,501433,47,,,1,35,,501449,47,,,1,23,,501432,47,,,1,70,,501420,47,,,1,30,,501428,47,,,1,70,,501423,47,,,1,27,,501434,47,,,1,91,,501435,47,,,1,69,,501422,47,,,1,28,,501436,47,,,1,68,,501421,47,,,1,30,,501442,47,,,1,70,,501430,47,,,1,30,,501448,47,,,1
5100,'9-1',612,,501456,55,,,1,101,,501463,55,,,1,30,,501479,55,,,1,76,,501472,55,,,1,31,,501459,55,,,1,68,,501461,55,,,1,30,,501475,55,,,1,70,,501451,55,,,1,34,,501458,47,,,1,70,,501469,47,,,1,30,,501476,47,,,1,70,,501457,47,,,1,30,,501477,47,,,1,70,,501471,47,,,1,30,,501450,47,,,1,70,,501473,47,,,1,30,,501478,47,,,1,72,,501470,47,,,1,77,,501465,47,,,1,35,,501481,47,,,1,23,,501464,47,,,1,70,,501452,47,,,1,30,,501460,47,,,1,70,,501455,47,,,1,27,,501466,47,,,1,91,,501467,47,,,1,69,,501454,47,,,1,28,,501468,47,,,1,68,,501453,47,,,1,30,,501474,47,,,1,70,,501462,47,,,1,30,,501480,47,,,1
