1501,'1-1',612,,486240,14,,,1,30,,486250,14,,,1,16,,486243,14,,,1,56,,486255,14,,,1,16,,486244,14,,,1,14,,486260,14,,,1,13,,486239,14,,,1,55,,486249,14,,,1,16,,486238,14,,,1,14,,486247,14,,,1,15,,486236,14,,,1,666,,486242,14,,,1,28,,486254,14,,,1,55,,486258,14,,,1,17,,486259,14,,,1,16,,486252,14,,,1,14,,486251,14,,,1,54,,486237,14,,,1,16,,486246,14,,,1,14,,486248,14,,,1,14,,486241,14,,,1,55,,486253,14,,,1,15,,486256,14,,,1,15,,486245,14,,,1,15,,486257,14,,,1
1501,'5-1',612,,486265,14,,,1,30,,486275,14,,,1,16,,486268,14,,,1,56,,486280,14,,,1,16,,486269,14,,,1,14,,486285,14,,,1,13,,486264,14,,,1,55,,486274,14,,,1,16,,486263,14,,,1,14,,486272,14,,,1,15,,486261,14,,,1,666,,486267,14,,,1,28,,486279,14,,,1,55,,486283,14,,,1,17,,486284,14,,,1,16,,486277,14,,,1,14,,486276,14,,,1,54,,486262,14,,,1,16,,486271,14,,,1,14,,486273,14,,,1,14,,486266,14,,,1,55,,486278,14,,,1,15,,486281,14,,,1,15,,486270,14,,,1,15,,486282,14,,,1
1501,'7-1',612,,486290,14,,,1,30,,486300,14,,,1,16,,486293,14,,,1,56,,486305,14,,,1,16,,486294,14,,,1,14,,486310,14,,,1,13,,486289,14,,,1,55,,486299,14,,,1,16,,486288,14,,,1,14,,486297,14,,,1,15,,486286,14,,,1,666,,486292,14,,,1,28,,486304,14,,,1,55,,486308,14,,,1,17,,486309,14,,,1,16,,486302,14,,,1,14,,486301,14,,,1,54,,486287,14,,,1,16,,486296,14,,,1,14,,486298,14,,,1,14,,486291,14,,,1,55,,486303,14,,,1,15,,486306,14,,,1,15,,486295,14,,,1,15,,486307,14,,,1
1501,'8-1',612,,486315,14,,,1,30,,486325,14,,,1,16,,486318,14,,,1,56,,486330,14,,,1,16,,486319,14,,,1,14,,486335,14,,,1,13,,486314,14,,,1,55,,486324,14,,,1,16,,486313,14,,,1,14,,486322,14,,,1,15,,486311,14,,,1,666,,486317,14,,,1,28,,486329,14,,,1,55,,486333,14,,,1,17,,486334,14,,,1,16,,486327,14,,,1,14,,486326,14,,,1,54,,486312,14,,,1,16,,486321,14,,,1,14,,486323,14,,,1,14,,486316,14,,,1,55,,486328,14,,,1,15,,486331,14,,,1,15,,486320,14,,,1,15,,486332,14,,,1
1501,'9-1',612,,486340,14,,,1,30,,486350,14,,,1,16,,486343,14,,,1,56,,486355,14,,,1,16,,486344,14,,,1,14,,486360,14,,,1,13,,486339,14,,,1,55,,486349,14,,,1,16,,486338,14,,,1,14,,486347,14,,,1,15,,486336,14,,,1,666,,486342,14,,,1,28,,486354,14,,,1,55,,486358,14,,,1,17,,486359,14,,,1,16,,486352,14,,,1,14,,486351,14,,,1,54,,486337,14,,,1,16,,486346,14,,,1,14,,486348,14,,,1,14,,486341,14,,,1,55,,486353,14,,,1,15,,486356,14,,,1,15,,486345,14,,,1,15,,486357,14,,,1
2500,'1-1',624,,488930,53,,,1,16,,488917,53,,,1,70,,488931,53,,,1,30,,488939,53,,,1,76,,488942,53,,,1,30,,488954,53,,,1,68,,488951,53,,,1,32,,488941,53,,,1,69,,488904,53,,,1,30,,488920,53,,,1,70,,488953,53,,,1,31,,488928,53,,,1,70,,488960,53,,,1,30,,488908,53,,,1,70,,488924,53,,,1,29,,488936,53,,,1,68,,488957,53,,,1,33,,488937,53,,,1,68,,488897,53,,,1,15,,488932,53,,,1,15,,488949,53,,,1,57,,488915,53,,,1,14,,488929,53,,,1,16,,488905,53,,,1,15,,488912,53,,,1,55,,488956,53,,,1,14,,488943,53,,,1,15,,488926,53,,,1,15,,488938,53,,,1,56,,488916,53,,,1,14,,488934,53,,,1,17,,488901,53,,,1,68,,488911,53,,,1,24,,488925,53,,,1,30,,488909,53,,,1,69,,488950,53,,,1,30,,488921,53,,,1,70,,488961,53,,,1,31,,488952,53,,,1,70,,488922,53,,,1,30,,488919,53,,,1,69,,488955,53,,,1
2500,'2-1',856,,488969,53,0,42,1,70,,489003,53,0,42,1,30,,489021,53,0,42,1,70,,489006,53,0,42,1,32,,488972,53,0,42,1,70,,489022,53,0,42,1,77,,488964,53,0,42,1,36,,488997,53,0,42,1,76,,488965,53,0,42,1,36,,488990,53,0,42,1,76,,489001,53,0,42,1,76,,489013,53,0,42,1,36,,488970,53,0,42,1,76,,489005,53,0,42,1,35,,488999,53,0,42,1,76,,489018,53,0,42,1,76,,488996,53,0,42,1,36,,489019,53,0,42,1,75,,489010,53,0,42,1,86,,488963,53,0,42,1,58,,488992,53,0,42,1,99,,488995,53,0,42,1,98,,489009,53,0,42,1,99,,488971,53,0,42,1
2500,'3-1',834,,489034,53,0,42,1,70,,489059,53,0,42,1,30,,489064,53,0,42,1,70,,489035,53,0,42,1,30,,489066,53,0,42,1,72,,489030,53,0,42,1,30,,489063,53,0,42,1,71,,489037,53,0,42,1,30,,489033,53,0,42,1,70,,489052,53,0,42,1,30,,489048,53,0,42,1,70,,489050,53,0,42,1,30,,489027,53,0,42,1,70,,489055,53,0,42,1,30,,489053,53,0,42,1,70,,489041,53,0,42,1,30,,489042,53,0,42,1,69,,489054,53,0,42,1,30,,489057,53,0,42,1,70,,489032,53,0,42,1,30,,489068,53,0,42,1,70,,489039,53,0,42,1,99,,489045,53,0,42,1,99,,489056,53,0,42,1,100,,489046,53,0,42,1,98,,489060,53,0,42,1
2500,'4-1',834,,489099,53,0,42,1,70,,489090,53,0,42,1,100,,489077,53,0,42,1,30,,489101,53,0,42,1,72,,489100,53,0,42,1,101,,489096,53,0,42,1,30,,489081,53,0,42,1,70,,489079,53,0,42,1,100,,489098,53,0,42,1,30,,489089,53,0,42,1,70,,489076,53,0,42,1,30,,489080,53,0,42,1,70,,489075,53,0,42,1,99,,489088,53,0,42,1,30,,489084,53,0,42,1,70,,489103,53,0,42,1,100,,489072,53,0,42,1,198,,489097,53,0,42,1,198,,489074,53,0,42,1
2500,'5-1',624,,489137,53,,,1,16,,489124,53,,,1,70,,489138,53,,,1,30,,489146,53,,,1,76,,489149,53,,,1,30,,489161,53,,,1,68,,489158,53,,,1,32,,489148,53,,,1,69,,489111,53,,,1,30,,489127,53,,,1,70,,489160,53,,,1,31,,489135,53,,,1,70,,489167,53,,,1,30,,489115,53,,,1,70,,489131,53,,,1,29,,489143,53,,,1,68,,489164,53,,,1,33,,489144,53,,,1,68,,489104,53,,,1,15,,489139,53,,,1,15,,489156,53,,,1,57,,489122,53,,,1,14,,489136,53,,,1,16,,489112,53,,,1,15,,489119,53,,,1,55,,489163,53,,,1,14,,489150,53,,,1,15,,489133,53,,,1,15,,489145,53,,,1,56,,489123,53,,,1,14,,489141,53,,,1,17,,489108,53,,,1,68,,489118,53,,,1,24,,489132,53,,,1,30,,489116,53,,,1,69,,489157,53,,,1,30,,489128,53,,,1,70,,489168,53,,,1,31,,489159,53,,,1,70,,489129,53,,,1,30,,489126,53,,,1,69,,489162,53,,,1
2500,'6-1',852,,489171,53,0,42,1,70,,489200,53,0,42,1,30,,489173,53,0,42,1,70,,489198,53,0,42,1,32,,489194,53,0,42,1,70,,489192,53,0,42,1,31,,489175,53,0,42,1,70,,489188,53,0,42,1,30,,489176,53,0,42,1,70,,489182,53,0,42,1,30,,489177,53,0,42,1,70,,489181,53,0,42,1,30,,489184,53,0,42,1,70,,489183,53,0,42,1,30,,489169,53,0,42,1,70,,489196,53,0,42,1,29,,489170,53,0,42,1,70,,489201,53,0,42,1,30,,489190,53,0,42,1,70,,489193,53,0,42,1,30,,489195,53,0,42,1,98,,489172,53,0,42,1,99,,489189,53,0,42,1,105,,489186,53,0,42,1
2500,'7-1',624,,489235,53,,,1,16,,489222,53,,,1,70,,489236,53,,,1,30,,489244,53,,,1,76,,489247,53,,,1,30,,489259,53,,,1,68,,489256,53,,,1,32,,489246,53,,,1,69,,489209,53,,,1,30,,489225,53,,,1,70,,489258,53,,,1,31,,489233,53,,,1,70,,489265,53,,,1,30,,489213,53,,,1,70,,489229,53,,,1,29,,489241,53,,,1,68,,489262,53,,,1,33,,489242,53,,,1,68,,489202,53,,,1,15,,489237,53,,,1,15,,489254,53,,,1,57,,489220,53,,,1,14,,489234,53,,,1,16,,489210,53,,,1,15,,489217,53,,,1,55,,489261,53,,,1,14,,489248,53,,,1,15,,489231,53,,,1,15,,489243,53,,,1,56,,489221,53,,,1,14,,489239,53,,,1,17,,489206,53,,,1,68,,489216,53,,,1,24,,489230,53,,,1,30,,489214,53,,,1,69,,489255,53,,,1,30,,489226,53,,,1,70,,489266,53,,,1,31,,489257,53,,,1,70,,489227,53,,,1,30,,489224,53,,,1,69,,489260,53,,,1
2500,'8-1',624,,489300,53,,,1,16,,489287,53,,,1,70,,489301,53,,,1,30,,489309,53,,,1,76,,489312,53,,,1,30,,489324,53,,,1,68,,489321,53,,,1,32,,489311,53,,,1,69,,489274,53,,,1,30,,489290,53,,,1,70,,489323,53,,,1,31,,489298,53,,,1,70,,489330,53,,,1,30,,489278,53,,,1,70,,489294,53,,,1,29,,489306,53,,,1,68,,489327,53,,,1,33,,489307,53,,,1,68,,489267,53,,,1,15,,489302,53,,,1,15,,489319,53,,,1,57,,489285,53,,,1,14,,489299,53,,,1,16,,489275,53,,,1,15,,489282,53,,,1,55,,489326,53,,,1,14,,489313,53,,,1,15,,489296,53,,,1,15,,489308,53,,,1,56,,489286,53,,,1,14,,489304,53,,,1,17,,489271,53,,,1,68,,489281,53,,,1,24,,489295,53,,,1,30,,489279,53,,,1,69,,489320,53,,,1,30,,489291,53,,,1,70,,489331,53,,,1,31,,489322,53,,,1,70,,489292,53,,,1,30,,489289,53,,,1,69,,489325,53,,,1
2500,'9-1',624,,489365,53,,,1,16,,489352,53,,,1,70,,489366,53,,,1,30,,489374,53,,,1,76,,489377,53,,,1,30,,489389,53,,,1,68,,489386,53,,,1,32,,489376,53,,,1,69,,489339,53,,,1,30,,489355,53,,,1,70,,489388,53,,,1,31,,489363,53,,,1,70,,489395,53,,,1,30,,489343,53,,,1,70,,489359,53,,,1,29,,489371,53,,,1,68,,489392,53,,,1,33,,489372,53,,,1,68,,489332,53,,,1,15,,489367,53,,,1,15,,489384,53,,,1,57,,489350,53,,,1,14,,489364,53,,,1,16,,489340,53,,,1,15,,489347,53,,,1,55,,489391,53,,,1,14,,489378,53,,,1,15,,489361,53,,,1,15,,489373,53,,,1,56,,489351,53,,,1,14,,489369,53,,,1,17,,489336,53,,,1,68,,489346,53,,,1,24,,489360,53,,,1,30,,489344,53,,,1,69,,489385,53,,,1,30,,489356,53,,,1,70,,489396,53,,,1,31,,489387,53,,,1,70,,489357,53,,,1,30,,489354,53,,,1,69,,489390,53,,,1
12501,'2-1',905,,525114,13,,,1,30,,525125,13,,,1,70,,525117,13,,,1,30,,525128,13,,,1,70,,525112,13,,,1,30,,525119,13,,,1,65,,525120,13,,,1,34,,525116,13,,,1,75,,525127,13,,,1,34,,525126,13,,,1,63,,525122,13,,,1,30,,525118,13,,,1,70,,525121,13,,,1,30,,525124,13,,,1,70,,525113,13,,,1,30,,525115,13,,,1,70,,525111,13,,,1,30,,525123,13,,,1
12501,'3-1',905,,525131,13,,,1,30,,525142,13,,,1,70,,525133,13,,,1,30,,525140,13,,,1,70,,525135,13,,,1,30,,525145,13,,,1,65,,525130,13,,,1,34,,525141,13,,,1,75,,525138,13,,,1,34,,525129,13,,,1,63,,525134,13,,,1,30,,525146,13,,,1,70,,525144,13,,,1,30,,525136,13,,,1,70,,525139,13,,,1,30,,525143,13,,,1,70,,525137,13,,,1,30,,525132,13,,,1
12501,'4-1',905,,525156,13,,,1,30,,525164,13,,,1,70,,525159,13,,,1,30,,525152,13,,,1,70,,525161,13,,,1,30,,525147,13,,,1,65,,525151,13,,,1,34,,525155,13,,,1,75,,525153,13,,,1,34,,525154,13,,,1,63,,525149,13,,,1,30,,525148,13,,,1,70,,525162,13,,,1,30,,525157,13,,,1,70,,525160,13,,,1,30,,525163,13,,,1,70,,525150,13,,,1,30,,525158,13,,,1
12501,'6-1',905,,525178,13,,,1,100,,525169,13,,,1,100,,525179,13,,,1,95,,525165,13,,,1,34,,525172,13,,,1,75,,525174,13,,,1,34,,525175,13,,,1,63,,525171,13,,,1,30,,525173,13,,,1,70,,525168,13,,,1,30,,525167,13,,,1,70,,525170,13,,,1,30,,525177,13,,,1,70,,525166,13,,,1,30,,525176,13,,,1
