4701,'1-1',1202,,591012,13,,,1,310,,591007,13,,,1,30,,591011,13,,,1,70,,591014,13,,,1,32,,591008,13,,,1,63,,591013,13,,,1,35,,591009,13,,,1,59,,591010,13,,,1
4701,'10-1',1202,,591015,13,,,1,310,,591020,13,,,1,30,,591021,13,,,1,70,,591017,13,,,1,32,,591018,13,,,1,63,,591019,13,,,1,35,,591022,13,,,1,59,,591016,13,,,1
4701,'11-1',1202,,591023,13,,,1,310,,591028,13,,,1,30,,591029,13,,,1,70,,591025,13,,,1,32,,591026,13,,,1,63,,591027,13,,,1,35,,591030,13,,,1,59,,591024,13,,,1
4701,'2-1',1202,,591031,13,,,1,310,,591036,13,,,1,30,,591037,13,,,1,70,,591033,13,,,1,32,,591034,13,,,1,63,,591035,13,,,1,35,,591038,13,,,1,59,,591032,13,,,1
4701,'3-1',1203,,591039,13,,,1
4701,'4-1',1203,,591040,13,,,1
4701,'5-1',1203,,591041,13,,,1
4701,'6-1',1202,,591042,13,,,1,310,,591047,13,,,1,30,,591048,13,,,1,70,,591044,13,,,1,32,,591045,13,,,1,63,,591046,13,,,1,35,,591049,13,,,1,59,,591043,13,,,1
4701,'7-1',1203,,591050,13,,,1
4701,'8-1',1202,,591051,13,,,1,310,,591056,13,,,1,30,,591057,13,,,1,70,,591053,13,,,1,32,,591054,13,,,1,63,,591055,13,,,1,35,,591058,13,,,1,59,,591052,13,,,1
4701,'9-1',1203,,591059,13,,,1
