1500,'11-1',721,,759822,33,,,1,24,,759821,33,,,1,60,,759828,33,,,1,17,,759825,33,,,1,14,,759815,33,,,1,72,,759811,33,,,1,15,,759813,33,,,1,13,,759826,33,,,1,16,,759816,33,,,1,55,,759809,33,,,1,13,,759819,33,,,1,535,,759832,33,,,1,57,,759818,33,,,1,15,,759824,33,,,1,17,,759830,33,,,1,13,,759820,33,,,1,54,,759817,33,,,1,29,,759812,33,,,1,14,,759814,33,,,1,54,,759831,33,,,1,12,,759810,33,,,1,13,,759823,33,,,1,12,,759829,33,,,1
1500,'3-1',721,,759846,33,,,1,24,,759845,33,,,1,60,,759852,33,,,1,17,,759849,33,,,1,14,,759839,33,,,1,72,,759835,33,,,1,15,,759837,33,,,1,13,,759850,33,,,1,16,,759840,33,,,1,55,,759833,33,,,1,13,,759843,33,,,1,535,,759856,33,,,1,57,,759842,33,,,1,15,,759848,33,,,1,17,,759854,33,,,1,13,,759844,33,,,1,54,,759841,33,,,1,29,,759836,33,,,1,14,,759838,33,,,1,54,,759855,33,,,1,12,,759834,33,,,1,13,,759847,33,,,1,12,,759853,33,,,1
1500,'4-1',721,,759870,33,,,1,24,,759869,33,,,1,60,,759876,33,,,1,17,,759873,33,,,1,14,,759863,33,,,1,72,,759859,33,,,1,15,,759861,33,,,1,13,,759874,33,,,1,16,,759864,33,,,1,55,,759857,33,,,1,13,,759867,33,,,1,535,,759880,33,,,1,57,,759866,33,,,1,15,,759872,33,,,1,17,,759878,33,,,1,13,,759868,33,,,1,54,,759865,33,,,1,29,,759860,33,,,1,14,,759862,33,,,1,54,,759879,33,,,1,12,,759858,33,,,1,13,,759871,33,,,1,12,,759877,33,,,1
1500,'5-1',721,,759894,33,,,1,24,,759893,33,,,1,60,,759900,33,,,1,17,,759897,33,,,1,14,,759887,33,,,1,72,,759883,33,,,1,15,,759885,33,,,1,13,,759898,33,,,1,16,,759888,33,,,1,55,,759881,33,,,1,13,,759891,33,,,1,535,,759904,33,,,1,57,,759890,33,,,1,15,,759896,33,,,1,17,,759902,33,,,1,13,,759892,33,,,1,54,,759889,33,,,1,29,,759884,33,,,1,14,,759886,33,,,1,54,,759903,33,,,1,12,,759882,33,,,1,13,,759895,33,,,1,12,,759901,33,,,1
1500,'8-1',721,,759918,33,,,1,24,,759917,33,,,1,60,,759924,33,,,1,17,,759921,33,,,1,14,,759911,33,,,1,72,,759907,33,,,1,15,,759909,33,,,1,13,,759922,33,,,1,16,,759912,33,,,1,55,,759905,33,,,1,13,,759915,33,,,1,535,,759928,33,,,1,57,,759914,33,,,1,15,,759920,33,,,1,17,,759926,33,,,1,13,,759916,33,,,1,54,,759913,33,,,1,29,,759908,33,,,1,14,,759910,33,,,1,54,,759927,33,,,1,12,,759906,33,,,1,13,,759919,33,,,1,12,,759925,33,,,1
2501,'1-1',747,,763905,10,,,1,100,,763880,10,,,1,70,,763890,10,,,1,30,,763886,10,,,1,71,,763893,10,,,1,30,,763882,10,,,1,70,,763914,10,,,1,30,,763909,10,,,1,70,,763896,10,,,1,30,,763912,10,,,1,70,,763908,10,,,1,30,,763887,10,,,1,70,,763901,10,,,1,30,,763900,10,,,1,70,,763894,10,,,1,30,,763911,10,,,1,70,,763883,10,,,1,30,,763913,10,,,1,70,,763889,10,,,1,30,,763884,10,,,1,70,,763898,10,,,1,30,,763902,10,,,1,70,,763904,10,,,1,99,,763891,10,,,1,100,,763879,10,,,1,100,,763895,10,,,1,100,,763903,10,,,1
2501,'10-1',906,,763921,10,,,1,30,,763941,10,,,1,71,,763940,10,,,1,30,,763944,10,,,1,70,,763933,10,,,1,30,,763916,10,,,1,70,,763922,10,,,1,30,,763918,10,,,1,70,,763920,10,,,1,30,,763927,10,,,1,70,,763934,10,,,1,30,,763919,10,,,1,70,,763931,10,,,1,30,,763932,10,,,1,70,,763929,10,,,1,30,,763924,10,,,1,70,,763937,10,,,1,30,,763917,10,,,1,70,,763945,10,,,1,30,,763947,10,,,1,70,,763936,10,,,1,100,,763928,10,,,1,100,,763939,10,,,1,100,,763926,10,,,1
2501,'11-1',607,,763963,15,,,1,32,,763988,15,,,1,68,,764007,15,,,1,29,,763996,15,,,1,70,,763965,15,,,1,31,,763981,15,,,1,70,,763962,15,,,1,15,,763949,15,,,1,14,,763967,15,,,1,14,,764003,15,,,1,54,,763995,15,,,1,15,,763958,15,,,1,15,,764005,15,,,1,15,,763982,15,,,1,55,,763968,15,,,1,15,,763953,15,,,1,15,,763977,15,,,1,15,,763980,15,,,1,55,,763966,15,,,1,15,,763985,15,,,1,15,,763987,15,,,1,15,,763959,15,,,1,55,,763960,15,,,1,15,,763952,15,,,1,15,,763964,15,,,1,15,,764006,15,,,1,55,,763983,15,,,1,15,,763997,15,,,1,16,,763994,15,,,1,10,,763971,10,0,29,1,5,,763961,15,,,1,72,,763990,15,,,1,15,,763998,15,,,1,15,,763972,15,,,1,57,,763954,15,,,1,15,,763991,15,,,1,16,,764001,15,,,1,14,,763984,15,,,1,55,,763989,15,,,1,13,,763974,15,,,1,14,,763970,15,,,1,14,,763979,15,,,1,55,,763969,15,,,1,15,,763993,15,,,1,14,,763955,15,,,1,15,,764000,15,,,1,69,,763986,15,,,1,30,,763951,15,,,1,67,,763950,15,,,1,30,,764002,15,,,1,70,,763957,15,,,1,30,,763973,15,,,1,69,,763956,15,,,1,27,,764004,15,,,1,69,,763999,15,,,1,29,,763978,15,,,1
2501,'12-1',906,,764014,10,,,1,30,,764034,10,,,1,71,,764033,10,,,1,30,,764037,10,,,1,70,,764026,10,,,1,30,,764009,10,,,1,70,,764015,10,,,1,30,,764011,10,,,1,70,,764013,10,,,1,30,,764020,10,,,1,70,,764027,10,,,1,30,,764012,10,,,1,70,,764024,10,,,1,30,,764025,10,,,1,70,,764022,10,,,1,30,,764017,10,,,1,70,,764030,10,,,1,30,,764010,10,,,1,70,,764038,10,,,1,30,,764040,10,,,1,70,,764029,10,,,1,100,,764021,10,,,1,100,,764032,10,,,1,100,,764019,10,,,1
2501,'2-1',906,,764048,10,,,1,30,,764068,10,,,1,71,,764067,10,,,1,30,,764071,10,,,1,70,,764060,10,,,1,30,,764043,10,,,1,70,,764049,10,,,1,30,,764045,10,,,1,70,,764047,10,,,1,30,,764054,10,,,1,70,,764061,10,,,1,30,,764046,10,,,1,70,,764058,10,,,1,30,,764059,10,,,1,70,,764056,10,,,1,30,,764051,10,,,1,70,,764064,10,,,1,30,,764044,10,,,1,70,,764072,10,,,1,30,,764074,10,,,1,70,,764063,10,,,1,100,,764055,10,,,1,100,,764066,10,,,1,100,,764053,10,,,1
2501,'3-1',607,,764090,15,,,1,32,,764115,15,,,1,68,,764134,15,,,1,29,,764123,15,,,1,70,,764092,15,,,1,31,,764108,15,,,1,70,,764089,15,,,1,15,,764076,15,,,1,14,,764094,15,,,1,14,,764130,15,,,1,54,,764122,15,,,1,15,,764085,15,,,1,15,,764132,15,,,1,15,,764109,15,,,1,55,,764095,15,,,1,15,,764080,15,,,1,15,,764104,15,,,1,15,,764107,15,,,1,55,,764093,15,,,1,15,,764112,15,,,1,15,,764114,15,,,1,15,,764086,15,,,1,55,,764087,15,,,1,15,,764079,15,,,1,15,,764091,15,,,1,15,,764133,15,,,1,55,,764110,15,,,1,15,,764124,15,,,1,16,,764121,15,,,1,10,,764098,10,0,29,1,5,,764088,15,,,1,72,,764117,15,,,1,15,,764125,15,,,1,15,,764099,15,,,1,57,,764081,15,,,1,15,,764118,15,,,1,16,,764128,15,,,1,14,,764111,15,,,1,55,,764116,15,,,1,13,,764101,15,,,1,14,,764097,15,,,1,14,,764106,15,,,1,55,,764096,15,,,1,15,,764120,15,,,1,14,,764082,15,,,1,15,,764127,15,,,1,69,,764113,15,,,1,30,,764078,15,,,1,67,,764077,15,,,1,30,,764129,15,,,1,70,,764084,15,,,1,30,,764100,15,,,1,69,,764083,15,,,1,27,,764131,15,,,1,69,,764126,15,,,1,29,,764105,15,,,1
2501,'4-1',607,,764149,15,,,1,32,,764174,15,,,1,68,,764193,15,,,1,29,,764182,15,,,1,70,,764151,15,,,1,31,,764167,15,,,1,70,,764148,15,,,1,15,,764135,15,,,1,14,,764153,15,,,1,14,,764189,15,,,1,54,,764181,15,,,1,15,,764144,15,,,1,15,,764191,15,,,1,15,,764168,15,,,1,55,,764154,15,,,1,15,,764139,15,,,1,15,,764163,15,,,1,15,,764166,15,,,1,55,,764152,15,,,1,15,,764171,15,,,1,15,,764173,15,,,1,15,,764145,15,,,1,55,,764146,15,,,1,15,,764138,15,,,1,15,,764150,15,,,1,15,,764192,15,,,1,55,,764169,15,,,1,15,,764183,15,,,1,16,,764180,15,,,1,10,,764157,10,0,29,1,5,,764147,15,,,1,72,,764176,15,,,1,15,,764184,15,,,1,15,,764158,15,,,1,57,,764140,15,,,1,15,,764177,15,,,1,16,,764187,15,,,1,14,,764170,15,,,1,55,,764175,15,,,1,13,,764160,15,,,1,14,,764156,15,,,1,14,,764165,15,,,1,55,,764155,15,,,1,15,,764179,15,,,1,14,,764141,15,,,1,15,,764186,15,,,1,69,,764172,15,,,1,30,,764137,15,,,1,67,,764136,15,,,1,30,,764188,15,,,1,70,,764143,15,,,1,30,,764159,15,,,1,69,,764142,15,,,1,27,,764190,15,,,1,69,,764185,15,,,1,29,,764164,15,,,1
2501,'5-1',607,,764208,15,,,1,32,,764233,15,,,1,68,,764252,15,,,1,29,,764241,15,,,1,70,,764210,15,,,1,31,,764226,15,,,1,70,,764207,15,,,1,15,,764194,15,,,1,14,,764212,15,,,1,14,,764248,15,,,1,54,,764240,15,,,1,15,,764203,15,,,1,15,,764250,15,,,1,15,,764227,15,,,1,55,,764213,15,,,1,15,,764198,15,,,1,15,,764222,15,,,1,15,,764225,15,,,1,55,,764211,15,,,1,15,,764230,15,,,1,15,,764232,15,,,1,15,,764204,15,,,1,55,,764205,15,,,1,15,,764197,15,,,1,15,,764209,15,,,1,15,,764251,15,,,1,55,,764228,15,,,1,15,,764242,15,,,1,16,,764239,15,,,1,10,,764216,10,0,29,1,5,,764206,15,,,1,72,,764235,15,,,1,15,,764243,15,,,1,15,,764217,15,,,1,57,,764199,15,,,1,15,,764236,15,,,1,16,,764246,15,,,1,14,,764229,15,,,1,55,,764234,15,,,1,13,,764219,15,,,1,14,,764215,15,,,1,14,,764224,15,,,1,55,,764214,15,,,1,15,,764238,15,,,1,14,,764200,15,,,1,15,,764245,15,,,1,69,,764231,15,,,1,30,,764196,15,,,1,67,,764195,15,,,1,30,,764247,15,,,1,70,,764202,15,,,1,30,,764218,15,,,1,69,,764201,15,,,1,27,,764249,15,,,1,69,,764244,15,,,1,29,,764223,15,,,1
2501,'6-1',906,,764258,10,,,1,30,,764278,10,,,1,71,,764273,10,,,1,30,,764268,10,,,1,70,,764276,10,,,1,30,,764265,10,,,1,70,,764283,10,,,1,30,,764260,10,,,1,70,,764254,10,,,1,30,,764282,10,,,1,70,,764284,10,,,1,30,,764256,10,,,1,70,,764270,10,,,1,30,,764266,10,,,1,70,,764262,10,,,1,30,,764261,10,,,1,70,,764275,10,,,1,30,,764267,10,,,1,70,,764264,10,,,1,30,,764259,10,,,1,70,,764257,10,,,1,100,,764272,10,,,1,100,,764269,10,,,1,100,,764281,10,,,1
2501,'7-1',906,,764292,10,,,1,30,,764312,10,,,1,71,,764307,10,,,1,30,,764302,10,,,1,70,,764310,10,,,1,30,,764299,10,,,1,70,,764317,10,,,1,30,,764294,10,,,1,70,,764288,10,,,1,30,,764316,10,,,1,70,,764318,10,,,1,30,,764290,10,,,1,70,,764304,10,,,1,30,,764300,10,,,1,70,,764296,10,,,1,30,,764295,10,,,1,70,,764309,10,,,1,30,,764301,10,,,1,70,,764298,10,,,1,30,,764293,10,,,1,70,,764291,10,,,1,100,,764306,10,,,1,100,,764303,10,,,1,100,,764315,10,,,1
2501,'8-1',607,,764335,15,,,1,32,,764360,15,,,1,68,,764379,15,,,1,29,,764368,15,,,1,70,,764337,15,,,1,31,,764353,15,,,1,70,,764334,15,,,1,15,,764321,15,,,1,14,,764339,15,,,1,14,,764375,15,,,1,54,,764367,15,,,1,15,,764330,15,,,1,15,,764377,15,,,1,15,,764354,15,,,1,55,,764340,15,,,1,15,,764325,15,,,1,15,,764349,15,,,1,15,,764352,15,,,1,55,,764338,15,,,1,15,,764357,15,,,1,15,,764359,15,,,1,15,,764331,15,,,1,55,,764332,15,,,1,15,,764324,15,,,1,15,,764336,15,,,1,15,,764378,15,,,1,55,,764355,15,,,1,15,,764369,15,,,1,16,,764366,15,,,1,10,,764343,10,0,29,1,5,,764333,15,,,1,72,,764362,15,,,1,15,,764370,15,,,1,15,,764344,15,,,1,57,,764326,15,,,1,15,,764363,15,,,1,16,,764373,15,,,1,14,,764356,15,,,1,55,,764361,15,,,1,13,,764346,15,,,1,14,,764342,15,,,1,14,,764351,15,,,1,55,,764341,15,,,1,15,,764365,15,,,1,14,,764327,15,,,1,15,,764372,15,,,1,69,,764358,15,,,1,30,,764323,15,,,1,67,,764322,15,,,1,30,,764374,15,,,1,70,,764329,15,,,1,30,,764345,15,,,1,69,,764328,15,,,1,27,,764376,15,,,1,69,,764371,15,,,1,29,,764350,15,,,1
2501,'9-1',747,,764414,10,,,1,100,,764394,10,,,1,70,,764390,10,,,1,30,,764385,10,,,1,71,,764383,10,,,1,30,,764391,10,,,1,70,,764411,10,,,1,30,,764398,10,,,1,70,,764381,10,,,1,30,,764412,10,,,1,70,,764410,10,,,1,30,,764392,10,,,1,70,,764403,10,,,1,30,,764408,10,,,1,70,,764409,10,,,1,30,,764389,10,,,1,70,,764401,10,,,1,30,,764380,10,,,1,70,,764413,10,,,1,30,,764405,10,,,1,70,,764397,10,,,1,30,,764387,10,,,1,70,,764399,10,,,1,99,,764400,10,,,1,100,,764395,10,,,1,100,,764415,10,,,1,100,,764406,10,,,1
12500,'10-1',922,,807697,14,,,1,30,,807702,14,,,1,71,,807711,14,,,1,30,,807709,14,,,1,70,,807704,14,,,1,30,,807696,14,,,1,67,,807701,14,,,1,34,,807698,14,,,1,75,,807707,14,,,1,74,,807710,14,,,1,23,,807703,14,,,1,30,,807694,14,,,1,70,,807700,14,,,1,30,,807699,14,,,1,70,,807695,14,,,1,30,,807705,14,,,1,70,,807708,14,,,1,30,,807706,14,,,1
12500,'12-1',922,,807715,14,,,1,30,,807720,14,,,1,71,,807729,14,,,1,30,,807727,14,,,1,70,,807722,14,,,1,30,,807714,14,,,1,67,,807719,14,,,1,34,,807716,14,,,1,75,,807725,14,,,1,74,,807728,14,,,1,23,,807721,14,,,1,30,,807712,14,,,1,70,,807718,14,,,1,30,,807717,14,,,1,70,,807713,14,,,1,30,,807723,14,,,1,70,,807726,14,,,1,30,,807724,14,,,1
12500,'2-1',922,,807733,14,,,1,30,,807738,14,,,1,71,,807747,14,,,1,30,,807745,14,,,1,70,,807740,14,,,1,30,,807732,14,,,1,67,,807737,14,,,1,34,,807734,14,,,1,75,,807743,14,,,1,74,,807746,14,,,1,23,,807739,14,,,1,30,,807730,14,,,1,70,,807736,14,,,1,30,,807735,14,,,1,70,,807731,14,,,1,30,,807741,14,,,1,70,,807744,14,,,1,30,,807742,14,,,1
12500,'9-1',922,,807753,14,,,1,30,,807754,14,,,1,71,,807752,14,,,1,30,,807764,14,,,1,70,,807759,14,,,1,30,,807760,14,,,1,67,,807749,14,,,1,34,,807757,14,,,1,75,,807762,14,,,1,74,,807765,14,,,1,23,,807756,14,,,1,30,,807758,14,,,1,70,,807750,14,,,1,30,,807751,14,,,1,70,,807748,14,,,1,30,,807755,14,,,1,70,,807761,14,,,1,30,,807763,14,,,1
