18701,'11-1',1452,,812248,12,,,1,102,,812249,12,,,1,69,,812246,12,,,1,33,,812247,12,,,1,68,,812251,12,,,1,81,,812250,12,,,1
18701,'3-1',1452,,812254,12,,,1,102,,812255,12,,,1,69,,812252,12,,,1,33,,812253,12,,,1,68,,812257,12,,,1,81,,812256,12,,,1
18701,'4-1',1452,,812260,12,,,1,102,,812261,12,,,1,69,,812258,12,,,1,33,,812259,12,,,1,68,,812263,12,,,1,81,,812262,12,,,1
18701,'5-1',1452,,812266,12,,,1,102,,812267,12,,,1,69,,812264,12,,,1,33,,812265,12,,,1,68,,812269,12,,,1,81,,812268,12,,,1
18701,'8-1',1452,,812272,12,,,1,102,,812273,12,,,1,69,,812270,12,,,1,33,,812271,12,,,1,68,,812275,12,,,1,81,,812274,12,,,1
67000,'11-1',724,,814981,21,,,1
67000,'3-1',724,,814982,21,,,1
67000,'4-1',724,,814983,21,,,1
67000,'5-1',724,,814984,21,,,1
67000,'8-1',724,,814985,21,,,1
67001,'11-1',1520,,814986,47,,,1
67001,'3-1',1520,,814987,47,,,1
67001,'4-1',1520,,814988,47,,,1
67001,'5-1',1520,,814989,47,,,1
67001,'8-1',1520,,814990,47,,,1
68700,'11-1',723,,815221,21,,,1
68700,'3-1',723,,815222,21,,,1
68700,'4-1',723,,815223,21,,,1
68700,'5-1',723,,815224,21,,,1
68700,'8-1',723,,815225,21,,,1
68701,'11-1',1502,,815226,45,,,1
68701,'3-1',1502,,815227,45,,,1
68701,'4-1',1502,,815228,45,,,1
68701,'5-1',1502,,815229,45,,,1
68701,'8-1',1502,,815230,45,,,1
