4500,'1-1',417,,589662,11,,,1,98,,589712,11,,,1,17,,589656,3,,,1,70,,589657,3,,,1,15,,589713,3,,,1,15,,589710,3,,,1,15,,589671,3,,,1,55,,589673,3,,,1,17,,589668,3,,,1,15,,589678,3,,,1,15,,589676,3,,,1,55,,589706,3,,,1,15,,589674,3,,,1,15,,589667,3,,,1,14,,589705,3,,,1,55,,589715,3,,,1,15,,589644,3,,,1,15,,589645,3,,,1,15,,589691,3,,,1,55,,589675,3,,,1,15,,589672,3,,,1,15,,589660,3,,,1,15,,589708,3,,,1,55,,589670,3,,,1,15,,589696,3,,,1,15,,589646,3,,,1,15,,589686,3,,,1,55,,589698,3,,,1,15,,589709,3,,,1,15,,589650,3,,,1,15,,589700,3,,,1,55,,589680,3,,,1,15,,589716,3,,,1,15,,589664,3,,,1,15,,589704,3,,,1,55,,589683,3,,,1,15,,589652,3,,,1,15,,589688,3,,,1,15,,589669,3,,,1,53,,589666,3,,,1,19,,589702,3,,,1,13,,589694,3,,,1,14,,589649,3,,,1,56,,589682,3,,,1,15,,589711,3,,,1,15,,589701,3,,,1,15,,589665,3,,,1,55,,589677,3,,,1,15,,589693,3,,,1,15,,589647,3,,,1,15,,589659,3,,,1,55,,589655,3,,,1,15,,589654,3,,,1,15,,589707,3,,,1,15,,589703,3,,,1,55,,589695,3,,,1,15,,589699,3,,,1,15,,589692,3,,,1,15,,589653,3,,,1,54,,589684,3,,,1,15,,589697,3,,,1,15,,589661,3,,,1,70,,589714,3,,,1,30,,589663,3,,,1,70,,589687,3,,,1,30,,589658,3,,,1,70,,589690,3,,,1,30,,589681,3,,,1,70,,589651,3,,,1,30,,589648,3,,,1,70,,589689,3,,,1,57,,589685,11,,,1,99,,589679,11,,,1
4500,'10-1',417,,589784,11,,,1,98,,589735,11,,,1,17,,589752,3,,,1,70,,589748,3,,,1,15,,589775,3,,,1,15,,589759,3,,,1,15,,589773,3,,,1,55,,589781,3,,,1,17,,589724,3,,,1,15,,589721,3,,,1,15,,589751,3,,,1,55,,589722,3,,,1,15,,589756,3,,,1,15,,589727,3,,,1,14,,589769,3,,,1,55,,589744,3,,,1,15,,589736,3,,,1,15,,589723,3,,,1,15,,589779,3,,,1,55,,589774,3,,,1,15,,589729,3,,,1,15,,589782,3,,,1,15,,589717,3,,,1,55,,589745,3,,,1,15,,589765,3,,,1,15,,589764,3,,,1,15,,589755,3,,,1,55,,589738,3,,,1,15,,589728,3,,,1,15,,589742,3,,,1,15,,589719,3,,,1,55,,589772,3,,,1,15,,589746,3,,,1,15,,589750,3,,,1,15,,589761,3,,,1,55,,589757,3,,,1,15,,589760,3,,,1,15,,589726,3,,,1,15,,589743,3,,,1,53,,589740,3,,,1,19,,589766,3,,,1,13,,589720,3,,,1,14,,589718,3,,,1,56,,589753,3,,,1,15,,589762,3,,,1,15,,589776,3,,,1,15,,589730,3,,,1,55,,589733,3,,,1,15,,589749,3,,,1,15,,589770,3,,,1,15,,589786,3,,,1,55,,589737,3,,,1,15,,589734,3,,,1,15,,589778,3,,,1,15,,589768,3,,,1,55,,589771,3,,,1,15,,589731,3,,,1,15,,589780,3,,,1,15,,589787,3,,,1,54,,589754,3,,,1,15,,589789,3,,,1,15,,589763,3,,,1,70,,589741,3,,,1,30,,589777,3,,,1,70,,589767,3,,,1,30,,589747,3,,,1,70,,589725,3,,,1,30,,589739,3,,,1,70,,589783,3,,,1,30,,589785,3,,,1,70,,589788,3,,,1,57,,589732,11,,,1,99,,589758,11,,,1
4500,'11-1',417,,589857,11,,,1,98,,589808,11,,,1,17,,589825,3,,,1,70,,589821,3,,,1,15,,589848,3,,,1,15,,589832,3,,,1,15,,589846,3,,,1,55,,589854,3,,,1,17,,589797,3,,,1,15,,589794,3,,,1,15,,589824,3,,,1,55,,589795,3,,,1,15,,589829,3,,,1,15,,589800,3,,,1,14,,589842,3,,,1,55,,589817,3,,,1,15,,589809,3,,,1,15,,589796,3,,,1,15,,589852,3,,,1,55,,589847,3,,,1,15,,589802,3,,,1,15,,589855,3,,,1,15,,589790,3,,,1,55,,589818,3,,,1,15,,589838,3,,,1,15,,589837,3,,,1,15,,589828,3,,,1,55,,589811,3,,,1,15,,589801,3,,,1,15,,589815,3,,,1,15,,589792,3,,,1,55,,589845,3,,,1,15,,589819,3,,,1,15,,589823,3,,,1,15,,589834,3,,,1,55,,589830,3,,,1,15,,589833,3,,,1,15,,589799,3,,,1,15,,589816,3,,,1,53,,589813,3,,,1,19,,589839,3,,,1,13,,589793,3,,,1,14,,589791,3,,,1,56,,589826,3,,,1,15,,589835,3,,,1,15,,589849,3,,,1,15,,589803,3,,,1,55,,589806,3,,,1,15,,589822,3,,,1,15,,589843,3,,,1,15,,589859,3,,,1,55,,589810,3,,,1,15,,589807,3,,,1,15,,589851,3,,,1,15,,589841,3,,,1,55,,589844,3,,,1,15,,589804,3,,,1,15,,589853,3,,,1,15,,589860,3,,,1,54,,589827,3,,,1,15,,589862,3,,,1,15,,589836,3,,,1,70,,589814,3,,,1,30,,589850,3,,,1,70,,589840,3,,,1,30,,589820,3,,,1,70,,589798,3,,,1,30,,589812,3,,,1,70,,589856,3,,,1,30,,589858,3,,,1,70,,589861,3,,,1,57,,589805,11,,,1,99,,589831,11,,,1
4500,'2-1',417,,589930,11,,,1,98,,589881,11,,,1,17,,589898,3,,,1,70,,589894,3,,,1,15,,589921,3,,,1,15,,589905,3,,,1,15,,589919,3,,,1,55,,589927,3,,,1,17,,589870,3,,,1,15,,589867,3,,,1,15,,589897,3,,,1,55,,589868,3,,,1,15,,589902,3,,,1,15,,589873,3,,,1,14,,589915,3,,,1,55,,589890,3,,,1,15,,589882,3,,,1,15,,589869,3,,,1,15,,589925,3,,,1,55,,589920,3,,,1,15,,589875,3,,,1,15,,589928,3,,,1,15,,589863,3,,,1,55,,589891,3,,,1,15,,589911,3,,,1,15,,589910,3,,,1,15,,589901,3,,,1,55,,589884,3,,,1,15,,589874,3,,,1,15,,589888,3,,,1,15,,589865,3,,,1,55,,589918,3,,,1,15,,589892,3,,,1,15,,589896,3,,,1,15,,589907,3,,,1,55,,589903,3,,,1,15,,589906,3,,,1,15,,589872,3,,,1,15,,589889,3,,,1,53,,589886,3,,,1,19,,589912,3,,,1,13,,589866,3,,,1,14,,589864,3,,,1,56,,589899,3,,,1,15,,589908,3,,,1,15,,589922,3,,,1,15,,589876,3,,,1,55,,589879,3,,,1,15,,589895,3,,,1,15,,589916,3,,,1,15,,589932,3,,,1,55,,589883,3,,,1,15,,589880,3,,,1,15,,589924,3,,,1,15,,589914,3,,,1,55,,589917,3,,,1,15,,589877,3,,,1,15,,589926,3,,,1,15,,589933,3,,,1,54,,589900,3,,,1,15,,589935,3,,,1,15,,589909,3,,,1,70,,589887,3,,,1,30,,589923,3,,,1,70,,589913,3,,,1,30,,589893,3,,,1,70,,589871,3,,,1,30,,589885,3,,,1,70,,589929,3,,,1,30,,589931,3,,,1,70,,589934,3,,,1,57,,589878,11,,,1,99,,589904,11,,,1
4500,'3-1',407,,589938,11,,,1,100,,589954,11,,,1,101,,589937,11,,,1,30,,589948,11,,,1,70,,589955,11,,,1,30,,589968,11,,,1,70,,589956,11,,,1,30,,589969,3,,,1,70,,589975,3,,,1,30,,589972,3,,,1,70,,589977,3,,,1,30,,589946,3,,,1,70,,589940,3,,,1,30,,589959,3,,,1,70,,589951,3,,,1,30,,589962,3,,,1,70,,589973,3,,,1,30,,589944,3,,,1,70,,589952,3,,,1,30,,589961,3,,,1,70,,589953,3,,,1,30,,589945,3,,,1,70,,589970,3,,,1,30,,589936,3,,,1,70,,589950,3,,,1,30,,589966,3,,,1,70,,589943,3,,,1,30,,589971,3,,,1,70,,589939,3,,,1,30,,589942,3,,,1,70,,589963,3,,,1,30,,589978,3,,,1,70,,589964,3,,,1,30,,589947,3,,,1,70,,589974,3,,,1,30,,589960,3,,,1,70,,589958,3,,,1,30,,589967,11,,,1,70,,589965,11,,,1,30,,589976,11,,,1,70,,589941,11,,,1,100,,589949,11,,,1,100,,589957,11,,,1
4500,'4-1',407,,589987,11,,,1,100,,590006,11,,,1,101,,590015,11,,,1,30,,589984,11,,,1,70,,590005,11,,,1,30,,590020,11,,,1,70,,590011,11,,,1,30,,589983,3,,,1,70,,589992,3,,,1,30,,589993,3,,,1,70,,590017,3,,,1,30,,590009,3,,,1,70,,590003,3,,,1,30,,589998,3,,,1,70,,589982,3,,,1,30,,590019,3,,,1,70,,589994,3,,,1,30,,590013,3,,,1,70,,590012,3,,,1,30,,589995,3,,,1,70,,589989,3,,,1,30,,590007,3,,,1,70,,589979,3,,,1,30,,590016,3,,,1,70,,589986,3,,,1,30,,590008,3,,,1,70,,589988,3,,,1,30,,589981,3,,,1,70,,589990,3,,,1,30,,589991,3,,,1,70,,589980,3,,,1,30,,590004,3,,,1,70,,590002,3,,,1,30,,589997,3,,,1,70,,589985,3,,,1,30,,589999,3,,,1,70,,589996,3,,,1,30,,590021,11,,,1,70,,590014,11,,,1,30,,590000,11,,,1,70,,590010,11,,,1,100,,590001,11,,,1,100,,590018,11,,,1
4500,'5-1',357,,590038,11,,,1,100,,590055,11,,,1,70,,590059,11,,,1,31,,590049,11,,,1,69,,590041,3,,,1,30,,590061,3,,,1,70,,590050,3,,,1,30,,590043,3,,,1,70,,590030,3,,,1,30,,590046,3,,,1,70,,590036,3,,,1,30,,590037,3,,,1,70,,590040,3,,,1,30,,590053,3,,,1,70,,590024,3,,,1,30,,590022,3,,,1,70,,590026,3,,,1,30,,590054,3,,,1,70,,590023,3,,,1,30,,590028,3,,,1,70,,590027,3,,,1,30,,590034,3,,,1,70,,590031,3,,,1,30,,590029,3,,,1,70,,590058,3,,,1,30,,590042,3,,,1,70,,590035,3,,,1,30,,590051,3,,,1,70,,590056,3,,,1,30,,590057,3,,,1,70,,590062,3,,,1,30,,590052,3,,,1,70,,590063,3,,,1,30,,590025,3,,,1,70,,590032,3,,,1,30,,590060,3,,,1,70,,590044,3,,,1,30,,590065,3,,,1,70,,590039,3,,,1,30,,590045,3,,,1,70,,590033,3,,,1,30,,590047,3,,,1,100,,590064,3,,,1,100,,590048,11,,,1
4500,'6-1',417,,590133,11,,,1,98,,590084,11,,,1,17,,590101,3,,,1,70,,590097,3,,,1,15,,590124,3,,,1,15,,590108,3,,,1,15,,590122,3,,,1,55,,590130,3,,,1,17,,590073,3,,,1,15,,590070,3,,,1,15,,590100,3,,,1,55,,590071,3,,,1,15,,590105,3,,,1,15,,590076,3,,,1,14,,590118,3,,,1,55,,590093,3,,,1,15,,590085,3,,,1,15,,590072,3,,,1,15,,590128,3,,,1,55,,590123,3,,,1,15,,590078,3,,,1,15,,590131,3,,,1,15,,590066,3,,,1,55,,590094,3,,,1,15,,590114,3,,,1,15,,590113,3,,,1,15,,590104,3,,,1,55,,590087,3,,,1,15,,590077,3,,,1,15,,590091,3,,,1,15,,590068,3,,,1,55,,590121,3,,,1,15,,590095,3,,,1,15,,590099,3,,,1,15,,590110,3,,,1,55,,590106,3,,,1,15,,590109,3,,,1,15,,590075,3,,,1,15,,590092,3,,,1,53,,590089,3,,,1,19,,590115,3,,,1,13,,590069,3,,,1,14,,590067,3,,,1,56,,590102,3,,,1,15,,590111,3,,,1,15,,590125,3,,,1,15,,590079,3,,,1,55,,590082,3,,,1,15,,590098,3,,,1,15,,590119,3,,,1,15,,590135,3,,,1,55,,590086,3,,,1,15,,590083,3,,,1,15,,590127,3,,,1,15,,590117,3,,,1,55,,590120,3,,,1,15,,590080,3,,,1,15,,590129,3,,,1,15,,590136,3,,,1,54,,590103,3,,,1,15,,590138,3,,,1,15,,590112,3,,,1,70,,590090,3,,,1,30,,590126,3,,,1,70,,590116,3,,,1,30,,590096,3,,,1,70,,590074,3,,,1,30,,590088,3,,,1,70,,590132,3,,,1,30,,590134,3,,,1,70,,590137,3,,,1,57,,590081,11,,,1,99,,590107,11,,,1
4500,'7-1',407,,590141,11,,,1,100,,590157,11,,,1,101,,590140,11,,,1,30,,590151,11,,,1,70,,590158,11,,,1,30,,590171,11,,,1,70,,590159,11,,,1,30,,590172,3,,,1,70,,590178,3,,,1,30,,590175,3,,,1,70,,590180,3,,,1,30,,590149,3,,,1,70,,590143,3,,,1,30,,590162,3,,,1,70,,590154,3,,,1,30,,590165,3,,,1,70,,590176,3,,,1,30,,590147,3,,,1,70,,590155,3,,,1,30,,590164,3,,,1,70,,590156,3,,,1,30,,590148,3,,,1,70,,590173,3,,,1,30,,590139,3,,,1,70,,590153,3,,,1,30,,590169,3,,,1,70,,590146,3,,,1,30,,590174,3,,,1,70,,590142,3,,,1,30,,590145,3,,,1,70,,590166,3,,,1,30,,590181,3,,,1,70,,590167,3,,,1,30,,590150,3,,,1,70,,590177,3,,,1,30,,590163,3,,,1,70,,590161,3,,,1,30,,590170,11,,,1,70,,590168,11,,,1,30,,590179,11,,,1,70,,590144,11,,,1,100,,590152,11,,,1,100,,590160,11,,,1
4500,'8-1',417,,590249,11,,,1,98,,590200,11,,,1,17,,590217,3,,,1,70,,590213,3,,,1,15,,590240,3,,,1,15,,590224,3,,,1,15,,590238,3,,,1,55,,590246,3,,,1,17,,590189,3,,,1,15,,590186,3,,,1,15,,590216,3,,,1,55,,590187,3,,,1,15,,590221,3,,,1,15,,590192,3,,,1,14,,590234,3,,,1,55,,590209,3,,,1,15,,590201,3,,,1,15,,590188,3,,,1,15,,590244,3,,,1,55,,590239,3,,,1,15,,590194,3,,,1,15,,590247,3,,,1,15,,590182,3,,,1,55,,590210,3,,,1,15,,590230,3,,,1,15,,590229,3,,,1,15,,590220,3,,,1,55,,590203,3,,,1,15,,590193,3,,,1,15,,590207,3,,,1,15,,590184,3,,,1,55,,590237,3,,,1,15,,590211,3,,,1,15,,590215,3,,,1,15,,590226,3,,,1,55,,590222,3,,,1,15,,590225,3,,,1,15,,590191,3,,,1,15,,590208,3,,,1,53,,590205,3,,,1,19,,590231,3,,,1,13,,590185,3,,,1,14,,590183,3,,,1,56,,590218,3,,,1,15,,590227,3,,,1,15,,590241,3,,,1,15,,590195,3,,,1,55,,590198,3,,,1,15,,590214,3,,,1,15,,590235,3,,,1,15,,590251,3,,,1,55,,590202,3,,,1,15,,590199,3,,,1,15,,590243,3,,,1,15,,590233,3,,,1,55,,590236,3,,,1,15,,590196,3,,,1,15,,590245,3,,,1,15,,590252,3,,,1,54,,590219,3,,,1,15,,590254,3,,,1,15,,590228,3,,,1,70,,590206,3,,,1,30,,590242,3,,,1,70,,590232,3,,,1,30,,590212,3,,,1,70,,590190,3,,,1,30,,590204,3,,,1,70,,590248,3,,,1,30,,590250,3,,,1,70,,590253,3,,,1,57,,590197,11,,,1,99,,590223,11,,,1
4500,'9-1',357,,590262,11,,,1,100,,590276,11,,,1,70,,590296,11,,,1,31,,590285,11,,,1,69,,590281,3,,,1,30,,590289,3,,,1,70,,590298,3,,,1,30,,590295,3,,,1,70,,590267,3,,,1,30,,590275,3,,,1,70,,590265,3,,,1,30,,590291,3,,,1,70,,590277,3,,,1,30,,590259,3,,,1,70,,590257,3,,,1,30,,590282,3,,,1,70,,590269,3,,,1,30,,590264,3,,,1,70,,590258,3,,,1,30,,590293,3,,,1,70,,590261,3,,,1,30,,590280,3,,,1,70,,590272,3,,,1,30,,590294,3,,,1,70,,590283,3,,,1,30,,590268,3,,,1,70,,590256,3,,,1,30,,590278,3,,,1,70,,590270,3,,,1,30,,590260,3,,,1,70,,590292,3,,,1,30,,590297,3,,,1,70,,590273,3,,,1,30,,590284,3,,,1,70,,590255,3,,,1,30,,590263,3,,,1,70,,590271,3,,,1,30,,590288,3,,,1,70,,590274,3,,,1,30,,590287,3,,,1,70,,590279,3,,,1,30,,590286,3,,,1,100,,590290,11,,,1,100,,590266,11,,,1
