1201,'1-1',406,,484192,10,0,68,1,20,,484262,10,0,68,1,32,,484239,10,0,68,1,71,,484247,10,0,68,1,25,,484195,10,,,1,61,,484190,10,,,1,16,,484246,10,,,1,15,,484212,10,,,1,54,,484218,10,,,1,17,,484205,10,,,1,12,,484251,10,,,1,16,,484244,10,,,1,14,,484232,10,,,1,55,,484191,10,,,1,16,,484189,10,,,1,14,,484242,10,,,1,15,,484241,10,,,1,55,,484219,10,,,1,15,,484213,10,,,1,15,,484209,10,,,1,15,,484208,10,,,1,54,,484228,10,,,1,14,,484204,10,,,1,14,,484210,10,,,1,14,,484206,10,,,1,55,,484187,10,,,1,15,,484233,10,,,1,16,,484225,10,,,1,16,,484248,10,,,1,56,,484220,10,,,1,16,,484237,10,,,1,16,,484215,10,,,1,56,,484257,10,,,1,14,,484245,10,,,1,15,,484236,10,,,1,15,,484200,10,,,1,55,,484235,10,,,1,15,,484194,10,,,1,15,,484197,10,,,1,15,,484226,10,,,1,55,,484253,10,,,1,15,,484229,10,,,1,16,,484211,10,,,1,15,,484230,10,,,1,58,,484199,10,,,1,13,,484217,10,,,1,17,,484260,10,,,1,16,,484227,10,,,1,54,,484255,10,,,1,16,,484222,10,,,1,15,,484259,10,,,1,14,,484231,10,0,68,1,55,,484263,10,,,1,14,,484250,10,0,68,1,15,,484201,10,,,1,13,,484198,10,0,68,1,55,,484223,10,,,1,14,,484254,10,0,68,1,14,,484188,10,,,1,15,,484203,10,0,68,1,14,,484196,10,,,1,55,,484234,10,0,68,1,15,,484202,10,,,1,15,,484249,10,0,68,1,15,,484207,10,,,1,55,,484258,10,0,68,1,15,,484252,10,,,1,15,,484224,10,0,68,1,15,,484256,10,,,1,55,,484216,10,0,68,1,15,,484240,10,,,1,19,,484243,10,0,68,1,59,,484214,10,0,68,1,29,,484221,10,0,68,1,71,,484238,10,0,68,1,30,,484261,10,0,68,1,80,,484193,10,0,68,1
1201,'2-1',601,,484339,10,0,68,1,30,,484278,10,0,68,1,70,,484329,10,0,68,1,30,,484300,10,0,68,1,70,,484313,10,,,1,30,,484286,10,,,1,23,,484279,10,,,1,55,,484344,10,0,68,1,15,,484338,10,,,1,15,,484311,10,0,68,1,15,,484337,10,,,1,55,,484343,10,0,68,1,10,,484341,10,,,1,10,,484302,10,0,68,1,10,,484328,10,0,68,1,10,,484316,10,,,1,10,,484271,10,0,68,1,50,,484323,10,0,68,1,10,,484335,10,,,1,10,,484275,10,0,68,1,10,,484291,10,0,68,1,10,,484336,10,,,1,10,,484273,10,0,68,1,50,,484266,10,0,68,1,10,,484283,10,,,1,10,,484295,10,0,68,1,10,,484333,10,0,68,1,10,,484307,10,,,1,10,,484301,10,0,68,1,50,,484265,10,0,68,1,10,,484334,10,,,1,10,,484294,10,0,68,1,10,,484264,10,0,68,1,10,,484272,10,,,1,10,,484298,10,0,68,1,50,,484290,10,0,68,1,10,,484287,10,,,1,10,,484268,10,0,68,1,10,,484299,10,0,68,1,10,,484282,10,,,1,10,,484309,10,0,68,1,50,,484297,10,0,68,1,10,,484314,10,,,1,10,,484288,10,0,68,1,10,,484331,10,0,68,1,10,,484342,10,,,1,10,,484280,10,0,68,1,50,,484269,10,0,68,1,10,,484327,10,,,1,10,,484289,10,0,68,1,10,,484317,10,0,68,1,10,,484325,10,,,1,10,,484322,10,0,68,1,50,,484308,10,0,68,1,10,,484320,10,,,1,10,,484318,10,0,68,1,10,,484285,10,0,68,1,10,,484306,10,,,1,10,,484276,10,0,68,1,50,,484292,10,0,68,1,10,,484281,10,,,1,10,,484277,10,0,68,1,10,,484315,10,0,68,1,10,,484312,10,0,68,1,10,,484332,10,0,68,1,50,,484293,10,0,68,1,20,,484310,10,0,68,1,20,,484270,10,0,68,1,60,,484340,10,0,68,1,20,,484296,10,,,1,20,,484305,10,0,68,1,60,,484324,10,0,68,1,20,,484303,10,,,1,20,,484304,10,0,68,1,60,,484321,10,0,68,1,20,,484284,10,,,1,20,,484326,10,0,68,1,60,,484330,10,0,68,1,30,,484319,10,,,1,80,,484274,10,0,68,1,30,,484267,10,0,68,1
1201,'3-1',449,,484386,10,0,68,1,70,,484372,10,0,68,1,31,,484402,10,0,68,1,70,,484382,10,0,68,1,30,,484394,10,0,68,1,70,,484377,10,,,1,30,,484405,10,,,1,54,,484404,10,0,68,1,14,,484347,10,,,1,14,,484378,10,0,68,1,15,,484346,10,,,1,55,,484348,10,0,68,1,15,,484345,10,,,1,15,,484403,10,0,68,1,15,,484407,10,,,1,55,,484357,10,0,68,1,15,,484356,10,,,1,15,,484388,10,0,68,1,15,,484390,10,,,1,55,,484366,10,0,68,1,15,,484367,10,,,1,15,,484373,10,0,68,1,15,,484349,10,,,1,55,,484368,10,0,68,1,15,,484364,10,,,1,15,,484362,10,0,68,1,15,,484396,10,,,1,55,,484387,10,0,68,1,15,,484408,10,,,1,15,,484411,10,0,68,1,15,,484380,10,,,1,55,,484406,10,0,68,1,15,,484358,10,,,1,15,,484392,10,0,68,1,15,,484385,10,,,1,55,,484379,10,0,68,1,15,,484391,10,,,1,15,,484351,10,0,68,1,15,,484401,10,,,1,55,,484359,10,0,68,1,15,,484400,10,,,1,15,,484354,10,0,68,1,15,,484352,10,,,1,55,,484410,10,0,68,1,15,,484397,10,,,1,15,,484381,10,0,68,1,15,,484398,10,,,1,55,,484355,10,0,68,1,15,,484360,10,,,1,15,,484371,10,0,68,1,15,,484409,10,,,1,55,,484393,10,0,68,1,15,,484375,10,,,1,15,,484361,10,0,68,1,15,,484389,10,,,1,55,,484395,10,0,68,1,15,,484374,10,,,1,15,,484365,10,0,68,1,18,,484376,10,,,1,70,,484399,10,0,68,1,30,,484384,10,,,1,70,,484353,10,0,68,1,30,,484363,10,,,1,70,,484350,10,0,68,1,30,,484369,10,0,68,1,70,,484370,10,0,68,1,30,,484383,10,0,68,1
1201,'4-1',449,,484431,10,0,68,1,70,,484473,10,0,68,1,31,,484466,10,0,68,1,70,,484435,10,0,68,1,30,,484452,10,0,68,1,70,,484443,10,,,1,30,,484412,10,,,1,54,,484420,10,0,68,1,14,,484418,10,,,1,14,,484465,10,0,68,1,15,,484417,10,,,1,55,,484448,10,0,68,1,15,,484432,10,,,1,15,,484425,10,0,68,1,15,,484474,10,,,1,55,,484451,10,0,68,1,15,,484416,10,,,1,15,,484459,10,0,68,1,15,,484439,10,,,1,55,,484463,10,0,68,1,15,,484428,10,,,1,15,,484462,10,0,68,1,15,,484427,10,,,1,55,,484430,10,0,68,1,15,,484468,10,,,1,15,,484461,10,0,68,1,15,,484413,10,,,1,55,,484455,10,0,68,1,15,,484433,10,,,1,15,,484424,10,0,68,1,15,,484414,10,,,1,55,,484415,10,0,68,1,15,,484444,10,,,1,15,,484454,10,0,68,1,15,,484446,10,,,1,55,,484476,10,0,68,1,15,,484458,10,,,1,15,,484460,10,0,68,1,70,,484475,10,0,68,1,12,,484437,10,,,1,18,,484469,10,0,68,1,15,,484441,10,,,1,55,,484434,10,0,68,1,15,,484449,10,,,1,15,,484450,10,0,68,1,70,,484445,10,0,68,1,15,,484464,10,,,1,15,,484453,10,0,68,1,15,,484422,10,,,1,55,,484426,10,0,68,1,15,,484440,10,,,1,15,,484423,10,0,68,1,15,,484429,10,,,1,55,,484456,10,0,68,1,15,,484436,10,,,1,15,,484471,10,0,68,1,18,,484442,10,,,1,70,,484472,10,0,68,1,30,,484421,10,,,1,70,,484457,10,0,68,1,30,,484447,10,,,1,70,,484419,10,0,68,1,30,,484438,10,0,68,1,70,,484467,10,0,68,1,30,,484470,10,0,68,1
1201,'5-1',406,,484482,10,0,68,1,20,,484552,10,0,68,1,32,,484529,10,0,68,1,71,,484537,10,0,68,1,25,,484485,10,,,1,61,,484480,10,,,1,16,,484536,10,,,1,15,,484502,10,,,1,54,,484508,10,,,1,17,,484495,10,,,1,12,,484541,10,,,1,16,,484534,10,,,1,14,,484522,10,,,1,55,,484481,10,,,1,16,,484479,10,,,1,14,,484532,10,,,1,15,,484531,10,,,1,55,,484509,10,,,1,15,,484503,10,,,1,15,,484499,10,,,1,15,,484498,10,,,1,54,,484518,10,,,1,14,,484494,10,,,1,14,,484500,10,,,1,14,,484496,10,,,1,55,,484477,10,,,1,15,,484523,10,,,1,16,,484515,10,,,1,16,,484538,10,,,1,56,,484510,10,,,1,16,,484527,10,,,1,16,,484505,10,,,1,56,,484547,10,,,1,14,,484535,10,,,1,15,,484526,10,,,1,15,,484490,10,,,1,55,,484525,10,,,1,15,,484484,10,,,1,15,,484487,10,,,1,15,,484516,10,,,1,55,,484543,10,,,1,15,,484519,10,,,1,16,,484501,10,,,1,15,,484520,10,,,1,58,,484489,10,,,1,13,,484507,10,,,1,17,,484550,10,,,1,16,,484517,10,,,1,54,,484545,10,,,1,16,,484512,10,,,1,15,,484549,10,,,1,14,,484521,10,0,68,1,55,,484553,10,,,1,14,,484540,10,0,68,1,15,,484491,10,,,1,13,,484488,10,0,68,1,55,,484513,10,,,1,14,,484544,10,0,68,1,14,,484478,10,,,1,15,,484493,10,0,68,1,14,,484486,10,,,1,55,,484524,10,0,68,1,15,,484492,10,,,1,15,,484539,10,0,68,1,15,,484497,10,,,1,55,,484548,10,0,68,1,15,,484542,10,,,1,15,,484514,10,0,68,1,15,,484546,10,,,1,55,,484506,10,0,68,1,15,,484530,10,,,1,19,,484533,10,0,68,1,59,,484504,10,0,68,1,29,,484511,10,0,68,1,71,,484528,10,0,68,1,30,,484551,10,0,68,1,80,,484483,10,0,68,1
1201,'6-1',601,,484591,10,0,68,1,30,,484578,10,0,68,1,70,,484596,10,0,68,1,30,,484565,10,0,68,1,70,,484571,10,,,1,30,,484580,10,,,1,23,,484582,10,,,1,55,,484598,10,0,68,1,15,,484563,10,,,1,15,,484599,10,0,68,1,15,,484601,10,,,1,70,,484589,10,,,1,15,,484560,10,0,68,1,15,,484566,10,,,1,55,,484590,10,0,68,1,30,,484558,10,0,68,1,70,,484554,10,0,68,1,15,,484577,10,,,1,15,,484595,10,0,68,1,15,,484568,10,,,1,55,,484581,10,0,68,1,15,,484570,10,,,1,15,,484574,10,0,68,1,15,,484573,10,,,1,55,,484586,10,0,68,1,15,,484575,10,,,1,15,,484579,10,0,68,1,15,,484564,10,,,1,55,,484592,10,0,68,1,15,,484556,10,,,1,15,,484559,10,0,68,1,15,,484597,10,,,1,55,,484602,10,0,68,1,15,,484572,10,,,1,15,,484569,10,0,68,1,15,,484600,10,,,1,70,,484587,10,,,1,15,,484557,10,0,68,1,70,,484576,10,,,1,30,,484583,10,0,68,1,70,,484594,10,0,68,1,30,,484555,10,0,68,1,70,,484588,10,0,68,1,30,,484562,10,0,68,1,70,,484561,10,0,68,1,30,,484593,10,0,68,1,100,,484567,10,0,68,1,70,,484584,10,0,68,1,110,,484585,10,0,68,1
1201,'7-1',406,,484608,10,0,68,1,20,,484678,10,0,68,1,32,,484655,10,0,68,1,71,,484663,10,0,68,1,25,,484611,10,,,1,61,,484606,10,,,1,16,,484662,10,,,1,15,,484628,10,,,1,54,,484634,10,,,1,17,,484621,10,,,1,12,,484667,10,,,1,16,,484660,10,,,1,14,,484648,10,,,1,55,,484607,10,,,1,16,,484605,10,,,1,14,,484658,10,,,1,15,,484657,10,,,1,55,,484635,10,,,1,15,,484629,10,,,1,15,,484625,10,,,1,15,,484624,10,,,1,54,,484644,10,,,1,14,,484620,10,,,1,14,,484626,10,,,1,14,,484622,10,,,1,55,,484603,10,,,1,15,,484649,10,,,1,16,,484641,10,,,1,16,,484664,10,,,1,56,,484636,10,,,1,16,,484653,10,,,1,16,,484631,10,,,1,56,,484673,10,,,1,14,,484661,10,,,1,15,,484652,10,,,1,15,,484616,10,,,1,55,,484651,10,,,1,15,,484610,10,,,1,15,,484613,10,,,1,15,,484642,10,,,1,55,,484669,10,,,1,15,,484645,10,,,1,16,,484627,10,,,1,15,,484646,10,,,1,58,,484615,10,,,1,13,,484633,10,,,1,17,,484676,10,,,1,16,,484643,10,,,1,54,,484671,10,,,1,16,,484638,10,,,1,15,,484675,10,,,1,14,,484647,10,0,68,1,55,,484679,10,,,1,14,,484666,10,0,68,1,15,,484617,10,,,1,13,,484614,10,0,68,1,55,,484639,10,,,1,14,,484670,10,0,68,1,14,,484604,10,,,1,15,,484619,10,0,68,1,14,,484612,10,,,1,55,,484650,10,0,68,1,15,,484618,10,,,1,15,,484665,10,0,68,1,15,,484623,10,,,1,55,,484674,10,0,68,1,15,,484668,10,,,1,15,,484640,10,0,68,1,15,,484672,10,,,1,55,,484632,10,0,68,1,15,,484656,10,,,1,19,,484659,10,0,68,1,59,,484630,10,0,68,1,29,,484637,10,0,68,1,71,,484654,10,0,68,1,30,,484677,10,0,68,1,80,,484609,10,0,68,1
1201,'8-1',406,,484685,10,0,68,1,20,,484755,10,0,68,1,32,,484732,10,0,68,1,71,,484740,10,0,68,1,25,,484688,10,,,1,61,,484683,10,,,1,16,,484739,10,,,1,15,,484705,10,,,1,54,,484711,10,,,1,17,,484698,10,,,1,12,,484744,10,,,1,16,,484737,10,,,1,14,,484725,10,,,1,55,,484684,10,,,1,16,,484682,10,,,1,14,,484735,10,,,1,15,,484734,10,,,1,55,,484712,10,,,1,15,,484706,10,,,1,15,,484702,10,,,1,15,,484701,10,,,1,54,,484721,10,,,1,14,,484697,10,,,1,14,,484703,10,,,1,14,,484699,10,,,1,55,,484680,10,,,1,15,,484726,10,,,1,16,,484718,10,,,1,16,,484741,10,,,1,56,,484713,10,,,1,16,,484730,10,,,1,16,,484708,10,,,1,56,,484750,10,,,1,14,,484738,10,,,1,15,,484729,10,,,1,15,,484693,10,,,1,55,,484728,10,,,1,15,,484687,10,,,1,15,,484690,10,,,1,15,,484719,10,,,1,55,,484746,10,,,1,15,,484722,10,,,1,16,,484704,10,,,1,15,,484723,10,,,1,58,,484692,10,,,1,13,,484710,10,,,1,17,,484753,10,,,1,16,,484720,10,,,1,54,,484748,10,,,1,16,,484715,10,,,1,15,,484752,10,,,1,14,,484724,10,0,68,1,55,,484756,10,,,1,14,,484743,10,0,68,1,15,,484694,10,,,1,13,,484691,10,0,68,1,55,,484716,10,,,1,14,,484747,10,0,68,1,14,,484681,10,,,1,15,,484696,10,0,68,1,14,,484689,10,,,1,55,,484727,10,0,68,1,15,,484695,10,,,1,15,,484742,10,0,68,1,15,,484700,10,,,1,55,,484751,10,0,68,1,15,,484745,10,,,1,15,,484717,10,0,68,1,15,,484749,10,,,1,55,,484709,10,0,68,1,15,,484733,10,,,1,19,,484736,10,0,68,1,59,,484707,10,0,68,1,29,,484714,10,0,68,1,71,,484731,10,0,68,1,30,,484754,10,0,68,1,80,,484686,10,0,68,1
1201,'9-1',406,,484762,10,0,68,1,20,,484832,10,0,68,1,32,,484809,10,0,68,1,71,,484817,10,0,68,1,25,,484765,10,,,1,61,,484760,10,,,1,16,,484816,10,,,1,15,,484782,10,,,1,54,,484788,10,,,1,17,,484775,10,,,1,12,,484821,10,,,1,16,,484814,10,,,1,14,,484802,10,,,1,55,,484761,10,,,1,16,,484759,10,,,1,14,,484812,10,,,1,15,,484811,10,,,1,55,,484789,10,,,1,15,,484783,10,,,1,15,,484779,10,,,1,15,,484778,10,,,1,54,,484798,10,,,1,14,,484774,10,,,1,14,,484780,10,,,1,14,,484776,10,,,1,55,,484757,10,,,1,15,,484803,10,,,1,16,,484795,10,,,1,16,,484818,10,,,1,56,,484790,10,,,1,16,,484807,10,,,1,16,,484785,10,,,1,56,,484827,10,,,1,14,,484815,10,,,1,15,,484806,10,,,1,15,,484770,10,,,1,55,,484805,10,,,1,15,,484764,10,,,1,15,,484767,10,,,1,15,,484796,10,,,1,55,,484823,10,,,1,15,,484799,10,,,1,16,,484781,10,,,1,15,,484800,10,,,1,58,,484769,10,,,1,13,,484787,10,,,1,17,,484830,10,,,1,16,,484797,10,,,1,54,,484825,10,,,1,16,,484792,10,,,1,15,,484829,10,,,1,14,,484801,10,0,68,1,55,,484833,10,,,1,14,,484820,10,0,68,1,15,,484771,10,,,1,13,,484768,10,0,68,1,55,,484793,10,,,1,14,,484824,10,0,68,1,14,,484758,10,,,1,15,,484773,10,0,68,1,14,,484766,10,,,1,55,,484804,10,0,68,1,15,,484772,10,,,1,15,,484819,10,0,68,1,15,,484777,10,,,1,55,,484828,10,0,68,1,15,,484822,10,,,1,15,,484794,10,0,68,1,15,,484826,10,,,1,55,,484786,10,0,68,1,15,,484810,10,,,1,19,,484813,10,0,68,1,59,,484784,10,0,68,1,29,,484791,10,0,68,1,71,,484808,10,0,68,1,30,,484831,10,0,68,1,80,,484763,10,0,68,1
2400,'1-1',540,,488259,22,,,1,86,,488231,22,0,135,1,15,,488263,22,,,1,16,,488258,22,0,135,1,56,,488238,22,,,1,14,,488225,22,0,135,1,17,,488266,22,,,1,15,,488245,22,0,135,1,54,,488239,22,,,1,18,,488247,22,0,135,1,14,,488242,22,,,1,56,,488232,22,0,135,1,13,,488264,22,,,1,30,,488250,22,,,1,70,,488253,22,,,1,30,,488265,22,,,1,70,,488261,22,,,1,30,,488257,22,,,1,70,,488222,22,,,1,30,,488241,22,,,1,70,,488255,22,,,1,32,,488229,22,,,1,70,,488235,22,,,1,26,,488256,22,,,1,68,,488249,22,0,135,1,27,,488226,22,0,135,1,19,,488243,22,0,135,1,69,,488233,22,0,135,1,15,,488237,22,0,135,1,17,,488230,22,0,135,1,53,,488224,22,0,135,1,16,,488227,22,0,135,1,14,,488260,22,0,135,1,16,,488252,22,0,135,1,54,,488223,22,0,135,1,22,,488236,22,0,135,1,70,,488254,22,,,1,30,,488228,22,0,135,1,25,,488234,22,,,1,73,,488262,22,0,135,1,71,,488244,22,,,1,32,,488246,22,0,135,1,71,,488251,22,,,1,100,,488248,22,,,1,28,,488240,22,0,135,1
2400,'2-1',826,,488286,22,0,135,1,100,,488291,22,0,69,1,100,,488287,22,0,69,1,30,,488271,22,0,69,1,70,,488278,22,0,69,1,30,,488293,22,0,69,1,72,,488292,22,0,69,1,30,,488283,22,0,69,1,70,,488279,22,0,69,1,30,,488288,22,0,69,1,70,,488281,22,0,69,1,30,,488269,22,0,69,1,70,,488272,22,0,69,1,30,,488275,22,0,69,1,70,,488267,22,0,69,1,30,,488280,22,0,69,1,70,,488276,22,0,69,1,30,,488285,22,0,69,1,68,,488274,22,0,69,1,30,,488289,22,0,69,1,70,,488270,22,0,69,1,30,,488282,22,0,69,1,98,,488284,22,0,69,1,100,,488290,22,0,69,1,100,,488268,22,0,69,1,99,,488277,22,0,69,1,100,,488273,22,0,69,1
2400,'3-1',654,,488321,22,0,69,1,100,,488296,22,0,69,1,71,,488319,22,0,69,1,30,,488294,22,0,69,1,70,,488317,22,0,69,1,30,,488303,22,0,69,1,72,,488311,22,0,69,1,30,,488298,22,0,69,1,70,,488323,22,0,69,1,30,,488313,22,0,69,1,72,,488310,22,0,69,1,30,,488322,22,0,69,1,70,,488318,22,0,69,1,30,,488297,22,0,69,1,70,,488295,22,0,69,1,30,,488324,22,0,69,1,70,,488320,22,0,69,1,30,,488301,22,0,69,1,70,,488300,22,0,69,1,30,,488306,22,0,69,1,70,,488304,22,0,69,1,30,,488302,22,0,69,1,68,,488315,22,0,69,1,30,,488309,22,0,69,1,70,,488308,22,0,69,1,30,,488316,22,0,69,1,68,,488307,22,0,69,1,30,,488305,11,0,69,1,100,,488312,11,0,69,1,100,,488314,11,0,69,1,100,,488299,11,0,69,1
2400,'4-1',654,,488341,22,0,69,1,100,,488338,22,0,69,1,101,,488351,22,0,69,1,70,,488345,22,0,69,1,30,,488344,22,0,69,1,72,,488343,22,0,69,1,30,,488334,22,0,69,1,70,,488339,22,0,69,1,30,,488342,22,0,69,1,72,,488348,22,0,69,1,30,,488350,22,0,69,1,70,,488328,22,0,69,1,30,,488332,22,0,69,1,100,,488336,22,0,69,1,70,,488327,22,0,69,1,30,,488326,22,0,69,1,100,,488333,22,0,69,1,70,,488346,22,0,69,1,30,,488347,22,0,69,1,68,,488335,22,0,69,1,101,,488329,22,0,69,1,29,,488337,22,0,69,1,68,,488349,22,0,69,1,30,,488340,11,0,69,1,100,,488325,11,0,69,1,100,,488331,11,0,69,1,100,,488330,11,0,69,1
2400,'5-1',540,,488389,22,,,1,86,,488361,22,0,135,1,15,,488393,22,,,1,16,,488388,22,0,135,1,56,,488368,22,,,1,14,,488355,22,0,135,1,17,,488396,22,,,1,15,,488375,22,0,135,1,54,,488369,22,,,1,18,,488377,22,0,135,1,14,,488372,22,,,1,56,,488362,22,0,135,1,13,,488394,22,,,1,30,,488380,22,,,1,70,,488383,22,,,1,30,,488395,22,,,1,70,,488391,22,,,1,30,,488387,22,,,1,70,,488352,22,,,1,30,,488371,22,,,1,70,,488385,22,,,1,32,,488359,22,,,1,70,,488365,22,,,1,26,,488386,22,,,1,68,,488379,22,0,135,1,27,,488356,22,0,135,1,19,,488373,22,0,135,1,69,,488363,22,0,135,1,15,,488367,22,0,135,1,17,,488360,22,0,135,1,53,,488354,22,0,135,1,16,,488357,22,0,135,1,14,,488390,22,0,135,1,16,,488382,22,0,135,1,54,,488353,22,0,135,1,22,,488366,22,0,135,1,70,,488384,22,,,1,30,,488358,22,0,135,1,25,,488364,22,,,1,73,,488392,22,0,135,1,71,,488374,22,,,1,32,,488376,22,0,135,1,71,,488381,22,,,1,100,,488378,22,,,1,28,,488370,22,0,135,1
2400,'6-1',826,,488406,22,0,135,1,100,,488398,22,0,69,1,100,,488405,22,0,69,1,30,,488414,22,0,69,1,70,,488408,22,0,69,1,30,,488416,22,0,69,1,72,,488400,22,0,69,1,100,,488411,22,0,69,1,30,,488412,22,0,69,1,70,,488407,22,0,69,1,30,,488404,22,0,69,1,70,,488397,22,0,69,1,30,,488417,22,0,69,1,70,,488399,22,0,69,1,30,,488413,22,0,69,1,100,,488418,22,0,69,1,68,,488409,22,0,69,1,30,,488403,22,0,135,1,70,,488402,22,0,135,1,30,,488401,22,0,135,1,198,,488415,11,0,135,1,100,,488410,11,0,135,1
2400,'7-1',540,,488456,22,,,1,86,,488428,22,0,135,1,15,,488460,22,,,1,16,,488455,22,0,135,1,56,,488435,22,,,1,14,,488422,22,0,135,1,17,,488463,22,,,1,15,,488442,22,0,135,1,54,,488436,22,,,1,18,,488444,22,0,135,1,14,,488439,22,,,1,56,,488429,22,0,135,1,13,,488461,22,,,1,30,,488447,22,,,1,70,,488450,22,,,1,30,,488462,22,,,1,70,,488458,22,,,1,30,,488454,22,,,1,70,,488419,22,,,1,30,,488438,22,,,1,70,,488452,22,,,1,32,,488426,22,,,1,70,,488432,22,,,1,26,,488453,22,,,1,68,,488446,22,0,135,1,27,,488423,22,0,135,1,19,,488440,22,0,135,1,69,,488430,22,0,135,1,15,,488434,22,0,135,1,17,,488427,22,0,135,1,53,,488421,22,0,135,1,16,,488424,22,0,135,1,14,,488457,22,0,135,1,16,,488449,22,0,135,1,54,,488420,22,0,135,1,22,,488433,22,0,135,1,70,,488451,22,,,1,30,,488425,22,0,135,1,25,,488431,22,,,1,73,,488459,22,0,135,1,71,,488441,22,,,1,32,,488443,22,0,135,1,71,,488448,22,,,1,100,,488445,22,,,1,28,,488437,22,0,135,1
2400,'8-1',540,,488501,22,,,1,86,,488473,22,0,135,1,15,,488505,22,,,1,16,,488500,22,0,135,1,56,,488480,22,,,1,14,,488467,22,0,135,1,17,,488508,22,,,1,15,,488487,22,0,135,1,54,,488481,22,,,1,18,,488489,22,0,135,1,14,,488484,22,,,1,56,,488474,22,0,135,1,13,,488506,22,,,1,30,,488492,22,,,1,70,,488495,22,,,1,30,,488507,22,,,1,70,,488503,22,,,1,30,,488499,22,,,1,70,,488464,22,,,1,30,,488483,22,,,1,70,,488497,22,,,1,32,,488471,22,,,1,70,,488477,22,,,1,26,,488498,22,,,1,68,,488491,22,0,135,1,27,,488468,22,0,135,1,19,,488485,22,0,135,1,69,,488475,22,0,135,1,15,,488479,22,0,135,1,17,,488472,22,0,135,1,53,,488466,22,0,135,1,16,,488469,22,0,135,1,14,,488502,22,0,135,1,16,,488494,22,0,135,1,54,,488465,22,0,135,1,22,,488478,22,0,135,1,70,,488496,22,,,1,30,,488470,22,0,135,1,25,,488476,22,,,1,73,,488504,22,0,135,1,71,,488486,22,,,1,32,,488488,22,0,135,1,71,,488493,22,,,1,100,,488490,22,,,1,28,,488482,22,0,135,1
2400,'9-1',540,,488546,22,,,1,86,,488518,22,0,135,1,15,,488550,22,,,1,16,,488545,22,0,135,1,56,,488525,22,,,1,14,,488512,22,0,135,1,17,,488553,22,,,1,15,,488532,22,0,135,1,54,,488526,22,,,1,18,,488534,22,0,135,1,14,,488529,22,,,1,56,,488519,22,0,135,1,13,,488551,22,,,1,30,,488537,22,,,1,70,,488540,22,,,1,30,,488552,22,,,1,70,,488548,22,,,1,30,,488544,22,,,1,70,,488509,22,,,1,30,,488528,22,,,1,70,,488542,22,,,1,32,,488516,22,,,1,70,,488522,22,,,1,26,,488543,22,,,1,68,,488536,22,0,135,1,27,,488513,22,0,135,1,19,,488530,22,0,135,1,69,,488520,22,0,135,1,15,,488524,22,0,135,1,17,,488517,22,0,135,1,53,,488511,22,0,135,1,16,,488514,22,0,135,1,14,,488547,22,0,135,1,16,,488539,22,0,135,1,54,,488510,22,0,135,1,22,,488523,22,0,135,1,70,,488541,22,,,1,30,,488515,22,0,135,1,25,,488521,22,,,1,73,,488549,22,0,135,1,71,,488531,22,,,1,32,,488533,22,0,135,1,71,,488538,22,,,1,100,,488535,22,,,1,28,,488527,22,0,135,1
