8801,'1-1',424,,612198,10,,,1,30,,612156,10,,,1,71,,612136,10,,,1,30,,612186,10,,,1,57,,612199,10,,,1,14,,612188,10,,,1,16,,612145,10,,,1,15,,612193,10,,,1,55,,612182,10,,,1,15,,612175,10,,,1,16,,612141,10,,,1,15,,612157,10,,,1,55,,612161,10,,,1,17,,612162,10,,,1,15,,612176,10,0,14,1,13,,612177,10,,,1,55,,612192,10,0,14,1,15,,612170,10,,,1,15,,612147,10,0,14,1,15,,612173,10,,,1,55,,612149,10,0,14,1,15,,612187,10,,,1,15,,612152,10,0,14,1,15,,612166,10,,,1,55,,612197,10,0,14,1,15,,612144,10,,,1,15,,612181,10,0,14,1,15,,612169,10,,,1,55,,612180,10,0,14,1,15,,612159,10,,,1,15,,612171,10,0,14,1,15,,612174,10,,,1,55,,612140,10,0,14,1,16,,612146,10,,,1,15,,612168,10,0,14,1,15,,612184,10,,,1,55,,612165,10,0,14,1,14,,612138,10,,,1,17,,612201,10,,,1,55,,612155,10,,,1,15,,612150,10,,,1,15,,612163,10,,,1,15,,612206,10,,,1,55,,612203,10,,,1,16,,612153,10,,,1,15,,612139,10,,,1,14,,612154,10,,,1,55,,612196,10,,,1,15,,612190,10,,,1,15,,612189,10,,,1,14,,612178,10,,,1,15,,612142,10,,,1,54,,612191,10,,,1,15,,612205,10,,,1,15,,612202,10,,,1,59,,612194,10,,,1,20,,612151,10,,,1,20,,612200,10,,,1,60,,612195,10,,,1,20,,612167,10,,,1,20,,612160,10,,,1,60,,612172,10,,,1,20,,612137,10,,,1,20,,612143,10,,,1,60,,612158,10,,,1,20,,612183,10,,,1,20,,612179,10,,,1,70,,612185,10,,,1,29,,612135,10,,,1,68,,612148,10,,,1,30,,612204,10,,,1,70,,612164,10,,,1
8801,'10-1',424,,612259,10,,,1,30,,612220,10,,,1,71,,612256,10,,,1,30,,612234,10,,,1,57,,612209,10,,,1,14,,612275,10,,,1,16,,612265,10,,,1,15,,612229,10,,,1,55,,612208,10,,,1,15,,612224,10,,,1,16,,612216,10,,,1,15,,612269,10,,,1,55,,612228,10,,,1,17,,612225,10,,,1,15,,612245,10,0,14,1,13,,612277,10,,,1,55,,612223,10,0,14,1,15,,612260,10,,,1,15,,612248,10,0,14,1,15,,612231,10,,,1,55,,612263,10,0,14,1,15,,612268,10,,,1,15,,612252,10,0,14,1,15,,612210,10,,,1,55,,612239,10,0,14,1,15,,612207,10,,,1,15,,612237,10,0,14,1,15,,612214,10,,,1,55,,612251,10,0,14,1,15,,612242,10,,,1,15,,612262,10,0,14,1,15,,612264,10,,,1,55,,612276,10,0,14,1,16,,612226,10,,,1,15,,612261,10,0,14,1,15,,612271,10,,,1,55,,612240,10,0,14,1,14,,612253,10,,,1,17,,612278,10,,,1,55,,612222,10,,,1,15,,612250,10,,,1,15,,612273,10,,,1,15,,612258,10,,,1,55,,612212,10,,,1,16,,612272,10,,,1,15,,612218,10,,,1,14,,612232,10,,,1,55,,612211,10,,,1,15,,612221,10,,,1,15,,612249,10,,,1,14,,612227,10,,,1,15,,612270,10,,,1,54,,612266,10,,,1,15,,612230,10,,,1,15,,612255,10,,,1,59,,612247,10,,,1,20,,612274,10,,,1,20,,612244,10,,,1,60,,612257,10,,,1,20,,612235,10,,,1,20,,612213,10,,,1,60,,612254,10,,,1,20,,612236,10,,,1,20,,612243,10,,,1,60,,612246,10,,,1,20,,612233,10,,,1,20,,612238,10,,,1,70,,612215,10,,,1,29,,612267,10,,,1,68,,612241,10,,,1,30,,612219,10,,,1,70,,612217,10,,,1
8801,'11-1',424,,612331,10,,,1,30,,612292,10,,,1,71,,612328,10,,,1,30,,612306,10,,,1,57,,612281,10,,,1,14,,612347,10,,,1,16,,612337,10,,,1,15,,612301,10,,,1,55,,612280,10,,,1,15,,612296,10,,,1,16,,612288,10,,,1,15,,612341,10,,,1,55,,612300,10,,,1,17,,612297,10,,,1,15,,612317,10,0,14,1,13,,612349,10,,,1,55,,612295,10,0,14,1,15,,612332,10,,,1,15,,612320,10,0,14,1,15,,612303,10,,,1,55,,612335,10,0,14,1,15,,612340,10,,,1,15,,612324,10,0,14,1,15,,612282,10,,,1,55,,612311,10,0,14,1,15,,612279,10,,,1,15,,612309,10,0,14,1,15,,612286,10,,,1,55,,612323,10,0,14,1,15,,612314,10,,,1,15,,612334,10,0,14,1,15,,612336,10,,,1,55,,612348,10,0,14,1,16,,612298,10,,,1,15,,612333,10,0,14,1,15,,612343,10,,,1,55,,612312,10,0,14,1,14,,612325,10,,,1,17,,612350,10,,,1,55,,612294,10,,,1,15,,612322,10,,,1,15,,612345,10,,,1,15,,612330,10,,,1,55,,612284,10,,,1,16,,612344,10,,,1,15,,612290,10,,,1,14,,612304,10,,,1,55,,612283,10,,,1,15,,612293,10,,,1,15,,612321,10,,,1,14,,612299,10,,,1,15,,612342,10,,,1,54,,612338,10,,,1,15,,612302,10,,,1,15,,612327,10,,,1,59,,612319,10,,,1,20,,612346,10,,,1,20,,612316,10,,,1,60,,612329,10,,,1,20,,612307,10,,,1,20,,612285,10,,,1,60,,612326,10,,,1,20,,612308,10,,,1,20,,612315,10,,,1,60,,612318,10,,,1,20,,612305,10,,,1,20,,612310,10,,,1,70,,612287,10,,,1,29,,612339,10,,,1,68,,612313,10,,,1,30,,612291,10,,,1,70,,612289,10,,,1
8801,'2-1',424,,612403,10,,,1,30,,612364,10,,,1,71,,612400,10,,,1,30,,612378,10,,,1,57,,612353,10,,,1,14,,612419,10,,,1,16,,612409,10,,,1,15,,612373,10,,,1,55,,612352,10,,,1,15,,612368,10,,,1,16,,612360,10,,,1,15,,612413,10,,,1,55,,612372,10,,,1,17,,612369,10,,,1,15,,612389,10,0,14,1,13,,612421,10,,,1,55,,612367,10,0,14,1,15,,612404,10,,,1,15,,612392,10,0,14,1,15,,612375,10,,,1,55,,612407,10,0,14,1,15,,612412,10,,,1,15,,612396,10,0,14,1,15,,612354,10,,,1,55,,612383,10,0,14,1,15,,612351,10,,,1,15,,612381,10,0,14,1,15,,612358,10,,,1,55,,612395,10,0,14,1,15,,612386,10,,,1,15,,612406,10,0,14,1,15,,612408,10,,,1,55,,612420,10,0,14,1,16,,612370,10,,,1,15,,612405,10,0,14,1,15,,612415,10,,,1,55,,612384,10,0,14,1,14,,612397,10,,,1,17,,612422,10,,,1,55,,612366,10,,,1,15,,612394,10,,,1,15,,612417,10,,,1,15,,612402,10,,,1,55,,612356,10,,,1,16,,612416,10,,,1,15,,612362,10,,,1,14,,612376,10,,,1,55,,612355,10,,,1,15,,612365,10,,,1,15,,612393,10,,,1,14,,612371,10,,,1,15,,612414,10,,,1,54,,612410,10,,,1,15,,612374,10,,,1,15,,612399,10,,,1,59,,612391,10,,,1,20,,612418,10,,,1,20,,612388,10,,,1,60,,612401,10,,,1,20,,612379,10,,,1,20,,612357,10,,,1,60,,612398,10,,,1,20,,612380,10,,,1,20,,612387,10,,,1,60,,612390,10,,,1,20,,612377,10,,,1,20,,612382,10,,,1,70,,612359,10,,,1,29,,612411,10,,,1,68,,612385,10,,,1,30,,612363,10,,,1,70,,612361,10,,,1
8801,'3-1',618,,612444,10,,,1,30,,612434,10,,,1,70,,612436,10,,,1,30,,612424,10,,,1,70,,612427,10,,,1,30,,612456,10,,,1,70,,612433,10,,,1,30,,612435,10,,,1,71,,612451,10,,,1,30,,612452,10,,,1,62,,612447,10,,,1,20,,612453,10,,,1,80,,612431,10,,,1,20,,612457,10,,,1,20,,612443,10,,,1,60,,612446,10,,,1,20,,612458,10,,,1,20,,612448,10,,,1,80,,612445,10,,,1,20,,612449,10,,,1,60,,612423,10,,,1,40,,612450,10,,,1,80,,612442,10,,,1,20,,612440,10,,,1,60,,612438,10,,,1,26,,612432,10,,,1,70,,612429,10,,,1,30,,612439,10,,,1,70,,612425,10,,,1,30,,612459,10,,,1,70,,612454,10,,,1,30,,612428,10,,,1,70,,612430,10,,,1,100,,612441,10,,,1,29,,612455,10,,,1,70,,612437,10,,,1,98,,612426,10,,,1
8801,'4-1',618,,612485,10,,,1,30,,612477,10,,,1,70,,612495,10,,,1,30,,612491,10,,,1,70,,612483,10,,,1,30,,612493,10,,,1,70,,612489,10,,,1,30,,612468,10,,,1,71,,612474,10,,,1,30,,612488,10,,,1,62,,612492,10,,,1,20,,612466,10,,,1,20,,612497,10,,,1,60,,612478,10,,,1,20,,612469,10,,,1,20,,612502,10,,,1,60,,612464,10,,,1,20,,612494,10,,,1,20,,612484,10,,,1,60,,612496,10,,,1,20,,612487,10,,,1,20,,612480,10,,,1,60,,612501,10,,,1,20,,612500,10,,,1,20,,612462,10,,,1,60,,612486,10,,,1,20,,612461,10,,,1,20,,612467,10,,,1,60,,612481,10,,,1,26,,612479,10,,,1,70,,612460,10,,,1,30,,612499,10,,,1,70,,612463,10,,,1,30,,612471,10,,,1,70,,612472,10,,,1,30,,612490,10,,,1,70,,612470,10,,,1,30,,612482,10,,,1,70,,612498,10,,,1,29,,612473,10,,,1,70,,612465,10,,,1,98,,612476,10,,,1,30,,612475,10,,,1
8801,'5-1',624,,612503,10,,,1,30,,612557,10,,,1,70,,612526,10,,,1,30,,612532,10,,,1,70,,612508,10,,,1,15,,612560,10,0,14,1,15,,612530,10,,,1,55,,612538,10,0,14,1,15,,612544,10,,,1,15,,612515,10,0,14,1,15,,612547,10,,,1,56,,612546,10,0,14,1,16,,612513,10,,,1,15,,612504,10,0,14,1,15,,612549,10,,,1,55,,612510,10,0,14,1,15,,612525,10,,,1,15,,612524,10,0,14,1,15,,612505,10,,,1,55,,612556,10,0,14,1,15,,612537,10,,,1,15,,612553,10,0,14,1,15,,612518,10,,,1,55,,612523,10,0,14,1,15,,612552,10,,,1,15,,612527,10,0,14,1,15,,612533,10,,,1,55,,612535,10,0,14,1,15,,612542,10,,,1,15,,612514,10,0,14,1,15,,612512,10,,,1,55,,612506,10,0,14,1,15,,612555,10,,,1,15,,612519,10,0,14,1,15,,612520,10,,,1,55,,612528,10,0,14,1,15,,612529,10,,,1,15,,612539,10,0,14,1,15,,612543,10,,,1,55,,612516,10,0,14,1,15,,612521,10,,,1,15,,612548,10,0,14,1,15,,612561,10,,,1,55,,612540,10,0,14,1,15,,612534,10,,,1,15,,612545,10,0,14,1,15,,612550,10,,,1,55,,612536,10,0,14,1,15,,612517,10,,,1,15,,612541,10,0,14,1,15,,612531,10,,,1,55,,612551,10,0,14,1,45,,612558,10,,,1,70,,612554,10,,,1,30,,612522,10,,,1,69,,612509,10,,,1,30,,612559,10,,,1,70,,612507,10,,,1,30,,612562,10,,,1,70,,612511,10,,,1
8801,'6-1',424,,612615,10,,,1,30,,612576,10,,,1,71,,612612,10,,,1,30,,612590,10,,,1,57,,612565,10,,,1,14,,612631,10,,,1,16,,612621,10,,,1,15,,612585,10,,,1,55,,612564,10,,,1,15,,612580,10,,,1,16,,612572,10,,,1,15,,612625,10,,,1,55,,612584,10,,,1,17,,612581,10,,,1,15,,612601,10,0,14,1,13,,612633,10,,,1,55,,612579,10,0,14,1,15,,612616,10,,,1,15,,612604,10,0,14,1,15,,612587,10,,,1,55,,612619,10,0,14,1,15,,612624,10,,,1,15,,612608,10,0,14,1,15,,612566,10,,,1,55,,612595,10,0,14,1,15,,612563,10,,,1,15,,612593,10,0,14,1,15,,612570,10,,,1,55,,612607,10,0,14,1,15,,612598,10,,,1,15,,612618,10,0,14,1,15,,612620,10,,,1,55,,612632,10,0,14,1,16,,612582,10,,,1,15,,612617,10,0,14,1,15,,612627,10,,,1,55,,612596,10,0,14,1,14,,612609,10,,,1,17,,612634,10,,,1,55,,612578,10,,,1,15,,612606,10,,,1,15,,612629,10,,,1,15,,612614,10,,,1,55,,612568,10,,,1,16,,612628,10,,,1,15,,612574,10,,,1,14,,612588,10,,,1,55,,612567,10,,,1,15,,612577,10,,,1,15,,612605,10,,,1,14,,612583,10,,,1,15,,612626,10,,,1,54,,612622,10,,,1,15,,612586,10,,,1,15,,612611,10,,,1,59,,612603,10,,,1,20,,612630,10,,,1,20,,612600,10,,,1,60,,612613,10,,,1,20,,612591,10,,,1,20,,612569,10,,,1,60,,612610,10,,,1,20,,612592,10,,,1,20,,612599,10,,,1,60,,612602,10,,,1,20,,612589,10,,,1,20,,612594,10,,,1,70,,612571,10,,,1,29,,612623,10,,,1,68,,612597,10,,,1,30,,612575,10,,,1,70,,612573,10,,,1
8801,'7-1',618,,612656,10,,,1,30,,612646,10,,,1,70,,612648,10,,,1,30,,612636,10,,,1,70,,612639,10,,,1,30,,612668,10,,,1,70,,612645,10,,,1,30,,612647,10,,,1,71,,612663,10,,,1,30,,612664,10,,,1,62,,612659,10,,,1,20,,612665,10,,,1,80,,612643,10,,,1,20,,612669,10,,,1,20,,612655,10,,,1,60,,612658,10,,,1,20,,612670,10,,,1,20,,612660,10,,,1,80,,612657,10,,,1,20,,612661,10,,,1,60,,612635,10,,,1,40,,612662,10,,,1,80,,612654,10,,,1,20,,612652,10,,,1,60,,612650,10,,,1,26,,612644,10,,,1,70,,612641,10,,,1,30,,612651,10,,,1,70,,612637,10,,,1,30,,612671,10,,,1,70,,612666,10,,,1,30,,612640,10,,,1,70,,612642,10,,,1,100,,612653,10,,,1,29,,612667,10,,,1,70,,612649,10,,,1,98,,612638,10,,,1
8801,'8-1',424,,612724,10,,,1,30,,612685,10,,,1,71,,612721,10,,,1,30,,612699,10,,,1,57,,612674,10,,,1,14,,612740,10,,,1,16,,612730,10,,,1,15,,612694,10,,,1,55,,612673,10,,,1,15,,612689,10,,,1,16,,612681,10,,,1,15,,612734,10,,,1,55,,612693,10,,,1,17,,612690,10,,,1,15,,612710,10,0,14,1,13,,612742,10,,,1,55,,612688,10,0,14,1,15,,612725,10,,,1,15,,612713,10,0,14,1,15,,612696,10,,,1,55,,612728,10,0,14,1,15,,612733,10,,,1,15,,612717,10,0,14,1,15,,612675,10,,,1,55,,612704,10,0,14,1,15,,612672,10,,,1,15,,612702,10,0,14,1,15,,612679,10,,,1,55,,612716,10,0,14,1,15,,612707,10,,,1,15,,612727,10,0,14,1,15,,612729,10,,,1,55,,612741,10,0,14,1,16,,612691,10,,,1,15,,612726,10,0,14,1,15,,612736,10,,,1,55,,612705,10,0,14,1,14,,612718,10,,,1,17,,612743,10,,,1,55,,612687,10,,,1,15,,612715,10,,,1,15,,612738,10,,,1,15,,612723,10,,,1,55,,612677,10,,,1,16,,612737,10,,,1,15,,612683,10,,,1,14,,612697,10,,,1,55,,612676,10,,,1,15,,612686,10,,,1,15,,612714,10,,,1,14,,612692,10,,,1,15,,612735,10,,,1,54,,612731,10,,,1,15,,612695,10,,,1,15,,612720,10,,,1,59,,612712,10,,,1,20,,612739,10,,,1,20,,612709,10,,,1,60,,612722,10,,,1,20,,612700,10,,,1,20,,612678,10,,,1,60,,612719,10,,,1,20,,612701,10,,,1,20,,612708,10,,,1,60,,612711,10,,,1,20,,612698,10,,,1,20,,612703,10,,,1,70,,612680,10,,,1,29,,612732,10,,,1,68,,612706,10,,,1,30,,612684,10,,,1,70,,612682,10,,,1
8801,'9-1',624,,612758,10,,,1,30,,612764,10,,,1,70,,612750,10,,,1,30,,612779,10,,,1,70,,612787,10,,,1,15,,612755,10,0,14,1,15,,612780,10,,,1,55,,612792,10,0,14,1,15,,612747,10,,,1,15,,612800,10,0,14,1,15,,612783,10,,,1,56,,612753,10,0,14,1,16,,612801,10,,,1,15,,612769,10,0,14,1,15,,612782,10,,,1,55,,612784,10,0,14,1,15,,612768,10,,,1,15,,612767,10,0,14,1,15,,612798,10,,,1,55,,612761,10,0,14,1,15,,612772,10,,,1,15,,612775,10,0,14,1,15,,612760,10,,,1,55,,612790,10,0,14,1,15,,612745,10,,,1,15,,612781,10,0,14,1,15,,612744,10,,,1,55,,612762,10,0,14,1,15,,612759,10,,,1,15,,612773,10,0,14,1,15,,612754,10,,,1,55,,612803,10,0,14,1,15,,612751,10,,,1,15,,612796,10,0,14,1,15,,612794,10,,,1,55,,612763,10,0,14,1,15,,612785,10,,,1,15,,612771,10,0,14,1,15,,612777,10,,,1,55,,612786,10,0,14,1,15,,612791,10,,,1,15,,612795,10,0,14,1,15,,612746,10,,,1,55,,612766,10,0,14,1,15,,612804,10,,,1,15,,612799,10,0,14,1,15,,612776,10,,,1,55,,612748,10,0,14,1,15,,612778,10,,,1,15,,612797,10,0,14,1,15,,612765,10,,,1,55,,612789,10,0,14,1,15,,612757,10,,,1,30,,612752,10,,,1,70,,612770,10,,,1,30,,612793,10,,,1,69,,612774,10,,,1,30,,612749,10,,,1,70,,612756,10,,,1,30,,612788,10,,,1,70,,612802,10,,,1
11101,'1-1',522,,619112,5,,,1,32,,619105,5,,,1,57,,619117,5,,,1,16,,619139,5,,,1,16,,619140,5,,,1,15,,619095,5,,,1,56,,619094,5,,,1,16,,619129,5,,,1,16,,619102,7,,,1,60,,619074,5,,,1,15,,619141,7,,,1,16,,619087,5,,,1,14,,619115,7,,,1,56,,619083,5,,,1,11,,619103,7,,,1,12,,619133,5,,,1,13,,619110,7,,,1,16,,619128,5,,,1,54,,619089,7,,,1,16,,619093,5,,,1,14,,619123,7,,,1,16,,619108,5,,,1,54,,619092,7,,,1,16,,619138,5,,,1,14,,619134,7,,,1,16,,619137,5,,,1,54,,619096,7,,,1,16,,619127,5,,,1,14,,619081,7,,,1,59,,619101,5,,,1,14,,619079,7,,,1,15,,619091,5,,,1,15,,619099,7,,,1,55,,619130,5,,,1,16,,619086,7,,,1,15,,619075,5,,,1,15,,619076,7,,,1,55,,619109,5,,,1,20,,619118,7,,,1,15,,619077,5,,,1,15,,619104,7,,,1,55,,619119,5,,,1,16,,619106,7,,,1,15,,619100,5,,,1,15,,619113,7,,,1,70,,619131,7,,,1,15,,619124,5,,,1,15,,619082,7,,,1,55,,619090,5,,,1,13,,619122,7,,,1,16,,619120,5,,,1,14,,619126,7,,,1,51,,619132,5,,,1,14,,619136,7,,,1,16,,619116,5,,,1,14,,619125,7,,,1,56,,619097,5,,,1,9,,619107,7,,,1,16,,619121,5,,,1,14,,619078,7,,,1,16,,619084,5,,,1,54,,619142,7,,,1,16,,619111,5,,,1,14,,619135,7,,,1,60,,619114,5,,,1,29,,619088,7,,,1,89,,619073,5,,,1,30,,619085,5,,,1,78,,619080,5,,,1,26,,619098,5,,,1
11101,'10-1',522,,619147,5,,,1,32,,619198,5,,,1,57,,619181,5,,,1,16,,619157,5,,,1,16,,619184,5,,,1,15,,619163,5,,,1,56,,619143,5,,,1,16,,619165,5,,,1,16,,619199,7,,,1,60,,619205,5,,,1,15,,619193,7,,,1,16,,619160,5,,,1,14,,619146,7,,,1,56,,619155,5,,,1,11,,619211,7,,,1,12,,619168,5,,,1,13,,619197,7,,,1,16,,619153,5,,,1,54,,619202,7,,,1,16,,619172,5,,,1,14,,619170,7,,,1,16,,619179,5,,,1,54,,619185,7,,,1,16,,619186,5,,,1,14,,619158,7,,,1,16,,619175,5,,,1,54,,619196,7,,,1,16,,619145,5,,,1,14,,619144,7,,,1,59,,619162,5,,,1,14,,619195,7,,,1,15,,619171,5,,,1,15,,619190,7,,,1,55,,619156,5,,,1,16,,619150,7,,,1,15,,619154,5,,,1,15,,619201,7,,,1,55,,619208,5,,,1,20,,619209,7,,,1,15,,619212,5,,,1,15,,619200,7,,,1,55,,619189,5,,,1,16,,619173,7,,,1,15,,619161,5,,,1,15,,619187,7,,,1,70,,619177,7,,,1,15,,619167,5,,,1,15,,619203,7,,,1,55,,619152,5,,,1,13,,619149,7,,,1,16,,619183,5,,,1,14,,619210,7,,,1,51,,619176,5,,,1,14,,619204,7,,,1,16,,619180,5,,,1,14,,619206,7,,,1,56,,619192,5,,,1,9,,619188,7,,,1,16,,619159,5,,,1,14,,619182,7,,,1,16,,619194,5,,,1,54,,619151,7,,,1,16,,619148,5,,,1,14,,619169,7,,,1,60,,619164,5,,,1,29,,619178,7,,,1,89,,619174,5,,,1,30,,619166,5,,,1,78,,619207,5,,,1,26,,619191,5,,,1
11101,'11-1',522,,619217,5,,,1,32,,619268,5,,,1,57,,619251,5,,,1,16,,619227,5,,,1,16,,619254,5,,,1,15,,619233,5,,,1,56,,619213,5,,,1,16,,619235,5,,,1,16,,619269,7,,,1,60,,619275,5,,,1,15,,619263,7,,,1,16,,619230,5,,,1,14,,619216,7,,,1,56,,619225,5,,,1,11,,619281,7,,,1,12,,619238,5,,,1,13,,619267,7,,,1,16,,619223,5,,,1,54,,619272,7,,,1,16,,619242,5,,,1,14,,619240,7,,,1,16,,619249,5,,,1,54,,619255,7,,,1,16,,619256,5,,,1,14,,619228,7,,,1,16,,619245,5,,,1,54,,619266,7,,,1,16,,619215,5,,,1,14,,619214,7,,,1,59,,619232,5,,,1,14,,619265,7,,,1,15,,619241,5,,,1,15,,619260,7,,,1,55,,619226,5,,,1,16,,619220,7,,,1,15,,619224,5,,,1,15,,619271,7,,,1,55,,619278,5,,,1,20,,619279,7,,,1,15,,619282,5,,,1,15,,619270,7,,,1,55,,619259,5,,,1,16,,619243,7,,,1,15,,619231,5,,,1,15,,619257,7,,,1,70,,619247,7,,,1,15,,619237,5,,,1,15,,619273,7,,,1,55,,619222,5,,,1,13,,619219,7,,,1,16,,619253,5,,,1,14,,619280,7,,,1,51,,619246,5,,,1,14,,619274,7,,,1,16,,619250,5,,,1,14,,619276,7,,,1,56,,619262,5,,,1,9,,619258,7,,,1,16,,619229,5,,,1,14,,619252,7,,,1,16,,619264,5,,,1,54,,619221,7,,,1,16,,619218,5,,,1,14,,619239,7,,,1,60,,619234,5,,,1,29,,619248,7,,,1,89,,619244,5,,,1,30,,619236,5,,,1,78,,619277,5,,,1,26,,619261,5,,,1
11101,'2-1',522,,619287,5,,,1,32,,619338,5,,,1,57,,619321,5,,,1,16,,619297,5,,,1,16,,619324,5,,,1,15,,619303,5,,,1,56,,619283,5,,,1,16,,619305,5,,,1,16,,619339,7,,,1,60,,619345,5,,,1,15,,619333,7,,,1,16,,619300,5,,,1,14,,619286,7,,,1,56,,619295,5,,,1,11,,619351,7,,,1,12,,619308,5,,,1,13,,619337,7,,,1,16,,619293,5,,,1,54,,619342,7,,,1,16,,619312,5,,,1,14,,619310,7,,,1,16,,619319,5,,,1,54,,619325,7,,,1,16,,619326,5,,,1,14,,619298,7,,,1,16,,619315,5,,,1,54,,619336,7,,,1,16,,619285,5,,,1,14,,619284,7,,,1,59,,619302,5,,,1,14,,619335,7,,,1,15,,619311,5,,,1,15,,619330,7,,,1,55,,619296,5,,,1,16,,619290,7,,,1,15,,619294,5,,,1,15,,619341,7,,,1,55,,619348,5,,,1,20,,619349,7,,,1,15,,619352,5,,,1,15,,619340,7,,,1,55,,619329,5,,,1,16,,619313,7,,,1,15,,619301,5,,,1,15,,619327,7,,,1,70,,619317,7,,,1,15,,619307,5,,,1,15,,619343,7,,,1,55,,619292,5,,,1,13,,619289,7,,,1,16,,619323,5,,,1,14,,619350,7,,,1,51,,619316,5,,,1,14,,619344,7,,,1,16,,619320,5,,,1,14,,619346,7,,,1,56,,619332,5,,,1,9,,619328,7,,,1,16,,619299,5,,,1,14,,619322,7,,,1,16,,619334,5,,,1,54,,619291,7,,,1,16,,619288,5,,,1,14,,619309,7,,,1,60,,619304,5,,,1,29,,619318,7,,,1,89,,619314,5,,,1,30,,619306,5,,,1,78,,619347,5,,,1,26,,619331,5,,,1
11101,'3-1',757,,619365,5,,,1,70,,619358,5,,,1,30,,619362,5,,,1,71,,619379,5,,,1,30,,619369,5,,,1,70,,619353,5,,,1,100,,619380,5,,,1,30,,619378,5,,,1,70,,619377,5,,,1,30,,619374,5,,,1,70,,619355,5,,,1,30,,619372,5,,,1,70,,619367,5,,,1,30,,619354,5,,,1,70,,619376,5,,,1,30,,619363,5,,,1,70,,619356,5,,,1,30,,619370,5,,,1,70,,619361,5,,,1,30,,619375,5,,,1,100,,619360,5,,,1,70,,619364,5,,,1,30,,619371,5,,,1,70,,619373,5,,,1,30,,619366,5,,,1,70,,619359,5,,,1,30,,619381,5,,,1,70,,619357,5,,,1,100,,619368,5,,,1
11101,'4-1',757,,619412,5,,,1,70,,619393,5,,,1,30,,619391,5,,,1,71,,619414,5,,,1,30,,619399,5,,,1,70,,619394,5,,,1,30,,619411,5,,,1,70,,619398,5,,,1,30,,619389,5,,,1,70,,619385,5,,,1,30,,619400,5,,,1,70,,619405,5,,,1,30,,619382,5,,,1,70,,619388,5,,,1,30,,619390,5,,,1,70,,619392,5,,,1,30,,619387,5,,,1,70,,619386,5,,,1,30,,619395,5,,,1,70,,619397,5,,,1,30,,619403,5,,,1,70,,619384,5,,,1,30,,619410,5,,,1,70,,619401,5,,,1,30,,619396,5,,,1,70,,619402,5,,,1,30,,619413,5,,,1,70,,619407,5,,,1,30,,619383,5,,,1,70,,619408,5,,,1,100,,619404,5,,,1,100,,619406,5,,,1,100,,619409,5,,,1
11101,'5-1',538,,619422,5,,,1,70,,619432,5,,,1,100,,619416,5,,,1,100,,619429,5,,,1,30,,619433,5,,,1,71,,619448,5,,,1,30,,619439,5,,,1,70,,619446,5,,,1,30,,619423,5,,,1,100,,619438,5,,,1,70,,619425,5,,,1,30,,619442,5,,,1,70,,619424,5,,,1,30,,619426,5,,,1,70,,619430,5,,,1,30,,619431,5,,,1,70,,619444,5,,,1,30,,619420,5,,,1,70,,619421,5,,,1,30,,619435,5,,,1,70,,619443,5,,,1,30,,619419,5,,,1,70,,619445,5,,,1,30,,619427,5,,,1,72,,619447,5,,,1,30,,619437,5,,,1,70,,619418,5,,,1,30,,619441,5,,,1,70,,619428,5,,,1,30,,619417,5,,,1,70,,619415,5,,,1,30,,619440,5,,,1,70,,619436,5,,,1,90,,619434,5,,,1
11101,'6-1',522,,619453,5,,,1,32,,619504,5,,,1,57,,619487,5,,,1,16,,619463,5,,,1,16,,619490,5,,,1,15,,619469,5,,,1,56,,619449,5,,,1,16,,619471,5,,,1,16,,619505,7,,,1,60,,619511,5,,,1,15,,619499,7,,,1,16,,619466,5,,,1,14,,619452,7,,,1,56,,619461,5,,,1,11,,619517,7,,,1,12,,619474,5,,,1,13,,619503,7,,,1,16,,619459,5,,,1,54,,619508,7,,,1,16,,619478,5,,,1,14,,619476,7,,,1,16,,619485,5,,,1,54,,619491,7,,,1,16,,619492,5,,,1,14,,619464,7,,,1,16,,619481,5,,,1,54,,619502,7,,,1,16,,619451,5,,,1,14,,619450,7,,,1,59,,619468,5,,,1,14,,619501,7,,,1,15,,619477,5,,,1,15,,619496,7,,,1,55,,619462,5,,,1,16,,619456,7,,,1,15,,619460,5,,,1,15,,619507,7,,,1,55,,619514,5,,,1,20,,619515,7,,,1,15,,619518,5,,,1,15,,619506,7,,,1,55,,619495,5,,,1,16,,619479,7,,,1,15,,619467,5,,,1,15,,619493,7,,,1,70,,619483,7,,,1,15,,619473,5,,,1,15,,619509,7,,,1,55,,619458,5,,,1,13,,619455,7,,,1,16,,619489,5,,,1,14,,619516,7,,,1,51,,619482,5,,,1,14,,619510,7,,,1,16,,619486,5,,,1,14,,619512,7,,,1,56,,619498,5,,,1,9,,619494,7,,,1,16,,619465,5,,,1,14,,619488,7,,,1,16,,619500,5,,,1,54,,619457,7,,,1,16,,619454,5,,,1,14,,619475,7,,,1,60,,619470,5,,,1,29,,619484,7,,,1,89,,619480,5,,,1,30,,619472,5,,,1,78,,619513,5,,,1,26,,619497,5,,,1
11101,'7-1',757,,619531,5,,,1,70,,619524,5,,,1,30,,619528,5,,,1,71,,619545,5,,,1,30,,619535,5,,,1,70,,619519,5,,,1,100,,619546,5,,,1,30,,619544,5,,,1,70,,619543,5,,,1,30,,619540,5,,,1,70,,619521,5,,,1,30,,619538,5,,,1,70,,619533,5,,,1,30,,619520,5,,,1,70,,619542,5,,,1,30,,619529,5,,,1,70,,619522,5,,,1,30,,619536,5,,,1,70,,619527,5,,,1,30,,619541,5,,,1,100,,619526,5,,,1,70,,619530,5,,,1,30,,619537,5,,,1,70,,619539,5,,,1,30,,619532,5,,,1,70,,619525,5,,,1,30,,619547,5,,,1,70,,619523,5,,,1,100,,619534,5,,,1
11101,'8-1',522,,619552,5,,,1,32,,619603,5,,,1,57,,619586,5,,,1,16,,619562,5,,,1,16,,619589,5,,,1,15,,619568,5,,,1,56,,619548,5,,,1,16,,619570,5,,,1,16,,619604,7,,,1,60,,619610,5,,,1,15,,619598,7,,,1,16,,619565,5,,,1,14,,619551,7,,,1,56,,619560,5,,,1,11,,619616,7,,,1,12,,619573,5,,,1,13,,619602,7,,,1,16,,619558,5,,,1,54,,619607,7,,,1,16,,619577,5,,,1,14,,619575,7,,,1,16,,619584,5,,,1,54,,619590,7,,,1,16,,619591,5,,,1,14,,619563,7,,,1,16,,619580,5,,,1,54,,619601,7,,,1,16,,619550,5,,,1,14,,619549,7,,,1,59,,619567,5,,,1,14,,619600,7,,,1,15,,619576,5,,,1,15,,619595,7,,,1,55,,619561,5,,,1,16,,619555,7,,,1,15,,619559,5,,,1,15,,619606,7,,,1,55,,619613,5,,,1,20,,619614,7,,,1,15,,619617,5,,,1,15,,619605,7,,,1,55,,619594,5,,,1,16,,619578,7,,,1,15,,619566,5,,,1,15,,619592,7,,,1,70,,619582,7,,,1,15,,619572,5,,,1,15,,619608,7,,,1,55,,619557,5,,,1,13,,619554,7,,,1,16,,619588,5,,,1,14,,619615,7,,,1,51,,619581,5,,,1,14,,619609,7,,,1,16,,619585,5,,,1,14,,619611,7,,,1,56,,619597,5,,,1,9,,619593,7,,,1,16,,619564,5,,,1,14,,619587,7,,,1,16,,619599,5,,,1,54,,619556,7,,,1,16,,619553,5,,,1,14,,619574,7,,,1,60,,619569,5,,,1,29,,619583,7,,,1,89,,619579,5,,,1,30,,619571,5,,,1,78,,619612,5,,,1,26,,619596,5,,,1
11101,'9-1',538,,619631,5,,,1,70,,619647,5,,,1,30,,619618,5,,,1,70,,619622,5,,,1,30,,619640,5,,,1,70,,619638,5,,,1,30,,619627,5,,,1,71,,619633,5,,,1,30,,619649,5,,,1,70,,619644,5,,,1,30,,619628,5,,,1,70,,619626,5,,,1,30,,619637,5,,,1,70,,619634,5,,,1,30,,619651,5,,,1,70,,619641,5,,,1,30,,619624,5,,,1,70,,619645,5,,,1,30,,619654,5,,,1,70,,619621,5,,,1,30,,619650,5,,,1,70,,619653,5,,,1,30,,619648,5,,,1,70,,619620,5,,,1,30,,619629,5,,,1,70,,619643,5,,,1,30,,619646,5,,,1,72,,619652,5,,,1,30,,619630,5,,,1,70,,619635,5,,,1,30,,619636,5,,,1,70,,619625,5,,,1,30,,619639,5,,,1,70,,619632,5,,,1,30,,619623,5,,,1,70,,619642,5,,,1,90,,619619,5,,,1
11201,'1-1',538,,620037,5,,,1,70,,620030,5,,,1,30,,620031,5,,,1,70,,620021,5,,,1,29,,620041,5,,,1,72,,620027,5,,,1,31,,620016,5,,,1,68,,620047,5,,,1,30,,620026,5,,,1,70,,620049,5,,,1,30,,620048,5,,,1,70,,620023,5,,,1,30,,620035,5,,,1,70,,620044,5,,,1,30,,620017,5,,,1,69,,620051,5,,,1,30,,620033,5,,,1,71,,620050,5,,,1,30,,620038,5,,,1,70,,620024,5,,,1,30,,620018,5,,,1,71,,620036,5,,,1,29,,620046,5,,,1,70,,620025,5,,,1,30,,620019,5,,,1,70,,620045,5,,,1,30,,620020,5,,,1,70,,620040,5,,,1,30,,620039,5,,,1,66,,620043,5,,,1,30,,620028,5,,,1,70,,620034,5,,,1,29,,620022,5,,,1,70,,620042,5,,,1,30,,620029,5,,,1,100,,620032,5,,,1
11201,'10-1',538,,620065,5,,,1,70,,620054,5,,,1,30,,620062,5,,,1,70,,620075,5,,,1,29,,620084,5,,,1,72,,620079,5,,,1,31,,620077,5,,,1,68,,620067,5,,,1,30,,620069,5,,,1,70,,620061,5,,,1,30,,620083,5,,,1,70,,620072,5,,,1,30,,620052,5,,,1,70,,620060,5,,,1,30,,620070,5,,,1,69,,620086,5,,,1,30,,620059,5,,,1,71,,620081,5,,,1,30,,620080,5,,,1,70,,620073,5,,,1,30,,620068,5,,,1,71,,620071,5,,,1,29,,620064,5,,,1,70,,620058,5,,,1,30,,620056,5,,,1,70,,620074,5,,,1,30,,620055,5,,,1,70,,620057,5,,,1,30,,620066,5,,,1,66,,620076,5,,,1,30,,620085,5,,,1,70,,620053,5,,,1,29,,620063,5,,,1,70,,620082,5,,,1,30,,620078,5,,,1,100,,620087,5,,,1
11201,'11-1',538,,620101,5,,,1,70,,620090,5,,,1,30,,620098,5,,,1,70,,620111,5,,,1,29,,620120,5,,,1,72,,620115,5,,,1,31,,620113,5,,,1,68,,620103,5,,,1,30,,620105,5,,,1,70,,620097,5,,,1,30,,620119,5,,,1,70,,620108,5,,,1,30,,620088,5,,,1,70,,620096,5,,,1,30,,620106,5,,,1,69,,620122,5,,,1,30,,620095,5,,,1,71,,620117,5,,,1,30,,620116,5,,,1,70,,620109,5,,,1,30,,620104,5,,,1,71,,620107,5,,,1,29,,620100,5,,,1,70,,620094,5,,,1,30,,620092,5,,,1,70,,620110,5,,,1,30,,620091,5,,,1,70,,620093,5,,,1,30,,620102,5,,,1,66,,620112,5,,,1,30,,620121,5,,,1,70,,620089,5,,,1,29,,620099,5,,,1,70,,620118,5,,,1,30,,620114,5,,,1,100,,620123,5,,,1
11201,'2-1',538,,620137,5,,,1,70,,620126,5,,,1,30,,620134,5,,,1,70,,620147,5,,,1,29,,620156,5,,,1,72,,620151,5,,,1,31,,620149,5,,,1,68,,620139,5,,,1,30,,620141,5,,,1,70,,620133,5,,,1,30,,620155,5,,,1,70,,620144,5,,,1,30,,620124,5,,,1,70,,620132,5,,,1,30,,620142,5,,,1,69,,620158,5,,,1,30,,620131,5,,,1,71,,620153,5,,,1,30,,620152,5,,,1,70,,620145,5,,,1,30,,620140,5,,,1,71,,620143,5,,,1,29,,620136,5,,,1,70,,620130,5,,,1,30,,620128,5,,,1,70,,620146,5,,,1,30,,620127,5,,,1,70,,620129,5,,,1,30,,620138,5,,,1,66,,620148,5,,,1,30,,620157,5,,,1,70,,620125,5,,,1,29,,620135,5,,,1,70,,620154,5,,,1,30,,620150,5,,,1,100,,620159,5,,,1
11201,'3-1',807,,620182,5,,,1,100,,620162,5,,,1,30,,620164,5,,,1,70,,620165,5,,,1,30,,620160,5,,,1,70,,620172,5,,,1,30,,620171,5,,,1,70,,620180,5,,,1,30,,620184,5,,,1,70,,620185,5,,,1,30,,620174,5,,,1,70,,620186,5,,,1,30,,620167,5,,,1,70,,620166,5,,,1,30,,620161,5,,,1,70,,620176,5,,,1,100,,620169,5,,,1,100,,620173,5,,,1,30,,620179,5,,,1,70,,620175,5,,,1,30,,620168,5,,,1,70,,620181,5,,,1,30,,620170,5,,,1,70,,620163,5,,,1,30,,620178,5,,,1,70,,620177,5,,,1,110,,620183,5,,,1
11201,'4-1',807,,620203,5,,,1,100,,620215,5,,,1,30,,620213,5,,,1,70,,620195,5,,,1,30,,620197,5,,,1,70,,620208,5,,,1,30,,620187,5,,,1,70,,620194,5,,,1,30,,620191,5,,,1,70,,620217,5,,,1,30,,620216,5,,,1,70,,620193,5,,,1,30,,620214,5,,,1,70,,620210,5,,,1,30,,620190,5,,,1,70,,620202,5,,,1,30,,620209,5,,,1,70,,620201,5,,,1,30,,620198,5,,,1,70,,620207,5,,,1,30,,620205,5,,,1,70,,620204,5,,,1,30,,620206,5,,,1,70,,620211,5,,,1,30,,620200,5,,,1,70,,620212,5,,,1,30,,620196,5,,,1,70,,620188,5,,,1,110,,620199,5,,,1,100,,620192,5,,,1,100,,620189,5,,,1
11201,'5-1',527,,620237,5,,,1,90,,620246,5,,,1,100,,620228,5,,,1,100,,620243,5,,,1,30,,620225,5,,,1,100,,620238,5,,,1,70,,620232,5,,,1,100,,620240,5,,,1,30,,620233,5,,,1,100,,620245,5,,,1,70,,620219,5,,,1,30,,620226,5,,,1,70,,620220,5,,,1,30,,620231,5,,,1,100,,620234,5,,,1,70,,620242,5,,,1,30,,620239,5,,,1,70,,620227,5,,,1,30,,620229,5,,,1,100,,620235,5,,,1,70,,620218,5,,,1,30,,620244,5,,,1,70,,620224,5,,,1,30,,620223,5,,,1,70,,620222,5,,,1,30,,620236,5,,,1,70,,620230,5,,,1,30,,620241,5,,,1,110,,620221,5,,,1
11201,'6-1',538,,620260,5,,,1,70,,620249,5,,,1,30,,620257,5,,,1,70,,620270,5,,,1,29,,620279,5,,,1,72,,620274,5,,,1,31,,620272,5,,,1,68,,620262,5,,,1,30,,620264,5,,,1,70,,620256,5,,,1,30,,620278,5,,,1,70,,620267,5,,,1,30,,620247,5,,,1,70,,620255,5,,,1,30,,620265,5,,,1,69,,620281,5,,,1,30,,620254,5,,,1,71,,620276,5,,,1,30,,620275,5,,,1,70,,620268,5,,,1,30,,620263,5,,,1,71,,620266,5,,,1,29,,620259,5,,,1,70,,620253,5,,,1,30,,620251,5,,,1,70,,620269,5,,,1,30,,620250,5,,,1,70,,620252,5,,,1,30,,620261,5,,,1,66,,620271,5,,,1,30,,620280,5,,,1,70,,620248,5,,,1,29,,620258,5,,,1,70,,620277,5,,,1,30,,620273,5,,,1,100,,620282,5,,,1
11201,'7-1',807,,620305,5,,,1,100,,620285,5,,,1,30,,620287,5,,,1,70,,620288,5,,,1,30,,620283,5,,,1,70,,620295,5,,,1,30,,620294,5,,,1,70,,620303,5,,,1,30,,620307,5,,,1,70,,620308,5,,,1,30,,620297,5,,,1,70,,620309,5,,,1,30,,620290,5,,,1,70,,620289,5,,,1,30,,620284,5,,,1,70,,620299,5,,,1,100,,620292,5,,,1,100,,620296,5,,,1,30,,620302,5,,,1,70,,620298,5,,,1,30,,620291,5,,,1,70,,620304,5,,,1,30,,620293,5,,,1,70,,620286,5,,,1,30,,620301,5,,,1,70,,620300,5,,,1,110,,620306,5,,,1
11201,'8-1',538,,620323,5,,,1,70,,620312,5,,,1,30,,620320,5,,,1,70,,620333,5,,,1,29,,620342,5,,,1,72,,620337,5,,,1,31,,620335,5,,,1,68,,620325,5,,,1,30,,620327,5,,,1,70,,620319,5,,,1,30,,620341,5,,,1,70,,620330,5,,,1,30,,620310,5,,,1,70,,620318,5,,,1,30,,620328,5,,,1,69,,620344,5,,,1,30,,620317,5,,,1,71,,620339,5,,,1,30,,620338,5,,,1,70,,620331,5,,,1,30,,620326,5,,,1,71,,620329,5,,,1,29,,620322,5,,,1,70,,620316,5,,,1,30,,620314,5,,,1,70,,620332,5,,,1,30,,620313,5,,,1,70,,620315,5,,,1,30,,620324,5,,,1,66,,620334,5,,,1,30,,620343,5,,,1,70,,620311,5,,,1,29,,620321,5,,,1,70,,620340,5,,,1,30,,620336,5,,,1,100,,620345,5,,,1
11201,'9-1',527,,620357,5,,,1,90,,620360,5,,,1,100,,620368,5,,,1,30,,620370,5,,,1,70,,620374,5,,,1,30,,620353,5,,,1,70,,620364,5,,,1,30,,620355,5,,,1,70,,620350,5,,,1,30,,620372,5,,,1,70,,620356,5,,,1,30,,620375,5,,,1,70,,620367,5,,,1,30,,620369,5,,,1,70,,620371,5,,,1,30,,620352,5,,,1,70,,620359,5,,,1,30,,620377,5,,,1,70,,620358,5,,,1,30,,620380,5,,,1,70,,620347,5,,,1,30,,620365,5,,,1,70,,620363,5,,,1,30,,620351,5,,,1,70,,620354,5,,,1,30,,620378,5,,,1,70,,620361,5,,,1,30,,620346,5,,,1,70,,620362,5,,,1,30,,620366,5,,,1,70,,620379,5,,,1,30,,620348,5,,,1,70,,620349,5,,,1,30,,620373,5,,,1,110,,620376,5,,,1
