3400,'JUNDA26-Weekday-06-1',530,,636819,3,,,1
3400,'RBJul03-Weekday-01-1',530,,636892,3,,,1
3401,'CanDay26-Sunday-12-1',737,,636902,37,0,88,1,100,,636903,37,0,88,1,94,,636904,37,0,88,1,70,,636905,37,0,88,1,30,,636906,37,0,88,1,70,,636907,37,0,88,1,30,,636908,37,0,88,1,70,,636909,37,0,88,1,30,,636910,37,0,88,1,70,,636911,37,0,88,1,30,,636912,37,0,88,1,70,,636913,37,0,88,1,30,,636914,37,0,88,1,70,,636915,37,0,88,1,30,,636916,37,0,88,1,70,,636917,37,0,88,1,30,,636918,37,0,88,1,70,,636919,37,0,88,1,30,,636920,37,0,88,1,70,,636921,37,0,88,1,43,,636922,37,0,88,1,100,,636923,37,0,88,1,100,,636924,37,0,88,1,100,,636925,37,0,88,1,100,,636926,37,0,88,1,100,,636927,37,0,88,1,100,,636929,37,0,88,1,101,,636928,37,0,88,1
3401,'CivHol26-Saturday-07-1',647,,636930,37,0,88,1,100,,636931,37,0,88,1,100,,636932,37,0,88,1,70,,636933,37,0,88,1,31,,636934,37,0,88,1,70,,636935,37,0,88,1,30,,636936,37,0,88,1,70,,636937,37,0,88,1,30,,636938,37,0,88,1,70,,636939,37,0,88,1,30,,636940,37,0,88,1,70,,636941,37,0,88,1,30,,636942,37,0,88,1,70,,636943,37,0,88,1,30,,636944,37,0,88,1,70,,636945,37,0,88,1,30,,636946,37,0,88,1,70,,636947,37,0,88,1,30,,636948,37,0,88,1,70,,636949,37,0,88,1,30,,636950,37,0,88,1,70,,636951,37,0,88,1,29,,636952,37,0,88,1,70,,636953,37,0,88,1,35,,636954,37,0,88,1
3401,'JUNDA26-Weekday-06-1',605,,636967,37,0,88,1,30,,636970,37,0,88,1,70,,636980,37,0,88,1,28,,636968,37,0,88,1,72,,636969,37,0,88,1,30,,636985,37,0,88,1,69,,636983,37,0,88,1,30,,636965,37,0,88,1,70,,636986,37,0,88,1,30,,636955,37,0,88,1,70,,636982,37,0,88,1,31,,636966,37,0,88,1,70,,636956,37,0,88,1,31,,636957,37,0,88,1,70,,636981,37,0,88,1,30,,636958,37,0,88,1,70,,636977,37,0,88,1,30,,636979,37,0,88,1,70,,636971,37,0,88,1,30,,636978,37,0,88,1,70,,636959,37,0,88,1,30,,636975,37,0,88,1,70,,636973,37,0,88,1,30,,636960,37,0,88,1,72,,636976,37,0,88,1,28,,636974,37,0,88,1,70,,636964,37,0,88,1,30,,636972,37,0,88,1,69,,636984,37,0,88,1,30,,636961,37,0,88,1,71,,636962,37,0,88,1,30,,636987,37,0,88,1,77,,636963,37,,,1
3401,'JUNSA26-Saturday-07-1',647,,636988,37,0,88,1,100,,636989,37,0,88,1,100,,636990,37,0,88,1,70,,636991,37,0,88,1,101,,636992,37,0,88,1,30,,636993,37,0,88,1,70,,636994,37,0,88,1,30,,636995,37,0,88,1,100,,636996,37,0,88,1,70,,636997,37,0,88,1,30,,636998,37,0,88,1,70,,636999,37,0,88,1,30,,637000,37,0,88,1,70,,637001,37,0,88,1,30,,637002,37,0,88,1,100,,637003,37,0,88,1,70,,637004,37,0,88,1,30,,637005,37,0,88,1,70,,637006,37,0,88,1,29,,637007,37,0,88,1,70,,637008,37,0,88,1,35,,637009,37,0,88,1
3401,'JUNSU26-Sunday-05-1',737,,637010,37,0,88,1,100,,637011,37,0,88,1,94,,637012,37,0,88,1,70,,637013,37,0,88,1,30,,637014,37,0,88,1,70,,637015,37,0,88,1,30,,637016,37,0,88,1,70,,637017,37,0,88,1,30,,637018,37,0,88,1,70,,637019,37,0,88,1,100,,637020,37,0,88,1,30,,637021,37,0,88,1,100,,637022,37,0,88,1,70,,637023,37,0,88,1,100,,637024,37,0,88,1,30,,637025,37,0,88,1,70,,637026,37,0,88,1,43,,637027,37,0,88,1
3401,'RBJul03-Weekday-01-1',605,,637040,37,0,88,1,30,,637043,37,0,88,1,70,,637053,37,0,88,1,28,,637041,37,0,88,1,72,,637042,37,0,88,1,30,,637058,37,0,88,1,69,,637056,37,0,88,1,30,,637038,37,0,88,1,70,,637059,37,0,88,1,30,,637028,37,0,88,1,70,,637055,37,0,88,1,31,,637039,37,0,88,1,70,,637029,37,0,88,1,31,,637030,37,0,88,1,70,,637054,37,0,88,1,30,,637031,37,0,88,1,70,,637050,37,0,88,1,30,,637052,37,0,88,1,70,,637044,37,0,88,1,30,,637051,37,0,88,1,70,,637032,37,0,88,1,30,,637048,37,0,88,1,70,,637046,37,0,88,1,30,,637033,37,0,88,1,72,,637049,37,0,88,1,28,,637047,37,0,88,1,70,,637037,37,0,88,1,30,,637045,37,0,88,1,69,,637057,37,0,88,1,30,,637034,37,0,88,1,71,,637035,37,0,88,1,30,,637060,37,0,88,1,77,,637036,37,,,1
22800,'JUNDA26-Weekday-06-1',611,,659778,57,,,1,33,,659777,57,,,1,78,,659776,57,,,1
22800,'RBJul03-Weekday-01-1',611,,659781,57,,,1,33,,659780,57,,,1,78,,659779,57,,,1
22801,'JUNDA26-Weekday-06-1',1621,,659782,10,,,1,82,,659784,10,,,1,97,,659783,10,,,1
22801,'RBJul03-Weekday-01-1',1621,,659785,10,,,1,82,,659787,10,,,1,97,,659786,10,,,1
