3500,'1-1',544,,581616,10,,,1,95,,581608,10,,,1,70,,581595,10,,,1,29,,581603,10,,,1,71,,581589,10,,,1,30,,581615,10,,,1,70,,581610,10,0,138 26,1,32,,581613,10,0,138 26,1,68,,581601,10,0,138 26,1,31,,581614,10,0,138 26,1,70,,581596,10,0,138 26,1,30,,581597,10,0,138 26,1,70,,581591,10,0,138 26,1,30,,581605,10,0,138 26,1,70,,581604,10,0,138 26,1,29,,581606,10,0,138 26,1,70,,581619,10,0,138 26,1,31,,581620,10,,,1,71,,581618,10,,,1,32,,581599,10,,,1,70,,581602,10,,,1,30,,581592,10,,,1,70,,581611,10,,,1,30,,581588,10,,,1,70,,581617,10,0,138 26,1,26,,581593,10,0,138 26,1,70,,581590,10,0,138 26,1,30,,581598,10,0,138 26,1,70,,581594,10,0,138 26,1,30,,581609,10,0,138 26,1,70,,581600,10,0,138 26,1,30,,581607,10,0,138 26,1,101,,581612,10,0,138 26,1
3500,'10-1',544,,581641,10,,,1,95,,581646,10,,,1,70,,581637,10,,,1,29,,581640,10,,,1,71,,581624,10,,,1,30,,581648,10,,,1,70,,581647,10,0,138 26,1,32,,581631,10,0,138 26,1,68,,581621,10,0,138 26,1,31,,581629,10,0,138 26,1,70,,581651,10,0,138 26,1,30,,581636,10,0,138 26,1,70,,581652,10,0,138 26,1,30,,581645,10,0,138 26,1,70,,581627,10,0,138 26,1,29,,581650,10,0,138 26,1,70,,581638,10,0,138 26,1,31,,581625,10,,,1,71,,581628,10,,,1,32,,581635,10,,,1,70,,581653,10,,,1,30,,581626,10,,,1,70,,581623,10,,,1,30,,581642,10,,,1,70,,581622,10,0,138 26,1,26,,581634,10,0,138 26,1,70,,581639,10,0,138 26,1,30,,581633,10,0,138 26,1,70,,581644,10,0,138 26,1,30,,581643,10,0,138 26,1,70,,581630,10,0,138 26,1,30,,581649,10,0,138 26,1,101,,581632,10,0,138 26,1
3500,'11-1',544,,581674,10,,,1,95,,581679,10,,,1,70,,581670,10,,,1,29,,581673,10,,,1,71,,581657,10,,,1,30,,581681,10,,,1,70,,581680,10,0,138 26,1,32,,581664,10,0,138 26,1,68,,581654,10,0,138 26,1,31,,581662,10,0,138 26,1,70,,581684,10,0,138 26,1,30,,581669,10,0,138 26,1,70,,581685,10,0,138 26,1,30,,581678,10,0,138 26,1,70,,581660,10,0,138 26,1,29,,581683,10,0,138 26,1,70,,581671,10,0,138 26,1,31,,581658,10,,,1,71,,581661,10,,,1,32,,581668,10,,,1,70,,581686,10,,,1,30,,581659,10,,,1,70,,581656,10,,,1,30,,581675,10,,,1,70,,581655,10,0,138 26,1,26,,581667,10,0,138 26,1,70,,581672,10,0,138 26,1,30,,581666,10,0,138 26,1,70,,581677,10,0,138 26,1,30,,581676,10,0,138 26,1,70,,581663,10,0,138 26,1,30,,581682,10,0,138 26,1,101,,581665,10,0,138 26,1
3500,'2-1',544,,581707,10,,,1,95,,581712,10,,,1,70,,581703,10,,,1,29,,581706,10,,,1,71,,581690,10,,,1,30,,581714,10,,,1,70,,581713,10,0,138 26,1,32,,581697,10,0,138 26,1,68,,581687,10,0,138 26,1,31,,581695,10,0,138 26,1,70,,581717,10,0,138 26,1,30,,581702,10,0,138 26,1,70,,581718,10,0,138 26,1,30,,581711,10,0,138 26,1,70,,581693,10,0,138 26,1,29,,581716,10,0,138 26,1,70,,581704,10,0,138 26,1,31,,581691,10,,,1,71,,581694,10,,,1,32,,581701,10,,,1,70,,581719,10,,,1,30,,581692,10,,,1,70,,581689,10,,,1,30,,581708,10,,,1,70,,581688,10,0,138 26,1,26,,581700,10,0,138 26,1,70,,581705,10,0,138 26,1,30,,581699,10,0,138 26,1,70,,581710,10,0,138 26,1,30,,581709,10,0,138 26,1,70,,581696,10,0,138 26,1,30,,581715,10,0,138 26,1,101,,581698,10,0,138 26,1
3500,'3-1',931,,581734,10,,,1,100,,581729,10,,,1,70,,581727,10,,,1,30,,581739,10,,,1,70,,581731,10,,,1,100,,581725,10,,,1,30,,581723,10,,,1,70,,581724,10,,,1,100,,581735,10,,,1,30,,581738,10,,,1,70,,581732,10,,,1,30,,581728,10,,,1,100,,581726,10,,,1,70,,581736,10,,,1,30,,581722,10,,,1,100,,581721,10,,,1,100,,581730,10,,,1,100,,581733,10,,,1,100,,581737,10,,,1,100,,581720,10,,,1
3500,'4-1',931,,581741,10,,,1,72,,581764,10,,,1,28,,581747,10,,,1,70,,581743,10,,,1,30,,581757,10,,,1,70,,581763,10,,,1,30,,581760,10,,,1,70,,581748,10,,,1,30,,581746,10,,,1,70,,581752,10,,,1,30,,581749,10,,,1,70,,581740,10,,,1,30,,581744,10,,,1,70,,581762,10,,,1,30,,581761,10,,,1,70,,581750,10,,,1,30,,581751,10,,,1,70,,581758,10,,,1,30,,581742,10,,,1,100,,581756,10,,,1,100,,581755,10,,,1,100,,581759,10,,,1,100,,581753,10,,,1,100,,581765,10,,,1,100,,581754,10,,,1,100,,581745,10,,,1
3500,'5-1',832,,581769,10,,,1,70,,581782,10,,,1,30,,581785,10,,,1,100,,581776,10,,,1,100,,581778,10,,,1,70,,581787,10,,,1,30,,581773,10,,,1,70,,581774,10,,,1,30,,581770,10,,,1,100,,581786,10,,,1,100,,581780,10,,,1,70,,581784,10,,,1,100,,581767,10,,,1,30,,581779,10,,,1,70,,581788,10,,,1,100,,581766,10,,,1,30,,581768,10,,,1,100,,581771,10,,,1,70,,581775,10,,,1,30,,581783,10,,,1,70,,581772,10,,,1,100,,581781,10,,,1,103,,581777,10,,,1
3500,'6-1',544,,581809,10,,,1,95,,581814,10,,,1,70,,581805,10,,,1,29,,581808,10,,,1,71,,581792,10,,,1,30,,581816,10,,,1,70,,581815,10,0,138 26,1,32,,581799,10,0,138 26,1,68,,581789,10,0,138 26,1,31,,581797,10,0,138 26,1,70,,581819,10,0,138 26,1,30,,581804,10,0,138 26,1,70,,581820,10,0,138 26,1,30,,581813,10,0,138 26,1,70,,581795,10,0,138 26,1,29,,581818,10,0,138 26,1,70,,581806,10,0,138 26,1,31,,581793,10,,,1,71,,581796,10,,,1,32,,581803,10,,,1,70,,581821,10,,,1,30,,581794,10,,,1,70,,581791,10,,,1,30,,581810,10,,,1,70,,581790,10,0,138 26,1,26,,581802,10,0,138 26,1,70,,581807,10,0,138 26,1,30,,581801,10,0,138 26,1,70,,581812,10,0,138 26,1,30,,581811,10,0,138 26,1,70,,581798,10,0,138 26,1,30,,581817,10,0,138 26,1,101,,581800,10,0,138 26,1
3500,'7-1',931,,581836,10,,,1,100,,581831,10,,,1,70,,581829,10,,,1,30,,581841,10,,,1,70,,581833,10,,,1,100,,581827,10,,,1,30,,581825,10,,,1,70,,581826,10,,,1,100,,581837,10,,,1,30,,581840,10,,,1,70,,581834,10,,,1,30,,581830,10,,,1,100,,581828,10,,,1,70,,581838,10,,,1,30,,581824,10,,,1,100,,581823,10,,,1,100,,581832,10,,,1,100,,581835,10,,,1,100,,581839,10,,,1,100,,581822,10,,,1
3500,'8-1',544,,581862,10,,,1,95,,581867,10,,,1,70,,581858,10,,,1,29,,581861,10,,,1,71,,581845,10,,,1,30,,581869,10,,,1,70,,581868,10,0,138 26,1,32,,581852,10,0,138 26,1,68,,581842,10,0,138 26,1,31,,581850,10,0,138 26,1,70,,581872,10,0,138 26,1,30,,581857,10,0,138 26,1,70,,581873,10,0,138 26,1,30,,581866,10,0,138 26,1,70,,581848,10,0,138 26,1,29,,581871,10,0,138 26,1,70,,581859,10,0,138 26,1,31,,581846,10,,,1,71,,581849,10,,,1,32,,581856,10,,,1,70,,581874,10,,,1,30,,581847,10,,,1,70,,581844,10,,,1,30,,581863,10,,,1,70,,581843,10,0,138 26,1,26,,581855,10,0,138 26,1,70,,581860,10,0,138 26,1,30,,581854,10,0,138 26,1,70,,581865,10,0,138 26,1,30,,581864,10,0,138 26,1,70,,581851,10,0,138 26,1,30,,581870,10,0,138 26,1,101,,581853,10,0,138 26,1
3500,'9-1',832,,581882,10,,,1,70,,581890,10,,,1,30,,581877,10,,,1,70,,581897,10,,,1,30,,581884,10,,,1,70,,581901,10,,,1,30,,581876,10,,,1,70,,581902,10,,,1,30,,581891,10,,,1,70,,581885,10,,,1,30,,581879,10,,,1,70,,581896,10,,,1,30,,581875,10,,,1,70,,581888,10,,,1,30,,581892,10,,,1,70,,581887,10,,,1,30,,581883,10,,,1,70,,581881,10,,,1,30,,581894,10,,,1,70,,581904,10,,,1,30,,581886,10,,,1,70,,581895,10,,,1,30,,581900,10,,,1,70,,581878,10,,,1,30,,581898,10,,,1,70,,581893,10,,,1,30,,581899,10,,,1,70,,581880,10,,,1,100,,581903,10,,,1,103,,581889,10,,,1
