7000,'CanDay26-Sunday-11-1',738,,466765,12,,,1,100,,466766,12,,,1,100,,466767,12,,,1,70,,466768,12,,,1,30,,466769,12,,,1,70,,466770,12,,,1,30,,466771,12,,,1,70,,466772,12,,,1,30,,466773,12,,,1,70,,466774,12,,,1,30,,466775,12,,,1,70,,466776,12,,,1,30,,466777,12,,,1,70,,466778,12,,,1,30,,466779,12,,,1,70,,466780,12,,,1,30,,466781,12,,,1,70,,466782,12,,,1,30,,466783,12,,,1,70,,466784,12,,,1,30,,466785,12,,,1,70,,466786,12,,,1,30,,466787,12,,,1,70,,466788,12,,,1,100,,466789,12,,,1,100,,466790,12,,,1,100,,466791,12,,,1,100,,466797,12,,,1,100,,466798,12,,,1
7000,'CivHol26-Saturday-06-1',546,,466799,12,,,1,70,,466817,12,,,1,30,,466800,12,,,1,70,,466818,12,,,1,100,,466819,12,,,1,100,,466820,12,,,1,30,,466801,12,,,1,70,,466821,12,,,1,30,,466802,12,,,1,70,,466822,12,,,1,30,,466803,12,,,1,70,,466823,12,,,1,30,,466804,12,,,1,70,,466824,12,,,1,30,,466805,12,,,1,70,,466825,12,,,1,30,,466806,12,,,1,70,,466826,12,,,1,30,,466807,12,,,1,70,,466827,12,,,1,30,,466808,12,,,1,70,,466828,12,,,1,30,,466809,12,,,1,70,,466829,12,,,1,30,,466810,12,,,1,70,,466830,12,,,1,30,,466811,12,,,1,70,,466815,12,,,1,30,,466812,12,,,1,70,,466816,12,,,1,100,,466813,12,,,1,100,,466814,12,,,1
7000,'JUNDA26-Weekday-05-1',540,,466878,12,,,1,76,,466833,12,,,1,13,,466834,12,,,1,14,,466835,12,,,1,15,,466836,12,,,1,55,,466837,12,,,1,15,,466838,12,,,1,13,,466879,12,,,1,15,,466839,12,,,1,55,,466840,12,,,1,15,,466841,12,,,1,15,,466842,12,,,1,72,,466843,12,,,1,31,,466844,12,,,1,70,,466845,12,,,1,30,,466846,12,,,1,70,,466847,12,,,1,30,,466848,12,,,1,70,,466849,12,,,1,30,,466850,12,,,1,70,,466851,12,,,1,30,,466852,12,,,1,69,,466853,12,,,1,30,,466854,12,,,1,69,,466855,12,,,1,30,,466874,12,,,1,14,,466856,12,,,1,55,,466857,12,,,1,15,,466880,12,,,1,15,,466858,12,,,1,15,,466859,12,,,1,55,,466860,12,,,1,15,,466861,12,,,1,15,,466862,12,,,1,15,,466863,12,,,1,55,,466864,12,,,1,17,,466865,12,,,1,15,,466881,12,,,1,15,,466866,12,,,1,57,,466875,12,,,1,30,,466867,12,,,1,70,,466868,12,,,1,34,,466869,12,,,1,70,,466870,12,,,1,30,,466871,12,,,1,100,,466872,12,,,1
7000,'JUNSA26-Saturday-06-1',546,,466882,12,,,1,70,,466899,12,,,1,30,,466883,12,,,1,70,,466900,12,,,1,100,,466901,12,,,1,100,,466902,12,,,1,30,,466884,12,,,1,70,,466903,12,,,1,30,,466885,12,,,1,70,,466904,12,,,1,30,,466886,12,,,1,70,,466905,12,,,1,30,,466887,12,,,1,70,,466906,12,,,1,100,,466907,12,,,1,30,,466888,12,,,1,70,,466908,12,,,1,30,,466889,12,,,1,70,,466909,12,,,1,30,,466890,12,,,1,70,,466910,12,,,1,30,,466891,12,,,1,70,,466911,12,,,1,30,,466892,12,,,1,70,,466912,12,,,1,30,,466893,12,,,1,70,,466897,12,,,1,30,,466894,12,,,1,70,,466898,12,,,1,100,,466895,12,,,1,100,,466896,12,,,1
7000,'JUNSU26-Sunday-04-1',733,,466915,12,,,1,100,,466916,12,,,1,100,,466917,12,,,1,100,,466918,12,,,1,70,,466919,12,,,1,30,,466920,12,,,1,70,,466921,12,,,1,100,,466922,12,,,1,30,,466923,12,,,1,70,,466924,12,,,1,30,,466925,12,,,1,70,,466926,12,,,1,30,,466927,12,,,1,70,,466928,12,,,1,30,,466929,12,,,1,70,,466930,12,,,1,30,,466931,12,,,1,70,,466932,12,,,1,30,,466933,12,,,1,70,,466934,12,,,1,30,,466935,12,,,1,70,,466936,12,,,1,100,,466937,12,,,1,100,,466938,12,,,1,105,,466939,12,,,1
7401,'CanDay26-Sunday-11-1',818,,467412,12,,,1,100,,467411,12,,,1,30,,467403,12,,,1,70,,467404,12,,,1,30,,467405,12,,,1,70,,467406,12,,,1,30,,467407,12,,,1,70,,467408,12,,,1,30,,467409,12,,,1,70,,467410,12,,,1,30,,467433,12,,,1,60,,467434,12,,,1,20,,467435,12,,,1,20,,467436,12,,,1,60,,467437,12,,,1,20,,467438,12,,,1,20,,467439,12,,,1,60,,467440,12,,,1,20,,467441,12,,,1,20,,467453,12,,,1,60,,467424,12,,,1,20,,467419,12,,,1,20,,467425,12,,,1,60,,467420,12,,,1,20,,467426,12,,,1,20,,467421,12,,,1,60,,467422,12,,,1,20,,467455,12,,,1,20,,467456,12,,,1,60,,467457,12,,,1,20,,467458,12,,,1,20,,467459,12,,,1,60,,467460,12,,,1,20,,467461,12,,,1,20,,467462,12,,,1,60,,467463,12,,,1,20,,467464,12,,,1,20,,467465,12,,,1,60,,467466,12,,,1,20,,467467,12,,,1,20,,467423,12,,,1,100,,467468,12,,,1,155,,467469,12,,,1
7401,'CivHol26-Saturday-06-1',612,,467514,12,,,1,15,,467506,12,,,1,15,,467507,12,,,1,15,,467508,12,,,1,55,,467509,12,,,1,15,,467510,12,,,1,15,,467505,12,,,1,15,,467511,12,,,1,55,,467474,12,,,1,15,,467512,12,,,1,15,,467475,12,,,1,15,,467513,12,,,1,56,,467476,12,,,1,31,,467477,12,,,1,70,,467478,12,,,1,30,,467479,12,,,1,70,,467480,12,,,1,30,,467481,12,,,1,70,,467482,12,,,1,30,,467483,12,,,1,70,,467484,12,,,1,30,,467485,12,,,1,70,,467486,12,,,1,30,,467487,12,,,1,70,,467488,12,,,1,30,,467489,12,,,1,70,,467490,12,,,1,30,,467491,12,,,1,68,,467492,12,,,1,30,,467493,12,,,1,70,,467494,12,,,1,30,,467495,12,,,1,70,,467496,12,,,1,30,,467497,12,,,1,70,,467498,12,,,1,30,,467499,12,,,1,69,,467500,12,0,43,1,30,,467501,12,0,43,1,100,,467502,12,0,43,1,100,,467503,12,0,43,1,109,,467504,12,0,43,1
7401,'JUNDA26-Weekday-05-1',558,,467515,12,,,1,64,,467516,12,,,1,18,,467517,12,,,1,15,,467566,12,,,1,55,,467518,12,,,1,13,,467519,12,,,1,13,,467520,12,,,1,17,,467521,12,,,1,56,,467522,12,,,1,14,,467523,12,,,1,15,,467568,12,,,1,17,,467565,12,,,1,55,,467524,12,,,1,15,,467525,12,,,1,15,,467567,12,,,1,15,,467526,12,,,1,55,,467527,12,,,1,15,,467528,12,,,1,15,,467529,12,,,1,14,,467530,12,,,1,55,,467531,12,,,1,15,,467532,12,,,1,15,,467572,12,,,1,15,,467533,12,,,1,55,,467534,12,,,1,15,,467535,12,,,1,15,,467536,12,,,1,15,,467537,12,,,1,55,,467538,12,,,1,15,,467539,12,,,1,15,,467564,12,,,1,15,,467540,12,,,1,55,,467541,12,,,1,15,,467542,12,,,1,15,,467543,12,,,1,70,,467544,12,,,1,16,,467545,12,,,1,15,,467563,12,,,1,15,,467546,12,,,1,57,,467547,12,,,1,15,,467548,12,,,1,15,,467549,12,,,1,17,,467550,12,,,1,53,,467551,12,,,1,15,,467552,12,,,1,15,,467553,12,,,1,15,,467554,12,,,1,57,,467555,12,,,1,26,,467556,12,,,1,68,,467570,12,,,1,30,,467571,12,,,1,70,,467557,12,,,1,30,,467558,12,,,1,70,,467559,12,,,1,30,,467569,12,,,1,99,,467560,12,0,43,1,101,,467561,12,0,43,1,116,,467562,12,0,43,1
7401,'JUNSA26-Saturday-06-1',642,,467573,12,0,43,1,70,,467574,12,0,43,1,30,,467575,12,0,43,1,70,,467576,12,,,1,31,,467577,12,,,1,70,,467578,12,,,1,101,,467579,12,,,1,30,,467580,12,,,1,70,,467581,12,,,1,100,,467582,12,,,1,30,,467583,12,,,1,70,,467584,12,,,1,30,,467585,12,,,1,100,,467586,12,,,1,70,,467587,12,,,1,30,,467588,12,,,1,70,,467589,12,,,1,30,,467590,12,,,1,68,,467591,12,,,1,30,,467592,12,,,1,100,,467593,12,,,1,70,,467594,12,,,1,30,,467595,12,,,1,70,,467596,12,,,1,30,,467597,12,,,1,69,,467598,12,0,43,1,30,,467599,12,0,43,1,100,,467600,12,0,43,1,100,,467601,12,0,43,1,109,,467602,12,0,43,1
7401,'JUNSU26-Sunday-04-1',821,,467603,12,0,43,1,100,,467604,12,0,43,1,100,,467605,12,,,1,30,,467606,12,,,1,70,,467607,12,,,1,30,,467608,12,,,1,70,,467609,12,,,1,30,,467610,12,,,1,70,,467611,12,,,1,30,,467612,12,,,1,70,,467613,12,,,1,30,,467614,12,,,1,70,,467615,12,,,1,30,,467616,12,,,1,70,,467617,12,,,1,30,,467627,12,,,1,70,,467618,12,0,43,1,30,,467624,12,0,43,1,70,,467619,12,0,43,1,30,,467625,12,0,43,1,70,,467620,12,0,43,1,100,,467621,12,0,43,1,100,,467622,12,0,43,1,100,,467623,12,0,43,1,133,,467626,12,0,43,1
