8101,'1-1',634,,513709,52,,,1,66,,513706,52,,,1,34,,513712,52,,,1,69,,513720,52,,,1,32,,513724,52,,,1,70,,513699,52,,,1,31,,513726,52,,,1,68,,513707,52,,,1,29,,513723,52,,,1,69,,513704,52,,,1,29,,513711,52,,,1,72,,513721,52,,,1,30,,513705,52,,,1,70,,513698,52,,,1,30,,513713,52,,,1,70,,513718,52,,,1,31,,513697,52,,,1,70,,513719,52,,,1,30,,513701,52,,,1,71,,513696,52,,,1,99,,513715,52,,,1,29,,513722,52,,,1,68,,513700,52,,,1,28,,513702,52,,,1,30,,513725,52,,,1,68,,513703,52,,,1,30,,513710,52,,,1,69,,513716,52,,,1,30,,513714,52,,,1,70,,513695,52,,,1,30,,513694,52,,,1,68,,513693,52,,,1,30,,513708,52,,,1,148,,513717,52,,,1
8101,'2-1',848,,513734,52,,,1,70,,513730,52,,,1,30,,513752,52,,,1,70,,513743,52,,,1,30,,513729,52,,,1,70,,513739,52,,,1,30,,513748,52,,,1,70,,513736,52,,,1,32,,513737,52,,,1,70,,513738,52,,,1,30,,513746,52,,,1,70,,513728,52,,,1,30,,513731,52,,,1,70,,513753,52,,,1,30,,513742,52,,,1,70,,513745,52,,,1,30,,513744,52,,,1,70,,513735,52,,,1,30,,513741,52,,,1,70,,513750,52,,,1,28,,513727,52,,,1,100,,513747,52,,,1,100,,513740,52,,,1,100,,513733,52,,,1,100,,513751,52,,,1,100,,513749,52,,,1,100,,513732,52,,,1
8101,'3-1',650,,513784,52,,,1,100,,513778,52,,,1,70,,513770,52,,,1,30,,513777,52,,,1,70,,513775,52,,,1,30,,513779,52,,,1,70,,513763,52,,,1,30,,513756,52,,,1,70,,513762,52,,,1,30,,513761,52,,,1,70,,513757,52,,,1,32,,513760,52,,,1,70,,513758,52,,,1,30,,513780,52,,,1,70,,513764,52,,,1,30,,513767,52,,,1,70,,513768,52,,,1,30,,513754,52,,,1,70,,513766,52,,,1,30,,513759,52,,,1,70,,513765,52,,,1,30,,513771,52,,,1,70,,513772,52,,,1,28,,513769,52,,,1,70,,513783,52,,,1,30,,513782,52,,,1,100,,513781,52,,,1,100,,513776,52,,,1,100,,513755,52,,,1,100,,513773,52,,,1,100,,513774,52,,,1
8101,'4-1',650,,513797,52,,,1,100,,513808,52,,,1,70,,513798,52,,,1,30,,513788,52,,,1,70,,513785,52,,,1,100,,513786,52,,,1,30,,513802,52,,,1,70,,513792,52,,,1,100,,513793,52,,,1,32,,513799,52,,,1,70,,513791,52,,,1,100,,513794,52,,,1,100,,513803,52,,,1,100,,513787,52,,,1,30,,513804,52,,,1,70,,513801,52,,,1,30,,513805,52,,,1,70,,513809,52,,,1,28,,513806,52,,,1,70,,513790,52,,,1,30,,513807,52,,,1,100,,513789,52,,,1,100,,513796,52,,,1,100,,513810,52,,,1,100,,513795,52,,,1,100,,513800,52,,,1
8101,'5-1',634,,513827,52,,,1,66,,513824,52,,,1,34,,513830,52,,,1,69,,513838,52,,,1,32,,513842,52,,,1,70,,513817,52,,,1,31,,513844,52,,,1,68,,513825,52,,,1,29,,513841,52,,,1,69,,513822,52,,,1,29,,513829,52,,,1,72,,513839,52,,,1,30,,513823,52,,,1,70,,513816,52,,,1,30,,513831,52,,,1,70,,513836,52,,,1,31,,513815,52,,,1,70,,513837,52,,,1,30,,513819,52,,,1,71,,513814,52,,,1,99,,513833,52,,,1,29,,513840,52,,,1,68,,513818,52,,,1,28,,513820,52,,,1,30,,513843,52,,,1,68,,513821,52,,,1,30,,513828,52,,,1,69,,513834,52,,,1,30,,513832,52,,,1,70,,513813,52,,,1,30,,513812,52,,,1,68,,513811,52,,,1,30,,513826,52,,,1,148,,513835,52,,,1
8101,'6-1',848,,513846,52,,,1,70,,513845,52,,,1,30,,513853,52,,,1,70,,513855,52,,,1,100,,513858,52,,,1,100,,513848,52,,,1,102,,513847,52,,,1,100,,513851,52,,,1,30,,513861,52,,,1,70,,513854,52,,,1,30,,513850,52,,,1,70,,513859,52,,,1,30,,513849,52,,,1,70,,513863,52,,,1,30,,513864,52,,,1,70,,513865,52,,,1,28,,513857,52,,,1,100,,513862,52,,,1,100,,513860,52,,,1,100,,513866,52,,,1,100,,513856,52,,,1,100,,513852,52,,,1
8101,'7-1',634,,513883,52,,,1,66,,513880,52,,,1,34,,513886,52,,,1,69,,513894,52,,,1,32,,513898,52,,,1,70,,513873,52,,,1,31,,513900,52,,,1,68,,513881,52,,,1,29,,513897,52,,,1,69,,513878,52,,,1,29,,513885,52,,,1,72,,513895,52,,,1,30,,513879,52,,,1,70,,513872,52,,,1,30,,513887,52,,,1,70,,513892,52,,,1,31,,513871,52,,,1,70,,513893,52,,,1,30,,513875,52,,,1,71,,513870,52,,,1,99,,513889,52,,,1,29,,513896,52,,,1,68,,513874,52,,,1,28,,513876,52,,,1,30,,513899,52,,,1,68,,513877,52,,,1,30,,513884,52,,,1,69,,513890,52,,,1,30,,513888,52,,,1,70,,513869,52,,,1,30,,513868,52,,,1,68,,513867,52,,,1,30,,513882,52,,,1,148,,513891,52,,,1
8101,'8-1',634,,513917,52,,,1,66,,513914,52,,,1,34,,513920,52,,,1,69,,513928,52,,,1,32,,513932,52,,,1,70,,513907,52,,,1,31,,513934,52,,,1,68,,513915,52,,,1,29,,513931,52,,,1,69,,513912,52,,,1,29,,513919,52,,,1,72,,513929,52,,,1,30,,513913,52,,,1,70,,513906,52,,,1,30,,513921,52,,,1,70,,513926,52,,,1,31,,513905,52,,,1,70,,513927,52,,,1,30,,513909,52,,,1,71,,513904,52,,,1,99,,513923,52,,,1,29,,513930,52,,,1,68,,513908,52,,,1,28,,513910,52,,,1,30,,513933,52,,,1,68,,513911,52,,,1,30,,513918,52,,,1,69,,513924,52,,,1,30,,513922,52,,,1,70,,513903,52,,,1,30,,513902,52,,,1,68,,513901,52,,,1,30,,513916,52,,,1,148,,513925,52,,,1
8101,'9-1',634,,513951,52,,,1,66,,513948,52,,,1,34,,513954,52,,,1,69,,513962,52,,,1,32,,513966,52,,,1,70,,513941,52,,,1,31,,513968,52,,,1,68,,513949,52,,,1,29,,513965,52,,,1,69,,513946,52,,,1,29,,513953,52,,,1,72,,513963,52,,,1,30,,513947,52,,,1,70,,513940,52,,,1,30,,513955,52,,,1,70,,513960,52,,,1,31,,513939,52,,,1,70,,513961,52,,,1,30,,513943,52,,,1,71,,513938,52,,,1,99,,513957,52,,,1,29,,513964,52,,,1,68,,513942,52,,,1,28,,513944,52,,,1,30,,513967,52,,,1,68,,513945,52,,,1,30,,513952,52,,,1,69,,513958,52,,,1,30,,513956,52,,,1,70,,513937,52,,,1,30,,513936,52,,,1,68,,513935,52,,,1,30,,513950,52,,,1,148,,513959,52,,,1
8801,'1-1',432,,517812,21,,,1,70,,517842,21,,,1,31,,517831,21,,,1,70,,517802,21,,,1,19,,517793,21,,,1,14,,517834,21,,,1,16,,517810,21,,,1,55,,517799,21,,,1,16,,517772,21,,,1,15,,517815,21,,,1,17,,517841,21,,,1,55,,517808,21,,,1,15,,517811,21,,,1,17,,517822,21,,,1,15,,517801,21,0,14,1,53,,517832,21,,,1,15,,517782,21,0,14,1,15,,517796,21,,,1,15,,517792,21,0,14,1,54,,517785,21,,,1,15,,517826,21,0,14,1,15,,517825,21,,,1,15,,517840,21,0,14,1,55,,517829,21,,,1,15,,517816,21,0,14,1,15,,517784,21,,,1,15,,517780,21,0,14,1,55,,517776,21,,,1,15,,517797,21,0,14,1,15,,517835,21,,,1,15,,517779,21,0,14,1,55,,517838,21,,,1,15,,517790,21,0,14,1,16,,517774,21,,,1,15,,517814,21,0,14,1,55,,517821,21,,,1,15,,517819,21,0,14,1,14,,517804,21,,,1,18,,517830,21,,,1,55,,517787,21,,,1,15,,517839,21,,,1,15,,517789,21,,,1,17,,517807,21,,,1,55,,517806,21,,,1,17,,517798,21,,,1,15,,517805,21,,,1,13,,517836,21,,,1,55,,517828,21,,,1,13,,517824,21,,,1,15,,517795,21,,,1,14,,517786,21,,,1,55,,517843,21,,,1,13,,517781,21,,,1,15,,517833,21,,,1,15,,517791,21,,,1,58,,517773,21,,,1,20,,517818,21,,,1,20,,517778,21,,,1,60,,517817,21,,,1,20,,517794,21,,,1,20,,517827,21,,,1,60,,517837,21,,,1,20,,517777,21,,,1,20,,517783,21,,,1,60,,517788,21,,,1,19,,517823,21,,,1,20,,517775,21,,,1,70,,517803,21,,,1,27,,517809,21,,,1,68,,517813,21,,,1,30,,517800,21,,,1,70,,517820,21,,,1
8801,'2-1',625,,517880,21,,,1,30,,517859,21,,,1,70,,517874,21,,,1,30,,517857,21,,,1,71,,517853,21,,,1,30,,517875,21,,,1,70,,517867,21,,,1,30,,517844,21,,,1,72,,517881,21,,,1,30,,517856,21,,,1,62,,517882,21,,,1,20,,517861,21,,,1,60,,517879,21,,,1,20,,517884,21,,,1,20,,517852,21,,,1,60,,517883,21,,,1,20,,517845,21,,,1,20,,517872,21,,,1,60,,517878,21,,,1,20,,517863,21,,,1,20,,517862,21,,,1,60,,517865,21,,,1,20,,517860,21,,,1,20,,517854,21,,,1,60,,517866,21,,,1,20,,517873,21,,,1,20,,517871,21,,,1,60,,517858,21,,,1,20,,517855,21,,,1,26,,517877,21,,,1,70,,517846,21,,,1,30,,517851,21,,,1,70,,517864,21,,,1,30,,517847,21,,,1,70,,517849,21,,,1,29,,517876,21,,,1,70,,517885,21,,,1,30,,517869,21,,,1,70,,517848,21,,,1,29,,517850,21,,,1,70,,517870,21,,,1,98,,517886,21,,,1,30,,517868,21,,,1
8801,'3-1',632,,517946,21,,,1,70,,517921,21,,,1,30,,517906,21,,,1,70,,517929,21,,,1,31,,517907,21,,,1,15,,517911,21,0,14,1,55,,517939,21,,,1,15,,517892,21,0,14,1,15,,517924,21,,,1,15,,517947,21,0,14,1,55,,517903,21,,,1,16,,517890,21,0,14,1,16,,517927,21,,,1,15,,517905,21,0,14,1,55,,517943,21,,,1,15,,517897,21,0,14,1,15,,517894,21,,,1,15,,517908,21,0,14,1,55,,517917,21,,,1,15,,517937,21,0,14,1,15,,517938,21,,,1,15,,517944,21,0,14,1,55,,517900,21,,,1,15,,517942,21,0,14,1,15,,517914,21,,,1,15,,517940,21,0,14,1,55,,517899,21,,,1,15,,517895,21,0,14,1,15,,517931,21,,,1,15,,517935,21,0,14,1,55,,517926,21,,,1,15,,517918,21,0,14,1,15,,517913,21,,,1,15,,517902,21,0,14,1,55,,517945,21,,,1,15,,517889,21,0,14,1,15,,517928,21,,,1,15,,517933,21,0,14,1,55,,517932,21,,,1,15,,517925,21,0,14,1,15,,517910,21,,,1,15,,517898,21,0,14,1,55,,517901,21,,,1,15,,517887,21,0,14,1,15,,517920,21,,,1,15,,517936,21,0,14,1,55,,517915,21,,,1,15,,517934,21,0,14,1,15,,517919,21,,,1,15,,517916,21,0,14,1,55,,517896,21,,,1,15,,517891,21,0,14,1,15,,517923,21,,,1,70,,517922,21,,,1,30,,517930,21,,,1,70,,517909,21,,,1,29,,517893,21,,,1,70,,517904,21,,,1,30,,517941,21,,,1,70,,517912,21,,,1,30,,517888,21,,,1
8801,'4-1',632,,517987,21,,,1,70,,517963,21,,,1,30,,517978,21,,,1,70,,517979,21,,,1,31,,517990,21,,,1,15,,517974,21,0,14,1,55,,518007,21,,,1,15,,517953,21,0,14,1,15,,517973,21,,,1,15,,517969,21,0,14,1,55,,518000,21,,,1,16,,517983,21,0,14,1,16,,517965,21,,,1,15,,517999,21,0,14,1,55,,517996,21,,,1,15,,517964,21,0,14,1,15,,517980,21,,,1,15,,517970,21,0,14,1,55,,517958,21,,,1,15,,517993,21,0,14,1,15,,517977,21,,,1,15,,517960,21,0,14,1,55,,517988,21,,,1,15,,517992,21,0,14,1,15,,517967,21,,,1,15,,517952,21,0,14,1,55,,517957,21,,,1,15,,517984,21,0,14,1,15,,518005,21,,,1,15,,517959,21,0,14,1,55,,518001,21,,,1,15,,517995,21,0,14,1,15,,518006,21,,,1,15,,517986,21,0,14,1,55,,517998,21,,,1,15,,517997,21,0,14,1,15,,518003,21,,,1,15,,517989,21,0,14,1,55,,518004,21,,,1,15,,517962,21,0,14,1,15,,518002,21,,,1,15,,517955,21,0,14,1,55,,517954,21,,,1,15,,517956,21,0,14,1,15,,517966,21,,,1,15,,517951,21,0,14,1,55,,517971,21,,,1,15,,517975,21,0,14,1,15,,517961,21,,,1,15,,517948,21,0,14,1,55,,517982,21,,,1,15,,517950,21,0,14,1,85,,517968,21,,,1,30,,517976,21,,,1,70,,517991,21,,,1,29,,517949,21,,,1,70,,517972,21,,,1,30,,517985,21,,,1,70,,517994,21,,,1,30,,517981,21,,,1
8801,'5-1',432,,518048,21,,,1,70,,518078,21,,,1,31,,518067,21,,,1,70,,518038,21,,,1,19,,518029,21,,,1,14,,518070,21,,,1,16,,518046,21,,,1,55,,518035,21,,,1,16,,518008,21,,,1,15,,518051,21,,,1,17,,518077,21,,,1,55,,518044,21,,,1,15,,518047,21,,,1,17,,518058,21,,,1,15,,518037,21,0,14,1,53,,518068,21,,,1,15,,518018,21,0,14,1,15,,518032,21,,,1,15,,518028,21,0,14,1,54,,518021,21,,,1,15,,518062,21,0,14,1,15,,518061,21,,,1,15,,518076,21,0,14,1,55,,518065,21,,,1,15,,518052,21,0,14,1,15,,518020,21,,,1,15,,518016,21,0,14,1,55,,518012,21,,,1,15,,518033,21,0,14,1,15,,518071,21,,,1,15,,518015,21,0,14,1,55,,518074,21,,,1,15,,518026,21,0,14,1,16,,518010,21,,,1,15,,518050,21,0,14,1,55,,518057,21,,,1,15,,518055,21,0,14,1,14,,518040,21,,,1,18,,518066,21,,,1,55,,518023,21,,,1,15,,518075,21,,,1,15,,518025,21,,,1,17,,518043,21,,,1,55,,518042,21,,,1,17,,518034,21,,,1,15,,518041,21,,,1,13,,518072,21,,,1,55,,518064,21,,,1,13,,518060,21,,,1,15,,518031,21,,,1,14,,518022,21,,,1,55,,518079,21,,,1,13,,518017,21,,,1,15,,518069,21,,,1,15,,518027,21,,,1,58,,518009,21,,,1,20,,518054,21,,,1,20,,518014,21,,,1,60,,518053,21,,,1,20,,518030,21,,,1,20,,518063,21,,,1,60,,518073,21,,,1,20,,518013,21,,,1,20,,518019,21,,,1,60,,518024,21,,,1,19,,518059,21,,,1,20,,518011,21,,,1,70,,518039,21,,,1,27,,518045,21,,,1,68,,518049,21,,,1,30,,518036,21,,,1,70,,518056,21,,,1
8801,'6-1',626,,518094,21,,,1,30,,518102,21,,,1,70,,518115,21,,,1,30,,518100,21,,,1,71,,518088,21,,,1,30,,518114,21,,,1,70,,518109,21,,,1,30,,518081,21,,,1,71,,518112,21,,,1,30,,518086,21,,,1,62,,518083,21,,,1,20,,518111,21,,,1,80,,518116,21,,,1,20,,518092,21,,,1,60,,518113,21,,,1,20,,518104,21,,,1,20,,518110,21,,,1,60,,518105,21,,,1,40,,518091,21,,,1,60,,518103,21,,,1,20,,518098,21,,,1,80,,518084,21,,,1,40,,518089,21,,,1,60,,518087,21,,,1,20,,518090,21,,,1,26,,518107,21,,,1,70,,518099,21,,,1,30,,518080,21,,,1,70,,518096,21,,,1,30,,518093,21,,,1,70,,518082,21,,,1,30,,518108,21,,,1,70,,518101,21,,,1,100,,518085,21,,,1,29,,518106,21,,,1,70,,518097,21,,,1,98,,518095,21,,,1
8801,'7-1',432,,518157,21,,,1,70,,518187,21,,,1,31,,518176,21,,,1,70,,518147,21,,,1,19,,518138,21,,,1,14,,518179,21,,,1,16,,518155,21,,,1,55,,518144,21,,,1,16,,518117,21,,,1,15,,518160,21,,,1,17,,518186,21,,,1,55,,518153,21,,,1,15,,518156,21,,,1,17,,518167,21,,,1,15,,518146,21,0,14,1,53,,518177,21,,,1,15,,518127,21,0,14,1,15,,518141,21,,,1,15,,518137,21,0,14,1,54,,518130,21,,,1,15,,518171,21,0,14,1,15,,518170,21,,,1,15,,518185,21,0,14,1,55,,518174,21,,,1,15,,518161,21,0,14,1,15,,518129,21,,,1,15,,518125,21,0,14,1,55,,518121,21,,,1,15,,518142,21,0,14,1,15,,518180,21,,,1,15,,518124,21,0,14,1,55,,518183,21,,,1,15,,518135,21,0,14,1,16,,518119,21,,,1,15,,518159,21,0,14,1,55,,518166,21,,,1,15,,518164,21,0,14,1,14,,518149,21,,,1,18,,518175,21,,,1,55,,518132,21,,,1,15,,518184,21,,,1,15,,518134,21,,,1,17,,518152,21,,,1,55,,518151,21,,,1,17,,518143,21,,,1,15,,518150,21,,,1,13,,518181,21,,,1,55,,518173,21,,,1,13,,518169,21,,,1,15,,518140,21,,,1,14,,518131,21,,,1,55,,518188,21,,,1,13,,518126,21,,,1,15,,518178,21,,,1,15,,518136,21,,,1,58,,518118,21,,,1,20,,518163,21,,,1,20,,518123,21,,,1,60,,518162,21,,,1,20,,518139,21,,,1,20,,518172,21,,,1,60,,518182,21,,,1,20,,518122,21,,,1,20,,518128,21,,,1,60,,518133,21,,,1,19,,518168,21,,,1,20,,518120,21,,,1,70,,518148,21,,,1,27,,518154,21,,,1,68,,518158,21,,,1,30,,518145,21,,,1,70,,518165,21,,,1
8801,'8-1',432,,518229,21,,,1,70,,518259,21,,,1,31,,518248,21,,,1,70,,518219,21,,,1,19,,518210,21,,,1,14,,518251,21,,,1,16,,518227,21,,,1,55,,518216,21,,,1,16,,518189,21,,,1,15,,518232,21,,,1,17,,518258,21,,,1,55,,518225,21,,,1,15,,518228,21,,,1,17,,518239,21,,,1,15,,518218,21,0,14,1,53,,518249,21,,,1,15,,518199,21,0,14,1,15,,518213,21,,,1,15,,518209,21,0,14,1,54,,518202,21,,,1,15,,518243,21,0,14,1,15,,518242,21,,,1,15,,518257,21,0,14,1,55,,518246,21,,,1,15,,518233,21,0,14,1,15,,518201,21,,,1,15,,518197,21,0,14,1,55,,518193,21,,,1,15,,518214,21,0,14,1,15,,518252,21,,,1,15,,518196,21,0,14,1,55,,518255,21,,,1,15,,518207,21,0,14,1,16,,518191,21,,,1,15,,518231,21,0,14,1,55,,518238,21,,,1,15,,518236,21,0,14,1,14,,518221,21,,,1,18,,518247,21,,,1,55,,518204,21,,,1,15,,518256,21,,,1,15,,518206,21,,,1,17,,518224,21,,,1,55,,518223,21,,,1,17,,518215,21,,,1,15,,518222,21,,,1,13,,518253,21,,,1,55,,518245,21,,,1,13,,518241,21,,,1,15,,518212,21,,,1,14,,518203,21,,,1,55,,518260,21,,,1,13,,518198,21,,,1,15,,518250,21,,,1,15,,518208,21,,,1,58,,518190,21,,,1,20,,518235,21,,,1,20,,518195,21,,,1,60,,518234,21,,,1,20,,518211,21,,,1,20,,518244,21,,,1,60,,518254,21,,,1,20,,518194,21,,,1,20,,518200,21,,,1,60,,518205,21,,,1,19,,518240,21,,,1,20,,518192,21,,,1,70,,518220,21,,,1,27,,518226,21,,,1,68,,518230,21,,,1,30,,518217,21,,,1,70,,518237,21,,,1
8801,'9-1',432,,518301,21,,,1,70,,518331,21,,,1,31,,518320,21,,,1,70,,518291,21,,,1,19,,518282,21,,,1,14,,518323,21,,,1,16,,518299,21,,,1,55,,518288,21,,,1,16,,518261,21,,,1,15,,518304,21,,,1,17,,518330,21,,,1,55,,518297,21,,,1,15,,518300,21,,,1,17,,518311,21,,,1,15,,518290,21,0,14,1,53,,518321,21,,,1,15,,518271,21,0,14,1,15,,518285,21,,,1,15,,518281,21,0,14,1,54,,518274,21,,,1,15,,518315,21,0,14,1,15,,518314,21,,,1,15,,518329,21,0,14,1,55,,518318,21,,,1,15,,518305,21,0,14,1,15,,518273,21,,,1,15,,518269,21,0,14,1,55,,518265,21,,,1,15,,518286,21,0,14,1,15,,518324,21,,,1,15,,518268,21,0,14,1,55,,518327,21,,,1,15,,518279,21,0,14,1,16,,518263,21,,,1,15,,518303,21,0,14,1,55,,518310,21,,,1,15,,518308,21,0,14,1,14,,518293,21,,,1,18,,518319,21,,,1,55,,518276,21,,,1,15,,518328,21,,,1,15,,518278,21,,,1,17,,518296,21,,,1,55,,518295,21,,,1,17,,518287,21,,,1,15,,518294,21,,,1,13,,518325,21,,,1,55,,518317,21,,,1,13,,518313,21,,,1,15,,518284,21,,,1,14,,518275,21,,,1,55,,518332,21,,,1,13,,518270,21,,,1,15,,518322,21,,,1,15,,518280,21,,,1,58,,518262,21,,,1,20,,518307,21,,,1,20,,518267,21,,,1,60,,518306,21,,,1,20,,518283,21,,,1,20,,518316,21,,,1,60,,518326,21,,,1,20,,518266,21,,,1,20,,518272,21,,,1,60,,518277,21,,,1,19,,518312,21,,,1,20,,518264,21,,,1,70,,518292,21,,,1,27,,518298,21,,,1,68,,518302,21,,,1,30,,518289,21,,,1,70,,518309,21,,,1
