11000,'1-1',504,,618047,16,,,1,29,,618046,16,,,1,104,,618060,41,,,1,63,,618056,41,,,1,32,,618050,41,,,1,70,,618063,41,,,1,31,,618055,41,,,1,70,,618043,41,,,1,30,,618045,41,,,1,23,,618048,41,,,1,70,,618038,41,,,1,30,,618052,41,,,1,70,,618053,41,,,1,30,,618066,41,,,1,70,,618049,41,,,1,30,,618065,41,,,1,70,,618054,41,,,1,30,,618042,41,,,1,69,,618058,41,,,1,30,,618067,41,,,1,72,,618039,41,,,1,73,,618062,41,,,1,31,,618059,41,,,1,69,,618040,41,,,1,32,,618041,41,,,1,70,,618044,41,,,1,30,,618057,41,,,1,69,,618037,41,,,1,24,,618061,41,,,1,30,,618051,41,,,1,70,,618036,41,,,1,29,,618064,41,,,1
11000,'10-1',504,,618081,16,,,1,29,,618090,16,,,1,104,,618098,41,,,1,63,,618089,41,,,1,32,,618091,41,,,1,70,,618084,41,,,1,31,,618074,41,,,1,70,,618093,41,,,1,30,,618073,41,,,1,23,,618072,41,,,1,70,,618096,41,,,1,30,,618076,41,,,1,70,,618079,41,,,1,30,,618087,41,,,1,70,,618097,41,,,1,30,,618075,41,,,1,70,,618080,41,,,1,30,,618077,41,,,1,69,,618083,41,,,1,30,,618071,41,,,1,72,,618068,41,,,1,73,,618069,41,,,1,31,,618088,41,,,1,69,,618092,41,,,1,32,,618078,41,,,1,70,,618095,41,,,1,30,,618082,41,,,1,69,,618086,41,,,1,24,,618094,41,,,1,30,,618070,41,,,1,70,,618099,41,,,1,29,,618085,41,,,1
11000,'11-1',504,,618113,16,,,1,29,,618122,16,,,1,104,,618130,41,,,1,63,,618121,41,,,1,32,,618123,41,,,1,70,,618116,41,,,1,31,,618106,41,,,1,70,,618125,41,,,1,30,,618105,41,,,1,23,,618104,41,,,1,70,,618128,41,,,1,30,,618108,41,,,1,70,,618111,41,,,1,30,,618119,41,,,1,70,,618129,41,,,1,30,,618107,41,,,1,70,,618112,41,,,1,30,,618109,41,,,1,69,,618115,41,,,1,30,,618103,41,,,1,72,,618100,41,,,1,73,,618101,41,,,1,31,,618120,41,,,1,69,,618124,41,,,1,32,,618110,41,,,1,70,,618127,41,,,1,30,,618114,41,,,1,69,,618118,41,,,1,24,,618126,41,,,1,30,,618102,41,,,1,70,,618131,41,,,1,29,,618117,41,,,1
11000,'2-1',504,,618145,16,,,1,29,,618154,16,,,1,104,,618162,41,,,1,63,,618153,41,,,1,32,,618155,41,,,1,70,,618148,41,,,1,31,,618138,41,,,1,70,,618157,41,,,1,30,,618137,41,,,1,23,,618136,41,,,1,70,,618160,41,,,1,30,,618140,41,,,1,70,,618143,41,,,1,30,,618151,41,,,1,70,,618161,41,,,1,30,,618139,41,,,1,70,,618144,41,,,1,30,,618141,41,,,1,69,,618147,41,,,1,30,,618135,41,,,1,72,,618132,41,,,1,73,,618133,41,,,1,31,,618152,41,,,1,69,,618156,41,,,1,32,,618142,41,,,1,70,,618159,41,,,1,30,,618146,41,,,1,69,,618150,41,,,1,24,,618158,41,,,1,30,,618134,41,,,1,70,,618163,41,,,1,29,,618149,41,,,1
11000,'3-1',458,,618166,16,,,1,70,,618164,16,,,1,130,,618168,41,,,1,70,,618167,41,,,1,1031,,618169,41,,,1,70,,618165,41,,,1
11000,'4-1',458,,618173,16,,,1,70,,618172,16,,,1,130,,618175,41,,,1,70,,618174,41,,,1,1031,,618170,41,,,1,70,,618171,41,,,1
11000,'5-1',457,,618177,16,,,1,70,,618181,16,,,1,130,,618180,41,,,1,70,,618178,41,,,1,1031,,618176,41,,,1,70,,618179,41,,,1
11000,'6-1',504,,618195,16,,,1,29,,618204,16,,,1,104,,618212,41,,,1,63,,618203,41,,,1,32,,618205,41,,,1,70,,618198,41,,,1,31,,618188,41,,,1,70,,618207,41,,,1,30,,618187,41,,,1,23,,618186,41,,,1,70,,618210,41,,,1,30,,618190,41,,,1,70,,618193,41,,,1,30,,618201,41,,,1,70,,618211,41,,,1,30,,618189,41,,,1,70,,618194,41,,,1,30,,618191,41,,,1,69,,618197,41,,,1,30,,618185,41,,,1,72,,618182,41,,,1,73,,618183,41,,,1,31,,618202,41,,,1,69,,618206,41,,,1,32,,618192,41,,,1,70,,618209,41,,,1,30,,618196,41,,,1,69,,618200,41,,,1,24,,618208,41,,,1,30,,618184,41,,,1,70,,618213,41,,,1,29,,618199,41,,,1
11000,'7-1',458,,618216,16,,,1,70,,618214,16,,,1,130,,618218,41,,,1,70,,618217,41,,,1,1031,,618219,41,,,1,70,,618215,41,,,1
11000,'8-1',504,,618233,16,,,1,29,,618242,16,,,1,104,,618250,41,,,1,63,,618241,41,,,1,32,,618243,41,,,1,70,,618236,41,,,1,31,,618226,41,,,1,70,,618245,41,,,1,30,,618225,41,,,1,23,,618224,41,,,1,70,,618248,41,,,1,30,,618228,41,,,1,70,,618231,41,,,1,30,,618239,41,,,1,70,,618249,41,,,1,30,,618227,41,,,1,70,,618232,41,,,1,30,,618229,41,,,1,69,,618235,41,,,1,30,,618223,41,,,1,72,,618220,41,,,1,73,,618221,41,,,1,31,,618240,41,,,1,69,,618244,41,,,1,32,,618230,41,,,1,70,,618247,41,,,1,30,,618234,41,,,1,69,,618238,41,,,1,24,,618246,41,,,1,30,,618222,41,,,1,70,,618251,41,,,1,29,,618237,41,,,1
11000,'9-1',457,,618254,16,,,1,70,,618253,16,,,1,130,,618255,41,,,1,70,,618256,41,,,1,1031,,618252,41,,,1,70,,618257,41,,,1
16801,'1-1',546,,624241,38,,,1,83,,624235,38,,,1,71,,624240,38,,,1,29,,624245,38,,,1,30,,624243,38,,,1,70,,624252,38,,,1,30,,624229,38,,,1,70,,624257,38,,,1,30,,624256,38,,,1,69,,624239,38,,,1,30,,624228,38,,,1,70,,624222,38,,,1,30,,624244,38,,,1,71,,624232,38,,,1,30,,624238,38,,,1,70,,624227,38,,,1,30,,624255,38,,,1,72,,624250,38,,,1,70,,624253,38,,,1,35,,624224,38,,,1,75,,624249,38,,,1,33,,624248,38,,,1,67,,624226,38,,,1,28,,624247,38,,,1,68,,624251,38,,,1,28,,624223,38,,,1,66,,624254,38,,,1,28,,624246,38,,,1,29,,624234,38,,,1,68,,624233,38,,,1,28,,624237,38,,,1,68,,624242,38,,,1,29,,624230,38,,,1,72,,624225,38,,,1,101,,624236,38,,,1,118,,624231,38,,,1
16801,'10-1',546,,624262,38,,,1,83,,624275,38,,,1,71,,624282,38,,,1,29,,624270,38,,,1,30,,624263,38,,,1,70,,624269,38,,,1,30,,624266,38,,,1,70,,624292,38,,,1,30,,624268,38,,,1,69,,624279,38,,,1,30,,624261,38,,,1,70,,624291,38,,,1,30,,624258,38,,,1,71,,624272,38,,,1,30,,624274,38,,,1,70,,624281,38,,,1,30,,624276,38,,,1,72,,624264,38,,,1,70,,624285,38,,,1,35,,624273,38,,,1,75,,624290,38,,,1,33,,624289,38,,,1,67,,624287,38,,,1,28,,624280,38,,,1,68,,624286,38,,,1,28,,624271,38,,,1,66,,624259,38,,,1,28,,624267,38,,,1,29,,624260,38,,,1,68,,624284,38,,,1,28,,624265,38,,,1,68,,624277,38,,,1,29,,624293,38,,,1,72,,624278,38,,,1,101,,624283,38,,,1,118,,624288,38,,,1
16801,'11-1',546,,624298,38,,,1,83,,624311,38,,,1,71,,624318,38,,,1,29,,624306,38,,,1,30,,624299,38,,,1,70,,624305,38,,,1,30,,624302,38,,,1,70,,624328,38,,,1,30,,624304,38,,,1,69,,624315,38,,,1,30,,624297,38,,,1,70,,624327,38,,,1,30,,624294,38,,,1,71,,624308,38,,,1,30,,624310,38,,,1,70,,624317,38,,,1,30,,624312,38,,,1,72,,624300,38,,,1,70,,624321,38,,,1,35,,624309,38,,,1,75,,624326,38,,,1,33,,624325,38,,,1,67,,624323,38,,,1,28,,624316,38,,,1,68,,624322,38,,,1,28,,624307,38,,,1,66,,624295,38,,,1,28,,624303,38,,,1,29,,624296,38,,,1,68,,624320,38,,,1,28,,624301,38,,,1,68,,624313,38,,,1,29,,624329,38,,,1,72,,624314,38,,,1,101,,624319,38,,,1,118,,624324,38,,,1
16801,'2-1',546,,624334,38,,,1,83,,624347,38,,,1,71,,624354,38,,,1,29,,624342,38,,,1,30,,624335,38,,,1,70,,624341,38,,,1,30,,624338,38,,,1,70,,624364,38,,,1,30,,624340,38,,,1,69,,624351,38,,,1,30,,624333,38,,,1,70,,624363,38,,,1,30,,624330,38,,,1,71,,624344,38,,,1,30,,624346,38,,,1,70,,624353,38,,,1,30,,624348,38,,,1,72,,624336,38,,,1,70,,624357,38,,,1,35,,624345,38,,,1,75,,624362,38,,,1,33,,624361,38,,,1,67,,624359,38,,,1,28,,624352,38,,,1,68,,624358,38,,,1,28,,624343,38,,,1,66,,624331,38,,,1,28,,624339,38,,,1,29,,624332,38,,,1,68,,624356,38,,,1,28,,624337,38,,,1,68,,624349,38,,,1,29,,624365,38,,,1,72,,624350,38,,,1,101,,624355,38,,,1,118,,624360,38,,,1
16801,'3-1',640,,624375,38,,,1,100,,624384,38,,,1,100,,624376,38,,,1,72,,624371,38,,,1,30,,624386,38,,,1,70,,624381,38,,,1,33,,624378,38,,,1,100,,624366,38,,,1,70,,624369,38,,,1,31,,624370,38,,,1,70,,624368,38,,,1,30,,624380,38,,,1,100,,624388,38,,,1,70,,624367,38,,,1,100,,624379,38,,,1,30,,624387,38,,,1,70,,624374,38,,,1,30,,624373,38,,,1,70,,624383,38,,,1,29,,624382,38,,,1,70,,624377,38,,,1,30,,624391,38,,,1,100,,624390,38,,,1,98,,624385,38,,,1,98,,624372,38,,,1,100,,624389,38,,,1
16801,'4-1',640,,624414,38,,,1,100,,624416,38,,,1,100,,624407,38,,,1,72,,624412,38,,,1,30,,624394,38,,,1,70,,624409,38,,,1,33,,624419,38,,,1,70,,624420,38,,,1,30,,624410,38,,,1,70,,624403,38,,,1,31,,624415,38,,,1,70,,624393,38,,,1,30,,624401,38,,,1,70,,624400,38,,,1,30,,624395,38,,,1,70,,624413,38,,,1,30,,624418,38,,,1,70,,624392,38,,,1,30,,624399,38,,,1,70,,624406,38,,,1,30,,624397,38,,,1,70,,624402,38,,,1,29,,624411,38,,,1,70,,624405,38,,,1,30,,624422,38,,,1,100,,624396,38,,,1,98,,624417,38,,,1,98,,624404,38,,,1,100,,624421,38,,,1,100,,624408,38,,,1,100,,624398,38,,,1
16801,'5-1',635,,624432,38,,,1,110,,624427,38,,,1,100,,624439,38,,,1,70,,624426,38,,,1,30,,624447,38,,,1,70,,624450,38,,,1,33,,624443,38,,,1,100,,624446,38,,,1,70,,624438,38,,,1,31,,624448,38,,,1,70,,624436,38,,,1,30,,624430,38,,,1,100,,624425,38,,,1,70,,624428,38,,,1,30,,624429,38,,,1,70,,624424,38,,,1,100,,624442,38,,,1,100,,624445,38,,,1,29,,624433,38,,,1,70,,624440,38,,,1,30,,624444,38,,,1,70,,624449,38,,,1,30,,624441,38,,,1,70,,624431,38,,,1,30,,624435,38,,,1,70,,624423,38,,,1,28,,624434,38,,,1,100,,624437,38,,,1
16801,'6-1',546,,624455,38,,,1,83,,624468,38,,,1,71,,624475,38,,,1,29,,624463,38,,,1,30,,624456,38,,,1,70,,624462,38,,,1,30,,624459,38,,,1,70,,624485,38,,,1,30,,624461,38,,,1,69,,624472,38,,,1,30,,624454,38,,,1,70,,624484,38,,,1,30,,624451,38,,,1,71,,624465,38,,,1,30,,624467,38,,,1,70,,624474,38,,,1,30,,624469,38,,,1,72,,624457,38,,,1,70,,624478,38,,,1,35,,624466,38,,,1,75,,624483,38,,,1,33,,624482,38,,,1,67,,624480,38,,,1,28,,624473,38,,,1,68,,624479,38,,,1,28,,624464,38,,,1,66,,624452,38,,,1,28,,624460,38,,,1,29,,624453,38,,,1,68,,624477,38,,,1,28,,624458,38,,,1,68,,624470,38,,,1,29,,624486,38,,,1,72,,624471,38,,,1,101,,624476,38,,,1,118,,624481,38,,,1
16801,'7-1',640,,624496,38,,,1,100,,624505,38,,,1,100,,624497,38,,,1,72,,624492,38,,,1,30,,624507,38,,,1,70,,624502,38,,,1,33,,624499,38,,,1,100,,624487,38,,,1,70,,624490,38,,,1,31,,624491,38,,,1,70,,624489,38,,,1,30,,624501,38,,,1,100,,624509,38,,,1,70,,624488,38,,,1,100,,624500,38,,,1,30,,624508,38,,,1,70,,624495,38,,,1,30,,624494,38,,,1,70,,624504,38,,,1,29,,624503,38,,,1,70,,624498,38,,,1,30,,624512,38,,,1,100,,624511,38,,,1,98,,624506,38,,,1,98,,624493,38,,,1,100,,624510,38,,,1
16801,'8-1',546,,624517,38,,,1,83,,624530,38,,,1,71,,624537,38,,,1,29,,624525,38,,,1,30,,624518,38,,,1,70,,624524,38,,,1,30,,624521,38,,,1,70,,624547,38,,,1,30,,624523,38,,,1,69,,624534,38,,,1,30,,624516,38,,,1,70,,624546,38,,,1,30,,624513,38,,,1,71,,624527,38,,,1,30,,624529,38,,,1,70,,624536,38,,,1,30,,624531,38,,,1,72,,624519,38,,,1,70,,624540,38,,,1,35,,624528,38,,,1,75,,624545,38,,,1,33,,624544,38,,,1,67,,624542,38,,,1,28,,624535,38,,,1,68,,624541,38,,,1,28,,624526,38,,,1,66,,624514,38,,,1,28,,624522,38,,,1,29,,624515,38,,,1,68,,624539,38,,,1,28,,624520,38,,,1,68,,624532,38,,,1,29,,624548,38,,,1,72,,624533,38,,,1,101,,624538,38,,,1,118,,624543,38,,,1
16801,'9-1',635,,624553,38,,,1,110,,624551,38,,,1,100,,624558,38,,,1,70,,624574,38,,,1,30,,624578,38,,,1,70,,624552,38,,,1,33,,624565,38,,,1,70,,624561,38,,,1,30,,624579,38,,,1,70,,624576,38,,,1,31,,624570,38,,,1,70,,624568,38,,,1,30,,624573,38,,,1,70,,624550,38,,,1,30,,624577,38,,,1,70,,624554,38,,,1,30,,624564,38,,,1,70,,624567,38,,,1,30,,624549,38,,,1,70,,624560,38,,,1,30,,624556,38,,,1,70,,624559,38,,,1,29,,624569,38,,,1,70,,624563,38,,,1,30,,624562,38,,,1,70,,624566,38,,,1,30,,624555,38,,,1,70,,624571,38,,,1,30,,624575,38,,,1,70,,624580,38,,,1,28,,624557,38,,,1,100,,624572,38,,,1
25601,'1-1',1551,,626557,40,,,1,79,,626555,40,,,1,71,,626558,40,,,1,32,,626554,40,,,1,67,,626556,40,,,1,29,,626559,40,,,1,30,,626560,40,,,1,76,,626553,40,,,1
25601,'10-1',1551,,626564,40,,,1,79,,626565,40,,,1,29,,626567,40,,,1,74,,626566,40,,,1,67,,626561,40,,,1,29,,626563,40,,,1,30,,626562,40,,,1,76,,626568,40,,,1
25601,'11-1',1551,,626572,40,,,1,79,,626573,40,,,1,29,,626575,40,,,1,74,,626574,40,,,1,67,,626569,40,,,1,29,,626571,40,,,1,30,,626570,40,,,1,76,,626576,40,,,1
25601,'2-1',1551,,626580,40,,,1,79,,626581,40,,,1,29,,626583,40,,,1,74,,626582,40,,,1,67,,626577,40,,,1,29,,626579,40,,,1,30,,626578,40,,,1,76,,626584,40,,,1
25601,'6-1',1551,,626588,40,,,1,79,,626589,40,,,1,29,,626591,40,,,1,74,,626590,40,,,1,67,,626585,40,,,1,29,,626587,40,,,1,30,,626586,40,,,1,76,,626592,40,,,1
25601,'8-1',1551,,626596,40,,,1,79,,626597,40,,,1,29,,626599,40,,,1,74,,626598,40,,,1,67,,626593,40,,,1,29,,626595,40,,,1,30,,626594,40,,,1,76,,626600,40,,,1
