6201,'CanDay26-Sunday-12-1',822,,548307,15,,,1,31,,548308,15,,,1,70,,548309,15,,,1,30,,548310,15,,,1,70,,548311,15,,,1,30,,548312,15,,,1,55,,548337,15,0,9 10,1,15,,548313,15,,,1,15,,548338,15,0,9 10,1,15,,548314,15,,,1,55,,548339,15,0,9 10,1,15,,548315,15,,,1,15,,548340,15,0,9 10,1,15,,548316,15,,,1,55,,548341,15,0,9 10,1,15,,548317,15,,,1,15,,548342,15,0,9 10,1,15,,548318,15,,,1,55,,548343,15,0,9 10,1,15,,548319,15,,,1,15,,548344,15,0,9 10,1,15,,548320,15,,,1,55,,548345,15,0,9 10,1,15,,548321,15,,,1,15,,548346,15,0,9 10,1,15,,548322,15,,,1,55,,548347,15,0,9 10,1,15,,548323,15,,,1,15,,548348,15,0,9 10,1,15,,548324,15,,,1,55,,548349,15,0,9 10,1,15,,548325,15,,,1,15,,548350,15,0,9 10,1,15,,548326,15,,,1,55,,548351,15,0,9 10,1,15,,548327,15,,,1,15,,548352,15,0,9 10,1,15,,548328,15,,,1,55,,548353,15,0,9 10,1,15,,548329,15,,,1,30,,548330,15,,,1,70,,548331,15,,,1,29,,548332,15,,,1,70,,548333,15,,,1,30,,548334,16,,,1,70,,548335,16,,,1,30,,548336,16,,,1,70,,548354,16,,,1,30,,548355,16,,,1,70,,548356,15,,,1,30,,548357,15,,,1
6201,'CivHol26-Saturday-07-1',741,,548358,15,,,1,70,,548359,15,,,1,30,,548360,15,,,1,70,,548361,15,,,1,30,,548362,15,,,1,70,,548363,15,,,1,29,,548364,15,,,1,70,,548365,15,,,1,30,,548366,15,,,1,70,,548367,15,,,1,30,,548368,15,,,1,70,,548369,15,,,1,30,,548370,15,,,1,70,,548371,15,,,1,30,,548372,15,,,1,70,,548373,15,,,1,30,,548374,15,,,1,70,,548375,15,,,1,30,,548376,15,,,1,70,,548377,15,,,1,30,,548378,15,,,1,70,,548379,15,,,1,30,,548380,15,,,1,70,,548381,15,,,1,30,,548382,15,,,1,70,,548383,15,,,1,29,,548384,15,,,1,70,,548385,15,,,1,30,,548386,15,,,1,70,,548387,15,,,1,30,,548388,15,,,1,70,,548389,15,,,1
6201,'JUNDA26-Weekday-06-1',602,,548427,15,,,1,28,,548390,15,,,1,26,,548391,14,,,1,70,,548392,14,,,1,30,,548393,14,,,1,72,,548394,14,,,1,29,,548395,14,,,1,69,,548396,14,,,1,30,,548397,14,,,1,70,,548398,14,,,1,30,,548399,14,,,1,70,,548400,14,,,1,25,,548419,14,,,1,70,,548406,14,,,1,30,,548410,14,,,1,71,,548421,14,,,1,30,,548404,14,,,1,70,,548411,14,,,1,30,,548420,14,,,1,69,,548402,14,,,1,31,,548412,14,,,1,69,,548424,14,,,1,30,,548425,14,,,1,70,,548413,14,,,1,30,,548408,14,,,1,70,,548409,14,,,1,30,,548414,14,,,1,70,,548403,14,,,1,33,,548401,14,,,1,70,,548415,14,,,1,30,,548423,14,,,1,70,,548405,14,,,1,30,,548416,14,,,1,69,,548407,14,,,1,36,,548422,15,,,1,70,,548417,15,,,1,30,,548426,15,,,1,75,,548418,15,,,1
6201,'JUNSA26-Saturday-07-1',741,,548428,15,,,1,70,,548429,15,,,1,30,,548430,15,,,1,70,,548431,15,,,1,30,,548432,15,,,1,70,,548433,15,,,1,29,,548434,15,,,1,70,,548435,15,,,1,30,,548436,15,,,1,70,,548437,15,,,1,30,,548438,15,,,1,70,,548439,15,,,1,30,,548440,15,,,1,70,,548441,15,,,1,30,,548442,15,,,1,70,,548443,15,,,1,30,,548444,15,,,1,70,,548445,15,,,1,30,,548446,15,,,1,70,,548447,15,,,1,30,,548448,15,,,1,70,,548449,15,,,1,30,,548450,15,,,1,70,,548451,15,,,1,30,,548452,15,,,1,70,,548453,15,,,1,29,,548454,15,,,1,70,,548455,15,,,1,30,,548456,15,,,1,70,,548457,15,,,1,30,,548458,15,,,1,70,,548459,15,,,1
6201,'JUNSU26-Sunday-05-1',824,,548460,15,,,1,31,,548461,15,,,1,70,,548462,15,,,1,30,,548463,15,,,1,70,,548464,15,,,1,30,,548465,15,,,1,70,,548466,15,,,1,100,,548467,15,,,1,30,,548468,15,,,1,70,,548469,15,,,1,100,,548470,15,,,1,100,,548471,15,,,1,30,,548472,15,,,1,70,,548473,15,,,1,100,,548474,15,,,1,30,,548475,15,,,1,70,,548476,15,,,1,30,,548477,15,,,1,70,,548478,15,,,1,30,,548479,15,,,1,70,,548480,15,,,1,29,,548481,15,,,1,70,,548482,15,,,1,30,,548483,15,,,1,70,,548484,15,,,1,30,,548485,15,,,1
6201,'RBJul03-Weekday-01-1',602,,548523,15,,,1,28,,548486,15,,,1,26,,548487,14,,,1,70,,548488,14,,,1,30,,548489,14,,,1,72,,548490,14,,,1,29,,548491,14,,,1,69,,548492,14,,,1,30,,548493,14,,,1,70,,548494,14,,,1,30,,548495,14,,,1,70,,548496,14,,,1,25,,548515,14,,,1,70,,548502,14,,,1,30,,548506,14,,,1,71,,548517,14,,,1,30,,548500,14,,,1,70,,548507,14,,,1,30,,548516,14,,,1,69,,548498,14,,,1,31,,548508,14,,,1,69,,548520,14,,,1,30,,548521,14,,,1,70,,548509,14,,,1,30,,548504,14,,,1,70,,548505,14,,,1,30,,548510,14,,,1,70,,548499,14,,,1,33,,548497,14,,,1,70,,548511,14,,,1,30,,548519,14,,,1,70,,548501,14,,,1,30,,548512,14,,,1,69,,548503,14,,,1,36,,548518,15,,,1,70,,548513,15,,,1,30,,548522,15,,,1,75,,548514,15,,,1
16801,'CanDay26-Sunday-12-1',654,,561608,54,,,1,100,,561609,54,,,1,100,,561610,54,,,1,72,,561611,54,,,1,30,,561612,54,,,1,70,,561613,54,,,1,33,,561614,54,,,1,70,,561615,54,,,1,30,,561616,54,,,1,70,,561617,54,,,1,72,,561618,54,,,1,30,,561619,54,,,1,70,,561620,54,,,1,30,,561621,54,,,1,70,,561622,54,,,1,30,,561623,54,,,1,70,,561624,54,,,1,30,,561625,54,,,1,70,,561626,54,,,1,30,,561627,54,,,1,70,,561628,54,,,1,30,,561629,54,,,1,69,,561630,54,,,1,30,,561631,54,,,1,70,,561632,54,,,1,59,,561633,54,,,1,98,,561634,54,,,1,98,,561635,54,,,1,100,,561636,54,,,1,100,,561637,54,,,1,100,,561638,54,,,1
16801,'CivHol26-Saturday-07-1',649,,561639,54,,,1,110,,561640,54,,,1,100,,561641,54,,,1,70,,561642,54,,,1,30,,561643,54,,,1,70,,561644,54,,,1,73,,561645,54,,,1,30,,561646,54,,,1,70,,561647,54,,,1,30,,561648,54,,,1,72,,561649,54,,,1,30,,561650,54,,,1,70,,561651,54,,,1,30,,561652,54,,,1,70,,561653,54,,,1,30,,561654,54,,,1,70,,561655,54,,,1,30,,561656,54,,,1,70,,561657,54,,,1,30,,561658,54,,,1,70,,561659,54,,,1,30,,561660,54,,,1,69,,561661,54,,,1,30,,561662,54,,,1,70,,561663,54,,,1,30,,561664,54,,,1,69,,561665,54,,,1,30,,561666,54,,,1,70,,561667,54,,,1,30,,561668,54,,,1,68,,561669,54,,,1,100,,561670,54,,,1
16801,'JUNDA26-Weekday-06-1',559,,561671,54,,,1,87,,561672,54,,,1,73,,561673,54,,,1,30,,561674,54,,,1,69,,561675,54,,,1,29,,561676,54,,,1,70,,561677,54,,,1,29,,561678,54,,,1,69,,561679,54,,,1,29,,561680,54,,,1,71,,561681,54,,,1,30,,561682,54,,,1,70,,561683,54,,,1,31,,561684,54,,,1,70,,561685,54,,,1,30,,561686,54,,,1,70,,561687,54,,,1,33,,561688,54,,,1,71,,561689,54,,,1,35,,561690,54,,,1,75,,561691,54,,,1,72,,561692,54,,,1,27,,561693,54,,,1,28,,561694,54,,,1,68,,561695,54,,,1,27,,561696,54,,,1,65,,561697,54,,,1,27,,561698,54,,,1,69,,561699,54,,,1,28,,561700,54,,,1,67,,561701,54,,,1,28,,561702,54,,,1,69,,561703,54,,,1,32,,561704,54,,,1,100,,561705,54,,,1,117,,561706,54,,,1
16801,'JUNSA26-Saturday-07-1',649,,561707,54,,,1,110,,561708,54,,,1,100,,561709,54,,,1,70,,561710,54,,,1,30,,561711,54,,,1,70,,561712,54,,,1,73,,561713,54,,,1,100,,561714,54,,,1,30,,561715,54,,,1,72,,561716,54,,,1,30,,561717,54,,,1,70,,561718,54,,,1,100,,561719,54,,,1,30,,561720,54,,,1,70,,561721,54,,,1,30,,561722,54,,,1,100,,561723,54,,,1,100,,561724,54,,,1,69,,561725,54,,,1,30,,561726,54,,,1,70,,561727,54,,,1,30,,561728,54,,,1,69,,561729,54,,,1,30,,561730,54,,,1,70,,561731,54,,,1,30,,561732,54,,,1,68,,561733,54,,,1,100,,561734,54,,,1
16801,'JUNSU26-Sunday-05-1',654,,561735,54,,,1,100,,561736,54,,,1,100,,561737,54,,,1,72,,561738,54,,,1,30,,561739,54,,,1,70,,561740,54,,,1,33,,561741,54,,,1,100,,561742,54,,,1,70,,561743,54,,,1,72,,561744,54,,,1,30,,561745,54,,,1,70,,561746,54,,,1,100,,561747,54,,,1,30,,561748,54,,,1,100,,561749,54,,,1,70,,561750,54,,,1,30,,561751,54,,,1,70,,561752,54,,,1,30,,561753,54,,,1,69,,561754,54,,,1,30,,561755,54,,,1,70,,561756,54,,,1,59,,561757,54,,,1,98,,561758,54,,,1,98,,561759,54,,,1,100,,561760,54,,,1
16801,'RBJul03-Weekday-01-1',559,,561761,54,,,1,87,,561762,54,,,1,73,,561763,54,,,1,30,,561764,54,,,1,69,,561765,54,,,1,29,,561766,54,,,1,70,,561767,54,,,1,29,,561768,54,,,1,69,,561769,54,,,1,29,,561770,54,,,1,71,,561771,54,,,1,30,,561772,54,,,1,70,,561773,54,,,1,31,,561774,54,,,1,70,,561775,54,,,1,30,,561776,54,,,1,70,,561777,54,,,1,33,,561778,54,,,1,71,,561779,54,,,1,35,,561780,54,,,1,75,,561781,54,,,1,72,,561782,54,,,1,27,,561783,54,,,1,28,,561784,54,,,1,68,,561785,54,,,1,27,,561786,54,,,1,65,,561787,54,,,1,27,,561788,54,,,1,69,,561789,54,,,1,28,,561790,54,,,1,67,,561791,54,,,1,28,,561792,54,,,1,69,,561793,54,,,1,32,,561794,54,,,1,100,,561795,54,,,1,117,,561796,54,,,1
