7000,'1-1',440,,787954,14,,,1,70,,787958,14,,,1,97,,787962,46,,,1,30,,787948,46,,,1,70,,787943,46,,,1,30,,787955,46,,,1,100,,787945,46,,,1,102,,787965,46,,,1,70,,787969,46,,,1,30,,787959,46,,,1,70,,787944,46,,,1,30,,787960,46,,,1,71,,787940,46,,,1,30,,787939,46,,,1,70,,787970,46,,,1,30,,787942,46,,,1,70,,787957,46,,,1,30,,787963,46,,,1,70,,787964,46,,,1,30,,787966,46,,,1,70,,787950,46,,,1,30,,787941,46,,,1,70,,787967,46,,,1,30,,787956,46,,,1,70,,787953,46,,,1,30,,787952,46,,,1,70,,787938,46,,,1,29,,787937,46,,,1,70,,787949,46,,,1,30,,787947,46,,,1,70,,787951,46,,,1,29,,787961,46,,,1,100,,787968,46,,,1,100,,787946,46,,,1
7000,'10-1',435,,787992,14,,,1,70,,787985,14,,,1,54,,787991,14,,,1,70,,787988,14,,,1,30,,788002,14,,,1,95,,787971,46,,,1,100,,787994,46,,,1,102,,787999,46,,,1,70,,787982,46,,,1,30,,787983,46,,,1,70,,787975,46,,,1,30,,788001,46,,,1,71,,787972,46,,,1,30,,787996,46,,,1,70,,787977,46,,,1,30,,787974,46,,,1,70,,787980,46,,,1,30,,787979,46,,,1,70,,787973,46,,,1,30,,787981,46,,,1,70,,787990,46,,,1,30,,787984,46,,,1,70,,787993,46,,,1,30,,787989,46,,,1,70,,787978,46,,,1,30,,787987,46,,,1,70,,787976,46,,,1,29,,787998,46,,,1,70,,787986,46,,,1,100,,788000,46,,,1,99,,787995,46,,,1,105,,787997,46,,,1
7000,'11-1',602,,788035,46,,,1,36,,788038,46,,,1,15,,788017,46,,,1,54,,788050,46,,,1,15,,788040,46,,,1,15,,788023,46,,,1,15,,788049,46,,,1,54,,788014,46,,,1,15,,788012,46,,,1,15,,788043,46,,,1,17,,788019,46,,,1,53,,788018,46,,,1,31,,788004,46,,,1,69,,788051,46,,,1,30,,788016,46,,,1,70,,788022,46,,,1,30,,788008,46,,,1,70,,788009,46,,,1,30,,788011,46,,,1,70,,788007,46,,,1,30,,788048,46,,,1,70,,788047,46,,,1,29,,788003,46,,,1,70,,788032,46,,,1,29,,788021,46,,,1,72,,788015,46,,,1,15,,788027,46,,,1,15,,788046,46,,,1,15,,788030,46,,,1,55,,788034,46,,,1,15,,788041,46,,,1,15,,788042,46,,,1,15,,788020,46,,,1,55,,788005,46,,,1,15,,788010,46,,,1,15,,788013,46,,,1,17,,788039,46,,,1,53,,788024,46,,,1,14,,788028,46,,,1,17,,788026,46,,,1,70,,788045,46,,,1,30,,788037,46,,,1,72,,788025,46,,,1,30,,788044,46,,,1,70,,788036,46,,,1,100,,788006,46,,,1
7000,'12-1',435,,788073,14,,,1,70,,788066,14,,,1,54,,788072,14,,,1,70,,788069,14,,,1,30,,788083,14,,,1,95,,788052,46,,,1,100,,788075,46,,,1,102,,788080,46,,,1,70,,788063,46,,,1,30,,788064,46,,,1,70,,788056,46,,,1,30,,788082,46,,,1,71,,788053,46,,,1,30,,788077,46,,,1,70,,788058,46,,,1,30,,788055,46,,,1,70,,788061,46,,,1,30,,788060,46,,,1,70,,788054,46,,,1,30,,788062,46,,,1,70,,788071,46,,,1,30,,788065,46,,,1,70,,788074,46,,,1,30,,788070,46,,,1,70,,788059,46,,,1,30,,788068,46,,,1,70,,788057,46,,,1,29,,788079,46,,,1,70,,788067,46,,,1,100,,788081,46,,,1,99,,788076,46,,,1,105,,788078,46,,,1
7000,'2-1',435,,788105,14,,,1,70,,788098,14,,,1,54,,788104,14,,,1,70,,788101,14,,,1,30,,788115,14,,,1,95,,788084,46,,,1,100,,788107,46,,,1,102,,788112,46,,,1,70,,788095,46,,,1,30,,788096,46,,,1,70,,788088,46,,,1,30,,788114,46,,,1,71,,788085,46,,,1,30,,788109,46,,,1,70,,788090,46,,,1,30,,788087,46,,,1,70,,788093,46,,,1,30,,788092,46,,,1,70,,788086,46,,,1,30,,788094,46,,,1,70,,788103,46,,,1,30,,788097,46,,,1,70,,788106,46,,,1,30,,788102,46,,,1,70,,788091,46,,,1,30,,788100,46,,,1,70,,788089,46,,,1,29,,788111,46,,,1,70,,788099,46,,,1,100,,788113,46,,,1,99,,788108,46,,,1,105,,788110,46,,,1
7000,'3-1',602,,788148,46,,,1,36,,788151,46,,,1,15,,788130,46,,,1,54,,788163,46,,,1,15,,788153,46,,,1,15,,788136,46,,,1,15,,788162,46,,,1,54,,788127,46,,,1,15,,788125,46,,,1,15,,788156,46,,,1,17,,788132,46,,,1,53,,788131,46,,,1,31,,788117,46,,,1,69,,788164,46,,,1,30,,788129,46,,,1,70,,788135,46,,,1,30,,788121,46,,,1,70,,788122,46,,,1,30,,788124,46,,,1,70,,788120,46,,,1,30,,788161,46,,,1,70,,788160,46,,,1,29,,788116,46,,,1,70,,788145,46,,,1,29,,788134,46,,,1,72,,788128,46,,,1,15,,788140,46,,,1,15,,788159,46,,,1,15,,788143,46,,,1,55,,788147,46,,,1,15,,788154,46,,,1,15,,788155,46,,,1,15,,788133,46,,,1,55,,788118,46,,,1,15,,788123,46,,,1,15,,788126,46,,,1,17,,788152,46,,,1,53,,788137,46,,,1,14,,788141,46,,,1,17,,788139,46,,,1,70,,788158,46,,,1,30,,788150,46,,,1,72,,788138,46,,,1,30,,788157,46,,,1,70,,788149,46,,,1,100,,788119,46,,,1
7000,'4-1',602,,788197,46,,,1,36,,788200,46,,,1,15,,788179,46,,,1,54,,788212,46,,,1,15,,788202,46,,,1,15,,788185,46,,,1,15,,788211,46,,,1,54,,788176,46,,,1,15,,788174,46,,,1,15,,788205,46,,,1,17,,788181,46,,,1,53,,788180,46,,,1,31,,788166,46,,,1,69,,788213,46,,,1,30,,788178,46,,,1,70,,788184,46,,,1,30,,788170,46,,,1,70,,788171,46,,,1,30,,788173,46,,,1,70,,788169,46,,,1,30,,788210,46,,,1,70,,788209,46,,,1,29,,788165,46,,,1,70,,788194,46,,,1,29,,788183,46,,,1,72,,788177,46,,,1,15,,788189,46,,,1,15,,788208,46,,,1,15,,788192,46,,,1,55,,788196,46,,,1,15,,788203,46,,,1,15,,788204,46,,,1,15,,788182,46,,,1,55,,788167,46,,,1,15,,788172,46,,,1,15,,788175,46,,,1,17,,788201,46,,,1,53,,788186,46,,,1,14,,788190,46,,,1,17,,788188,46,,,1,70,,788207,46,,,1,30,,788199,46,,,1,72,,788187,46,,,1,30,,788206,46,,,1,70,,788198,46,,,1,100,,788168,46,,,1
7000,'5-1',602,,788246,46,,,1,36,,788249,46,,,1,15,,788228,46,,,1,54,,788261,46,,,1,15,,788251,46,,,1,15,,788234,46,,,1,15,,788260,46,,,1,54,,788225,46,,,1,15,,788223,46,,,1,15,,788254,46,,,1,17,,788230,46,,,1,53,,788229,46,,,1,31,,788215,46,,,1,69,,788262,46,,,1,30,,788227,46,,,1,70,,788233,46,,,1,30,,788219,46,,,1,70,,788220,46,,,1,30,,788222,46,,,1,70,,788218,46,,,1,30,,788259,46,,,1,70,,788258,46,,,1,29,,788214,46,,,1,70,,788243,46,,,1,29,,788232,46,,,1,72,,788226,46,,,1,15,,788238,46,,,1,15,,788257,46,,,1,15,,788241,46,,,1,55,,788245,46,,,1,15,,788252,46,,,1,15,,788253,46,,,1,15,,788231,46,,,1,55,,788216,46,,,1,15,,788221,46,,,1,15,,788224,46,,,1,17,,788250,46,,,1,53,,788235,46,,,1,14,,788239,46,,,1,17,,788237,46,,,1,70,,788256,46,,,1,30,,788248,46,,,1,72,,788236,46,,,1,30,,788255,46,,,1,70,,788247,46,,,1,100,,788217,46,,,1
7000,'6-1',435,,788282,14,,,1,70,,788270,14,,,1,54,,788269,14,,,1,70,,788266,14,,,1,30,,788294,14,,,1,95,,788271,46,,,1,100,,788275,46,,,1,102,,788290,46,,,1,70,,788276,46,,,1,30,,788292,46,,,1,70,,788293,46,,,1,30,,788283,46,,,1,71,,788274,46,,,1,30,,788279,46,,,1,70,,788277,46,,,1,30,,788288,46,,,1,70,,788278,46,,,1,30,,788263,46,,,1,70,,788273,46,,,1,30,,788289,46,,,1,70,,788265,46,,,1,30,,788291,46,,,1,70,,788286,46,,,1,30,,788267,46,,,1,70,,788280,46,,,1,30,,788268,46,,,1,70,,788281,46,,,1,29,,788272,46,,,1,70,,788285,46,,,1,100,,788264,46,,,1,99,,788284,46,,,1,105,,788287,46,,,1
7000,'7-1',435,,788314,14,,,1,70,,788302,14,,,1,54,,788301,14,,,1,70,,788298,14,,,1,30,,788326,14,,,1,95,,788303,46,,,1,100,,788307,46,,,1,102,,788322,46,,,1,70,,788308,46,,,1,30,,788324,46,,,1,70,,788325,46,,,1,30,,788315,46,,,1,71,,788306,46,,,1,30,,788311,46,,,1,70,,788309,46,,,1,30,,788320,46,,,1,70,,788310,46,,,1,30,,788295,46,,,1,70,,788305,46,,,1,30,,788321,46,,,1,70,,788297,46,,,1,30,,788323,46,,,1,70,,788318,46,,,1,30,,788299,46,,,1,70,,788312,46,,,1,30,,788300,46,,,1,70,,788313,46,,,1,29,,788304,46,,,1,70,,788317,46,,,1,100,,788296,46,,,1,99,,788316,46,,,1,105,,788319,46,,,1
7000,'8-1',602,,788359,46,,,1,36,,788362,46,,,1,15,,788341,46,,,1,54,,788374,46,,,1,15,,788364,46,,,1,15,,788347,46,,,1,15,,788373,46,,,1,54,,788338,46,,,1,15,,788336,46,,,1,15,,788367,46,,,1,17,,788343,46,,,1,53,,788342,46,,,1,31,,788328,46,,,1,69,,788375,46,,,1,30,,788340,46,,,1,70,,788346,46,,,1,30,,788332,46,,,1,70,,788333,46,,,1,30,,788335,46,,,1,70,,788331,46,,,1,30,,788372,46,,,1,70,,788371,46,,,1,29,,788327,46,,,1,70,,788356,46,,,1,29,,788345,46,,,1,72,,788339,46,,,1,15,,788351,46,,,1,15,,788370,46,,,1,15,,788354,46,,,1,55,,788358,46,,,1,15,,788365,46,,,1,15,,788366,46,,,1,15,,788344,46,,,1,55,,788329,46,,,1,15,,788334,46,,,1,15,,788337,46,,,1,17,,788363,46,,,1,53,,788348,46,,,1,14,,788352,46,,,1,17,,788350,46,,,1,70,,788369,46,,,1,30,,788361,46,,,1,72,,788349,46,,,1,30,,788368,46,,,1,70,,788360,46,,,1,100,,788330,46,,,1
7000,'9-1',440,,788392,14,,,1,70,,788402,14,,,1,97,,788396,46,,,1,30,,788376,46,,,1,70,,788386,46,,,1,30,,788399,46,,,1,100,,788381,46,,,1,102,,788377,46,,,1,70,,788384,46,,,1,30,,788395,46,,,1,70,,788408,46,,,1,30,,788388,46,,,1,71,,788383,46,,,1,30,,788401,46,,,1,70,,788379,46,,,1,30,,788382,46,,,1,70,,788407,46,,,1,30,,788404,46,,,1,70,,788403,46,,,1,30,,788380,46,,,1,70,,788394,46,,,1,30,,788397,46,,,1,70,,788409,46,,,1,30,,788378,46,,,1,70,,788385,46,,,1,30,,788390,46,,,1,70,,788400,46,,,1,29,,788391,46,,,1,70,,788406,46,,,1,30,,788398,46,,,1,70,,788393,46,,,1,29,,788387,46,,,1,100,,788389,46,,,1,100,,788405,46,,,1
67900,'11-1',724,,815138,21,,,1,5,,815136,21,,,1,5,,815137,21,,,1
67900,'3-1',724,,815141,21,,,1,5,,815139,21,,,1,5,,815140,21,,,1
67900,'4-1',724,,815144,21,,,1,5,,815142,21,,,1,5,,815143,21,,,1
67900,'5-1',724,,815147,21,,,1,5,,815145,21,,,1,5,,815146,21,,,1
67900,'8-1',724,,815150,21,,,1,5,,815148,21,,,1,5,,815149,21,,,1
