6300,'1-1',621,,506497,35,,,1,23,,506481,34,,,1,56,,506494,34,,,1,17,,506511,34,,,1,15,,506488,34,,,1,17,,506498,34,,,1,55,,506492,34,,,1,14,,506517,34,,,1,15,,506523,34,,,1,71,,506485,34,,,1,30,,506522,34,,,1,68,,506506,34,,,1,28,,506477,34,,,1,70,,506512,34,,,1,31,,506514,34,,,1,70,,506499,34,,,1,31,,506509,34,,,1,26,,506503,34,,,1,70,,506516,34,,,1,72,,506479,34,,,1,29,,506484,34,,,1,28,,506520,28,,,1,71,,506487,28,,,1,15,,506486,28,,,1,15,,506490,28,,,1,53,,506502,28,,,1,17,,506501,28,,,1,17,,506495,28,,,1,55,,506480,28,,,1,14,,506513,28,,,1,15,,506515,28,,,1,30,,506500,28,,,1,56,,506491,28,,,1,13,,506496,28,,,1,15,,506478,28,,,1,69,,506521,28,,,1,33,,506518,34,,,1,70,,506510,34,,,1,30,,506507,34,,,1,70,,506519,34,,,1,30,,506505,34,,,1,69,,506504,34,,,1,28,,506489,34,,,1,79,,506482,35,,,1,30,,506508,35,,,1,70,,506483,35,,,1
6300,'2-1',808,,506549,35,,,1,104,,506552,35,,,1,100,,506553,35,,,1,101,,506547,35,,,1,30,,506528,35,,,1,70,,506542,35,,,1,30,,506536,35,,,1,70,,506526,35,,,1,30,,506545,35,,,1,70,,506529,35,,,1,30,,506524,35,,,1,70,,506532,35,,,1,30,,506550,35,,,1,70,,506543,35,,,1,30,,506537,35,,,1,70,,506534,35,,,1,30,,506548,35,,,1,70,,506544,35,,,1,30,,506527,35,,,1,70,,506535,35,,,1,30,,506540,35,,,1,70,,506551,35,,,1,30,,506554,35,,,1,69,,506533,35,,,1,30,,506530,35,,,1,71,,506546,36,0,149,0,29,,506531,35,,,1,68,,506538,36,,,1,31,,506541,35,,,1,69,,506539,36,,,1,31,,506555,35,0,149,0,70,,506525,35,,,1
6300,'3-1',721,,506574,35,,,1,30,,506560,35,,,1,70,,506558,35,,,1,31,,506565,35,,,1,70,,506575,35,,,1,30,,506589,35,,,1,70,,506557,35,,,1,31,,506582,35,,,1,70,,506573,35,,,1,30,,506587,35,,,1,70,,506572,35,,,1,30,,506583,35,,,1,70,,506584,35,,,1,30,,506585,35,,,1,70,,506567,35,,,1,30,,506562,35,,,1,70,,506576,35,,,1,30,,506571,35,,,1,70,,506569,35,,,1,30,,506581,35,,,1,70,,506564,35,,,1,30,,506579,35,,,1,70,,506588,35,,,1,30,,506578,35,,,1,70,,506556,35,,,1,30,,506563,35,,,1,70,,506561,35,,,1,29,,506580,35,,,1,70,,506568,35,,,1,30,,506566,35,,,1,70,,506570,35,,,1,29,,506586,35,,,1,70,,506559,35,,,1,30,,506577,35,,,1
6300,'4-1',721,,506598,35,,,1,30,,506614,35,,,1,70,,506617,35,,,1,31,,506620,35,,,1,70,,506599,35,,,1,30,,506592,35,,,1,70,,506601,35,,,1,31,,506615,35,,,1,70,,506603,35,,,1,30,,506594,35,,,1,70,,506607,35,,,1,100,,506619,35,,,1,30,,506590,35,,,1,70,,506618,35,,,1,30,,506609,35,,,1,70,,506604,35,,,1,30,,506608,35,,,1,70,,506597,35,,,1,30,,506602,35,,,1,70,,506612,35,,,1,30,,506593,35,,,1,70,,506613,35,,,1,30,,506605,35,,,1,70,,506611,35,,,1,30,,506596,35,,,1,70,,506591,35,,,1,29,,506595,35,,,1,70,,506621,35,,,1,100,,506606,35,,,1,29,,506610,35,,,1,70,,506616,35,,,1,30,,506600,35,,,1
6300,'5-1',621,,506642,35,,,1,23,,506626,34,,,1,56,,506639,34,,,1,17,,506656,34,,,1,15,,506633,34,,,1,17,,506643,34,,,1,55,,506637,34,,,1,14,,506662,34,,,1,15,,506668,34,,,1,71,,506630,34,,,1,30,,506667,34,,,1,68,,506651,34,,,1,28,,506622,34,,,1,70,,506657,34,,,1,31,,506659,34,,,1,70,,506644,34,,,1,31,,506654,34,,,1,26,,506648,34,,,1,70,,506661,34,,,1,72,,506624,34,,,1,29,,506629,34,,,1,28,,506665,28,,,1,71,,506632,28,,,1,15,,506631,28,,,1,15,,506635,28,,,1,53,,506647,28,,,1,17,,506646,28,,,1,17,,506640,28,,,1,55,,506625,28,,,1,14,,506658,28,,,1,15,,506660,28,,,1,30,,506645,28,,,1,56,,506636,28,,,1,13,,506641,28,,,1,15,,506623,28,,,1,69,,506666,28,,,1,33,,506663,34,,,1,70,,506655,34,,,1,30,,506652,34,,,1,70,,506664,34,,,1,30,,506650,34,,,1,69,,506649,34,,,1,28,,506634,34,,,1,79,,506627,35,,,1,30,,506653,35,,,1,70,,506628,35,,,1
6300,'6-1',808,,506687,35,,,1,104,,506692,35,,,1,100,,506672,35,,,1,101,,506678,35,,,1,100,,506677,35,,,1,30,,506686,35,,,1,70,,506680,35,,,1,30,,506670,35,,,1,70,,506676,35,,,1,30,,506683,35,,,1,70,,506673,35,,,1,30,,506684,35,,,1,70,,506679,35,,,1,30,,506690,35,,,1,70,,506669,35,,,1,30,,506691,35,,,1,200,,506674,35,,,1,70,,506685,35,,,1,30,,506675,35,,,1,69,,506688,35,,,1,100,,506671,35,,,1,30,,506681,35,,,1,69,,506689,35,,,1,100,,506682,35,,,1
6300,'7-1',621,,506713,35,,,1,23,,506697,34,,,1,56,,506710,34,,,1,17,,506727,34,,,1,15,,506704,34,,,1,17,,506714,34,,,1,55,,506708,34,,,1,14,,506733,34,,,1,15,,506739,34,,,1,71,,506701,34,,,1,30,,506738,34,,,1,68,,506722,34,,,1,28,,506693,34,,,1,70,,506728,34,,,1,31,,506730,34,,,1,70,,506715,34,,,1,31,,506725,34,,,1,26,,506719,34,,,1,70,,506732,34,,,1,72,,506695,34,,,1,29,,506700,34,,,1,28,,506736,28,,,1,71,,506703,28,,,1,15,,506702,28,,,1,15,,506706,28,,,1,53,,506718,28,,,1,17,,506717,28,,,1,17,,506711,28,,,1,55,,506696,28,,,1,14,,506729,28,,,1,15,,506731,28,,,1,30,,506716,28,,,1,56,,506707,28,,,1,13,,506712,28,,,1,15,,506694,28,,,1,69,,506737,28,,,1,33,,506734,34,,,1,70,,506726,34,,,1,30,,506723,34,,,1,70,,506735,34,,,1,30,,506721,34,,,1,69,,506720,34,,,1,28,,506705,34,,,1,79,,506698,35,,,1,30,,506724,35,,,1,70,,506699,35,,,1
6300,'8-1',621,,506760,35,,,1,23,,506744,34,,,1,56,,506757,34,,,1,17,,506774,34,,,1,15,,506751,34,,,1,17,,506761,34,,,1,55,,506755,34,,,1,14,,506780,34,,,1,15,,506786,34,,,1,71,,506748,34,,,1,30,,506785,34,,,1,68,,506769,34,,,1,28,,506740,34,,,1,70,,506775,34,,,1,31,,506777,34,,,1,70,,506762,34,,,1,31,,506772,34,,,1,26,,506766,34,,,1,70,,506779,34,,,1,72,,506742,34,,,1,29,,506747,34,,,1,28,,506783,28,,,1,71,,506750,28,,,1,15,,506749,28,,,1,15,,506753,28,,,1,53,,506765,28,,,1,17,,506764,28,,,1,17,,506758,28,,,1,55,,506743,28,,,1,14,,506776,28,,,1,15,,506778,28,,,1,30,,506763,28,,,1,56,,506754,28,,,1,13,,506759,28,,,1,15,,506741,28,,,1,69,,506784,28,,,1,33,,506781,34,,,1,70,,506773,34,,,1,30,,506770,34,,,1,70,,506782,34,,,1,30,,506768,34,,,1,69,,506767,34,,,1,28,,506752,34,,,1,79,,506745,35,,,1,30,,506771,35,,,1,70,,506746,35,,,1
6300,'9-1',621,,506807,35,,,1,23,,506791,34,,,1,56,,506804,34,,,1,17,,506821,34,,,1,15,,506798,34,,,1,17,,506808,34,,,1,55,,506802,34,,,1,14,,506827,34,,,1,15,,506833,34,,,1,71,,506795,34,,,1,30,,506832,34,,,1,68,,506816,34,,,1,28,,506787,34,,,1,70,,506822,34,,,1,31,,506824,34,,,1,70,,506809,34,,,1,31,,506819,34,,,1,26,,506813,34,,,1,70,,506826,34,,,1,72,,506789,34,,,1,29,,506794,34,,,1,28,,506830,28,,,1,71,,506797,28,,,1,15,,506796,28,,,1,15,,506800,28,,,1,53,,506812,28,,,1,17,,506811,28,,,1,17,,506805,28,,,1,55,,506790,28,,,1,14,,506823,28,,,1,15,,506825,28,,,1,30,,506810,28,,,1,56,,506801,28,,,1,13,,506806,28,,,1,15,,506788,28,,,1,69,,506831,28,,,1,33,,506828,34,,,1,70,,506820,34,,,1,30,,506817,34,,,1,70,,506829,34,,,1,30,,506815,34,,,1,69,,506814,34,,,1,28,,506799,34,,,1,79,,506792,35,,,1,30,,506818,35,,,1,70,,506793,35,,,1
11001,'1-1',525,,522896,15,0,35,1,28,,522897,15,0,35,1,70,,522872,15,0,35,1,30,,522893,15,0,35,1,70,,522887,15,0,35,1,32,,522878,15,0,35,1,71,,522890,15,0,35,1,30,,522892,15,0,35,1,69,,522886,15,0,35,1,28,,522879,15,0,35,1,70,,522884,15,0,35,1,34,,522898,15,0,35,1,70,,522867,15,0,35,1,30,,522894,15,0,35,1,68,,522875,15,0,35,1,30,,522899,15,0,35,1,70,,522873,15,0,35,1,30,,522895,15,0,35,1,70,,522880,15,0,35,1,30,,522874,15,0,35,1,72,,522889,15,0,35,1,32,,522885,15,0,35,1,73,,522869,15,0,35,1,26,,522877,15,0,35,1,70,,522881,15,0,35,1,30,,522883,15,0,35,1,68,,522888,15,0,35,1,29,,522870,15,0,35,1,67,,522871,15,0,35,1,30,,522882,15,0,35,1,70,,522876,15,0,35,1
11001,'2-1',601,,522904,16,0,35,1,30,,522903,16,0,35,1,1070,,522901,16,0,35,1,30,,522902,16,0,35,1
11001,'3-1',601,,522908,16,0,35,1,30,,522906,16,0,35,1,1070,,522909,16,0,35,1,30,,522910,16,0,35,1
11001,'4-1',601,,522916,16,0,35,1,30,,522914,16,0,35,1,1070,,522915,16,0,35,1,30,,522913,16,0,35,1
11001,'5-1',525,,522947,15,0,35,1,28,,522948,15,0,35,1,70,,522923,15,0,35,1,30,,522944,15,0,35,1,70,,522938,15,0,35,1,32,,522929,15,0,35,1,71,,522941,15,0,35,1,30,,522943,15,0,35,1,69,,522937,15,0,35,1,28,,522930,15,0,35,1,70,,522935,15,0,35,1,34,,522949,15,0,35,1,70,,522918,15,0,35,1,30,,522945,15,0,35,1,68,,522926,15,0,35,1,30,,522950,15,0,35,1,70,,522924,15,0,35,1,30,,522946,15,0,35,1,70,,522931,15,0,35,1,30,,522925,15,0,35,1,72,,522940,15,0,35,1,32,,522936,15,0,35,1,73,,522920,15,0,35,1,26,,522928,15,0,35,1,70,,522932,15,0,35,1,30,,522934,15,0,35,1,68,,522939,15,0,35,1,29,,522921,15,0,35,1,67,,522922,15,0,35,1,30,,522933,15,0,35,1,70,,522927,15,0,35,1
11001,'6-1',601,,522955,16,0,35,1,30,,522956,16,0,35,1,1070,,522951,16,0,35,1,30,,522952,16,0,35,1
11001,'7-1',525,,522986,15,0,35,1,28,,522987,15,0,35,1,70,,522962,15,0,35,1,30,,522983,15,0,35,1,70,,522977,15,0,35,1,32,,522968,15,0,35,1,71,,522980,15,0,35,1,30,,522982,15,0,35,1,69,,522976,15,0,35,1,28,,522969,15,0,35,1,70,,522974,15,0,35,1,34,,522988,15,0,35,1,70,,522957,15,0,35,1,30,,522984,15,0,35,1,68,,522965,15,0,35,1,30,,522989,15,0,35,1,70,,522963,15,0,35,1,30,,522985,15,0,35,1,70,,522970,15,0,35,1,30,,522964,15,0,35,1,72,,522979,15,0,35,1,32,,522975,15,0,35,1,73,,522959,15,0,35,1,26,,522967,15,0,35,1,70,,522971,15,0,35,1,30,,522973,15,0,35,1,68,,522978,15,0,35,1,29,,522960,15,0,35,1,67,,522961,15,0,35,1,30,,522972,15,0,35,1,70,,522966,15,0,35,1
11001,'8-1',525,,523019,15,0,35,1,28,,523020,15,0,35,1,70,,522995,15,0,35,1,30,,523016,15,0,35,1,70,,523010,15,0,35,1,32,,523001,15,0,35,1,71,,523013,15,0,35,1,30,,523015,15,0,35,1,69,,523009,15,0,35,1,28,,523002,15,0,35,1,70,,523007,15,0,35,1,34,,523021,15,0,35,1,70,,522990,15,0,35,1,30,,523017,15,0,35,1,68,,522998,15,0,35,1,30,,523022,15,0,35,1,70,,522996,15,0,35,1,30,,523018,15,0,35,1,70,,523003,15,0,35,1,30,,522997,15,0,35,1,72,,523012,15,0,35,1,32,,523008,15,0,35,1,73,,522992,15,0,35,1,26,,523000,15,0,35,1,70,,523004,15,0,35,1,30,,523006,15,0,35,1,68,,523011,15,0,35,1,29,,522993,15,0,35,1,67,,522994,15,0,35,1,30,,523005,15,0,35,1,70,,522999,15,0,35,1
11001,'9-1',525,,523052,15,0,35,1,28,,523053,15,0,35,1,70,,523028,15,0,35,1,30,,523049,15,0,35,1,70,,523043,15,0,35,1,32,,523034,15,0,35,1,71,,523046,15,0,35,1,30,,523048,15,0,35,1,69,,523042,15,0,35,1,28,,523035,15,0,35,1,70,,523040,15,0,35,1,34,,523054,15,0,35,1,70,,523023,15,0,35,1,30,,523050,15,0,35,1,68,,523031,15,0,35,1,30,,523055,15,0,35,1,70,,523029,15,0,35,1,30,,523051,15,0,35,1,70,,523036,15,0,35,1,30,,523030,15,0,35,1,72,,523045,15,0,35,1,32,,523041,15,0,35,1,73,,523025,15,0,35,1,26,,523033,15,0,35,1,70,,523037,15,0,35,1,30,,523039,15,0,35,1,68,,523044,15,0,35,1,29,,523026,15,0,35,1,67,,523027,15,0,35,1,30,,523038,15,0,35,1,70,,523032,15,0,35,1
