9301,'1-1',539,,614537,16,,,1,83,,614543,16,,,1,28,,614527,16,,,1,70,,614549,16,,,1,32,,614546,16,,,1,73,,614542,16,,,1,28,,614553,16,,,1,70,,614519,16,,,1,30,,614520,16,,,1,69,,614524,16,,,1,30,,614539,16,,,1,70,,614521,16,,,1,30,,614554,16,,,1,70,,614541,16,,,1,30,,614525,16,,,1,70,,614532,16,,,1,30,,614534,16,,,1,70,,614547,16,,,1,30,,614548,16,,,1,72,,614528,16,,,1,30,,614544,16,,,1,70,,614530,16,,,1,29,,614552,16,,,1,70,,614531,16,,,1,28,,614551,16,,,1,72,,614540,16,,,1,30,,614533,16,,,1,70,,614523,16,,,1,30,,614550,16,,,1,70,,614545,16,,,1,29,,614529,16,,,1,70,,614522,16,,,1,29,,614535,16,,,1,70,,614538,16,,,1,30,,614526,16,,,1,103,,614536,16,,,1
9301,'10-1',539,,614562,16,,,1,83,,614578,16,,,1,28,,614577,16,,,1,70,,614570,16,,,1,32,,614572,16,,,1,73,,614567,16,,,1,28,,614581,16,,,1,70,,614590,16,,,1,30,,614571,16,,,1,69,,614568,16,,,1,30,,614556,16,,,1,70,,614559,16,,,1,30,,614588,16,,,1,70,,614561,16,,,1,30,,614558,16,,,1,70,,614574,16,,,1,30,,614580,16,,,1,70,,614583,16,,,1,30,,614579,16,,,1,72,,614560,16,,,1,30,,614582,16,,,1,70,,614576,16,,,1,29,,614557,16,,,1,70,,614555,16,,,1,28,,614569,16,,,1,72,,614566,16,,,1,30,,614565,16,,,1,70,,614575,16,,,1,30,,614589,16,,,1,70,,614584,16,,,1,29,,614587,16,,,1,70,,614573,16,,,1,29,,614563,16,,,1,70,,614585,16,,,1,30,,614564,16,,,1,103,,614586,16,,,1
9301,'11-1',539,,614598,16,,,1,83,,614614,16,,,1,28,,614613,16,,,1,70,,614606,16,,,1,32,,614608,16,,,1,73,,614603,16,,,1,28,,614617,16,,,1,70,,614626,16,,,1,30,,614607,16,,,1,69,,614604,16,,,1,30,,614592,16,,,1,70,,614595,16,,,1,30,,614624,16,,,1,70,,614597,16,,,1,30,,614594,16,,,1,70,,614610,16,,,1,30,,614616,16,,,1,70,,614619,16,,,1,30,,614615,16,,,1,72,,614596,16,,,1,30,,614618,16,,,1,70,,614612,16,,,1,29,,614593,16,,,1,70,,614591,16,,,1,28,,614605,16,,,1,72,,614602,16,,,1,30,,614601,16,,,1,70,,614611,16,,,1,30,,614625,16,,,1,70,,614620,16,,,1,29,,614623,16,,,1,70,,614609,16,,,1,29,,614599,16,,,1,70,,614621,16,,,1,30,,614600,16,,,1,103,,614622,16,,,1
9301,'2-1',539,,614634,16,,,1,83,,614650,16,,,1,28,,614649,16,,,1,70,,614642,16,,,1,32,,614644,16,,,1,73,,614639,16,,,1,28,,614653,16,,,1,70,,614662,16,,,1,30,,614643,16,,,1,69,,614640,16,,,1,30,,614628,16,,,1,70,,614631,16,,,1,30,,614660,16,,,1,70,,614633,16,,,1,30,,614630,16,,,1,70,,614646,16,,,1,30,,614652,16,,,1,70,,614655,16,,,1,30,,614651,16,,,1,72,,614632,16,,,1,30,,614654,16,,,1,70,,614648,16,,,1,29,,614629,16,,,1,70,,614627,16,,,1,28,,614641,16,,,1,72,,614638,16,,,1,30,,614637,16,,,1,70,,614647,16,,,1,30,,614661,16,,,1,70,,614656,16,,,1,29,,614659,16,,,1,70,,614645,16,,,1,29,,614635,16,,,1,70,,614657,16,,,1,30,,614636,16,,,1,103,,614658,16,,,1
9301,'3-1',759,,614673,16,,,1,100,,614690,16,,,1,70,,614663,16,,,1,30,,614686,16,,,1,71,,614676,16,,,1,70,,614675,16,,,1,8,,614669,16,,,1,22,,614668,16,,,1,70,,614666,16,,,1,30,,614667,16,,,1,70,,614682,16,,,1,30,,614664,16,,,1,70,,614679,16,,,1,30,,614688,16,,,1,23,,614681,16,,,1,47,,614665,16,,,1,30,,614680,16,,,1,70,,614685,16,,,1,100,,614683,16,,,1,100,,614670,16,,,1,100,,614671,16,,,1,100,,614674,16,,,1,29,,614678,16,,,1,30,,614672,16,,,1,70,,614689,16,,,1,30,,614677,16,,,1,100,,614684,16,,,1,100,,614687,16,,,1
9301,'4-1',759,,614693,16,,,1,100,,614700,16,,,1,70,,614714,16,,,1,29,,614710,16,,,1,72,,614695,16,,,1,72,,614707,16,,,1,26,,614704,16,,,1,72,,614699,16,,,1,32,,614711,16,,,1,68,,614696,16,,,1,30,,614708,16,,,1,28,,614703,16,,,1,72,,614722,16,,,1,72,,614701,16,,,1,28,,614705,16,,,1,70,,614706,16,,,1,28,,614716,16,,,1,72,,614720,16,,,1,32,,614692,16,,,1,68,,614697,16,,,1,30,,614698,16,,,1,70,,614718,16,,,1,30,,614712,16,,,1,70,,614709,16,,,1,29,,614713,16,,,1,30,,614715,16,,,1,70,,614717,16,,,1,29,,614721,16,,,1,143,,614691,16,,,1,58,,614719,16,,,1,100,,614702,16,,,1,100,,614694,16,,,1
9301,'5-1',700,,614747,16,,,1,51,,614746,16,,,1,100,,614742,16,,,1,70,,614739,16,,,1,30,,614750,16,,,1,71,,614745,16,,,1,31,,614738,16,,,1,70,,614749,16,,,1,30,,614726,16,,,1,70,,614737,16,,,1,30,,614728,16,,,1,70,,614727,16,,,1,30,,614736,16,,,1,70,,614733,16,,,1,30,,614740,16,,,1,70,,614724,16,,,1,100,,614730,16,,,1,100,,614732,16,,,1,100,,614725,16,,,1,30,,614734,16,,,1,70,,614729,16,,,1,30,,614741,16,,,1,69,,614748,16,,,1,29,,614723,16,,,1,70,,614744,16,,,1,30,,614735,16,,,1,70,,614743,16,,,1,30,,614752,16,,,1,100,,614751,16,,,1,100,,614731,16,,,1
9301,'6-1',539,,614760,16,,,1,83,,614776,16,,,1,28,,614775,16,,,1,70,,614768,16,,,1,32,,614770,16,,,1,73,,614765,16,,,1,28,,614779,16,,,1,70,,614788,16,,,1,30,,614769,16,,,1,69,,614766,16,,,1,30,,614754,16,,,1,70,,614757,16,,,1,30,,614786,16,,,1,70,,614759,16,,,1,30,,614756,16,,,1,70,,614772,16,,,1,30,,614778,16,,,1,70,,614781,16,,,1,30,,614777,16,,,1,72,,614758,16,,,1,30,,614780,16,,,1,70,,614774,16,,,1,29,,614755,16,,,1,70,,614753,16,,,1,28,,614767,16,,,1,72,,614764,16,,,1,30,,614763,16,,,1,70,,614773,16,,,1,30,,614787,16,,,1,70,,614782,16,,,1,29,,614785,16,,,1,70,,614771,16,,,1,29,,614761,16,,,1,70,,614783,16,,,1,30,,614762,16,,,1,103,,614784,16,,,1
9301,'7-1',759,,614799,16,,,1,100,,614816,16,,,1,70,,614789,16,,,1,30,,614812,16,,,1,71,,614802,16,,,1,70,,614801,16,,,1,8,,614795,16,,,1,22,,614794,16,,,1,70,,614792,16,,,1,30,,614793,16,,,1,70,,614808,16,,,1,30,,614790,16,,,1,70,,614805,16,,,1,30,,614814,16,,,1,23,,614807,16,,,1,47,,614791,16,,,1,30,,614806,16,,,1,70,,614811,16,,,1,100,,614809,16,,,1,100,,614796,16,,,1,100,,614797,16,,,1,100,,614800,16,,,1,29,,614804,16,,,1,30,,614798,16,,,1,70,,614815,16,,,1,30,,614803,16,,,1,100,,614810,16,,,1,100,,614813,16,,,1
9301,'8-1',539,,614824,16,,,1,83,,614840,16,,,1,28,,614839,16,,,1,70,,614832,16,,,1,32,,614834,16,,,1,73,,614829,16,,,1,28,,614843,16,,,1,70,,614852,16,,,1,30,,614833,16,,,1,69,,614830,16,,,1,30,,614818,16,,,1,70,,614821,16,,,1,30,,614850,16,,,1,70,,614823,16,,,1,30,,614820,16,,,1,70,,614836,16,,,1,30,,614842,16,,,1,70,,614845,16,,,1,30,,614841,16,,,1,72,,614822,16,,,1,30,,614844,16,,,1,70,,614838,16,,,1,29,,614819,16,,,1,70,,614817,16,,,1,28,,614831,16,,,1,72,,614828,16,,,1,30,,614827,16,,,1,70,,614837,16,,,1,30,,614851,16,,,1,70,,614846,16,,,1,29,,614849,16,,,1,70,,614835,16,,,1,29,,614825,16,,,1,70,,614847,16,,,1,30,,614826,16,,,1,103,,614848,16,,,1
9301,'9-1',700,,614882,16,,,1,51,,614861,16,,,1,100,,614881,16,,,1,70,,614878,16,,,1,30,,614858,16,,,1,71,,614877,16,,,1,31,,614879,16,,,1,70,,614860,16,,,1,30,,614859,16,,,1,70,,614853,16,,,1,30,,614872,16,,,1,70,,614873,16,,,1,30,,614875,16,,,1,70,,614864,16,,,1,30,,614876,16,,,1,70,,614863,16,,,1,30,,614857,16,,,1,70,,614868,16,,,1,30,,614885,16,,,1,70,,614869,16,,,1,30,,614883,16,,,1,70,,614854,16,,,1,30,,614871,16,,,1,70,,614856,16,,,1,30,,614874,16,,,1,69,,614870,16,,,1,29,,614880,16,,,1,70,,614866,16,,,1,30,,614855,16,,,1,70,,614862,16,,,1,30,,614867,16,,,1,100,,614865,16,,,1,100,,614884,16,,,1
