600,'CanDay26-Sunday-12-1',853,,628120,13,,,1,70,,628121,13,,,1,30,,628122,13,,,1,55,,628108,13,,,1,15,,628123,13,,,1,15,,628109,13,,,1,15,,628124,13,,,1,55,,628110,13,,,1,15,,628125,13,,,1,15,,628111,13,,,1,15,,628126,13,,,1,56,,628112,13,,,1,15,,628127,13,,,1,10,,628141,13,,,1,10,,628140,13,,,1,12,,628142,13,,,1,52,,628143,13,,,1,12,,628144,13,,,1,12,,628145,13,,,1,12,,628146,13,,,1,12,,628147,13,,,1,52,,628148,13,,,1,11,,628149,13,,,1,12,,628150,13,,,1,12,,628151,13,,,1,12,,628152,13,,,1,52,,628153,13,,,1,12,,628154,13,,,1,12,,628155,13,,,1,12,,628156,13,,,1,12,,628157,13,,,1,52,,628158,13,,,1,12,,628159,13,,,1,12,,628160,13,,,1,12,,628161,13,,,1,12,,628162,13,,,1,52,,628163,13,,,1,12,,628164,13,,,1,12,,628165,13,,,1,12,,628166,13,,,1,12,,628167,13,,,1,52,,628168,13,,,1,15,,628128,13,,,1,15,,628113,13,,,1,15,,628129,13,,,1,55,,628114,13,,,1,15,,628130,13,,,1,15,,628115,13,,,1,15,,628131,13,,,1,55,,628116,13,,,1,15,,628132,13,,,1,15,,628117,13,,,1,15,,628133,13,,,1,69,,628134,13,,,1,100,,628135,13,,,1,30,,628136,13,,,1,69,,628137,13,,,1,30,,628118,13,,,1,100,,628119,13,,,1,70,,628139,13,,,1,30,,628138,13,,,1
600,'CivHol26-Saturday-07-1',734,,628189,13,,,1,71,,628190,13,,,1,30,,628191,13,,,1,70,,628192,13,,,1,30,,628193,13,,,1,70,,628194,13,,,1,24,,628195,13,,,1,22,,628196,13,,,1,64,,628197,13,,,1,24,,628198,13,,,1,64,,628199,13,,,1,25,,628200,13,,,1,24,,628201,13,,,1,52,,628202,13,,,1,12,,628203,13,,,1,12,,628204,13,,,1,12,,628205,13,,,1,12,,628206,13,,,1,52,,628207,13,,,1,11,,628208,13,,,1,12,,628209,13,,,1,12,,628210,13,,,1,12,,628211,13,,,1,52,,628212,13,,,1,12,,628213,13,,,1,12,,628214,13,,,1,12,,628215,13,,,1,12,,628216,13,,,1,52,,628217,13,,,1,12,,628218,13,,,1,12,,628219,13,,,1,12,,628220,13,,,1,12,,628221,13,,,1,52,,628222,13,,,1,12,,628223,13,,,1,12,,628224,13,,,1,12,,628225,13,,,1,12,,628226,13,,,1,52,,628227,13,,,1,12,,628228,13,,,1,13,,628229,13,,,1,31,,628230,13,,,1,70,,628231,13,,,1,30,,628232,13,,,1,70,,628233,13,,,1,30,,628234,13,,,1,70,,628235,13,,,1,30,,628236,13,,,1,70,,628237,13,,,1,30,,628238,13,,,1,69,,628239,13,,,1,30,,628240,13,,,1,70,,628241,13,,,1,30,,628242,13,,,1
600,'JUNDA26-Weekday-06-1',611,,628276,13,,,1,30,,628277,13,,,1,61,,628340,13,,,1,14,,628343,13,,,1,16,,628321,13,,,1,15,,628328,13,,,1,56,,628325,13,,,1,17,,628278,13,,,1,17,,628279,13,,,1,17,,628280,13,,,1,57,,628281,13,,,1,15,,628282,13,,,1,14,,628344,13,,,1,14,,628283,13,,,1,54,,628284,13,,,1,15,,628285,13,,,1,15,,628320,13,,,1,15,,628286,13,,,1,55,,628287,13,,,1,15,,628288,13,,,1,15,,628289,13,,,1,15,,628290,13,,,1,55,,628291,13,,,1,15,,628292,13,,,1,15,,628345,13,,,1,15,,628293,13,,,1,56,,628337,13,,,1,16,,628294,13,,,1,16,,628295,13,,,1,16,,628296,13,,,1,55,,628297,13,,,1,15,,628298,13,,,1,15,,628299,13,,,1,15,,628300,13,,,1,56,,628346,13,,,1,19,,628301,13,,,1,17,,628302,13,,,1,53,,628347,13,,,1,16,,628303,13,,,1,14,,628304,13,,,1,23,,628305,13,,,1,50,,628306,13,,,1,15,,628307,13,,,1,15,,628308,13,,,1,14,,628319,13,,,1,55,,628309,13,,,1,15,,628310,13,,,1,15,,628311,13,,,1,15,,628312,13,,,1,55,,628313,13,,,1,15,,628314,13,,,1,15,,628331,13,,,1,14,,628315,13,,,1,59,,628316,13,,,1,30,,628341,13,,,1,69,,628330,13,,,1,28,,628317,13,,,1,68,,628338,13,,,1,28,,628318,13,,,1,27,,628322,13,,,1,69,,628324,13,,,1
600,'JUNSA26-Saturday-07-1',734,,628365,13,,,1,71,,628366,13,,,1,30,,628367,13,,,1,70,,628368,13,,,1,30,,628369,13,,,1,70,,628370,13,,,1,24,,628371,13,,,1,22,,628372,13,,,1,64,,628373,13,,,1,24,,628374,13,,,1,64,,628375,13,,,1,25,,628376,13,,,1,24,,628377,13,,,1,52,,628378,13,,,1,12,,628379,13,,,1,12,,628380,13,,,1,12,,628381,13,,,1,12,,628382,13,,,1,52,,628383,13,,,1,11,,628384,13,,,1,12,,628385,13,,,1,12,,628386,13,,,1,12,,628387,13,,,1,52,,628388,13,,,1,12,,628389,13,,,1,12,,628390,13,,,1,12,,628391,13,,,1,12,,628392,13,,,1,52,,628393,13,,,1,12,,628394,13,,,1,12,,628395,13,,,1,12,,628396,13,,,1,12,,628397,13,,,1,52,,628398,13,,,1,12,,628399,13,,,1,12,,628400,13,,,1,12,,628401,13,,,1,12,,628402,13,,,1,52,,628403,13,,,1,12,,628404,13,,,1,13,,628405,13,,,1,31,,628406,13,,,1,70,,628407,13,,,1,30,,628408,13,,,1,70,,628409,13,,,1,30,,628410,13,,,1,70,,628411,13,,,1,30,,628412,13,,,1,70,,628413,13,,,1,30,,628414,13,,,1,69,,628415,13,,,1,30,,628416,13,,,1,70,,628417,13,,,1,30,,628418,13,,,1
600,'JUNSU26-Sunday-05-1',853,,628445,13,,,1,70,,628446,13,,,1,30,,628447,13,,,1,70,,628448,13,,,1,31,,628449,13,,,1,70,,628450,13,,,1,30,,628451,13,,,1,70,,628452,13,,,1,30,,628453,13,,,1,70,,628454,13,,,1,30,,628455,13,,,1,69,,628456,13,,,1,30,,628457,13,,,1,70,,628458,13,,,1,30,,628459,13,,,1,70,,628460,13,,,1,30,,628461,13,,,1,70,,628462,13,,,1,30,,628463,13,,,1,70,,628464,13,,,1,30,,628465,13,,,1,70,,628466,13,,,1,30,,628467,13,,,1,68,,628468,13,,,1,30,,628469,13,,,1,70,,628470,13,,,1,30,,628471,13,,,1,70,,628472,13,,,1,30,,628473,13,,,1,69,,628474,13,,,1
600,'RBJul03-Weekday-01-1',611,,628481,13,,,1,30,,628482,13,,,1,61,,628545,13,,,1,14,,628548,13,,,1,16,,628526,13,,,1,15,,628533,13,,,1,56,,628530,13,,,1,17,,628483,13,,,1,17,,628484,13,,,1,17,,628485,13,,,1,57,,628486,13,,,1,15,,628487,13,,,1,14,,628549,13,,,1,14,,628488,13,,,1,54,,628489,13,,,1,15,,628490,13,,,1,15,,628525,13,,,1,15,,628491,13,,,1,55,,628492,13,,,1,15,,628493,13,,,1,15,,628494,13,,,1,15,,628495,13,,,1,55,,628496,13,,,1,15,,628497,13,,,1,15,,628550,13,,,1,15,,628498,13,,,1,56,,628542,13,,,1,16,,628499,13,,,1,16,,628500,13,,,1,16,,628501,13,,,1,55,,628502,13,,,1,15,,628503,13,,,1,15,,628504,13,,,1,15,,628505,13,,,1,56,,628551,13,,,1,19,,628506,13,,,1,17,,628507,13,,,1,53,,628552,13,,,1,16,,628508,13,,,1,14,,628509,13,,,1,23,,628510,13,,,1,50,,628511,13,,,1,15,,628512,13,,,1,15,,628513,13,,,1,14,,628524,13,,,1,55,,628514,13,,,1,15,,628515,13,,,1,15,,628516,13,,,1,15,,628517,13,,,1,55,,628518,13,,,1,15,,628519,13,,,1,15,,628536,13,,,1,14,,628520,13,,,1,59,,628521,13,,,1,30,,628546,13,,,1,69,,628535,13,,,1,28,,628522,13,,,1,68,,628543,13,,,1,28,,628523,13,,,1,27,,628527,13,,,1,69,,628529,13,,,1
900,'CanDay26-Sunday-12-1',843,,630218,26,,,1,70,,630219,26,,,1,30,,630220,26,,,1,72,,630221,26,,,1,30,,630222,26,,,1,70,,630223,26,,,1,30,,630224,26,,,1,70,,630225,26,,,1,30,,630226,26,,,1,70,,630227,26,,,1,30,,630228,26,,,1,70,,630229,26,,,1,30,,630230,26,,,1,70,,630231,26,,,1,30,,630232,26,,,1,70,,630233,26,,,1,30,,630234,26,,,1,70,,630235,26,,,1,30,,630236,26,,,1,70,,630237,26,,,1,30,,630238,26,,,1,70,,630239,26,,,1,30,,630240,26,,,1,70,,630241,26,,,1,30,,630242,26,,,1,70,,630245,26,,,1,30,,630243,26,,,1,70,,630246,26,,,1,29,,630244,26,,,1,70,,630247,26,,,1,29,,630248,26,,,1,70,,630249,26,,,1,30,,630250,26,,,1,70,,630251,26,,,1
900,'CivHol26-Saturday-07-1',707,,630252,26,,,1,100,,630253,26,,,1,31,,630254,26,,,1,70,,630255,26,,,1,30,,630256,26,,,1,72,,630257,26,,,1,30,,630258,26,,,1,70,,630259,26,,,1,30,,630260,26,,,1,70,,630261,26,,,1,30,,630262,26,,,1,70,,630263,26,,,1,30,,630264,26,,,1,70,,630265,26,,,1,30,,630266,26,,,1,70,,630267,26,,,1,30,,630268,26,,,1,70,,630269,26,,,1,30,,630270,26,,,1,72,,630271,26,,,1,28,,630272,26,,,1,70,,630273,26,,,1,30,,630274,26,,,1,70,,630275,26,,,1,30,,630276,26,,,1,70,,630277,26,,,1,30,,630278,26,,,1,70,,630279,26,,,1,30,,630280,26,,,1,99,,630281,26,,,1,99,,630282,26,,,1
900,'JUNDA26-Weekday-06-1',624,,630283,26,,,1,32,,630308,26,,,1,71,,630284,26,,,1,31,,630306,26,,,1,69,,630285,26,,,1,31,,630307,26,,,1,70,,630286,26,,,1,30,,630310,26,,,1,68,,630287,26,,,1,31,,630313,26,,,1,70,,630288,26,,,1,31,,630311,26,,,1,70,,630289,26,,,1,30,,630314,26,,,1,70,,630290,26,,,1,30,,630315,26,,,1,70,,630291,26,,,1,72,,630316,26,,,1,33,,630292,26,,,1,71,,630293,26,,,1,28,,630309,26,,,1,70,,630294,26,,,1,32,,630304,26,,,1,67,,630295,26,,,1,28,,630305,26,,,1,28,,630296,26,,,1,66,,630303,26,,,1,30,,630297,26,,,1,70,,630302,26,,,1,30,,630298,26,,,1,70,,630299,26,,,1,30,,630300,26,,,1,70,,630317,26,,,1,30,,630301,26,,,1,75,,630312,26,,,1
900,'JUNSA26-Saturday-07-1',707,,630318,26,,,1,100,,630319,26,,,1,31,,630320,26,,,1,70,,630321,26,,,1,102,,630322,26,,,1,30,,630323,26,,,1,70,,630324,26,,,1,30,,630325,26,,,1,70,,630326,26,,,1,30,,630327,26,,,1,70,,630328,26,,,1,30,,630329,26,,,1,70,,630330,26,,,1,100,,630331,26,,,1,30,,630332,26,,,1,100,,630333,26,,,1,70,,630334,26,,,1,100,,630335,26,,,1,30,,630336,26,,,1,70,,630337,26,,,1,30,,630338,26,,,1,70,,630339,26,,,1,30,,630340,26,,,1,70,,630341,26,,,1,30,,630342,26,,,1,99,,630343,26,,,1,99,,630344,26,,,1
900,'JUNSU26-Sunday-05-1',843,,630362,26,,,1,70,,630345,26,,,1,102,,630346,26,,,1,100,,630347,26,,,1,100,,630348,26,,,1,100,,630349,26,,,1,30,,630350,26,,,1,70,,630351,26,,,1,30,,630352,26,,,1,70,,630353,26,,,1,30,,630354,26,,,1,100,,630355,26,,,1,100,,630356,26,,,1,100,,630357,26,,,1,100,,630358,26,,,1,100,,630359,26,,,1,100,,630360,26,,,1,99,,630361,26,,,1
900,'RBJul03-Weekday-01-1',624,,630363,26,,,1,32,,630388,26,,,1,71,,630364,26,,,1,31,,630386,26,,,1,69,,630365,26,,,1,31,,630387,26,,,1,70,,630366,26,,,1,30,,630390,26,,,1,68,,630367,26,,,1,31,,630393,26,,,1,70,,630368,26,,,1,31,,630391,26,,,1,70,,630369,26,,,1,30,,630394,26,,,1,70,,630370,26,,,1,30,,630395,26,,,1,70,,630371,26,,,1,72,,630396,26,,,1,33,,630372,26,,,1,71,,630373,26,,,1,28,,630389,26,,,1,70,,630374,26,,,1,32,,630384,26,,,1,67,,630375,26,,,1,28,,630385,26,,,1,28,,630376,26,,,1,66,,630383,26,,,1,30,,630377,26,,,1,70,,630382,26,,,1,30,,630378,26,,,1,70,,630379,26,,,1,30,,630380,26,,,1,70,,630397,26,,,1,30,,630381,26,,,1,75,,630392,26,,,1
2000,'CanDay26-Sunday-12-1',954,,634221,50,,,1,70,,634222,50,,,1,33,,634223,50,,,1,70,,634224,50,,,1,30,,634225,50,,,1,70,,634226,50,,,1,30,,634227,50,,,1,70,,634228,50,,,1,30,,634229,50,,,1,70,,634230,50,,,1,31,,634231,50,,,1,70,,634232,50,,,1,30,,634233,50,,,1,70,,634234,50,,,1,30,,634235,50,,,1,70,,634236,50,,,1,30,,634237,50,,,1,70,,634238,50,,,1,29,,634239,50,,,1,70,,634240,50,,,1,30,,634241,50,,,1,70,,634242,50,,,1,28,,634243,50,,,1,70,,634244,50,,,1,28,,634247,50,,,1,75,,634245,50,,,1,30,,634248,50,,,1,70,,634246,50,,,1,30,,634249,50,,,1,70,,634250,50,,,1,30,,634251,50,,,1,70,,634252,50,,,1,30,,634253,50,,,1
2000,'CivHol26-Saturday-07-1',723,,634254,50,,,1,100,,634255,50,,,1,30,,634256,50,,,1,70,,634257,50,,,1,33,,634258,50,,,1,70,,634259,50,,,1,33,,634260,50,,,1,70,,634261,50,,,1,30,,634262,50,,,1,70,,634263,50,,,1,30,,634264,50,,,1,70,,634265,50,,,1,30,,634266,50,,,1,70,,634267,50,,,1,71,,634268,50,,,1,30,,634269,50,,,1,70,,634270,50,,,1,30,,634271,50,,,1,70,,634272,50,,,1,30,,634273,50,,,1,70,,634274,50,,,1,30,,634275,50,,,1,29,,634276,50,,,1,70,,634277,50,,,1,30,,634278,50,,,1,80,,634279,50,,,1,98,,634280,50,,,1,98,,634281,50,,,1,100,,634282,50,,,1,100,,634283,50,,,1
2000,'JUNDA26-Weekday-06-1',553,,634293,50,,,1,104,,634300,50,,,1,71,,634292,50,,,1,31,,634303,50,,,1,73,,634284,50,,,1,69,,634299,50,,,1,28,,634285,50,,,1,28,,634286,50,,,1,70,,634302,50,,,1,30,,634318,50,,,1,70,,634313,50,,,1,30,,634287,50,,,1,70,,634316,50,,,1,32,,634309,50,,,1,70,,634301,50,,,1,71,,634291,50,,,1,30,,634317,50,,,1,29,,634310,50,,,1,70,,634296,50,,,1,30,,634295,50,,,1,71,,634305,50,,,1,70,,634304,50,,,1,30,,634297,50,,,1,29,,634294,50,,,1,66,,634306,50,,,1,32,,634288,50,,,1,71,,634312,50,,,1,30,,634289,50,,,1,70,,634311,50,,,1,72,,634315,50,,,1,24,,634290,50,,,1,30,,634307,50,,,1,68,,634314,50,,,1,99,,634308,50,,,1,99,,634298,50,,,1
2000,'JUNSA26-Saturday-07-1',723,,634319,50,,,1,100,,634320,50,,,1,30,,634321,50,,,1,103,,634322,50,,,1,70,,634323,50,,,1,33,,634324,50,,,1,70,,634325,50,,,1,30,,634326,50,,,1,70,,634327,50,,,1,30,,634328,50,,,1,100,,634329,50,,,1,141,,634330,50,,,1,100,,634331,50,,,1,100,,634332,50,,,1,100,,634333,50,,,1,59,,634334,50,,,1,70,,634335,50,,,1,30,,634336,50,,,1,80,,634337,50,,,1,98,,634338,50,,,1,98,,634339,50,,,1,100,,634340,50,,,1,100,,634341,50,,,1
2000,'JUNSU26-Sunday-05-1',954,,634342,50,,,1,103,,634343,50,,,1,70,,634344,50,,,1,30,,634345,50,,,1,100,,634346,50,,,1,70,,634347,50,,,1,30,,634348,50,,,1,101,,634349,50,,,1,70,,634350,50,,,1,30,,634351,50,,,1,100,,634352,50,,,1,70,,634353,50,,,1,30,,634354,50,,,1,70,,634355,50,,,1,29,,634356,50,,,1,70,,634357,50,,,1,30,,634358,50,,,1,70,,634359,50,,,1,28,,634360,50,,,1,70,,634361,50,,,1,98,,634362,50,,,1,100,,634363,50,,,1
2000,'RBJul03-Weekday-01-1',553,,634373,50,,,1,104,,634380,50,,,1,71,,634372,50,,,1,31,,634383,50,,,1,73,,634364,50,,,1,69,,634379,50,,,1,28,,634365,50,,,1,28,,634366,50,,,1,70,,634382,50,,,1,30,,634398,50,,,1,70,,634393,50,,,1,30,,634367,50,,,1,70,,634396,50,,,1,32,,634389,50,,,1,70,,634381,50,,,1,71,,634371,50,,,1,30,,634397,50,,,1,29,,634390,50,,,1,70,,634376,50,,,1,30,,634375,50,,,1,71,,634385,50,,,1,70,,634384,50,,,1,30,,634377,50,,,1,29,,634374,50,,,1,66,,634386,50,,,1,32,,634368,50,,,1,71,,634392,50,,,1,30,,634369,50,,,1,70,,634391,50,,,1,72,,634395,50,,,1,24,,634370,50,,,1,30,,634387,50,,,1,68,,634394,50,,,1,99,,634388,50,,,1,99,,634378,50,,,1
