4701,'1-1',1206,,591012,20,,,1,310,,591007,20,,,1,31,,591011,20,,,1,70,,591014,20,,,1,31,,591008,20,,,1,63,,591013,20,,,1,35,,591009,20,,,1,59,,591010,20,,,1
4701,'10-1',1206,,591015,20,,,1,310,,591020,20,,,1,31,,591021,20,,,1,70,,591017,20,,,1,31,,591018,20,,,1,63,,591019,20,,,1,35,,591022,20,,,1,59,,591016,20,,,1
4701,'11-1',1206,,591023,20,,,1,310,,591028,20,,,1,31,,591029,20,,,1,70,,591025,20,,,1,31,,591026,20,,,1,63,,591027,20,,,1,35,,591030,20,,,1,59,,591024,20,,,1
4701,'2-1',1206,,591031,20,,,1,310,,591036,20,,,1,31,,591037,20,,,1,70,,591033,20,,,1,31,,591034,20,,,1,63,,591035,20,,,1,35,,591038,20,,,1,59,,591032,20,,,1
4701,'3-1',1207,,591039,20,,,1
4701,'4-1',1207,,591040,20,,,1
4701,'5-1',1207,,591041,20,,,1
4701,'6-1',1206,,591042,20,,,1,310,,591047,20,,,1,31,,591048,20,,,1,70,,591044,20,,,1,31,,591045,20,,,1,63,,591046,20,,,1,35,,591049,20,,,1,59,,591043,20,,,1
4701,'7-1',1207,,591050,20,,,1
4701,'8-1',1206,,591051,20,,,1,310,,591056,20,,,1,31,,591057,20,,,1,70,,591053,20,,,1,31,,591054,20,,,1,63,,591055,20,,,1,35,,591058,20,,,1,59,,591052,20,,,1
4701,'9-1',1207,,591059,20,,,1
