2001,'1-1',530,,576287,42,,,1,105,,576275,42,,,1,73,,576267,42,,,1,30,,576272,42,,,1,71,,576265,42,,,1,32,,576295,42,,,1,71,,576270,42,,,1,29,,576273,42,,,1,70,,576286,42,,,1,30,,576294,42,,,1,70,,576279,42,,,1,30,,576268,42,,,1,70,,576296,42,,,1,30,,576266,42,,,1,71,,576292,42,,,1,30,,576278,42,,,1,70,,576293,42,,,1,30,,576285,42,,,1,74,,576277,42,,,1,31,,576283,42,,,1,68,,576290,42,,,1,30,,576280,42,,,1,72,,576284,42,,,1,26,,576276,42,,,1,70,,576282,42,,,1,28,,576289,42,,,1,68,,576291,42,,,1,30,,576269,42,,,1,68,,576271,42,,,1,30,,576264,42,,,1,70,,576297,42,,,1,28,,576281,42,,,1,100,,576274,42,,,1,95,,576288,42,,,1
2001,'10-1',530,,576315,42,,,1,105,,576327,42,,,1,73,,576301,42,,,1,30,,576331,42,,,1,71,,576308,42,,,1,32,,576298,42,,,1,71,,576323,42,,,1,29,,576310,42,,,1,70,,576304,42,,,1,30,,576316,42,,,1,70,,576324,42,,,1,30,,576302,42,,,1,70,,576299,42,,,1,30,,576307,42,,,1,71,,576312,42,,,1,30,,576314,42,,,1,70,,576303,42,,,1,30,,576319,42,,,1,74,,576318,42,,,1,31,,576322,42,,,1,68,,576321,42,,,1,30,,576300,42,,,1,72,,576309,42,,,1,26,,576329,42,,,1,70,,576306,42,,,1,28,,576313,42,,,1,68,,576326,42,,,1,30,,576320,42,,,1,68,,576311,42,,,1,30,,576305,42,,,1,70,,576328,42,,,1,28,,576317,42,,,1,100,,576330,42,,,1,95,,576325,42,,,1
2001,'11-1',530,,576349,42,,,1,105,,576361,42,,,1,73,,576335,42,,,1,30,,576365,42,,,1,71,,576342,42,,,1,32,,576332,42,,,1,71,,576357,42,,,1,29,,576344,42,,,1,70,,576338,42,,,1,30,,576350,42,,,1,70,,576358,42,,,1,30,,576336,42,,,1,70,,576333,42,,,1,30,,576341,42,,,1,71,,576346,42,,,1,30,,576348,42,,,1,70,,576337,42,,,1,30,,576353,42,,,1,74,,576352,42,,,1,31,,576356,42,,,1,68,,576355,42,,,1,30,,576334,42,,,1,72,,576343,42,,,1,26,,576363,42,,,1,70,,576340,42,,,1,28,,576347,42,,,1,68,,576360,42,,,1,30,,576354,42,,,1,68,,576345,42,,,1,30,,576339,42,,,1,70,,576362,42,,,1,28,,576351,42,,,1,100,,576364,42,,,1,95,,576359,42,,,1
2001,'2-1',530,,576383,42,,,1,105,,576395,42,,,1,73,,576369,42,,,1,30,,576399,42,,,1,71,,576376,42,,,1,32,,576366,42,,,1,71,,576391,42,,,1,29,,576378,42,,,1,70,,576372,42,,,1,30,,576384,42,,,1,70,,576392,42,,,1,30,,576370,42,,,1,70,,576367,42,,,1,30,,576375,42,,,1,71,,576380,42,,,1,30,,576382,42,,,1,70,,576371,42,,,1,30,,576387,42,,,1,74,,576386,42,,,1,31,,576390,42,,,1,68,,576389,42,,,1,30,,576368,42,,,1,72,,576377,42,,,1,26,,576397,42,,,1,70,,576374,42,,,1,28,,576381,42,,,1,68,,576394,42,,,1,30,,576388,42,,,1,68,,576379,42,,,1,30,,576373,42,,,1,70,,576396,42,,,1,28,,576385,42,,,1,100,,576398,42,,,1,95,,576393,42,,,1
2001,'3-1',908,,576420,42,,,1,30,,576401,42,,,1,70,,576400,42,,,1,32,,576411,42,,,1,100,,576409,42,,,1,70,,576419,42,,,1,30,,576410,42,,,1,100,,576417,42,,,1,70,,576404,42,,,1,30,,576405,42,,,1,100,,576422,42,,,1,70,,576407,42,,,1,30,,576418,42,,,1,70,,576421,42,,,1,30,,576423,42,,,1,70,,576413,42,,,1,30,,576402,42,,,1,69,,576415,42,,,1,30,,576412,42,,,1,70,,576416,42,,,1,30,,576406,42,,,1,98,,576408,42,,,1,100,,576414,42,,,1,99,,576403,42,,,1
2001,'4-1',908,,576436,42,,,1,30,,576441,42,,,1,70,,576427,42,,,1,32,,576456,42,,,1,70,,576437,42,,,1,30,,576449,42,,,1,70,,576455,42,,,1,30,,576442,42,,,1,70,,576446,42,,,1,30,,576431,42,,,1,70,,576444,42,,,1,30,,576453,42,,,1,70,,576424,42,,,1,30,,576433,42,,,1,70,,576447,42,,,1,30,,576450,42,,,1,70,,576445,42,,,1,30,,576451,42,,,1,70,,576457,42,,,1,30,,576434,42,,,1,69,,576428,42,,,1,30,,576435,42,,,1,70,,576438,42,,,1,30,,576425,42,,,1,70,,576443,42,,,1,28,,576448,42,,,1,70,,576452,42,,,1,30,,576429,42,,,1,70,,576430,42,,,1,30,,576454,42,,,1,70,,576426,42,,,1,30,,576432,42,,,1,70,,576439,42,,,1,30,,576440,42,,,1
2001,'5-1',838,,576469,42,,,1,100,,576470,42,,,1,102,,576472,42,,,1,70,,576463,42,,,1,30,,576475,42,,,1,100,,576467,42,,,1,70,,576461,42,,,1,30,,576462,42,,,1,100,,576460,42,,,1,100,,576468,42,,,1,100,,576465,42,,,1,100,,576474,42,,,1,100,,576477,42,,,1,99,,576471,42,,,1,70,,576459,42,,,1,30,,576458,42,,,1,70,,576476,42,,,1,28,,576478,42,,,1,100,,576473,42,,,1,100,,576464,42,,,1,100,,576466,42,,,1
2001,'6-1',530,,576496,42,,,1,105,,576508,42,,,1,73,,576482,42,,,1,30,,576512,42,,,1,71,,576489,42,,,1,32,,576479,42,,,1,71,,576504,42,,,1,29,,576491,42,,,1,70,,576485,42,,,1,30,,576497,42,,,1,70,,576505,42,,,1,30,,576483,42,,,1,70,,576480,42,,,1,30,,576488,42,,,1,71,,576493,42,,,1,30,,576495,42,,,1,70,,576484,42,,,1,30,,576500,42,,,1,74,,576499,42,,,1,31,,576503,42,,,1,68,,576502,42,,,1,30,,576481,42,,,1,72,,576490,42,,,1,26,,576510,42,,,1,70,,576487,42,,,1,28,,576494,42,,,1,68,,576507,42,,,1,30,,576501,42,,,1,68,,576492,42,,,1,30,,576486,42,,,1,70,,576509,42,,,1,28,,576498,42,,,1,100,,576511,42,,,1,95,,576506,42,,,1
2001,'7-1',908,,576533,42,,,1,30,,576514,42,,,1,70,,576513,42,,,1,32,,576524,42,,,1,100,,576522,42,,,1,70,,576532,42,,,1,30,,576523,42,,,1,100,,576530,42,,,1,70,,576517,42,,,1,30,,576518,42,,,1,100,,576535,42,,,1,70,,576520,42,,,1,30,,576531,42,,,1,70,,576534,42,,,1,30,,576536,42,,,1,70,,576526,42,,,1,30,,576515,42,,,1,69,,576528,42,,,1,30,,576525,42,,,1,70,,576529,42,,,1,30,,576519,42,,,1,98,,576521,42,,,1,100,,576527,42,,,1,99,,576516,42,,,1
2001,'8-1',530,,576554,42,,,1,105,,576566,42,,,1,73,,576540,42,,,1,30,,576570,42,,,1,71,,576547,42,,,1,32,,576537,42,,,1,71,,576562,42,,,1,29,,576549,42,,,1,70,,576543,42,,,1,30,,576555,42,,,1,70,,576563,42,,,1,30,,576541,42,,,1,70,,576538,42,,,1,30,,576546,42,,,1,71,,576551,42,,,1,30,,576553,42,,,1,70,,576542,42,,,1,30,,576558,42,,,1,74,,576557,42,,,1,31,,576561,42,,,1,68,,576560,42,,,1,30,,576539,42,,,1,72,,576548,42,,,1,26,,576568,42,,,1,70,,576545,42,,,1,28,,576552,42,,,1,68,,576565,42,,,1,30,,576559,42,,,1,68,,576550,42,,,1,30,,576544,42,,,1,70,,576567,42,,,1,28,,576556,42,,,1,100,,576569,42,,,1,95,,576564,42,,,1
2001,'9-1',838,,576599,42,,,1,70,,576598,42,,,1,30,,576581,42,,,1,70,,576573,42,,,1,32,,576572,42,,,1,70,,576591,42,,,1,30,,576578,42,,,1,70,,576574,42,,,1,30,,576577,42,,,1,70,,576579,42,,,1,30,,576593,42,,,1,70,,576582,42,,,1,30,,576575,42,,,1,70,,576586,42,,,1,30,,576576,42,,,1,70,,576592,42,,,1,30,,576594,42,,,1,70,,576587,42,,,1,30,,576580,42,,,1,70,,576600,42,,,1,30,,576585,42,,,1,69,,576589,42,,,1,30,,576571,42,,,1,70,,576588,42,,,1,30,,576590,42,,,1,70,,576597,42,,,1,28,,576583,42,,,1,100,,576595,42,,,1,100,,576584,42,,,1,100,,576596,42,,,1
