22100,'1-1',641,,626188,10,,,1,70,,626189,10,,,1
22100,'10-1',641,,626192,10,,,1,70,,626193,10,,,1
22100,'11-1',641,,626196,10,,,1,70,,626197,10,,,1
22100,'2-1',641,,626200,10,,,1,70,,626201,10,,,1
22100,'6-1',641,,626204,10,,,1,70,,626205,10,,,1
22100,'8-1',641,,626208,10,,,1,70,,626209,10,,,1
22101,'1-1',1706,,626212,47,,,1,101,,626211,47,,,1
22101,'10-1',1706,,626216,47,,,1,101,,626215,47,,,1
22101,'11-1',1706,,626219,47,,,1,101,,626218,47,,,1
22101,'2-1',1706,,626222,47,,,1,101,,626221,47,,,1
22101,'6-1',1706,,626225,47,,,1,101,,626224,47,,,1
22101,'8-1',1706,,626228,47,,,1,101,,626227,47,,,1
