1501,'1-1',608,,486240,9,,,1,30,,486250,9,,,1,16,,486243,9,,,1,55,,486255,9,,,1,16,,486244,9,,,1,14,,486260,9,,,1,13,,486239,9,,,1,55,,486249,9,,,1,16,,486238,9,,,1,14,,486247,9,,,1,15,,486236,9,,,1,665,,486242,9,,,1,28,,486254,9,,,1,55,,486258,9,,,1,18,,486259,9,,,1,16,,486252,9,,,1,14,,486251,9,,,1,54,,486237,9,,,1,16,,486246,9,,,1,14,,486248,9,,,1,14,,486241,9,,,1,55,,486253,9,,,1,15,,486256,9,,,1,15,,486245,9,,,1,15,,486257,9,,,1
1501,'5-1',608,,486265,9,,,1,30,,486275,9,,,1,16,,486268,9,,,1,55,,486280,9,,,1,16,,486269,9,,,1,14,,486285,9,,,1,13,,486264,9,,,1,55,,486274,9,,,1,16,,486263,9,,,1,14,,486272,9,,,1,15,,486261,9,,,1,665,,486267,9,,,1,28,,486279,9,,,1,55,,486283,9,,,1,18,,486284,9,,,1,16,,486277,9,,,1,14,,486276,9,,,1,54,,486262,9,,,1,16,,486271,9,,,1,14,,486273,9,,,1,14,,486266,9,,,1,55,,486278,9,,,1,15,,486281,9,,,1,15,,486270,9,,,1,15,,486282,9,,,1
1501,'7-1',608,,486290,9,,,1,30,,486300,9,,,1,16,,486293,9,,,1,55,,486305,9,,,1,16,,486294,9,,,1,14,,486310,9,,,1,13,,486289,9,,,1,55,,486299,9,,,1,16,,486288,9,,,1,14,,486297,9,,,1,15,,486286,9,,,1,665,,486292,9,,,1,28,,486304,9,,,1,55,,486308,9,,,1,18,,486309,9,,,1,16,,486302,9,,,1,14,,486301,9,,,1,54,,486287,9,,,1,16,,486296,9,,,1,14,,486298,9,,,1,14,,486291,9,,,1,55,,486303,9,,,1,15,,486306,9,,,1,15,,486295,9,,,1,15,,486307,9,,,1
1501,'8-1',608,,486315,9,,,1,30,,486325,9,,,1,16,,486318,9,,,1,55,,486330,9,,,1,16,,486319,9,,,1,14,,486335,9,,,1,13,,486314,9,,,1,55,,486324,9,,,1,16,,486313,9,,,1,14,,486322,9,,,1,15,,486311,9,,,1,665,,486317,9,,,1,28,,486329,9,,,1,55,,486333,9,,,1,18,,486334,9,,,1,16,,486327,9,,,1,14,,486326,9,,,1,54,,486312,9,,,1,16,,486321,9,,,1,14,,486323,9,,,1,14,,486316,9,,,1,55,,486328,9,,,1,15,,486331,9,,,1,15,,486320,9,,,1,15,,486332,9,,,1
1501,'9-1',608,,486340,9,,,1,30,,486350,9,,,1,16,,486343,9,,,1,55,,486355,9,,,1,16,,486344,9,,,1,14,,486360,9,,,1,13,,486339,9,,,1,55,,486349,9,,,1,16,,486338,9,,,1,14,,486347,9,,,1,15,,486336,9,,,1,665,,486342,9,,,1,28,,486354,9,,,1,55,,486358,9,,,1,18,,486359,9,,,1,16,,486352,9,,,1,14,,486351,9,,,1,54,,486337,9,,,1,16,,486346,9,,,1,14,,486348,9,,,1,14,,486341,9,,,1,55,,486353,9,,,1,15,,486356,9,,,1,15,,486345,9,,,1,15,,486357,9,,,1
2500,'1-1',621,,488930,48,,,1,16,,488917,48,,,1,70,,488931,48,,,1,30,,488939,48,,,1,76,,488942,48,,,1,30,,488954,48,,,1,68,,488951,48,,,1,32,,488941,48,,,1,69,,488904,48,,,1,30,,488920,48,,,1,70,,488953,48,,,1,31,,488928,48,,,1,70,,488960,48,,,1,30,,488908,48,,,1,70,,488924,48,,,1,29,,488936,48,,,1,68,,488957,48,,,1,33,,488937,48,,,1,68,,488897,48,,,1,15,,488932,48,,,1,15,,488949,48,,,1,17,,488915,48,,,1,54,,488929,48,,,1,16,,488905,48,,,1,15,,488912,48,,,1,15,,488956,48,,,1,54,,488943,48,,,1,15,,488926,48,,,1,15,,488938,48,,,1,16,,488916,48,,,1,54,,488934,48,,,1,17,,488901,48,,,1,28,,488911,48,,,1,65,,488925,48,,,1,30,,488909,48,,,1,69,,488950,48,,,1,30,,488921,48,,,1,70,,488961,48,,,1,31,,488952,48,,,1,70,,488922,48,,,1,30,,488919,48,,,1,69,,488955,48,,,1
2500,'2-1',853,,488969,48,0,42,1,70,,489003,48,0,42,1,30,,489021,48,0,42,1,70,,489006,48,0,42,1,31,,488972,48,0,42,1,70,,489022,48,0,42,1,77,,488964,48,0,42,1,36,,488997,48,0,42,1,76,,488965,48,0,42,1,36,,488990,48,0,42,1,76,,489001,48,0,42,1,76,,489013,48,0,42,1,36,,488970,48,0,42,1,76,,489005,48,0,42,1,35,,488999,48,0,42,1,76,,489018,48,0,42,1,76,,488996,48,0,42,1,36,,489019,48,0,42,1,75,,489010,48,0,42,1,46,,488963,48,0,42,1,99,,488992,48,0,42,1,99,,488995,48,0,42,1,98,,489009,48,0,42,1,99,,488971,48,0,42,1
2500,'3-1',831,,489034,48,0,42,1,70,,489059,48,0,42,1,30,,489064,48,0,42,1,70,,489035,48,0,42,1,30,,489066,48,0,42,1,71,,489030,48,0,42,1,30,,489063,48,0,42,1,71,,489037,48,0,42,1,30,,489033,48,0,42,1,70,,489052,48,0,42,1,30,,489048,48,0,42,1,70,,489050,48,0,42,1,30,,489027,48,0,42,1,70,,489055,48,0,42,1,30,,489053,48,0,42,1,70,,489041,48,0,42,1,30,,489042,48,0,42,1,69,,489054,48,0,42,1,30,,489057,48,0,42,1,70,,489032,48,0,42,1,30,,489068,48,0,42,1,70,,489039,48,0,42,1,99,,489045,48,0,42,1,100,,489056,48,0,42,1,100,,489046,48,0,42,1,58,,489060,48,0,42,1
2500,'4-1',831,,489099,48,0,42,1,70,,489090,48,0,42,1,100,,489077,48,0,42,1,30,,489101,48,0,42,1,71,,489100,48,0,42,1,101,,489096,48,0,42,1,30,,489081,48,0,42,1,70,,489079,48,0,42,1,100,,489098,48,0,42,1,30,,489089,48,0,42,1,70,,489076,48,0,42,1,30,,489080,48,0,42,1,70,,489075,48,0,42,1,99,,489088,48,0,42,1,30,,489084,48,0,42,1,70,,489103,48,0,42,1,100,,489072,48,0,42,1,199,,489097,48,0,42,1,158,,489074,48,0,42,1
2500,'5-1',621,,489137,48,,,1,16,,489124,48,,,1,70,,489138,48,,,1,30,,489146,48,,,1,76,,489149,48,,,1,30,,489161,48,,,1,68,,489158,48,,,1,32,,489148,48,,,1,69,,489111,48,,,1,30,,489127,48,,,1,70,,489160,48,,,1,31,,489135,48,,,1,70,,489167,48,,,1,30,,489115,48,,,1,70,,489131,48,,,1,29,,489143,48,,,1,68,,489164,48,,,1,33,,489144,48,,,1,68,,489104,48,,,1,15,,489139,48,,,1,15,,489156,48,,,1,17,,489122,48,,,1,54,,489136,48,,,1,16,,489112,48,,,1,15,,489119,48,,,1,15,,489163,48,,,1,54,,489150,48,,,1,15,,489133,48,,,1,15,,489145,48,,,1,16,,489123,48,,,1,54,,489141,48,,,1,17,,489108,48,,,1,28,,489118,48,,,1,65,,489132,48,,,1,30,,489116,48,,,1,69,,489157,48,,,1,30,,489128,48,,,1,70,,489168,48,,,1,31,,489159,48,,,1,70,,489129,48,,,1,30,,489126,48,,,1,69,,489162,48,,,1
2500,'6-1',849,,489171,48,0,42,1,70,,489200,48,0,42,1,30,,489173,48,0,42,1,70,,489198,48,0,42,1,31,,489194,48,0,42,1,70,,489192,48,0,42,1,31,,489175,48,0,42,1,70,,489188,48,0,42,1,30,,489176,48,0,42,1,70,,489182,48,0,42,1,30,,489177,48,0,42,1,70,,489181,48,0,42,1,30,,489184,48,0,42,1,70,,489183,48,0,42,1,30,,489169,48,0,42,1,70,,489196,48,0,42,1,29,,489170,48,0,42,1,70,,489201,48,0,42,1,30,,489190,48,0,42,1,70,,489193,48,0,42,1,30,,489195,48,0,42,1,98,,489172,48,0,42,1,100,,489189,48,0,42,1,105,,489186,48,0,42,1
2500,'7-1',621,,489235,48,,,1,16,,489222,48,,,1,70,,489236,48,,,1,30,,489244,48,,,1,76,,489247,48,,,1,30,,489259,48,,,1,68,,489256,48,,,1,32,,489246,48,,,1,69,,489209,48,,,1,30,,489225,48,,,1,70,,489258,48,,,1,31,,489233,48,,,1,70,,489265,48,,,1,30,,489213,48,,,1,70,,489229,48,,,1,29,,489241,48,,,1,68,,489262,48,,,1,33,,489242,48,,,1,68,,489202,48,,,1,15,,489237,48,,,1,15,,489254,48,,,1,17,,489220,48,,,1,54,,489234,48,,,1,16,,489210,48,,,1,15,,489217,48,,,1,15,,489261,48,,,1,54,,489248,48,,,1,15,,489231,48,,,1,15,,489243,48,,,1,16,,489221,48,,,1,54,,489239,48,,,1,17,,489206,48,,,1,28,,489216,48,,,1,65,,489230,48,,,1,30,,489214,48,,,1,69,,489255,48,,,1,30,,489226,48,,,1,70,,489266,48,,,1,31,,489257,48,,,1,70,,489227,48,,,1,30,,489224,48,,,1,69,,489260,48,,,1
2500,'8-1',621,,489300,48,,,1,16,,489287,48,,,1,70,,489301,48,,,1,30,,489309,48,,,1,76,,489312,48,,,1,30,,489324,48,,,1,68,,489321,48,,,1,32,,489311,48,,,1,69,,489274,48,,,1,30,,489290,48,,,1,70,,489323,48,,,1,31,,489298,48,,,1,70,,489330,48,,,1,30,,489278,48,,,1,70,,489294,48,,,1,29,,489306,48,,,1,68,,489327,48,,,1,33,,489307,48,,,1,68,,489267,48,,,1,15,,489302,48,,,1,15,,489319,48,,,1,17,,489285,48,,,1,54,,489299,48,,,1,16,,489275,48,,,1,15,,489282,48,,,1,15,,489326,48,,,1,54,,489313,48,,,1,15,,489296,48,,,1,15,,489308,48,,,1,16,,489286,48,,,1,54,,489304,48,,,1,17,,489271,48,,,1,28,,489281,48,,,1,65,,489295,48,,,1,30,,489279,48,,,1,69,,489320,48,,,1,30,,489291,48,,,1,70,,489331,48,,,1,31,,489322,48,,,1,70,,489292,48,,,1,30,,489289,48,,,1,69,,489325,48,,,1
2500,'9-1',621,,489365,48,,,1,16,,489352,48,,,1,70,,489366,48,,,1,30,,489374,48,,,1,76,,489377,48,,,1,30,,489389,48,,,1,68,,489386,48,,,1,32,,489376,48,,,1,69,,489339,48,,,1,30,,489355,48,,,1,70,,489388,48,,,1,31,,489363,48,,,1,70,,489395,48,,,1,30,,489343,48,,,1,70,,489359,48,,,1,29,,489371,48,,,1,68,,489392,48,,,1,33,,489372,48,,,1,68,,489332,48,,,1,15,,489367,48,,,1,15,,489384,48,,,1,17,,489350,48,,,1,54,,489364,48,,,1,16,,489340,48,,,1,15,,489347,48,,,1,15,,489391,48,,,1,54,,489378,48,,,1,15,,489361,48,,,1,15,,489373,48,,,1,16,,489351,48,,,1,54,,489369,48,,,1,17,,489336,48,,,1,28,,489346,48,,,1,65,,489360,48,,,1,30,,489344,48,,,1,69,,489385,48,,,1,30,,489356,48,,,1,70,,489396,48,,,1,31,,489387,48,,,1,70,,489357,48,,,1,30,,489354,48,,,1,69,,489390,48,,,1
12501,'2-1',901,,525114,8,,,1,30,,525125,8,,,1,70,,525117,8,,,1,30,,525128,8,,,1,70,,525112,8,,,1,30,,525119,8,,,1,25,,525120,8,,,1,74,,525116,8,,,1,75,,525127,8,,,1,34,,525126,8,,,1,63,,525122,8,,,1,30,,525118,8,,,1,70,,525121,8,,,1,30,,525124,8,,,1,70,,525113,8,,,1,30,,525115,8,,,1,70,,525111,8,,,1,30,,525123,8,,,1
12501,'3-1',901,,525131,8,,,1,30,,525142,8,,,1,70,,525133,8,,,1,30,,525140,8,,,1,70,,525135,8,,,1,30,,525145,8,,,1,25,,525130,8,,,1,74,,525141,8,,,1,75,,525138,8,,,1,34,,525129,8,,,1,63,,525134,8,,,1,30,,525146,8,,,1,70,,525144,8,,,1,30,,525136,8,,,1,70,,525139,8,,,1,30,,525143,8,,,1,70,,525137,8,,,1,30,,525132,8,,,1
12501,'4-1',901,,525156,8,,,1,30,,525164,8,,,1,70,,525159,8,,,1,30,,525152,8,,,1,70,,525161,8,,,1,30,,525147,8,,,1,25,,525151,8,,,1,74,,525155,8,,,1,75,,525153,8,,,1,34,,525154,8,,,1,63,,525149,8,,,1,30,,525148,8,,,1,70,,525162,8,,,1,30,,525157,8,,,1,70,,525160,8,,,1,30,,525163,8,,,1,70,,525150,8,,,1,30,,525158,8,,,1
12501,'6-1',901,,525178,8,,,1,100,,525169,8,,,1,100,,525179,8,,,1,55,,525165,8,,,1,74,,525172,8,,,1,75,,525174,8,,,1,34,,525175,8,,,1,63,,525171,8,,,1,30,,525173,8,,,1,70,,525168,8,,,1,30,,525167,8,,,1,70,,525170,8,,,1,30,,525177,8,,,1,70,,525166,8,,,1,30,,525176,8,,,1
