4401,'1-1',508,,589135,12,,,1,31,,589138,12,,,1,70,,589127,12,,,1,15,,589081,12,,,1,15,,589136,12,,,1,16,,589082,12,,,1,55,,589088,12,,,1,15,,589077,12,,,1,13,,589104,12,,,1,18,,589117,12,,,1,55,,589121,12,,,1,15,,589110,12,,,1,14,,589098,12,,,1,15,,589133,12,,,1,57,,589097,12,,,1,13,,589093,12,,,1,15,,589099,12,,,1,15,,589114,12,,,1,55,,589128,12,,,1,15,,589108,12,,,1,15,,589126,12,,,1,15,,589091,12,,,1,55,,589100,12,,,1,15,,589090,12,,,1,15,,589123,12,,,1,15,,589139,12,,,1,55,,589084,12,,,1,15,,589113,12,,,1,15,,589131,12,,,1,15,,589079,12,,,1,55,,589120,12,,,1,15,,589075,12,,,1,15,,589086,12,,,1,15,,589109,12,,,1,55,,589096,12,,,1,15,,589130,12,,,1,17,,589076,12,,,1,15,,589134,12,,,1,55,,589125,12,,,1,15,,589087,12,,,1,15,,589112,12,,,1,15,,589083,12,,,1,53,,589092,12,,,1,17,,589129,12,,,1,16,,589107,12,,,1,16,,589106,12,,,1,53,,589118,12,,,1,15,,589085,12,,,1,15,,589115,12,,,1,15,,589137,12,,,1,55,,589132,12,,,1,13,,589105,12,,,1,15,,589103,12,,,1,15,,589119,12,,,1,55,,589122,12,,,1,30,,589102,12,,,1,70,,589116,12,,,1,30,,589124,12,,,1,70,,589078,12,,,1,30,,589111,12,,,1,70,,589094,12,,,1,29,,589080,12,,,1,70,,589095,12,,,1,30,,589089,12,,,1,79,,589101,12,,,1
4401,'10-1',508,,589194,12,,,1,31,,589175,12,,,1,70,,589156,12,,,1,15,,589158,12,,,1,15,,589180,12,,,1,16,,589161,12,,,1,55,,589190,12,,,1,15,,589164,12,,,1,13,,589159,12,,,1,18,,589150,12,,,1,55,,589193,12,,,1,15,,589195,12,,,1,14,,589177,12,,,1,15,,589170,12,,,1,57,,589167,12,,,1,13,,589155,12,,,1,15,,589140,12,,,1,15,,589169,12,,,1,55,,589142,12,,,1,15,,589171,12,,,1,15,,589181,12,,,1,15,,589183,12,,,1,55,,589182,12,,,1,15,,589146,12,,,1,15,,589144,12,,,1,15,,589151,12,,,1,55,,589186,12,,,1,15,,589166,12,,,1,15,,589145,12,,,1,15,,589163,12,,,1,55,,589160,12,,,1,15,,589154,12,,,1,15,,589157,12,,,1,15,,589149,12,,,1,55,,589202,12,,,1,15,,589204,12,,,1,17,,589141,12,,,1,15,,589201,12,,,1,55,,589172,12,,,1,15,,589147,12,,,1,15,,589197,12,,,1,15,,589187,12,,,1,53,,589178,12,,,1,17,,589191,12,,,1,16,,589168,12,,,1,16,,589162,12,,,1,53,,589199,12,,,1,15,,589143,12,,,1,15,,589174,12,,,1,15,,589148,12,,,1,55,,589189,12,,,1,13,,589185,12,,,1,15,,589173,12,,,1,15,,589198,12,,,1,55,,589152,12,,,1,30,,589184,12,,,1,70,,589176,12,,,1,30,,589153,12,,,1,70,,589192,12,,,1,30,,589188,12,,,1,70,,589203,12,,,1,29,,589179,12,,,1,70,,589200,12,,,1,30,,589165,12,,,1,79,,589196,12,,,1
4401,'11-1',508,,589259,12,,,1,31,,589240,12,,,1,70,,589221,12,,,1,15,,589223,12,,,1,15,,589245,12,,,1,16,,589226,12,,,1,55,,589255,12,,,1,15,,589229,12,,,1,13,,589224,12,,,1,18,,589215,12,,,1,55,,589258,12,,,1,15,,589260,12,,,1,14,,589242,12,,,1,15,,589235,12,,,1,57,,589232,12,,,1,13,,589220,12,,,1,15,,589205,12,,,1,15,,589234,12,,,1,55,,589207,12,,,1,15,,589236,12,,,1,15,,589246,12,,,1,15,,589248,12,,,1,55,,589247,12,,,1,15,,589211,12,,,1,15,,589209,12,,,1,15,,589216,12,,,1,55,,589251,12,,,1,15,,589231,12,,,1,15,,589210,12,,,1,15,,589228,12,,,1,55,,589225,12,,,1,15,,589219,12,,,1,15,,589222,12,,,1,15,,589214,12,,,1,55,,589267,12,,,1,15,,589269,12,,,1,17,,589206,12,,,1,15,,589266,12,,,1,55,,589237,12,,,1,15,,589212,12,,,1,15,,589262,12,,,1,15,,589252,12,,,1,53,,589243,12,,,1,17,,589256,12,,,1,16,,589233,12,,,1,16,,589227,12,,,1,53,,589264,12,,,1,15,,589208,12,,,1,15,,589239,12,,,1,15,,589213,12,,,1,55,,589254,12,,,1,13,,589250,12,,,1,15,,589238,12,,,1,15,,589263,12,,,1,55,,589217,12,,,1,30,,589249,12,,,1,70,,589241,12,,,1,30,,589218,12,,,1,70,,589257,12,,,1,30,,589253,12,,,1,70,,589268,12,,,1,29,,589244,12,,,1,70,,589265,12,,,1,30,,589230,12,,,1,79,,589261,12,,,1
4401,'2-1',508,,589324,12,,,1,31,,589305,12,,,1,70,,589286,12,,,1,15,,589288,12,,,1,15,,589310,12,,,1,16,,589291,12,,,1,55,,589320,12,,,1,15,,589294,12,,,1,13,,589289,12,,,1,18,,589280,12,,,1,55,,589323,12,,,1,15,,589325,12,,,1,14,,589307,12,,,1,15,,589300,12,,,1,57,,589297,12,,,1,13,,589285,12,,,1,15,,589270,12,,,1,15,,589299,12,,,1,55,,589272,12,,,1,15,,589301,12,,,1,15,,589311,12,,,1,15,,589313,12,,,1,55,,589312,12,,,1,15,,589276,12,,,1,15,,589274,12,,,1,15,,589281,12,,,1,55,,589316,12,,,1,15,,589296,12,,,1,15,,589275,12,,,1,15,,589293,12,,,1,55,,589290,12,,,1,15,,589284,12,,,1,15,,589287,12,,,1,15,,589279,12,,,1,55,,589332,12,,,1,15,,589334,12,,,1,17,,589271,12,,,1,15,,589331,12,,,1,55,,589302,12,,,1,15,,589277,12,,,1,15,,589327,12,,,1,15,,589317,12,,,1,53,,589308,12,,,1,17,,589321,12,,,1,16,,589298,12,,,1,16,,589292,12,,,1,53,,589329,12,,,1,15,,589273,12,,,1,15,,589304,12,,,1,15,,589278,12,,,1,55,,589319,12,,,1,13,,589315,12,,,1,15,,589303,12,,,1,15,,589328,12,,,1,55,,589282,12,,,1,30,,589314,12,,,1,70,,589306,12,,,1,30,,589283,12,,,1,70,,589322,12,,,1,30,,589318,12,,,1,70,,589333,12,,,1,29,,589309,12,,,1,70,,589330,12,,,1,30,,589295,12,,,1,79,,589326,12,,,1
4401,'3-1',607,,589353,12,,,1,98,,589341,12,,,1,100,,589352,12,,,1,30,,589340,12,,,1,70,,589350,12,,,1,100,,589338,12,,,1,30,,589335,12,,,1,70,,589351,12,,,1,30,,589356,12,,,1,101,,589348,12,,,1,70,,589361,12,,,1,30,,589343,12,,,1,70,,589345,12,,,1,30,,589363,12,,,1,70,,589362,12,,,1,30,,589357,12,,,1,70,,589349,12,,,1,100,,589346,12,,,1,30,,589342,12,,,1,100,,589358,12,,,1,70,,589337,12,,,1,30,,589354,12,,,1,70,,589360,12,,,1,29,,589344,12,,,1,70,,589355,12,,,1,30,,589336,12,,,1,70,,589359,12,,,1,30,,589347,12,,,1,70,,589339,12,,,1
4401,'4-1',607,,589381,12,,,1,98,,589412,12,,,1,100,,589395,12,,,1,30,,589394,12,,,1,70,,589388,12,,,1,30,,589399,12,,,1,70,,589366,12,,,1,15,,589373,12,,,1,15,,589380,12,,,1,15,,589374,12,,,1,55,,589406,12,,,1,15,,589376,12,,,1,15,,589404,12,,,1,15,,589390,12,,,1,55,,589408,12,,,1,16,,589384,12,,,1,15,,589375,12,,,1,15,,589398,12,,,1,55,,589385,12,,,1,15,,589382,12,,,1,15,,589364,12,,,1,15,,589402,12,,,1,55,,589365,12,,,1,15,,589368,12,,,1,15,,589413,12,,,1,15,,589371,12,,,1,55,,589409,12,,,1,15,,589401,12,,,1,15,,589389,12,,,1,15,,589393,12,,,1,55,,589400,12,,,1,15,,589372,12,,,1,15,,589378,12,,,1,15,,589387,12,,,1,55,,589414,12,,,1,15,,589386,12,,,1,15,,589396,12,,,1,15,,589405,12,,,1,55,,589391,12,,,1,30,,589367,12,,,1,70,,589410,12,,,1,30,,589383,12,,,1,70,,589370,12,,,1,29,,589411,12,,,1,70,,589377,12,,,1,30,,589403,12,,,1,70,,589407,12,,,1,30,,589379,12,,,1,70,,589392,12,,,1,30,,589397,12,,,1,76,,589369,12,,,1
4401,'5-1',559,,589425,12,,,1,67,,589444,12,,,1,30,,589442,12,,,1,100,,589446,12,,,1,70,,589431,12,,,1,30,,589438,12,,,1,62,,589428,12,,,1,30,,589433,12,,,1,70,,589440,12,,,1,30,,589437,12,,,1,100,,589427,12,,,1,70,,589419,12,,,1,101,,589421,12,,,1,30,,589434,12,,,1,100,,589426,12,,,1,70,,589445,12,,,1,30,,589429,12,,,1,72,,589435,12,,,1,28,,589424,12,,,1,70,,589417,12,,,1,30,,589439,12,,,1,99,,589422,12,,,1,70,,589436,12,,,1,100,,589430,12,,,1,29,,589418,12,,,1,70,,589416,12,,,1,30,,589415,12,,,1,70,,589432,12,,,1,30,,589420,12,,,1,70,,589423,12,,,1,30,,589443,12,,,1,78,,589441,12,,,1
4401,'6-1',508,,589501,12,,,1,31,,589482,12,,,1,70,,589463,12,,,1,15,,589465,12,,,1,15,,589487,12,,,1,16,,589468,12,,,1,55,,589497,12,,,1,15,,589471,12,,,1,13,,589466,12,,,1,18,,589457,12,,,1,55,,589500,12,,,1,15,,589502,12,,,1,14,,589484,12,,,1,15,,589477,12,,,1,57,,589474,12,,,1,13,,589462,12,,,1,15,,589447,12,,,1,15,,589476,12,,,1,55,,589449,12,,,1,15,,589478,12,,,1,15,,589488,12,,,1,15,,589490,12,,,1,55,,589489,12,,,1,15,,589453,12,,,1,15,,589451,12,,,1,15,,589458,12,,,1,55,,589493,12,,,1,15,,589473,12,,,1,15,,589452,12,,,1,15,,589470,12,,,1,55,,589467,12,,,1,15,,589461,12,,,1,15,,589464,12,,,1,15,,589456,12,,,1,55,,589509,12,,,1,15,,589511,12,,,1,17,,589448,12,,,1,15,,589508,12,,,1,55,,589479,12,,,1,15,,589454,12,,,1,15,,589504,12,,,1,15,,589494,12,,,1,53,,589485,12,,,1,17,,589498,12,,,1,16,,589475,12,,,1,16,,589469,12,,,1,53,,589506,12,,,1,15,,589450,12,,,1,15,,589481,12,,,1,15,,589455,12,,,1,55,,589496,12,,,1,13,,589492,12,,,1,15,,589480,12,,,1,15,,589505,12,,,1,55,,589459,12,,,1,30,,589491,12,,,1,70,,589483,12,,,1,30,,589460,12,,,1,70,,589499,12,,,1,30,,589495,12,,,1,70,,589510,12,,,1,29,,589486,12,,,1,70,,589507,12,,,1,30,,589472,12,,,1,79,,589503,12,,,1
4401,'7-1',607,,589530,12,,,1,98,,589518,12,,,1,100,,589529,12,,,1,30,,589517,12,,,1,70,,589527,12,,,1,100,,589515,12,,,1,30,,589512,12,,,1,70,,589528,12,,,1,30,,589533,12,,,1,101,,589525,12,,,1,70,,589538,12,,,1,30,,589520,12,,,1,70,,589522,12,,,1,30,,589540,12,,,1,70,,589539,12,,,1,30,,589534,12,,,1,70,,589526,12,,,1,100,,589523,12,,,1,30,,589519,12,,,1,100,,589535,12,,,1,70,,589514,12,,,1,30,,589531,12,,,1,70,,589537,12,,,1,29,,589521,12,,,1,70,,589532,12,,,1,30,,589513,12,,,1,70,,589536,12,,,1,30,,589524,12,,,1,70,,589516,12,,,1
4401,'8-1',508,,589595,12,,,1,31,,589576,12,,,1,70,,589557,12,,,1,15,,589559,12,,,1,15,,589581,12,,,1,16,,589562,12,,,1,55,,589591,12,,,1,15,,589565,12,,,1,13,,589560,12,,,1,18,,589551,12,,,1,55,,589594,12,,,1,15,,589596,12,,,1,14,,589578,12,,,1,15,,589571,12,,,1,57,,589568,12,,,1,13,,589556,12,,,1,15,,589541,12,,,1,15,,589570,12,,,1,55,,589543,12,,,1,15,,589572,12,,,1,15,,589582,12,,,1,15,,589584,12,,,1,55,,589583,12,,,1,15,,589547,12,,,1,15,,589545,12,,,1,15,,589552,12,,,1,55,,589587,12,,,1,15,,589567,12,,,1,15,,589546,12,,,1,15,,589564,12,,,1,55,,589561,12,,,1,15,,589555,12,,,1,15,,589558,12,,,1,15,,589550,12,,,1,55,,589603,12,,,1,15,,589605,12,,,1,17,,589542,12,,,1,15,,589602,12,,,1,55,,589573,12,,,1,15,,589548,12,,,1,15,,589598,12,,,1,15,,589588,12,,,1,53,,589579,12,,,1,17,,589592,12,,,1,16,,589569,12,,,1,16,,589563,12,,,1,53,,589600,12,,,1,15,,589544,12,,,1,15,,589575,12,,,1,15,,589549,12,,,1,55,,589590,12,,,1,13,,589586,12,,,1,15,,589574,12,,,1,15,,589599,12,,,1,55,,589553,12,,,1,30,,589585,12,,,1,70,,589577,12,,,1,30,,589554,12,,,1,70,,589593,12,,,1,30,,589589,12,,,1,70,,589604,12,,,1,29,,589580,12,,,1,70,,589601,12,,,1,30,,589566,12,,,1,79,,589597,12,,,1
4401,'9-1',559,,589636,12,,,1,67,,589621,12,,,1,30,,589629,12,,,1,70,,589615,12,,,1,30,,589614,12,,,1,70,,589641,12,,,1,30,,589631,12,,,1,62,,589616,12,,,1,30,,589610,12,,,1,70,,589619,12,,,1,30,,589640,12,,,1,70,,589613,12,,,1,30,,589618,12,,,1,70,,589633,12,,,1,31,,589611,12,,,1,70,,589624,12,,,1,30,,589639,12,,,1,70,,589642,12,,,1,30,,589608,12,,,1,70,,589635,12,,,1,30,,589623,12,,,1,70,,589609,12,,,1,30,,589625,12,,,1,70,,589626,12,,,1,30,,589638,12,,,1,69,,589606,12,,,1,30,,589632,12,,,1,70,,589630,12,,,1,30,,589637,12,,,1,70,,589622,12,,,1,29,,589607,12,,,1,70,,589643,12,,,1,30,,589612,12,,,1,70,,589627,12,,,1,30,,589620,12,,,1,70,,589634,12,,,1,30,,589617,12,,,1,78,,589628,12,,,1
9201,'1-1',632,,614055,40,,,1,70,,614052,40,,,1,33,,614049,40,,,1,21,,614060,40,,,1,81,,614054,40,,,1,68,,614050,40,,,1
9201,'10-1',632,,614066,40,,,1,70,,614069,40,,,1,33,,614068,40,,,1,21,,614070,40,,,1,81,,614076,40,,,1,68,,614077,40,,,1
9201,'11-1',632,,614084,40,,,1,70,,614087,40,,,1,33,,614086,40,,,1,21,,614088,40,,,1,81,,614094,40,,,1,68,,614095,40,,,1
9201,'2-1',632,,614102,40,,,1,70,,614105,40,,,1,33,,614104,40,,,1,21,,614106,40,,,1,81,,614112,40,,,1,68,,614113,40,,,1
9201,'6-1',632,,614120,40,,,1,70,,614123,40,,,1,33,,614122,40,,,1,21,,614124,40,,,1,81,,614130,40,,,1,68,,614131,40,,,1
9201,'8-1',632,,614138,40,,,1,70,,614141,40,,,1,33,,614140,40,,,1,21,,614142,40,,,1,81,,614148,40,,,1,68,,614149,40,,,1
