2500,'CanDay26-Sunday-12-1',737,,537850,38,0,29,1,78,,537851,38,0,29,1,30,,537852,38,0,42,1,70,,537853,38,0,42,1,30,,537854,38,0,42,1,70,,537855,38,0,42,1,31,,537856,38,0,42,1,70,,537857,38,0,42,1,13,,537867,38,0,29,1,12,,537874,38,0,29,1,12,,537875,38,0,42,1,52,,537876,38,0,29,1,12,,537877,38,0,29,1,12,,537878,38,0,42,1,12,,537879,38,0,29,1,12,,537880,38,0,29,1,52,,537881,38,0,42,1,12,,537882,38,0,29,1,12,,537883,38,0,29,1,12,,537884,38,0,42,1,12,,537885,38,0,29,1,52,,537886,38,0,29,1,12,,537887,38,0,42,1,12,,537888,38,0,29,1,12,,537889,38,0,29,1,12,,537890,38,0,42,1,52,,537891,38,0,29,1,12,,537892,38,0,29,1,12,,537893,38,0,42,1,12,,537894,38,0,29,1,12,,537895,38,0,29,1,52,,537896,38,0,42,1,12,,537897,38,0,29,1,11,,537898,38,0,29,1,12,,537899,38,0,42,1,12,,537900,38,0,29,1,52,,537901,38,0,29,1,12,,537902,38,0,42,1,12,,537903,38,0,29,1,12,,537904,38,0,29,1,12,,537905,38,0,42,1,52,,537906,38,0,29,1,12,,537907,38,0,29,1,12,,537908,38,0,42,1,12,,537909,38,0,29,1,12,,537910,38,0,29,1,51,,537911,38,0,42,1,13,,537912,38,0,29,1,18,,537868,38,0,29,1,15,,537858,38,0,42,1,58,,537869,38,0,29,1,21,,537859,38,0,29,1,20,,537860,38,0,42,1,58,,537861,38,0,29,1,21,,537870,38,0,29,1,20,,537862,38,0,42,1,60,,537863,38,0,29,1,18,,537871,38,0,29,1,20,,537864,38,0,42,1,60,,537865,38,0,29,1,19,,537872,38,0,29,1,20,,537866,38,0,42,1,78,,537873,38,0,29,1
2500,'CivHol26-Saturday-07-1',544,,537913,38,0,29,1,76,,537914,38,0,29,1,16,,537954,38,0,29,1,15,,537915,38,0,29,1,55,,537957,38,0,29,1,15,,537916,38,0,29,1,17,,537955,38,0,29,1,15,,537917,38,0,29,1,55,,537958,38,0,29,1,15,,537918,38,0,42,1,15,,537956,38,0,29,1,15,,537919,38,0,42,1,55,,537959,38,0,29,1,15,,537920,38,0,42,1,30,,537921,38,0,42,1,70,,537922,38,0,42,1,31,,537923,38,0,42,1,70,,537924,38,0,42,1,31,,537925,38,0,42,1,70,,537926,38,0,42,1,30,,537927,38,0,42,1,70,,537928,38,0,42,1,30,,537929,38,0,42,1,70,,537930,38,0,42,1,30,,537931,38,0,42,1,70,,537932,38,0,42,1,30,,537933,38,0,42,1,70,,537934,38,0,42,1,29,,537935,38,0,42,1,70,,537936,38,0,42,1,30,,537937,38,0,42,1,70,,537938,38,0,42,1,30,,537939,38,0,42,1,70,,537940,38,0,29,1,29,,537941,38,0,42,1,70,,537942,38,0,29,1,30,,537943,38,0,42,1,70,,537944,38,0,29,1,30,,537945,38,0,42,1,70,,537946,38,0,29,1,28,,537947,38,0,42,1,70,,537948,38,0,29,1,29,,537949,38,0,29,1,70,,537950,38,0,29,1,30,,537951,38,0,29,1,70,,537952,38,0,29,1,30,,537953,38,0,29,1
2500,'JUNDA26-Weekday-06-1',455,,538023,38,0,29,1,70,,538005,38,0,29,1,31,,537960,38,0,29,1,55,,538009,38,,,1,16,,538006,38,,,1,15,,537998,38,0,29,1,16,,537961,38,,,1,56,,537962,38,0,29,1,14,,538024,38,,,1,17,,537996,38,0,29,1,58,,537963,38,,,1,16,,538019,38,0,29,1,14,,537964,38,,,1,17,,537999,38,0,29,1,51,,537965,38,,,1,16,,537966,38,0,29,1,16,,537997,38,,,1,13,,537967,38,0,29,1,56,,537968,38,,,1,15,,538021,38,0,29,1,15,,538020,38,,,1,14,,537969,38,0,29,1,56,,537970,38,,,1,15,,537971,38,0,29,1,15,,538012,38,,,1,15,,537972,38,0,29,1,55,,538004,38,,,1,15,,538022,38,0,29,1,15,,537973,38,,,1,15,,537974,38,0,29,1,55,,537975,38,,,1,15,,538018,38,0,29,1,15,,537976,38,,,1,15,,538017,38,0,29,1,53,,538003,38,,,1,14,,537977,38,0,29,1,20,,537978,38,,,1,15,,537979,38,0,29,1,53,,537980,38,,,1,15,,537981,38,,,1,15,,537982,38,,,1,17,,538015,38,,,1,54,,537983,38,,,1,16,,537984,38,,,1,15,,537985,38,,,1,15,,537986,38,,,1,54,,537987,38,,,1,15,,538010,38,,,1,15,,537988,38,,,1,16,,538016,38,,,1,54,,537989,38,,,1,17,,537990,38,,,1,28,,537991,38,,,1,65,,538011,38,,,1,30,,538007,38,,,1,69,,537992,38,,,1,30,,538001,38,,,1,70,,538008,38,,,1,31,,537993,38,,,1,70,,538000,38,,,1,30,,537994,38,,,1,69,,538013,38,,,1,26,,538002,38,0,29,1,70,,537995,38,0,29,1,30,,538014,38,0,29,1
2500,'JUNSA26-Saturday-07-1',544,,538025,38,0,29,1,76,,538026,38,0,29,1,31,,538027,38,0,29,1,70,,538028,38,0,29,1,102,,538029,38,0,42,1,30,,538030,38,0,42,1,100,,538031,38,0,42,1,70,,538032,38,0,42,1,31,,538033,38,0,42,1,101,,538034,38,0,42,1,70,,538035,38,0,42,1,30,,538036,38,0,42,1,100,,538037,38,0,42,1,70,,538038,38,0,42,1,30,,538039,38,0,42,1,70,,538040,38,0,42,1,30,,538041,38,0,42,1,99,,538042,38,0,42,1,70,,538043,38,0,42,1,30,,538044,38,0,42,1,100,,538045,38,0,42,1,70,,538046,38,0,29,1,99,,538047,38,0,29,1,30,,538048,38,0,42,1,70,,538049,38,0,29,1,100,,538050,38,0,29,1,28,,538051,38,0,42,1,70,,538052,38,0,29,1,99,,538053,38,0,29,1,30,,538054,38,0,29,1,70,,538055,38,0,29,1,30,,538056,38,0,29,1
2500,'JUNSU26-Sunday-05-1',737,,538057,38,0,29,1,74,,538058,38,0,29,1,30,,538059,38,0,42,1,70,,538060,38,0,42,1,30,,538061,38,0,42,1,70,,538062,38,0,42,1,31,,538063,38,0,42,1,70,,538064,38,0,42,1,31,,538065,38,0,42,1,70,,538066,38,0,42,1,30,,538067,38,0,42,1,70,,538068,38,0,42,1,30,,538069,38,0,42,1,70,,538070,38,0,42,1,30,,538071,38,0,42,1,70,,538072,38,0,42,1,30,,538073,38,0,42,1,70,,538074,38,0,42,1,29,,538075,38,0,42,1,70,,538076,38,0,42,1,30,,538077,38,0,42,1,70,,538078,38,0,42,1,30,,538079,38,0,42,1,70,,538080,38,0,29,1,28,,538081,38,0,42,1,70,,538082,38,0,29,1,30,,538083,38,0,42,1,70,,538084,38,0,29,1,35,,538085,38,0,42,1,75,,538086,38,0,29,1,33,,538087,38,0,29,1,69,,538088,38,0,29,1,30,,538089,38,0,29,1
2500,'RBJul03-Weekday-01-1',455,,538153,38,0,29,1,70,,538135,38,0,29,1,31,,538090,38,0,29,1,55,,538139,38,,,1,16,,538136,38,,,1,15,,538128,38,0,29,1,16,,538091,38,,,1,56,,538092,38,0,29,1,14,,538154,38,,,1,17,,538126,38,0,29,1,58,,538093,38,,,1,16,,538149,38,0,29,1,14,,538094,38,,,1,17,,538129,38,0,29,1,51,,538095,38,,,1,16,,538096,38,0,29,1,16,,538127,38,,,1,13,,538097,38,0,29,1,56,,538098,38,,,1,15,,538151,38,0,29,1,15,,538150,38,,,1,14,,538099,38,0,29,1,56,,538100,38,,,1,15,,538101,38,0,29,1,15,,538142,38,,,1,15,,538102,38,0,29,1,55,,538134,38,,,1,15,,538152,38,0,29,1,15,,538103,38,,,1,15,,538104,38,0,29,1,55,,538105,38,,,1,15,,538148,38,0,29,1,15,,538106,38,,,1,15,,538147,38,0,29,1,53,,538133,38,,,1,14,,538107,38,0,29,1,20,,538108,38,,,1,15,,538109,38,0,29,1,53,,538110,38,,,1,15,,538111,38,,,1,15,,538112,38,,,1,17,,538145,38,,,1,54,,538113,38,,,1,16,,538114,38,,,1,15,,538115,38,,,1,15,,538116,38,,,1,54,,538117,38,,,1,15,,538140,38,,,1,15,,538118,38,,,1,16,,538146,38,,,1,54,,538119,38,,,1,17,,538120,38,,,1,28,,538121,38,,,1,65,,538141,38,,,1,30,,538137,38,,,1,69,,538122,38,,,1,30,,538131,38,,,1,70,,538138,38,,,1,31,,538123,38,,,1,70,,538130,38,,,1,30,,538124,38,,,1,69,,538143,38,,,1,26,,538132,38,0,29,1,70,,538125,38,0,29,1,30,,538144,38,0,29,1
4200,'CanDay26-Sunday-12-1',725,,543122,33,,,1,99,,543123,33,,,1,100,,543124,33,,,1,30,,543125,33,,,1,70,,543126,33,,,1,30,,543127,33,,,1,70,,543128,33,,,1,30,,543129,33,,,1,70,,543130,33,,,1,30,,543131,33,,,1,70,,543132,33,,,1,30,,543133,33,,,1,70,,543134,33,,,1,30,,543135,33,,,1,70,,543136,33,,,1,30,,543137,33,,,1,70,,543138,33,,,1,30,,543139,33,,,1,70,,543140,33,,,1,100,,543141,33,,,1
4200,'CivHol26-Saturday-07-1',559,,543142,33,,,1,100,,543143,33,,,1,141,,543144,33,,,1,30,,543145,33,,,1,70,,543146,33,,,1,30,,543147,33,,,1,70,,543148,33,,,1,30,,543149,33,,,1,70,,543150,33,,,1,30,,543151,33,,,1,70,,543152,33,,,1,30,,543153,33,,,1,70,,543154,33,,,1,30,,543155,33,,,1,70,,543156,33,,,1,30,,543157,33,,,1,70,,543158,33,,,1,30,,543159,33,,,1,70,,543160,33,,,1,30,,543161,33,,,1,70,,543162,33,,,1,30,,543163,33,,,1,70,,543164,33,,,1,30,,543165,33,,,1,70,,543166,33,,,1
4200,'JUNDA26-Weekday-06-1',540,,543167,33,,,1,103,,543182,33,,,1,66,,543168,33,,,1,35,,543169,33,,,1,71,,543196,33,,,1,32,,543170,33,,,1,69,,543171,33,,,1,25,,543172,33,,,1,70,,543186,33,,,1,30,,543173,33,,,1,70,,543187,33,,,1,30,,543174,33,,,1,70,,543188,33,,,1,33,,543175,33,,,1,70,,543179,33,,,1,30,,543194,33,,,1,70,,543180,33,,,1,29,,543192,33,,,1,70,,543181,33,,,1,34,,543193,33,,,1,71,,543197,33,,,1,32,,543195,33,,,1,69,,543190,33,,,1,30,,543189,33,,,1,78,,543184,33,,,1,30,,543178,33,,,1,69,,543183,33,,,1,30,,543177,33,,,1,70,,543185,33,,,1,28,,543176,33,,,1,70,,543191,33,,,1
4200,'JUNSA26-Saturday-07-1',559,,543198,33,,,1,100,,543199,33,,,1,141,,543200,33,,,1,30,,543201,33,,,1,70,,543202,33,,,1,30,,543203,33,,,1,70,,543204,33,,,1,100,,543205,33,,,1,30,,543206,33,,,1,70,,543207,33,,,1,30,,543208,33,,,1,27,,543209,33,,,1,73,,543210,33,,,1,70,,543211,33,,,1,30,,543212,33,,,1,70,,543213,33,,,1,30,,543214,33,,,1,70,,543215,33,,,1,30,,543216,33,,,1,70,,543217,33,,,1,27,,543218,33,,,1,103,,543219,33,,,1,70,,543220,33,,,1
4200,'JUNSU26-Sunday-05-1',725,,543221,33,,,1,99,,543222,33,,,1,100,,543223,33,,,1,30,,543224,33,,,1,70,,543225,33,,,1,30,,543226,33,,,1,100,,543227,33,,,1,70,,543228,33,,,1,30,,543229,33,,,1,100,,543230,33,,,1,70,,543231,33,,,1,30,,543232,33,,,1,100,,543233,33,,,1,70,,543234,33,,,1,100,,543235,33,,,1,100,,543236,33,,,1
4200,'RBJul03-Weekday-01-1',540,,543237,33,,,1,103,,543252,33,,,1,66,,543238,33,,,1,35,,543239,33,,,1,71,,543266,33,,,1,32,,543240,33,,,1,69,,543241,33,,,1,25,,543242,33,,,1,70,,543256,33,,,1,30,,543243,33,,,1,70,,543257,33,,,1,30,,543244,33,,,1,70,,543258,33,,,1,33,,543245,33,,,1,70,,543249,33,,,1,30,,543264,33,,,1,70,,543250,33,,,1,29,,543262,33,,,1,70,,543251,33,,,1,34,,543263,33,,,1,71,,543267,33,,,1,32,,543265,33,,,1,69,,543260,33,,,1,30,,543259,33,,,1,78,,543254,33,,,1,30,,543248,33,,,1,69,,543253,33,,,1,30,,543247,33,,,1,70,,543255,33,,,1,28,,543246,33,,,1,70,,543261,33,,,1
