4700,'1-1',556,,590959,18,,,1,71,,590955,18,,,1,31,,590958,18,,,1,70,,590961,18,,,1,19,,590957,18,,,1,70,,590954,18,,,1,31,,590960,18,,,1,1655,,590956,18,,,1
4700,'10-1',556,,590963,18,,,1,71,,590968,18,,,1,31,,590967,18,,,1,70,,590966,18,,,1,19,,590969,18,,,1,70,,590965,18,,,1,31,,590962,18,,,1,1655,,590964,18,,,1
4700,'11-1',556,,590971,18,,,1,71,,590976,18,,,1,31,,590975,18,,,1,70,,590974,18,,,1,19,,590977,18,,,1,70,,590973,18,,,1,31,,590970,18,,,1,1655,,590972,18,,,1
4700,'2-1',556,,590979,18,,,1,71,,590984,18,,,1,31,,590983,18,,,1,70,,590982,18,,,1,19,,590985,18,,,1,70,,590981,18,,,1,31,,590978,18,,,1,1655,,590980,18,,,1
4700,'3-1',2504,,590986,18,,,1
4700,'4-1',2504,,590987,18,,,1
4700,'5-1',2504,,590988,18,,,1
4700,'6-1',556,,590990,18,,,1,71,,590995,18,,,1,31,,590994,18,,,1,70,,590993,18,,,1,19,,590996,18,,,1,70,,590992,18,,,1,31,,590989,18,,,1,1655,,590991,18,,,1
4700,'7-1',2504,,590997,18,,,1
4700,'8-1',556,,590999,18,,,1,71,,591004,18,,,1,31,,591003,18,,,1,70,,591002,18,,,1,19,,591005,18,,,1,70,,591001,18,,,1,31,,590998,18,,,1,1655,,591000,18,,,1
4700,'9-1',2504,,591006,18,,,1
