6300,'1-1',623,,598656,38,,,1,22,,598632,37,,,1,56,,598628,37,,,1,17,,598650,37,,,1,15,,598636,37,,,1,17,,598642,37,,,1,55,,598649,37,,,1,14,,598630,37,,,1,15,,598613,37,,,1,71,,598617,37,,,1,30,,598621,37,,,1,68,,598640,37,,,1,28,,598611,37,,,1,70,,598653,37,,,1,31,,598616,37,,,1,70,,598624,37,,,1,31,,598615,37,,,1,26,,598637,37,,,1,70,,598631,37,,,1,73,,598622,37,,,1,29,,598652,37,,,1,28,,598655,31,,,1,71,,598644,31,,,1,15,,598635,31,,,1,55,,598626,31,,,1,13,,598618,31,,,1,17,,598646,31,,,1,17,,598654,31,,,1,55,,598614,31,,,1,14,,598625,31,,,1,15,,598620,31,,,1,70,,598629,31,,,1,16,,598638,31,,,1,13,,598643,31,,,1,15,,598633,31,,,1,69,,598639,31,,,1,33,,598634,37,,,1,70,,598619,37,,,1,30,,598627,37,,,1,70,,598647,37,,,1,30,,598645,37,,,1,69,,598651,37,,,1,28,,598610,37,,,1,79,,598641,38,,,1,30,,598623,38,,,1,70,,598612,38,,,1
6300,'10-1',623,,598681,38,,,1,22,,598688,37,,,1,56,,598703,37,,,1,17,,598663,37,,,1,15,,598700,37,,,1,17,,598676,37,,,1,55,,598666,37,,,1,14,,598694,37,,,1,15,,598678,37,,,1,71,,598697,37,,,1,30,,598680,37,,,1,68,,598699,37,,,1,28,,598698,37,,,1,70,,598689,37,,,1,31,,598661,37,,,1,70,,598687,37,,,1,31,,598660,37,,,1,26,,598659,37,,,1,70,,598696,37,,,1,73,,598690,37,,,1,29,,598667,37,,,1,28,,598679,31,,,1,71,,598684,31,,,1,15,,598664,31,,,1,55,,598674,31,,,1,13,,598701,31,,,1,17,,598677,31,,,1,17,,598685,31,,,1,55,,598669,31,,,1,14,,598657,31,,,1,15,,598670,31,,,1,70,,598658,31,,,1,16,,598683,31,,,1,13,,598673,31,,,1,15,,598671,31,,,1,69,,598691,31,,,1,33,,598675,37,,,1,70,,598662,37,,,1,30,,598702,37,,,1,70,,598693,37,,,1,30,,598692,37,,,1,69,,598695,37,,,1,28,,598686,37,,,1,79,,598668,38,,,1,30,,598665,38,,,1,70,,598672,38,,,1
6300,'11-1',623,,598728,38,,,1,22,,598735,37,,,1,56,,598750,37,,,1,17,,598710,37,,,1,15,,598747,37,,,1,17,,598723,37,,,1,55,,598713,37,,,1,14,,598741,37,,,1,15,,598725,37,,,1,71,,598744,37,,,1,30,,598727,37,,,1,68,,598746,37,,,1,28,,598745,37,,,1,70,,598736,37,,,1,31,,598708,37,,,1,70,,598734,37,,,1,31,,598707,37,,,1,26,,598706,37,,,1,70,,598743,37,,,1,73,,598737,37,,,1,29,,598714,37,,,1,28,,598726,31,,,1,71,,598731,31,,,1,15,,598711,31,,,1,55,,598721,31,,,1,13,,598748,31,,,1,17,,598724,31,,,1,17,,598732,31,,,1,55,,598716,31,,,1,14,,598704,31,,,1,15,,598717,31,,,1,70,,598705,31,,,1,16,,598730,31,,,1,13,,598720,31,,,1,15,,598718,31,,,1,69,,598738,31,,,1,33,,598722,37,,,1,70,,598709,37,,,1,30,,598749,37,,,1,70,,598740,37,,,1,30,,598739,37,,,1,69,,598742,37,,,1,28,,598733,37,,,1,79,,598715,38,,,1,30,,598712,38,,,1,70,,598719,38,,,1
6300,'2-1',623,,598775,38,,,1,22,,598782,37,,,1,56,,598797,37,,,1,17,,598757,37,,,1,15,,598794,37,,,1,17,,598770,37,,,1,55,,598760,37,,,1,14,,598788,37,,,1,15,,598772,37,,,1,71,,598791,37,,,1,30,,598774,37,,,1,68,,598793,37,,,1,28,,598792,37,,,1,70,,598783,37,,,1,31,,598755,37,,,1,70,,598781,37,,,1,31,,598754,37,,,1,26,,598753,37,,,1,70,,598790,37,,,1,73,,598784,37,,,1,29,,598761,37,,,1,28,,598773,31,,,1,71,,598778,31,,,1,15,,598758,31,,,1,55,,598768,31,,,1,13,,598795,31,,,1,17,,598771,31,,,1,17,,598779,31,,,1,55,,598763,31,,,1,14,,598751,31,,,1,15,,598764,31,,,1,70,,598752,31,,,1,16,,598777,31,,,1,13,,598767,31,,,1,15,,598765,31,,,1,69,,598785,31,,,1,33,,598769,37,,,1,70,,598756,37,,,1,30,,598796,37,,,1,70,,598787,37,,,1,30,,598786,37,,,1,69,,598789,37,,,1,28,,598780,37,,,1,79,,598762,38,,,1,30,,598759,38,,,1,70,,598766,38,,,1
6300,'3-1',810,,598817,38,,,1,104,,598813,38,,,1,100,,598809,38,,,1,102,,598802,38,,,1,100,,598821,38,,,1,30,,598800,38,,,1,70,,598803,38,,,1,30,,598807,38,,,1,70,,598818,38,,,1,30,,598812,38,,,1,70,,598820,38,,,1,30,,598814,38,,,1,70,,598804,38,,,1,30,,598811,38,,,1,70,,598810,38,,,1,30,,598801,38,,,1,200,,598798,38,,,1,70,,598806,38,,,1,30,,598815,38,,,1,69,,598805,38,,,1,100,,598819,38,,,1,30,,598816,38,,,1,68,,598808,38,,,1,100,,598799,38,,,1
6300,'4-1',810,,598851,38,,,1,104,,598829,38,,,1,100,,598828,38,,,1,102,,598840,38,,,1,30,,598841,38,,,1,70,,598846,38,,,1,30,,598837,38,,,1,70,,598843,38,,,1,30,,598832,38,,,1,70,,598850,38,,,1,30,,598824,38,,,1,70,,598831,38,,,1,30,,598853,38,,,1,70,,598845,38,,,1,30,,598844,38,,,1,70,,598833,38,,,1,30,,598835,38,,,1,70,,598838,38,,,1,30,,598822,38,,,1,70,,598830,38,,,1,30,,598839,38,,,1,70,,598852,38,,,1,30,,598836,38,,,1,69,,598834,38,,,1,30,,598848,38,,,1,70,,598842,39,0,149,0,30,,598849,38,,,1,67,,598825,39,,,1,31,,598847,38,,,1,69,,598823,39,,,1,31,,598827,38,0,149,0,70,,598826,38,,,1
6300,'5-1',723,,598876,38,,,1,30,,598872,38,,,1,70,,598870,38,,,1,31,,598883,38,,,1,70,,598875,38,,,1,30,,598855,38,,,1,70,,598856,38,,,1,32,,598860,38,,,1,70,,598880,38,,,1,30,,598871,38,,,1,70,,598884,38,,,1,100,,598879,38,,,1,30,,598857,38,,,1,70,,598862,38,,,1,30,,598881,38,,,1,70,,598859,38,,,1,30,,598868,38,,,1,70,,598866,38,,,1,30,,598874,38,,,1,70,,598878,38,,,1,30,,598885,38,,,1,70,,598854,38,,,1,30,,598873,38,,,1,70,,598877,38,,,1,30,,598869,38,,,1,70,,598861,38,,,1,29,,598858,38,,,1,70,,598864,38,,,1,100,,598865,38,,,1,28,,598867,38,,,1,70,,598882,38,,,1,30,,598863,38,,,1
6300,'6-1',623,,598910,38,,,1,22,,598917,37,,,1,56,,598932,37,,,1,17,,598892,37,,,1,15,,598929,37,,,1,17,,598905,37,,,1,55,,598895,37,,,1,14,,598923,37,,,1,15,,598907,37,,,1,71,,598926,37,,,1,30,,598909,37,,,1,68,,598928,37,,,1,28,,598927,37,,,1,70,,598918,37,,,1,31,,598890,37,,,1,70,,598916,37,,,1,31,,598889,37,,,1,26,,598888,37,,,1,70,,598925,37,,,1,73,,598919,37,,,1,29,,598896,37,,,1,28,,598908,31,,,1,71,,598913,31,,,1,15,,598893,31,,,1,55,,598903,31,,,1,13,,598930,31,,,1,17,,598906,31,,,1,17,,598914,31,,,1,55,,598898,31,,,1,14,,598886,31,,,1,15,,598899,31,,,1,70,,598887,31,,,1,16,,598912,31,,,1,13,,598902,31,,,1,15,,598900,31,,,1,69,,598920,31,,,1,33,,598904,37,,,1,70,,598891,37,,,1,30,,598931,37,,,1,70,,598922,37,,,1,30,,598921,37,,,1,69,,598924,37,,,1,28,,598915,37,,,1,79,,598897,38,,,1,30,,598894,38,,,1,70,,598901,38,,,1
6300,'7-1',810,,598952,38,,,1,104,,598948,38,,,1,100,,598944,38,,,1,102,,598937,38,,,1,100,,598956,38,,,1,30,,598935,38,,,1,70,,598938,38,,,1,30,,598942,38,,,1,70,,598953,38,,,1,30,,598947,38,,,1,70,,598955,38,,,1,30,,598949,38,,,1,70,,598939,38,,,1,30,,598946,38,,,1,70,,598945,38,,,1,30,,598936,38,,,1,200,,598933,38,,,1,70,,598941,38,,,1,30,,598950,38,,,1,69,,598940,38,,,1,100,,598954,38,,,1,30,,598951,38,,,1,68,,598943,38,,,1,100,,598934,38,,,1
6300,'8-1',623,,598981,38,,,1,22,,598988,37,,,1,56,,599003,37,,,1,17,,598963,37,,,1,15,,599000,37,,,1,17,,598976,37,,,1,55,,598966,37,,,1,14,,598994,37,,,1,15,,598978,37,,,1,71,,598997,37,,,1,30,,598980,37,,,1,68,,598999,37,,,1,28,,598998,37,,,1,70,,598989,37,,,1,31,,598961,37,,,1,70,,598987,37,,,1,31,,598960,37,,,1,26,,598959,37,,,1,70,,598996,37,,,1,73,,598990,37,,,1,29,,598967,37,,,1,28,,598979,31,,,1,71,,598984,31,,,1,15,,598964,31,,,1,55,,598974,31,,,1,13,,599001,31,,,1,17,,598977,31,,,1,17,,598985,31,,,1,55,,598969,31,,,1,14,,598957,31,,,1,15,,598970,31,,,1,70,,598958,31,,,1,16,,598983,31,,,1,13,,598973,31,,,1,15,,598971,31,,,1,69,,598991,31,,,1,33,,598975,37,,,1,70,,598962,37,,,1,30,,599002,37,,,1,70,,598993,37,,,1,30,,598992,37,,,1,69,,598995,37,,,1,28,,598986,37,,,1,79,,598968,38,,,1,30,,598965,38,,,1,70,,598972,38,,,1
6300,'9-1',723,,599031,38,,,1,30,,599030,38,,,1,70,,599005,38,,,1,31,,599006,38,,,1,70,,599008,38,,,1,30,,599016,38,,,1,70,,599015,38,,,1,32,,599012,38,,,1,70,,599026,38,,,1,30,,599032,38,,,1,70,,599011,38,,,1,30,,599017,38,,,1,70,,599019,38,,,1,30,,599018,38,,,1,70,,599023,38,,,1,30,,599010,38,,,1,70,,599004,38,,,1,30,,599028,38,,,1,70,,599013,38,,,1,30,,599007,38,,,1,70,,599024,38,,,1,30,,599029,38,,,1,70,,599035,38,,,1,30,,599021,38,,,1,70,,599025,38,,,1,30,,599037,38,,,1,70,,599027,38,,,1,29,,599014,38,,,1,70,,599036,38,,,1,30,,599034,38,,,1,70,,599009,38,,,1,28,,599020,38,,,1,70,,599033,38,,,1,30,,599022,38,,,1
