4100,'CanDay26-Sunday-12-1',713,,542588,24,,,1,100,,542589,24,,,1,100,,542590,24,,,1,30,,542591,24,,,1,70,,542592,24,,,1,31,,542593,24,,,1,70,,542594,24,,,1,30,,542595,24,,,1,70,,542596,24,,,1,30,,542597,24,,,1,70,,542598,24,,,1,30,,542599,24,,,1,70,,542600,24,,,1,30,,542601,24,,,1,70,,542602,24,,,1,30,,542603,24,,,1,70,,542604,24,,,1,30,,542605,24,,,1,70,,542606,24,,,1,30,,542607,24,,,1,70,,542608,24,,,1,30,,542609,24,,,1,70,,542610,24,,,1,30,,542611,24,,,1,70,,542612,24,,,1,29,,542613,24,,,1,70,,542614,24,,,1,100,,542615,24,,,1,99,,542616,24,,,1,100,,542617,24,,,1,100,,542618,24,,,1
4100,'CivHol26-Saturday-07-1',609,,542619,24,,,1,30,,542620,24,,,1,70,,542621,24,,,1,30,,542622,24,,,1,70,,542623,24,,,1,30,,542624,24,,,1,70,,542625,24,,,1,30,,542626,24,,,1,70,,542627,24,,,1,32,,542628,24,,,1,70,,542629,24,,,1,30,,542630,24,,,1,70,,542631,24,,,1,30,,542632,24,,,1,70,,542633,24,,,1,30,,542634,24,,,1,70,,542635,24,,,1,30,,542636,24,,,1,70,,542637,24,,,1,30,,542638,24,,,1,70,,542639,24,,,1,30,,542640,24,,,1,70,,542641,24,,,1,30,,542642,24,,,1,70,,542643,24,,,1,29,,542644,24,,,1,70,,542645,24,,,1,30,,542646,24,,,1,70,,542647,24,,,1,30,,542648,24,,,1,70,,542649,24,,,1,30,,542650,24,,,1,69,,542651,24,,,1,29,,542652,24,,,1,70,,542653,24,,,1,30,,542654,24,,,1,70,,542655,24,,,1,30,,542656,24,,,1,74,,542657,24,,,1
4100,'JUNDA26-Weekday-06-1',454,,542709,24,,,1,70,,542708,24,,,1,30,,542679,24,,,1,55,,542674,24,,,1,16,,542658,24,,,1,15,,542681,24,,,1,16,,542706,24,,,1,55,,542715,24,,,1,15,,542721,24,,,1,13,,542659,24,,,1,15,,542713,24,,,1,58,,542683,24,,,1,15,,542705,24,,,1,15,,542716,24,,,1,15,,542722,24,,,1,55,,542660,24,,,1,15,,542714,24,,,1,14,,542693,24,,,1,15,,542697,24,,,1,55,,542682,24,,,1,15,,542661,24,,,1,15,,542662,24,,,1,15,,542671,24,,,1,55,,542691,24,,,1,15,,542701,24,,,1,15,,542696,24,,,1,15,,542699,24,,,1,55,,542663,24,,,1,15,,542669,24,,,1,15,,542690,24,,,1,16,,542664,24,,,1,55,,542695,24,,,1,15,,542698,24,,,1,15,,542665,24,,,1,15,,542670,24,,,1,55,,542680,24,,,1,15,,542666,24,,,1,15,,542692,24,,,1,59,,542694,24,,,1,15,,542700,24,,,1,14,,542677,24,,,1,16,,542703,24,,,1,55,,542720,24,,,1,15,,542684,24,,,1,15,,542667,24,,,1,15,,542672,24,,,1,55,,542688,24,,,1,15,,542678,24,,,1,13,,542702,24,,,1,15,,542719,24,,,1,15,,542712,24,,,1,55,,542668,24,,,1,15,,542673,24,,,1,29,,542675,24,,,1,68,,542711,24,,,1,27,,542710,24,,,1,70,,542676,24,,,1,30,,542704,24,,,1,70,,542686,24,,,1,33,,542689,24,,,1,69,,542687,24,,,1,30,,542707,24,,,1,70,,542718,24,,,1,30,,542685,24,,,1,85,,542717,24,,,1
4100,'JUNSA26-Saturday-07-1',609,,542723,24,,,1,30,,542724,24,,,1,70,,542725,24,,,1,30,,542726,24,,,1,70,,542727,24,,,1,30,,542728,24,,,1,70,,542729,24,,,1,30,,542730,24,,,1,70,,542731,24,,,1,32,,542732,24,,,1,70,,542733,24,,,1,30,,542734,24,,,1,70,,542735,24,,,1,100,,542736,24,,,1,30,,542737,24,,,1,100,,542738,24,,,1,70,,542739,24,,,1,100,,542740,24,,,1,100,,542741,24,,,1,30,,542742,24,,,1,70,,542743,24,,,1,29,,542744,24,,,1,70,,542745,24,,,1,30,,542746,24,,,1,70,,542747,24,,,1,100,,542748,24,,,1,30,,542749,24,,,1,98,,542750,24,,,1,70,,542751,24,,,1,30,,542752,24,,,1,70,,542753,24,,,1,30,,542754,24,,,1,74,,542755,24,,,1
4100,'JUNSU26-Sunday-05-1',713,,542756,24,,,1,100,,542757,24,,,1,100,,542758,24,,,1,30,,542759,24,,,1,71,,542760,24,,,1,31,,542761,24,,,1,70,,542762,24,,,1,30,,542763,24,,,1,101,,542764,24,,,1,70,,542765,24,,,1,100,,542766,24,,,1,30,,542767,24,,,1,100,,542768,24,,,1,70,,542769,24,,,1,30,,542770,24,,,1,70,,542771,24,,,1,30,,542772,24,,,1,70,,542773,24,,,1,28,,542774,24,,,1,70,,542775,24,,,1,30,,542776,24,,,1,70,,542777,24,,,1,29,,542778,24,,,1,70,,542779,24,,,1,100,,542780,24,,,1,99,,542781,24,,,1,100,,542782,24,,,1
4100,'RBJul03-Weekday-01-1',454,,542834,24,,,1,70,,542833,24,,,1,30,,542804,24,,,1,55,,542799,24,,,1,16,,542783,24,,,1,15,,542806,24,,,1,16,,542831,24,,,1,55,,542840,24,,,1,15,,542846,24,,,1,13,,542784,24,,,1,15,,542838,24,,,1,58,,542808,24,,,1,15,,542830,24,,,1,15,,542841,24,,,1,15,,542847,24,,,1,55,,542785,24,,,1,15,,542839,24,,,1,14,,542818,24,,,1,15,,542822,24,,,1,55,,542807,24,,,1,15,,542786,24,,,1,15,,542787,24,,,1,15,,542796,24,,,1,55,,542816,24,,,1,15,,542826,24,,,1,15,,542821,24,,,1,15,,542824,24,,,1,55,,542788,24,,,1,15,,542794,24,,,1,15,,542815,24,,,1,16,,542789,24,,,1,55,,542820,24,,,1,15,,542823,24,,,1,15,,542790,24,,,1,15,,542795,24,,,1,55,,542805,24,,,1,15,,542791,24,,,1,15,,542817,24,,,1,59,,542819,24,,,1,15,,542825,24,,,1,14,,542802,24,,,1,16,,542828,24,,,1,55,,542845,24,,,1,15,,542809,24,,,1,15,,542792,24,,,1,15,,542797,24,,,1,55,,542813,24,,,1,15,,542803,24,,,1,13,,542827,24,,,1,15,,542844,24,,,1,15,,542837,24,,,1,55,,542793,24,,,1,15,,542798,24,,,1,29,,542800,24,,,1,68,,542836,24,,,1,27,,542835,24,,,1,70,,542801,24,,,1,30,,542829,24,,,1,70,,542811,24,,,1,33,,542814,24,,,1,69,,542812,24,,,1,30,,542832,24,,,1,70,,542843,24,,,1,30,,542810,24,,,1,85,,542842,24,,,1
4800,'CanDay26-Sunday-12-1',704,,544751,22,,,1,100,,544752,22,,,1,30,,544729,35,,,1,100,,544730,35,,,1,70,,544731,35,,,1,31,,544732,35,,,1,70,,544733,35,,,1,30,,544734,35,,,1,70,,544735,35,,,1,32,,544736,35,,,1,70,,544737,35,,,1,30,,544738,35,,,1,70,,544739,35,,,1,30,,544740,35,,,1,70,,544741,35,,,1,30,,544742,35,,,1,70,,544743,35,,,1,30,,544744,35,,,1,70,,544745,35,,,1,30,,544746,35,,,1,70,,544747,35,,,1,30,,544748,35,,,1,70,,544749,35,,,1,30,,544750,35,,,1,70,,544753,22,,,1,29,,544754,22,,,1,70,,544755,22,,,1,100,,544756,22,,,1,100,,544757,22,,,1,100,,544758,22,,,1,100,,544759,22,,,1
4800,'CivHol26-Saturday-07-1',558,,544790,22,,,1,100,,544791,22,,,1,100,,544760,35,,,1,70,,544761,35,,,1,30,,544762,35,,,1,70,,544763,35,,,1,30,,544764,35,,,1,71,,544765,35,,,1,30,,544766,35,,,1,70,,544767,35,,,1,30,,544768,35,,,1,72,,544769,35,,,1,70,,544770,35,,,1,30,,544771,35,,,1,70,,544772,35,,,1,30,,544773,35,,,1,70,,544774,35,,,1,30,,544775,35,,,1,70,,544776,35,,,1,30,,544777,35,,,1,70,,544778,35,,,1,30,,544779,35,,,1,70,,544780,35,,,1,30,,544781,35,,,1,70,,544782,35,,,1,30,,544783,35,,,1,70,,544784,35,,,1,28,,544785,35,,,1,30,,544786,35,,,1,70,,544787,35,,,1,30,,544788,35,,,1,70,,544789,35,,,1,30,,544792,22,,,1,100,,544793,22,,,1,150,,544794,22,,,1
4800,'JUNDA26-Weekday-06-1',456,,544818,22,,,1,96,,544827,22,,,1,60,,544819,22,,,1,10,,544795,35,,,1,15,,544796,35,,,1,17,,544797,35,,,1,55,,544798,35,,,1,15,,544829,35,,,1,14,,544828,35,,,1,20,,544837,35,,,1,53,,544799,35,,,1,18,,544843,35,,,1,16,,544800,35,,,1,14,,544801,35,,,1,53,,544802,35,,,1,14,,544820,35,,,1,29,,544836,35,,,1,70,,544841,35,,,1,30,,544803,35,,,1,70,,544804,35,,,1,31,,544805,35,,,1,70,,544830,35,,,1,29,,544806,35,,,1,70,,544807,35,,,1,30,,544835,35,,,1,71,,544833,35,,,1,75,,544808,35,,,1,30,,544809,35,,,1,15,,544832,35,,,1,56,,544834,35,,,1,16,,544810,35,,,1,14,,544822,35,,,1,16,,544811,35,,,1,54,,544825,35,,,1,17,,544812,35,,,1,12,,544824,35,,,1,14,,544838,35,,,1,55,,544813,35,,,1,15,,544814,35,,,1,14,,544815,35,,,1,27,,544816,35,,,1,69,,544823,35,,,1,30,,544839,35,,,1,70,,544842,35,,,1,30,,544817,35,,,1,68,,544821,35,,,1,30,,544840,35,,,1,104,,544826,22,,,1,100,,544831,22,,,1
4800,'JUNSA26-Saturday-07-1',558,,544868,22,,,1,100,,544869,22,,,1,100,,544844,35,,,1,70,,544845,35,,,1,130,,544846,35,,,1,71,,544847,35,,,1,30,,544848,35,,,1,70,,544849,35,,,1,102,,544850,35,,,1,70,,544851,35,,,1,30,,544852,35,,,1,100,,544853,35,,,1,70,,544854,35,,,1,30,,544855,35,,,1,70,,544856,35,,,1,30,,544857,35,,,1,70,,544858,35,,,1,30,,544859,35,,,1,70,,544860,35,,,1,30,,544861,35,,,1,70,,544862,35,,,1,30,,544863,35,,,1,98,,544864,35,,,1,30,,544865,35,,,1,70,,544866,35,,,1,100,,544867,35,,,1,30,,544870,22,,,1,100,,544871,22,,,1,150,,544872,22,,,1
4800,'JUNSU26-Sunday-05-1',704,,544891,22,,,1,100,,544892,22,,,1,30,,544873,35,,,1,100,,544874,35,,,1,70,,544875,35,,,1,31,,544876,35,,,1,70,,544877,35,,,1,30,,544878,35,,,1,70,,544879,35,,,1,32,,544880,35,,,1,70,,544881,35,,,1,30,,544882,35,,,1,70,,544883,35,,,1,100,,544884,35,,,1,30,,544885,35,,,1,100,,544886,35,,,1,70,,544887,35,,,1,100,,544888,35,,,1,30,,544889,35,,,1,70,,544890,35,,,1,100,,544893,22,,,1,29,,544894,22,,,1,70,,544895,22,,,1,100,,544896,22,,,1,100,,544897,22,,,1,100,,544898,22,,,1
4800,'RBJul03-Weekday-01-1',456,,544922,22,,,1,96,,544931,22,,,1,60,,544923,22,,,1,10,,544899,35,,,1,15,,544900,35,,,1,17,,544901,35,,,1,55,,544902,35,,,1,15,,544933,35,,,1,14,,544932,35,,,1,20,,544941,35,,,1,53,,544903,35,,,1,18,,544947,35,,,1,16,,544904,35,,,1,14,,544905,35,,,1,53,,544906,35,,,1,14,,544924,35,,,1,29,,544940,35,,,1,70,,544945,35,,,1,30,,544907,35,,,1,70,,544908,35,,,1,31,,544909,35,,,1,70,,544934,35,,,1,29,,544910,35,,,1,70,,544911,35,,,1,30,,544939,35,,,1,71,,544937,35,,,1,75,,544912,35,,,1,30,,544913,35,,,1,15,,544936,35,,,1,56,,544938,35,,,1,16,,544914,35,,,1,14,,544926,35,,,1,16,,544915,35,,,1,54,,544929,35,,,1,17,,544916,35,,,1,12,,544928,35,,,1,14,,544942,35,,,1,55,,544917,35,,,1,15,,544918,35,,,1,14,,544919,35,,,1,27,,544920,35,,,1,69,,544927,35,,,1,30,,544943,35,,,1,70,,544946,35,,,1,30,,544921,35,,,1,68,,544925,35,,,1,30,,544944,35,,,1,104,,544930,22,,,1,100,,544935,22,,,1
