3601,'1-1',651,,493132,24,,,1,70,,493138,24,,,1,32,,493126,24,,,1,70,,493121,24,,,1,28,,493144,24,,,1,69,,493125,24,,,1,30,,493137,24,,,1,70,,493120,24,,,1,30,,493128,24,,,1,70,,493124,24,,,1,30,,493119,24,,,1,70,,493134,24,,,1,31,,493139,24,,,1,70,,493147,24,,,1,30,,493129,24,,,1,70,,493131,24,,,1,30,,493140,24,,,1,70,,493135,24,,,1,32,,493127,24,,,1,70,,493117,24,,,1,30,,493142,24,,,1,68,,493136,24,,,1,30,,493123,24,,,1,70,,493116,24,,,1,30,,493122,24,,,1,69,,493115,24,,,1,30,,493118,24,,,1,70,,493146,24,,,1,30,,493141,24,,,1,70,,493143,24,,,1,30,,493130,24,,,1,99,,493133,24,,,1,100,,493145,24,,,1
3601,'2-1',821,,493172,24,,,1,100,,493162,24,,,1,100,,493174,24,,,1,30,,493148,24,,,1,70,,493168,24,,,1,32,,493164,24,,,1,70,,493158,24,,,1,30,,493153,24,,,1,70,,493151,24,,,1,30,,493173,24,,,1,70,,493160,24,,,1,30,,493170,24,,,1,70,,493149,24,,,1,30,,493156,24,,,1,70,,493159,24,,,1,30,,493154,24,,,1,70,,493150,24,,,1,30,,493166,24,,,1,70,,493155,24,,,1,30,,493169,24,,,1,68,,493171,24,,,1,30,,493165,24,,,1,100,,493167,24,,,1,100,,493163,24,,,1,100,,493152,24,,,1,100,,493161,24,,,1,100,,493157,24,,,1
3601,'3-1',646,,493201,24,,,1,100,,493177,24,,,1,70,,493202,24,,,1,30,,493204,24,,,1,70,,493178,24,,,1,30,,493200,24,,,1,70,,493188,24,,,1,30,,493184,24,,,1,70,,493181,24,,,1,32,,493189,24,,,1,70,,493190,24,,,1,30,,493203,24,,,1,70,,493196,24,,,1,30,,493176,24,,,1,70,,493197,24,,,1,30,,493191,24,,,1,70,,493205,24,,,1,30,,493186,24,,,1,70,,493182,24,,,1,30,,493175,24,,,1,70,,493192,24,,,1,30,,493195,24,,,1,70,,493198,24,,,1,30,,493193,24,,,1,68,,493194,24,,,1,30,,493180,24,,,1,70,,493179,24,,,1,30,,493183,24,,,1,70,,493187,24,,,1,100,,493199,24,,,1,100,,493185,24,,,1
3601,'4-1',646,,493206,24,,,1,100,,493221,24,,,1,70,,493208,24,,,1,30,,493224,24,,,1,70,,493212,24,,,1,30,,493214,24,,,1,100,,493209,24,,,1,102,,493226,24,,,1,70,,493219,24,,,1,30,,493210,24,,,1,70,,493218,24,,,1,30,,493216,24,,,1,100,,493207,24,,,1,100,,493227,24,,,1,100,,493220,24,,,1,100,,493223,24,,,1,70,,493215,24,,,1,98,,493222,24,,,1,100,,493225,24,,,1,100,,493211,24,,,1,100,,493217,24,,,1,100,,493213,24,,,1
3601,'5-1',651,,493245,24,,,1,70,,493251,24,,,1,32,,493239,24,,,1,70,,493234,24,,,1,28,,493257,24,,,1,69,,493238,24,,,1,30,,493250,24,,,1,70,,493233,24,,,1,30,,493241,24,,,1,70,,493237,24,,,1,30,,493232,24,,,1,70,,493247,24,,,1,31,,493252,24,,,1,70,,493260,24,,,1,30,,493242,24,,,1,70,,493244,24,,,1,30,,493253,24,,,1,70,,493248,24,,,1,32,,493240,24,,,1,70,,493230,24,,,1,30,,493255,24,,,1,68,,493249,24,,,1,30,,493236,24,,,1,70,,493229,24,,,1,30,,493235,24,,,1,69,,493228,24,,,1,30,,493231,24,,,1,70,,493259,24,,,1,30,,493254,24,,,1,70,,493256,24,,,1,30,,493243,24,,,1,99,,493246,24,,,1,100,,493258,24,,,1
3601,'6-1',821,,493275,24,,,1,100,,493277,24,,,1,100,,493279,24,,,1,30,,493280,24,,,1,70,,493269,24,,,1,102,,493262,24,,,1,100,,493268,24,,,1,30,,493267,24,,,1,70,,493274,24,,,1,30,,493263,24,,,1,70,,493271,24,,,1,30,,493261,24,,,1,70,,493276,24,,,1,30,,493264,24,,,1,70,,493270,24,,,1,30,,493281,24,,,1,70,,493272,24,,,1,30,,493278,24,,,1,68,,493266,24,,,1,30,,493273,24,,,1,100,,493265,24,,,1
3601,'7-1',651,,493299,24,,,1,70,,493305,24,,,1,32,,493293,24,,,1,70,,493288,24,,,1,28,,493311,24,,,1,69,,493292,24,,,1,30,,493304,24,,,1,70,,493287,24,,,1,30,,493295,24,,,1,70,,493291,24,,,1,30,,493286,24,,,1,70,,493301,24,,,1,31,,493306,24,,,1,70,,493314,24,,,1,30,,493296,24,,,1,70,,493298,24,,,1,30,,493307,24,,,1,70,,493302,24,,,1,32,,493294,24,,,1,70,,493284,24,,,1,30,,493309,24,,,1,68,,493303,24,,,1,30,,493290,24,,,1,70,,493283,24,,,1,30,,493289,24,,,1,69,,493282,24,,,1,30,,493285,24,,,1,70,,493313,24,,,1,30,,493308,24,,,1,70,,493310,24,,,1,30,,493297,24,,,1,99,,493300,24,,,1,100,,493312,24,,,1
3601,'8-1',651,,493332,24,,,1,70,,493338,24,,,1,32,,493326,24,,,1,70,,493321,24,,,1,28,,493344,24,,,1,69,,493325,24,,,1,30,,493337,24,,,1,70,,493320,24,,,1,30,,493328,24,,,1,70,,493324,24,,,1,30,,493319,24,,,1,70,,493334,24,,,1,31,,493339,24,,,1,70,,493347,24,,,1,30,,493329,24,,,1,70,,493331,24,,,1,30,,493340,24,,,1,70,,493335,24,,,1,32,,493327,24,,,1,70,,493317,24,,,1,30,,493342,24,,,1,68,,493336,24,,,1,30,,493323,24,,,1,70,,493316,24,,,1,30,,493322,24,,,1,69,,493315,24,,,1,30,,493318,24,,,1,70,,493346,24,,,1,30,,493341,24,,,1,70,,493343,24,,,1,30,,493330,24,,,1,99,,493333,24,,,1,100,,493345,24,,,1
3601,'9-1',651,,493365,24,,,1,70,,493371,24,,,1,32,,493359,24,,,1,70,,493354,24,,,1,28,,493377,24,,,1,69,,493358,24,,,1,30,,493370,24,,,1,70,,493353,24,,,1,30,,493361,24,,,1,70,,493357,24,,,1,30,,493352,24,,,1,70,,493367,24,,,1,31,,493372,24,,,1,70,,493380,24,,,1,30,,493362,24,,,1,70,,493364,24,,,1,30,,493373,24,,,1,70,,493368,24,,,1,32,,493360,24,,,1,70,,493350,24,,,1,30,,493375,24,,,1,68,,493369,24,,,1,30,,493356,24,,,1,70,,493349,24,,,1,30,,493355,24,,,1,69,,493348,24,,,1,30,,493351,24,,,1,70,,493379,24,,,1,30,,493374,24,,,1,70,,493376,24,,,1,30,,493363,24,,,1,99,,493366,24,,,1,100,,493378,24,,,1
23400,'1-1',550,,529590,19,,,1,72,,529587,19,,,1,29,,529586,19,,,1,71,,529591,19,,,1,28,,529589,19,,,1,75,,529588,19,,,1
23400,'5-1',550,,529596,19,,,1,72,,529593,19,,,1,29,,529592,19,,,1,71,,529597,19,,,1,28,,529595,19,,,1,75,,529594,19,,,1
23400,'7-1',550,,529602,19,,,1,72,,529599,19,,,1,29,,529598,19,,,1,71,,529603,19,,,1,28,,529601,19,,,1,75,,529600,19,,,1
23400,'8-1',550,,529608,19,,,1,72,,529605,19,,,1,29,,529604,19,,,1,71,,529609,19,,,1,28,,529607,19,,,1,75,,529606,19,,,1
23400,'9-1',550,,529614,19,,,1,72,,529611,19,,,1,29,,529610,19,,,1,71,,529615,19,,,1,28,,529613,19,,,1,75,,529612,19,,,1
