2401,'1-1',525,,577093,15,0,29,1,84,,577117,15,,,1,30,,577081,15,,,1,15,,577082,15,0,29,1,55,,577109,15,,,1,16,,577097,15,0,29,1,14,,577086,15,,,1,16,,577118,15,0,29,1,56,,577107,15,,,1,17,,577103,15,0,29,1,15,,577121,15,,,1,73,,577096,15,,,1,28,,577105,49,,,1,70,,577111,49,,,1,30,,577094,49,,,1,70,,577102,49,,,1,29,,577122,49,,,1,70,,577091,49,,,1,30,,577089,49,,,1,70,,577088,49,,,1,29,,577095,49,,,1,70,,577078,49,,,1,30,,577110,49,,,1,65,,577119,49,,,1,36,,577084,49,,,1,68,,577079,49,,,1,16,,577106,15,,,1,16,,577115,49,,,1,14,,577123,15,,,1,53,,577083,49,,,1,17,,577112,15,,,1,18,,577108,49,,,1,12,,577092,15,,,1,58,,577120,49,,,1,12,,577099,15,,,1,7,,577090,49,,,1,25,,577087,49,,,1,70,,577116,49,,,1,75,,577101,15,,,1,25,,577114,49,,,1,18,,577100,15,,,1,72,,577098,49,,,1,28,,577085,15,,,1,72,,577080,49,,,1,104,,577104,49,,,1
2401,'10-1',525,,577130,15,0,29,1,84,,577164,15,,,1,30,,577149,15,,,1,15,,577152,15,0,29,1,55,,577137,15,,,1,16,,577151,15,0,29,1,14,,577128,15,,,1,16,,577139,15,0,29,1,56,,577159,15,,,1,17,,577127,15,0,29,1,15,,577124,15,,,1,73,,577147,15,,,1,28,,577145,49,,,1,70,,577140,49,,,1,30,,577161,49,,,1,70,,577132,49,,,1,29,,577163,49,,,1,70,,577143,49,,,1,30,,577158,49,,,1,70,,577146,49,,,1,29,,577167,49,,,1,70,,577166,49,,,1,30,,577169,49,,,1,65,,577131,49,,,1,36,,577150,49,,,1,68,,577135,49,,,1,16,,577160,15,,,1,16,,577134,49,,,1,14,,577155,15,,,1,53,,577142,49,,,1,17,,577138,15,,,1,18,,577136,49,,,1,12,,577157,15,,,1,58,,577168,49,,,1,12,,577162,15,,,1,7,,577126,49,,,1,25,,577129,49,,,1,70,,577165,49,,,1,75,,577148,15,,,1,25,,577144,49,,,1,18,,577141,15,,,1,72,,577156,49,,,1,28,,577133,15,,,1,72,,577154,49,,,1,104,,577125,49,,,1
2401,'11-1',525,,577176,15,0,29,1,84,,577210,15,,,1,30,,577195,15,,,1,15,,577198,15,0,29,1,55,,577183,15,,,1,16,,577197,15,0,29,1,14,,577174,15,,,1,16,,577185,15,0,29,1,56,,577205,15,,,1,17,,577173,15,0,29,1,15,,577170,15,,,1,73,,577193,15,,,1,28,,577191,49,,,1,70,,577186,49,,,1,30,,577207,49,,,1,70,,577178,49,,,1,29,,577209,49,,,1,70,,577189,49,,,1,30,,577204,49,,,1,70,,577192,49,,,1,29,,577213,49,,,1,70,,577212,49,,,1,30,,577215,49,,,1,65,,577177,49,,,1,36,,577196,49,,,1,68,,577181,49,,,1,16,,577206,15,,,1,16,,577180,49,,,1,14,,577201,15,,,1,53,,577188,49,,,1,17,,577184,15,,,1,18,,577182,49,,,1,12,,577203,15,,,1,58,,577214,49,,,1,12,,577208,15,,,1,7,,577172,49,,,1,25,,577175,49,,,1,70,,577211,49,,,1,75,,577194,15,,,1,25,,577190,49,,,1,18,,577187,15,,,1,72,,577202,49,,,1,28,,577179,15,,,1,72,,577200,49,,,1,104,,577171,49,,,1
2401,'2-1',525,,577222,15,0,29,1,84,,577256,15,,,1,30,,577241,15,,,1,15,,577244,15,0,29,1,55,,577229,15,,,1,16,,577243,15,0,29,1,14,,577220,15,,,1,16,,577231,15,0,29,1,56,,577251,15,,,1,17,,577219,15,0,29,1,15,,577216,15,,,1,73,,577239,15,,,1,28,,577237,49,,,1,70,,577232,49,,,1,30,,577253,49,,,1,70,,577224,49,,,1,29,,577255,49,,,1,70,,577235,49,,,1,30,,577250,49,,,1,70,,577238,49,,,1,29,,577259,49,,,1,70,,577258,49,,,1,30,,577261,49,,,1,65,,577223,49,,,1,36,,577242,49,,,1,68,,577227,49,,,1,16,,577252,15,,,1,16,,577226,49,,,1,14,,577247,15,,,1,53,,577234,49,,,1,17,,577230,15,,,1,18,,577228,49,,,1,12,,577249,15,,,1,58,,577260,49,,,1,12,,577254,15,,,1,7,,577218,49,,,1,25,,577221,49,,,1,70,,577257,49,,,1,75,,577240,15,,,1,25,,577236,49,,,1,18,,577233,15,,,1,72,,577248,49,,,1,28,,577225,15,,,1,72,,577246,49,,,1,104,,577217,49,,,1
2401,'3-1',836,,577272,16,,,1,104,,577277,24,,,1,100,,577264,24,,,1,70,,577285,24,,,1,30,,577280,24,,,1,71,,577276,24,,,1,30,,577267,24,,,1,70,,577274,24,,,1,100,,577266,24,,,1,30,,577283,24,,,1,70,,577273,24,,,1,30,,577265,24,,,1,70,,577281,24,,,1,30,,577268,24,,,1,70,,577282,24,,,1,30,,577275,24,,,1,69,,577279,24,,,1,35,,577284,16,,,1,78,,577271,16,,,1,30,,577270,16,,,1,69,,577262,16,,,1,100,,577278,16,0,29,1,100,,577263,16,0,29,1,100,,577269,16,0,29,1
2401,'4-1',838,,577312,16,,,1,102,,577306,24,,,1,100,,577302,24,,,1,70,,577301,24,,,1,30,,577299,24,,,1,71,,577308,24,,,1,30,,577311,24,,,1,70,,577295,24,,,1,30,,577296,24,,,1,70,,577313,24,,,1,30,,577303,24,,,1,70,,577298,24,,,1,30,,577305,24,,,1,70,,577292,24,,,1,30,,577310,24,,,1,70,,577293,24,,,1,30,,577297,24,,,1,69,,577291,24,,,1,34,,577289,16,,,1,66,,577309,24,,,1,42,,577290,16,,,1,58,,577294,24,,,1,30,,577286,24,,,1,100,,577307,24,,,1,100,,577300,24,,,1,100,,577304,24,,,1,100,,577288,24,,,1,82,,577287,13,,,1
2401,'5-1',636,,577324,16,,,1,75,,577342,24,,,1,100,,577335,24,,,1,31,,577319,24,,,1,100,,577326,24,,,1,70,,577337,24,,,1,30,,577338,24,,,1,70,,577330,24,,,1,30,,577314,24,,,1,69,,577321,24,,,1,31,,577332,24,,,1,70,,577320,24,,,1,30,,577334,24,,,1,70,,577327,24,,,1,30,,577317,24,,,1,100,,577325,24,,,1,70,,577316,24,,,1,30,,577341,24,,,1,100,,577323,24,,,1,70,,577328,24,,,1,30,,577340,24,,,1,70,,577315,24,,,1,27,,577331,24,,,1,70,,577339,24,0,29,1,28,,577333,24,0,29,1,98,,577322,24,0,29,1,102,,577336,24,0,29,1,100,,577318,24,0,29,1,100,,577329,24,0,29,1
2401,'6-1',525,,577349,15,0,29,1,84,,577383,15,,,1,30,,577368,15,,,1,15,,577371,15,0,29,1,55,,577356,15,,,1,16,,577370,15,0,29,1,14,,577347,15,,,1,16,,577358,15,0,29,1,56,,577378,15,,,1,17,,577346,15,0,29,1,15,,577343,15,,,1,73,,577366,15,,,1,28,,577364,49,,,1,70,,577359,49,,,1,30,,577380,49,,,1,70,,577351,49,,,1,29,,577382,49,,,1,70,,577362,49,,,1,30,,577377,49,,,1,70,,577365,49,,,1,29,,577386,49,,,1,70,,577385,49,,,1,30,,577388,49,,,1,65,,577350,49,,,1,36,,577369,49,,,1,68,,577354,49,,,1,16,,577379,15,,,1,16,,577353,49,,,1,14,,577374,15,,,1,53,,577361,49,,,1,17,,577357,15,,,1,18,,577355,49,,,1,12,,577376,15,,,1,58,,577387,49,,,1,12,,577381,15,,,1,7,,577345,49,,,1,25,,577348,49,,,1,70,,577384,49,,,1,75,,577367,15,,,1,25,,577363,49,,,1,18,,577360,15,,,1,72,,577375,49,,,1,28,,577352,15,,,1,72,,577373,49,,,1,104,,577344,49,,,1
2401,'7-1',836,,577399,16,,,1,104,,577404,24,,,1,100,,577391,24,,,1,70,,577412,24,,,1,30,,577407,24,,,1,71,,577403,24,,,1,30,,577394,24,,,1,70,,577401,24,,,1,100,,577393,24,,,1,30,,577410,24,,,1,70,,577400,24,,,1,30,,577392,24,,,1,70,,577408,24,,,1,30,,577395,24,,,1,70,,577409,24,,,1,30,,577402,24,,,1,69,,577406,24,,,1,35,,577411,16,,,1,78,,577398,16,,,1,30,,577397,16,,,1,69,,577389,16,,,1,100,,577405,16,0,29,1,100,,577390,16,0,29,1,100,,577396,16,0,29,1
2401,'8-1',525,,577419,15,0,29,1,84,,577453,15,,,1,30,,577438,15,,,1,15,,577441,15,0,29,1,55,,577426,15,,,1,16,,577440,15,0,29,1,14,,577417,15,,,1,16,,577428,15,0,29,1,56,,577448,15,,,1,17,,577416,15,0,29,1,15,,577413,15,,,1,73,,577436,15,,,1,28,,577434,49,,,1,70,,577429,49,,,1,30,,577450,49,,,1,70,,577421,49,,,1,29,,577452,49,,,1,70,,577432,49,,,1,30,,577447,49,,,1,70,,577435,49,,,1,29,,577456,49,,,1,70,,577455,49,,,1,30,,577458,49,,,1,65,,577420,49,,,1,36,,577439,49,,,1,68,,577424,49,,,1,16,,577449,15,,,1,16,,577423,49,,,1,14,,577444,15,,,1,53,,577431,49,,,1,17,,577427,15,,,1,18,,577425,49,,,1,12,,577446,15,,,1,58,,577457,49,,,1,12,,577451,15,,,1,7,,577415,49,,,1,25,,577418,49,,,1,70,,577454,49,,,1,75,,577437,15,,,1,25,,577433,49,,,1,18,,577430,15,,,1,72,,577445,49,,,1,28,,577422,15,,,1,72,,577443,49,,,1,104,,577414,49,,,1
2401,'9-1',636,,577485,16,,,1,75,,577459,24,,,1,100,,577469,24,,,1,31,,577480,24,,,1,70,,577483,24,,,1,30,,577479,24,,,1,70,,577467,24,,,1,30,,577481,24,,,1,70,,577484,24,,,1,30,,577477,24,,,1,70,,577474,24,,,1,30,,577472,24,,,1,70,,577475,24,,,1,30,,577486,24,,,1,70,,577465,24,,,1,30,,577462,24,,,1,70,,577482,24,,,1,30,,577470,24,,,1,70,,577489,24,,,1,30,,577460,24,,,1,70,,577487,24,,,1,30,,577464,24,,,1,70,,577468,24,,,1,30,,577473,24,,,1,70,,577490,24,,,1,27,,577463,24,,,1,70,,577461,24,0,29,1,28,,577476,24,0,29,1,100,,577488,24,0,29,1,100,,577471,24,0,29,1,100,,577478,24,0,29,1,100,,577466,24,0,29,1
