701,'1-1',519,,566605,17,,,1,83,,566634,17,,,1,32,,566581,17,,,1,13,,566625,46,,,1,65,,566645,46,,,1,15,,566613,46,,,1,16,,566585,46,,,1,15,,566624,46,,,1,58,,566580,46,,,1,20,,566583,46,,,1,17,,566619,46,,,1,52,,566637,46,,,1,15,,566618,46,,,1,14,,566616,46,,,1,15,,566599,46,,,1,55,,566595,46,,,1,16,,566610,46,,,1,15,,566604,46,,,1,15,,566589,46,,,1,55,,566621,46,,,1,15,,566596,46,,,1,15,,566597,46,,,1,15,,566591,46,,,1,55,,566633,46,,,1,16,,566582,46,,,1,14,,566642,46,,,1,16,,566606,46,,,1,56,,566646,46,,,1,15,,566611,46,,,1,17,,566627,46,,,1,15,,566586,46,,,1,55,,566602,46,,,1,15,,566587,46,,,1,15,,566622,46,,,1,15,,566629,46,,,1,55,,566608,46,,,1,19,,566631,46,,,1,15,,566623,46,,,1,14,,566612,46,,,1,55,,566593,46,,,1,15,,566590,46,,,1,14,,566644,46,,,1,18,,566609,46,,,1,54,,566592,46,,,1,17,,566636,46,,,1,13,,566620,46,,,1,67,,566626,46,,,1,14,,566607,46,,,1,13,,566641,46,,,1,14,,566628,46,,,1,55,,566603,46,,,1,14,,566643,46,,,1,13,,566594,46,,,1,16,,566632,46,,,1,52,,566617,46,,,1,25,,566615,46,,,1,29,,566584,46,,,1,68,,566601,46,,,1,29,,566640,46,,,1,68,,566638,46,,,1,28,,566630,46,,,1,69,,566635,46,,,1,29,,566598,46,,,1,76,,566639,46,,,1,17,,566588,46,,,1,70,,566600,46,,,1,30,,566614,46,,,1
701,'10-1',519,,566649,17,,,1,83,,566681,17,,,1,32,,566692,17,,,1,13,,566686,46,,,1,65,,566697,46,,,1,15,,566653,46,,,1,16,,566710,46,,,1,15,,566658,46,,,1,58,,566669,46,,,1,20,,566682,46,,,1,17,,566713,46,,,1,52,,566708,46,,,1,15,,566705,46,,,1,14,,566694,46,,,1,15,,566699,46,,,1,55,,566709,46,,,1,16,,566690,46,,,1,15,,566673,46,,,1,15,,566662,46,,,1,55,,566691,46,,,1,15,,566703,46,,,1,15,,566679,46,,,1,15,,566668,46,,,1,55,,566678,46,,,1,16,,566665,46,,,1,14,,566704,46,,,1,16,,566684,46,,,1,56,,566687,46,,,1,15,,566667,46,,,1,17,,566676,46,,,1,15,,566664,46,,,1,55,,566670,46,,,1,15,,566688,46,,,1,15,,566661,46,,,1,15,,566698,46,,,1,55,,566651,46,,,1,19,,566683,46,,,1,15,,566663,46,,,1,14,,566648,46,,,1,55,,566650,46,,,1,15,,566656,46,,,1,14,,566659,46,,,1,18,,566701,46,,,1,54,,566652,46,,,1,17,,566666,46,,,1,13,,566696,46,,,1,67,,566657,46,,,1,14,,566671,46,,,1,13,,566654,46,,,1,14,,566677,46,,,1,55,,566702,46,,,1,14,,566711,46,,,1,13,,566660,46,,,1,16,,566680,46,,,1,52,,566712,46,,,1,25,,566655,46,,,1,29,,566672,46,,,1,68,,566700,46,,,1,29,,566706,46,,,1,68,,566689,46,,,1,28,,566675,46,,,1,69,,566647,46,,,1,29,,566707,46,,,1,76,,566674,46,,,1,17,,566685,46,,,1,70,,566693,46,,,1,30,,566695,46,,,1
701,'11-1',519,,566716,17,,,1,83,,566748,17,,,1,32,,566759,17,,,1,13,,566753,46,,,1,65,,566764,46,,,1,15,,566720,46,,,1,16,,566777,46,,,1,15,,566725,46,,,1,58,,566736,46,,,1,20,,566749,46,,,1,17,,566780,46,,,1,52,,566775,46,,,1,15,,566772,46,,,1,14,,566761,46,,,1,15,,566766,46,,,1,55,,566776,46,,,1,16,,566757,46,,,1,15,,566740,46,,,1,15,,566729,46,,,1,55,,566758,46,,,1,15,,566770,46,,,1,15,,566746,46,,,1,15,,566735,46,,,1,55,,566745,46,,,1,16,,566732,46,,,1,14,,566771,46,,,1,16,,566751,46,,,1,56,,566754,46,,,1,15,,566734,46,,,1,17,,566743,46,,,1,15,,566731,46,,,1,55,,566737,46,,,1,15,,566755,46,,,1,15,,566728,46,,,1,15,,566765,46,,,1,55,,566718,46,,,1,19,,566750,46,,,1,15,,566730,46,,,1,14,,566715,46,,,1,55,,566717,46,,,1,15,,566723,46,,,1,14,,566726,46,,,1,18,,566768,46,,,1,54,,566719,46,,,1,17,,566733,46,,,1,13,,566763,46,,,1,67,,566724,46,,,1,14,,566738,46,,,1,13,,566721,46,,,1,14,,566744,46,,,1,55,,566769,46,,,1,14,,566778,46,,,1,13,,566727,46,,,1,16,,566747,46,,,1,52,,566779,46,,,1,25,,566722,46,,,1,29,,566739,46,,,1,68,,566767,46,,,1,29,,566773,46,,,1,68,,566756,46,,,1,28,,566742,46,,,1,69,,566714,46,,,1,29,,566774,46,,,1,76,,566741,46,,,1,17,,566752,46,,,1,70,,566760,46,,,1,30,,566762,46,,,1
701,'2-1',519,,566783,17,,,1,83,,566815,17,,,1,32,,566826,17,,,1,13,,566820,46,,,1,65,,566831,46,,,1,15,,566787,46,,,1,16,,566844,46,,,1,15,,566792,46,,,1,58,,566803,46,,,1,20,,566816,46,,,1,17,,566847,46,,,1,52,,566842,46,,,1,15,,566839,46,,,1,14,,566828,46,,,1,15,,566833,46,,,1,55,,566843,46,,,1,16,,566824,46,,,1,15,,566807,46,,,1,15,,566796,46,,,1,55,,566825,46,,,1,15,,566837,46,,,1,15,,566813,46,,,1,15,,566802,46,,,1,55,,566812,46,,,1,16,,566799,46,,,1,14,,566838,46,,,1,16,,566818,46,,,1,56,,566821,46,,,1,15,,566801,46,,,1,17,,566810,46,,,1,15,,566798,46,,,1,55,,566804,46,,,1,15,,566822,46,,,1,15,,566795,46,,,1,15,,566832,46,,,1,55,,566785,46,,,1,19,,566817,46,,,1,15,,566797,46,,,1,14,,566782,46,,,1,55,,566784,46,,,1,15,,566790,46,,,1,14,,566793,46,,,1,18,,566835,46,,,1,54,,566786,46,,,1,17,,566800,46,,,1,13,,566830,46,,,1,67,,566791,46,,,1,14,,566805,46,,,1,13,,566788,46,,,1,14,,566811,46,,,1,55,,566836,46,,,1,14,,566845,46,,,1,13,,566794,46,,,1,16,,566814,46,,,1,52,,566846,46,,,1,25,,566789,46,,,1,29,,566806,46,,,1,68,,566834,46,,,1,29,,566840,46,,,1,68,,566823,46,,,1,28,,566809,46,,,1,69,,566781,46,,,1,29,,566841,46,,,1,76,,566808,46,,,1,17,,566819,46,,,1,70,,566827,46,,,1,30,,566829,46,,,1
701,'3-1',711,,566860,46,,,1,25,,566875,46,,,1,70,,566882,46,,,1,30,,566850,46,,,1,72,,566855,46,,,1,30,,566863,46,,,1,80,,566853,46,,,1,33,,566859,46,,,1,100,,566874,46,,,1,70,,566858,46,,,1,33,,566899,46,,,1,70,,566856,46,,,1,30,,566878,46,,,1,70,,566848,46,,,1,30,,566892,46,,,1,64,,566861,46,,,1,24,,566851,46,,,1,64,,566873,46,,,1,24,,566877,46,,,1,88,,566889,46,,,1,24,,566886,46,,,1,64,,566876,46,,,1,46,,566883,46,,,1,70,,566898,46,,,1,30,,566870,46,,,1,70,,566893,46,,,1,28,,566896,46,,,1,63,,566849,46,,,1,100,,566897,46,,,1,28,,566888,46,,,1,70,,566871,46,,,1,100,,566866,46,,,1
701,'4-1',711,,566913,46,,,1,25,,566930,46,,,1,70,,566948,46,,,1,30,,566951,46,,,1,72,,566949,46,,,1,30,,566904,46,,,1,20,,566962,46,,,1,60,,566932,46,,,1,18,,566906,46,,,1,15,,566972,46,,,1,55,,566957,46,,,1,15,,566909,46,,,1,15,,566921,46,,,1,15,,566912,46,,,1,55,,566933,46,,,1,15,,566939,46,,,1,18,,566929,46,,,1,10,,566940,46,,,1,10,,566961,46,,,1,50,,566905,46,,,1,10,,566945,46,,,1,11,,566974,46,,,1,9,,566901,46,,,1,10,,566928,46,,,1,10,,566922,46,,,1,50,,566911,46,,,1,10,,566934,46,,,1,10,,566968,46,,,1,10,,566920,46,,,1,10,,566926,46,,,1,10,,566927,46,,,1,50,,566969,46,,,1,10,,566925,46,,,1,10,,566902,46,,,1,10,,566965,46,,,1,10,,566919,46,,,1,10,,566956,46,,,1,50,,566946,46,,,1,10,,566936,46,,,1,10,,566937,46,,,1,10,,566941,46,,,1,10,,566964,46,,,1,10,,566931,46,,,1,50,,566914,46,,,1,10,,566907,46,,,1,10,,566935,46,,,1,10,,566959,46,,,1,10,,566973,46,,,1,10,,566953,46,,,1,50,,566916,46,,,1,10,,566938,46,,,1,10,,566944,46,,,1,8,,566943,46,,,1,10,,566977,46,,,1,10,,566918,46,,,1,50,,566955,46,,,1,10,,566976,46,,,1,10,,566942,46,,,1,10,,566917,46,,,1,10,,566966,46,,,1,10,,566950,46,,,1,50,,566971,46,,,1,10,,566975,46,,,1,10,,566923,46,,,1,8,,566952,46,,,1,10,,566970,46,,,1,10,,566900,46,,,1,50,,566958,46,,,1,10,,566910,46,,,1,10,,566967,46,,,1,18,,566954,46,,,1,70,,566963,46,,,1,28,,566960,46,,,1,70,,566908,46,,,1,30,,566915,46,,,1,70,,566924,46,,,1,30,,566947,46,,,1,70,,566903,46,,,1
701,'5-1',623,,567010,17,,,1,30,,566988,17,,,1,65,,566999,46,,,1,30,,567045,46,,,1,70,,567008,46,,,1,32,,566985,46,,,1,70,,567020,46,,,1,30,,567011,46,,,1,70,,567032,46,,,1,31,,567024,46,,,1,65,,567022,46,,,1,24,,567034,46,,,1,64,,567018,46,,,1,24,,567019,46,,,1,15,,567023,46,,,1,12,,567005,46,,,1,52,,567025,46,,,1,13,,566994,46,,,1,12,,567040,46,,,1,13,,567007,46,,,1,12,,567001,46,,,1,52,,566983,46,,,1,12,,566986,46,,,1,12,,566991,46,,,1,12,,566996,46,,,1,12,,567042,46,,,1,52,,567035,46,,,1,12,,567016,46,,,1,12,,567014,46,,,1,12,,567013,46,,,1,12,,567028,46,,,1,52,,567029,46,,,1,12,,567041,46,,,1,12,,567033,46,,,1,13,,566997,46,,,1,12,,567015,46,,,1,52,,567026,46,,,1,12,,566978,46,,,1,12,,567004,46,,,1,12,,566998,46,,,1,12,,567009,46,,,1,52,,566984,46,,,1,12,,567021,46,,,1,12,,567048,46,,,1,73,,567031,46,,,1,24,,566993,46,,,1,69,,566980,46,,,1,30,,567036,46,,,1,28,,567017,46,,,1,55,,567043,46,,,1,15,,566992,46,,,1,15,,567038,46,,,1,15,,566995,46,,,1,64,,567003,46,,,1,28,,567030,46,,,1,70,,566987,46,,,1,30,,566990,46,,,1,70,,567037,46,,,1,30,,567012,46,,,1,76,,567002,46,,,1
701,'6-1',519,,567051,17,,,1,83,,567083,17,,,1,32,,567094,17,,,1,13,,567088,46,,,1,65,,567099,46,,,1,15,,567055,46,,,1,16,,567112,46,,,1,15,,567060,46,,,1,58,,567071,46,,,1,20,,567084,46,,,1,17,,567115,46,,,1,52,,567110,46,,,1,15,,567107,46,,,1,14,,567095,46,,,1,15,,567101,46,,,1,55,,567111,46,,,1,16,,567092,46,,,1,15,,567075,46,,,1,15,,567064,46,,,1,55,,567093,46,,,1,15,,567105,46,,,1,15,,567081,46,,,1,15,,567070,46,,,1,55,,567080,46,,,1,16,,567067,46,,,1,14,,567106,46,,,1,16,,567086,46,,,1,56,,567089,46,,,1,15,,567069,46,,,1,17,,567078,46,,,1,15,,567066,46,,,1,55,,567072,46,,,1,15,,567090,46,,,1,15,,567063,46,,,1,15,,567100,46,,,1,55,,567053,46,,,1,19,,567085,46,,,1,15,,567065,46,,,1,14,,567050,46,,,1,55,,567052,46,,,1,15,,567058,46,,,1,14,,567061,46,,,1,18,,567103,46,,,1,54,,567054,46,,,1,17,,567068,46,,,1,13,,567098,46,,,1,67,,567059,46,,,1,14,,567073,46,,,1,13,,567056,46,,,1,14,,567079,46,,,1,55,,567104,46,,,1,14,,567113,46,,,1,13,,567062,46,,,1,16,,567082,46,,,1,52,,567114,46,,,1,25,,567057,46,,,1,29,,567074,46,,,1,68,,567102,46,,,1,29,,567108,46,,,1,68,,567091,46,,,1,28,,567077,46,,,1,69,,567049,46,,,1,29,,567109,46,,,1,76,,567076,46,,,1,17,,567087,46,,,1,70,,567096,46,,,1,30,,567097,46,,,1
701,'7-1',711,,567128,46,,,1,25,,567143,46,,,1,70,,567150,46,,,1,30,,567118,46,,,1,72,,567123,46,,,1,30,,567131,46,,,1,80,,567121,46,,,1,33,,567127,46,,,1,100,,567142,46,,,1,70,,567126,46,,,1,33,,567167,46,,,1,70,,567124,46,,,1,30,,567146,46,,,1,70,,567116,46,,,1,30,,567160,46,,,1,64,,567129,46,,,1,24,,567119,46,,,1,64,,567141,46,,,1,24,,567145,46,,,1,88,,567157,46,,,1,24,,567154,46,,,1,64,,567144,46,,,1,46,,567151,46,,,1,70,,567166,46,,,1,30,,567138,46,,,1,70,,567161,46,,,1,28,,567164,46,,,1,63,,567117,46,,,1,100,,567165,46,,,1,28,,567156,46,,,1,70,,567139,46,,,1,100,,567134,46,,,1
701,'8-1',519,,567170,17,,,1,83,,567202,17,,,1,32,,567213,17,,,1,13,,567207,46,,,1,65,,567218,46,,,1,15,,567174,46,,,1,16,,567231,46,,,1,15,,567179,46,,,1,58,,567190,46,,,1,20,,567203,46,,,1,17,,567234,46,,,1,52,,567229,46,,,1,15,,567226,46,,,1,14,,567214,46,,,1,15,,567220,46,,,1,55,,567230,46,,,1,16,,567211,46,,,1,15,,567194,46,,,1,15,,567183,46,,,1,55,,567212,46,,,1,15,,567224,46,,,1,15,,567200,46,,,1,15,,567189,46,,,1,55,,567199,46,,,1,16,,567186,46,,,1,14,,567225,46,,,1,16,,567205,46,,,1,56,,567208,46,,,1,15,,567188,46,,,1,17,,567197,46,,,1,15,,567185,46,,,1,55,,567191,46,,,1,15,,567209,46,,,1,15,,567182,46,,,1,15,,567219,46,,,1,55,,567172,46,,,1,19,,567204,46,,,1,15,,567184,46,,,1,14,,567169,46,,,1,55,,567171,46,,,1,15,,567177,46,,,1,14,,567180,46,,,1,18,,567222,46,,,1,54,,567173,46,,,1,17,,567187,46,,,1,13,,567217,46,,,1,67,,567178,46,,,1,14,,567192,46,,,1,13,,567175,46,,,1,14,,567198,46,,,1,55,,567223,46,,,1,14,,567232,46,,,1,13,,567181,46,,,1,16,,567201,46,,,1,52,,567233,46,,,1,25,,567176,46,,,1,29,,567193,46,,,1,68,,567221,46,,,1,29,,567227,46,,,1,68,,567210,46,,,1,28,,567196,46,,,1,69,,567168,46,,,1,29,,567228,46,,,1,76,,567195,46,,,1,17,,567206,46,,,1,70,,567215,46,,,1,30,,567216,46,,,1
701,'9-1',623,,567257,17,,,1,30,,567270,17,,,1,65,,567277,46,,,1,30,,567282,46,,,1,70,,567252,46,,,1,32,,567289,46,,,1,70,,567265,46,,,1,30,,567242,46,,,1,70,,567284,46,,,1,31,,567285,46,,,1,65,,567241,46,,,1,24,,567302,46,,,1,64,,567247,46,,,1,24,,567258,46,,,1,15,,567296,46,,,1,12,,567283,46,,,1,52,,567235,46,,,1,13,,567236,46,,,1,12,,567295,46,,,1,13,,567293,46,,,1,12,,567244,46,,,1,52,,567305,46,,,1,12,,567297,46,,,1,12,,567254,46,,,1,12,,567267,46,,,1,12,,567237,46,,,1,52,,567268,46,,,1,12,,567264,46,,,1,12,,567271,46,,,1,12,,567278,46,,,1,12,,567288,46,,,1,52,,567280,46,,,1,12,,567240,46,,,1,12,,567301,46,,,1,13,,567251,46,,,1,12,,567256,46,,,1,52,,567253,46,,,1,12,,567286,46,,,1,12,,567238,46,,,1,12,,567303,46,,,1,12,,567262,46,,,1,52,,567306,46,,,1,12,,567260,46,,,1,12,,567299,46,,,1,9,,567261,46,,,1,64,,567273,46,,,1,24,,567298,46,,,1,69,,567248,46,,,1,30,,567255,46,,,1,28,,567279,46,,,1,55,,567272,46,,,1,15,,567290,46,,,1,15,,567266,46,,,1,15,,567263,46,,,1,64,,567250,46,,,1,28,,567246,46,,,1,70,,567275,46,,,1,30,,567249,46,,,1,70,,567294,46,,,1,30,,567243,46,,,1,76,,567259,46,,,1
