2600,'1-1',559,,578658,9,,,1,142,,578661,9,,,1,30,,578653,9,,,1,71,,578650,9,,,1,30,,578654,9,,,1,70,,578647,9,,,1,52,,578652,9,,,1,102,,578663,9,,,1,101,,578659,9,,,1,102,,578651,9,,,1,252,,578656,9,,,1,30,,578660,9,,,1,70,,578655,9,,,1,30,,578657,9,,,1,70,,578662,9,,,1,29,,578649,9,,,1,70,,578648,9,,,1
2600,'10-1',559,,578667,9,,,1,142,,578672,9,,,1,30,,578676,9,,,1,71,,578668,9,,,1,30,,578678,9,,,1,70,,578669,9,,,1,52,,578680,9,,,1,102,,578665,9,,,1,101,,578664,9,,,1,102,,578675,9,,,1,252,,578677,9,,,1,30,,578666,9,,,1,70,,578679,9,,,1,30,,578674,9,,,1,70,,578671,9,,,1,29,,578670,9,,,1,70,,578673,9,,,1
2600,'11-1',559,,578684,9,,,1,142,,578689,9,,,1,30,,578693,9,,,1,71,,578685,9,,,1,30,,578695,9,,,1,70,,578686,9,,,1,52,,578697,9,,,1,102,,578682,9,,,1,101,,578681,9,,,1,102,,578692,9,,,1,252,,578694,9,,,1,30,,578683,9,,,1,70,,578696,9,,,1,30,,578691,9,,,1,70,,578688,9,,,1,29,,578687,9,,,1,70,,578690,9,,,1
2600,'2-1',559,,578701,9,,,1,142,,578706,9,,,1,30,,578710,9,,,1,71,,578702,9,,,1,30,,578712,9,,,1,70,,578703,9,,,1,52,,578714,9,,,1,102,,578699,9,,,1,101,,578698,9,,,1,102,,578709,9,,,1,252,,578711,9,,,1,30,,578700,9,,,1,70,,578713,9,,,1,30,,578708,9,,,1,70,,578705,9,,,1,29,,578704,9,,,1,70,,578707,9,,,1
2600,'6-1',559,,578718,9,,,1,142,,578723,9,,,1,30,,578727,9,,,1,71,,578719,9,,,1,30,,578729,9,,,1,70,,578720,9,,,1,52,,578731,9,,,1,102,,578716,9,,,1,101,,578715,9,,,1,102,,578726,9,,,1,252,,578728,9,,,1,30,,578717,9,,,1,70,,578730,9,,,1,30,,578725,9,,,1,70,,578722,9,,,1,29,,578721,9,,,1,70,,578724,9,,,1
2600,'8-1',559,,578735,9,,,1,142,,578740,9,,,1,30,,578744,9,,,1,71,,578736,9,,,1,30,,578746,9,,,1,70,,578737,9,,,1,52,,578748,9,,,1,102,,578733,9,,,1,101,,578732,9,,,1,102,,578743,9,,,1,252,,578745,9,,,1,30,,578734,9,,,1,70,,578747,9,,,1,30,,578742,9,,,1,70,,578739,9,,,1,29,,578738,9,,,1,70,,578741,9,,,1
4201,'1-1',544,,588011,8,,,1,99,,587992,8,,,1,70,,588007,8,,,1,30,,588015,8,,,1,71,,587993,8,,,1,15,,587999,8,,,1,28,,588009,8,,,1,68,,588008,8,,,1,30,,588013,8,,,1,70,,588017,8,,,1,30,,588012,8,,,1,70,,588002,8,,,1,30,,587994,8,,,1,70,,587989,8,,,1,30,,588018,8,,,1,70,,588005,8,,,1,30,,588010,8,,,1,70,,587996,8,,,1,30,,588016,8,,,1,70,,588019,8,,,1,90,,587998,8,,,1,30,,587995,8,,,1,70,,587997,8,,,1,28,,587991,8,,,1,70,,588020,8,,,1,30,,588014,8,,,1,70,,588003,8,,,1,30,,587990,8,,,1,70,,588001,8,,,1,30,,588000,8,,,1,72,,588004,8,,,1,30,,588006,8,,,1
4201,'10-1',544,,588029,8,,,1,99,,588041,8,,,1,70,,588035,8,,,1,30,,588048,8,,,1,71,,588038,8,,,1,15,,588032,8,,,1,28,,588022,8,,,1,68,,588043,8,,,1,30,,588025,8,,,1,70,,588027,8,,,1,30,,588042,8,,,1,70,,588026,8,,,1,30,,588049,8,,,1,70,,588050,8,,,1,30,,588031,8,,,1,70,,588052,8,,,1,30,,588045,8,,,1,70,,588037,8,,,1,30,,588033,8,,,1,70,,588036,8,,,1,90,,588021,8,,,1,30,,588023,8,,,1,70,,588044,8,,,1,28,,588040,8,,,1,70,,588039,8,,,1,30,,588028,8,,,1,70,,588046,8,,,1,30,,588047,8,,,1,70,,588024,8,,,1,30,,588030,8,,,1,72,,588034,8,,,1,30,,588051,8,,,1
4201,'11-1',544,,588061,8,,,1,99,,588073,8,,,1,70,,588067,8,,,1,30,,588080,8,,,1,71,,588070,8,,,1,15,,588064,8,,,1,28,,588054,8,,,1,68,,588075,8,,,1,30,,588057,8,,,1,70,,588059,8,,,1,30,,588074,8,,,1,70,,588058,8,,,1,30,,588081,8,,,1,70,,588082,8,,,1,30,,588063,8,,,1,70,,588084,8,,,1,30,,588077,8,,,1,70,,588069,8,,,1,30,,588065,8,,,1,70,,588068,8,,,1,90,,588053,8,,,1,30,,588055,8,,,1,70,,588076,8,,,1,28,,588072,8,,,1,70,,588071,8,,,1,30,,588060,8,,,1,70,,588078,8,,,1,30,,588079,8,,,1,70,,588056,8,,,1,30,,588062,8,,,1,72,,588066,8,,,1,30,,588083,8,,,1
4201,'2-1',544,,588093,8,,,1,99,,588105,8,,,1,70,,588099,8,,,1,30,,588112,8,,,1,71,,588102,8,,,1,15,,588096,8,,,1,28,,588086,8,,,1,68,,588107,8,,,1,30,,588089,8,,,1,70,,588091,8,,,1,30,,588106,8,,,1,70,,588090,8,,,1,30,,588113,8,,,1,70,,588114,8,,,1,30,,588095,8,,,1,70,,588116,8,,,1,30,,588109,8,,,1,70,,588101,8,,,1,30,,588097,8,,,1,70,,588100,8,,,1,90,,588085,8,,,1,30,,588087,8,,,1,70,,588108,8,,,1,28,,588104,8,,,1,70,,588103,8,,,1,30,,588092,8,,,1,70,,588110,8,,,1,30,,588111,8,,,1,70,,588088,8,,,1,30,,588094,8,,,1,72,,588098,8,,,1,30,,588115,8,,,1
4201,'3-1',735,,588128,8,,,1,100,,588125,8,,,1,100,,588123,8,,,1,70,,588129,8,,,1,100,,588131,8,,,1,30,,588126,8,,,1,70,,588118,8,,,1,100,,588124,8,,,1,30,,588120,8,,,1,70,,588130,8,,,1,100,,588132,8,,,1,30,,588121,8,,,1,100,,588127,8,,,1,70,,588119,8,,,1,30,,588117,8,,,1,70,,588122,8,,,1
4201,'4-1',735,,588141,8,,,1,100,,588142,8,,,1,100,,588152,8,,,1,70,,588146,8,,,1,30,,588139,8,,,1,70,,588149,8,,,1,30,,588138,8,,,1,70,,588144,8,,,1,30,,588150,8,,,1,70,,588148,8,,,1,30,,588145,8,,,1,70,,588151,8,,,1,30,,588133,8,,,1,70,,588140,8,,,1,30,,588135,8,,,1,70,,588134,8,,,1,30,,588136,8,,,1,70,,588147,8,,,1,30,,588143,8,,,1,70,,588137,8,,,1
4201,'5-1',611,,588155,8,,,1,100,,588171,8,,,1,100,,588157,8,,,1,30,,588158,8,,,1,70,,588174,8,,,1,100,,588170,8,,,1,30,,588162,8,,,1,70,,588173,8,,,1,30,,588166,8,,,1,70,,588156,8,,,1,30,,588164,8,,,1,70,,588167,8,,,1,32,,588159,8,,,1,68,,588163,8,,,1,30,,588169,8,,,1,70,,588172,8,,,1,30,,588154,8,,,1,100,,588168,8,,,1,100,,588153,8,,,1,72,,588160,8,,,1,28,,588161,8,,,1,70,,588165,8,,,1
4201,'6-1',544,,588183,8,,,1,99,,588195,8,,,1,70,,588189,8,,,1,30,,588202,8,,,1,71,,588192,8,,,1,15,,588186,8,,,1,28,,588176,8,,,1,68,,588197,8,,,1,30,,588179,8,,,1,70,,588181,8,,,1,30,,588196,8,,,1,70,,588180,8,,,1,30,,588203,8,,,1,70,,588204,8,,,1,30,,588185,8,,,1,70,,588206,8,,,1,30,,588199,8,,,1,70,,588191,8,,,1,30,,588187,8,,,1,70,,588190,8,,,1,90,,588175,8,,,1,30,,588177,8,,,1,70,,588198,8,,,1,28,,588194,8,,,1,70,,588193,8,,,1,30,,588182,8,,,1,70,,588200,8,,,1,30,,588201,8,,,1,70,,588178,8,,,1,30,,588184,8,,,1,72,,588188,8,,,1,30,,588205,8,,,1
4201,'7-1',735,,588218,8,,,1,100,,588215,8,,,1,100,,588213,8,,,1,70,,588219,8,,,1,100,,588221,8,,,1,30,,588216,8,,,1,70,,588208,8,,,1,100,,588214,8,,,1,30,,588210,8,,,1,70,,588220,8,,,1,100,,588222,8,,,1,30,,588211,8,,,1,100,,588217,8,,,1,70,,588209,8,,,1,30,,588207,8,,,1,70,,588212,8,,,1
4201,'8-1',544,,588231,8,,,1,99,,588243,8,,,1,70,,588237,8,,,1,30,,588250,8,,,1,71,,588240,8,,,1,15,,588234,8,,,1,28,,588224,8,,,1,68,,588245,8,,,1,30,,588227,8,,,1,70,,588229,8,,,1,30,,588244,8,,,1,70,,588228,8,,,1,30,,588251,8,,,1,70,,588252,8,,,1,30,,588233,8,,,1,70,,588254,8,,,1,30,,588247,8,,,1,70,,588239,8,,,1,30,,588235,8,,,1,70,,588238,8,,,1,90,,588223,8,,,1,30,,588225,8,,,1,70,,588246,8,,,1,28,,588242,8,,,1,70,,588241,8,,,1,30,,588230,8,,,1,70,,588248,8,,,1,30,,588249,8,,,1,70,,588226,8,,,1,30,,588232,8,,,1,72,,588236,8,,,1,30,,588253,8,,,1
4201,'9-1',611,,588255,8,,,1,100,,588267,8,,,1,100,,588276,8,,,1,30,,588264,8,,,1,70,,588256,8,,,1,30,,588259,8,,,1,70,,588273,8,,,1,30,,588274,8,,,1,70,,588265,8,,,1,30,,588269,8,,,1,70,,588278,8,,,1,30,,588268,8,,,1,70,,588262,8,,,1,30,,588271,8,,,1,70,,588279,8,,,1,30,,588258,8,,,1,70,,588275,8,,,1,30,,588277,8,,,1,70,,588257,8,,,1,30,,588266,8,,,1,70,,588263,8,,,1,30,,588261,8,,,1,70,,588270,8,,,1,30,,588260,8,,,1,70,,588272,8,,,1
