5700,'1-1',630,,503289,20,0,15 16,1,71,,503295,20,0,15 16,1,30,,503298,20,0,15 16,1,70,,503250,20,0,15 16,1,31,,503288,20,0,15 16,1,73,,503270,20,0,15 16,1,30,,503267,20,0,15 16,1,70,,503271,20,0,15 16,1,27,,503275,20,0,15 16,1,70,,503287,20,0,15 16,1,30,,503263,20,0,15 16,1,70,,503290,20,0,15 16,1,31,,503261,20,0,15 16,1,70,,503299,20,0,15 16,1,33,,503268,20,0,15 16,1,70,,503284,20,0,15 16,1,30,,503281,20,0,15 16,1,69,,503256,20,0,15 16,1,16,,503278,20,0,15 16,1,16,,503300,20,0,15 16,1,16,,503277,20,0,15 16,1,55,,503260,20,0,15 16,1,12,,503265,20,0,15 16,1,16,,503286,20,0,15 16,1,14,,503251,20,0,15 16,1,57,,503296,20,0,15 16,1,14,,503254,20,0,15 16,1,16,,503294,20,0,15 16,1,16,,503262,20,0,15 16,1,53,,503264,20,0,15 16,1,30,,503257,20,0,15 16,1,70,,503276,20,0,15 16,1,29,,503258,20,0,15 16,1,65,,503279,20,0,15 16,1,30,,503272,20,0,15 16,1,70,,503253,20,0,15 16,1,29,,503297,20,0,15 16,1,30,,503273,20,0,15 16,1,67,,503293,20,0,15 16,1,29,,503266,20,0,15 16,1,73,,503285,20,0,15 16,1,74,,503292,20,0,15 16,1
5700,'2-1',915,,503302,20,0,15 16,1,100,,503329,20,0,15 16,1,100,,503310,20,0,15 16,1,101,,503336,20,0,15 16,1,100,,503326,20,0,15 16,1,100,,503320,20,0,15 16,1,100,,503314,20,0,15 16,1,99,,503330,20,0,15 16,1,100,,503334,20,0,15 16,1,100,,503316,20,0,15 16,1,100,,503323,20,0,15 16,1,30,,503311,20,0,15 16,1,70,,503328,20,0,15 16,1
5700,'3-1',817,,503351,15,0,15 16,1,98,,503345,20,0,15 16,1,100,,503343,20,0,15 16,1,100,,503337,20,0,15 16,1,101,,503341,20,0,15 16,1,100,,503355,20,0,15 16,1,100,,503338,20,0,15 16,1,100,,503350,20,0,15 16,1,99,,503356,20,0,15 16,1,100,,503353,20,0,15 16,1,100,,503344,20,0,15 16,1,100,,503340,20,0,15 16,1,100,,503346,20,0,15 16,1,100,,503352,20,0,15 16,1,100,,503354,20,0,15 16,1
5700,'4-1',817,,503367,15,0,15 16,1,98,,503377,20,0,15 16,1,100,,503375,20,0,15 16,1,100,,503372,20,0,15 16,1,101,,503369,20,0,15 16,1,100,,503380,20,0,15 16,1,100,,503366,20,0,15 16,1,100,,503368,20,0,15 16,1,99,,503374,20,0,15 16,1,100,,503371,20,0,15 16,1,100,,503378,20,0,15 16,1,100,,503365,20,0,15 16,1,100,,503362,20,0,15 16,1,100,,503361,20,0,15 16,1,100,,503376,20,0,15 16,1
5700,'5-1',630,,503422,20,0,15 16,1,71,,503428,20,0,15 16,1,30,,503431,20,0,15 16,1,70,,503383,20,0,15 16,1,31,,503421,20,0,15 16,1,73,,503403,20,0,15 16,1,30,,503400,20,0,15 16,1,70,,503404,20,0,15 16,1,27,,503408,20,0,15 16,1,70,,503420,20,0,15 16,1,30,,503396,20,0,15 16,1,70,,503423,20,0,15 16,1,31,,503394,20,0,15 16,1,70,,503432,20,0,15 16,1,33,,503401,20,0,15 16,1,70,,503417,20,0,15 16,1,30,,503414,20,0,15 16,1,69,,503389,20,0,15 16,1,16,,503411,20,0,15 16,1,16,,503433,20,0,15 16,1,16,,503410,20,0,15 16,1,55,,503393,20,0,15 16,1,12,,503398,20,0,15 16,1,16,,503419,20,0,15 16,1,14,,503384,20,0,15 16,1,57,,503429,20,0,15 16,1,14,,503387,20,0,15 16,1,16,,503427,20,0,15 16,1,16,,503395,20,0,15 16,1,53,,503397,20,0,15 16,1,30,,503390,20,0,15 16,1,70,,503409,20,0,15 16,1,29,,503391,20,0,15 16,1,65,,503412,20,0,15 16,1,30,,503405,20,0,15 16,1,70,,503386,20,0,15 16,1,29,,503430,20,0,15 16,1,30,,503406,20,0,15 16,1,67,,503426,20,0,15 16,1,29,,503399,20,0,15 16,1,73,,503418,20,0,15 16,1,74,,503425,20,0,15 16,1
5700,'6-1',918,,503439,20,0,15 16,1,99,,503454,20,0,15 16,1,101,,503447,20,0,15 16,1,101,,503455,20,0,15 16,1,100,,503437,20,0,15 16,1,100,,503440,20,0,15 16,1,100,,503453,20,0,15 16,1,99,,503441,20,0,15 16,1,100,,503444,20,0,15 16,1,100,,503443,20,0,15 16,1
5700,'7-1',630,,503498,20,0,15 16,1,71,,503504,20,0,15 16,1,30,,503507,20,0,15 16,1,70,,503459,20,0,15 16,1,31,,503497,20,0,15 16,1,73,,503479,20,0,15 16,1,30,,503476,20,0,15 16,1,70,,503480,20,0,15 16,1,27,,503484,20,0,15 16,1,70,,503496,20,0,15 16,1,30,,503472,20,0,15 16,1,70,,503499,20,0,15 16,1,31,,503470,20,0,15 16,1,70,,503508,20,0,15 16,1,33,,503477,20,0,15 16,1,70,,503493,20,0,15 16,1,30,,503490,20,0,15 16,1,69,,503465,20,0,15 16,1,16,,503487,20,0,15 16,1,16,,503509,20,0,15 16,1,16,,503486,20,0,15 16,1,55,,503469,20,0,15 16,1,12,,503474,20,0,15 16,1,16,,503495,20,0,15 16,1,14,,503460,20,0,15 16,1,57,,503505,20,0,15 16,1,14,,503463,20,0,15 16,1,16,,503503,20,0,15 16,1,16,,503471,20,0,15 16,1,53,,503473,20,0,15 16,1,30,,503466,20,0,15 16,1,70,,503485,20,0,15 16,1,29,,503467,20,0,15 16,1,65,,503488,20,0,15 16,1,30,,503481,20,0,15 16,1,70,,503462,20,0,15 16,1,29,,503506,20,0,15 16,1,30,,503482,20,0,15 16,1,67,,503502,20,0,15 16,1,29,,503475,20,0,15 16,1,73,,503494,20,0,15 16,1,74,,503501,20,0,15 16,1
5700,'8-1',630,,503549,20,0,15 16,1,71,,503555,20,0,15 16,1,30,,503558,20,0,15 16,1,70,,503510,20,0,15 16,1,31,,503548,20,0,15 16,1,73,,503530,20,0,15 16,1,30,,503527,20,0,15 16,1,70,,503531,20,0,15 16,1,27,,503535,20,0,15 16,1,70,,503547,20,0,15 16,1,30,,503523,20,0,15 16,1,70,,503550,20,0,15 16,1,31,,503521,20,0,15 16,1,70,,503559,20,0,15 16,1,33,,503528,20,0,15 16,1,70,,503544,20,0,15 16,1,30,,503541,20,0,15 16,1,69,,503516,20,0,15 16,1,16,,503538,20,0,15 16,1,16,,503560,20,0,15 16,1,16,,503537,20,0,15 16,1,55,,503520,20,0,15 16,1,12,,503525,20,0,15 16,1,16,,503546,20,0,15 16,1,14,,503511,20,0,15 16,1,57,,503556,20,0,15 16,1,14,,503514,20,0,15 16,1,16,,503554,20,0,15 16,1,16,,503522,20,0,15 16,1,53,,503524,20,0,15 16,1,30,,503517,20,0,15 16,1,70,,503536,20,0,15 16,1,29,,503518,20,0,15 16,1,65,,503539,20,0,15 16,1,30,,503532,20,0,15 16,1,70,,503513,20,0,15 16,1,29,,503557,20,0,15 16,1,30,,503533,20,0,15 16,1,67,,503553,20,0,15 16,1,29,,503526,20,0,15 16,1,73,,503545,20,0,15 16,1,74,,503552,20,0,15 16,1
5700,'9-1',630,,503600,20,0,15 16,1,71,,503606,20,0,15 16,1,30,,503609,20,0,15 16,1,70,,503561,20,0,15 16,1,31,,503599,20,0,15 16,1,73,,503581,20,0,15 16,1,30,,503578,20,0,15 16,1,70,,503582,20,0,15 16,1,27,,503586,20,0,15 16,1,70,,503598,20,0,15 16,1,30,,503574,20,0,15 16,1,70,,503601,20,0,15 16,1,31,,503572,20,0,15 16,1,70,,503610,20,0,15 16,1,33,,503579,20,0,15 16,1,70,,503595,20,0,15 16,1,30,,503592,20,0,15 16,1,69,,503567,20,0,15 16,1,16,,503589,20,0,15 16,1,16,,503611,20,0,15 16,1,16,,503588,20,0,15 16,1,55,,503571,20,0,15 16,1,12,,503576,20,0,15 16,1,16,,503597,20,0,15 16,1,14,,503562,20,0,15 16,1,57,,503607,20,0,15 16,1,14,,503565,20,0,15 16,1,16,,503605,20,0,15 16,1,16,,503573,20,0,15 16,1,53,,503575,20,0,15 16,1,30,,503568,20,0,15 16,1,70,,503587,20,0,15 16,1,29,,503569,20,0,15 16,1,65,,503590,20,0,15 16,1,30,,503583,20,0,15 16,1,70,,503564,20,0,15 16,1,29,,503608,20,0,15 16,1,30,,503584,20,0,15 16,1,67,,503604,20,0,15 16,1,29,,503577,20,0,15 16,1,73,,503596,20,0,15 16,1,74,,503603,20,0,15 16,1
6800,'1-1',449,,507810,32,,,1,61,,507820,32,,,1,39,,507827,5,,,1,68,,507825,5,,,1,25,,507787,5,,,1,65,,507781,5,,,1,24,,507831,5,,,1,23,,507796,5,,,1,65,,507790,5,,,1,23,,507799,5,,,1
6800,'3-1',452,,507894,4,,,1,70,,507938,4,,,1
6800,'4-1',452,,507958,4,,,1,70,,507963,4,,,1
6800,'5-1',449,,508025,32,,,1,61,,508035,32,,,1,39,,508042,5,,,1,68,,508040,5,,,1,25,,508002,5,,,1,65,,507996,5,,,1,24,,508046,5,,,1,23,,508011,5,,,1,65,,508005,5,,,1,23,,508014,5,,,1
6800,'7-1',449,,508137,32,,,1,61,,508147,32,,,1,39,,508154,5,,,1,68,,508152,5,,,1,25,,508114,5,,,1,65,,508108,5,,,1,24,,508158,5,,,1,23,,508123,5,,,1,65,,508117,5,,,1,23,,508126,5,,,1
6800,'8-1',449,,508207,32,,,1,61,,508217,32,,,1,39,,508224,5,,,1,68,,508222,5,,,1,25,,508184,5,,,1,65,,508178,5,,,1,24,,508228,5,,,1,23,,508193,5,,,1,65,,508187,5,,,1,23,,508196,5,,,1
6800,'9-1',449,,508277,32,,,1,61,,508287,32,,,1,39,,508294,5,,,1,68,,508292,5,,,1,25,,508254,5,,,1,65,,508248,5,,,1,24,,508298,5,,,1,23,,508263,5,,,1,65,,508257,5,,,1,23,,508266,5,,,1
