6101,'CanDay26-Sunday-11-1',630,,465060,56,,,1,100,,465062,56,,,1,100,,465064,56,,,1,101,,465071,42,,,1,71,,465072,42,,,1,30,,465073,42,,,1,70,,465074,42,,,1,30,,465075,42,,,1,70,,465076,42,,,1,30,,465077,42,,,1,70,,465078,42,,,1,30,,465079,42,,,1,70,,465080,42,,,1,30,,465081,42,,,1,70,,465082,42,,,1,30,,465083,42,,,1,70,,465084,42,,,1,30,,465085,42,,,1,70,,465086,42,,,1,30,,465087,42,,,1,70,,465088,42,,,1,30,,465089,42,,,1,69,,465090,42,,,1,30,,465091,42,,,1,70,,465092,42,,,1,30,,465093,42,,,1,69,,465094,42,,,1,30,,465095,42,,,1,70,,465096,42,,,1,30,,465097,48,,,1,29,,465098,48,,,1,68,,465099,48,,,1,32,,465100,48,,,1,70,,465101,48,,,1
6101,'CivHol26-Saturday-06-1',647,,465126,56,,,1,70,,465127,56,,,1,30,,465129,42,,,1,70,,465130,42,,,1,29,,465131,42,,,1,71,,465132,42,,,1,30,,465133,42,,,1,70,,465134,42,,,1,29,,465135,42,,,1,71,,465136,42,,,1,30,,465137,42,,,1,70,,465138,42,,,1,30,,465139,42,,,1,70,,465140,42,,,1,30,,465141,42,,,1,70,,465142,42,,,1,30,,465143,42,,,1,70,,465144,42,,,1,30,,465145,42,,,1,70,,465146,42,,,1,30,,465147,42,,,1,70,,465148,42,,,1,30,,465149,42,,,1,70,,465150,42,,,1,99,,465152,42,,,1,100,,465154,42,,,1,30,,465155,42,,,1,69,,465156,42,,,1,30,,465157,42,,,1,70,,465158,42,,,1,30,,465159,42,,,1,69,,465160,42,,,1,30,,465161,42,,,1,70,,465162,42,,,1
6101,'JUNDA26-Weekday-05-1',627,,465171,46,,,1,30,,465172,46,,,1,64,,465173,45,,,1,26,,465174,41,,,1,68,,465175,41,,,1,32,,465176,41,,,1,70,,465177,41,,,1,30,,465178,41,,,1,70,,465179,41,,,1,30,,465180,41,,,1,70,,465181,41,,,1,28,,465182,41,,,1,70,,465183,41,,,1,30,,465184,41,,,1,70,,465185,41,,,1,30,,465186,41,,,1,73,,465187,41,,,1,30,,465188,41,,,1,72,,465189,41,,,1,32,,465190,41,,,1,68,,465191,41,,,1,26,,465192,41,,,1,72,,465193,41,,,1,32,,465194,41,,,1,72,,465195,41,,,1,14,,465196,41,,,1,13,,465197,41,,,1,55,,465198,41,,,1,15,,465199,41,,,1,27,,465200,41,,,1,70,,465201,41,,,1,28,,465202,41,,,1,70,,465203,41,,,1,30,,465204,41,,,1,70,,465205,41,,,1,28,,465206,41,,,1,75,,465207,42,,,1,30,,465208,42,,,1,70,,465209,42,,,1
6101,'JUNSA26-Saturday-06-1',647,,465225,56,,,1,70,,465226,56,,,1,30,,465228,42,,,1,70,,465229,42,,,1,29,,465230,42,,,1,71,,465231,42,,,1,30,,465232,42,,,1,70,,465233,42,,,1,29,,465234,42,,,1,71,,465235,42,,,1,30,,465236,42,,,1,70,,465237,42,,,1,30,,465238,42,,,1,70,,465239,42,,,1,30,,465240,42,,,1,70,,465241,42,,,1,30,,465242,42,,,1,70,,465243,42,,,1,30,,465244,42,,,1,70,,465245,42,,,1,30,,465246,42,,,1,70,,465247,42,,,1,30,,465248,42,,,1,70,,465249,42,,,1,99,,465251,42,,,1,100,,465253,42,,,1,30,,465254,42,,,1,69,,465255,42,,,1,30,,465256,42,,,1,70,,465257,42,,,1,30,,465258,42,,,1,69,,465259,42,,,1,30,,465260,42,,,1,70,,465261,42,,,1
6101,'JUNSU26-Sunday-04-1',630,,465268,56,,,1,100,,465270,56,,,1,100,,465271,56,,,1,101,,465279,42,,,1,71,,465280,42,,,1,30,,465281,42,,,1,70,,465282,42,,,1,30,,465283,42,,,1,70,,465284,42,,,1,30,,465285,42,,,1,70,,465286,42,,,1,30,,465287,42,,,1,70,,465288,42,,,1,30,,465289,42,,,1,70,,465290,42,,,1,100,,465291,42,,,1,30,,465292,42,,,1,70,,465293,42,,,1,30,,465294,42,,,1,70,,465295,42,,,1,99,,465296,42,,,1,30,,465297,42,,,1,70,,465298,42,,,1,99,,465300,42,,,1,100,,465302,42,,,1,30,,465303,42,,,1,99,,465305,42,,,1
16301,'CanDay26-Sunday-11-1',751,,475589,34,,,1,100,,475590,34,,,1,70,,475591,34,,,1,30,,475592,34,,,1,70,,475593,34,,,1,30,,475594,34,,,1,70,,475595,34,,,1,30,,475596,34,,,1,70,,475597,34,,,1,30,,475598,34,,,1,70,,475599,34,,,1,30,,475600,34,,,1,70,,475601,34,,,1,30,,475602,34,,,1,70,,475603,34,,,1,30,,475604,34,,,1,70,,475605,34,,,1,30,,475606,34,,,1,70,,475607,34,,,1,100,,475608,34,,,1,100,,475609,34,,,1
16301,'CivHol26-Saturday-06-1',751,,475610,34,,,1,70,,475611,34,,,1,30,,475612,34,,,1,70,,475613,34,,,1,30,,475614,34,,,1,70,,475615,34,,,1,30,,475616,34,,,1,70,,475617,34,,,1,30,,475618,34,,,1,70,,475619,34,,,1,30,,475620,34,,,1,70,,475621,34,,,1,30,,475622,34,,,1,70,,475623,34,,,1,30,,475624,34,,,1,70,,475625,34,,,1,30,,475626,34,,,1,70,,475627,34,,,1,30,,475628,34,,,1,70,,475629,34,,,1,100,,475630,34,,,1,100,,475631,34,,,1,100,,475632,34,,,1,100,,475633,34,,,1,100,,475634,34,,,1
16301,'JUNDA26-Weekday-05-1',629,,475635,34,,,1,30,,475636,34,,,1,68,,475637,34,,,1,32,,475638,34,,,1,70,,475639,34,,,1,72,,475640,34,,,1,22,,475641,34,,,1,30,,475642,34,,,1,70,,475643,34,,,1,30,,475644,34,,,1,70,,475645,34,,,1,30,,475646,34,,,1,70,,475647,34,,,1,30,,475648,34,,,1,70,,475649,34,,,1,30,,475650,34,,,1,70,,475651,34,,,1,78,,475652,34,,,1,30,,475653,34,,,1,70,,475654,34,,,1,30,,475664,34,,,1,70,,475655,34,,,1,30,,475656,34,,,1,70,,475665,34,,,1,25,,475657,34,,,1,30,,475658,34,,,1,70,,475659,34,,,1,30,,475660,34,,,1,65,,475661,34,,,1,100,,475662,34,,,1,100,,475663,34,,,1
16301,'JUNSA26-Saturday-06-1',751,,475666,34,,,1,70,,475667,34,,,1,30,,475668,34,,,1,70,,475669,34,,,1,30,,475670,34,,,1,70,,475671,34,,,1,30,,475672,34,,,1,70,,475673,34,,,1,30,,475674,34,,,1,70,,475675,34,,,1,30,,475676,34,,,1,70,,475677,34,,,1,30,,475678,34,,,1,70,,475679,34,,,1,100,,475680,34,,,1,100,,475681,34,,,1,30,,475682,34,,,1,70,,475683,34,,,1,100,,475684,34,,,1,100,,475685,34,,,1,100,,475686,34,,,1,100,,475687,34,,,1,100,,475688,34,,,1
16301,'JUNSU26-Sunday-04-1',751,,475689,34,,,1,100,,475690,34,,,1,70,,475691,34,,,1,30,,475692,34,,,1,100,,475693,34,,,1,100,,475694,34,,,1,100,,475695,34,,,1,100,,475696,34,,,1,70,,475697,34,,,1,30,,475698,34,,,1,70,,475699,34,,,1,30,,475700,34,,,1,70,,475701,34,,,1,30,,475702,34,,,1,70,,475703,34,,,1,100,,475704,34,,,1,100,,475705,34,,,1
