7501,'1-1',536,,604874,56,4,,1,79,,604912,42,4,,1,29,,604851,42,4,,1,72,,604859,42,4,,1,30,,604917,42,4,,1,73,,604887,42,4,,1,27,,604840,42,4,,1,75,,604878,42,4,,1,29,,604898,42,4,,1,57,,604842,42,4,,1,15,,604841,42,4,,1,15,,604868,42,4,,1,15,,604861,42,4,,1,55,,604889,42,4,,1,15,,604832,42,4,,1,15,,604825,42,4,,1,15,,604839,42,4,,1,55,,604837,42,4,,1,15,,604828,42,4,,1,15,,604846,42,4,,1,15,,604844,42,4,,1,70,,604847,42,4,,1,30,,604893,42,4,,1,70,,604864,42,4,,1,30,,604879,42,4,,1,56,,604850,42,4,,1,15,,604916,42,4,,1,14,,604884,42,4,,1,15,,604867,42,4,,1,62,,604845,42,4,,1,18,,604834,42,4,,1,15,,604900,42,4,,1,55,,604871,42,4,,1,15,,604890,42,4,,1,9,,604895,42,4,,1,13,,604881,42,4,,1,15,,604876,42,4,,1,54,,604849,42,4,,1,16,,604858,42,4,,1,14,,604854,42,4,,1,13,,604910,42,4,,1,50,,604883,42,4,,1,15,,604838,42,4,,1,14,,604886,42,4,,1,15,,604848,42,4,,1,66,,604865,42,4,,1,30,,604913,42,4,,1,71,,604830,42,4,,1,29,,604835,42,4,,1,70,,604914,42,4,,1,30,,604873,42,4,,1,76,,604901,42,4,,1,30,,604882,42,4,,1
7501,'10-1',536,,604975,56,4,,1,79,,604951,42,4,,1,29,,604980,42,4,,1,72,,604972,42,4,,1,30,,604922,42,4,,1,73,,604935,42,4,,1,27,,604921,42,4,,1,75,,604927,42,4,,1,29,,604924,42,4,,1,57,,605006,42,4,,1,15,,604943,42,4,,1,15,,604930,42,4,,1,15,,605001,42,4,,1,55,,604939,42,4,,1,15,,604958,42,4,,1,15,,604918,42,4,,1,15,,604931,42,4,,1,55,,604928,42,4,,1,15,,604989,42,4,,1,15,,604982,42,4,,1,15,,604967,42,4,,1,70,,604994,42,4,,1,30,,604974,42,4,,1,70,,604969,42,4,,1,30,,604926,42,4,,1,56,,604970,42,4,,1,15,,604962,42,4,,1,14,,604949,42,4,,1,15,,604946,42,4,,1,62,,604992,42,4,,1,18,,604978,42,4,,1,15,,604955,42,4,,1,55,,604948,42,4,,1,15,,605004,42,4,,1,9,,604985,42,4,,1,13,,604965,42,4,,1,15,,604996,42,4,,1,54,,604938,42,4,,1,16,,604991,42,4,,1,14,,604979,42,4,,1,13,,604986,42,4,,1,50,,604990,42,4,,1,15,,604964,42,4,,1,14,,604995,42,4,,1,15,,604971,42,4,,1,66,,604960,42,4,,1,30,,604925,42,4,,1,71,,604998,42,4,,1,29,,604983,42,4,,1,70,,604954,42,4,,1,30,,604981,42,4,,1,76,,604947,42,4,,1,30,,604940,42,4,,1
7501,'11-1',536,,605068,56,4,,1,79,,605044,42,4,,1,29,,605073,42,4,,1,72,,605065,42,4,,1,30,,605015,42,4,,1,73,,605028,42,4,,1,27,,605014,42,4,,1,75,,605020,42,4,,1,29,,605017,42,4,,1,57,,605099,42,4,,1,15,,605036,42,4,,1,15,,605023,42,4,,1,15,,605094,42,4,,1,55,,605032,42,4,,1,15,,605051,42,4,,1,15,,605011,42,4,,1,15,,605024,42,4,,1,55,,605021,42,4,,1,15,,605082,42,4,,1,15,,605075,42,4,,1,15,,605060,42,4,,1,70,,605087,42,4,,1,30,,605067,42,4,,1,70,,605062,42,4,,1,30,,605019,42,4,,1,56,,605063,42,4,,1,15,,605055,42,4,,1,14,,605042,42,4,,1,15,,605039,42,4,,1,62,,605085,42,4,,1,18,,605071,42,4,,1,15,,605048,42,4,,1,55,,605041,42,4,,1,15,,605097,42,4,,1,9,,605078,42,4,,1,13,,605058,42,4,,1,15,,605089,42,4,,1,54,,605031,42,4,,1,16,,605084,42,4,,1,14,,605072,42,4,,1,13,,605079,42,4,,1,50,,605083,42,4,,1,15,,605057,42,4,,1,14,,605088,42,4,,1,15,,605064,42,4,,1,66,,605053,42,4,,1,30,,605018,42,4,,1,71,,605091,42,4,,1,29,,605076,42,4,,1,70,,605047,42,4,,1,30,,605074,42,4,,1,76,,605040,42,4,,1,30,,605033,42,4,,1
7501,'2-1',536,,605161,56,4,,1,79,,605137,42,4,,1,29,,605166,42,4,,1,72,,605158,42,4,,1,30,,605108,42,4,,1,73,,605121,42,4,,1,27,,605107,42,4,,1,75,,605113,42,4,,1,29,,605110,42,4,,1,57,,605192,42,4,,1,15,,605129,42,4,,1,15,,605116,42,4,,1,15,,605187,42,4,,1,55,,605125,42,4,,1,15,,605144,42,4,,1,15,,605104,42,4,,1,15,,605117,42,4,,1,55,,605114,42,4,,1,15,,605175,42,4,,1,15,,605168,42,4,,1,15,,605153,42,4,,1,70,,605180,42,4,,1,30,,605160,42,4,,1,70,,605155,42,4,,1,30,,605112,42,4,,1,56,,605156,42,4,,1,15,,605148,42,4,,1,14,,605135,42,4,,1,15,,605132,42,4,,1,62,,605178,42,4,,1,18,,605164,42,4,,1,15,,605141,42,4,,1,55,,605134,42,4,,1,15,,605190,42,4,,1,9,,605171,42,4,,1,13,,605151,42,4,,1,15,,605182,42,4,,1,54,,605124,42,4,,1,16,,605177,42,4,,1,14,,605165,42,4,,1,13,,605172,42,4,,1,50,,605176,42,4,,1,15,,605150,42,4,,1,14,,605181,42,4,,1,15,,605157,42,4,,1,66,,605146,42,4,,1,30,,605111,42,4,,1,71,,605184,42,4,,1,29,,605169,42,4,,1,70,,605140,42,4,,1,30,,605167,42,4,,1,76,,605133,42,4,,1,30,,605126,42,4,,1
7501,'3-1',723,,605258,56,4,,1,105,,605244,56,4,,1,102,,605215,42,4,,1,70,,605203,42,4,,1,30,,605248,42,4,,1,100,,605200,42,4,,1,70,,605225,42,4,,1,100,,605201,42,4,,1,30,,605204,42,4,,1,70,,605213,42,4,,1,30,,605226,42,4,,1,70,,605239,42,4,,1,30,,605209,42,4,,1,70,,605235,42,4,,1,30,,605220,42,4,,1,70,,605234,42,4,,1,30,,605217,42,4,,1,70,,605252,42,4,,1,30,,605263,42,4,,1,70,,605247,42,4,,1,30,,605243,42,4,,1
7501,'4-1',723,,605321,56,4,,1,105,,605331,56,4,,1,30,,605285,56,4,,1,72,,605354,42,4,,1,70,,605315,42,4,,1,15,,605411,42,4,,1,15,,605296,42,4,,1,15,,605297,42,4,,1,55,,605410,42,4,,1,15,,605434,42,4,,1,15,,605391,42,4,,1,15,,605412,42,4,,1,55,,605445,42,4,,1,15,,605380,42,4,,1,15,,605294,42,4,,1,15,,605436,42,4,,1,55,,605407,42,4,,1,15,,605279,42,4,,1,15,,605339,42,4,,1,15,,605372,42,4,,1,55,,605300,42,4,,1,15,,605376,42,4,,1,15,,605363,42,4,,1,15,,605433,42,4,,1,55,,605400,42,4,,1,15,,605415,42,4,,1,15,,605330,42,4,,1,15,,605402,42,4,,1,55,,605347,42,4,,1,15,,605269,42,4,,1,15,,605419,42,4,,1,15,,605370,42,4,,1,55,,605390,42,4,,1,15,,605352,42,4,,1,15,,605368,42,4,,1,15,,605357,42,4,,1,55,,605361,42,4,,1,15,,605325,42,4,,1,15,,605362,42,4,,1,15,,605365,42,4,,1,55,,605396,42,4,,1,15,,605291,42,4,,1,15,,605326,42,4,,1,15,,605399,42,4,,1,55,,605395,42,4,,1,13,,605421,42,4,,1,15,,605356,42,4,,1,15,,605344,42,4,,1,15,,605385,42,4,,1,55,,605329,42,4,,1,15,,605278,42,4,,1,15,,605287,42,4,,1,15,,605447,42,4,,1,71,,605313,47,4,,0,15,,605295,47,4,,1,15,,605430,47,4,,1,70,,605273,47,4,,1,30,,605323,47,4,,1,70,,605371,47,4,,1,30,,605341,56,4,,0,70,,605348,56,4,,1,30,,605393,56,4,,1,70,,605309,56,4,,1,30,,605427,56,4,,1
7501,'5-1',655,,605510,56,4,,1,90,,605465,42,4,,1,85,,605496,42,4,,1,72,,605459,42,4,,1,30,,605508,42,4,,1,70,,605455,42,4,,1,30,,605522,42,4,,1,70,,605467,42,4,,1,30,,605483,42,4,,1,70,,605474,42,4,,1,30,,605470,42,4,,1,15,,605473,42,4,,1,55,,605523,42,4,,1,15,,605519,42,4,,1,15,,605504,42,4,,1,70,,605527,42,4,,1,30,,605505,42,4,,1,70,,605477,42,4,,1,30,,605466,42,4,,1,15,,605502,42,4,,1,70,,605520,42,4,,1,15,,605498,42,4,,1,70,,605490,42,4,,1,30,,605514,42,4,,1,70,,605458,42,4,,1,100,,605451,42,4,,1,30,,605525,42,4,,1,68,,605515,42,4,,1,100,,605480,42,4,,1,30,,605475,42,4,,1,70,,605488,42,4,,1,30,,605526,42,4,,1
7501,'6-1',536,,605585,56,4,,1,79,,605561,42,4,,1,29,,605590,42,4,,1,72,,605582,42,4,,1,30,,605532,42,4,,1,73,,605545,42,4,,1,27,,605531,42,4,,1,75,,605537,42,4,,1,29,,605534,42,4,,1,57,,605616,42,4,,1,15,,605553,42,4,,1,15,,605540,42,4,,1,15,,605611,42,4,,1,55,,605549,42,4,,1,15,,605568,42,4,,1,15,,605528,42,4,,1,15,,605541,42,4,,1,55,,605538,42,4,,1,15,,605599,42,4,,1,15,,605592,42,4,,1,15,,605577,42,4,,1,70,,605604,42,4,,1,30,,605584,42,4,,1,70,,605579,42,4,,1,30,,605536,42,4,,1,56,,605580,42,4,,1,15,,605572,42,4,,1,14,,605559,42,4,,1,15,,605556,42,4,,1,62,,605602,42,4,,1,18,,605588,42,4,,1,15,,605565,42,4,,1,55,,605558,42,4,,1,15,,605614,42,4,,1,9,,605595,42,4,,1,13,,605575,42,4,,1,15,,605606,42,4,,1,54,,605548,42,4,,1,16,,605601,42,4,,1,14,,605589,42,4,,1,13,,605596,42,4,,1,50,,605600,42,4,,1,15,,605574,42,4,,1,14,,605605,42,4,,1,15,,605581,42,4,,1,66,,605570,42,4,,1,30,,605535,42,4,,1,71,,605608,42,4,,1,29,,605593,42,4,,1,70,,605564,42,4,,1,30,,605591,42,4,,1,76,,605557,42,4,,1,30,,605550,42,4,,1
7501,'7-1',723,,605682,56,4,,1,105,,605668,56,4,,1,102,,605639,42,4,,1,70,,605627,42,4,,1,30,,605672,42,4,,1,100,,605624,42,4,,1,70,,605649,42,4,,1,100,,605625,42,4,,1,30,,605628,42,4,,1,70,,605637,42,4,,1,30,,605650,42,4,,1,70,,605663,42,4,,1,30,,605633,42,4,,1,70,,605659,42,4,,1,30,,605644,42,4,,1,70,,605658,42,4,,1,30,,605641,42,4,,1,70,,605676,42,4,,1,30,,605687,42,4,,1,70,,605671,42,4,,1,30,,605667,42,4,,1
7501,'8-1',536,,605750,56,4,,1,79,,605726,42,4,,1,29,,605755,42,4,,1,72,,605747,42,4,,1,30,,605697,42,4,,1,73,,605710,42,4,,1,27,,605696,42,4,,1,75,,605702,42,4,,1,29,,605699,42,4,,1,57,,605781,42,4,,1,15,,605718,42,4,,1,15,,605705,42,4,,1,15,,605776,42,4,,1,55,,605714,42,4,,1,15,,605733,42,4,,1,15,,605693,42,4,,1,15,,605706,42,4,,1,55,,605703,42,4,,1,15,,605764,42,4,,1,15,,605757,42,4,,1,15,,605742,42,4,,1,70,,605769,42,4,,1,30,,605749,42,4,,1,70,,605744,42,4,,1,30,,605701,42,4,,1,56,,605745,42,4,,1,15,,605737,42,4,,1,14,,605724,42,4,,1,15,,605721,42,4,,1,62,,605767,42,4,,1,18,,605753,42,4,,1,15,,605730,42,4,,1,55,,605723,42,4,,1,15,,605779,42,4,,1,9,,605760,42,4,,1,13,,605740,42,4,,1,15,,605771,42,4,,1,54,,605713,42,4,,1,16,,605766,42,4,,1,14,,605754,42,4,,1,13,,605761,42,4,,1,50,,605765,42,4,,1,15,,605739,42,4,,1,14,,605770,42,4,,1,15,,605746,42,4,,1,66,,605735,42,4,,1,30,,605700,42,4,,1,71,,605773,42,4,,1,29,,605758,42,4,,1,70,,605729,42,4,,1,30,,605756,42,4,,1,76,,605722,42,4,,1,30,,605715,42,4,,1
7501,'9-1',655,,605839,56,4,,1,90,,605841,42,4,,1,85,,605824,42,4,,1,72,,605789,42,4,,1,30,,605849,42,4,,1,70,,605844,42,4,,1,30,,605826,42,4,,1,70,,605825,42,4,,1,30,,605831,42,4,,1,70,,605813,42,4,,1,30,,605804,42,4,,1,15,,605801,42,4,,1,55,,605802,42,4,,1,15,,605865,42,4,,1,15,,605858,42,4,,1,70,,605842,42,4,,1,30,,605850,42,4,,1,70,,605847,42,4,,1,30,,605856,42,4,,1,15,,605854,42,4,,1,55,,605829,42,4,,1,15,,605795,42,4,,1,15,,605815,42,4,,1,70,,605853,42,4,,1,30,,605807,42,4,,1,70,,605836,42,4,,1,30,,605862,42,4,,1,70,,605791,42,4,,1,30,,605786,42,4,,1,68,,605817,42,4,,1,30,,605823,42,4,,1,70,,605834,42,4,,1,30,,605810,42,4,,1,70,,605840,42,4,,1,30,,605830,42,4,,1
