6700,'CanDay26-Sunday-12-1',749,,549002,18,0,9 10,1,100,,549003,18,0,9 10,1,100,,549004,18,0,9 10,1,70,,549005,18,0,9 10,1,30,,549006,18,0,9 10,1,70,,549007,18,0,9 10,1,30,,549008,18,0,9 10,1,70,,549009,18,0,9 10,1,30,,549010,18,0,9 10,1,70,,549011,18,0,9 10,1,30,,549012,18,0,9 10,1,70,,549013,18,0,9 10,1,30,,549014,18,0,9 10,1,70,,549015,18,0,9 10,1,30,,549016,18,0,9 10,1,70,,549017,18,0,9 10,1,30,,549018,18,0,9 10,1,70,,549019,18,0,9 10,1,100,,549020,18,0,9 10,1,100,,549021,18,0,9 10,1
6700,'CivHol26-Saturday-07-1',722,,549022,18,0,9 10,1,100,,549023,18,0,9 10,1,30,,549024,18,0,9 10,1,70,,549025,18,0,9 10,1,30,,549026,18,0,9 10,1,70,,549027,18,0,9 10,1,30,,549028,18,0,9 10,1,70,,549029,18,0,9 10,1,30,,549030,18,0,9 10,1,70,,549031,18,0,9 10,1,30,,549032,18,0,9 10,1,70,,549033,18,0,9 10,1,30,,549034,18,0,9 10,1,70,,549035,18,0,9 10,1,30,,549036,18,0,9 10,1,70,,549037,18,0,9 10,1,30,,549038,18,0,9 10,1,70,,549039,18,0,9 10,1,30,,549040,18,0,9 10,1,70,,549041,18,0,9 10,1,100,,549042,18,0,9 10,1,100,,549043,18,0,9 10,1,100,,549044,18,0,9 10,1,100,,549045,18,0,9 10,1
6700,'JUNDA26-Weekday-06-1',606,,549046,18,,,1,40,,549047,18,,,1,70,,549048,18,,,1,27,,549049,18,,,1,72,,549050,18,,,1,30,,549051,18,,,1,70,,549052,18,0,9 10,1,29,,549053,18,0,9 10,1,70,,549054,18,0,9 10,1,30,,549055,18,0,9 10,1,70,,549056,18,0,9 10,1,28,,549057,18,0,9 10,1,70,,549058,18,0,9 10,1,31,,549059,18,0,9 10,1,70,,549060,18,0,9 10,1,30,,549061,18,0,9 10,1,70,,549062,18,0,9 10,1,31,,549063,18,0,9 10,1,71,,549064,18,0,9 10,1,31,,549065,18,0,9 10,1,70,,549066,18,0,9 10,1,31,,549067,18,0,9 10,1,74,,549068,18,0,9 10,1,30,,549069,18,0,9 10,1,71,,549070,18,0,9 10,1,30,,549071,18,0,9 10,1,70,,549072,18,0,9 10,1,29,,549073,18,0,9 10,1,68,,549076,18,0,9 10,1,25,,549074,18,0,9 10,1,100,,549075,18,0,9 10,1
6700,'JUNSA26-Saturday-07-1',722,,549077,18,0,9 10,1,100,,549078,18,0,9 10,1,30,,549079,18,0,9 10,1,70,,549080,18,0,9 10,1,30,,549081,18,0,9 10,1,70,,549082,18,0,9 10,1,30,,549083,18,0,9 10,1,70,,549084,18,0,9 10,1,30,,549085,18,0,9 10,1,70,,549086,18,0,9 10,1,30,,549087,18,0,9 10,1,70,,549088,18,0,9 10,1,30,,549089,18,0,9 10,1,70,,549090,18,0,9 10,1,30,,549091,18,0,9 10,1,70,,549092,18,0,9 10,1,30,,549093,18,0,9 10,1,70,,549094,18,0,9 10,1,30,,549095,18,0,9 10,1,70,,549096,18,0,9 10,1,100,,549097,18,0,9 10,1,100,,549098,18,0,9 10,1,100,,549099,18,0,9 10,1,100,,549100,18,0,9 10,1
6700,'JUNSU26-Sunday-05-1',749,,549101,18,0,9 10,1,100,,549102,18,0,9 10,1,100,,549103,18,0,9 10,1,70,,549104,18,0,9 10,1,30,,549105,18,0,9 10,1,70,,549106,18,0,9 10,1,30,,549107,18,0,9 10,1,100,,549108,18,0,9 10,1,70,,549109,18,0,9 10,1,30,,549110,18,0,9 10,1,70,,549111,18,0,9 10,1,30,,549112,18,0,9 10,1,100,,549113,18,0,9 10,1,70,,549114,18,0,9 10,1,100,,549115,18,0,9 10,1,100,,549116,18,0,9 10,1,100,,549117,18,0,9 10,1
6700,'RBJul03-Weekday-01-1',606,,549118,18,,,1,40,,549119,18,,,1,70,,549120,18,,,1,27,,549121,18,,,1,72,,549122,18,,,1,30,,549123,18,,,1,70,,549124,18,0,9 10,1,29,,549125,18,0,9 10,1,70,,549126,18,0,9 10,1,30,,549127,18,0,9 10,1,70,,549128,18,0,9 10,1,28,,549129,18,0,9 10,1,70,,549130,18,0,9 10,1,31,,549131,18,0,9 10,1,70,,549132,18,0,9 10,1,30,,549133,18,0,9 10,1,70,,549134,18,0,9 10,1,31,,549135,18,0,9 10,1,71,,549136,18,0,9 10,1,31,,549137,18,0,9 10,1,70,,549138,18,0,9 10,1,31,,549139,18,0,9 10,1,74,,549140,18,0,9 10,1,30,,549141,18,0,9 10,1,71,,549142,18,0,9 10,1,30,,549143,18,0,9 10,1,70,,549144,18,0,9 10,1,29,,549145,18,0,9 10,1,68,,549148,18,0,9 10,1,25,,549146,18,0,9 10,1,100,,549147,18,0,9 10,1
6801,'CanDay26-Sunday-12-1',711,,549618,43,,,1,30,,549619,43,,,1,70,,549620,43,,,1,33,,549621,43,,,1,70,,549622,43,,,1,30,,549623,43,,,1,70,,549624,43,,,1,31,,549625,43,,,1,70,,549626,43,,,1,30,,549627,43,,,1,61,,549628,43,,,1,20,,549629,43,,,1,20,,549630,43,,,1,60,,549631,43,,,1,20,,549632,43,,,1,20,,549633,43,,,1,60,,549634,43,,,1,20,,549635,43,,,1,20,,549636,43,,,1,60,,549637,43,,,1,20,,549638,43,,,1,20,,549639,43,,,1,60,,549640,43,,,1,20,,549641,43,,,1,20,,549642,43,,,1,60,,549643,43,,,1,20,,549644,43,,,1,20,,549645,43,,,1,60,,549646,43,,,1,27,,549647,43,,,1,70,,549648,43,,,1,30,,549649,43,,,1,70,,549650,43,,,1,30,,549651,43,,,1,68,,549652,43,,,1,30,,549653,43,,,1,70,,549654,43,,,1,58,,549655,43,,,1,70,,549656,43,,,1,100,,549657,43,,,1,30,,549658,43,,,1,70,,549659,43,,,1
6801,'CivHol26-Saturday-07-1',714,,549660,43,,,1,30,,549661,43,,,1,70,,549662,43,,,1,33,,549663,43,,,1,71,,549664,43,,,1,30,,549665,43,,,1,70,,549666,43,,,1,31,,549667,43,,,1,71,,549668,43,,,1,31,,549669,43,,,1,70,,549670,43,,,1,15,,549671,43,,,1,15,,549672,43,,,1,55,,549673,43,,,1,15,,549674,43,,,1,15,,549675,43,,,1,15,,549676,43,,,1,55,,549677,43,,,1,15,,549678,43,,,1,15,,549679,43,,,1,15,,549680,43,,,1,55,,549681,43,,,1,15,,549682,43,,,1,15,,549683,43,,,1,15,,549684,43,,,1,55,,549685,43,,,1,15,,549686,43,,,1,15,,549687,43,,,1,15,,549688,43,,,1,55,,549689,43,,,1,15,,549690,43,,,1,15,,549691,43,,,1,15,,549692,43,,,1,55,,549693,43,,,1,15,,549694,43,,,1,15,,549695,43,,,1,15,,549696,43,,,1,55,,549697,43,,,1,15,,549698,43,,,1,30,,549699,43,,,1,70,,549700,43,,,1,28,,549701,43,,,1,70,,549702,43,,,1,30,,549703,43,,,1,70,,549704,43,,,1,28,,549705,43,,,1,70,,549706,43,,,1,30,,549707,43,,,1,70,,549708,43,,,1,30,,549709,43,,,1,70,,549710,43,,,1
6801,'JUNDA26-Weekday-06-1',514,,549711,48,,,1,30,,549712,48,,,1,72,,549713,48,,,1,36,,549714,43,,,1,61,,549715,43,,,1,16,,549716,43,,,1,15,,549717,43,,,1,59,,549718,43,,,1,27,,549719,43,,,1,17,,549720,43,,,1,61,,549721,43,,,1,19,,549722,43,,,1,20,,549723,43,,,1,55,,549724,43,,,1,15,,549725,43,,,1,14,,549726,43,,,1,15,,549727,43,,,1,55,,549728,43,,,1,15,,549729,43,,,1,15,,549730,43,,,1,17,,549731,43,,,1,57,,549732,43,,,1,15,,549733,43,,,1,15,,549734,43,,,1,15,,549735,43,,,1,56,,549736,43,,,1,16,,549737,43,,,1,15,,549738,43,,,1,15,,549739,43,,,1,55,,549740,43,,,1,15,,549741,43,,,1,19,,549742,43,,,1,15,,549743,43,,,1,53,,549744,43,,,1,17,,549776,43,,,1,15,,549745,43,,,1,15,,549746,43,,,1,76,,549752,43,,,1,21,,549753,43,,,1,64,,549777,43,,,1,24,,549754,43,,,1,61,,549755,43,,,1,23,,549756,43,,,1,23,,549757,43,,,1,52,,549758,43,,,1,30,,549778,43,,,1,19,,549759,43,,,1,58,,549760,43,,,1,20,,549761,43,,,1,20,,549762,43,,,1,60,,549763,43,,,1,20,,549779,43,,,1,20,,549764,43,,,1,60,,549765,43,,,1,19,,549766,43,,,1,18,,549767,43,,,1,60,,549768,43,,,1,20,,549769,43,,,1,16,,549770,43,,,1,62,,549771,43,,,1,26,,549772,43,,,1,30,,549773,43,,,1,71,,549774,43,,,1,29,,549775,43,,,1
6801,'JUNSA26-Saturday-07-1',714,,549781,43,,,1,100,,549782,43,,,1,33,,549783,43,,,1,101,,549784,43,,,1,70,,549785,43,,,1,102,,549786,43,,,1,31,,549787,43,,,1,85,,549788,43,,,1,15,,549789,43,,,1,70,,549790,43,,,1,15,,549791,43,,,1,15,,549792,43,,,1,70,,549793,43,,,1,15,,549794,43,,,1,15,,549795,43,,,1,55,,549796,43,,,1,15,,549797,43,,,1,30,,549798,43,,,1,55,,549799,43,,,1,15,,549800,43,,,1,15,,549801,43,,,1,15,,549802,43,,,1,55,,549803,43,,,1,15,,549804,43,,,1,15,,549805,43,,,1,15,,549806,43,,,1,55,,549807,43,,,1,15,,549808,43,,,1,15,,549809,43,,,1,70,,549810,43,,,1,15,,549811,43,,,1,30,,549812,43,,,1,98,,549813,43,,,1,70,,549814,43,,,1,100,,549815,43,,,1,28,,549816,43,,,1,70,,549817,43,,,1,30,,549818,43,,,1,70,,549819,43,,,1,30,,549820,43,,,1,70,,549821,43,,,1
6801,'JUNSU26-Sunday-05-1',711,,549822,43,,,1,30,,549823,43,,,1,70,,549824,43,,,1,33,,549825,43,,,1,70,,549826,43,,,1,30,,549827,43,,,1,70,,549828,43,,,1,31,,549829,43,,,1,70,,549830,43,,,1,30,,549831,43,,,1,61,,549832,43,,,1,20,,549833,43,,,1,20,,549834,43,,,1,60,,549835,43,,,1,20,,549836,43,,,1,20,,549837,43,,,1,60,,549838,43,,,1,20,,549839,43,,,1,20,,549840,43,,,1,60,,549841,43,,,1,20,,549842,43,,,1,20,,549843,43,,,1,60,,549844,43,,,1,20,,549845,43,,,1,20,,549846,43,,,1,60,,549847,43,,,1,20,,549848,43,,,1,20,,549849,43,,,1,60,,549850,43,,,1,27,,549851,43,,,1,70,,549852,43,,,1,30,,549853,43,,,1,70,,549854,43,,,1,30,,549855,43,,,1,68,,549856,43,,,1,30,,549857,43,,,1,70,,549858,43,,,1,30,,549859,43,,,1,28,,549860,43,,,1,70,,549861,43,,,1,30,,549862,43,,,1,70,,549863,43,,,1
6801,'RBJul03-Weekday-01-1',514,,549864,48,,,1,30,,549865,48,,,1,72,,549866,48,,,1,36,,549867,43,,,1,61,,549868,43,,,1,16,,549869,43,,,1,15,,549870,43,,,1,59,,549871,43,,,1,27,,549872,43,,,1,17,,549873,43,,,1,61,,549874,43,,,1,19,,549875,43,,,1,20,,549876,43,,,1,55,,549877,43,,,1,15,,549878,43,,,1,14,,549879,43,,,1,15,,549880,43,,,1,55,,549881,43,,,1,15,,549882,43,,,1,15,,549883,43,,,1,17,,549884,43,,,1,57,,549885,43,,,1,15,,549886,43,,,1,15,,549887,43,,,1,15,,549888,43,,,1,56,,549889,43,,,1,16,,549890,43,,,1,15,,549891,43,,,1,15,,549892,43,,,1,55,,549893,43,,,1,15,,549894,43,,,1,19,,549895,43,,,1,15,,549896,43,,,1,53,,549897,43,,,1,17,,549929,43,,,1,15,,549898,43,,,1,15,,549899,43,,,1,76,,549905,43,,,1,21,,549906,43,,,1,64,,549930,43,,,1,24,,549907,43,,,1,61,,549908,43,,,1,23,,549909,43,,,1,23,,549910,43,,,1,52,,549911,43,,,1,30,,549931,43,,,1,19,,549912,43,,,1,58,,549913,43,,,1,20,,549914,43,,,1,20,,549915,43,,,1,60,,549916,43,,,1,20,,549932,43,,,1,20,,549917,43,,,1,60,,549918,43,,,1,19,,549919,43,,,1,18,,549920,43,,,1,60,,549921,43,,,1,20,,549922,43,,,1,16,,549923,43,,,1,62,,549924,43,,,1,26,,549925,43,,,1,30,,549926,43,,,1,71,,549927,43,,,1,29,,549928,43,,,1
16201,'CanDay26-Sunday-12-1',732,,560804,14,,,1,100,,560805,14,,,1,100,,560806,14,,,1,101,,560807,14,,,1,100,,560808,14,,,1,100,,560809,14,,,1,100,,560810,14,,,1,100,,560811,14,,,1,100,,560812,14,,,1,100,,560813,14,,,1,100,,560814,14,,,1,99,,560815,14,,,1,100,,560816,14,,,1,100,,560817,14,,,1,100,,560818,14,,,1,100,,560819,14,,,1
16201,'CivHol26-Saturday-07-1',702,,560820,14,,,1,100,,560821,14,,,1,100,,560822,14,,,1,100,,560823,14,,,1,101,,560824,14,,,1,100,,560825,14,,,1,100,,560826,14,,,1,100,,560827,14,,,1,100,,560828,14,,,1,100,,560829,14,,,1,100,,560830,14,,,1,100,,560831,14,,,1,99,,560832,14,,,1,100,,560833,14,,,1,100,,560834,14,,,1,100,,560835,14,,,1,43,,560836,14,,,1
16201,'JUNDA26-Weekday-06-1',659,,560837,14,,,1,70,,560838,14,,,1,30,,560839,14,,,1,70,,560840,14,,,1,30,,560841,14,,,1,70,,560842,14,,,1,100,,560843,14,,,1,100,,560844,14,,,1,100,,560845,14,,,1,100,,560846,14,,,1,100,,560847,14,,,1,105,,560848,14,,,1,70,,560849,14,,,1,30,,560850,14,,,1,70,,560851,14,,,1,32,,560852,14,,,1,68,,560853,14,,,1,30,,560854,14,,,1,100,,560855,14,,,1,94,,560856,14,,,1,100,,560857,14,,,1,99,,560858,14,,,1
16201,'JUNSA26-Saturday-07-1',702,,560859,14,,,1,100,,560860,14,,,1,100,,560861,14,,,1,100,,560862,14,,,1,101,,560863,14,,,1,100,,560864,14,,,1,100,,560865,14,,,1,100,,560866,14,,,1,100,,560867,14,,,1,100,,560868,14,,,1,100,,560869,14,,,1,100,,560870,14,,,1,99,,560871,14,,,1,100,,560872,14,,,1,100,,560873,14,,,1,100,,560874,14,,,1,43,,560875,14,,,1
16201,'JUNSU26-Sunday-05-1',732,,560876,14,,,1,100,,560877,14,,,1,100,,560878,14,,,1,101,,560879,14,,,1,100,,560880,14,,,1,100,,560881,14,,,1,100,,560882,14,,,1,100,,560883,14,,,1,100,,560884,14,,,1,100,,560885,14,,,1,100,,560886,14,,,1,99,,560887,14,,,1,100,,560888,14,,,1,100,,560889,14,,,1,100,,560890,14,,,1,100,,560891,14,,,1
16201,'RBJul03-Weekday-01-1',659,,560892,14,,,1,70,,560893,14,,,1,30,,560894,14,,,1,70,,560895,14,,,1,30,,560896,14,,,1,70,,560897,14,,,1,100,,560898,14,,,1,100,,560899,14,,,1,100,,560900,14,,,1,100,,560901,14,,,1,100,,560902,14,,,1,105,,560903,14,,,1,70,,560904,14,,,1,30,,560905,14,,,1,70,,560906,14,,,1,32,,560907,14,,,1,68,,560908,14,,,1,30,,560909,14,,,1,100,,560910,14,,,1,94,,560911,14,,,1,100,,560912,14,,,1,99,,560913,14,,,1
16501,'CanDay26-Sunday-12-1',833,,561318,10,,,1,100,,561319,10,,,1,101,,561320,10,,,1,100,,561321,10,,,1,101,,561322,10,,,1,100,,561323,10,,,1,100,,561324,10,,,1,100,,561325,10,,,1,100,,561326,10,,,1,100,,561327,10,,,1,99,,561328,10,,,1,100,,561329,10,,,1
16501,'CivHol26-Saturday-07-1',645,,561330,10,,,1,100,,561331,10,,,1,100,,561332,10,,,1,100,,561333,10,,,1,101,,561334,10,,,1,100,,561335,10,,,1,101,,561336,10,,,1,100,,561337,10,,,1,100,,561338,10,,,1,100,,561339,10,,,1,100,,561340,10,,,1,100,,561341,10,,,1,99,,561342,10,,,1,100,,561343,10,,,1,100,,561344,10,,,1,99,,561345,10,,,1
16501,'JUNDA26-Weekday-06-1',535,,561346,10,,,1,97,,561347,10,,,1,70,,561348,10,,,1,30,,561349,10,,,1,72,,561350,10,,,1,26,,561351,10,,,1,72,,561352,10,,,1,29,,561353,10,,,1,70,,561354,10,,,1,100,,561355,10,,,1,100,,561356,10,,,1,100,,561357,10,,,1,100,,561358,10,,,1,101,,561359,10,,,1,30,,561360,10,,,1,68,,561361,10,,,1,32,,561362,10,,,1,70,,561363,10,,,1,30,,561364,10,,,1,70,,561365,10,,,1,30,,561368,10,,,1,100,,561369,10,,,1,100,,561370,10,,,1,100,,561366,10,,,1,100,,561367,10,,,1
16501,'JUNSA26-Saturday-07-1',645,,561371,10,,,1,100,,561372,10,,,1,100,,561373,10,,,1,100,,561374,10,,,1,101,,561375,10,,,1,100,,561376,10,,,1,101,,561377,10,,,1,100,,561378,10,,,1,100,,561379,10,,,1,100,,561380,10,,,1,100,,561381,10,,,1,100,,561382,10,,,1,99,,561383,10,,,1,100,,561384,10,,,1,100,,561385,10,,,1,99,,561386,10,,,1
16501,'JUNSU26-Sunday-05-1',833,,561387,10,,,1,100,,561388,10,,,1,101,,561389,10,,,1,100,,561390,10,,,1,101,,561391,10,,,1,100,,561392,10,,,1,100,,561393,10,,,1,100,,561394,10,,,1,100,,561395,10,,,1,100,,561396,10,,,1,99,,561397,10,,,1,100,,561398,10,,,1
16501,'RBJul03-Weekday-01-1',535,,561399,10,,,1,97,,561400,10,,,1,70,,561401,10,,,1,30,,561402,10,,,1,72,,561403,10,,,1,26,,561404,10,,,1,72,,561405,10,,,1,29,,561406,10,,,1,70,,561407,10,,,1,100,,561408,10,,,1,100,,561409,10,,,1,100,,561410,10,,,1,100,,561411,10,,,1,101,,561412,10,,,1,30,,561413,10,,,1,68,,561414,10,,,1,32,,561415,10,,,1,70,,561416,10,,,1,30,,561417,10,,,1,70,,561418,10,,,1,30,,561421,10,,,1,100,,561422,10,,,1,100,,561423,10,,,1,100,,561419,10,,,1,100,,561420,10,,,1
