11001,'1-1',521,,618279,8,0,35,1,28,,618274,8,0,35,1,70,,618270,8,0,35,1,30,,618285,8,0,35,1,70,,618281,8,0,35,1,30,,618284,8,0,35,1,71,,618277,8,0,35,1,30,,618269,8,0,35,1,69,,618283,8,0,35,1,30,,618288,8,0,35,1,70,,618262,8,0,35,1,34,,618266,8,0,35,1,70,,618264,8,0,35,1,30,,618259,8,0,35,1,68,,618286,8,0,35,1,30,,618275,8,0,35,1,70,,618268,8,0,35,1,30,,618263,8,0,35,1,70,,618289,8,0,35,1,30,,618261,8,0,35,1,71,,618260,8,0,35,1,31,,618258,8,0,35,1,73,,618272,8,0,35,1,26,,618267,8,0,35,1,70,,618273,8,0,35,1,30,,618282,8,0,35,1,69,,618287,8,0,35,1,29,,618271,8,0,35,1,68,,618265,8,0,35,1,30,,618276,8,0,35,1,70,,618278,8,0,35,1
11001,'10-1',521,,618314,8,0,35,1,28,,618302,8,0,35,1,70,,618323,8,0,35,1,30,,618298,8,0,35,1,70,,618297,8,0,35,1,30,,618311,8,0,35,1,71,,618309,8,0,35,1,30,,618299,8,0,35,1,69,,618308,8,0,35,1,30,,618310,8,0,35,1,70,,618322,8,0,35,1,34,,618307,8,0,35,1,70,,618315,8,0,35,1,30,,618306,8,0,35,1,68,,618317,8,0,35,1,30,,618316,8,0,35,1,70,,618312,8,0,35,1,30,,618319,8,0,35,1,70,,618305,8,0,35,1,30,,618301,8,0,35,1,71,,618292,8,0,35,1,31,,618291,8,0,35,1,73,,618293,8,0,35,1,26,,618320,8,0,35,1,70,,618300,8,0,35,1,30,,618313,8,0,35,1,69,,618304,8,0,35,1,29,,618296,8,0,35,1,68,,618294,8,0,35,1,30,,618321,8,0,35,1,70,,618303,8,0,35,1
11001,'11-1',521,,618347,8,0,35,1,28,,618335,8,0,35,1,70,,618356,8,0,35,1,30,,618331,8,0,35,1,70,,618330,8,0,35,1,30,,618344,8,0,35,1,71,,618342,8,0,35,1,30,,618332,8,0,35,1,69,,618341,8,0,35,1,30,,618343,8,0,35,1,70,,618355,8,0,35,1,34,,618340,8,0,35,1,70,,618348,8,0,35,1,30,,618339,8,0,35,1,68,,618350,8,0,35,1,30,,618349,8,0,35,1,70,,618345,8,0,35,1,30,,618352,8,0,35,1,70,,618338,8,0,35,1,30,,618334,8,0,35,1,71,,618325,8,0,35,1,31,,618324,8,0,35,1,73,,618326,8,0,35,1,26,,618353,8,0,35,1,70,,618333,8,0,35,1,30,,618346,8,0,35,1,69,,618337,8,0,35,1,29,,618329,8,0,35,1,68,,618327,8,0,35,1,30,,618354,8,0,35,1,70,,618336,8,0,35,1
11001,'2-1',521,,618380,8,0,35,1,28,,618368,8,0,35,1,70,,618389,8,0,35,1,30,,618364,8,0,35,1,70,,618363,8,0,35,1,30,,618377,8,0,35,1,71,,618375,8,0,35,1,30,,618365,8,0,35,1,69,,618374,8,0,35,1,30,,618376,8,0,35,1,70,,618388,8,0,35,1,34,,618373,8,0,35,1,70,,618381,8,0,35,1,30,,618372,8,0,35,1,68,,618383,8,0,35,1,30,,618382,8,0,35,1,70,,618378,8,0,35,1,30,,618385,8,0,35,1,70,,618371,8,0,35,1,30,,618367,8,0,35,1,71,,618358,8,0,35,1,31,,618357,8,0,35,1,73,,618359,8,0,35,1,26,,618386,8,0,35,1,70,,618366,8,0,35,1,30,,618379,8,0,35,1,69,,618370,8,0,35,1,29,,618362,8,0,35,1,68,,618360,8,0,35,1,30,,618387,8,0,35,1,70,,618369,8,0,35,1
11001,'3-1',557,,618392,9,0,35,1,70,,618393,9,0,35,1,1030,,618394,9,0,35,1,70,,618395,9,0,35,1
11001,'4-1',557,,618396,9,0,35,1,70,,618400,9,0,35,1,1030,,618401,9,0,35,1,70,,618399,9,0,35,1
11001,'5-1',557,,618405,9,0,35,1,70,,618402,9,0,35,1,1030,,618407,9,0,35,1,70,,618403,9,0,35,1
11001,'6-1',521,,618431,8,0,35,1,28,,618419,8,0,35,1,70,,618440,8,0,35,1,30,,618415,8,0,35,1,70,,618414,8,0,35,1,30,,618428,8,0,35,1,71,,618426,8,0,35,1,30,,618416,8,0,35,1,69,,618425,8,0,35,1,30,,618427,8,0,35,1,70,,618439,8,0,35,1,34,,618424,8,0,35,1,70,,618432,8,0,35,1,30,,618423,8,0,35,1,68,,618434,8,0,35,1,30,,618433,8,0,35,1,70,,618429,8,0,35,1,30,,618436,8,0,35,1,70,,618422,8,0,35,1,30,,618418,8,0,35,1,71,,618409,8,0,35,1,31,,618408,8,0,35,1,73,,618410,8,0,35,1,26,,618437,8,0,35,1,70,,618417,8,0,35,1,30,,618430,8,0,35,1,69,,618421,8,0,35,1,29,,618413,8,0,35,1,68,,618411,8,0,35,1,30,,618438,8,0,35,1,70,,618420,8,0,35,1
11001,'7-1',557,,618443,9,0,35,1,70,,618444,9,0,35,1,1030,,618445,9,0,35,1,70,,618446,9,0,35,1
11001,'8-1',521,,618470,8,0,35,1,28,,618458,8,0,35,1,70,,618479,8,0,35,1,30,,618454,8,0,35,1,70,,618453,8,0,35,1,30,,618467,8,0,35,1,71,,618465,8,0,35,1,30,,618455,8,0,35,1,69,,618464,8,0,35,1,30,,618466,8,0,35,1,70,,618478,8,0,35,1,34,,618463,8,0,35,1,70,,618471,8,0,35,1,30,,618462,8,0,35,1,68,,618473,8,0,35,1,30,,618472,8,0,35,1,70,,618468,8,0,35,1,30,,618475,8,0,35,1,70,,618461,8,0,35,1,30,,618457,8,0,35,1,71,,618448,8,0,35,1,31,,618447,8,0,35,1,73,,618449,8,0,35,1,26,,618476,8,0,35,1,70,,618456,8,0,35,1,30,,618469,8,0,35,1,69,,618460,8,0,35,1,29,,618452,8,0,35,1,68,,618450,8,0,35,1,30,,618477,8,0,35,1,70,,618459,8,0,35,1
11001,'9-1',557,,618482,9,0,35,1,70,,618483,9,0,35,1,1030,,618480,9,0,35,1,70,,618484,9,0,35,1
