6201,'1-1',1216,,598230,37,,,1,30,,598249,37,,,1,70,,598244,37,,,1,31,,598251,37,,,1,70,,598226,37,,,1,30,,598237,37,,,1,70,,598215,37,,,1,32,,598245,37,,,1,72,,598231,37,,,1,28,,598220,37,,,1,71,,598238,37,,,1,30,,598246,37,,,1,67,,598217,37,,,1,30,,598216,37,,,1,69,,598227,37,,,1,30,,598252,37,,,1,69,,598250,37,,,1,30,,598225,37,,,1,69,,598239,37,,,1,30,,598241,37,,,1,70,,598247,37,,,1,29,,598234,37,,,1,76,,598223,38,,,1,28,,598235,38,,,1,70,,598218,38,,,1,35,,598243,38,,,1
6201,'10-1',1216,,598289,37,,,1,30,,598262,37,,,1,70,,598266,37,,,1,31,,598259,37,,,1,70,,598285,37,,,1,30,,598258,37,,,1,70,,598273,37,,,1,32,,598286,37,,,1,72,,598281,37,,,1,28,,598276,37,,,1,71,,598269,37,,,1,30,,598271,37,,,1,67,,598253,37,,,1,30,,598270,37,,,1,69,,598260,37,,,1,30,,598278,37,,,1,69,,598272,37,,,1,30,,598254,37,,,1,69,,598280,37,,,1,30,,598275,37,,,1,70,,598284,37,,,1,29,,598255,37,,,1,76,,598261,38,,,1,28,,598283,38,,,1,70,,598288,38,,,1,35,,598287,38,,,1
6201,'11-1',1216,,598327,37,,,1,30,,598300,37,,,1,70,,598304,37,,,1,31,,598297,37,,,1,70,,598323,37,,,1,30,,598296,37,,,1,70,,598311,37,,,1,32,,598324,37,,,1,72,,598319,37,,,1,28,,598314,37,,,1,71,,598307,37,,,1,30,,598309,37,,,1,67,,598291,37,,,1,30,,598308,37,,,1,69,,598298,37,,,1,30,,598316,37,,,1,69,,598310,37,,,1,30,,598292,37,,,1,69,,598318,37,,,1,30,,598313,37,,,1,70,,598322,37,,,1,29,,598293,37,,,1,76,,598299,38,,,1,28,,598321,38,,,1,70,,598326,38,,,1,35,,598325,38,,,1
6201,'2-1',1216,,598365,37,,,1,30,,598338,37,,,1,70,,598342,37,,,1,31,,598335,37,,,1,70,,598361,37,,,1,30,,598334,37,,,1,70,,598349,37,,,1,32,,598362,37,,,1,72,,598357,37,,,1,28,,598352,37,,,1,71,,598345,37,,,1,30,,598347,37,,,1,67,,598329,37,,,1,30,,598346,37,,,1,69,,598336,37,,,1,30,,598354,37,,,1,69,,598348,37,,,1,30,,598330,37,,,1,69,,598356,37,,,1,30,,598351,37,,,1,70,,598360,37,,,1,29,,598331,37,,,1,76,,598337,38,,,1,28,,598359,38,,,1,70,,598364,38,,,1,35,,598363,38,,,1
6201,'3-1',846,,598375,38,,,1,71,,598383,38,,,1,30,,598379,38,,,1,70,,598388,38,,,1,30,,598387,38,,,1,72,,598381,38,,,1,30,,598376,38,,,1,100,,598384,38,,,1,70,,598372,38,,,1,30,,598390,38,,,1,100,,598371,38,,,1,100,,598389,38,,,1,70,,598377,38,,,1,30,,598369,38,,,1,100,,598374,38,,,1,70,,598386,38,,,1,30,,598380,38,,,1,70,,598367,38,,,1,30,,598370,38,,,1,70,,598391,38,,,1,30,,598382,38,,,1,67,,598373,38,,,1,30,,598392,38,,,1,70,,598385,38,,,1,30,,598378,38,,,1,70,,598368,38,,,1
6201,'4-1',844,,598399,38,,,1,71,,598412,38,,,1,30,,598421,38,,,1,70,,598398,38,,,1,30,,598410,38,,,1,72,,598406,38,,,1,30,,598436,38,,,1,70,,598417,38,,,1,30,,598415,38,,,1,70,,598438,38,,,1,30,,598396,38,,,1,70,,598394,38,,,1,30,,598407,38,,,1,70,,598409,38,,,1,30,,598424,38,,,1,70,,598437,38,,,1,30,,598416,38,,,1,70,,598414,38,,,1,30,,598401,38,,,1,70,,598408,38,,,1,30,,598411,38,,,1,70,,598418,38,,,1,30,,598443,38,,,1,70,,598422,38,,,1,30,,598420,38,,,1,67,,598427,38,,,1,30,,598432,38,,,1,70,,598413,39,,,1,30,,598430,39,,,1,70,,598404,39,,,1,30,,598403,39,,,1,70,,598440,39,,,1,30,,598425,38,,,1,70,,598426,38,,,1
6201,'5-1',803,,598456,38,,,1,30,,598465,38,,,1,70,,598459,38,,,1,30,,598449,38,,,1,70,,598471,38,,,1,30,,598461,38,,,1,71,,598455,38,,,1,30,,598466,38,,,1,70,,598445,38,,,1,30,,598453,38,,,1,70,,598451,38,,,1,30,,598448,38,,,1,70,,598447,38,,,1,30,,598458,38,,,1,70,,598444,38,,,1,30,,598450,38,,,1,70,,598469,38,,,1,30,,598470,38,,,1,70,,598474,38,,,1,30,,598452,38,,,1,70,,598460,38,,,1,30,,598446,38,,,1,70,,598472,38,,,1,30,,598457,38,,,1,70,,598475,38,,,1,30,,598464,38,,,1,67,,598463,38,,,1,30,,598468,38,,,1,70,,598473,38,,,1,30,,598454,38,,,1,70,,598467,38,,,1,30,,598462,38,,,1
6201,'6-1',1216,,598512,37,,,1,30,,598485,37,,,1,70,,598489,37,,,1,31,,598482,37,,,1,70,,598508,37,,,1,30,,598481,37,,,1,70,,598496,37,,,1,32,,598509,37,,,1,72,,598504,37,,,1,28,,598499,37,,,1,71,,598492,37,,,1,30,,598494,37,,,1,67,,598476,37,,,1,30,,598493,37,,,1,69,,598483,37,,,1,30,,598501,37,,,1,69,,598495,37,,,1,30,,598477,37,,,1,69,,598503,37,,,1,30,,598498,37,,,1,70,,598507,37,,,1,29,,598478,37,,,1,76,,598484,38,,,1,28,,598506,38,,,1,70,,598511,38,,,1,35,,598510,38,,,1
6201,'7-1',846,,598522,38,,,1,71,,598530,38,,,1,30,,598526,38,,,1,70,,598535,38,,,1,30,,598534,38,,,1,72,,598528,38,,,1,30,,598523,38,,,1,100,,598531,38,,,1,70,,598519,38,,,1,30,,598537,38,,,1,100,,598518,38,,,1,100,,598536,38,,,1,70,,598524,38,,,1,30,,598516,38,,,1,100,,598521,38,,,1,70,,598533,38,,,1,30,,598527,38,,,1,70,,598514,38,,,1,30,,598517,38,,,1,70,,598538,38,,,1,30,,598529,38,,,1,67,,598520,38,,,1,30,,598539,38,,,1,70,,598532,38,,,1,30,,598525,38,,,1,70,,598515,38,,,1
6201,'8-1',1216,,598576,37,,,1,30,,598549,37,,,1,70,,598553,37,,,1,31,,598546,37,,,1,70,,598572,37,,,1,30,,598545,37,,,1,70,,598560,37,,,1,32,,598573,37,,,1,72,,598568,37,,,1,28,,598563,37,,,1,71,,598556,37,,,1,30,,598558,37,,,1,67,,598540,37,,,1,30,,598557,37,,,1,69,,598547,37,,,1,30,,598565,37,,,1,69,,598559,37,,,1,30,,598541,37,,,1,69,,598567,37,,,1,30,,598562,37,,,1,70,,598571,37,,,1,29,,598542,37,,,1,76,,598548,38,,,1,28,,598570,38,,,1,70,,598575,38,,,1,35,,598574,38,,,1
6201,'9-1',803,,598609,38,,,1,30,,598603,38,,,1,70,,598588,38,,,1,30,,598590,38,,,1,70,,598596,38,,,1,30,,598600,38,,,1,71,,598584,38,,,1,30,,598578,38,,,1,70,,598594,38,,,1,30,,598606,38,,,1,70,,598587,38,,,1,30,,598597,38,,,1,70,,598592,38,,,1,30,,598593,38,,,1,70,,598583,38,,,1,30,,598599,38,,,1,70,,598601,38,,,1,30,,598602,38,,,1,70,,598586,38,,,1,30,,598579,38,,,1,70,,598585,38,,,1,30,,598607,38,,,1,70,,598589,38,,,1,30,,598581,38,,,1,70,,598595,38,,,1,30,,598605,38,,,1,67,,598598,38,,,1,30,,598580,38,,,1,70,,598591,38,,,1,30,,598582,38,,,1,70,,598604,38,,,1,30,,598608,38,,,1
26601,'1-1',1606,,626847,11,,,1,50,,626850,11,,,1,98,,626849,11,,,1,150,,626848,11,,,1
26601,'10-1',1606,,626853,11,,,1,50,,626851,11,,,1,98,,626852,11,,,1,150,,626854,11,,,1
26601,'11-1',1606,,626857,11,,,1,50,,626855,11,,,1,98,,626856,11,,,1,150,,626858,11,,,1
26601,'2-1',1606,,626861,11,,,1,50,,626859,11,,,1,98,,626860,11,,,1,150,,626862,11,,,1
26601,'6-1',1606,,626865,11,,,1,50,,626863,11,,,1,98,,626864,11,,,1,150,,626866,11,,,1
26601,'8-1',1606,,626869,11,,,1,50,,626867,11,,,1,98,,626868,11,,,1,150,,626870,11,,,1
