8201,'1-1',516,,607931,32,,,1,86,,607946,32,,,1,40,,607941,32,,,1,72,,607924,32,,,1,30,,607928,32,,,1,70,,607944,32,,,1,29,,607926,32,,,1,70,,607948,32,,,1,26,,607923,32,0,56 57,1,71,,607915,32,0,56 57,1,30,,607943,32,0,56 57,1,70,,607919,32,0,56 57,1,30,,607949,32,0,56 57,1,67,,607914,32,0,56 57,1,30,,607940,32,0,56 57,1,70,,607927,32,0,56 57,1,29,,607929,32,0,56 57,1,70,,607933,32,0,56 57,1,35,,607920,32,0,56 57,1,104,,607916,32,0,56 57,1,69,,607918,32,0,56 57,1,31,,607922,32,0,56 57,1,70,,607947,32,0,56 57,1,28,,607921,32,0,56 57,1,67,,607917,32,0,56 57,1,33,,607945,32,0,56 57,1,70,,607930,32,0,56 57,1,32,,607932,32,0,56 57,1,70,,607936,32,0,56 57,1,29,,607925,32,0,56 57,1,72,,607939,32,0,56 57,1,28,,607935,32,0,56 57,1,71,,607937,32,0,56 57,1,28,,607942,32,0,56 57,1,70,,607934,32,0,56 57,1,93,,607938,32,0,56 57,1
8201,'10-1',516,,607965,32,,,1,86,,607983,32,,,1,40,,607981,32,,,1,72,,607974,32,,,1,30,,607952,32,,,1,70,,607961,32,,,1,29,,607956,32,,,1,70,,607973,32,,,1,26,,607960,32,0,56 57,1,71,,607953,32,0,56 57,1,30,,607950,32,0,56 57,1,70,,607977,32,0,56 57,1,30,,607955,32,0,56 57,1,67,,607971,32,0,56 57,1,30,,607963,32,0,56 57,1,70,,607984,32,0,56 57,1,29,,607982,32,0,56 57,1,70,,607976,32,0,56 57,1,35,,607978,32,0,56 57,1,104,,607975,32,0,56 57,1,69,,607964,32,0,56 57,1,31,,607962,32,0,56 57,1,70,,607969,32,0,56 57,1,28,,607966,32,0,56 57,1,67,,607968,32,0,56 57,1,33,,607954,32,0,56 57,1,70,,607958,32,0,56 57,1,32,,607959,32,0,56 57,1,70,,607970,32,0,56 57,1,29,,607967,32,0,56 57,1,72,,607979,32,0,56 57,1,28,,607957,32,0,56 57,1,71,,607980,32,0,56 57,1,28,,607951,32,0,56 57,1,70,,607985,32,0,56 57,1,93,,607972,32,0,56 57,1
8201,'11-1',516,,608001,32,,,1,86,,608019,32,,,1,40,,608017,32,,,1,72,,608010,32,,,1,30,,607988,32,,,1,70,,607997,32,,,1,29,,607992,32,,,1,70,,608009,32,,,1,26,,607996,32,0,56 57,1,71,,607989,32,0,56 57,1,30,,607986,32,0,56 57,1,70,,608013,32,0,56 57,1,30,,607991,32,0,56 57,1,67,,608007,32,0,56 57,1,30,,607999,32,0,56 57,1,70,,608020,32,0,56 57,1,29,,608018,32,0,56 57,1,70,,608012,32,0,56 57,1,35,,608014,32,0,56 57,1,104,,608011,32,0,56 57,1,69,,608000,32,0,56 57,1,31,,607998,32,0,56 57,1,70,,608005,32,0,56 57,1,28,,608002,32,0,56 57,1,67,,608004,32,0,56 57,1,33,,607990,32,0,56 57,1,70,,607994,32,0,56 57,1,32,,607995,32,0,56 57,1,70,,608006,32,0,56 57,1,29,,608003,32,0,56 57,1,72,,608015,32,0,56 57,1,28,,607993,32,0,56 57,1,71,,608016,32,0,56 57,1,28,,607987,32,0,56 57,1,70,,608021,32,0,56 57,1,93,,608008,32,0,56 57,1
8201,'2-1',516,,608037,32,,,1,86,,608055,32,,,1,40,,608053,32,,,1,72,,608046,32,,,1,30,,608024,32,,,1,70,,608033,32,,,1,29,,608028,32,,,1,70,,608045,32,,,1,26,,608032,32,0,56 57,1,71,,608025,32,0,56 57,1,30,,608022,32,0,56 57,1,70,,608049,32,0,56 57,1,30,,608027,32,0,56 57,1,67,,608043,32,0,56 57,1,30,,608035,32,0,56 57,1,70,,608056,32,0,56 57,1,29,,608054,32,0,56 57,1,70,,608048,32,0,56 57,1,35,,608050,32,0,56 57,1,104,,608047,32,0,56 57,1,69,,608036,32,0,56 57,1,31,,608034,32,0,56 57,1,70,,608041,32,0,56 57,1,28,,608038,32,0,56 57,1,67,,608040,32,0,56 57,1,33,,608026,32,0,56 57,1,70,,608030,32,0,56 57,1,32,,608031,32,0,56 57,1,70,,608042,32,0,56 57,1,29,,608039,32,0,56 57,1,72,,608051,32,0,56 57,1,28,,608029,32,0,56 57,1,71,,608052,32,0,56 57,1,28,,608023,32,0,56 57,1,70,,608057,32,0,56 57,1,93,,608044,32,0,56 57,1
8201,'3-1',910,,608069,32,0,56 57,1,100,,608080,32,0,56 57,1,28,,608073,32,0,56 57,1,71,,608067,32,0,56 57,1,30,,608068,32,0,56 57,1,70,,608078,32,0,56 57,1,30,,608063,32,0,56 57,1,70,,608076,32,0,56 57,1,30,,608074,32,0,56 57,1,100,,608077,32,0,56 57,1,70,,608072,32,0,56 57,1,30,,608058,32,0,56 57,1,70,,608070,32,0,56 57,1,30,,608065,32,0,56 57,1,70,,608061,32,0,56 57,1,30,,608066,32,0,56 57,1,70,,608079,32,0,56 57,1,30,,608075,32,0,56 57,1,70,,608059,32,0,56 57,1,30,,608071,32,0,56 57,1,70,,608082,32,0,56 57,1,100,,608081,32,0,56 57,1,99,,608060,32,0,56 57,1,100,,608064,32,0,56 57,1,100,,608062,32,0,56 57,1
8201,'4-1',910,,608106,32,0,56 57,1,100,,608086,32,0,56 57,1,28,,608094,32,0,56 57,1,71,,608105,32,0,56 57,1,30,,608104,32,0,56 57,1,70,,608087,32,0,56 57,1,30,,608084,32,0,56 57,1,70,,608102,32,0,56 57,1,30,,608091,32,0,56 57,1,70,,608107,32,0,56 57,1,30,,608101,32,0,56 57,1,70,,608103,32,0,56 57,1,30,,608083,32,0,56 57,1,70,,608098,32,0,56 57,1,30,,608095,32,0,56 57,1,70,,608085,32,0,56 57,1,30,,608092,32,0,56 57,1,70,,608096,32,0,56 57,1,30,,608093,32,0,56 57,1,70,,608108,32,0,56 57,1,30,,608097,32,0,56 57,1,70,,608088,32,0,56 57,1,100,,608109,32,0,56 57,1,99,,608099,32,0,56 57,1,100,,608090,32,0,56 57,1,100,,608089,32,0,56 57,1,100,,608100,32,0,56 57,1
8201,'5-1',720,,608115,32,0,56 57,1,100,,608116,32,0,56 57,1,100,,608123,32,0,56 57,1,29,,608126,32,0,56 57,1,70,,608136,32,0,56 57,1,30,,608119,32,0,56 57,1,69,,608129,32,0,56 57,1,30,,608132,32,0,56 57,1,70,,608112,32,0,56 57,1,30,,608118,32,0,56 57,1,100,,608124,32,0,56 57,1,70,,608128,32,0,56 57,1,30,,608114,32,0,56 57,1,70,,608125,32,0,56 57,1,30,,608135,32,0,56 57,1,100,,608131,32,0,56 57,1,70,,608111,32,0,56 57,1,30,,608137,32,0,56 57,1,70,,608113,32,0,56 57,1,30,,608117,32,0,56 57,1,100,,608110,32,0,56 57,1,70,,608133,32,0,56 57,1,30,,608122,32,0,56 57,1,70,,608120,32,0,56 57,1,29,,608138,32,0,56 57,1,70,,608121,32,0,56 57,1,30,,608134,32,0,56 57,1,100,,608130,32,0,56 57,1,100,,608127,32,0,56 57,1
8201,'6-1',516,,608154,32,,,1,86,,608172,32,,,1,40,,608170,32,,,1,72,,608163,32,,,1,30,,608141,32,,,1,70,,608150,32,,,1,29,,608145,32,,,1,70,,608162,32,,,1,26,,608149,32,0,56 57,1,71,,608142,32,0,56 57,1,30,,608139,32,0,56 57,1,70,,608166,32,0,56 57,1,30,,608144,32,0,56 57,1,67,,608160,32,0,56 57,1,30,,608152,32,0,56 57,1,70,,608173,32,0,56 57,1,29,,608171,32,0,56 57,1,70,,608165,32,0,56 57,1,35,,608167,32,0,56 57,1,104,,608164,32,0,56 57,1,69,,608153,32,0,56 57,1,31,,608151,32,0,56 57,1,70,,608158,32,0,56 57,1,28,,608155,32,0,56 57,1,67,,608157,32,0,56 57,1,33,,608143,32,0,56 57,1,70,,608147,32,0,56 57,1,32,,608148,32,0,56 57,1,70,,608159,32,0,56 57,1,29,,608156,32,0,56 57,1,72,,608168,32,0,56 57,1,28,,608146,32,0,56 57,1,71,,608169,32,0,56 57,1,28,,608140,32,0,56 57,1,70,,608174,32,0,56 57,1,93,,608161,32,0,56 57,1
8201,'7-1',910,,608186,32,0,56 57,1,100,,608197,32,0,56 57,1,28,,608190,32,0,56 57,1,71,,608184,32,0,56 57,1,30,,608185,32,0,56 57,1,70,,608195,32,0,56 57,1,30,,608180,32,0,56 57,1,70,,608193,32,0,56 57,1,30,,608191,32,0,56 57,1,100,,608194,32,0,56 57,1,70,,608189,32,0,56 57,1,30,,608175,32,0,56 57,1,70,,608187,32,0,56 57,1,30,,608182,32,0,56 57,1,70,,608178,32,0,56 57,1,30,,608183,32,0,56 57,1,70,,608196,32,0,56 57,1,30,,608192,32,0,56 57,1,70,,608176,32,0,56 57,1,30,,608188,32,0,56 57,1,70,,608199,32,0,56 57,1,100,,608198,32,0,56 57,1,99,,608177,32,0,56 57,1,100,,608181,32,0,56 57,1,100,,608179,32,0,56 57,1
8201,'8-1',516,,608215,32,,,1,86,,608233,32,,,1,40,,608231,32,,,1,72,,608224,32,,,1,30,,608202,32,,,1,70,,608211,32,,,1,29,,608206,32,,,1,70,,608223,32,,,1,26,,608210,32,0,56 57,1,71,,608203,32,0,56 57,1,30,,608200,32,0,56 57,1,70,,608227,32,0,56 57,1,30,,608205,32,0,56 57,1,67,,608221,32,0,56 57,1,30,,608213,32,0,56 57,1,70,,608234,32,0,56 57,1,29,,608232,32,0,56 57,1,70,,608226,32,0,56 57,1,35,,608228,32,0,56 57,1,104,,608225,32,0,56 57,1,69,,608214,32,0,56 57,1,31,,608212,32,0,56 57,1,70,,608219,32,0,56 57,1,28,,608216,32,0,56 57,1,67,,608218,32,0,56 57,1,33,,608204,32,0,56 57,1,70,,608208,32,0,56 57,1,32,,608209,32,0,56 57,1,70,,608220,32,0,56 57,1,29,,608217,32,0,56 57,1,72,,608229,32,0,56 57,1,28,,608207,32,0,56 57,1,71,,608230,32,0,56 57,1,28,,608201,32,0,56 57,1,70,,608235,32,0,56 57,1,93,,608222,32,0,56 57,1
8201,'9-1',720,,608245,32,0,56 57,1,100,,608255,32,0,56 57,1,30,,608265,32,0,56 57,1,70,,608247,32,0,56 57,1,29,,608258,32,0,56 57,1,70,,608267,32,0,56 57,1,30,,608250,32,0,56 57,1,69,,608249,32,0,56 57,1,30,,608254,32,0,56 57,1,70,,608237,32,0,56 57,1,30,,608248,32,0,56 57,1,70,,608246,32,0,56 57,1,30,,608243,32,0,56 57,1,70,,608257,32,0,56 57,1,30,,608259,32,0,56 57,1,70,,608244,32,0,56 57,1,30,,608266,32,0,56 57,1,70,,608252,32,0,56 57,1,30,,608263,32,0,56 57,1,70,,608262,32,0,56 57,1,30,,608236,32,0,56 57,1,70,,608238,32,0,56 57,1,30,,608239,32,0,56 57,1,70,,608242,32,0,56 57,1,30,,608240,32,0,56 57,1,70,,608256,32,0,56 57,1,30,,608251,32,0,56 57,1,70,,608264,32,0,56 57,1,29,,608260,32,0,56 57,1,70,,608253,32,0,56 57,1,30,,608241,32,0,56 57,1,100,,608261,32,0,56 57,1,100,,608268,32,0,56 57,1
