4000,'1-1',525,,585465,10,,,1,30,,585477,10,,,1,70,,585448,10,,,1,30,,585510,10,,,1,73,,585503,10,,,1,30,,585470,10,,,1,70,,585464,10,,,1,29,,585467,10,,,1,70,,585463,10,,,1,31,,585500,10,,,1,71,,585459,10,,,1,29,,585509,10,,,1,71,,585447,10,,,1,30,,585455,10,,,1,69,,585492,10,,,1,29,,585479,10,,,1,70,,585486,10,,,1,30,,585493,10,,,1,70,,585504,10,,,1,32,,585490,10,,,1,54,,585494,10,,,1,16,,585453,10,,,1,15,,585508,10,,,1,15,,585450,10,,,1,53,,585458,10,,,1,16,,585505,10,,,1,15,,585507,10,,,1,15,,585468,10,,,1,55,,585449,10,,,1,15,,585478,10,,,1,15,,585484,10,,,1,15,,585462,10,,,1,70,,585469,10,,,1,30,,585466,10,,,1,72,,585473,10,,,1,70,,585451,10,,,1,30,,585511,10,,,1,29,,585461,10,,,1,70,,585472,10,,,1,30,,585487,10,,,1,70,,585456,10,,,1,29,,585454,10,,,1,70,,585498,10,,,1,29,,585483,10,,,1,70,,585491,10,,,1,30,,585480,10,,,1
4000,'10-1',525,,585542,10,,,1,30,,585531,10,,,1,70,,585518,10,,,1,30,,585527,10,,,1,73,,585517,10,,,1,30,,585578,10,,,1,70,,585538,10,,,1,29,,585541,10,,,1,70,,585537,10,,,1,31,,585524,10,,,1,71,,585558,10,,,1,29,,585571,10,,,1,71,,585574,10,,,1,30,,585539,10,,,1,69,,585513,10,,,1,29,,585522,10,,,1,70,,585525,10,,,1,30,,585544,10,,,1,70,,585572,10,,,1,32,,585554,10,,,1,54,,585568,10,,,1,16,,585543,10,,,1,15,,585547,10,,,1,15,,585556,10,,,1,53,,585516,10,,,1,16,,585576,10,,,1,15,,585545,10,,,1,15,,585553,10,,,1,55,,585552,10,,,1,15,,585560,10,,,1,15,,585570,10,,,1,15,,585577,10,,,1,70,,585515,10,,,1,30,,585563,10,,,1,72,,585567,10,,,1,70,,585555,10,,,1,30,,585561,10,,,1,29,,585535,10,,,1,70,,585528,10,,,1,30,,585546,10,,,1,70,,585530,10,,,1,29,,585551,10,,,1,70,,585540,10,,,1,29,,585557,10,,,1,70,,585575,10,,,1,30,,585569,10,,,1
4000,'11-1',525,,585608,10,,,1,30,,585597,10,,,1,70,,585584,10,,,1,30,,585593,10,,,1,73,,585583,10,,,1,30,,585644,10,,,1,70,,585604,10,,,1,29,,585607,10,,,1,70,,585603,10,,,1,31,,585590,10,,,1,71,,585624,10,,,1,29,,585637,10,,,1,71,,585640,10,,,1,30,,585605,10,,,1,69,,585579,10,,,1,29,,585588,10,,,1,70,,585591,10,,,1,30,,585610,10,,,1,70,,585638,10,,,1,32,,585620,10,,,1,54,,585634,10,,,1,16,,585609,10,,,1,15,,585613,10,,,1,15,,585622,10,,,1,53,,585582,10,,,1,16,,585642,10,,,1,15,,585611,10,,,1,15,,585619,10,,,1,55,,585618,10,,,1,15,,585626,10,,,1,15,,585636,10,,,1,15,,585643,10,,,1,70,,585581,10,,,1,30,,585629,10,,,1,72,,585633,10,,,1,70,,585621,10,,,1,30,,585627,10,,,1,29,,585601,10,,,1,70,,585594,10,,,1,30,,585612,10,,,1,70,,585596,10,,,1,29,,585617,10,,,1,70,,585606,10,,,1,29,,585623,10,,,1,70,,585641,10,,,1,30,,585635,10,,,1
4000,'2-1',525,,585674,10,,,1,30,,585663,10,,,1,70,,585650,10,,,1,30,,585659,10,,,1,73,,585649,10,,,1,30,,585710,10,,,1,70,,585670,10,,,1,29,,585673,10,,,1,70,,585669,10,,,1,31,,585656,10,,,1,71,,585690,10,,,1,29,,585703,10,,,1,71,,585706,10,,,1,30,,585671,10,,,1,69,,585645,10,,,1,29,,585654,10,,,1,70,,585657,10,,,1,30,,585676,10,,,1,70,,585704,10,,,1,32,,585686,10,,,1,54,,585700,10,,,1,16,,585675,10,,,1,15,,585679,10,,,1,15,,585688,10,,,1,53,,585648,10,,,1,16,,585708,10,,,1,15,,585677,10,,,1,15,,585685,10,,,1,55,,585684,10,,,1,15,,585692,10,,,1,15,,585702,10,,,1,15,,585709,10,,,1,70,,585647,10,,,1,30,,585695,10,,,1,72,,585699,10,,,1,70,,585687,10,,,1,30,,585693,10,,,1,29,,585667,10,,,1,70,,585660,10,,,1,30,,585678,10,,,1,70,,585662,10,,,1,29,,585683,10,,,1,70,,585672,10,,,1,29,,585689,10,,,1,70,,585707,10,,,1,30,,585701,10,,,1
4000,'3-1',624,,585724,10,,,1,92,,585729,10,,,1,30,,585717,10,,,1,70,,585719,10,,,1,30,,585733,10,,,1,70,,585714,10,,,1,30,,585736,10,,,1,71,,585725,10,,,1,30,,585716,10,,,1,70,,585722,10,,,1,100,,585731,10,,,1,30,,585726,10,,,1,70,,585720,10,,,1,30,,585718,10,,,1,100,,585727,10,,,1,100,,585711,10,,,1,100,,585730,10,,,1,70,,585721,10,,,1,99,,585732,10,,,1,100,,585723,10,,,1,100,,585713,10,,,1,100,,585734,10,,,1,30,,585728,10,,,1,100,,585735,10,,,1,70,,585712,10,,,1
4000,'4-1',624,,585766,10,,,1,92,,585755,10,,,1,30,,585747,10,,,1,70,,585758,10,,,1,30,,585772,10,,,1,70,,585754,10,,,1,30,,585771,10,,,1,71,,585763,10,,,1,30,,585757,10,,,1,70,,585774,10,,,1,30,,585738,10,,,1,70,,585748,10,,,1,30,,585751,10,,,1,70,,585745,10,,,1,30,,585744,10,,,1,70,,585743,10,,,1,30,,585768,10,,,1,70,,585741,10,,,1,30,,585756,10,,,1,70,,585753,10,,,1,30,,585737,10,,,1,70,,585759,10,,,1,30,,585739,10,,,1,69,,585742,10,,,1,30,,585762,10,,,1,70,,585749,10,,,1,30,,585740,10,,,1,70,,585746,10,,,1,30,,585769,10,,,1,70,,585773,10,,,1,30,,585764,10,,,1,70,,585760,10,,,1,30,,585770,10,,,1,70,,585761,10,,,1,30,,585750,10,,,1,70,,585752,10,,,1,30,,585767,10,,,1,70,,585765,10,,,1
4000,'5-1',539,,585797,10,,,1,70,,585801,10,,,1,95,,585782,10,,,1,35,,585796,10,,,1,100,,585787,10,,,1,70,,585776,10,,,1,30,,585783,10,,,1,101,,585778,10,,,1,70,,585805,10,,,1,30,,585789,10,,,1,70,,585800,10,,,1,100,,585804,10,,,1,30,,585794,10,,,1,70,,585780,10,,,1,100,,585795,10,,,1,30,,585807,10,,,1,70,,585785,10,,,1,30,,585793,10,,,1,70,,585784,10,,,1,30,,585777,10,,,1,69,,585802,10,,,1,30,,585806,10,,,1,70,,585788,10,,,1,100,,585803,10,,,1,30,,585799,10,,,1,100,,585779,10,,,1,70,,585792,10,,,1,100,,585781,10,,,1,30,,585798,10,,,1,70,,585786,10,,,1,30,,585790,10,,,1
4000,'6-1',525,,585837,10,,,1,30,,585826,10,,,1,70,,585813,10,,,1,30,,585822,10,,,1,73,,585812,10,,,1,30,,585873,10,,,1,70,,585833,10,,,1,29,,585836,10,,,1,70,,585832,10,,,1,31,,585819,10,,,1,71,,585853,10,,,1,29,,585866,10,,,1,71,,585869,10,,,1,30,,585834,10,,,1,69,,585808,10,,,1,29,,585817,10,,,1,70,,585820,10,,,1,30,,585839,10,,,1,70,,585867,10,,,1,32,,585849,10,,,1,54,,585863,10,,,1,16,,585838,10,,,1,15,,585842,10,,,1,15,,585851,10,,,1,53,,585811,10,,,1,16,,585871,10,,,1,15,,585840,10,,,1,15,,585848,10,,,1,55,,585847,10,,,1,15,,585855,10,,,1,15,,585865,10,,,1,15,,585872,10,,,1,70,,585810,10,,,1,30,,585858,10,,,1,72,,585862,10,,,1,70,,585850,10,,,1,30,,585856,10,,,1,29,,585830,10,,,1,70,,585823,10,,,1,30,,585841,10,,,1,70,,585825,10,,,1,29,,585846,10,,,1,70,,585835,10,,,1,29,,585852,10,,,1,70,,585870,10,,,1,30,,585864,10,,,1
4000,'7-1',624,,585887,10,,,1,92,,585892,10,,,1,30,,585880,10,,,1,70,,585882,10,,,1,30,,585896,10,,,1,70,,585877,10,,,1,30,,585899,10,,,1,71,,585888,10,,,1,30,,585879,10,,,1,70,,585885,10,,,1,100,,585894,10,,,1,30,,585889,10,,,1,70,,585883,10,,,1,30,,585881,10,,,1,100,,585890,10,,,1,100,,585874,10,,,1,100,,585893,10,,,1,70,,585884,10,,,1,99,,585895,10,,,1,100,,585886,10,,,1,100,,585876,10,,,1,100,,585897,10,,,1,30,,585891,10,,,1,100,,585898,10,,,1,70,,585875,10,,,1
4000,'8-1',525,,585929,10,,,1,30,,585918,10,,,1,70,,585905,10,,,1,30,,585914,10,,,1,73,,585904,10,,,1,30,,585965,10,,,1,70,,585925,10,,,1,29,,585928,10,,,1,70,,585924,10,,,1,31,,585911,10,,,1,71,,585945,10,,,1,29,,585958,10,,,1,71,,585961,10,,,1,30,,585926,10,,,1,69,,585900,10,,,1,29,,585909,10,,,1,70,,585912,10,,,1,30,,585931,10,,,1,70,,585959,10,,,1,32,,585941,10,,,1,54,,585955,10,,,1,16,,585930,10,,,1,15,,585934,10,,,1,15,,585943,10,,,1,53,,585903,10,,,1,16,,585963,10,,,1,15,,585932,10,,,1,15,,585940,10,,,1,55,,585939,10,,,1,15,,585947,10,,,1,15,,585957,10,,,1,15,,585964,10,,,1,70,,585902,10,,,1,30,,585950,10,,,1,72,,585954,10,,,1,70,,585942,10,,,1,30,,585948,10,,,1,29,,585922,10,,,1,70,,585915,10,,,1,30,,585933,10,,,1,70,,585917,10,,,1,29,,585938,10,,,1,70,,585927,10,,,1,29,,585944,10,,,1,70,,585962,10,,,1,30,,585956,10,,,1
4000,'9-1',539,,586001,10,,,1,70,,585978,10,,,1,30,,585968,10,,,1,65,,585983,10,,,1,35,,585988,10,,,1,70,,585987,10,,,1,30,,585997,10,,,1,70,,585974,10,,,1,30,,585980,10,,,1,71,,585966,10,,,1,30,,585995,10,,,1,70,,586003,10,,,1,30,,585969,10,,,1,70,,585975,10,,,1,30,,585973,10,,,1,70,,585979,10,,,1,30,,586006,10,,,1,70,,585996,10,,,1,30,,585989,10,,,1,70,,586004,10,,,1,30,,585986,10,,,1,70,,585998,10,,,1,30,,585982,10,,,1,70,,585981,10,,,1,30,,585993,10,,,1,69,,586005,10,,,1,30,,585994,10,,,1,70,,585991,10,,,1,30,,585967,10,,,1,70,,585977,10,,,1,30,,585970,10,,,1,70,,585971,10,,,1,30,,585984,10,,,1,70,,586000,10,,,1,30,,585990,10,,,1,70,,585972,10,,,1,30,,585976,10,,,1,70,,586002,10,,,1,30,,585992,10,,,1
29401,'1-1',1615,,627138,10,,,1,30,,627136,10,,,1,70,,627137,10,,,1,30,,627135,10,,,1
29401,'10-1',1615,,627141,10,,,1,30,,627139,10,,,1,70,,627142,10,,,1,30,,627140,10,,,1
29401,'11-1',1615,,627145,10,,,1,30,,627143,10,,,1,70,,627146,10,,,1,30,,627144,10,,,1
29401,'2-1',1615,,627149,10,,,1,30,,627147,10,,,1,70,,627150,10,,,1,30,,627148,10,,,1
29401,'6-1',1615,,627153,10,,,1,30,,627151,10,,,1,70,,627154,10,,,1,30,,627152,10,,,1
29401,'8-1',1615,,627157,10,,,1,30,,627155,10,,,1,70,,627158,10,,,1,30,,627156,10,,,1
