8800,'1-1',447,,611510,37,,,1,70,,611460,37,,,1,30,,611514,37,,,1,69,,611487,37,,,1,16,,611453,37,,,1,15,,611443,37,,,1,60,,611465,37,,,1,16,,611489,38,,,1,15,,611481,38,,,1,17,,611452,38,,,1,55,,611492,38,,,1,15,,611499,38,,,1,14,,611511,38,,,1,16,,611462,38,,,1,55,,611502,38,,,1,15,,611478,38,,,1,15,,611480,38,,,1,15,,611466,20,,,1,55,,611494,38,,,1,15,,611515,20,,,1,15,,611490,38,,,1,15,,611506,20,,,1,54,,611508,38,,,1,16,,611503,20,,,1,14,,611485,38,,,1,16,,611498,20,,,1,54,,611467,38,,,1,16,,611483,20,,,1,14,,611473,38,,,1,16,,611497,20,,,1,54,,611461,38,,,1,16,,611471,20,,,1,14,,611505,38,,,1,16,,611459,20,,,1,55,,611448,38,,,1,15,,611500,20,,,1,15,,611457,38,,,1,17,,611451,20,,,1,57,,611493,38,,,1,13,,611479,20,,,1,18,,611501,38,,,1,55,,611488,38,,,1,15,,611449,38,,,1,14,,611463,38,,,1,16,,611477,38,,,1,55,,611455,38,,,1,15,,611496,38,,,1,15,,611444,38,,,1,13,,611504,38,,,1,15,,611486,38,,,1,52,,611446,38,,,1,15,,611474,38,,,1,15,,611513,38,,,1,15,,611495,38,,,1,55,,611468,38,,,1,10,,611458,20,,,1,16,,611482,38,,,1,16,,611454,20,,,1,54,,611456,38,,,1,15,,611484,20,,,1,12,,611469,38,,,1,16,,611475,20,,,1,54,,611447,38,,,1,15,,611450,38,,,1,17,,611445,38,,,1,20,,611512,38,,,1,60,,611507,38,,,1,20,,611464,38,,,1,20,,611476,38,,,1,60,,611470,38,,,1,30,,611442,38,,,1,70,,611509,38,,,1,30,,611491,38,,,1,70,,611472,38,,,1
8800,'10-1',447,,611544,37,,,1,70,,611575,37,,,1,30,,611564,37,,,1,69,,611563,37,,,1,16,,611586,37,,,1,15,,611578,37,,,1,60,,611530,37,,,1,16,,611528,38,,,1,15,,611582,38,,,1,17,,611531,38,,,1,55,,611572,38,,,1,15,,611574,38,,,1,14,,611560,38,,,1,16,,611577,38,,,1,55,,611534,38,,,1,15,,611569,38,,,1,15,,611583,38,,,1,15,,611550,20,,,1,55,,611536,38,,,1,15,,611565,20,,,1,15,,611571,38,,,1,15,,611519,20,,,1,54,,611557,38,,,1,16,,611568,20,,,1,14,,611580,38,,,1,16,,611567,20,,,1,54,,611541,38,,,1,16,,611588,20,,,1,14,,611535,38,,,1,16,,611527,20,,,1,54,,611559,38,,,1,16,,611570,20,,,1,14,,611581,38,,,1,16,,611538,20,,,1,55,,611561,38,,,1,15,,611525,20,,,1,15,,611523,38,,,1,17,,611540,20,,,1,57,,611533,38,,,1,13,,611587,20,,,1,18,,611566,38,,,1,55,,611547,38,,,1,15,,611539,38,,,1,14,,611520,38,,,1,16,,611532,38,,,1,55,,611551,38,,,1,15,,611556,38,,,1,15,,611516,38,,,1,13,,611537,38,,,1,15,,611546,38,,,1,52,,611526,38,,,1,15,,611524,38,,,1,15,,611585,38,,,1,15,,611529,38,,,1,55,,611579,38,,,1,10,,611517,20,,,1,16,,611562,38,,,1,16,,611555,20,,,1,54,,611589,38,,,1,15,,611558,20,,,1,12,,611552,38,,,1,16,,611576,20,,,1,54,,611518,38,,,1,15,,611543,38,,,1,17,,611553,38,,,1,20,,611548,38,,,1,60,,611554,38,,,1,20,,611584,38,,,1,20,,611521,38,,,1,60,,611549,38,,,1,30,,611522,38,,,1,70,,611542,38,,,1,30,,611573,38,,,1,70,,611545,38,,,1
8800,'11-1',447,,611618,37,,,1,70,,611649,37,,,1,30,,611638,37,,,1,69,,611637,37,,,1,16,,611660,37,,,1,15,,611652,37,,,1,60,,611604,37,,,1,16,,611602,38,,,1,15,,611656,38,,,1,17,,611605,38,,,1,55,,611646,38,,,1,15,,611648,38,,,1,14,,611634,38,,,1,16,,611651,38,,,1,55,,611608,38,,,1,15,,611643,38,,,1,15,,611657,38,,,1,15,,611624,20,,,1,55,,611610,38,,,1,15,,611639,20,,,1,15,,611645,38,,,1,15,,611593,20,,,1,54,,611631,38,,,1,16,,611642,20,,,1,14,,611654,38,,,1,16,,611641,20,,,1,54,,611615,38,,,1,16,,611662,20,,,1,14,,611609,38,,,1,16,,611601,20,,,1,54,,611633,38,,,1,16,,611644,20,,,1,14,,611655,38,,,1,16,,611612,20,,,1,55,,611635,38,,,1,15,,611599,20,,,1,15,,611597,38,,,1,17,,611614,20,,,1,57,,611607,38,,,1,13,,611661,20,,,1,18,,611640,38,,,1,55,,611621,38,,,1,15,,611613,38,,,1,14,,611594,38,,,1,16,,611606,38,,,1,55,,611625,38,,,1,15,,611630,38,,,1,15,,611590,38,,,1,13,,611611,38,,,1,15,,611620,38,,,1,52,,611600,38,,,1,15,,611598,38,,,1,15,,611659,38,,,1,15,,611603,38,,,1,55,,611653,38,,,1,10,,611591,20,,,1,16,,611636,38,,,1,16,,611629,20,,,1,54,,611663,38,,,1,15,,611632,20,,,1,12,,611626,38,,,1,16,,611650,20,,,1,54,,611592,38,,,1,15,,611617,38,,,1,17,,611627,38,,,1,20,,611622,38,,,1,60,,611628,38,,,1,20,,611658,38,,,1,20,,611595,38,,,1,60,,611623,38,,,1,30,,611596,38,,,1,70,,611616,38,,,1,30,,611647,38,,,1,70,,611619,38,,,1
8800,'2-1',447,,611692,37,,,1,70,,611723,37,,,1,30,,611712,37,,,1,69,,611711,37,,,1,16,,611734,37,,,1,15,,611726,37,,,1,60,,611678,37,,,1,16,,611676,38,,,1,15,,611730,38,,,1,17,,611679,38,,,1,55,,611720,38,,,1,15,,611722,38,,,1,14,,611708,38,,,1,16,,611725,38,,,1,55,,611682,38,,,1,15,,611717,38,,,1,15,,611731,38,,,1,15,,611698,20,,,1,55,,611684,38,,,1,15,,611713,20,,,1,15,,611719,38,,,1,15,,611667,20,,,1,54,,611705,38,,,1,16,,611716,20,,,1,14,,611728,38,,,1,16,,611715,20,,,1,54,,611689,38,,,1,16,,611736,20,,,1,14,,611683,38,,,1,16,,611675,20,,,1,54,,611707,38,,,1,16,,611718,20,,,1,14,,611729,38,,,1,16,,611686,20,,,1,55,,611709,38,,,1,15,,611673,20,,,1,15,,611671,38,,,1,17,,611688,20,,,1,57,,611681,38,,,1,13,,611735,20,,,1,18,,611714,38,,,1,55,,611695,38,,,1,15,,611687,38,,,1,14,,611668,38,,,1,16,,611680,38,,,1,55,,611699,38,,,1,15,,611704,38,,,1,15,,611664,38,,,1,13,,611685,38,,,1,15,,611694,38,,,1,52,,611674,38,,,1,15,,611672,38,,,1,15,,611733,38,,,1,15,,611677,38,,,1,55,,611727,38,,,1,10,,611665,20,,,1,16,,611710,38,,,1,16,,611703,20,,,1,54,,611737,38,,,1,15,,611706,20,,,1,12,,611700,38,,,1,16,,611724,20,,,1,54,,611666,38,,,1,15,,611691,38,,,1,17,,611701,38,,,1,20,,611696,38,,,1,60,,611702,38,,,1,20,,611732,38,,,1,20,,611669,38,,,1,60,,611697,38,,,1,30,,611670,38,,,1,70,,611690,38,,,1,30,,611721,38,,,1,70,,611693,38,,,1
8800,'3-1',623,,611749,37,,,1,30,,611756,37,,,1,70,,611765,37,,,1,30,,611753,37,,,1,70,,611738,37,,,1,30,,611762,37,,,1,70,,611743,37,,,1,30,,611754,37,,,1,70,,611760,37,,,1,32,,611767,37,,,1,70,,611764,37,,,1,22,,611740,37,,,1,60,,611769,37,,,1,20,,611741,37,,,1,20,,611758,37,,,1,60,,611775,37,,,1,20,,611763,37,,,1,20,,611771,37,,,1,60,,611747,37,,,1,20,,611739,37,,,1,81,,611755,37,,,1,40,,611742,37,,,1,60,,611752,37,,,1,20,,611770,37,,,1,80,,611748,37,,,1,20,,611772,37,,,1,20,,611744,37,,,1,61,,611751,37,,,1,98,,611757,37,,,1,30,,611761,37,,,1,70,,611773,37,,,1,30,,611746,37,,,1,70,,611766,37,,,1,30,,611774,37,,,1,70,,611745,37,,,1,29,,611759,37,,,1,100,,611750,37,,,1,70,,611768,37,,,1
8800,'4-1',623,,611800,38,,,1,30,,611822,38,,,1,70,,611781,38,,,1,30,,611776,38,,,1,70,,611793,38,,,1,30,,611819,38,,,1,70,,611792,38,,,1,30,,611790,38,,,1,70,,611813,38,,,1,32,,611784,38,,,1,70,,611821,38,,,1,22,,611824,38,,,1,60,,611787,38,,,1,20,,611802,38,,,1,20,,611778,38,,,1,60,,611785,38,,,1,20,,611804,38,,,1,20,,611805,38,,,1,60,,611811,38,,,1,20,,611798,38,,,1,21,,611815,38,,,1,60,,611796,38,,,1,20,,611801,38,,,1,20,,611810,38,,,1,60,,611806,38,,,1,20,,611786,38,,,1,20,,611788,38,,,1,60,,611825,38,,,1,20,,611818,38,,,1,20,,611816,38,,,1,61,,611808,38,,,1,28,,611777,38,,,1,15,,611782,38,,,1,55,,611779,38,,,1,15,,611803,38,,,1,15,,611807,38,,,1,15,,611794,38,,,1,55,,611814,38,,,1,15,,611820,38,,,1,15,,611809,38,,,1,15,,611789,38,,,1,55,,611783,38,,,1,15,,611797,38,,,1,15,,611823,38,,,1,70,,611780,38,,,1,29,,611812,38,,,1,70,,611795,38,,,1,30,,611791,38,,,1,70,,611817,38,,,0,30,,611799,38,,,1
8800,'5-1',532,,611879,37,,,1,68,,611830,37,,,1,30,,611843,37,,,1,70,,611877,37,,,1,30,,611848,37,,,1,70,,611867,37,,,1,30,,611872,37,,,1,70,,611850,37,,,1,30,,611885,37,,,1,17,,611851,19,,,1,55,,611829,37,,,1,18,,611884,19,,,1,16,,611873,37,,,1,15,,611853,19,,,1,55,,611852,37,,,1,15,,611856,19,,,1,16,,611827,37,,,1,15,,611858,19,,,1,55,,611841,37,,,1,15,,611865,19,,,1,16,,611862,37,,,1,15,,611876,19,,,1,57,,611828,37,,,1,15,,611886,19,,,1,15,,611837,37,,,1,15,,611833,19,,,1,55,,611871,37,,,1,16,,611868,19,,,1,15,,611870,37,,,1,16,,611826,19,,,1,54,,611849,37,,,1,16,,611864,19,,,1,14,,611836,37,,,1,16,,611855,19,,,1,54,,611834,37,,,1,15,,611842,19,,,1,15,,611835,37,,,1,15,,611845,19,,,1,55,,611860,37,,,1,15,,611878,19,,,1,15,,611839,37,,,1,15,,611869,19,,,1,55,,611859,37,,,1,15,,611881,19,,,1,13,,611854,37,,,1,16,,611846,19,,,1,54,,611840,37,,,1,16,,611832,19,,,1,14,,611857,37,,,1,16,,611831,19,,,1,54,,611875,37,,,1,16,,611866,19,,,1,14,,611883,37,,,1,70,,611838,37,,,1,100,,611861,37,,,1,29,,611880,37,,,1,70,,611863,37,,,1,30,,611874,37,,,1,70,,611847,37,,,1,30,,611882,37,,,1,81,,611844,37,,,1
8800,'6-1',447,,611915,37,,,1,70,,611946,37,,,1,30,,611935,37,,,1,69,,611934,37,,,1,16,,611957,37,,,1,15,,611949,37,,,1,60,,611901,37,,,1,16,,611899,38,,,1,15,,611953,38,,,1,17,,611902,38,,,1,55,,611943,38,,,1,15,,611945,38,,,1,14,,611931,38,,,1,16,,611948,38,,,1,55,,611905,38,,,1,15,,611940,38,,,1,15,,611954,38,,,1,15,,611921,20,,,1,55,,611907,38,,,1,15,,611936,20,,,1,15,,611942,38,,,1,15,,611890,20,,,1,54,,611928,38,,,1,16,,611939,20,,,1,14,,611951,38,,,1,16,,611938,20,,,1,54,,611912,38,,,1,16,,611959,20,,,1,14,,611906,38,,,1,16,,611898,20,,,1,54,,611930,38,,,1,16,,611941,20,,,1,14,,611952,38,,,1,16,,611909,20,,,1,55,,611932,38,,,1,15,,611896,20,,,1,15,,611894,38,,,1,17,,611911,20,,,1,57,,611904,38,,,1,13,,611958,20,,,1,18,,611937,38,,,1,55,,611918,38,,,1,15,,611910,38,,,1,14,,611891,38,,,1,16,,611903,38,,,1,55,,611922,38,,,1,15,,611927,38,,,1,15,,611887,38,,,1,13,,611908,38,,,1,15,,611917,38,,,1,52,,611897,38,,,1,15,,611895,38,,,1,15,,611956,38,,,1,15,,611900,38,,,1,55,,611950,38,,,1,10,,611888,20,,,1,16,,611933,38,,,1,16,,611926,20,,,1,54,,611960,38,,,1,15,,611929,20,,,1,12,,611923,38,,,1,16,,611947,20,,,1,54,,611889,38,,,1,15,,611914,38,,,1,17,,611924,38,,,1,20,,611919,38,,,1,60,,611925,38,,,1,20,,611955,38,,,1,20,,611892,38,,,1,60,,611920,38,,,1,30,,611893,38,,,1,70,,611913,38,,,1,30,,611944,38,,,1,70,,611916,38,,,1
8800,'7-1',623,,611972,37,,,1,30,,611979,37,,,1,70,,611988,37,,,1,30,,611976,37,,,1,70,,611961,37,,,1,30,,611985,37,,,1,70,,611966,37,,,1,30,,611977,37,,,1,70,,611983,37,,,1,32,,611990,37,,,1,70,,611987,37,,,1,22,,611963,37,,,1,60,,611992,37,,,1,20,,611964,37,,,1,20,,611981,37,,,1,60,,611998,37,,,1,20,,611986,37,,,1,20,,611994,37,,,1,60,,611970,37,,,1,20,,611962,37,,,1,81,,611978,37,,,1,40,,611965,37,,,1,60,,611975,37,,,1,20,,611993,37,,,1,80,,611971,37,,,1,20,,611995,37,,,1,20,,611967,37,,,1,61,,611974,37,,,1,98,,611980,37,,,1,30,,611984,37,,,1,70,,611996,37,,,1,30,,611969,37,,,1,70,,611989,37,,,1,30,,611997,37,,,1,70,,611968,37,,,1,29,,611982,37,,,1,100,,611973,37,,,1,70,,611991,37,,,1
8800,'8-1',447,,612027,37,,,1,70,,612058,37,,,1,30,,612047,37,,,1,69,,612046,37,,,1,16,,612069,37,,,1,15,,612061,37,,,1,60,,612013,37,,,1,16,,612011,38,,,1,15,,612065,38,,,1,17,,612014,38,,,1,55,,612055,38,,,1,15,,612057,38,,,1,14,,612043,38,,,1,16,,612060,38,,,1,55,,612017,38,,,1,15,,612052,38,,,1,15,,612066,38,,,1,15,,612033,20,,,1,55,,612019,38,,,1,15,,612048,20,,,1,15,,612054,38,,,1,15,,612002,20,,,1,54,,612040,38,,,1,16,,612051,20,,,1,14,,612063,38,,,1,16,,612050,20,,,1,54,,612024,38,,,1,16,,612071,20,,,1,14,,612018,38,,,1,16,,612010,20,,,1,54,,612042,38,,,1,16,,612053,20,,,1,14,,612064,38,,,1,16,,612021,20,,,1,55,,612044,38,,,1,15,,612008,20,,,1,15,,612006,38,,,1,17,,612023,20,,,1,57,,612016,38,,,1,13,,612070,20,,,1,18,,612049,38,,,1,55,,612030,38,,,1,15,,612022,38,,,1,14,,612003,38,,,1,16,,612015,38,,,1,55,,612034,38,,,1,15,,612039,38,,,1,15,,611999,38,,,1,13,,612020,38,,,1,15,,612029,38,,,1,52,,612009,38,,,1,15,,612007,38,,,1,15,,612068,38,,,1,15,,612012,38,,,1,55,,612062,38,,,1,10,,612000,20,,,1,16,,612045,38,,,1,16,,612038,20,,,1,54,,612072,38,,,1,15,,612041,20,,,1,12,,612035,38,,,1,16,,612059,20,,,1,54,,612001,38,,,1,15,,612026,38,,,1,17,,612036,38,,,1,20,,612031,38,,,1,60,,612037,38,,,1,20,,612067,38,,,1,20,,612004,38,,,1,60,,612032,38,,,1,30,,612005,38,,,1,70,,612025,38,,,1,30,,612056,38,,,1,70,,612028,38,,,1
8800,'9-1',532,,612134,37,,,1,68,,612123,37,,,1,30,,612095,37,,,1,70,,612087,37,,,1,30,,612133,37,,,1,70,,612114,37,,,1,30,,612112,37,,,1,70,,612073,37,,,1,30,,612101,37,,,1,17,,612110,19,,,1,55,,612085,37,,,1,18,,612089,19,,,1,16,,612118,37,,,1,15,,612086,19,,,1,55,,612093,37,,,1,15,,612074,19,,,1,16,,612100,37,,,1,15,,612079,19,,,1,55,,612124,37,,,1,15,,612090,19,,,1,16,,612129,37,,,1,15,,612116,19,,,1,57,,612094,37,,,1,15,,612115,19,,,1,15,,612104,37,,,1,15,,612111,19,,,1,55,,612099,37,,,1,16,,612096,19,,,1,15,,612103,37,,,1,16,,612105,19,,,1,54,,612130,37,,,1,16,,612102,19,,,1,14,,612122,37,,,1,16,,612109,19,,,1,54,,612113,37,,,1,15,,612131,19,,,1,15,,612075,37,,,1,15,,612080,19,,,1,55,,612084,37,,,1,15,,612127,19,,,1,15,,612078,37,,,1,15,,612081,19,,,1,55,,612132,37,,,1,15,,612097,19,,,1,13,,612076,37,,,1,16,,612091,19,,,1,54,,612128,37,,,1,16,,612106,19,,,1,14,,612077,37,,,1,16,,612108,19,,,1,54,,612092,37,,,1,16,,612120,19,,,1,14,,612107,37,,,1,70,,612117,37,,,1,30,,612126,37,,,1,70,,612119,37,,,1,29,,612098,37,,,1,70,,612088,37,,,1,30,,612125,37,,,1,70,,612083,37,,,1,30,,612121,37,,,1,81,,612082,37,,,1
11100,'1-1',524,,618521,29,0,86 87,1,87,,618553,29,0,86 87,1,15,,618508,29,0,86 87,1,15,,618537,29,,,1,17,,618498,29,0,86 87,1,55,,618555,29,,,1,15,,618504,29,0,86 87,1,15,,618554,29,,,1,59,,618534,29,0,86 87,1,16,,618542,29,,,1,6,,618519,29,0,86 87,1,19,,618520,29,,,1,11,,618526,29,0,86 87,1,55,,618545,29,,,1,15,,618531,29,0,86 87,1,15,,618536,29,,,1,15,,618495,29,0,86 87,1,60,,618490,29,,,1,15,,618486,29,0,86 87,1,15,,618516,29,,,1,15,,618494,29,0,86 87,1,55,,618493,29,,,1,15,,618491,29,0,86 87,1,15,,618492,29,,,1,15,,618509,29,0,86 87,1,55,,618505,29,,,1,15,,618546,29,0,86 87,1,15,,618549,29,,,1,15,,618533,29,0,86 87,1,55,,618544,29,,,1,15,,618501,29,0,86 87,1,15,,618514,29,,,1,12,,618489,29,0,86 87,1,55,,618535,29,,,1,19,,618538,29,0,86 87,1,15,,618548,29,,,1,55,,618525,29,0,86 87,1,15,,618500,29,,,1,17,,618540,29,0,86 87,1,15,,618541,29,,,1,55,,618523,29,0,86 87,1,17,,618512,29,,,1,16,,618497,29,0,86 87,1,16,,618539,29,,,1,54,,618517,29,0,86 87,1,16,,618529,29,,,1,15,,618543,29,0,86 87,1,14,,618551,29,,,1,70,,618510,29,,,1,10,,618527,29,0,86 87,1,15,,618513,29,,,1,55,,618503,29,0,86 87,1,15,,618488,29,,,1,11,,618524,29,0,86 87,1,15,,618547,29,,,1,15,,618518,29,0,86 87,1,55,,618515,29,,,1,15,,618532,29,0,86 87,1,15,,618552,29,,,1,15,,618506,29,0,86 87,1,55,,618530,29,,,1,15,,618487,29,0,86 87,1,15,,618528,29,,,1,15,,618499,29,0,86 87,1,55,,618522,29,,,1,15,,618507,29,0,86 87,1,20,,618550,29,0,86 87,1,60,,618496,29,0,86 87,1,32,,618502,29,0,86 87,1,78,,618511,29,0,86 87,1
11100,'10-1',524,,618610,29,0,86 87,1,87,,618572,29,0,86 87,1,15,,618559,29,0,86 87,1,15,,618600,29,,,1,17,,618612,29,0,86 87,1,55,,618603,29,,,1,15,,618622,29,0,86 87,1,15,,618585,29,,,1,59,,618556,29,0,86 87,1,16,,618557,29,,,1,6,,618560,29,0,86 87,1,19,,618598,29,,,1,11,,618588,29,0,86 87,1,55,,618589,29,,,1,15,,618619,29,0,86 87,1,15,,618617,29,,,1,15,,618582,29,0,86 87,1,60,,618608,29,,,1,15,,618597,29,0,86 87,1,15,,618615,29,,,1,15,,618570,29,0,86 87,1,55,,618620,29,,,1,15,,618614,29,0,86 87,1,15,,618580,29,,,1,15,,618613,29,0,86 87,1,55,,618587,29,,,1,15,,618618,29,0,86 87,1,15,,618601,29,,,1,15,,618595,29,0,86 87,1,55,,618565,29,,,1,15,,618591,29,0,86 87,1,15,,618611,29,,,1,12,,618571,29,0,86 87,1,55,,618624,29,,,1,19,,618594,29,0,86 87,1,15,,618581,29,,,1,55,,618593,29,0,86 87,1,15,,618583,29,,,1,17,,618569,29,0,86 87,1,15,,618576,29,,,1,55,,618579,29,0,86 87,1,17,,618606,29,,,1,16,,618625,29,0,86 87,1,16,,618578,29,,,1,54,,618562,29,0,86 87,1,16,,618590,29,,,1,15,,618566,29,0,86 87,1,14,,618561,29,,,1,70,,618604,29,,,1,10,,618586,29,0,86 87,1,15,,618573,29,,,1,55,,618602,29,0,86 87,1,15,,618621,29,,,1,11,,618563,29,0,86 87,1,15,,618567,29,,,1,15,,618599,29,0,86 87,1,55,,618564,29,,,1,15,,618575,29,0,86 87,1,15,,618568,29,,,1,15,,618605,29,0,86 87,1,55,,618609,29,,,1,15,,618577,29,0,86 87,1,15,,618574,29,,,1,15,,618607,29,0,86 87,1,55,,618623,29,,,1,15,,618616,29,0,86 87,1,20,,618584,29,0,86 87,1,60,,618592,29,0,86 87,1,32,,618596,29,0,86 87,1,78,,618558,29,0,86 87,1
11100,'11-1',524,,618680,29,0,86 87,1,87,,618642,29,0,86 87,1,15,,618629,29,0,86 87,1,15,,618670,29,,,1,17,,618682,29,0,86 87,1,55,,618673,29,,,1,15,,618692,29,0,86 87,1,15,,618655,29,,,1,59,,618626,29,0,86 87,1,16,,618627,29,,,1,6,,618630,29,0,86 87,1,19,,618668,29,,,1,11,,618658,29,0,86 87,1,55,,618659,29,,,1,15,,618689,29,0,86 87,1,15,,618687,29,,,1,15,,618652,29,0,86 87,1,60,,618678,29,,,1,15,,618667,29,0,86 87,1,15,,618685,29,,,1,15,,618640,29,0,86 87,1,55,,618690,29,,,1,15,,618684,29,0,86 87,1,15,,618650,29,,,1,15,,618683,29,0,86 87,1,55,,618657,29,,,1,15,,618688,29,0,86 87,1,15,,618671,29,,,1,15,,618665,29,0,86 87,1,55,,618635,29,,,1,15,,618661,29,0,86 87,1,15,,618681,29,,,1,12,,618641,29,0,86 87,1,55,,618694,29,,,1,19,,618664,29,0,86 87,1,15,,618651,29,,,1,55,,618663,29,0,86 87,1,15,,618653,29,,,1,17,,618639,29,0,86 87,1,15,,618646,29,,,1,55,,618649,29,0,86 87,1,17,,618676,29,,,1,16,,618695,29,0,86 87,1,16,,618648,29,,,1,54,,618632,29,0,86 87,1,16,,618660,29,,,1,15,,618636,29,0,86 87,1,14,,618631,29,,,1,70,,618674,29,,,1,10,,618656,29,0,86 87,1,15,,618643,29,,,1,55,,618672,29,0,86 87,1,15,,618691,29,,,1,11,,618633,29,0,86 87,1,15,,618637,29,,,1,15,,618669,29,0,86 87,1,55,,618634,29,,,1,15,,618645,29,0,86 87,1,15,,618638,29,,,1,15,,618675,29,0,86 87,1,55,,618679,29,,,1,15,,618647,29,0,86 87,1,15,,618644,29,,,1,15,,618677,29,0,86 87,1,55,,618693,29,,,1,15,,618686,29,0,86 87,1,20,,618654,29,0,86 87,1,60,,618662,29,0,86 87,1,32,,618666,29,0,86 87,1,78,,618628,29,0,86 87,1
11100,'2-1',524,,618750,29,0,86 87,1,87,,618712,29,0,86 87,1,15,,618699,29,0,86 87,1,15,,618740,29,,,1,17,,618752,29,0,86 87,1,55,,618743,29,,,1,15,,618762,29,0,86 87,1,15,,618725,29,,,1,59,,618696,29,0,86 87,1,16,,618697,29,,,1,6,,618700,29,0,86 87,1,19,,618738,29,,,1,11,,618728,29,0,86 87,1,55,,618729,29,,,1,15,,618759,29,0,86 87,1,15,,618757,29,,,1,15,,618722,29,0,86 87,1,60,,618748,29,,,1,15,,618737,29,0,86 87,1,15,,618755,29,,,1,15,,618710,29,0,86 87,1,55,,618760,29,,,1,15,,618754,29,0,86 87,1,15,,618720,29,,,1,15,,618753,29,0,86 87,1,55,,618727,29,,,1,15,,618758,29,0,86 87,1,15,,618741,29,,,1,15,,618735,29,0,86 87,1,55,,618705,29,,,1,15,,618731,29,0,86 87,1,15,,618751,29,,,1,12,,618711,29,0,86 87,1,55,,618764,29,,,1,19,,618734,29,0,86 87,1,15,,618721,29,,,1,55,,618733,29,0,86 87,1,15,,618723,29,,,1,17,,618709,29,0,86 87,1,15,,618716,29,,,1,55,,618719,29,0,86 87,1,17,,618746,29,,,1,16,,618765,29,0,86 87,1,16,,618718,29,,,1,54,,618702,29,0,86 87,1,16,,618730,29,,,1,15,,618706,29,0,86 87,1,14,,618701,29,,,1,70,,618744,29,,,1,10,,618726,29,0,86 87,1,15,,618713,29,,,1,55,,618742,29,0,86 87,1,15,,618761,29,,,1,11,,618703,29,0,86 87,1,15,,618707,29,,,1,15,,618739,29,0,86 87,1,55,,618704,29,,,1,15,,618715,29,0,86 87,1,15,,618708,29,,,1,15,,618745,29,0,86 87,1,55,,618749,29,,,1,15,,618717,29,0,86 87,1,15,,618714,29,,,1,15,,618747,29,0,86 87,1,55,,618763,29,,,1,15,,618756,29,0,86 87,1,20,,618724,29,0,86 87,1,60,,618732,29,0,86 87,1,32,,618736,29,0,86 87,1,78,,618698,29,0,86 87,1
11100,'3-1',637,,618786,29,0,86 87,1,100,,618783,29,0,86 87,1,100,,618778,29,0,86 87,1,70,,618770,29,0,86 87,1,30,,618790,29,0,86 87,1,70,,618782,29,0,86 87,1,103,,618777,29,0,86 87,1,30,,618792,29,0,86 87,1,70,,618771,29,0,86 87,1,31,,618791,29,0,86 87,1,70,,618773,29,0,86 87,1,30,,618781,29,0,86 87,1,70,,618774,29,0,86 87,1,30,,618775,29,0,86 87,1,70,,618768,29,0,86 87,1,30,,618766,29,0,86 87,1,70,,618767,29,0,86 87,1,31,,618794,29,0,86 87,1,70,,618784,29,0,86 87,1,30,,618787,29,0,86 87,1,100,,618795,29,0,86 87,1,70,,618776,29,0,86 87,1,30,,618793,29,0,86 87,1,70,,618789,29,0,86 87,1,28,,618780,29,0,86 87,1,70,,618779,29,0,86 87,1,30,,618785,29,0,86 87,1,70,,618769,29,0,86 87,1,28,,618788,29,0,86 87,1,75,,618772,29,0,86 87,1
11100,'4-1',637,,618806,29,0,86 87,1,100,,618797,29,0,86 87,1,100,,618815,29,0,86 87,1,70,,618799,29,0,86 87,1,30,,618818,29,0,86 87,1,70,,618825,29,0,86 87,1,33,,618804,29,0,86 87,1,70,,618823,29,0,86 87,1,30,,618812,29,0,86 87,1,70,,618811,29,0,86 87,1,31,,618817,29,0,86 87,1,70,,618816,29,0,86 87,1,30,,618803,29,0,86 87,1,70,,618822,29,0,86 87,1,30,,618814,29,0,86 87,1,70,,618813,29,0,86 87,1,30,,618800,29,0,86 87,1,70,,618819,29,0,86 87,1,31,,618798,29,0,86 87,1,70,,618820,29,0,86 87,1,30,,618821,29,0,86 87,1,70,,618824,29,0,86 87,1,30,,618810,29,0,86 87,1,70,,618828,29,0,86 87,1,30,,618826,29,0,86 87,1,70,,618809,29,0,86 87,1,28,,618802,29,0,86 87,1,70,,618829,29,0,86 87,1,30,,618796,29,0,86 87,1,70,,618801,29,0,86 87,1,28,,618805,29,0,86 87,1,75,,618807,29,0,86 87,1,100,,618827,29,0,86 87,1,100,,618808,29,0,86 87,1
11100,'5-1',552,,618856,29,0,86 87,1,100,,618847,29,0,86 87,1,100,,618830,29,0,86 87,1,70,,618835,29,0,86 87,1,30,,618853,29,0,86 87,1,70,,618842,29,0,86 87,1,30,,618863,29,0,86 87,1,73,,618850,29,0,86 87,1,100,,618832,29,0,86 87,1,30,,618864,29,0,86 87,1,71,,618841,29,0,86 87,1,30,,618838,29,0,86 87,1,70,,618861,29,0,86 87,1,30,,618860,29,0,86 87,1,70,,618851,29,0,86 87,1,30,,618849,29,0,86 87,1,70,,618837,29,0,86 87,1,30,,618852,29,0,86 87,1,71,,618848,29,0,86 87,1,30,,618836,29,0,86 87,1,70,,618845,29,0,86 87,1,30,,618839,29,0,86 87,1,70,,618859,29,0,86 87,1,30,,618862,29,0,86 87,1,70,,618854,29,0,86 87,1,30,,618840,29,0,86 87,1,68,,618857,29,0,86 87,1,30,,618855,29,0,86 87,1,70,,618858,29,0,86 87,1,30,,618833,29,0,86 87,1,68,,618831,29,0,86 87,1,30,,618844,29,0,86 87,1,70,,618834,29,0,86 87,1,30,,618846,29,0,86 87,1,85,,618843,29,0,86 87,1
11100,'6-1',524,,618919,29,0,86 87,1,87,,618881,29,0,86 87,1,15,,618868,29,0,86 87,1,15,,618909,29,,,1,17,,618921,29,0,86 87,1,55,,618912,29,,,1,15,,618931,29,0,86 87,1,15,,618894,29,,,1,59,,618865,29,0,86 87,1,16,,618866,29,,,1,6,,618869,29,0,86 87,1,19,,618907,29,,,1,11,,618897,29,0,86 87,1,55,,618898,29,,,1,15,,618928,29,0,86 87,1,15,,618926,29,,,1,15,,618891,29,0,86 87,1,60,,618917,29,,,1,15,,618906,29,0,86 87,1,15,,618924,29,,,1,15,,618879,29,0,86 87,1,55,,618929,29,,,1,15,,618923,29,0,86 87,1,15,,618889,29,,,1,15,,618922,29,0,86 87,1,55,,618896,29,,,1,15,,618927,29,0,86 87,1,15,,618910,29,,,1,15,,618904,29,0,86 87,1,55,,618874,29,,,1,15,,618900,29,0,86 87,1,15,,618920,29,,,1,12,,618880,29,0,86 87,1,55,,618933,29,,,1,19,,618903,29,0,86 87,1,15,,618890,29,,,1,55,,618902,29,0,86 87,1,15,,618892,29,,,1,17,,618878,29,0,86 87,1,15,,618885,29,,,1,55,,618888,29,0,86 87,1,17,,618915,29,,,1,16,,618934,29,0,86 87,1,16,,618887,29,,,1,54,,618871,29,0,86 87,1,16,,618899,29,,,1,15,,618875,29,0,86 87,1,14,,618870,29,,,1,70,,618913,29,,,1,10,,618895,29,0,86 87,1,15,,618882,29,,,1,55,,618911,29,0,86 87,1,15,,618930,29,,,1,11,,618872,29,0,86 87,1,15,,618876,29,,,1,15,,618908,29,0,86 87,1,55,,618873,29,,,1,15,,618884,29,0,86 87,1,15,,618877,29,,,1,15,,618914,29,0,86 87,1,55,,618918,29,,,1,15,,618886,29,0,86 87,1,15,,618883,29,,,1,15,,618916,29,0,86 87,1,55,,618932,29,,,1,15,,618925,29,0,86 87,1,20,,618893,29,0,86 87,1,60,,618901,29,0,86 87,1,32,,618905,29,0,86 87,1,78,,618867,29,0,86 87,1
11100,'7-1',637,,618955,29,0,86 87,1,100,,618952,29,0,86 87,1,100,,618947,29,0,86 87,1,70,,618939,29,0,86 87,1,30,,618959,29,0,86 87,1,70,,618951,29,0,86 87,1,103,,618946,29,0,86 87,1,30,,618961,29,0,86 87,1,70,,618940,29,0,86 87,1,31,,618960,29,0,86 87,1,70,,618942,29,0,86 87,1,30,,618950,29,0,86 87,1,70,,618943,29,0,86 87,1,30,,618944,29,0,86 87,1,70,,618937,29,0,86 87,1,30,,618935,29,0,86 87,1,70,,618936,29,0,86 87,1,31,,618963,29,0,86 87,1,70,,618953,29,0,86 87,1,30,,618956,29,0,86 87,1,100,,618964,29,0,86 87,1,70,,618945,29,0,86 87,1,30,,618962,29,0,86 87,1,70,,618958,29,0,86 87,1,28,,618949,29,0,86 87,1,70,,618948,29,0,86 87,1,30,,618954,29,0,86 87,1,70,,618938,29,0,86 87,1,28,,618957,29,0,86 87,1,75,,618941,29,0,86 87,1
11100,'8-1',524,,619019,29,0,86 87,1,87,,618981,29,0,86 87,1,15,,618968,29,0,86 87,1,15,,619009,29,,,1,17,,619021,29,0,86 87,1,55,,619012,29,,,1,15,,619031,29,0,86 87,1,15,,618994,29,,,1,59,,618965,29,0,86 87,1,16,,618966,29,,,1,6,,618969,29,0,86 87,1,19,,619007,29,,,1,11,,618997,29,0,86 87,1,55,,618998,29,,,1,15,,619028,29,0,86 87,1,15,,619026,29,,,1,15,,618991,29,0,86 87,1,60,,619017,29,,,1,15,,619006,29,0,86 87,1,15,,619024,29,,,1,15,,618979,29,0,86 87,1,55,,619029,29,,,1,15,,619023,29,0,86 87,1,15,,618989,29,,,1,15,,619022,29,0,86 87,1,55,,618996,29,,,1,15,,619027,29,0,86 87,1,15,,619010,29,,,1,15,,619004,29,0,86 87,1,55,,618974,29,,,1,15,,619000,29,0,86 87,1,15,,619020,29,,,1,12,,618980,29,0,86 87,1,55,,619033,29,,,1,19,,619003,29,0,86 87,1,15,,618990,29,,,1,55,,619002,29,0,86 87,1,15,,618992,29,,,1,17,,618978,29,0,86 87,1,15,,618985,29,,,1,55,,618988,29,0,86 87,1,17,,619015,29,,,1,16,,619034,29,0,86 87,1,16,,618987,29,,,1,54,,618971,29,0,86 87,1,16,,618999,29,,,1,15,,618975,29,0,86 87,1,14,,618970,29,,,1,70,,619013,29,,,1,10,,618995,29,0,86 87,1,15,,618982,29,,,1,55,,619011,29,0,86 87,1,15,,619030,29,,,1,11,,618972,29,0,86 87,1,15,,618976,29,,,1,15,,619008,29,0,86 87,1,55,,618973,29,,,1,15,,618984,29,0,86 87,1,15,,618977,29,,,1,15,,619014,29,0,86 87,1,55,,619018,29,,,1,15,,618986,29,0,86 87,1,15,,618983,29,,,1,15,,619016,29,0,86 87,1,55,,619032,29,,,1,15,,619025,29,0,86 87,1,20,,618993,29,0,86 87,1,60,,619001,29,0,86 87,1,32,,619005,29,0,86 87,1,78,,618967,29,0,86 87,1
11100,'9-1',552,,619062,29,0,86 87,1,70,,619039,29,0,86 87,1,30,,619064,29,0,86 87,1,70,,619036,29,0,86 87,1,30,,619048,29,0,86 87,1,70,,619051,29,0,86 87,1,30,,619055,29,0,86 87,1,70,,619053,29,0,86 87,1,30,,619041,29,0,86 87,1,73,,619040,29,0,86 87,1,30,,619046,29,0,86 87,1,70,,619071,29,0,86 87,1,30,,619054,29,0,86 87,1,71,,619066,29,0,86 87,1,30,,619065,29,0,86 87,1,70,,619035,29,0,86 87,1,30,,619070,29,0,86 87,1,70,,619042,29,0,86 87,1,30,,619052,29,0,86 87,1,70,,619038,29,0,86 87,1,30,,619044,29,0,86 87,1,71,,619043,29,0,86 87,1,30,,619050,29,0,86 87,1,70,,619037,29,0,86 87,1,30,,619072,29,0,86 87,1,70,,619059,29,0,86 87,1,30,,619067,29,0,86 87,1,70,,619049,29,0,86 87,1,30,,619063,29,0,86 87,1,68,,619045,29,0,86 87,1,30,,619068,29,0,86 87,1,70,,619056,29,0,86 87,1,30,,619058,29,0,86 87,1,68,,619069,29,0,86 87,1,30,,619057,29,0,86 87,1,70,,619060,29,0,86 87,1,30,,619047,29,0,86 87,1,85,,619061,29,0,86 87,1
11200,'1-1',513,,619675,36,,,1,104,,619674,36,,,1,30,,619683,36,,,1,71,,619661,36,,,1,34,,619660,36,,,1,70,,619686,36,,,1,34,,619656,36,,,1,66,,619671,36,,,1,28,,619679,36,,,1,70,,619665,36,,,1,31,,619682,36,,,1,70,,619668,36,,,1,30,,619669,36,,,1,70,,619666,36,,,1,30,,619685,36,,,1,70,,619680,36,,,1,30,,619678,36,,,1,70,,619658,36,,,1,33,,619676,36,,,1,70,,619673,36,,,1,31,,619677,36,,,1,66,,619667,36,,,1,29,,619672,36,,,1,71,,619687,36,,,1,31,,619662,36,,,1,71,,619688,36,,,1,27,,619689,36,,,1,70,,619681,36,,,1,29,,619655,36,,,1,70,,619664,36,,,1,30,,619670,36,,,1,70,,619657,36,,,1,28,,619659,36,,,1,70,,619663,36,,,1,99,,619684,36,,,1
11200,'10-1',513,,619703,36,,,1,104,,619694,36,,,1,30,,619718,36,,,1,71,,619719,36,,,1,34,,619721,36,,,1,70,,619713,36,,,1,34,,619705,36,,,1,66,,619691,36,,,1,28,,619711,36,,,1,70,,619698,36,,,1,31,,619720,36,,,1,70,,619712,36,,,1,30,,619708,36,,,1,70,,619717,36,,,1,30,,619697,36,,,1,70,,619696,36,,,1,30,,619699,36,,,1,70,,619710,36,,,1,33,,619695,36,,,1,70,,619692,36,,,1,31,,619716,36,,,1,66,,619722,36,,,1,29,,619709,36,,,1,71,,619707,36,,,1,31,,619706,36,,,1,71,,619700,36,,,1,27,,619690,36,,,1,70,,619715,36,,,1,29,,619704,36,,,1,70,,619714,36,,,1,30,,619701,36,,,1,70,,619702,36,,,1,28,,619724,36,,,1,70,,619693,36,,,1,99,,619723,36,,,1
11200,'11-1',513,,619738,36,,,1,104,,619729,36,,,1,30,,619753,36,,,1,71,,619754,36,,,1,34,,619756,36,,,1,70,,619748,36,,,1,34,,619740,36,,,1,66,,619726,36,,,1,28,,619746,36,,,1,70,,619733,36,,,1,31,,619755,36,,,1,70,,619747,36,,,1,30,,619743,36,,,1,70,,619752,36,,,1,30,,619732,36,,,1,70,,619731,36,,,1,30,,619734,36,,,1,70,,619745,36,,,1,33,,619730,36,,,1,70,,619727,36,,,1,31,,619751,36,,,1,66,,619757,36,,,1,29,,619744,36,,,1,71,,619742,36,,,1,31,,619741,36,,,1,71,,619735,36,,,1,27,,619725,36,,,1,70,,619750,36,,,1,29,,619739,36,,,1,70,,619749,36,,,1,30,,619736,36,,,1,70,,619737,36,,,1,28,,619759,36,,,1,70,,619728,36,,,1,99,,619758,36,,,1
11200,'2-1',513,,619773,36,,,1,104,,619764,36,,,1,30,,619788,36,,,1,71,,619789,36,,,1,34,,619791,36,,,1,70,,619783,36,,,1,34,,619775,36,,,1,66,,619761,36,,,1,28,,619781,36,,,1,70,,619768,36,,,1,31,,619790,36,,,1,70,,619782,36,,,1,30,,619778,36,,,1,70,,619787,36,,,1,30,,619767,36,,,1,70,,619766,36,,,1,30,,619769,36,,,1,70,,619780,36,,,1,33,,619765,36,,,1,70,,619762,36,,,1,31,,619786,36,,,1,66,,619792,36,,,1,29,,619779,36,,,1,71,,619777,36,,,1,31,,619776,36,,,1,71,,619770,36,,,1,27,,619760,36,,,1,70,,619785,36,,,1,29,,619774,36,,,1,70,,619784,36,,,1,30,,619771,36,,,1,70,,619772,36,,,1,28,,619794,36,,,1,70,,619763,36,,,1,99,,619793,36,,,1
11200,'3-1',714,,619812,36,,,1,100,,619796,36,,,1,100,,619819,36,,,1,33,,619807,36,,,1,70,,619800,36,,,1,30,,619806,36,,,1,70,,619805,36,,,1,32,,619797,36,,,1,70,,619809,36,,,1,30,,619811,36,,,1,70,,619795,36,,,1,30,,619815,36,,,1,70,,619799,36,,,1,30,,619802,36,,,1,70,,619821,36,,,1,30,,619818,36,,,1,70,,619813,36,,,1,30,,619816,36,,,1,100,,619798,36,,,1,70,,619801,36,,,1,30,,619823,36,,,1,70,,619822,36,,,1,30,,619820,36,,,1,70,,619810,36,,,1,29,,619804,36,,,1,70,,619817,36,,,1,30,,619803,36,,,1,98,,619808,36,,,1,70,,619814,36,,,1
11200,'4-1',714,,619833,36,,,1,100,,619837,36,,,1,100,,619845,36,,,1,33,,619827,36,,,1,70,,619843,36,,,1,30,,619853,36,,,1,70,,619836,36,,,1,32,,619854,36,,,1,70,,619830,36,,,1,30,,619825,36,,,1,70,,619848,36,,,1,30,,619851,36,,,1,70,,619844,36,,,1,30,,619834,36,,,1,70,,619849,36,,,1,30,,619832,36,,,1,70,,619841,36,,,1,30,,619839,36,,,1,70,,619850,36,,,1,30,,619846,36,,,1,70,,619829,36,,,1,30,,619838,36,,,1,70,,619826,36,,,1,30,,619852,36,,,1,70,,619824,36,,,1,29,,619855,36,,,1,70,,619840,36,,,1,30,,619831,36,,,1,98,,619842,36,,,1,70,,619835,36,,,1,100,,619828,36,,,1,100,,619847,36,,,1
11200,'5-1',625,,619866,36,,,1,100,,619870,36,,,1,100,,619880,36,,,1,103,,619859,36,,,1,30,,619877,36,,,1,100,,619867,36,,,1,72,,619858,36,,,1,100,,619862,36,,,1,70,,619868,36,,,1,30,,619861,36,,,1,70,,619871,36,,,1,30,,619856,36,,,1,100,,619864,36,,,1,70,,619875,36,,,1,30,,619872,36,,,1,70,,619857,36,,,1,30,,619874,36,,,1,100,,619879,36,,,1,70,,619869,36,,,1,30,,619860,36,,,1,70,,619863,36,,,1,29,,619878,36,,,1,30,,619865,36,,,1,70,,619876,36,,,1,30,,619881,36,,,1,68,,619873,36,,,1,100,,619883,36,,,1,100,,619882,36,,,1
11200,'6-1',513,,619897,36,,,1,104,,619888,36,,,1,30,,619912,36,,,1,71,,619913,36,,,1,34,,619915,36,,,1,70,,619907,36,,,1,34,,619899,36,,,1,66,,619885,36,,,1,28,,619905,36,,,1,70,,619892,36,,,1,31,,619914,36,,,1,70,,619906,36,,,1,30,,619902,36,,,1,70,,619911,36,,,1,30,,619891,36,,,1,70,,619890,36,,,1,30,,619893,36,,,1,70,,619904,36,,,1,33,,619889,36,,,1,70,,619886,36,,,1,31,,619910,36,,,1,66,,619916,36,,,1,29,,619903,36,,,1,71,,619901,36,,,1,31,,619900,36,,,1,71,,619894,36,,,1,27,,619884,36,,,1,70,,619909,36,,,1,29,,619898,36,,,1,70,,619908,36,,,1,30,,619895,36,,,1,70,,619896,36,,,1,28,,619918,36,,,1,70,,619887,36,,,1,99,,619917,36,,,1
11200,'7-1',714,,619936,36,,,1,100,,619920,36,,,1,100,,619943,36,,,1,33,,619931,36,,,1,70,,619924,36,,,1,30,,619930,36,,,1,70,,619929,36,,,1,32,,619921,36,,,1,70,,619933,36,,,1,30,,619935,36,,,1,70,,619919,36,,,1,30,,619939,36,,,1,70,,619923,36,,,1,30,,619926,36,,,1,70,,619945,36,,,1,30,,619942,36,,,1,70,,619937,36,,,1,30,,619940,36,,,1,100,,619922,36,,,1,70,,619925,36,,,1,30,,619947,36,,,1,70,,619946,36,,,1,30,,619944,36,,,1,70,,619934,36,,,1,29,,619928,36,,,1,70,,619941,36,,,1,30,,619927,36,,,1,98,,619932,36,,,1,70,,619938,36,,,1
11200,'8-1',513,,619961,36,,,1,104,,619952,36,,,1,30,,619976,36,,,1,71,,619977,36,,,1,34,,619979,36,,,1,70,,619971,36,,,1,34,,619963,36,,,1,66,,619949,36,,,1,28,,619969,36,,,1,70,,619956,36,,,1,31,,619978,36,,,1,70,,619970,36,,,1,30,,619966,36,,,1,70,,619975,36,,,1,30,,619955,36,,,1,70,,619954,36,,,1,30,,619957,36,,,1,70,,619968,36,,,1,33,,619953,36,,,1,70,,619950,36,,,1,31,,619974,36,,,1,66,,619980,36,,,1,29,,619967,36,,,1,71,,619965,36,,,1,31,,619964,36,,,1,71,,619958,36,,,1,27,,619948,36,,,1,70,,619973,36,,,1,29,,619962,36,,,1,70,,619972,36,,,1,30,,619959,36,,,1,70,,619960,36,,,1,28,,619982,36,,,1,70,,619951,36,,,1,99,,619981,36,,,1
11200,'9-1',625,,620010,36,,,1,100,,620006,36,,,1,100,,619986,36,,,1,30,,619999,36,,,1,73,,620003,36,,,1,30,,619993,36,,,1,70,,620015,36,,,1,30,,620004,36,,,1,72,,619987,36,,,1,70,,620005,36,,,1,30,,619984,36,,,1,70,,619989,36,,,1,30,,620014,36,,,1,70,,619998,36,,,1,30,,620007,36,,,1,70,,619995,36,,,1,30,,620012,36,,,1,70,,619996,36,,,1,30,,620008,36,,,1,70,,619991,36,,,1,30,,619990,36,,,1,70,,619994,36,,,1,30,,619992,36,,,1,70,,620009,36,,,1,30,,620001,36,,,1,70,,619988,36,,,1,29,,619985,36,,,1,30,,620000,36,,,1,70,,619997,36,,,1,30,,620002,36,,,1,68,,620011,36,,,1,100,,619983,36,,,1,100,,620013,36,,,1
