8201,'1-1',704,,794376,6,0,56 57,1,100,,794374,6,0,56 57,1,30,,794390,6,0,56 57,1,70,,794396,6,0,56 57,1,29,,794372,6,0,56 57,1,70,,794366,6,0,56 57,1,30,,794384,6,0,56 57,1,68,,794395,6,0,56 57,1,30,,794394,6,0,56 57,1,70,,794383,6,0,56 57,1,30,,794386,6,0,56 57,1,70,,794392,6,0,56 57,1,30,,794391,6,0,56 57,1,70,,794385,6,0,56 57,1,30,,794379,6,0,56 57,1,70,,794370,6,0,56 57,1,30,,794371,6,0,56 57,1,70,,794369,6,0,56 57,1,30,,794381,6,0,56 57,1,70,,794397,6,0,56 57,1,30,,794373,6,0,56 57,1,70,,794367,6,0,56 57,1,30,,794382,6,0,56 57,1,70,,794365,6,0,56 57,1,30,,794387,6,0,56 57,1,70,,794380,6,0,56 57,1,30,,794368,6,0,56 57,1,70,,794393,6,0,56 57,1,30,,794378,6,0,56 57,1,70,,794388,6,0,56 57,1,30,,794375,6,0,56 57,1,100,,794377,6,0,56 57,1,100,,794389,6,0,56 57,1
8201,'10-1',854,,794404,6,0,56 57,1,100,,794416,6,0,56 57,1,68,,794403,6,0,56 57,1,30,,794422,6,0,56 57,1,70,,794419,6,0,56 57,1,30,,794405,6,0,56 57,1,70,,794414,6,0,56 57,1,30,,794413,6,0,56 57,1,70,,794400,6,0,56 57,1,30,,794420,6,0,56 57,1,70,,794407,6,0,56 57,1,30,,794402,6,0,56 57,1,70,,794415,6,0,56 57,1,30,,794401,6,0,56 57,1,70,,794423,6,0,56 57,1,30,,794411,6,0,56 57,1,70,,794409,6,0,56 57,1,30,,794398,6,0,56 57,1,70,,794417,6,0,56 57,1,30,,794408,6,0,56 57,1,70,,794406,6,0,56 57,1,30,,794399,6,0,56 57,1,100,,794421,6,0,56 57,1,100,,794410,6,0,56 57,1,100,,794418,6,0,56 57,1,100,,794412,6,0,56 57,1
8201,'11-1',457,,794451,6,,,1,85,,794432,6,,,1,79,,794445,6,,,1,30,,794434,6,,,1,71,,794429,6,,,1,29,,794436,6,,,1,64,,794458,6,0,96 97 98,1,6,,794452,6,,,1,30,,794428,6,,,1,69,,794453,6,0,56 57,1,31,,794433,6,0,56 57,1,70,,794426,6,0,56 57,1,30,,794438,6,0,56 57,1,70,,794448,6,0,56 57,1,27,,794461,6,0,56 57,1,70,,794449,6,0,56 57,1,30,,794440,6,0,56 57,1,69,,794430,6,0,56 57,1,30,,794459,6,0,56 57,1,74,,794447,6,0,56 57,1,101,,794441,6,0,56 57,1,31,,794431,6,0,56 57,1,69,,794450,6,0,56 57,1,30,,794444,6,0,56 57,1,70,,794442,6,0,56 57,1,27,,794454,6,0,56 57,1,73,,794427,6,0,56 57,1,30,,794457,6,0,56 57,1,72,,794446,6,0,56 57,1,32,,794435,6,0,56 57,1,69,,794425,6,0,56 57,1,32,,794456,6,0,56 57,1,70,,794460,6,0,56 57,1,31,,794455,6,0,56 57,1,69,,794443,6,0,56 57,1,30,,794424,6,0,56 57,1,93,,794439,6,0,56 57,1
8201,'12-1',854,,794468,6,0,56 57,1,100,,794480,6,0,56 57,1,68,,794467,6,0,56 57,1,30,,794486,6,0,56 57,1,70,,794483,6,0,56 57,1,30,,794469,6,0,56 57,1,70,,794478,6,0,56 57,1,30,,794477,6,0,56 57,1,70,,794464,6,0,56 57,1,30,,794484,6,0,56 57,1,70,,794471,6,0,56 57,1,30,,794466,6,0,56 57,1,70,,794479,6,0,56 57,1,30,,794465,6,0,56 57,1,70,,794487,6,0,56 57,1,30,,794475,6,0,56 57,1,70,,794473,6,0,56 57,1,30,,794462,6,0,56 57,1,70,,794481,6,0,56 57,1,30,,794472,6,0,56 57,1,70,,794470,6,0,56 57,1,30,,794463,6,0,56 57,1,100,,794485,6,0,56 57,1,100,,794474,6,0,56 57,1,100,,794482,6,0,56 57,1,100,,794476,6,0,56 57,1
8201,'2-1',854,,794494,6,0,56 57,1,100,,794506,6,0,56 57,1,68,,794493,6,0,56 57,1,30,,794512,6,0,56 57,1,70,,794509,6,0,56 57,1,30,,794495,6,0,56 57,1,70,,794504,6,0,56 57,1,30,,794503,6,0,56 57,1,70,,794490,6,0,56 57,1,30,,794510,6,0,56 57,1,70,,794497,6,0,56 57,1,30,,794492,6,0,56 57,1,70,,794505,6,0,56 57,1,30,,794491,6,0,56 57,1,70,,794513,6,0,56 57,1,30,,794501,6,0,56 57,1,70,,794499,6,0,56 57,1,30,,794488,6,0,56 57,1,70,,794507,6,0,56 57,1,30,,794498,6,0,56 57,1,70,,794496,6,0,56 57,1,30,,794489,6,0,56 57,1,100,,794511,6,0,56 57,1,100,,794500,6,0,56 57,1,100,,794508,6,0,56 57,1,100,,794502,6,0,56 57,1
8201,'3-1',457,,794541,6,,,1,85,,794522,6,,,1,79,,794535,6,,,1,30,,794524,6,,,1,71,,794519,6,,,1,29,,794526,6,,,1,64,,794548,6,0,96 97 98,1,6,,794542,6,,,1,30,,794518,6,,,1,69,,794543,6,0,56 57,1,31,,794523,6,0,56 57,1,70,,794516,6,0,56 57,1,30,,794528,6,0,56 57,1,70,,794538,6,0,56 57,1,27,,794551,6,0,56 57,1,70,,794539,6,0,56 57,1,30,,794530,6,0,56 57,1,69,,794520,6,0,56 57,1,30,,794549,6,0,56 57,1,74,,794537,6,0,56 57,1,101,,794531,6,0,56 57,1,31,,794521,6,0,56 57,1,69,,794540,6,0,56 57,1,30,,794534,6,0,56 57,1,70,,794532,6,0,56 57,1,27,,794544,6,0,56 57,1,73,,794517,6,0,56 57,1,30,,794547,6,0,56 57,1,72,,794536,6,0,56 57,1,32,,794525,6,0,56 57,1,69,,794515,6,0,56 57,1,32,,794546,6,0,56 57,1,70,,794550,6,0,56 57,1,31,,794545,6,0,56 57,1,69,,794533,6,0,56 57,1,30,,794514,6,0,56 57,1,93,,794529,6,0,56 57,1
8201,'4-1',457,,794579,6,,,1,85,,794560,6,,,1,79,,794573,6,,,1,30,,794562,6,,,1,71,,794557,6,,,1,29,,794564,6,,,1,64,,794586,6,0,96 97 98,1,6,,794580,6,,,1,30,,794556,6,,,1,69,,794581,6,0,56 57,1,31,,794561,6,0,56 57,1,70,,794554,6,0,56 57,1,30,,794566,6,0,56 57,1,70,,794576,6,0,56 57,1,27,,794589,6,0,56 57,1,70,,794577,6,0,56 57,1,30,,794568,6,0,56 57,1,69,,794558,6,0,56 57,1,30,,794587,6,0,56 57,1,74,,794575,6,0,56 57,1,101,,794569,6,0,56 57,1,31,,794559,6,0,56 57,1,69,,794578,6,0,56 57,1,30,,794572,6,0,56 57,1,70,,794570,6,0,56 57,1,27,,794582,6,0,56 57,1,73,,794555,6,0,56 57,1,30,,794585,6,0,56 57,1,72,,794574,6,0,56 57,1,32,,794563,6,0,56 57,1,69,,794553,6,0,56 57,1,32,,794584,6,0,56 57,1,70,,794588,6,0,56 57,1,31,,794583,6,0,56 57,1,69,,794571,6,0,56 57,1,30,,794552,6,0,56 57,1,93,,794567,6,0,56 57,1
8201,'5-1',457,,794617,6,,,1,85,,794598,6,,,1,79,,794611,6,,,1,30,,794600,6,,,1,71,,794595,6,,,1,29,,794602,6,,,1,64,,794624,6,0,96 97 98,1,6,,794618,6,,,1,30,,794594,6,,,1,69,,794619,6,0,56 57,1,31,,794599,6,0,56 57,1,70,,794592,6,0,56 57,1,30,,794604,6,0,56 57,1,70,,794614,6,0,56 57,1,27,,794627,6,0,56 57,1,70,,794615,6,0,56 57,1,30,,794606,6,0,56 57,1,69,,794596,6,0,56 57,1,30,,794625,6,0,56 57,1,74,,794613,6,0,56 57,1,101,,794607,6,0,56 57,1,31,,794597,6,0,56 57,1,69,,794616,6,0,56 57,1,30,,794610,6,0,56 57,1,70,,794608,6,0,56 57,1,27,,794620,6,0,56 57,1,73,,794593,6,0,56 57,1,30,,794623,6,0,56 57,1,72,,794612,6,0,56 57,1,32,,794601,6,0,56 57,1,69,,794591,6,0,56 57,1,32,,794622,6,0,56 57,1,70,,794626,6,0,56 57,1,31,,794621,6,0,56 57,1,69,,794609,6,0,56 57,1,30,,794590,6,0,56 57,1,93,,794605,6,0,56 57,1
8201,'6-1',854,,794644,6,0,56 57,1,100,,794632,6,0,56 57,1,68,,794638,6,0,56 57,1,30,,794642,6,0,56 57,1,70,,794647,6,0,56 57,1,30,,794649,6,0,56 57,1,70,,794628,6,0,56 57,1,30,,794634,6,0,56 57,1,70,,794645,6,0,56 57,1,30,,794630,6,0,56 57,1,70,,794636,6,0,56 57,1,30,,794635,6,0,56 57,1,70,,794640,6,0,56 57,1,30,,794648,6,0,56 57,1,70,,794631,6,0,56 57,1,30,,794653,6,0,56 57,1,70,,794650,6,0,56 57,1,30,,794637,6,0,56 57,1,70,,794646,6,0,56 57,1,30,,794639,6,0,56 57,1,70,,794643,6,0,56 57,1,30,,794652,6,0,56 57,1,100,,794651,6,0,56 57,1,100,,794629,6,0,56 57,1,100,,794633,6,0,56 57,1,100,,794641,6,0,56 57,1
8201,'7-1',854,,794670,6,0,56 57,1,100,,794658,6,0,56 57,1,68,,794664,6,0,56 57,1,30,,794668,6,0,56 57,1,70,,794673,6,0,56 57,1,30,,794675,6,0,56 57,1,70,,794654,6,0,56 57,1,30,,794660,6,0,56 57,1,70,,794671,6,0,56 57,1,30,,794656,6,0,56 57,1,70,,794662,6,0,56 57,1,30,,794661,6,0,56 57,1,70,,794666,6,0,56 57,1,30,,794674,6,0,56 57,1,70,,794657,6,0,56 57,1,30,,794679,6,0,56 57,1,70,,794676,6,0,56 57,1,30,,794663,6,0,56 57,1,70,,794672,6,0,56 57,1,30,,794665,6,0,56 57,1,70,,794669,6,0,56 57,1,30,,794678,6,0,56 57,1,100,,794677,6,0,56 57,1,100,,794655,6,0,56 57,1,100,,794659,6,0,56 57,1,100,,794667,6,0,56 57,1
8201,'8-1',457,,794707,6,,,1,85,,794688,6,,,1,79,,794701,6,,,1,30,,794690,6,,,1,71,,794685,6,,,1,29,,794692,6,,,1,64,,794714,6,0,96 97 98,1,6,,794708,6,,,1,30,,794684,6,,,1,69,,794709,6,0,56 57,1,31,,794689,6,0,56 57,1,70,,794682,6,0,56 57,1,30,,794694,6,0,56 57,1,70,,794704,6,0,56 57,1,27,,794717,6,0,56 57,1,70,,794705,6,0,56 57,1,30,,794696,6,0,56 57,1,69,,794686,6,0,56 57,1,30,,794715,6,0,56 57,1,74,,794703,6,0,56 57,1,101,,794697,6,0,56 57,1,31,,794687,6,0,56 57,1,69,,794706,6,0,56 57,1,30,,794700,6,0,56 57,1,70,,794698,6,0,56 57,1,27,,794710,6,0,56 57,1,73,,794683,6,0,56 57,1,30,,794713,6,0,56 57,1,72,,794702,6,0,56 57,1,32,,794691,6,0,56 57,1,69,,794681,6,0,56 57,1,32,,794712,6,0,56 57,1,70,,794716,6,0,56 57,1,31,,794711,6,0,56 57,1,69,,794699,6,0,56 57,1,30,,794680,6,0,56 57,1,93,,794695,6,0,56 57,1
8201,'9-1',704,,794737,6,0,56 57,1,100,,794723,6,0,56 57,1,30,,794729,6,0,56 57,1,70,,794736,6,0,56 57,1,29,,794734,6,0,56 57,1,70,,794731,6,0,56 57,1,30,,794725,6,0,56 57,1,68,,794742,6,0,56 57,1,30,,794722,6,0,56 57,1,70,,794743,6,0,56 57,1,30,,794721,6,0,56 57,1,70,,794724,6,0,56 57,1,30,,794727,6,0,56 57,1,70,,794732,6,0,56 57,1,30,,794738,6,0,56 57,1,70,,794741,6,0,56 57,1,30,,794747,6,0,56 57,1,70,,794748,6,0,56 57,1,30,,794728,6,0,56 57,1,70,,794718,6,0,56 57,1,30,,794720,6,0,56 57,1,70,,794730,6,0,56 57,1,30,,794719,6,0,56 57,1,70,,794740,6,0,56 57,1,30,,794735,6,0,56 57,1,70,,794749,6,0,56 57,1,30,,794726,6,0,56 57,1,70,,794739,6,0,56 57,1,30,,794745,6,0,56 57,1,70,,794733,6,0,56 57,1,30,,794744,6,0,56 57,1,100,,794746,6,0,56 57,1,100,,794750,6,0,56 57,1
