8601,'1-1',537,,610119,20,0,21 2 22,1,70,,610126,20,0,21 2 22,1,15,,610153,20,0,21 2 22,1,14,,610149,20,0,11 2 12,1,16,,610134,20,0,21 2 22,1,55,,610115,20,0,11 2 12,1,18,,610155,20,0,21 2 22,1,12,,610109,20,0,11 2 12,1,18,,610111,20,0,21 2 22,1,55,,610146,20,0,11 2 12,1,17,,610152,20,0,21 2 22,1,14,,610110,20,0,11 2 12,1,15,,610150,20,0,21 2 22,1,54,,610120,20,0,11 2 12,1,31,,610129,20,0,21 2 22,1,70,,610151,20,0,21 2 22,1,30,,610127,20,0,21 2 22,1,70,,610118,20,0,21 2 22,1,30,,610139,20,0,21 2 22,1,70,,610116,20,0,21 2 22,1,30,,610132,20,0,21 2 22,1,70,,610117,20,0,21 2 22,1,30,,610148,20,0,21 2 22,1,70,,610131,20,0,21 2 22,1,30,,610124,20,0,21 2 22,1,72,,610137,20,0,21 2 22,1,14,,610136,20,0,11 2 12,1,16,,610112,20,0,21 2 22,1,14,,610141,20,0,11 2 12,1,56,,610138,20,0,21 2 22,1,15,,610147,20,0,11 2 12,1,18,,610123,20,0,21 2 22,1,68,,610113,20,0,21 2 22,1,15,,610142,20,0,11 2 12,1,17,,610145,20,0,21 2 22,1,11,,610140,20,0,11 2 12,1,57,,610108,20,0,21 2 22,1,95,,610130,20,0,21 2 22,1,30,,610114,20,0,21 2 22,1,70,,610154,20,0,21 2 22,1,30,,610122,20,0,21 2 22,1,70,,610125,20,0,21 2 22,1,30,,610133,20,0,21 2 22,1,70,,610144,20,0,21 2 22,1,30,,610121,20,0,21 2 22,1,70,,610128,20,0,21 2 22,1,29,,610143,20,0,21 2 22,1,110,,610135,20,0,21 2 22,1
8601,'10-1',537,,610162,20,0,21 2 22,1,70,,610180,20,0,21 2 22,1,15,,610168,20,0,21 2 22,1,14,,610186,20,0,11 2 12,1,16,,610172,20,0,21 2 22,1,55,,610174,20,0,11 2 12,1,18,,610170,20,0,21 2 22,1,12,,610178,20,0,11 2 12,1,18,,610164,20,0,21 2 22,1,55,,610167,20,0,11 2 12,1,17,,610173,20,0,21 2 22,1,14,,610163,20,0,11 2 12,1,15,,610184,20,0,21 2 22,1,54,,610199,20,0,11 2 12,1,31,,610188,20,0,21 2 22,1,70,,610187,20,0,21 2 22,1,30,,610190,20,0,21 2 22,1,70,,610156,20,0,21 2 22,1,30,,610198,20,0,21 2 22,1,70,,610201,20,0,21 2 22,1,30,,610169,20,0,21 2 22,1,70,,610191,20,0,21 2 22,1,30,,610202,20,0,21 2 22,1,70,,610196,20,0,21 2 22,1,30,,610175,20,0,21 2 22,1,72,,610166,20,0,21 2 22,1,14,,610177,20,0,11 2 12,1,16,,610161,20,0,21 2 22,1,14,,610160,20,0,11 2 12,1,56,,610165,20,0,21 2 22,1,15,,610192,20,0,11 2 12,1,18,,610181,20,0,21 2 22,1,68,,610158,20,0,21 2 22,1,15,,610182,20,0,11 2 12,1,17,,610200,20,0,21 2 22,1,13,,610195,20,0,11 2 12,1,55,,610193,20,0,21 2 22,1,95,,610185,20,0,21 2 22,1,30,,610194,20,0,21 2 22,1,70,,610203,20,0,21 2 22,1,30,,610159,20,0,21 2 22,1,70,,610176,20,0,21 2 22,1,30,,610183,20,0,21 2 22,1,70,,610197,20,0,21 2 22,1,30,,610189,20,0,21 2 22,1,70,,610171,20,0,21 2 22,1,29,,610179,20,0,21 2 22,1,110,,610157,20,0,21 2 22,1
8601,'11-1',537,,610210,20,0,21 2 22,1,70,,610228,20,0,21 2 22,1,15,,610216,20,0,21 2 22,1,14,,610234,20,0,11 2 12,1,16,,610220,20,0,21 2 22,1,55,,610222,20,0,11 2 12,1,18,,610218,20,0,21 2 22,1,12,,610226,20,0,11 2 12,1,18,,610212,20,0,21 2 22,1,55,,610215,20,0,11 2 12,1,17,,610221,20,0,21 2 22,1,14,,610211,20,0,11 2 12,1,15,,610232,20,0,21 2 22,1,54,,610247,20,0,11 2 12,1,31,,610236,20,0,21 2 22,1,70,,610235,20,0,21 2 22,1,30,,610238,20,0,21 2 22,1,70,,610204,20,0,21 2 22,1,30,,610246,20,0,21 2 22,1,70,,610249,20,0,21 2 22,1,30,,610217,20,0,21 2 22,1,70,,610239,20,0,21 2 22,1,30,,610250,20,0,21 2 22,1,70,,610244,20,0,21 2 22,1,30,,610223,20,0,21 2 22,1,72,,610214,20,0,21 2 22,1,14,,610225,20,0,11 2 12,1,16,,610209,20,0,21 2 22,1,14,,610208,20,0,11 2 12,1,56,,610213,20,0,21 2 22,1,15,,610240,20,0,11 2 12,1,18,,610229,20,0,21 2 22,1,68,,610206,20,0,21 2 22,1,15,,610230,20,0,11 2 12,1,17,,610248,20,0,21 2 22,1,13,,610243,20,0,11 2 12,1,55,,610241,20,0,21 2 22,1,95,,610233,20,0,21 2 22,1,30,,610242,20,0,21 2 22,1,70,,610251,20,0,21 2 22,1,30,,610207,20,0,21 2 22,1,70,,610224,20,0,21 2 22,1,30,,610231,20,0,21 2 22,1,70,,610245,20,0,21 2 22,1,30,,610237,20,0,21 2 22,1,70,,610219,20,0,21 2 22,1,29,,610227,20,0,21 2 22,1,110,,610205,20,0,21 2 22,1
8601,'2-1',537,,610258,20,0,21 2 22,1,70,,610276,20,0,21 2 22,1,15,,610264,20,0,21 2 22,1,14,,610282,20,0,11 2 12,1,16,,610268,20,0,21 2 22,1,55,,610270,20,0,11 2 12,1,18,,610266,20,0,21 2 22,1,12,,610274,20,0,11 2 12,1,18,,610260,20,0,21 2 22,1,55,,610263,20,0,11 2 12,1,17,,610269,20,0,21 2 22,1,14,,610259,20,0,11 2 12,1,15,,610280,20,0,21 2 22,1,54,,610295,20,0,11 2 12,1,31,,610284,20,0,21 2 22,1,70,,610283,20,0,21 2 22,1,30,,610286,20,0,21 2 22,1,70,,610252,20,0,21 2 22,1,30,,610294,20,0,21 2 22,1,70,,610297,20,0,21 2 22,1,30,,610265,20,0,21 2 22,1,70,,610287,20,0,21 2 22,1,30,,610298,20,0,21 2 22,1,70,,610292,20,0,21 2 22,1,30,,610271,20,0,21 2 22,1,72,,610262,20,0,21 2 22,1,14,,610273,20,0,11 2 12,1,16,,610257,20,0,21 2 22,1,14,,610256,20,0,11 2 12,1,56,,610261,20,0,21 2 22,1,15,,610288,20,0,11 2 12,1,18,,610277,20,0,21 2 22,1,68,,610254,20,0,21 2 22,1,15,,610278,20,0,11 2 12,1,17,,610296,20,0,21 2 22,1,13,,610291,20,0,11 2 12,1,55,,610289,20,0,21 2 22,1,95,,610281,20,0,21 2 22,1,30,,610290,20,0,21 2 22,1,70,,610299,20,0,21 2 22,1,30,,610255,20,0,21 2 22,1,70,,610272,20,0,21 2 22,1,30,,610279,20,0,21 2 22,1,70,,610293,20,0,21 2 22,1,30,,610285,20,0,21 2 22,1,70,,610267,20,0,21 2 22,1,29,,610275,20,0,21 2 22,1,110,,610253,20,0,21 2 22,1
8601,'3-1',806,,610302,20,0,21 2 22,1,100,,610323,20,0,21 2 22,1,30,,610304,20,0,21 2 22,1,72,,610306,20,0,21 2 22,1,30,,610300,20,0,21 2 22,1,70,,610310,20,0,21 2 22,1,30,,610322,20,0,21 2 22,1,70,,610320,20,0,21 2 22,1,100,,610314,20,0,21 2 22,1,30,,610319,20,0,21 2 22,1,70,,610318,20,0,21 2 22,1,30,,610326,20,0,21 2 22,1,70,,610315,20,0,21 2 22,1,30,,610301,20,0,21 2 22,1,70,,610309,20,0,21 2 22,1,30,,610316,20,0,21 2 22,1,70,,610313,20,0,21 2 22,1,30,,610307,20,0,21 2 22,1,70,,610327,20,0,21 2 22,1,30,,610325,20,0,21 2 22,1,70,,610312,20,0,21 2 22,1,100,,610308,20,0,21 2 22,1,28,,610317,20,0,21 2 22,1,70,,610324,20,0,21 2 22,1,30,,610321,20,0,21 2 22,1,70,,610303,20,0,21 2 22,1,100,,610305,20,0,21 2 22,1,100,,610311,20,0,21 2 22,1
8601,'4-1',806,,610379,20,0,21 2 22,1,100,,610332,20,0,21 2 22,1,30,,610351,20,0,21 2 22,1,72,,610338,20,0,21 2 22,1,30,,610374,20,0,21 2 22,1,15,,610362,20,0,21 2 22,1,55,,610356,20,0,21 2 22,1,15,,610375,20,0,21 2 22,1,15,,610357,20,0,21 2 22,1,15,,610340,20,0,21 2 22,1,55,,610349,20,0,21 2 22,1,15,,610355,20,0,21 2 22,1,15,,610365,20,0,21 2 22,1,15,,610366,20,0,21 2 22,1,55,,610337,20,0,21 2 22,1,15,,610339,20,0,21 2 22,1,15,,610373,20,0,21 2 22,1,15,,610335,20,0,21 2 22,1,55,,610376,20,0,21 2 22,1,15,,610352,20,0,21 2 22,1,15,,610367,20,0,21 2 22,1,15,,610347,20,0,21 2 22,1,55,,610368,20,0,21 2 22,1,15,,610372,20,0,21 2 22,1,15,,610358,20,0,21 2 22,1,15,,610377,20,0,21 2 22,1,55,,610345,20,0,21 2 22,1,15,,610343,20,0,21 2 22,1,15,,610364,20,0,21 2 22,1,15,,610336,20,0,21 2 22,1,55,,610348,20,0,21 2 22,1,15,,610344,20,0,21 2 22,1,15,,610330,20,0,21 2 22,1,15,,610350,20,0,21 2 22,1,55,,610342,20,0,21 2 22,1,15,,610371,20,0,21 2 22,1,15,,610370,20,0,21 2 22,1,15,,610334,20,0,21 2 22,1,55,,610353,20,0,21 2 22,1,15,,610333,20,0,21 2 22,1,15,,610329,20,0,21 2 22,1,15,,610369,20,0,21 2 22,1,55,,610341,20,0,21 2 22,1,28,,610378,20,0,21 2 22,1,70,,610359,20,0,21 2 22,1,30,,610361,20,0,21 2 22,1,70,,610346,20,0,21 2 22,1,30,,610360,20,0,21 2 22,1,70,,610331,20,0,21 2 22,1,100,,610363,20,0,21 2 22,1,100,,610354,20,0,21 2 22,1,100,,610328,20,0,21 2 22,1
8601,'5-1',704,,610397,20,0,21 2 22,1,30,,610400,20,0,21 2 22,1,100,,610406,20,0,21 2 22,1,100,,610389,20,0,21 2 22,1,72,,610384,20,0,21 2 22,1,30,,610394,20,0,21 2 22,1,70,,610401,20,0,21 2 22,1,30,,610383,20,0,21 2 22,1,70,,610409,20,0,21 2 22,1,30,,610410,20,0,21 2 22,1,70,,610392,20,0,21 2 22,1,30,,610395,20,0,21 2 22,1,70,,610386,20,0,21 2 22,1,30,,610396,20,0,21 2 22,1,70,,610385,20,0,21 2 22,1,30,,610407,20,0,21 2 22,1,70,,610382,20,0,21 2 22,1,30,,610399,20,0,21 2 22,1,70,,610391,20,0,21 2 22,1,30,,610403,20,0,21 2 22,1,70,,610390,20,0,21 2 22,1,30,,610387,20,0,21 2 22,1,70,,610402,20,0,21 2 22,1,30,,610405,20,0,21 2 22,1,70,,610404,20,0,21 2 22,1,28,,610388,20,0,21 2 22,1,70,,610381,20,0,21 2 22,1,30,,610408,20,0,21 2 22,1,70,,610393,20,0,21 2 22,1,100,,610398,20,0,21 2 22,1,100,,610380,20,0,21 2 22,1
8601,'6-1',537,,610417,20,0,21 2 22,1,70,,610435,20,0,21 2 22,1,15,,610423,20,0,21 2 22,1,14,,610441,20,0,11 2 12,1,16,,610427,20,0,21 2 22,1,55,,610429,20,0,11 2 12,1,18,,610425,20,0,21 2 22,1,12,,610433,20,0,11 2 12,1,18,,610419,20,0,21 2 22,1,55,,610422,20,0,11 2 12,1,17,,610428,20,0,21 2 22,1,14,,610418,20,0,11 2 12,1,15,,610439,20,0,21 2 22,1,54,,610454,20,0,11 2 12,1,31,,610443,20,0,21 2 22,1,70,,610442,20,0,21 2 22,1,30,,610445,20,0,21 2 22,1,70,,610411,20,0,21 2 22,1,30,,610453,20,0,21 2 22,1,70,,610456,20,0,21 2 22,1,30,,610424,20,0,21 2 22,1,70,,610446,20,0,21 2 22,1,30,,610457,20,0,21 2 22,1,70,,610451,20,0,21 2 22,1,30,,610430,20,0,21 2 22,1,72,,610421,20,0,21 2 22,1,14,,610432,20,0,11 2 12,1,16,,610416,20,0,21 2 22,1,14,,610415,20,0,11 2 12,1,56,,610420,20,0,21 2 22,1,15,,610447,20,0,11 2 12,1,18,,610436,20,0,21 2 22,1,68,,610413,20,0,21 2 22,1,15,,610437,20,0,11 2 12,1,17,,610455,20,0,21 2 22,1,13,,610450,20,0,11 2 12,1,55,,610448,20,0,21 2 22,1,95,,610440,20,0,21 2 22,1,30,,610449,20,0,21 2 22,1,70,,610458,20,0,21 2 22,1,30,,610414,20,0,21 2 22,1,70,,610431,20,0,21 2 22,1,30,,610438,20,0,21 2 22,1,70,,610452,20,0,21 2 22,1,30,,610444,20,0,21 2 22,1,70,,610426,20,0,21 2 22,1,29,,610434,20,0,21 2 22,1,110,,610412,20,0,21 2 22,1
8601,'7-1',806,,610461,20,0,21 2 22,1,100,,610482,20,0,21 2 22,1,30,,610463,20,0,21 2 22,1,72,,610465,20,0,21 2 22,1,30,,610459,20,0,21 2 22,1,70,,610469,20,0,21 2 22,1,30,,610481,20,0,21 2 22,1,70,,610479,20,0,21 2 22,1,100,,610473,20,0,21 2 22,1,30,,610478,20,0,21 2 22,1,70,,610477,20,0,21 2 22,1,30,,610485,20,0,21 2 22,1,70,,610474,20,0,21 2 22,1,30,,610460,20,0,21 2 22,1,70,,610468,20,0,21 2 22,1,30,,610475,20,0,21 2 22,1,70,,610472,20,0,21 2 22,1,30,,610466,20,0,21 2 22,1,70,,610486,20,0,21 2 22,1,30,,610484,20,0,21 2 22,1,70,,610471,20,0,21 2 22,1,100,,610467,20,0,21 2 22,1,28,,610476,20,0,21 2 22,1,70,,610483,20,0,21 2 22,1,30,,610480,20,0,21 2 22,1,70,,610462,20,0,21 2 22,1,100,,610464,20,0,21 2 22,1,100,,610470,20,0,21 2 22,1
8601,'8-1',537,,610493,20,0,21 2 22,1,70,,610511,20,0,21 2 22,1,15,,610499,20,0,21 2 22,1,14,,610517,20,0,11 2 12,1,16,,610503,20,0,21 2 22,1,55,,610505,20,0,11 2 12,1,18,,610501,20,0,21 2 22,1,12,,610509,20,0,11 2 12,1,18,,610495,20,0,21 2 22,1,55,,610498,20,0,11 2 12,1,17,,610504,20,0,21 2 22,1,14,,610494,20,0,11 2 12,1,15,,610515,20,0,21 2 22,1,54,,610530,20,0,11 2 12,1,31,,610519,20,0,21 2 22,1,70,,610518,20,0,21 2 22,1,30,,610521,20,0,21 2 22,1,70,,610487,20,0,21 2 22,1,30,,610529,20,0,21 2 22,1,70,,610532,20,0,21 2 22,1,30,,610500,20,0,21 2 22,1,70,,610522,20,0,21 2 22,1,30,,610533,20,0,21 2 22,1,70,,610527,20,0,21 2 22,1,30,,610506,20,0,21 2 22,1,72,,610497,20,0,21 2 22,1,14,,610508,20,0,11 2 12,1,16,,610492,20,0,21 2 22,1,14,,610491,20,0,11 2 12,1,56,,610496,20,0,21 2 22,1,15,,610523,20,0,11 2 12,1,18,,610512,20,0,21 2 22,1,68,,610489,20,0,21 2 22,1,15,,610513,20,0,11 2 12,1,17,,610531,20,0,21 2 22,1,13,,610526,20,0,11 2 12,1,55,,610524,20,0,21 2 22,1,95,,610516,20,0,21 2 22,1,30,,610525,20,0,21 2 22,1,70,,610534,20,0,21 2 22,1,30,,610490,20,0,21 2 22,1,70,,610507,20,0,21 2 22,1,30,,610514,20,0,21 2 22,1,70,,610528,20,0,21 2 22,1,30,,610520,20,0,21 2 22,1,70,,610502,20,0,21 2 22,1,29,,610510,20,0,21 2 22,1,110,,610488,20,0,21 2 22,1
8601,'9-1',704,,610552,20,0,21 2 22,1,30,,610559,20,0,21 2 22,1,100,,610563,20,0,21 2 22,1,100,,610562,20,0,21 2 22,1,72,,610561,20,0,21 2 22,1,30,,610548,20,0,21 2 22,1,70,,610547,20,0,21 2 22,1,30,,610543,20,0,21 2 22,1,70,,610564,20,0,21 2 22,1,30,,610538,20,0,21 2 22,1,70,,610551,20,0,21 2 22,1,30,,610556,20,0,21 2 22,1,70,,610555,20,0,21 2 22,1,30,,610541,20,0,21 2 22,1,70,,610558,20,0,21 2 22,1,30,,610542,20,0,21 2 22,1,70,,610565,20,0,21 2 22,1,30,,610546,20,0,21 2 22,1,70,,610557,20,0,21 2 22,1,30,,610544,20,0,21 2 22,1,70,,610550,20,0,21 2 22,1,30,,610540,20,0,21 2 22,1,70,,610553,20,0,21 2 22,1,30,,610535,20,0,21 2 22,1,70,,610545,20,0,21 2 22,1,28,,610537,20,0,21 2 22,1,70,,610549,20,0,21 2 22,1,30,,610539,20,0,21 2 22,1,70,,610554,20,0,21 2 22,1,100,,610560,20,0,21 2 22,1,100,,610536,20,0,21 2 22,1
