6300,'CanDay26-Sunday-12-1',753,,645678,14,,,1,104,,645679,14,,,1,100,,645680,14,,,1,101,,645681,14,,,1,70,,645682,14,,,1,30,,645683,14,,,1,70,,645684,14,,,1,30,,645685,14,,,1,70,,645686,14,,,1,30,,645687,14,,,1,70,,645688,14,,,1,30,,645689,14,,,1,70,,645690,14,,,1,30,,645691,14,,,1,70,,645692,14,,,1,30,,645693,14,,,1,70,,645694,14,,,1,30,,645695,14,,,1,70,,645696,14,,,1,30,,645697,14,,,1,70,,645698,14,,,1,30,,645699,14,,,1,70,,645700,14,,,1,29,,645701,14,,,1,70,,645702,14,,,1,100,,645703,14,,,1,28,,645704,15,,,1,71,,645706,14,,,1,29,,645705,15,,,1,101,,645707,14,,,1
6300,'CivHol26-Saturday-07-1',706,,645708,14,,,1,30,,645709,14,,,1,70,,645710,14,,,1,31,,645711,14,,,1,70,,645712,14,,,1,30,,645713,14,,,1,70,,645714,14,,,1,31,,645715,14,,,1,70,,645716,14,,,1,30,,645717,14,,,1,70,,645718,14,,,1,30,,645719,14,,,1,70,,645720,14,,,1,30,,645721,14,,,1,70,,645722,14,,,1,30,,645723,14,,,1,70,,645724,14,,,1,30,,645725,14,,,1,70,,645726,14,,,1,30,,645727,14,,,1,70,,645728,14,,,1,30,,645729,14,,,1,70,,645730,14,,,1,30,,645731,14,,,1,70,,645732,14,,,1,30,,645733,14,,,1,70,,645734,14,,,1,29,,645735,14,,,1,70,,645736,14,,,1,30,,645737,14,,,1,70,,645738,14,,,1,29,,645739,14,,,1,70,,645740,14,,,1,30,,645741,14,,,1
6300,'JUNDA26-Weekday-06-1',534,,645743,14,,,1,74,,645742,14,,,1,21,,645744,13,,,1,16,,645745,13,,,1,56,,645746,13,,,1,15,,645747,13,,,1,15,,645748,13,,,1,15,,645749,13,,,1,55,,645750,13,,,1,15,,645751,13,,,1,30,,645752,13,,,1,70,,645753,13,,,1,29,,645754,13,,,1,70,,645755,13,,,1,30,,645756,13,,,1,70,,645757,13,,,1,30,,645758,13,,,1,71,,645759,13,,,1,28,,645760,13,,,1,70,,645761,13,,,1,33,,645762,13,,,1,68,,645763,13,,,1,30,,645764,13,,,1,71,,645765,13,,,1,15,,645766,13,,,1,15,,645767,13,,,1,13,,645768,13,,,1,57,,645769,13,,,1,17,,645788,13,,,1,15,,645770,13,,,1,54,,645787,13,,,1,15,,645771,13,,,1,30,,645772,13,,,1,57,,645773,13,,,1,13,,645774,13,,,1,15,,645775,13,,,1,69,,645776,13,,,1,28,,645777,13,,,1,30,,645778,13,,,1,70,,645779,13,,,1,30,,645780,13,,,1,70,,645781,13,,,1,30,,645782,13,,,1,70,,645783,13,,,1,79,,645784,14,,,1,30,,645785,14,,,1,70,,645786,14,,,1
6300,'JUNSA26-Saturday-07-1',706,,645789,14,,,1,30,,645790,14,,,1,70,,645791,14,,,1,31,,645792,14,,,1,70,,645793,14,,,1,30,,645794,14,,,1,70,,645795,14,,,1,31,,645796,14,,,1,70,,645797,14,,,1,30,,645798,14,,,1,70,,645799,14,,,1,100,,645800,14,,,1,30,,645801,14,,,1,70,,645802,14,,,1,30,,645803,14,,,1,70,,645804,14,,,1,30,,645805,14,,,1,70,,645806,14,,,1,30,,645807,14,,,1,70,,645808,14,,,1,30,,645809,14,,,1,70,,645810,14,,,1,30,,645811,14,,,1,70,,645812,14,,,1,30,,645813,14,,,1,70,,645814,14,,,1,29,,645815,14,,,1,70,,645816,14,,,1,100,,645817,14,,,1,29,,645818,14,,,1,70,,645819,14,,,1,30,,645820,14,,,1
6300,'JUNSU26-Sunday-05-1',753,,645821,14,,,1,104,,645822,14,,,1,100,,645823,14,,,1,101,,645824,14,,,1,100,,645825,14,,,1,70,,645826,14,,,1,30,,645827,14,,,1,70,,645828,14,,,1,30,,645829,14,,,1,70,,645830,14,,,1,30,,645831,14,,,1,70,,645832,14,,,1,30,,645833,14,,,1,70,,645834,14,,,1,30,,645835,14,,,1,70,,645836,14,,,1,200,,645837,14,,,1,30,,645838,14,,,1,70,,645839,14,,,1,29,,645840,14,,,1,100,,645841,14,,,1,70,,645842,14,,,1,29,,645843,14,,,1,100,,645844,14,,,1
6300,'RBJul03-Weekday-01-1',534,,645846,14,,,1,74,,645845,14,,,1,21,,645847,13,,,1,16,,645848,13,,,1,56,,645849,13,,,1,15,,645850,13,,,1,15,,645851,13,,,1,15,,645852,13,,,1,55,,645853,13,,,1,15,,645854,13,,,1,30,,645855,13,,,1,70,,645856,13,,,1,29,,645857,13,,,1,70,,645858,13,,,1,30,,645859,13,,,1,70,,645860,13,,,1,30,,645861,13,,,1,71,,645862,13,,,1,28,,645863,13,,,1,70,,645864,13,,,1,33,,645865,13,,,1,68,,645866,13,,,1,30,,645867,13,,,1,71,,645868,13,,,1,15,,645869,13,,,1,15,,645870,13,,,1,13,,645871,13,,,1,57,,645872,13,,,1,17,,645891,13,,,1,15,,645873,13,,,1,54,,645890,13,,,1,15,,645874,13,,,1,30,,645875,13,,,1,57,,645876,13,,,1,13,,645877,13,,,1,15,,645878,13,,,1,69,,645879,13,,,1,28,,645880,13,,,1,30,,645881,13,,,1,70,,645882,13,,,1,30,,645883,13,,,1,70,,645884,13,,,1,30,,645885,13,,,1,70,,645886,13,,,1,79,,645887,14,,,1,30,,645888,14,,,1,70,,645889,14,,,1
11000,'CanDay26-Sunday-12-1',509,,655613,32,,,1,30,,655614,32,,,1,170,,655609,57,,,1,30,,655610,57,,,1,1071,,655611,57,,,1,30,,655612,57,,,1
11000,'CivHol26-Saturday-07-1',508,,655619,32,,,1,30,,655620,32,,,1,170,,655615,57,,,1,30,,655616,57,,,1,1071,,655617,57,,,1,30,,655618,57,,,1
11000,'JUNDA26-Weekday-06-1',519,,655647,32,,,1,29,,655648,32,,,1,104,,655621,57,,,1,64,,655622,57,,,1,33,,655623,57,,,1,70,,655624,57,,,1,31,,655649,57,,,1,70,,655625,57,,,1,30,,655626,57,,,1,62,,655627,57,,,1,30,,655628,57,,,1,70,,655629,57,,,1,29,,655630,57,,,1,70,,655631,57,,,1,29,,655632,57,,,1,70,,655650,57,,,1,30,,655633,57,,,1,70,,655634,57,,,1,29,,655635,57,,,1,73,,655636,57,,,1,32,,655637,57,,,1,73,,655638,57,,,1,31,,655651,57,,,1,69,,655639,57,,,1,32,,655640,57,,,1,70,,655641,57,,,1,30,,655642,57,,,1,67,,655652,57,,,1,24,,655643,57,,,1,70,,655644,57,,,1,30,,655645,57,,,1,69,,655646,57,,,1
11000,'JUNSA26-Saturday-07-1',508,,655657,32,,,1,30,,655658,32,,,1,170,,655653,57,,,1,30,,655654,57,,,1,1071,,655655,57,,,1,30,,655656,57,,,1
11000,'JUNSU26-Sunday-05-1',509,,655663,32,,,1,30,,655664,32,,,1,170,,655659,57,,,1,30,,655660,57,,,1,1071,,655661,57,,,1,30,,655662,57,,,1
11000,'RBJul03-Weekday-01-1',519,,655691,32,,,1,29,,655692,32,,,1,104,,655665,57,,,1,64,,655666,57,,,1,33,,655667,57,,,1,70,,655668,57,,,1,31,,655693,57,,,1,70,,655669,57,,,1,30,,655670,57,,,1,62,,655671,57,,,1,30,,655672,57,,,1,70,,655673,57,,,1,29,,655674,57,,,1,70,,655675,57,,,1,29,,655676,57,,,1,70,,655694,57,,,1,30,,655677,57,,,1,70,,655678,57,,,1,29,,655679,57,,,1,73,,655680,57,,,1,32,,655681,57,,,1,73,,655682,57,,,1,31,,655695,57,,,1,69,,655683,57,,,1,32,,655684,57,,,1,70,,655685,57,,,1,30,,655686,57,,,1,67,,655696,57,,,1,24,,655687,57,,,1,70,,655688,57,,,1,30,,655689,57,,,1,69,,655690,57,,,1
