10500,'1-1',340,,803649,27,4,,1,70,,803644,27,4,,1,30,,803628,27,4,,1,70,,803616,27,4,,1,30,,803613,27,4,,1,70,,803626,27,4,,1,30,,803641,26,4,,1,75,,803642,26,4,,1,30,,803634,26,4,,1,70,,803643,26,4,,1,30,,803638,26,4,,1,70,,803656,26,4,,1,30,,803614,26,4,,1,70,,803637,26,4,,1,31,,803621,26,4,,1,70,,803618,26,4,,1,31,,803622,26,4,,1,70,,803633,26,4,,1,31,,803639,26,4,,1,70,,803623,26,4,,1,30,,803647,26,4,,1,70,,803629,26,4,,1,30,,803636,26,4,,1,70,,803632,26,4,,1,30,,803624,26,4,,1,70,,803657,26,4,,1,30,,803650,26,4,,1,70,,803611,26,4,,1,30,,803646,26,4,,1,70,,803617,26,4,,1,30,,803645,26,4,,1,70,,803612,26,4,,1,31,,803640,26,4,,1,70,,803615,26,4,,1,29,,803653,26,4,,1,70,,803627,26,4,,1,31,,803625,26,4,,1,70,,803651,26,4,,1,30,,803652,26,4,,1,70,,803654,26,4,,1,30,,803648,26,4,,1,70,,803619,26,4,,1,32,,803610,26,4,,1,72,,803620,26,4,,1,30,,803655,26,4,,1,70,,803630,26,4,,1,30,,803635,26,4,,1,72,,803631,27,4,,1
10500,'10-1',353,,803703,27,4,,1,70,,803683,27,4,,1,30,,803674,27,4,,1,70,,803672,27,4,,1,30,,803675,27,4,,1,70,,803658,27,4,,1,30,,803678,27,4,,1,70,,803668,27,4,,1,30,,803691,27,4,,1,70,,803681,27,4,,1,29,,803688,26,4,,1,70,,803686,26,4,,1,30,,803680,26,4,,1,70,,803699,26,4,,1,30,,803670,26,4,,1,70,,803690,26,4,,1,30,,803666,26,4,,1,70,,803663,26,4,,1,31,,803685,26,4,,1,70,,803704,26,4,,1,30,,803676,26,4,,1,70,,803659,26,4,,1,30,,803682,26,4,,1,70,,803689,26,4,,1,30,,803677,26,4,,1,70,,803673,26,4,,1,30,,803662,26,4,,1,70,,803695,26,4,,1,29,,803679,26,4,,1,70,,803701,26,4,,1,30,,803667,26,4,,1,70,,803692,26,4,,1,30,,803700,26,4,,1,70,,803671,26,4,,1,29,,803698,26,4,,1,70,,803684,26,4,,1,30,,803660,26,4,,1,70,,803693,26,4,,1,29,,803661,26,4,,1,70,,803702,26,4,,1,30,,803697,26,4,,1,70,,803669,27,4,,1,30,,803705,27,4,,1,70,,803664,27,4,,1,30,,803665,27,4,,1,70,,803694,27,4,,1,30,,803687,27,4,,1,70,,803696,27,4,,1
10500,'11-1',347,,803747,27,4,,1,74,,803714,27,4,,1,29,,803748,27,4,,1,67,,803735,27,4,,1,31,,803713,26,4,,1,66,,803744,26,4,,1,27,,803715,26,4,,1,65,,803753,26,4,,1,33,,803719,26,4,,1,69,,803722,26,4,,1,31,,803708,26,4,,1,67,,803751,26,4,,1,28,,803731,26,4,,1,69,,803739,26,4,,1,30,,803733,26,4,,1,70,,803712,26,4,,1,30,,803721,26,4,,1,70,,803730,26,4,,1,30,,803746,26,4,,1,70,,803738,26,4,,1,34,,803740,26,4,,1,70,,803737,26,4,,1,30,,803716,26,4,,1,70,,803750,26,4,,1,30,,803717,26,4,,1,71,,803727,26,4,,1,32,,803752,26,4,,1,68,,803741,26,4,,1,30,,803736,26,4,,1,70,,803754,26,4,,1,28,,803725,26,4,,1,70,,803732,26,4,,1,35,,803728,26,4,,1,65,,803734,26,4,,1,30,,803711,26,4,,1,70,,803742,26,4,,1,30,,803723,26,4,,1,70,,803709,26,4,,1,30,,803720,26,4,,1,70,,803726,26,4,,1,30,,803724,26,4,,1,70,,803745,26,4,,1,30,,803749,26,4,,1,20,,803706,26,4,,1,65,,803707,26,4,,1,28,,803718,26,4,,1,70,,803743,27,4,,1,28,,803710,27,4,,1,70,,803729,27,4,,1
10500,'12-1',353,,803800,27,4,,1,70,,803780,27,4,,1,30,,803771,27,4,,1,70,,803769,27,4,,1,30,,803772,27,4,,1,70,,803755,27,4,,1,30,,803775,27,4,,1,70,,803765,27,4,,1,30,,803788,27,4,,1,70,,803778,27,4,,1,29,,803785,26,4,,1,70,,803783,26,4,,1,30,,803777,26,4,,1,70,,803796,26,4,,1,30,,803767,26,4,,1,70,,803787,26,4,,1,30,,803763,26,4,,1,70,,803760,26,4,,1,31,,803782,26,4,,1,70,,803801,26,4,,1,30,,803773,26,4,,1,70,,803756,26,4,,1,30,,803779,26,4,,1,70,,803786,26,4,,1,30,,803774,26,4,,1,70,,803770,26,4,,1,30,,803759,26,4,,1,70,,803792,26,4,,1,29,,803776,26,4,,1,70,,803798,26,4,,1,30,,803764,26,4,,1,70,,803789,26,4,,1,30,,803797,26,4,,1,70,,803768,26,4,,1,29,,803795,26,4,,1,70,,803781,26,4,,1,30,,803757,26,4,,1,70,,803790,26,4,,1,29,,803758,26,4,,1,70,,803799,26,4,,1,30,,803794,26,4,,1,70,,803766,27,4,,1,30,,803802,27,4,,1,70,,803761,27,4,,1,30,,803762,27,4,,1,70,,803791,27,4,,1,30,,803784,27,4,,1,70,,803793,27,4,,1
10500,'2-1',353,,803848,27,4,,1,70,,803828,27,4,,1,30,,803819,27,4,,1,70,,803817,27,4,,1,30,,803820,27,4,,1,70,,803803,27,4,,1,30,,803823,27,4,,1,70,,803813,27,4,,1,30,,803836,27,4,,1,70,,803826,27,4,,1,29,,803833,26,4,,1,70,,803831,26,4,,1,30,,803825,26,4,,1,70,,803844,26,4,,1,30,,803815,26,4,,1,70,,803835,26,4,,1,30,,803811,26,4,,1,70,,803808,26,4,,1,31,,803830,26,4,,1,70,,803849,26,4,,1,30,,803821,26,4,,1,70,,803804,26,4,,1,30,,803827,26,4,,1,70,,803834,26,4,,1,30,,803822,26,4,,1,70,,803818,26,4,,1,30,,803807,26,4,,1,70,,803840,26,4,,1,29,,803824,26,4,,1,70,,803846,26,4,,1,30,,803812,26,4,,1,70,,803837,26,4,,1,30,,803845,26,4,,1,70,,803816,26,4,,1,29,,803843,26,4,,1,70,,803829,26,4,,1,30,,803805,26,4,,1,70,,803838,26,4,,1,29,,803806,26,4,,1,70,,803847,26,4,,1,30,,803842,26,4,,1,70,,803814,27,4,,1,30,,803850,27,4,,1,70,,803809,27,4,,1,30,,803810,27,4,,1,70,,803839,27,4,,1,30,,803832,27,4,,1,70,,803841,27,4,,1
10500,'3-1',347,,803892,27,4,,1,74,,803859,27,4,,1,29,,803893,27,4,,1,67,,803880,27,4,,1,31,,803858,26,4,,1,66,,803889,26,4,,1,27,,803860,26,4,,1,65,,803898,26,4,,1,33,,803864,26,4,,1,69,,803867,26,4,,1,31,,803853,26,4,,1,67,,803896,26,4,,1,28,,803876,26,4,,1,69,,803884,26,4,,1,30,,803878,26,4,,1,70,,803857,26,4,,1,30,,803866,26,4,,1,70,,803875,26,4,,1,30,,803891,26,4,,1,70,,803883,26,4,,1,34,,803885,26,4,,1,70,,803882,26,4,,1,30,,803861,26,4,,1,70,,803895,26,4,,1,30,,803862,26,4,,1,71,,803872,26,4,,1,32,,803897,26,4,,1,68,,803886,26,4,,1,30,,803881,26,4,,1,70,,803899,26,4,,1,28,,803870,26,4,,1,70,,803877,26,4,,1,35,,803873,26,4,,1,65,,803879,26,4,,1,30,,803856,26,4,,1,70,,803887,26,4,,1,30,,803868,26,4,,1,70,,803854,26,4,,1,30,,803865,26,4,,1,70,,803871,26,4,,1,30,,803869,26,4,,1,70,,803890,26,4,,1,30,,803894,26,4,,1,20,,803851,26,4,,1,65,,803852,26,4,,1,28,,803863,26,4,,1,70,,803888,27,4,,1,28,,803855,27,4,,1,70,,803874,27,4,,1
10500,'4-1',347,,803941,27,4,,1,74,,803908,27,4,,1,29,,803942,27,4,,1,67,,803929,27,4,,1,31,,803907,26,4,,1,66,,803938,26,4,,1,27,,803909,26,4,,1,65,,803947,26,4,,1,33,,803913,26,4,,1,69,,803916,26,4,,1,31,,803902,26,4,,1,67,,803945,26,4,,1,28,,803925,26,4,,1,69,,803933,26,4,,1,30,,803927,26,4,,1,70,,803906,26,4,,1,30,,803915,26,4,,1,70,,803924,26,4,,1,30,,803940,26,4,,1,70,,803932,26,4,,1,34,,803934,26,4,,1,70,,803931,26,4,,1,30,,803910,26,4,,1,70,,803944,26,4,,1,30,,803911,26,4,,1,71,,803921,26,4,,1,32,,803946,26,4,,1,68,,803935,26,4,,1,30,,803930,26,4,,1,70,,803948,26,4,,1,28,,803919,26,4,,1,70,,803926,26,4,,1,35,,803922,26,4,,1,65,,803928,26,4,,1,30,,803905,26,4,,1,70,,803936,26,4,,1,30,,803917,26,4,,1,70,,803903,26,4,,1,30,,803914,26,4,,1,70,,803920,26,4,,1,30,,803918,26,4,,1,70,,803939,26,4,,1,30,,803943,26,4,,1,20,,803900,26,4,,1,65,,803901,26,4,,1,28,,803912,26,4,,1,70,,803937,27,4,,1,28,,803904,27,4,,1,70,,803923,27,4,,1
10500,'5-1',347,,803990,27,4,,1,74,,803957,27,4,,1,29,,803991,27,4,,1,67,,803978,27,4,,1,31,,803956,26,4,,1,66,,803987,26,4,,1,27,,803958,26,4,,1,65,,803996,26,4,,1,33,,803962,26,4,,1,69,,803965,26,4,,1,31,,803951,26,4,,1,67,,803994,26,4,,1,28,,803974,26,4,,1,69,,803982,26,4,,1,30,,803976,26,4,,1,70,,803955,26,4,,1,30,,803964,26,4,,1,70,,803973,26,4,,1,30,,803989,26,4,,1,70,,803981,26,4,,1,34,,803983,26,4,,1,70,,803980,26,4,,1,30,,803959,26,4,,1,70,,803993,26,4,,1,30,,803960,26,4,,1,71,,803970,26,4,,1,32,,803995,26,4,,1,68,,803984,26,4,,1,30,,803979,26,4,,1,70,,803997,26,4,,1,28,,803968,26,4,,1,70,,803975,26,4,,1,35,,803971,26,4,,1,65,,803977,26,4,,1,30,,803954,26,4,,1,70,,803985,26,4,,1,30,,803966,26,4,,1,70,,803952,26,4,,1,30,,803963,26,4,,1,70,,803969,26,4,,1,30,,803967,26,4,,1,70,,803988,26,4,,1,30,,803992,26,4,,1,20,,803949,26,4,,1,65,,803950,26,4,,1,28,,803961,26,4,,1,70,,803986,27,4,,1,28,,803953,27,4,,1,70,,803972,27,4,,1
10500,'6-1',353,,804007,27,4,,1,70,,804014,27,4,,1,30,,804041,27,4,,1,70,,804013,27,4,,1,30,,804029,27,4,,1,70,,804035,27,4,,1,30,,804026,27,4,,1,70,,804024,27,4,,1,30,,804001,27,4,,1,70,,804018,27,4,,1,29,,804038,26,4,,1,70,,804042,26,4,,1,30,,803999,26,4,,1,70,,804028,26,4,,1,30,,804023,26,4,,1,70,,804020,26,4,,1,30,,804000,26,4,,1,70,,804010,26,4,,1,31,,804045,26,4,,1,70,,804027,26,4,,1,30,,804016,26,4,,1,70,,804003,26,4,,1,30,,804044,26,4,,1,70,,804009,26,4,,1,30,,804008,26,4,,1,70,,804012,26,4,,1,30,,804006,26,4,,1,70,,804030,26,4,,1,29,,804004,26,4,,1,70,,804015,26,4,,1,30,,804021,26,4,,1,70,,804005,26,4,,1,30,,803998,26,4,,1,70,,804022,26,4,,1,29,,804031,26,4,,1,70,,804017,26,4,,1,30,,804032,26,4,,1,70,,804011,26,4,,1,29,,804034,26,4,,1,70,,804043,26,4,,1,30,,804039,26,4,,1,70,,804040,27,4,,1,30,,804037,27,4,,1,70,,804025,27,4,,1,30,,804019,27,4,,1,70,,804033,27,4,,1,30,,804036,27,4,,1,70,,804002,27,4,,1
10500,'7-1',353,,804055,27,4,,1,70,,804062,27,4,,1,30,,804089,27,4,,1,70,,804061,27,4,,1,30,,804077,27,4,,1,70,,804083,27,4,,1,30,,804074,27,4,,1,70,,804072,27,4,,1,30,,804049,27,4,,1,70,,804066,27,4,,1,29,,804086,26,4,,1,70,,804090,26,4,,1,30,,804047,26,4,,1,70,,804076,26,4,,1,30,,804071,26,4,,1,70,,804068,26,4,,1,30,,804048,26,4,,1,70,,804058,26,4,,1,31,,804093,26,4,,1,70,,804075,26,4,,1,30,,804064,26,4,,1,70,,804051,26,4,,1,30,,804092,26,4,,1,70,,804057,26,4,,1,30,,804056,26,4,,1,70,,804060,26,4,,1,30,,804054,26,4,,1,70,,804078,26,4,,1,29,,804052,26,4,,1,70,,804063,26,4,,1,30,,804069,26,4,,1,70,,804053,26,4,,1,30,,804046,26,4,,1,70,,804070,26,4,,1,29,,804079,26,4,,1,70,,804065,26,4,,1,30,,804080,26,4,,1,70,,804059,26,4,,1,29,,804082,26,4,,1,70,,804091,26,4,,1,30,,804087,26,4,,1,70,,804088,27,4,,1,30,,804085,27,4,,1,70,,804073,27,4,,1,30,,804067,27,4,,1,70,,804081,27,4,,1,30,,804084,27,4,,1,70,,804050,27,4,,1
10500,'8-1',347,,804135,27,4,,1,74,,804102,27,4,,1,29,,804136,27,4,,1,67,,804123,27,4,,1,31,,804101,26,4,,1,66,,804132,26,4,,1,27,,804103,26,4,,1,65,,804141,26,4,,1,33,,804107,26,4,,1,69,,804110,26,4,,1,31,,804096,26,4,,1,67,,804139,26,4,,1,28,,804119,26,4,,1,69,,804127,26,4,,1,30,,804121,26,4,,1,70,,804100,26,4,,1,30,,804109,26,4,,1,70,,804118,26,4,,1,30,,804134,26,4,,1,70,,804126,26,4,,1,34,,804128,26,4,,1,70,,804125,26,4,,1,30,,804104,26,4,,1,70,,804138,26,4,,1,30,,804105,26,4,,1,71,,804115,26,4,,1,32,,804140,26,4,,1,68,,804129,26,4,,1,30,,804124,26,4,,1,70,,804142,26,4,,1,28,,804113,26,4,,1,70,,804120,26,4,,1,35,,804116,26,4,,1,65,,804122,26,4,,1,30,,804099,26,4,,1,70,,804130,26,4,,1,30,,804111,26,4,,1,70,,804097,26,4,,1,30,,804108,26,4,,1,70,,804114,26,4,,1,30,,804112,26,4,,1,70,,804133,26,4,,1,30,,804137,26,4,,1,20,,804094,26,4,,1,65,,804095,26,4,,1,28,,804106,26,4,,1,70,,804131,27,4,,1,28,,804098,27,4,,1,70,,804117,27,4,,1
10500,'9-1',340,,804161,27,4,,1,70,,804145,27,4,,1,30,,804156,27,4,,1,70,,804152,27,4,,1,30,,804148,27,4,,1,70,,804147,27,4,,1,30,,804179,26,4,,1,75,,804160,26,4,,1,30,,804182,26,4,,1,70,,804177,26,4,,1,30,,804176,26,4,,1,70,,804189,26,4,,1,30,,804190,26,4,,1,70,,804158,26,4,,1,31,,804171,26,4,,1,70,,804157,26,4,,1,31,,804184,26,4,,1,70,,804164,26,4,,1,31,,804187,26,4,,1,70,,804146,26,4,,1,30,,804170,26,4,,1,70,,804149,26,4,,1,30,,804186,26,4,,1,70,,804167,26,4,,1,30,,804155,26,4,,1,70,,804173,26,4,,1,30,,804166,26,4,,1,70,,804185,26,4,,1,30,,804178,26,4,,1,70,,804165,26,4,,1,30,,804169,26,4,,1,70,,804183,26,4,,1,31,,804168,26,4,,1,70,,804154,26,4,,1,29,,804174,26,4,,1,70,,804175,26,4,,1,31,,804144,26,4,,1,70,,804188,26,4,,1,30,,804172,26,4,,1,70,,804162,26,4,,1,30,,804153,26,4,,1,70,,804180,26,4,,1,32,,804163,26,4,,1,72,,804151,26,4,,1,30,,804150,26,4,,1,70,,804143,26,4,,1,30,,804159,26,4,,1,72,,804181,27,4,,1
10501,'1-1',332,,804232,1,0,67,1,25,,804214,1,0,67,1,70,,804224,1,0,67,1,30,,804238,1,0,67,1,70,,804198,1,0,67,1,30,,804191,1,,,1,70,,804196,1,,,1,30,,804216,1,,,1,70,,804212,1,,,1,30,,804223,1,,,1,70,,804200,1,,,1,30,,804236,1,,,1,70,,804208,1,,,1,30,,804199,1,,,1,70,,804235,1,,,1,30,,804211,1,,,1,70,,804218,1,,,1,30,,804195,1,,,1,70,,804206,1,,,1,30,,804217,1,,,1,70,,804229,1,,,1,30,,804226,1,,,1,70,,804219,1,,,1,30,,804221,1,,,1,70,,804220,1,,,1,30,,804228,1,,,1,70,,804234,1,,,1,30,,804230,1,,,1,70,,804222,1,,,1,30,,804205,1,,,1,70,,804193,1,,,1,30,,804197,1,,,1,70,,804203,1,,,1,30,,804237,1,,,1,70,,804233,1,,,1,28,,804207,1,,,1,70,,804215,1,,,1,30,,804192,1,,,1,69,,804213,1,,,1,30,,804201,1,,,1,70,,804209,1,,,1,30,,804225,1,,,1,70,,804204,1,,,1,30,,804210,1,,,1,70,,804231,1,,,1,30,,804227,1,0,67,1,70,,804202,1,0,67,1,30,,804194,1,0,67,1
10501,'10-1',319,,804245,1,0,67,1,30,,804278,1,0,67,1,70,,804246,1,0,67,1,30,,804287,1,0,67,1,70,,804281,1,0,67,1,30,,804270,1,0,67,1,70,,804280,1,0,67,1,30,,804260,1,0,67,1,70,,804258,1,0,67,1,30,,804244,1,,,1,57,,804267,1,,,1,31,,804247,1,,,1,70,,804262,1,,,1,30,,804274,1,,,1,70,,804257,1,,,1,30,,804241,1,,,1,70,,804256,1,,,1,30,,804254,1,,,1,70,,804248,1,,,1,30,,804249,1,,,1,70,,804285,1,,,1,30,,804269,1,,,1,70,,804252,1,,,1,30,,804259,1,,,1,70,,804284,1,,,1,30,,804261,1,,,1,70,,804243,1,,,1,30,,804250,1,,,1,70,,804266,1,,,1,30,,804240,1,,,1,70,,804263,1,,,1,30,,804264,1,,,1,70,,804265,1,,,1,30,,804276,1,,,1,69,,804277,1,,,1,29,,804242,1,,,1,70,,804239,1,,,1,30,,804255,1,,,1,70,,804251,1,,,1,30,,804279,1,,,1,19,,804273,1,0,67,1,70,,804275,1,0,67,1,30,,804283,1,0,67,1,70,,804268,1,0,67,1,30,,804253,1,0,67,1,70,,804272,1,0,67,1,30,,804271,1,0,67,1,70,,804286,1,0,67,1,30,,804282,1,0,67,1
10501,'11-1',319,,804321,1,0,67,1,28,,804305,1,0,67,1,70,,804297,1,0,67,1,30,,804293,1,,,1,69,,804296,9,,,1,28,,804327,9,,,1,70,,804309,1,,,1,32,,804288,1,,,1,75,,804326,1,,,1,28,,804332,1,,,1,72,,804317,1,,,1,28,,804316,1,,,1,70,,804302,1,,,1,83,,804328,1,,,1,30,,804295,1,,,1,70,,804304,1,,,1,30,,804294,1,,,1,70,,804311,1,,,1,32,,804301,1,,,1,68,,804313,1,,,1,30,,804310,1,,,1,70,,804331,1,,,1,30,,804298,1,,,1,70,,804306,1,,,1,17,,804291,1,,,1,31,,804330,1,,,1,70,,804308,1,,,1,30,,804307,1,,,1,70,,804315,1,,,1,35,,804333,1,,,1,70,,804325,1,,,1,30,,804290,1,,,1,66,,804303,1,,,1,30,,804299,1,,,1,70,,804320,1,,,1,35,,804335,1,,,1,68,,804289,1,,,1,30,,804312,1,,,1,69,,804314,1,,,1,30,,804300,1,,,1,75,,804324,1,,,1,26,,804319,1,,,1,69,,804329,1,,,1,17,,804292,1,,,1,65,,804323,1,0,67,1,32,,804334,1,0,67,1,73,,804322,1,0,67,1,30,,804318,1,0,67,1
10501,'12-1',319,,804342,1,0,67,1,30,,804375,1,0,67,1,70,,804343,1,0,67,1,30,,804384,1,0,67,1,70,,804378,1,0,67,1,30,,804367,1,0,67,1,70,,804377,1,0,67,1,30,,804357,1,0,67,1,70,,804355,1,0,67,1,30,,804341,1,,,1,57,,804364,1,,,1,31,,804344,1,,,1,70,,804359,1,,,1,30,,804371,1,,,1,70,,804354,1,,,1,30,,804338,1,,,1,70,,804353,1,,,1,30,,804351,1,,,1,70,,804345,1,,,1,30,,804346,1,,,1,70,,804382,1,,,1,30,,804366,1,,,1,70,,804349,1,,,1,30,,804356,1,,,1,70,,804381,1,,,1,30,,804358,1,,,1,70,,804340,1,,,1,30,,804347,1,,,1,70,,804363,1,,,1,30,,804337,1,,,1,70,,804360,1,,,1,30,,804361,1,,,1,70,,804362,1,,,1,30,,804373,1,,,1,69,,804374,1,,,1,29,,804339,1,,,1,70,,804336,1,,,1,30,,804352,1,,,1,70,,804348,1,,,1,30,,804376,1,,,1,19,,804370,1,0,67,1,70,,804372,1,0,67,1,30,,804380,1,0,67,1,70,,804365,1,0,67,1,30,,804350,1,0,67,1,70,,804369,1,0,67,1,30,,804368,1,0,67,1,70,,804383,1,0,67,1,30,,804379,1,0,67,1
10501,'2-1',319,,804391,1,0,67,1,30,,804424,1,0,67,1,70,,804392,1,0,67,1,30,,804433,1,0,67,1,70,,804427,1,0,67,1,30,,804416,1,0,67,1,70,,804426,1,0,67,1,30,,804406,1,0,67,1,70,,804404,1,0,67,1,30,,804390,1,,,1,57,,804413,1,,,1,31,,804393,1,,,1,70,,804408,1,,,1,30,,804420,1,,,1,70,,804403,1,,,1,30,,804387,1,,,1,70,,804402,1,,,1,30,,804400,1,,,1,70,,804394,1,,,1,30,,804395,1,,,1,70,,804431,1,,,1,30,,804415,1,,,1,70,,804398,1,,,1,30,,804405,1,,,1,70,,804430,1,,,1,30,,804407,1,,,1,70,,804389,1,,,1,30,,804396,1,,,1,70,,804412,1,,,1,30,,804386,1,,,1,70,,804409,1,,,1,30,,804410,1,,,1,70,,804411,1,,,1,30,,804422,1,,,1,69,,804423,1,,,1,29,,804388,1,,,1,70,,804385,1,,,1,30,,804401,1,,,1,70,,804397,1,,,1,30,,804425,1,,,1,19,,804419,1,0,67,1,70,,804421,1,0,67,1,30,,804429,1,0,67,1,70,,804414,1,0,67,1,30,,804399,1,0,67,1,70,,804418,1,0,67,1,30,,804417,1,0,67,1,70,,804432,1,0,67,1,30,,804428,1,0,67,1
10501,'3-1',319,,804467,1,0,67,1,28,,804451,1,0,67,1,70,,804443,1,0,67,1,30,,804439,1,,,1,69,,804442,9,,,1,28,,804473,9,,,1,70,,804455,1,,,1,32,,804434,1,,,1,75,,804472,1,,,1,28,,804478,1,,,1,72,,804463,1,,,1,28,,804462,1,,,1,70,,804448,1,,,1,83,,804474,1,,,1,30,,804441,1,,,1,70,,804450,1,,,1,30,,804440,1,,,1,70,,804457,1,,,1,32,,804447,1,,,1,68,,804459,1,,,1,30,,804456,1,,,1,70,,804477,1,,,1,30,,804444,1,,,1,70,,804452,1,,,1,17,,804437,1,,,1,31,,804476,1,,,1,70,,804454,1,,,1,30,,804453,1,,,1,70,,804461,1,,,1,35,,804479,1,,,1,70,,804471,1,,,1,30,,804436,1,,,1,66,,804449,1,,,1,30,,804445,1,,,1,70,,804466,1,,,1,35,,804481,1,,,1,68,,804435,1,,,1,30,,804458,1,,,1,69,,804460,1,,,1,30,,804446,1,,,1,75,,804470,1,,,1,26,,804465,1,,,1,69,,804475,1,,,1,17,,804438,1,,,1,65,,804469,1,0,67,1,32,,804480,1,0,67,1,73,,804468,1,0,67,1,30,,804464,1,0,67,1
10501,'4-1',319,,804515,1,0,67,1,28,,804499,1,0,67,1,70,,804491,1,0,67,1,30,,804487,1,,,1,69,,804490,9,,,1,28,,804521,9,,,1,70,,804503,1,,,1,32,,804482,1,,,1,75,,804520,1,,,1,28,,804526,1,,,1,72,,804511,1,,,1,28,,804510,1,,,1,70,,804496,1,,,1,83,,804522,1,,,1,30,,804489,1,,,1,70,,804498,1,,,1,30,,804488,1,,,1,70,,804505,1,,,1,32,,804495,1,,,1,68,,804507,1,,,1,30,,804504,1,,,1,70,,804525,1,,,1,30,,804492,1,,,1,70,,804500,1,,,1,17,,804485,1,,,1,31,,804524,1,,,1,70,,804502,1,,,1,30,,804501,1,,,1,70,,804509,1,,,1,35,,804527,1,,,1,70,,804519,1,,,1,30,,804484,1,,,1,66,,804497,1,,,1,30,,804493,1,,,1,70,,804514,1,,,1,35,,804529,1,,,1,68,,804483,1,,,1,30,,804506,1,,,1,69,,804508,1,,,1,30,,804494,1,,,1,75,,804518,1,,,1,26,,804513,1,,,1,69,,804523,1,,,1,17,,804486,1,,,1,65,,804517,1,0,67,1,32,,804528,1,0,67,1,73,,804516,1,0,67,1,30,,804512,1,0,67,1
10501,'5-1',319,,804563,1,0,67,1,28,,804547,1,0,67,1,70,,804539,1,0,67,1,30,,804535,1,,,1,69,,804538,9,,,1,28,,804569,9,,,1,70,,804551,1,,,1,32,,804530,1,,,1,75,,804568,1,,,1,28,,804574,1,,,1,72,,804559,1,,,1,28,,804558,1,,,1,70,,804544,1,,,1,83,,804570,1,,,1,30,,804537,1,,,1,70,,804546,1,,,1,30,,804536,1,,,1,70,,804553,1,,,1,32,,804543,1,,,1,68,,804555,1,,,1,30,,804552,1,,,1,70,,804573,1,,,1,30,,804540,1,,,1,70,,804548,1,,,1,17,,804533,1,,,1,31,,804572,1,,,1,70,,804550,1,,,1,30,,804549,1,,,1,70,,804557,1,,,1,35,,804575,1,,,1,70,,804567,1,,,1,30,,804532,1,,,1,66,,804545,1,,,1,30,,804541,1,,,1,70,,804562,1,,,1,35,,804577,1,,,1,68,,804531,1,,,1,30,,804554,1,,,1,69,,804556,1,,,1,30,,804542,1,,,1,75,,804566,1,,,1,26,,804561,1,,,1,69,,804571,1,,,1,17,,804534,1,,,1,65,,804565,1,0,67,1,32,,804576,1,0,67,1,73,,804564,1,0,67,1,30,,804560,1,0,67,1
10501,'6-1',319,,804609,1,0,67,1,30,,804598,1,0,67,1,70,,804607,1,0,67,1,30,,804581,1,0,67,1,70,,804610,1,0,67,1,30,,804588,1,0,67,1,70,,804578,1,0,67,1,30,,804612,1,0,67,1,70,,804580,1,0,67,1,30,,804603,1,,,1,57,,804583,1,,,1,31,,804587,1,,,1,70,,804622,1,,,1,30,,804594,1,,,1,70,,804595,1,,,1,30,,804599,1,,,1,70,,804611,1,,,1,30,,804618,1,,,1,70,,804606,1,,,1,30,,804626,1,,,1,70,,804601,1,,,1,30,,804579,1,,,1,70,,804614,1,,,1,30,,804596,1,,,1,70,,804621,1,,,1,30,,804593,1,,,1,70,,804597,1,,,1,30,,804600,1,,,1,70,,804590,1,,,1,30,,804602,1,,,1,70,,804615,1,,,1,30,,804617,1,,,1,70,,804613,1,,,1,30,,804589,1,,,1,69,,804624,1,,,1,29,,804591,1,,,1,70,,804619,1,,,1,30,,804616,1,,,1,70,,804608,1,,,1,30,,804582,1,,,1,19,,804604,1,0,67,1,70,,804592,1,0,67,1,30,,804620,1,0,67,1,70,,804584,1,0,67,1,30,,804605,1,0,67,1,70,,804586,1,0,67,1,30,,804585,1,0,67,1,70,,804623,1,0,67,1,30,,804625,1,0,67,1
10501,'7-1',319,,804658,1,0,67,1,30,,804647,1,0,67,1,70,,804656,1,0,67,1,30,,804630,1,0,67,1,70,,804659,1,0,67,1,30,,804637,1,0,67,1,70,,804627,1,0,67,1,30,,804661,1,0,67,1,70,,804629,1,0,67,1,30,,804652,1,,,1,57,,804632,1,,,1,31,,804636,1,,,1,70,,804671,1,,,1,30,,804643,1,,,1,70,,804644,1,,,1,30,,804648,1,,,1,70,,804660,1,,,1,30,,804667,1,,,1,70,,804655,1,,,1,30,,804675,1,,,1,70,,804650,1,,,1,30,,804628,1,,,1,70,,804663,1,,,1,30,,804645,1,,,1,70,,804670,1,,,1,30,,804642,1,,,1,70,,804646,1,,,1,30,,804649,1,,,1,70,,804639,1,,,1,30,,804651,1,,,1,70,,804664,1,,,1,30,,804666,1,,,1,70,,804662,1,,,1,30,,804638,1,,,1,69,,804673,1,,,1,29,,804640,1,,,1,70,,804668,1,,,1,30,,804665,1,,,1,70,,804657,1,,,1,30,,804631,1,,,1,19,,804653,1,0,67,1,70,,804641,1,0,67,1,30,,804669,1,0,67,1,70,,804633,1,0,67,1,30,,804654,1,0,67,1,70,,804635,1,0,67,1,30,,804634,1,0,67,1,70,,804672,1,0,67,1,30,,804674,1,0,67,1
10501,'8-1',319,,804709,1,0,67,1,28,,804693,1,0,67,1,70,,804685,1,0,67,1,30,,804681,1,,,1,69,,804684,9,,,1,28,,804715,9,,,1,70,,804697,1,,,1,32,,804676,1,,,1,75,,804714,1,,,1,28,,804720,1,,,1,72,,804705,1,,,1,28,,804704,1,,,1,70,,804690,1,,,1,83,,804716,1,,,1,30,,804683,1,,,1,70,,804692,1,,,1,30,,804682,1,,,1,70,,804699,1,,,1,32,,804689,1,,,1,68,,804701,1,,,1,30,,804698,1,,,1,70,,804719,1,,,1,30,,804686,1,,,1,70,,804694,1,,,1,17,,804679,1,,,1,31,,804718,1,,,1,70,,804696,1,,,1,30,,804695,1,,,1,70,,804703,1,,,1,35,,804721,1,,,1,70,,804713,1,,,1,30,,804678,1,,,1,66,,804691,1,,,1,30,,804687,1,,,1,70,,804708,1,,,1,35,,804723,1,,,1,68,,804677,1,,,1,30,,804700,1,,,1,69,,804702,1,,,1,30,,804688,1,,,1,75,,804712,1,,,1,26,,804707,1,,,1,69,,804717,1,,,1,17,,804680,1,,,1,65,,804711,1,0,67,1,32,,804722,1,0,67,1,73,,804710,1,0,67,1,30,,804706,1,0,67,1
10501,'9-1',332,,804729,1,0,67,1,25,,804731,1,0,67,1,70,,804736,1,0,67,1,30,,804763,1,0,67,1,70,,804746,1,0,67,1,30,,804730,1,,,1,70,,804740,1,,,1,30,,804747,1,,,1,70,,804748,1,,,1,30,,804745,1,,,1,70,,804742,1,,,1,30,,804769,1,,,1,70,,804753,1,,,1,30,,804735,1,,,1,70,,804733,1,,,1,30,,804758,1,,,1,70,,804725,1,,,1,30,,804756,1,,,1,70,,804767,1,,,1,30,,804743,1,,,1,70,,804737,1,,,1,30,,804754,1,,,1,70,,804749,1,,,1,30,,804762,1,,,1,70,,804764,1,,,1,30,,804759,1,,,1,70,,804768,1,,,1,30,,804726,1,,,1,70,,804755,1,,,1,30,,804770,1,,,1,70,,804724,1,,,1,30,,804757,1,,,1,70,,804732,1,,,1,30,,804752,1,,,1,70,,804741,1,,,1,28,,804761,1,,,1,70,,804739,1,,,1,30,,804766,1,,,1,69,,804760,1,,,1,30,,804750,1,,,1,70,,804738,1,,,1,30,,804771,1,,,1,70,,804734,1,,,1,30,,804727,1,,,1,70,,804728,1,,,1,30,,804751,1,0,67,1,70,,804765,1,0,67,1,30,,804744,1,0,67,1
19700,'1-1',924,,812849,5,,,1,100,,812847,5,,,1,100,,812843,5,,,1,100,,812845,5,,,1,100,,812848,5,,,1,100,,812850,5,,,1,100,,812853,5,,,1,100,,812846,5,,,1,100,,812851,5,,,1,100,,812852,5,,,1,100,,812844,5,,,1
19700,'10-1',905,,812862,5,,,1,100,,812863,5,,,1,100,,812855,5,,,1,100,,812856,5,,,1,100,,812857,5,,,1,100,,812859,5,,,1,100,,812861,5,,,1,100,,812854,5,,,1,100,,812858,5,,,1,100,,812860,5,,,1,100,,812864,5,,,1
19700,'11-1',545,,812866,5,,,1,67,,812880,5,,,1,32,,812881,5,,,1,100,,812884,5,,,1,70,,812870,5,,,1,30,,812878,5,,,1,77,,812883,5,,,1,100,,812868,5,,,1,100,,812874,5,,,1,103,,812879,5,,,1,100,,812885,5,,,1,100,,812876,5,,,1,100,,812873,5,,,1,30,,812869,5,,,1,70,,812875,5,,,1,30,,812867,5,,,1,70,,812882,5,,,1,30,,812865,5,,,1,70,,812877,5,,,1,97,,812871,5,,,1,100,,812886,5,,,1,100,,812872,5,,,1
19700,'12-1',905,,812895,5,,,1,100,,812896,5,,,1,100,,812888,5,,,1,100,,812889,5,,,1,100,,812890,5,,,1,100,,812892,5,,,1,100,,812894,5,,,1,100,,812887,5,,,1,100,,812891,5,,,1,100,,812893,5,,,1,100,,812897,5,,,1
19700,'2-1',905,,812906,5,,,1,100,,812907,5,,,1,100,,812899,5,,,1,100,,812900,5,,,1,100,,812901,5,,,1,100,,812903,5,,,1,100,,812905,5,,,1,100,,812898,5,,,1,100,,812902,5,,,1,100,,812904,5,,,1,100,,812908,5,,,1
19700,'3-1',545,,812910,5,,,1,67,,812924,5,,,1,32,,812925,5,,,1,100,,812928,5,,,1,70,,812914,5,,,1,30,,812922,5,,,1,77,,812927,5,,,1,100,,812912,5,,,1,100,,812918,5,,,1,103,,812923,5,,,1,100,,812929,5,,,1,100,,812920,5,,,1,100,,812917,5,,,1,30,,812913,5,,,1,70,,812919,5,,,1,30,,812911,5,,,1,70,,812926,5,,,1,30,,812909,5,,,1,70,,812921,5,,,1,97,,812915,5,,,1,100,,812930,5,,,1,100,,812916,5,,,1
19700,'4-1',545,,812932,5,,,1,67,,812946,5,,,1,32,,812947,5,,,1,100,,812950,5,,,1,70,,812936,5,,,1,30,,812944,5,,,1,77,,812949,5,,,1,100,,812934,5,,,1,100,,812940,5,,,1,103,,812945,5,,,1,100,,812951,5,,,1,100,,812942,5,,,1,100,,812939,5,,,1,30,,812935,5,,,1,70,,812941,5,,,1,30,,812933,5,,,1,70,,812948,5,,,1,30,,812931,5,,,1,70,,812943,5,,,1,97,,812937,5,,,1,100,,812952,5,,,1,100,,812938,5,,,1
19700,'5-1',545,,812954,5,,,1,67,,812968,5,,,1,32,,812969,5,,,1,100,,812972,5,,,1,70,,812958,5,,,1,30,,812966,5,,,1,77,,812971,5,,,1,100,,812956,5,,,1,100,,812962,5,,,1,103,,812967,5,,,1,100,,812973,5,,,1,100,,812964,5,,,1,100,,812961,5,,,1,30,,812957,5,,,1,70,,812963,5,,,1,30,,812955,5,,,1,70,,812970,5,,,1,30,,812953,5,,,1,70,,812965,5,,,1,97,,812959,5,,,1,100,,812974,5,,,1,100,,812960,5,,,1
19700,'6-1',905,,812985,5,,,1,100,,812981,5,,,1,100,,812977,5,,,1,100,,812984,5,,,1,100,,812978,5,,,1,100,,812976,5,,,1,100,,812980,5,,,1,100,,812975,5,,,1,100,,812979,5,,,1,100,,812982,5,,,1,100,,812983,5,,,1
19700,'7-1',905,,812996,5,,,1,100,,812992,5,,,1,100,,812988,5,,,1,100,,812995,5,,,1,100,,812989,5,,,1,100,,812987,5,,,1,100,,812991,5,,,1,100,,812986,5,,,1,100,,812990,5,,,1,100,,812993,5,,,1,100,,812994,5,,,1
19700,'8-1',545,,812998,5,,,1,67,,813012,5,,,1,32,,813013,5,,,1,100,,813016,5,,,1,70,,813002,5,,,1,30,,813010,5,,,1,77,,813015,5,,,1,100,,813000,5,,,1,100,,813006,5,,,1,103,,813011,5,,,1,100,,813017,5,,,1,100,,813008,5,,,1,100,,813005,5,,,1,30,,813001,5,,,1,70,,813007,5,,,1,30,,812999,5,,,1,70,,813014,5,,,1,30,,812997,5,,,1,70,,813009,5,,,1,97,,813003,5,,,1,100,,813018,5,,,1,100,,813004,5,,,1
19700,'9-1',924,,813022,5,,,1,100,,813021,5,,,1,100,,813020,5,,,1,100,,813019,5,,,1,100,,813028,5,,,1,100,,813024,5,,,1,100,,813026,5,,,1,100,,813023,5,,,1,100,,813025,5,,,1,100,,813027,5,,,1,100,,813029,5,,,1
