6301,'1-1',727,,785405,24,,,1,77,,785430,24,,,1,30,,785413,24,,,1,70,,785400,24,,,1,30,,785421,24,,,1,70,,785412,24,,,1,31,,785420,24,,,1,71,,785424,24,,,1,30,,785404,24,,,1,70,,785403,24,,,1,30,,785416,24,,,1,70,,785423,24,,,1,30,,785422,24,,,1,70,,785411,24,,,1,30,,785426,24,,,1,70,,785417,24,,,1,30,,785429,24,,,1,70,,785418,24,,,1,30,,785428,24,,,1,70,,785427,24,,,1,30,,785410,24,,,1,70,,785425,24,,,1,30,,785401,24,,,1,70,,785432,24,,,1,29,,785408,24,,,1,70,,785409,24,,,1,30,,785415,24,,,1,70,,785399,24,,,1,30,,785414,24,,,1,70,,785431,24,,,1,30,,785419,24,,,1,70,,785402,24,,,1,30,,785406,24,,,1,70,,785407,24,,,1
6301,'10-1',726,,785446,24,,,1,100,,785438,24,,,1,100,,785440,24,,,1,102,,785453,24,,,1,30,,785461,24,,,1,70,,785434,24,,,1,30,,785442,24,,,1,70,,785439,24,,,1,30,,785449,24,,,1,70,,785458,24,,,1,30,,785436,24,,,1,70,,785445,24,,,1,30,,785451,24,,,1,70,,785443,24,,,1,30,,785433,24,,,1,70,,785444,24,,,1,30,,785450,24,,,1,70,,785447,24,,,1,30,,785448,24,,,1,70,,785460,24,,,1,30,,785441,24,,,1,69,,785454,24,,,1,30,,785457,24,,,1,70,,785437,24,,,1,30,,785459,24,,,1,70,,785435,24,,,1,30,,785452,24,,,1,70,,785456,24,,,1,100,,785455,24,,,1
6301,'11-1',533,,785486,24,,,1,73,,785468,24,,,1,15,,785500,24,,,1,13,,785476,24,,,1,15,,785471,24,,,1,54,,785465,24,,,1,12,,785503,24,,,1,15,,785481,24,,,1,13,,785477,24,,,1,57,,785482,24,,,1,15,,785474,24,,,1,15,,785487,24,,,1,15,,785498,24,,,1,55,,785507,24,,,1,29,,785475,24,,,1,30,,785509,24,,,1,69,,785510,24,,,1,30,,785495,24,,,1,69,,785473,24,,,1,29,,785472,24,,,1,69,,785484,24,,,1,30,,785496,24,,,1,70,,785511,24,,,1,32,,785505,24,,,1,69,,785512,24,,,1,98,,785488,4,,,1,98,,785489,4,,,1,91,,785490,4,,,1
6301,'12-1',726,,785529,24,,,1,100,,785521,24,,,1,100,,785523,24,,,1,102,,785536,24,,,1,30,,785544,24,,,1,70,,785517,24,,,1,30,,785525,24,,,1,70,,785522,24,,,1,30,,785532,24,,,1,70,,785541,24,,,1,30,,785519,24,,,1,70,,785528,24,,,1,30,,785534,24,,,1,70,,785526,24,,,1,30,,785516,24,,,1,70,,785527,24,,,1,30,,785533,24,,,1,70,,785530,24,,,1,30,,785531,24,,,1,70,,785543,24,,,1,30,,785524,24,,,1,69,,785537,24,,,1,30,,785540,24,,,1,70,,785520,24,,,1,30,,785542,24,,,1,70,,785518,24,,,1,30,,785535,24,,,1,70,,785539,24,,,1,100,,785538,24,,,1
6301,'2-1',726,,785558,24,,,1,100,,785550,24,,,1,100,,785552,24,,,1,102,,785565,24,,,1,30,,785573,24,,,1,70,,785546,24,,,1,30,,785554,24,,,1,70,,785551,24,,,1,30,,785561,24,,,1,70,,785570,24,,,1,30,,785548,24,,,1,70,,785557,24,,,1,30,,785563,24,,,1,70,,785555,24,,,1,30,,785545,24,,,1,70,,785556,24,,,1,30,,785562,24,,,1,70,,785559,24,,,1,30,,785560,24,,,1,70,,785572,24,,,1,30,,785553,24,,,1,69,,785566,24,,,1,30,,785569,24,,,1,70,,785549,24,,,1,30,,785571,24,,,1,70,,785547,24,,,1,30,,785564,24,,,1,70,,785568,24,,,1,100,,785567,24,,,1
6301,'3-1',533,,785598,24,,,1,73,,785580,24,,,1,15,,785612,24,,,1,13,,785588,24,,,1,15,,785583,24,,,1,54,,785577,24,,,1,12,,785615,24,,,1,15,,785593,24,,,1,13,,785589,24,,,1,57,,785594,24,,,1,15,,785586,24,,,1,15,,785599,24,,,1,15,,785610,24,,,1,55,,785619,24,,,1,29,,785587,24,,,1,30,,785621,24,,,1,69,,785622,24,,,1,30,,785607,24,,,1,69,,785585,24,,,1,29,,785584,24,,,1,69,,785596,24,,,1,30,,785608,24,,,1,70,,785623,24,,,1,32,,785617,24,,,1,69,,785624,24,,,1,98,,785600,4,,,1,98,,785601,4,,,1,91,,785602,4,,,1
6301,'4-1',533,,785652,24,,,1,73,,785634,24,,,1,15,,785666,24,,,1,13,,785642,24,,,1,15,,785637,24,,,1,54,,785631,24,,,1,12,,785669,24,,,1,15,,785647,24,,,1,13,,785643,24,,,1,57,,785648,24,,,1,15,,785640,24,,,1,15,,785653,24,,,1,15,,785664,24,,,1,55,,785673,24,,,1,29,,785641,24,,,1,30,,785675,24,,,1,69,,785676,24,,,1,30,,785661,24,,,1,69,,785639,24,,,1,29,,785638,24,,,1,69,,785650,24,,,1,30,,785662,24,,,1,70,,785677,24,,,1,32,,785671,24,,,1,69,,785678,24,,,1,98,,785654,4,,,1,98,,785655,4,,,1,91,,785656,4,,,1
6301,'5-1',533,,785706,24,,,1,73,,785688,24,,,1,15,,785720,24,,,1,13,,785696,24,,,1,15,,785691,24,,,1,54,,785685,24,,,1,12,,785723,24,,,1,15,,785701,24,,,1,13,,785697,24,,,1,57,,785702,24,,,1,15,,785694,24,,,1,15,,785707,24,,,1,15,,785718,24,,,1,55,,785727,24,,,1,29,,785695,24,,,1,30,,785729,24,,,1,69,,785730,24,,,1,30,,785715,24,,,1,69,,785693,24,,,1,29,,785692,24,,,1,69,,785704,24,,,1,30,,785716,24,,,1,70,,785731,24,,,1,32,,785725,24,,,1,69,,785732,24,,,1,98,,785708,4,,,1,98,,785709,4,,,1,91,,785710,4,,,1
6301,'6-1',726,,785754,24,,,1,100,,785763,24,,,1,100,,785745,24,,,1,102,,785753,24,,,1,30,,785762,24,,,1,70,,785758,24,,,1,30,,785760,24,,,1,70,,785752,24,,,1,30,,785736,24,,,1,70,,785744,24,,,1,30,,785747,24,,,1,70,,785757,24,,,1,30,,785755,24,,,1,70,,785748,24,,,1,30,,785746,24,,,1,70,,785737,24,,,1,30,,785756,24,,,1,70,,785749,24,,,1,30,,785740,24,,,1,70,,785764,24,,,1,30,,785759,24,,,1,69,,785742,24,,,1,30,,785761,24,,,1,70,,785750,24,,,1,30,,785738,24,,,1,70,,785739,24,,,1,30,,785751,24,,,1,70,,785741,24,,,1,100,,785743,24,,,1
6301,'7-1',726,,785783,24,,,1,100,,785792,24,,,1,100,,785774,24,,,1,102,,785782,24,,,1,30,,785791,24,,,1,70,,785787,24,,,1,30,,785789,24,,,1,70,,785781,24,,,1,30,,785765,24,,,1,70,,785773,24,,,1,30,,785776,24,,,1,70,,785786,24,,,1,30,,785784,24,,,1,70,,785777,24,,,1,30,,785775,24,,,1,70,,785766,24,,,1,30,,785785,24,,,1,70,,785778,24,,,1,30,,785769,24,,,1,70,,785793,24,,,1,30,,785788,24,,,1,69,,785771,24,,,1,30,,785790,24,,,1,70,,785779,24,,,1,30,,785767,24,,,1,70,,785768,24,,,1,30,,785780,24,,,1,70,,785770,24,,,1,100,,785772,24,,,1
6301,'8-1',533,,785818,24,,,1,73,,785800,24,,,1,15,,785832,24,,,1,13,,785808,24,,,1,15,,785803,24,,,1,54,,785797,24,,,1,12,,785835,24,,,1,15,,785813,24,,,1,13,,785809,24,,,1,57,,785814,24,,,1,15,,785806,24,,,1,15,,785819,24,,,1,15,,785830,24,,,1,55,,785839,24,,,1,29,,785807,24,,,1,30,,785841,24,,,1,69,,785842,24,,,1,30,,785827,24,,,1,69,,785805,24,,,1,29,,785804,24,,,1,69,,785816,24,,,1,30,,785828,24,,,1,70,,785843,24,,,1,32,,785837,24,,,1,69,,785844,24,,,1,98,,785820,4,,,1,98,,785821,4,,,1,91,,785822,4,,,1
6301,'9-1',727,,785874,24,,,1,77,,785853,24,,,1,30,,785864,24,,,1,70,,785858,24,,,1,30,,785863,24,,,1,70,,785855,24,,,1,31,,785876,24,,,1,71,,785867,24,,,1,30,,785860,24,,,1,70,,785872,24,,,1,30,,785862,24,,,1,70,,785852,24,,,1,30,,785875,24,,,1,70,,785854,24,,,1,30,,785871,24,,,1,70,,785870,24,,,1,30,,785865,24,,,1,70,,785877,24,,,1,30,,785878,24,,,1,70,,785880,24,,,1,30,,785849,24,,,1,70,,785873,24,,,1,30,,785879,24,,,1,70,,785851,24,,,1,29,,785861,24,,,1,70,,785856,24,,,1,30,,785869,24,,,1,70,,785850,24,,,1,30,,785848,24,,,1,70,,785868,24,,,1,30,,785866,24,,,1,70,,785881,24,,,1,30,,785857,24,,,1,70,,785859,24,,,1
56300,'11-1',656,,814186,4,,,1
56300,'3-1',656,,814187,4,,,1
56300,'4-1',656,,814188,4,,,1
56300,'5-1',656,,814189,4,,,1
56300,'8-1',656,,814190,4,,,1
67400,'11-1',734,,815024,21,,,1,10,,815026,21,,,1
67400,'3-1',734,,815030,21,,,1,10,,815032,21,,,1
67400,'4-1',734,,815036,21,,,1,10,,815038,21,,,1
67400,'5-1',734,,815042,21,,,1,10,,815044,21,,,1
67400,'8-1',734,,815048,21,,,1,10,,815050,21,,,1
68800,'11-1',706,,815232,5,,,1
68800,'3-1',706,,815234,5,,,1
68800,'4-1',706,,815236,5,,,1
68800,'5-1',706,,815238,5,,,1
68800,'8-1',706,,815240,5,,,1
