5300,'1-1',554,,779168,24,,,1,80,,779170,24,,,1,70,,779193,24,,,1,30,,779181,24,,,1,70,,779187,24,,,1,30,,779200,24,,,1,70,,779175,24,,,1,30,,779183,24,,,1,70,,779191,24,,,1,31,,779194,24,,,1,70,,779190,24,,,1,30,,779188,24,,,1,70,,779196,24,,,1,31,,779186,24,,,1,70,,779178,24,,,1,30,,779195,24,,,1,70,,779197,24,,,1,30,,779179,24,,,1,70,,779180,24,,,1,30,,779172,24,,,1,70,,779192,24,,,1,29,,779185,24,,,1,70,,779198,24,,,1,30,,779199,24,,,1,70,,779169,24,,,1,30,,779173,24,,,1,70,,779189,24,,,1,29,,779174,24,,,1,70,,779167,24,,,1,30,,779184,24,,,1,76,,779171,24,,,1,30,,779166,24,,,1,70,,779176,24,,,1,30,,779182,24,,,1,100,,779177,24,,,1
5300,'10-1',640,,779211,24,,,1,100,,779216,24,,,1,100,,779214,24,,,1,70,,779229,24,,,1,30,,779228,24,,,1,68,,779201,24,,,1,31,,779226,24,,,1,70,,779203,24,,,1,30,,779210,24,,,1,70,,779202,24,,,1,31,,779220,24,,,1,70,,779218,24,,,1,30,,779223,24,,,1,70,,779225,24,,,1,100,,779217,24,,,1,30,,779209,24,,,1,99,,779207,24,,,1,70,,779212,24,,,1,100,,779219,24,,,1,30,,779213,24,,,1,70,,779204,24,,,1,29,,779222,24,,,1,70,,779208,24,,,1,30,,779215,24,,,1,70,,779206,24,,,1,30,,779227,24,,,1,70,,779205,24,,,1,39,,779224,24,,,1
5300,'11-1',545,,779259,24,,,1,70,,779262,24,,,1,15,,779236,24,,,1,16,,779235,24,,,1,55,,779242,24,,,1,15,,779239,24,,,1,14,,779238,24,,,1,19,,779273,24,,,1,54,,779231,24,,,1,17,,779275,24,,,1,15,,779257,24,,,1,16,,779249,24,,,1,52,,779251,24,,,1,20,,779253,24,,,1,26,,779269,24,,,1,70,,779264,24,,,1,32,,779279,24,,,1,71,,779233,24,,,1,30,,779265,24,,,1,70,,779244,24,,,1,29,,779260,24,,,1,71,,779254,24,,,1,30,,779230,24,,,1,71,,779270,24,,,1,29,,779245,24,,,1,68,,779256,24,,,1,15,,779248,24,,,1,16,,779250,24,,,1,56,,779274,24,,,1,16,,779276,24,,,1,12,,779232,24,,,1,15,,779241,24,,,1,54,,779237,24,,,1,20,,779268,24,,,1,14,,779240,24,,,1,16,,779247,24,,,1,53,,779278,24,,,1,14,,779252,24,,,1,19,,779272,24,,,1,60,,779277,24,,,1,28,,779266,24,,,1,31,,779246,24,,,1,68,,779263,24,,,1,30,,779234,24,,,1,67,,779255,24,,,1,29,,779243,24,,,1,70,,779271,24,,,1,100,,779258,24,,,1,98,,779261,24,,,1
5300,'12-1',640,,779290,24,,,1,100,,779295,24,,,1,100,,779293,24,,,1,70,,779308,24,,,1,30,,779307,24,,,1,68,,779280,24,,,1,31,,779305,24,,,1,70,,779282,24,,,1,30,,779289,24,,,1,70,,779281,24,,,1,31,,779299,24,,,1,70,,779297,24,,,1,30,,779302,24,,,1,70,,779304,24,,,1,100,,779296,24,,,1,30,,779288,24,,,1,99,,779286,24,,,1,70,,779291,24,,,1,100,,779298,24,,,1,30,,779292,24,,,1,70,,779283,24,,,1,29,,779301,24,,,1,70,,779287,24,,,1,30,,779294,24,,,1,70,,779285,24,,,1,30,,779306,24,,,1,70,,779284,24,,,1,39,,779303,24,,,1
5300,'2-1',640,,779319,24,,,1,100,,779324,24,,,1,100,,779322,24,,,1,70,,779337,24,,,1,30,,779336,24,,,1,68,,779309,24,,,1,31,,779334,24,,,1,70,,779311,24,,,1,30,,779318,24,,,1,70,,779310,24,,,1,31,,779328,24,,,1,70,,779326,24,,,1,30,,779331,24,,,1,70,,779333,24,,,1,100,,779325,24,,,1,30,,779317,24,,,1,99,,779315,24,,,1,70,,779320,24,,,1,100,,779327,24,,,1,30,,779321,24,,,1,70,,779312,24,,,1,29,,779330,24,,,1,70,,779316,24,,,1,30,,779323,24,,,1,70,,779314,24,,,1,30,,779335,24,,,1,70,,779313,24,,,1,39,,779332,24,,,1
5300,'3-1',545,,779367,24,,,1,70,,779370,24,,,1,15,,779344,24,,,1,16,,779343,24,,,1,55,,779350,24,,,1,15,,779347,24,,,1,14,,779346,24,,,1,19,,779381,24,,,1,54,,779339,24,,,1,17,,779383,24,,,1,15,,779365,24,,,1,16,,779357,24,,,1,52,,779359,24,,,1,20,,779361,24,,,1,26,,779377,24,,,1,70,,779372,24,,,1,32,,779387,24,,,1,71,,779341,24,,,1,30,,779373,24,,,1,70,,779352,24,,,1,29,,779368,24,,,1,71,,779362,24,,,1,30,,779338,24,,,1,71,,779378,24,,,1,29,,779353,24,,,1,68,,779364,24,,,1,15,,779356,24,,,1,16,,779358,24,,,1,56,,779382,24,,,1,16,,779384,24,,,1,12,,779340,24,,,1,15,,779349,24,,,1,54,,779345,24,,,1,20,,779376,24,,,1,14,,779348,24,,,1,16,,779355,24,,,1,53,,779386,24,,,1,14,,779360,24,,,1,19,,779380,24,,,1,60,,779385,24,,,1,28,,779374,24,,,1,31,,779354,24,,,1,68,,779371,24,,,1,30,,779342,24,,,1,67,,779363,24,,,1,29,,779351,24,,,1,70,,779379,24,,,1,100,,779366,24,,,1,98,,779369,24,,,1
5300,'4-1',545,,779417,24,,,1,70,,779420,24,,,1,15,,779394,24,,,1,16,,779393,24,,,1,55,,779400,24,,,1,15,,779397,24,,,1,14,,779396,24,,,1,19,,779431,24,,,1,54,,779389,24,,,1,17,,779433,24,,,1,15,,779415,24,,,1,16,,779407,24,,,1,52,,779409,24,,,1,20,,779411,24,,,1,26,,779427,24,,,1,70,,779422,24,,,1,32,,779437,24,,,1,71,,779391,24,,,1,30,,779423,24,,,1,70,,779402,24,,,1,29,,779418,24,,,1,71,,779412,24,,,1,30,,779388,24,,,1,71,,779428,24,,,1,29,,779403,24,,,1,68,,779414,24,,,1,15,,779406,24,,,1,16,,779408,24,,,1,56,,779432,24,,,1,16,,779434,24,,,1,12,,779390,24,,,1,15,,779399,24,,,1,54,,779395,24,,,1,20,,779426,24,,,1,14,,779398,24,,,1,16,,779405,24,,,1,53,,779436,24,,,1,14,,779410,24,,,1,19,,779430,24,,,1,60,,779435,24,,,1,28,,779424,24,,,1,31,,779404,24,,,1,68,,779421,24,,,1,30,,779392,24,,,1,67,,779413,24,,,1,29,,779401,24,,,1,70,,779429,24,,,1,100,,779416,24,,,1,98,,779419,24,,,1
5300,'5-1',545,,779467,24,,,1,70,,779470,24,,,1,15,,779444,24,,,1,16,,779443,24,,,1,55,,779450,24,,,1,15,,779447,24,,,1,14,,779446,24,,,1,19,,779481,24,,,1,54,,779439,24,,,1,17,,779483,24,,,1,15,,779465,24,,,1,16,,779457,24,,,1,52,,779459,24,,,1,20,,779461,24,,,1,26,,779477,24,,,1,70,,779472,24,,,1,32,,779487,24,,,1,71,,779441,24,,,1,30,,779473,24,,,1,70,,779452,24,,,1,29,,779468,24,,,1,71,,779462,24,,,1,30,,779438,24,,,1,71,,779478,24,,,1,29,,779453,24,,,1,68,,779464,24,,,1,15,,779456,24,,,1,16,,779458,24,,,1,56,,779482,24,,,1,16,,779484,24,,,1,12,,779440,24,,,1,15,,779449,24,,,1,54,,779445,24,,,1,20,,779476,24,,,1,14,,779448,24,,,1,16,,779455,24,,,1,53,,779486,24,,,1,14,,779460,24,,,1,19,,779480,24,,,1,60,,779485,24,,,1,28,,779474,24,,,1,31,,779454,24,,,1,68,,779471,24,,,1,30,,779442,24,,,1,67,,779463,24,,,1,29,,779451,24,,,1,70,,779479,24,,,1,100,,779466,24,,,1,98,,779469,24,,,1
5300,'6-1',640,,779511,24,,,1,100,,779501,24,,,1,100,,779503,24,,,1,70,,779506,24,,,1,30,,779488,24,,,1,68,,779502,24,,,1,31,,779500,24,,,1,70,,779515,24,,,1,30,,779491,24,,,1,70,,779490,24,,,1,31,,779509,24,,,1,70,,779498,24,,,1,30,,779496,24,,,1,70,,779516,24,,,1,100,,779508,24,,,1,30,,779513,24,,,1,99,,779504,24,,,1,70,,779495,24,,,1,100,,779514,24,,,1,30,,779492,24,,,1,70,,779505,24,,,1,29,,779494,24,,,1,70,,779497,24,,,1,30,,779512,24,,,1,70,,779493,24,,,1,30,,779499,24,,,1,70,,779510,24,,,1,39,,779489,24,,,1
5300,'7-1',640,,779540,24,,,1,100,,779530,24,,,1,100,,779532,24,,,1,70,,779535,24,,,1,30,,779517,24,,,1,68,,779531,24,,,1,31,,779529,24,,,1,70,,779544,24,,,1,30,,779520,24,,,1,70,,779519,24,,,1,31,,779538,24,,,1,70,,779527,24,,,1,30,,779525,24,,,1,70,,779545,24,,,1,100,,779537,24,,,1,30,,779542,24,,,1,99,,779533,24,,,1,70,,779524,24,,,1,100,,779543,24,,,1,30,,779521,24,,,1,70,,779534,24,,,1,29,,779523,24,,,1,70,,779526,24,,,1,30,,779541,24,,,1,70,,779522,24,,,1,30,,779528,24,,,1,70,,779539,24,,,1,39,,779518,24,,,1
5300,'8-1',545,,779575,24,,,1,70,,779578,24,,,1,15,,779552,24,,,1,16,,779551,24,,,1,55,,779558,24,,,1,15,,779555,24,,,1,14,,779554,24,,,1,19,,779589,24,,,1,54,,779547,24,,,1,17,,779591,24,,,1,15,,779573,24,,,1,16,,779565,24,,,1,52,,779567,24,,,1,20,,779569,24,,,1,26,,779585,24,,,1,70,,779580,24,,,1,32,,779595,24,,,1,71,,779549,24,,,1,30,,779581,24,,,1,70,,779560,24,,,1,29,,779576,24,,,1,71,,779570,24,,,1,30,,779546,24,,,1,71,,779586,24,,,1,29,,779561,24,,,1,68,,779572,24,,,1,15,,779564,24,,,1,16,,779566,24,,,1,56,,779590,24,,,1,16,,779592,24,,,1,12,,779548,24,,,1,15,,779557,24,,,1,54,,779553,24,,,1,20,,779584,24,,,1,14,,779556,24,,,1,16,,779563,24,,,1,53,,779594,24,,,1,14,,779568,24,,,1,19,,779588,24,,,1,60,,779593,24,,,1,28,,779582,24,,,1,31,,779562,24,,,1,68,,779579,24,,,1,30,,779550,24,,,1,67,,779571,24,,,1,29,,779559,24,,,1,70,,779587,24,,,1,100,,779574,24,,,1,98,,779577,24,,,1
5300,'9-1',554,,779608,24,,,1,80,,779606,24,,,1,70,,779603,24,,,1,30,,779611,24,,,1,70,,779620,24,,,1,30,,779630,24,,,1,70,,779616,24,,,1,30,,779601,24,,,1,70,,779619,24,,,1,31,,779607,24,,,1,70,,779602,24,,,1,30,,779618,24,,,1,70,,779612,24,,,1,31,,779626,24,,,1,70,,779609,24,,,1,30,,779600,24,,,1,70,,779623,24,,,1,30,,779604,24,,,1,70,,779625,24,,,1,30,,779599,24,,,1,70,,779617,24,,,1,29,,779613,24,,,1,70,,779624,24,,,1,30,,779614,24,,,1,70,,779621,24,,,1,30,,779605,24,,,1,70,,779629,24,,,1,29,,779615,24,,,1,70,,779597,24,,,1,30,,779596,24,,,1,76,,779622,24,,,1,30,,779598,24,,,1,70,,779627,24,,,1,30,,779610,24,,,1,100,,779628,24,,,1
