8800,'1-1',445,,611510,35,,,1,70,,611460,35,,,1,30,,611514,35,,,1,69,,611487,35,,,1,16,,611453,35,,,1,15,,611443,35,,,1,60,,611465,35,,,1,16,,611489,36,,,1,15,,611481,36,,,1,17,,611452,36,,,1,55,,611492,36,,,1,15,,611499,36,,,1,14,,611511,36,,,1,16,,611462,36,,,1,55,,611502,36,,,1,15,,611478,36,,,1,15,,611480,36,,,1,15,,611466,18,,,1,55,,611494,36,,,1,15,,611515,18,,,1,15,,611490,36,,,1,15,,611506,18,,,1,54,,611508,36,,,1,16,,611503,18,,,1,14,,611485,36,,,1,16,,611498,18,,,1,54,,611467,36,,,1,16,,611483,18,,,1,14,,611473,36,,,1,16,,611497,18,,,1,54,,611461,36,,,1,16,,611471,18,,,1,14,,611505,36,,,1,16,,611459,18,,,1,55,,611448,36,,,1,15,,611500,18,,,1,15,,611457,36,,,1,17,,611451,18,,,1,56,,611493,36,,,1,14,,611479,18,,,1,17,,611501,36,,,1,15,,611488,36,,,1,55,,611449,36,,,1,14,,611463,36,,,1,16,,611477,36,,,1,15,,611455,36,,,1,55,,611496,36,,,1,15,,611444,36,,,1,14,,611504,36,,,1,15,,611486,36,,,1,52,,611446,36,,,1,15,,611474,36,,,1,15,,611513,36,,,1,15,,611495,36,,,1,55,,611468,36,,,1,10,,611458,18,,,1,17,,611482,36,,,1,15,,611454,18,,,1,55,,611456,36,,,1,14,,611484,18,,,1,13,,611469,36,,,1,15,,611475,18,,,1,55,,611447,36,,,1,15,,611450,36,,,1,17,,611445,36,,,1,20,,611512,36,,,1,60,,611507,36,,,1,20,,611464,36,,,1,20,,611476,36,,,1,60,,611470,36,,,1,30,,611442,36,,,1,70,,611509,36,,,1,30,,611491,36,,,1,70,,611472,36,,,1
8800,'10-1',445,,611544,35,,,1,70,,611575,35,,,1,30,,611564,35,,,1,69,,611563,35,,,1,16,,611586,35,,,1,15,,611578,35,,,1,60,,611530,35,,,1,16,,611528,36,,,1,15,,611582,36,,,1,17,,611531,36,,,1,55,,611572,36,,,1,15,,611574,36,,,1,14,,611560,36,,,1,16,,611577,36,,,1,55,,611534,36,,,1,15,,611569,36,,,1,15,,611583,36,,,1,15,,611550,18,,,1,55,,611536,36,,,1,15,,611565,18,,,1,15,,611571,36,,,1,15,,611519,18,,,1,54,,611557,36,,,1,16,,611568,18,,,1,14,,611580,36,,,1,16,,611567,18,,,1,54,,611541,36,,,1,16,,611588,18,,,1,14,,611535,36,,,1,16,,611527,18,,,1,54,,611559,36,,,1,16,,611570,18,,,1,14,,611581,36,,,1,16,,611538,18,,,1,55,,611561,36,,,1,15,,611525,18,,,1,15,,611523,36,,,1,17,,611540,18,,,1,56,,611533,36,,,1,14,,611587,18,,,1,17,,611566,36,,,1,15,,611547,36,,,1,55,,611539,36,,,1,14,,611520,36,,,1,16,,611532,36,,,1,15,,611551,36,,,1,55,,611556,36,,,1,15,,611516,36,,,1,14,,611537,36,,,1,15,,611546,36,,,1,52,,611526,36,,,1,15,,611524,36,,,1,15,,611585,36,,,1,15,,611529,36,,,1,55,,611579,36,,,1,10,,611517,18,,,1,17,,611562,36,,,1,15,,611555,18,,,1,55,,611589,36,,,1,14,,611558,18,,,1,13,,611552,36,,,1,15,,611576,18,,,1,55,,611518,36,,,1,15,,611543,36,,,1,17,,611553,36,,,1,20,,611548,36,,,1,60,,611554,36,,,1,20,,611584,36,,,1,20,,611521,36,,,1,60,,611549,36,,,1,30,,611522,36,,,1,70,,611542,36,,,1,30,,611573,36,,,1,70,,611545,36,,,1
8800,'11-1',445,,611618,35,,,1,70,,611649,35,,,1,30,,611638,35,,,1,69,,611637,35,,,1,16,,611660,35,,,1,15,,611652,35,,,1,60,,611604,35,,,1,16,,611602,36,,,1,15,,611656,36,,,1,17,,611605,36,,,1,55,,611646,36,,,1,15,,611648,36,,,1,14,,611634,36,,,1,16,,611651,36,,,1,55,,611608,36,,,1,15,,611643,36,,,1,15,,611657,36,,,1,15,,611624,18,,,1,55,,611610,36,,,1,15,,611639,18,,,1,15,,611645,36,,,1,15,,611593,18,,,1,54,,611631,36,,,1,16,,611642,18,,,1,14,,611654,36,,,1,16,,611641,18,,,1,54,,611615,36,,,1,16,,611662,18,,,1,14,,611609,36,,,1,16,,611601,18,,,1,54,,611633,36,,,1,16,,611644,18,,,1,14,,611655,36,,,1,16,,611612,18,,,1,55,,611635,36,,,1,15,,611599,18,,,1,15,,611597,36,,,1,17,,611614,18,,,1,56,,611607,36,,,1,14,,611661,18,,,1,17,,611640,36,,,1,15,,611621,36,,,1,55,,611613,36,,,1,14,,611594,36,,,1,16,,611606,36,,,1,15,,611625,36,,,1,55,,611630,36,,,1,15,,611590,36,,,1,14,,611611,36,,,1,15,,611620,36,,,1,52,,611600,36,,,1,15,,611598,36,,,1,15,,611659,36,,,1,15,,611603,36,,,1,55,,611653,36,,,1,10,,611591,18,,,1,17,,611636,36,,,1,15,,611629,18,,,1,55,,611663,36,,,1,14,,611632,18,,,1,13,,611626,36,,,1,15,,611650,18,,,1,55,,611592,36,,,1,15,,611617,36,,,1,17,,611627,36,,,1,20,,611622,36,,,1,60,,611628,36,,,1,20,,611658,36,,,1,20,,611595,36,,,1,60,,611623,36,,,1,30,,611596,36,,,1,70,,611616,36,,,1,30,,611647,36,,,1,70,,611619,36,,,1
8800,'2-1',445,,611692,35,,,1,70,,611723,35,,,1,30,,611712,35,,,1,69,,611711,35,,,1,16,,611734,35,,,1,15,,611726,35,,,1,60,,611678,35,,,1,16,,611676,36,,,1,15,,611730,36,,,1,17,,611679,36,,,1,55,,611720,36,,,1,15,,611722,36,,,1,14,,611708,36,,,1,16,,611725,36,,,1,55,,611682,36,,,1,15,,611717,36,,,1,15,,611731,36,,,1,15,,611698,18,,,1,55,,611684,36,,,1,15,,611713,18,,,1,15,,611719,36,,,1,15,,611667,18,,,1,54,,611705,36,,,1,16,,611716,18,,,1,14,,611728,36,,,1,16,,611715,18,,,1,54,,611689,36,,,1,16,,611736,18,,,1,14,,611683,36,,,1,16,,611675,18,,,1,54,,611707,36,,,1,16,,611718,18,,,1,14,,611729,36,,,1,16,,611686,18,,,1,55,,611709,36,,,1,15,,611673,18,,,1,15,,611671,36,,,1,17,,611688,18,,,1,56,,611681,36,,,1,14,,611735,18,,,1,17,,611714,36,,,1,15,,611695,36,,,1,55,,611687,36,,,1,14,,611668,36,,,1,16,,611680,36,,,1,15,,611699,36,,,1,55,,611704,36,,,1,15,,611664,36,,,1,14,,611685,36,,,1,15,,611694,36,,,1,52,,611674,36,,,1,15,,611672,36,,,1,15,,611733,36,,,1,15,,611677,36,,,1,55,,611727,36,,,1,10,,611665,18,,,1,17,,611710,36,,,1,15,,611703,18,,,1,55,,611737,36,,,1,14,,611706,18,,,1,13,,611700,36,,,1,15,,611724,18,,,1,55,,611666,36,,,1,15,,611691,36,,,1,17,,611701,36,,,1,20,,611696,36,,,1,60,,611702,36,,,1,20,,611732,36,,,1,20,,611669,36,,,1,60,,611697,36,,,1,30,,611670,36,,,1,70,,611690,36,,,1,30,,611721,36,,,1,70,,611693,36,,,1
8800,'3-1',621,,611749,35,,,1,30,,611756,35,,,1,70,,611765,35,,,1,30,,611753,35,,,1,70,,611738,35,,,1,31,,611762,35,,,1,70,,611743,35,,,1,30,,611754,35,,,1,70,,611760,35,,,1,31,,611767,35,,,1,70,,611764,35,,,1,22,,611740,35,,,1,60,,611769,35,,,1,20,,611741,35,,,1,20,,611758,35,,,1,60,,611775,35,,,1,20,,611763,35,,,1,20,,611771,35,,,1,60,,611747,35,,,1,20,,611739,35,,,1,81,,611755,35,,,1,40,,611742,35,,,1,60,,611752,35,,,1,20,,611770,35,,,1,80,,611748,35,,,1,20,,611772,35,,,1,20,,611744,35,,,1,61,,611751,35,,,1,99,,611757,35,,,1,30,,611761,35,,,1,70,,611773,35,,,1,30,,611746,35,,,1,70,,611766,35,,,1,30,,611774,35,,,1,70,,611745,35,,,1,28,,611759,35,,,1,100,,611750,35,,,1,70,,611768,35,,,1
8800,'4-1',621,,611800,36,,,1,30,,611822,36,,,1,70,,611781,36,,,1,30,,611776,36,,,1,70,,611793,36,,,1,31,,611819,36,,,1,70,,611792,36,,,1,30,,611790,36,,,1,70,,611813,36,,,1,31,,611784,36,,,1,70,,611821,36,,,1,22,,611824,36,,,1,60,,611787,36,,,1,20,,611802,36,,,1,20,,611778,36,,,1,60,,611785,36,,,1,20,,611804,36,,,1,20,,611805,36,,,1,60,,611811,36,,,1,20,,611798,36,,,1,21,,611815,36,,,1,60,,611796,36,,,1,20,,611801,36,,,1,20,,611810,36,,,1,60,,611806,36,,,1,20,,611786,36,,,1,20,,611788,36,,,1,60,,611825,36,,,1,20,,611818,36,,,1,20,,611816,36,,,1,61,,611808,36,,,1,29,,611777,36,,,1,15,,611782,36,,,1,55,,611779,36,,,1,15,,611803,36,,,1,15,,611807,36,,,1,15,,611794,36,,,1,55,,611814,36,,,1,15,,611820,36,,,1,15,,611809,36,,,1,15,,611789,36,,,1,55,,611783,36,,,1,15,,611797,36,,,1,15,,611823,36,,,1,70,,611780,36,,,1,28,,611812,36,,,1,70,,611795,36,,,1,30,,611791,36,,,1,70,,611817,36,,,0,30,,611799,36,,,1
8800,'5-1',530,,611879,35,,,1,28,,611830,35,,,1,70,,611843,35,,,1,30,,611877,35,,,1,70,,611848,35,,,1,30,,611867,35,,,1,70,,611872,35,,,1,31,,611850,35,,,1,70,,611885,35,,,1,16,,611851,17,,,1,56,,611829,35,,,1,17,,611884,17,,,1,16,,611873,35,,,1,15,,611853,17,,,1,55,,611852,35,,,1,15,,611856,17,,,1,16,,611827,35,,,1,15,,611858,17,,,1,55,,611841,35,,,1,15,,611865,17,,,1,16,,611862,35,,,1,15,,611876,17,,,1,57,,611828,35,,,1,15,,611886,17,,,1,15,,611837,35,,,1,15,,611833,17,,,1,55,,611871,35,,,1,16,,611868,17,,,1,15,,611870,35,,,1,16,,611826,17,,,1,54,,611849,35,,,1,16,,611864,17,,,1,14,,611836,35,,,1,16,,611855,17,,,1,54,,611834,35,,,1,15,,611842,17,,,1,15,,611835,35,,,1,15,,611845,17,,,1,55,,611860,35,,,1,15,,611878,17,,,1,15,,611839,35,,,1,15,,611869,17,,,1,55,,611859,35,,,1,15,,611881,17,,,1,14,,611854,35,,,1,15,,611846,17,,,1,55,,611840,35,,,1,15,,611832,17,,,1,15,,611857,35,,,1,15,,611831,17,,,1,55,,611875,35,,,1,15,,611866,17,,,1,15,,611883,35,,,1,70,,611838,35,,,1,100,,611861,35,,,1,28,,611880,35,,,1,70,,611863,35,,,1,30,,611874,35,,,1,70,,611847,35,,,1,30,,611882,35,,,1,81,,611844,35,,,1
8800,'6-1',445,,611915,35,,,1,70,,611946,35,,,1,30,,611935,35,,,1,69,,611934,35,,,1,16,,611957,35,,,1,15,,611949,35,,,1,60,,611901,35,,,1,16,,611899,36,,,1,15,,611953,36,,,1,17,,611902,36,,,1,55,,611943,36,,,1,15,,611945,36,,,1,14,,611931,36,,,1,16,,611948,36,,,1,55,,611905,36,,,1,15,,611940,36,,,1,15,,611954,36,,,1,15,,611921,18,,,1,55,,611907,36,,,1,15,,611936,18,,,1,15,,611942,36,,,1,15,,611890,18,,,1,54,,611928,36,,,1,16,,611939,18,,,1,14,,611951,36,,,1,16,,611938,18,,,1,54,,611912,36,,,1,16,,611959,18,,,1,14,,611906,36,,,1,16,,611898,18,,,1,54,,611930,36,,,1,16,,611941,18,,,1,14,,611952,36,,,1,16,,611909,18,,,1,55,,611932,36,,,1,15,,611896,18,,,1,15,,611894,36,,,1,17,,611911,18,,,1,56,,611904,36,,,1,14,,611958,18,,,1,17,,611937,36,,,1,15,,611918,36,,,1,55,,611910,36,,,1,14,,611891,36,,,1,16,,611903,36,,,1,15,,611922,36,,,1,55,,611927,36,,,1,15,,611887,36,,,1,14,,611908,36,,,1,15,,611917,36,,,1,52,,611897,36,,,1,15,,611895,36,,,1,15,,611956,36,,,1,15,,611900,36,,,1,55,,611950,36,,,1,10,,611888,18,,,1,17,,611933,36,,,1,15,,611926,18,,,1,55,,611960,36,,,1,14,,611929,18,,,1,13,,611923,36,,,1,15,,611947,18,,,1,55,,611889,36,,,1,15,,611914,36,,,1,17,,611924,36,,,1,20,,611919,36,,,1,60,,611925,36,,,1,20,,611955,36,,,1,20,,611892,36,,,1,60,,611920,36,,,1,30,,611893,36,,,1,70,,611913,36,,,1,30,,611944,36,,,1,70,,611916,36,,,1
8800,'7-1',621,,611972,35,,,1,30,,611979,35,,,1,70,,611988,35,,,1,30,,611976,35,,,1,70,,611961,35,,,1,31,,611985,35,,,1,70,,611966,35,,,1,30,,611977,35,,,1,70,,611983,35,,,1,31,,611990,35,,,1,70,,611987,35,,,1,22,,611963,35,,,1,60,,611992,35,,,1,20,,611964,35,,,1,20,,611981,35,,,1,60,,611998,35,,,1,20,,611986,35,,,1,20,,611994,35,,,1,60,,611970,35,,,1,20,,611962,35,,,1,81,,611978,35,,,1,40,,611965,35,,,1,60,,611975,35,,,1,20,,611993,35,,,1,80,,611971,35,,,1,20,,611995,35,,,1,20,,611967,35,,,1,61,,611974,35,,,1,99,,611980,35,,,1,30,,611984,35,,,1,70,,611996,35,,,1,30,,611969,35,,,1,70,,611989,35,,,1,30,,611997,35,,,1,70,,611968,35,,,1,28,,611982,35,,,1,100,,611973,35,,,1,70,,611991,35,,,1
8800,'8-1',445,,612027,35,,,1,70,,612058,35,,,1,30,,612047,35,,,1,69,,612046,35,,,1,16,,612069,35,,,1,15,,612061,35,,,1,60,,612013,35,,,1,16,,612011,36,,,1,15,,612065,36,,,1,17,,612014,36,,,1,55,,612055,36,,,1,15,,612057,36,,,1,14,,612043,36,,,1,16,,612060,36,,,1,55,,612017,36,,,1,15,,612052,36,,,1,15,,612066,36,,,1,15,,612033,18,,,1,55,,612019,36,,,1,15,,612048,18,,,1,15,,612054,36,,,1,15,,612002,18,,,1,54,,612040,36,,,1,16,,612051,18,,,1,14,,612063,36,,,1,16,,612050,18,,,1,54,,612024,36,,,1,16,,612071,18,,,1,14,,612018,36,,,1,16,,612010,18,,,1,54,,612042,36,,,1,16,,612053,18,,,1,14,,612064,36,,,1,16,,612021,18,,,1,55,,612044,36,,,1,15,,612008,18,,,1,15,,612006,36,,,1,17,,612023,18,,,1,56,,612016,36,,,1,14,,612070,18,,,1,17,,612049,36,,,1,15,,612030,36,,,1,55,,612022,36,,,1,14,,612003,36,,,1,16,,612015,36,,,1,15,,612034,36,,,1,55,,612039,36,,,1,15,,611999,36,,,1,14,,612020,36,,,1,15,,612029,36,,,1,52,,612009,36,,,1,15,,612007,36,,,1,15,,612068,36,,,1,15,,612012,36,,,1,55,,612062,36,,,1,10,,612000,18,,,1,17,,612045,36,,,1,15,,612038,18,,,1,55,,612072,36,,,1,14,,612041,18,,,1,13,,612035,36,,,1,15,,612059,18,,,1,55,,612001,36,,,1,15,,612026,36,,,1,17,,612036,36,,,1,20,,612031,36,,,1,60,,612037,36,,,1,20,,612067,36,,,1,20,,612004,36,,,1,60,,612032,36,,,1,30,,612005,36,,,1,70,,612025,36,,,1,30,,612056,36,,,1,70,,612028,36,,,1
8800,'9-1',530,,612134,35,,,1,28,,612123,35,,,1,70,,612095,35,,,1,30,,612087,35,,,1,70,,612133,35,,,1,30,,612114,35,,,1,70,,612112,35,,,1,31,,612073,35,,,1,70,,612101,35,,,1,16,,612110,17,,,1,56,,612085,35,,,1,17,,612089,17,,,1,16,,612118,35,,,1,15,,612086,17,,,1,55,,612093,35,,,1,15,,612074,17,,,1,16,,612100,35,,,1,15,,612079,17,,,1,55,,612124,35,,,1,15,,612090,17,,,1,16,,612129,35,,,1,15,,612116,17,,,1,57,,612094,35,,,1,15,,612115,17,,,1,15,,612104,35,,,1,15,,612111,17,,,1,55,,612099,35,,,1,16,,612096,17,,,1,15,,612103,35,,,1,16,,612105,17,,,1,54,,612130,35,,,1,16,,612102,17,,,1,14,,612122,35,,,1,16,,612109,17,,,1,54,,612113,35,,,1,15,,612131,17,,,1,15,,612075,35,,,1,15,,612080,17,,,1,55,,612084,35,,,1,15,,612127,17,,,1,15,,612078,35,,,1,15,,612081,17,,,1,55,,612132,35,,,1,15,,612097,17,,,1,14,,612076,35,,,1,15,,612091,17,,,1,55,,612128,35,,,1,15,,612106,17,,,1,15,,612077,35,,,1,15,,612108,17,,,1,55,,612092,35,,,1,15,,612120,17,,,1,15,,612107,35,,,1,70,,612117,35,,,1,30,,612126,35,,,1,70,,612119,35,,,1,28,,612098,35,,,1,70,,612088,35,,,1,30,,612125,35,,,1,70,,612083,35,,,1,30,,612121,35,,,1,81,,612082,35,,,1
