7501,'1-1',526,,511747,39,,,1,79,,511704,25,,,1,29,,511705,25,,,1,72,,511749,25,,,1,30,,511731,25,,,1,73,,511737,25,,,1,25,,511686,25,,,1,75,,511752,25,,,1,29,,511716,25,,,1,17,,511701,25,,,1,55,,511667,25,,,1,15,,511734,25,,,1,15,,511676,25,,,1,15,,511699,25,,,1,55,,511725,25,,,1,15,,511735,25,,,1,15,,511739,25,,,1,15,,511709,25,,,1,55,,511727,25,,,1,15,,511751,25,,,1,15,,511672,25,,,1,70,,511742,25,,,1,30,,511748,25,,,1,70,,511707,25,,,1,30,,511703,25,,,1,16,,511669,25,,,1,55,,511736,25,,,1,14,,511683,25,,,1,15,,511710,25,,,1,62,,511694,25,,,1,18,,511753,25,,,1,15,,511740,25,,,1,15,,511755,25,,,1,55,,511729,25,,,1,9,,511733,25,,,1,13,,511706,25,,,1,15,,511708,25,,,1,14,,511717,25,,,1,56,,511728,25,,,1,14,,511719,25,,,1,13,,511664,25,,,1,9,,511684,25,,,1,55,,511696,25,,,1,14,,511720,25,,,1,15,,511744,25,,,1,68,,511702,25,,,1,30,,511724,25,,,1,71,,511732,25,,,1,29,,511711,25,,,1,70,,511691,25,,,1,30,,511700,25,,,1,76,,511726,25,,,1,30,,511665,25,,,1
7501,'2-1',709,,511862,39,,,1,105,,511878,39,,,1,30,,511873,39,,,1,71,,511846,25,,,1,30,,511834,25,,,1,55,,511809,25,,,1,15,,511902,25,,,1,15,,511806,25,,,1,15,,511782,25,,,1,55,,511899,25,,,1,15,,511858,25,,,1,15,,511828,25,,,1,15,,511777,25,,,1,55,,511794,25,,,1,15,,511920,25,,,1,15,,511871,25,,,1,15,,511837,25,,,1,55,,511887,25,,,1,15,,511872,25,,,1,15,,511836,25,,,1,15,,511893,25,,,1,55,,511797,25,,,1,15,,511868,25,,,1,15,,511803,25,,,1,15,,511931,25,,,1,55,,511911,25,,,1,15,,511838,25,,,1,15,,511881,25,,,1,15,,511885,25,,,1,55,,511841,25,,,1,15,,511917,25,,,1,15,,511906,25,,,1,15,,511927,25,,,1,55,,511817,25,,,1,15,,511808,25,,,1,15,,511830,25,,,1,15,,511853,25,,,1,55,,511918,25,,,1,15,,511912,25,,,1,15,,511864,25,,,1,15,,511778,25,,,1,55,,511810,25,,,1,15,,511869,25,,,1,15,,511854,25,,,1,15,,511791,25,,,1,14,,511776,25,,,1,55,,511781,25,,,1,15,,511921,25,,,1,15,,511826,25,,,1,15,,511916,25,,,1,55,,511900,25,,,1,15,,511771,25,,,1,15,,511865,25,,,1,71,,511926,31,,,0,15,,511780,31,,,1,15,,511784,31,,,1,70,,511855,31,,,1,30,,511856,31,,,1,70,,511843,31,,,1,30,,511756,39,0,142 108,0,70,,511766,39,,,1,30,,511876,39,,,1,70,,511765,39,,,1,30,,511925,39,,,1
7501,'3-1',641,,511979,39,,,1,90,,512005,25,,,1,85,,511946,25,,,1,31,,511974,25,,,1,70,,511989,25,,,1,30,,511944,25,,,1,70,,511996,25,,,1,30,,511948,25,,,1,70,,511945,25,,,1,30,,512011,25,,,1,70,,511980,25,,,1,15,,512016,25,,,1,15,,511994,25,,,1,55,,511941,25,,,1,15,,512000,25,,,1,30,,511962,25,,,1,70,,511956,25,,,1,30,,511959,25,,,1,70,,512012,25,,,1,15,,511950,25,,,1,15,,512015,25,,,1,55,,511943,25,,,1,15,,512010,25,,,1,30,,512017,25,,,1,70,,511993,25,,,1,30,,511972,25,,,1,70,,511986,25,,,1,30,,511985,25,,,1,70,,511968,25,,,1,29,,511957,25,,,1,70,,511947,25,,,1,30,,511937,25,,,1,70,,512007,25,,,1,30,,511958,25,,,1,70,,511963,25,,,1
7501,'4-1',641,,512030,39,,,1,90,,512086,25,,,1,85,,512038,25,,,1,31,,512027,25,,,1,70,,512042,25,,,1,30,,512058,25,,,1,70,,512061,25,,,1,30,,512029,25,,,1,70,,512047,25,,,1,30,,512033,25,,,1,70,,512034,25,,,1,15,,512056,25,,,1,15,,512092,25,,,1,55,,512095,25,,,1,15,,512026,25,,,1,30,,512059,25,,,1,70,,512090,25,,,1,30,,512088,25,,,1,70,,512052,25,,,1,15,,512096,25,,,1,70,,512036,25,,,1,15,,512040,25,,,1,30,,512041,25,,,1,70,,512023,25,,,1,30,,512070,25,,,1,100,,512080,25,,,1,70,,512084,25,,,1,29,,512072,25,,,1,100,,512064,25,,,1,70,,512024,25,,,1,30,,512055,25,,,1,70,,512025,25,,,1
7501,'5-1',526,,512182,39,,,1,79,,512139,25,,,1,29,,512140,25,,,1,72,,512184,25,,,1,30,,512166,25,,,1,73,,512172,25,,,1,25,,512121,25,,,1,75,,512187,25,,,1,29,,512151,25,,,1,17,,512136,25,,,1,55,,512102,25,,,1,15,,512169,25,,,1,15,,512111,25,,,1,15,,512134,25,,,1,55,,512160,25,,,1,15,,512170,25,,,1,15,,512174,25,,,1,15,,512144,25,,,1,55,,512162,25,,,1,15,,512186,25,,,1,15,,512107,25,,,1,70,,512177,25,,,1,30,,512183,25,,,1,70,,512142,25,,,1,30,,512138,25,,,1,16,,512104,25,,,1,55,,512171,25,,,1,14,,512118,25,,,1,15,,512145,25,,,1,62,,512129,25,,,1,18,,512188,25,,,1,15,,512175,25,,,1,15,,512190,25,,,1,55,,512164,25,,,1,9,,512168,25,,,1,13,,512141,25,,,1,15,,512143,25,,,1,14,,512152,25,,,1,56,,512163,25,,,1,14,,512154,25,,,1,13,,512099,25,,,1,9,,512119,25,,,1,55,,512131,25,,,1,14,,512155,25,,,1,15,,512179,25,,,1,68,,512137,25,,,1,30,,512159,25,,,1,71,,512167,25,,,1,29,,512146,25,,,1,70,,512126,25,,,1,30,,512135,25,,,1,76,,512161,25,,,1,30,,512100,25,,,1
7501,'6-1',709,,512204,39,,,1,105,,512226,39,,,1,101,,512240,25,,,1,30,,512194,25,,,1,70,,512201,25,,,1,100,,512237,25,,,1,30,,512205,25,,,1,100,,512206,25,,,1,70,,512215,25,,,1,30,,512221,25,,,1,70,,512214,25,,,1,30,,512191,25,,,1,70,,512222,25,,,1,30,,512216,25,,,1,70,,512227,25,,,1,30,,512260,25,,,1,70,,512209,25,,,1,30,,512245,25,,,1,70,,512246,25,,,1,30,,512236,25,,,1,70,,512217,25,,,1
7501,'7-1',526,,512347,39,,,1,79,,512304,25,,,1,29,,512305,25,,,1,72,,512349,25,,,1,30,,512331,25,,,1,73,,512337,25,,,1,25,,512286,25,,,1,75,,512352,25,,,1,29,,512316,25,,,1,17,,512301,25,,,1,55,,512267,25,,,1,15,,512334,25,,,1,15,,512276,25,,,1,15,,512299,25,,,1,55,,512325,25,,,1,15,,512335,25,,,1,15,,512339,25,,,1,15,,512309,25,,,1,55,,512327,25,,,1,15,,512351,25,,,1,15,,512272,25,,,1,70,,512342,25,,,1,30,,512348,25,,,1,70,,512307,25,,,1,30,,512303,25,,,1,16,,512269,25,,,1,55,,512336,25,,,1,14,,512283,25,,,1,15,,512310,25,,,1,62,,512294,25,,,1,18,,512353,25,,,1,15,,512340,25,,,1,15,,512355,25,,,1,55,,512329,25,,,1,9,,512333,25,,,1,13,,512306,25,,,1,15,,512308,25,,,1,14,,512317,25,,,1,56,,512328,25,,,1,14,,512319,25,,,1,13,,512264,25,,,1,9,,512284,25,,,1,55,,512296,25,,,1,14,,512320,25,,,1,15,,512344,25,,,1,68,,512302,25,,,1,30,,512324,25,,,1,71,,512332,25,,,1,29,,512311,25,,,1,70,,512291,25,,,1,30,,512300,25,,,1,76,,512326,25,,,1,30,,512265,25,,,1
7501,'8-1',526,,512440,39,,,1,79,,512397,25,,,1,29,,512398,25,,,1,72,,512442,25,,,1,30,,512424,25,,,1,73,,512430,25,,,1,25,,512379,25,,,1,75,,512445,25,,,1,29,,512409,25,,,1,17,,512394,25,,,1,55,,512360,25,,,1,15,,512427,25,,,1,15,,512369,25,,,1,15,,512392,25,,,1,55,,512418,25,,,1,15,,512428,25,,,1,15,,512432,25,,,1,15,,512402,25,,,1,55,,512420,25,,,1,15,,512444,25,,,1,15,,512365,25,,,1,70,,512435,25,,,1,30,,512441,25,,,1,70,,512400,25,,,1,30,,512396,25,,,1,16,,512362,25,,,1,55,,512429,25,,,1,14,,512376,25,,,1,15,,512403,25,,,1,62,,512387,25,,,1,18,,512446,25,,,1,15,,512433,25,,,1,15,,512448,25,,,1,55,,512422,25,,,1,9,,512426,25,,,1,13,,512399,25,,,1,15,,512401,25,,,1,14,,512410,25,,,1,56,,512421,25,,,1,14,,512412,25,,,1,13,,512357,25,,,1,9,,512377,25,,,1,55,,512389,25,,,1,14,,512413,25,,,1,15,,512437,25,,,1,68,,512395,25,,,1,30,,512417,25,,,1,71,,512425,25,,,1,29,,512404,25,,,1,70,,512384,25,,,1,30,,512393,25,,,1,76,,512419,25,,,1,30,,512358,25,,,1
7501,'9-1',526,,512533,39,,,1,79,,512490,25,,,1,29,,512491,25,,,1,72,,512535,25,,,1,30,,512517,25,,,1,73,,512523,25,,,1,25,,512472,25,,,1,75,,512538,25,,,1,29,,512502,25,,,1,17,,512487,25,,,1,55,,512453,25,,,1,15,,512520,25,,,1,15,,512462,25,,,1,15,,512485,25,,,1,55,,512511,25,,,1,15,,512521,25,,,1,15,,512525,25,,,1,15,,512495,25,,,1,55,,512513,25,,,1,15,,512537,25,,,1,15,,512458,25,,,1,70,,512528,25,,,1,30,,512534,25,,,1,70,,512493,25,,,1,30,,512489,25,,,1,16,,512455,25,,,1,55,,512522,25,,,1,14,,512469,25,,,1,15,,512496,25,,,1,62,,512480,25,,,1,18,,512539,25,,,1,15,,512526,25,,,1,15,,512541,25,,,1,55,,512515,25,,,1,9,,512519,25,,,1,13,,512492,25,,,1,15,,512494,25,,,1,14,,512503,25,,,1,56,,512514,25,,,1,14,,512505,25,,,1,13,,512450,25,,,1,9,,512470,25,,,1,55,,512482,25,,,1,14,,512506,25,,,1,15,,512530,25,,,1,68,,512488,25,,,1,30,,512510,25,,,1,71,,512518,25,,,1,29,,512497,25,,,1,70,,512477,25,,,1,30,,512486,25,,,1,76,,512512,25,,,1,30,,512451,25,,,1
27501,'1-1',1546,,530026,15,,,1,66,,530027,15,,,1,32,,530025,15,,,1,72,,530021,15,,,1,30,,530022,15,,,1,72,,530023,15,,,1,32,,530024,15,,,1
27501,'5-1',1546,,530033,15,,,1,66,,530034,15,,,1,32,,530032,15,,,1,72,,530028,15,,,1,30,,530029,15,,,1,72,,530030,15,,,1,32,,530031,15,,,1
27501,'7-1',1546,,530040,15,,,1,66,,530041,15,,,1,32,,530039,15,,,1,72,,530035,15,,,1,30,,530036,15,,,1,72,,530037,15,,,1,32,,530038,15,,,1
27501,'8-1',1546,,530047,15,,,1,66,,530048,15,,,1,32,,530046,15,,,1,72,,530042,15,,,1,30,,530043,15,,,1,72,,530044,15,,,1,32,,530045,15,,,1
27501,'9-1',1546,,530054,15,,,1,66,,530055,15,,,1,32,,530053,15,,,1,72,,530049,15,,,1,30,,530050,15,,,1,72,,530051,15,,,1,32,,530052,15,,,1
