1100,'CanDay26-Sunday-12-1',912,,631156,3,,,1,101,,631157,3,,,1,30,,631158,3,,,1,70,,631159,3,,,1,30,,631160,3,,,1,70,,631161,3,,,1,20,,631162,3,,,1,20,,631163,3,,,1,60,,631164,3,,,1,20,,631188,3,,,1,20,,631189,3,,,1,60,,631165,3,,,1,20,,631197,3,,,1,20,,631198,3,,,1,60,,631191,3,,,1,20,,631199,3,,,1,20,,631200,3,,,1,60,,631192,3,,,1,20,,631201,3,,,1,20,,631202,3,,,1,60,,631193,3,,,1,20,,631203,3,,,1,20,,631204,3,,,1,60,,631194,3,,,1,20,,631205,3,,,1,20,,631206,3,,,1,60,,631195,3,,,1,20,,631207,3,,,1,20,,631187,3,,,1,59,,631190,3,,,1,25,,631196,3,,,1
1100,'CivHol26-Saturday-07-1',844,,631233,3,,,1,70,,631234,3,,,1,30,,631235,3,,,1,71,,631236,3,,,1,30,,631237,3,,,1,70,,631238,3,,,1,30,,631239,3,,,1,70,,631240,3,,,1,30,,631241,3,,,1,70,,631242,3,,,1,30,,631243,3,,,1,70,,631244,3,,,1,30,,631245,3,,,1,70,,631246,3,,,1,30,,631247,3,,,1,70,,631248,3,,,1,30,,631249,3,,,1,70,,631250,3,,,1,30,,631251,3,,,1,70,,631252,3,,,1,30,,631253,3,,,1,70,,631254,3,,,1,30,,631255,3,,,1,69,,631256,3,,,1
1100,'JUNDA26-Weekday-06-1',828,,631284,3,,,1,72,,631330,3,,,1,27,,631286,3,,,1,32,,631332,3,,,1,69,,631289,3,,,1,29,,631291,3,,,1,68,,631293,3,,,1,30,,631295,3,,,1,69,,631297,3,,,1,28,,631333,3,,,1,71,,631300,3,,,1,30,,631302,3,,,1,68,,631304,3,,,1,26,,631306,3,,,1,61,,631307,3,,,1,36,,631308,3,,,1,74,,631310,3,,,1,29,,631312,3,,,1,68,,631326,3,,,1,29,,631328,3,,,1,70,,631314,3,,,1,30,,631315,3,,,1,69,,631316,3,,,1,30,,631317,3,,,1,72,,631318,3,,,1,30,,631319,3,,,1,70,,631320,3,,,1
1100,'JUNSA26-Saturday-07-1',844,,631337,3,,,1,70,,631338,3,,,1,101,,631339,3,,,1,30,,631340,3,,,1,70,,631341,3,,,1,30,,631342,3,,,1,70,,631343,3,,,1,30,,631344,3,,,1,70,,631345,3,,,1,30,,631346,3,,,1,70,,631347,3,,,1,30,,631348,3,,,1,70,,631349,3,,,1,30,,631350,3,,,1,100,,631351,3,,,1,100,,631352,3,,,1,70,,631353,3,,,1,100,,631354,3,,,1,99,,631355,3,,,1
1100,'JUNSU26-Sunday-05-1',912,,631372,3,,,1,101,,631373,3,,,1,30,,631374,3,,,1,70,,631375,3,,,1,30,,631376,3,,,1,70,,631377,3,,,1,30,,631378,3,,,1,70,,631379,3,,,1,30,,631380,3,,,1,70,,631381,3,,,1,30,,631382,3,,,1,70,,631383,3,,,1,30,,631384,3,,,1,70,,631385,3,,,1,30,,631386,3,,,1,100,,631387,3,,,1,70,,631388,3,,,1,30,,631389,3,,,1
1100,'RBJul03-Weekday-01-1',828,,631417,3,,,1,72,,631463,3,,,1,27,,631419,3,,,1,32,,631465,3,,,1,69,,631422,3,,,1,29,,631424,3,,,1,68,,631426,3,,,1,30,,631428,3,,,1,69,,631430,3,,,1,28,,631466,3,,,1,71,,631433,3,,,1,30,,631435,3,,,1,68,,631437,3,,,1,26,,631439,3,,,1,61,,631440,3,,,1,36,,631441,3,,,1,74,,631443,3,,,1,29,,631445,3,,,1,68,,631459,3,,,1,29,,631461,3,,,1,70,,631447,3,,,1,30,,631448,3,,,1,69,,631449,3,,,1,30,,631450,3,,,1,72,,631451,3,,,1,30,,631452,3,,,1,70,,631453,3,,,1
5700,'CanDay26-Sunday-12-1',603,,643743,3,,,1,30,,643744,3,,,1,70,,643745,3,,,1,30,,643746,3,0,15 16,1,70,,643747,3,0,15 16,1,30,,643748,3,0,15 16,1,70,,643749,3,0,15 16,1,27,,643753,37,0,15 16,1,101,,643754,37,0,15 16,1,100,,643755,37,0,15 16,1,102,,643756,37,0,15 16,1,100,,643757,37,0,15 16,1,100,,643758,37,0,15 16,1,100,,643759,37,0,15 16,1,98,,643760,37,0,15 16,1,100,,643761,37,0,15 16,1,100,,643762,37,0,15 16,1,98,,643766,37,0,15 16,1,30,,643765,37,0,15 16,1,70,,643767,37,0,15 16,1,74,,643763,3,0,15 16,1,30,,643750,3,0,15 16,1,70,,643751,3,0,15 16,1,30,,643764,3,0,15 16,1,70,,643752,3,,,1,30,,643768,3,,,1,70,,643769,3,,,1,30,,643770,3,,,1,70,,643771,3,,,1,30,,643772,3,,,1,15,,643773,3,,,1,55,,643774,3,,,1,15,,643775,3,,,1,15,,643776,3,,,1,15,,643777,3,,,1
5700,'CivHol26-Saturday-07-1',500,,643778,3,,,1,35,,643779,3,0,15 16,1,70,,643780,3,0,15 16,1,30,,643781,3,0,15 16,1,70,,643782,3,0,15 16,1,30,,643783,3,0,15 16,1,70,,643784,3,0,15 16,1,26,,643787,32,0,15 16,1,99,,643788,37,0,15 16,1,101,,643789,37,0,15 16,1,100,,643790,37,0,15 16,1,102,,643791,37,0,15 16,1,100,,643792,37,0,15 16,1,100,,643793,37,0,15 16,1,100,,643794,37,0,15 16,1,98,,643795,37,0,15 16,1,100,,643796,37,0,15 16,1,100,,643797,37,0,15 16,1,98,,643798,37,0,15 16,1,100,,643799,37,0,15 16,1,100,,643800,37,0,15 16,1,99,,643801,37,0,15 16,1,73,,643785,3,0,15 16,1,30,,643786,3,0,15 16,1
5700,'JUNDA26-Weekday-06-1',500,,643844,3,0,15 16,1,31,,643845,3,0,15 16,1,70,,643846,3,0,15 16,1,15,,643847,3,0,15 16,1,28,,643802,37,0,15 16,1,15,,643852,3,0,15 16,1,56,,643803,37,0,15 16,1,32,,643849,37,0,15 16,1,70,,643804,37,0,15 16,1,31,,643805,37,0,15 16,1,73,,643806,37,0,15 16,1,29,,643807,37,0,15 16,1,70,,643808,37,0,15 16,1,27,,643809,37,0,15 16,1,70,,643810,37,0,15 16,1,31,,643811,37,0,15 16,1,70,,643812,37,0,15 16,1,31,,643813,37,0,15 16,1,70,,643814,37,0,15 16,1,33,,643815,37,0,15 16,1,70,,643816,37,0,15 16,1,30,,643817,37,0,15 16,1,70,,643818,37,0,15 16,1,17,,643819,37,0,15 16,1,16,,643820,37,0,15 16,1,56,,643821,37,0,15 16,1,15,,643822,37,0,15 16,1,12,,643823,37,0,15 16,1,16,,643851,37,0,15 16,1,54,,643824,37,0,15 16,1,17,,643825,37,0,15 16,1,13,,643826,37,0,15 16,1,16,,643848,37,0,15 16,1,56,,643827,37,0,15 16,1,13,,643850,37,0,15 16,1,28,,643828,37,0,15 16,1,70,,643829,37,0,15 16,1,29,,643830,37,0,15 16,1,65,,643831,37,0,15 16,1,30,,643832,37,0,15 16,1,70,,643833,37,0,15 16,1,28,,643834,37,0,15 16,1,69,,643835,37,0,15 16,1,27,,643836,37,0,15 16,1,68,,643837,37,0,15 16,1,33,,643838,37,0,15 16,1,74,,643839,37,0,15 16,1,26,,643840,3,,,1,70,,643841,3,,,1,30,,643842,3,,,1,75,,643843,3,,,1
5700,'JUNSA26-Saturday-07-1',500,,643853,3,,,1,35,,643854,3,0,15 16,1,70,,643855,3,0,15 16,1,30,,643856,3,0,15 16,1,100,,643857,3,0,15 16,1,70,,643858,3,0,15 16,1,26,,643860,32,0,15 16,1,99,,643861,37,0,15 16,1,101,,643862,37,0,15 16,1,100,,643863,37,0,15 16,1,102,,643864,37,0,15 16,1,100,,643865,37,0,15 16,1,100,,643866,37,0,15 16,1,100,,643867,37,0,15 16,1,98,,643868,37,0,15 16,1,100,,643869,37,0,15 16,1,100,,643870,37,0,15 16,1,98,,643871,37,0,15 16,1,100,,643872,37,0,15 16,1,100,,643873,37,0,15 16,1,99,,643874,37,0,15 16,1,103,,643859,3,0,15 16,1
5700,'JUNSU26-Sunday-05-1',603,,643875,3,,,1,30,,643876,3,,,1,70,,643877,3,,,1,30,,643878,3,0,15 16,1,70,,643879,3,0,15 16,1,30,,643880,3,0,15 16,1,70,,643881,3,0,15 16,1,30,,643888,37,0,15 16,1,100,,643889,37,0,15 16,1,101,,643890,37,0,15 16,1,102,,643891,37,0,15 16,1,100,,643892,37,0,15 16,1,100,,643893,37,0,15 16,1,100,,643894,37,0,15 16,1,98,,643895,37,0,15 16,1,100,,643896,37,0,15 16,1,100,,643897,37,0,15 16,1,102,,643882,3,0,15 16,1,70,,643883,3,0,15 16,1,30,,643884,3,0,15 16,1,70,,643898,3,0,15 16,1,30,,643885,3,0,15 16,1,70,,643886,3,0,15 16,1,30,,643899,3,0,15 16,1,70,,643887,3,,,1
5700,'RBJul03-Weekday-01-1',500,,643942,3,0,15 16,1,31,,643943,3,0,15 16,1,70,,643944,3,0,15 16,1,15,,643945,3,0,15 16,1,28,,643900,37,0,15 16,1,15,,643950,3,0,15 16,1,56,,643901,37,0,15 16,1,32,,643947,37,0,15 16,1,70,,643902,37,0,15 16,1,31,,643903,37,0,15 16,1,73,,643904,37,0,15 16,1,29,,643905,37,0,15 16,1,70,,643906,37,0,15 16,1,27,,643907,37,0,15 16,1,70,,643908,37,0,15 16,1,31,,643909,37,0,15 16,1,70,,643910,37,0,15 16,1,31,,643911,37,0,15 16,1,70,,643912,37,0,15 16,1,33,,643913,37,0,15 16,1,70,,643914,37,0,15 16,1,30,,643915,37,0,15 16,1,70,,643916,37,0,15 16,1,17,,643917,37,0,15 16,1,16,,643918,37,0,15 16,1,56,,643919,37,0,15 16,1,15,,643920,37,0,15 16,1,12,,643921,37,0,15 16,1,16,,643949,37,0,15 16,1,54,,643922,37,0,15 16,1,17,,643923,37,0,15 16,1,13,,643924,37,0,15 16,1,16,,643946,37,0,15 16,1,56,,643925,37,0,15 16,1,13,,643948,37,0,15 16,1,28,,643926,37,0,15 16,1,70,,643927,37,0,15 16,1,29,,643928,37,0,15 16,1,65,,643929,37,0,15 16,1,30,,643930,37,0,15 16,1,70,,643931,37,0,15 16,1,28,,643932,37,0,15 16,1,69,,643933,37,0,15 16,1,27,,643934,37,0,15 16,1,68,,643935,37,0,15 16,1,33,,643936,37,0,15 16,1,74,,643937,37,0,15 16,1,26,,643938,3,,,1,70,,643939,3,,,1,30,,643940,3,,,1,75,,643941,3,,,1
5801,'CanDay26-Sunday-12-1',1002,,644328,23,,,1,100,,644330,23,,,1,100,,644332,23,,,1,100,,644334,23,,,1,100,,644336,23,,,1,100,,644338,23,,,1,100,,644340,23,,,1,100,,644342,23,,,1,100,,644344,23,,,1,100,,644346,23,,,1
5801,'CivHol26-Saturday-07-1',851,,644354,23,,,1,100,,644356,23,,,1,100,,644358,23,,,1,100,,644360,23,,,1,100,,644362,23,,,1,100,,644364,23,,,1,100,,644366,23,,,1,100,,644368,23,,,1,100,,644370,23,,,1,100,,644372,23,,,1,100,,644374,23,,,1,100,,644376,23,,,1,100,,644378,23,,,1,100,,644380,23,,,1
5801,'JUNDA26-Weekday-06-1',640,,644382,23,,,1,92,,644383,28,,,1,72,,644384,28,,,1,31,,644385,28,,,1,70,,644386,28,,,1,19,,644387,23,,,1,28,,644388,23,,,1,72,,644389,23,,,1,30,,644390,23,,,1,70,,644391,23,,,1,30,,644392,23,,,1,71,,644393,23,,,1,30,,644394,23,,,1,70,,644395,23,,,1,30,,644396,23,,,1,70,,644397,23,,,1,30,,644414,23,,,1
5801,'JUNSA26-Saturday-07-1',851,,644416,23,,,1,100,,644418,23,,,1,100,,644420,23,,,1,100,,644421,23,,,1,100,,644422,23,,,1,100,,644423,23,,,1,100,,644424,23,,,1,100,,644426,23,,,1,100,,644428,23,,,1,100,,644430,23,,,1,100,,644431,23,,,1,100,,644432,23,,,1,100,,644433,23,,,1,100,,644434,23,,,1
5801,'JUNSU26-Sunday-05-1',1007,,644436,23,,,1,100,,644438,23,,,1,100,,644440,23,,,1,100,,644442,23,,,1,100,,644444,23,,,1,100,,644446,23,,,1,100,,644448,23,,,1,100,,644450,23,,,1,100,,644452,23,,,1,100,,644454,23,,,1
5801,'RBJul03-Weekday-01-1',640,,644456,23,,,1,92,,644457,28,,,1,72,,644458,28,,,1,31,,644459,28,,,1,70,,644460,28,,,1,19,,644461,23,,,1,28,,644462,23,,,1,72,,644463,23,,,1,30,,644464,23,,,1,70,,644465,23,,,1,30,,644466,23,,,1,71,,644467,23,,,1,30,,644468,23,,,1,70,,644469,23,,,1,30,,644470,23,,,1,70,,644471,23,,,1,30,,644488,23,,,1
8100,'CanDay26-Sunday-12-1',727,,649889,3,,,1,30,,649905,3,,,1,70,,649890,3,,,1,30,,649906,3,,,1,70,,649891,3,,,1,30,,649907,3,,,1,70,,649892,3,,,1,30,,649908,3,,,1,70,,649893,3,,,1,30,,649909,3,,,1,70,,649894,3,,,1,30,,649910,3,,,1,70,,649895,3,,,1,30,,649911,3,,,1,70,,649896,3,,,1,30,,649912,3,,,1,70,,649897,3,,,1,30,,649913,3,,,1,70,,649898,3,,,1,30,,649914,3,,,1,70,,649899,3,,,1,30,,649915,3,,,1,70,,649900,3,,,1,100,,649901,3,,,1,100,,649902,3,,,1,100,,649903,3,,,1,100,,649904,3,,,1,100,,649916,3,,,1,100,,649917,3,,,1
8100,'CivHol26-Saturday-07-1',730,,649918,3,,,1,70,,649938,3,,,1,30,,649919,3,,,1,70,,649937,3,,,1,30,,649920,3,,,1,70,,649945,3,,,1,30,,649921,3,,,1,70,,649946,3,,,1,30,,649922,3,,,1,70,,649944,3,,,1,30,,649923,3,,,1,70,,649935,3,,,1,30,,649924,3,,,1,70,,649936,3,,,1,30,,649925,3,,,1,70,,649943,3,,,1,30,,649926,3,,,1,70,,649942,3,,,1,30,,649927,3,,,1,70,,649941,3,,,1,30,,649928,3,,,1,70,,649940,3,,,1,30,,649929,3,,,1,70,,649939,3,,,1,30,,649930,3,,,1,100,,649931,3,,,1,100,,649932,3,,,1,100,,649933,3,,,1,100,,649934,3,,,1
8100,'JUNDA26-Weekday-06-1',533,,649981,3,,,1,75,,649947,3,,,1,30,,649948,3,,,1,69,,649949,3,,,1,26,,649950,3,,,1,75,,649951,3,,,1,30,,649952,3,,,1,70,,649953,3,,,1,30,,649954,3,,,1,70,,649955,3,,,1,30,,649956,3,,,1,70,,649957,3,,,1,30,,649958,3,,,1,70,,649959,3,,,1,30,,649960,3,,,1,70,,649961,3,,,1,30,,649962,3,,,1,71,,649963,3,,,1,31,,649964,3,,,1,70,,649965,3,,,1,33,,649966,3,,,1,70,,649967,3,,,1,31,,649968,3,,,1,99,,649969,3,,,1,66,,649970,3,,,1,26,,649971,3,,,1,70,,649972,3,,,1,30,,649973,3,,,1,70,,649974,3,,,1,29,,649975,3,,,1,70,,649976,3,,,1,30,,649977,3,,,1,70,,649978,3,,,1,100,,649979,3,,,1,49,,649980,3,,,1
8100,'JUNSA26-Saturday-07-1',730,,649982,3,,,1,70,,649996,3,,,1,100,,649995,3,,,1,30,,649983,3,,,1,70,,650003,3,,,1,100,,650004,3,,,1,30,,649984,3,,,1,70,,650002,3,,,1,100,,649993,3,,,1,30,,649985,3,,,1,70,,649994,3,,,1,100,,650001,3,,,1,100,,650000,3,,,1,100,,649999,3,,,1,30,,649986,3,,,1,70,,649998,3,,,1,30,,649987,3,,,1,70,,649997,3,,,1,30,,649988,3,,,1,100,,649989,3,,,1,100,,649990,3,,,1,100,,649991,3,,,1,100,,649992,3,,,1
8100,'JUNSU26-Sunday-05-1',727,,650005,3,,,1,30,,650018,3,,,1,70,,650006,3,,,1,30,,650019,3,,,1,70,,650007,3,,,1,30,,650020,3,,,1,100,,650021,3,,,1,100,,650022,3,,,1,100,,650023,3,,,1,70,,650008,3,,,1,30,,650024,3,,,1,70,,650009,3,,,1,30,,650025,3,,,1,70,,650010,3,,,1,30,,650026,3,,,1,70,,650011,3,,,1,30,,650027,3,,,1,70,,650012,3,,,1,30,,650028,3,,,1,70,,650013,3,,,1,100,,650014,3,,,1,100,,650015,3,,,1,100,,650016,3,,,1,100,,650017,3,,,1
8100,'RBJul03-Weekday-01-1',533,,650063,3,,,1,75,,650029,3,,,1,30,,650030,3,,,1,69,,650031,3,,,1,26,,650032,3,,,1,75,,650033,3,,,1,30,,650034,3,,,1,70,,650035,3,,,1,30,,650036,3,,,1,70,,650037,3,,,1,30,,650038,3,,,1,70,,650039,3,,,1,30,,650040,3,,,1,70,,650041,3,,,1,30,,650042,3,,,1,70,,650043,3,,,1,30,,650044,3,,,1,71,,650045,3,,,1,31,,650046,3,,,1,70,,650047,3,,,1,33,,650048,3,,,1,70,,650049,3,,,1,31,,650050,3,,,1,99,,650051,3,,,1,66,,650052,3,,,1,26,,650053,3,,,1,70,,650054,3,,,1,30,,650055,3,,,1,70,,650056,3,,,1,29,,650057,3,,,1,70,,650058,3,,,1,30,,650059,3,,,1,70,,650060,3,,,1,100,,650061,3,,,1,49,,650062,3,,,1
