800,'CanDay26-Sunday-11-1',922,,453223,3,,,1,30,,453224,3,,,1,70,,453225,3,,,1,30,,453226,3,,,1,70,,453227,3,,,1,30,,453228,3,,,1,70,,453229,3,,,1,30,,453230,3,,,1,70,,453231,3,,,1,30,,453232,3,,,1,70,,453233,3,,,1,30,,453234,3,,,1,70,,453235,3,,,1,30,,453236,3,,,1,70,,453237,3,,,1,30,,453238,3,,,1,70,,453239,3,,,1
800,'CivHol26-Saturday-06-1',912,,453257,3,,,1,30,,453258,3,,,1,70,,453259,3,,,1,30,,453260,3,,,1,70,,453261,3,,,1,30,,453262,3,,,1,70,,453263,3,,,1,30,,453264,3,,,1,70,,453265,3,,,1,30,,453266,3,,,1,70,,453267,3,,,1,30,,453268,3,,,1,70,,453269,3,,,1,30,,453270,3,,,1,70,,453271,3,,,1,30,,453272,3,,,1,70,,453273,3,,,1
800,'JUNSA26-Saturday-06-1',912,,453330,3,,,1,30,,453331,3,,,1,70,,453332,3,,,1,30,,453333,3,,,1,100,,453334,3,,,1,100,,453335,3,,,1,70,,453336,3,,,1,30,,453337,3,,,1,70,,453338,3,,,1,28,,453339,3,,,1,72,,453340,3,,,1,30,,453341,3,,,1,70,,453342,3,,,1,30,,453343,3,,,1,70,,453344,3,,,1
800,'JUNSU26-Sunday-04-1',922,,453361,3,,,1,30,,453362,3,,,1,100,,453363,3,,,1,100,,453364,3,,,1,70,,453365,3,,,1,100,,453366,3,,,1,100,,453367,3,,,1,100,,453368,3,,,1,30,,453369,3,,,1,70,,453370,3,,,1,30,,453371,3,,,1,70,,453372,3,,,1
5600,'CanDay26-Sunday-11-1',724,,463804,14,,,1,100,,463806,14,,,1,101,,463808,14,,,1,101,,463810,14,,,1,100,,463812,14,,,1,100,,463814,14,,,1,100,,463816,14,,,1,100,,463818,14,,,1,101,,463820,14,,,1,100,,463822,14,,,1,99,,463824,14,,,1,100,,463826,14,,,1,98,,463828,14,,,1,100,,463830,14,,,1,100,,463832,14,,,1,84,,463833,14,,,1
5600,'CivHol26-Saturday-06-1',712,,463836,14,,,1,100,,463838,14,,,1,101,,463840,14,,,1,101,,463842,14,,,1,100,,463844,14,,,1,100,,463846,14,,,1,100,,463848,14,,,1,100,,463850,14,,,1,101,,463852,14,,,1,100,,463854,14,,,1,100,,463856,14,,,1,99,,463858,14,,,1,98,,463860,14,,,1,100,,463862,14,,,1,100,,463864,14,,,1,99,,463866,14,,,1
5600,'JUNDA26-Weekday-05-1',607,,463869,14,,,1,27,,463870,14,,,1,77,,463872,14,,,1,34,,463874,14,,,1,72,,463914,14,,,1,30,,463877,14,,,1,70,,463916,14,,,1,25,,463908,14,,,1,70,,463913,14,,,1,431,,463918,14,,,1,15,,463880,14,,,1,73,,463881,14,,,1,15,,463882,14,,,1,66,,463883,14,,,1,13,,463884,14,,,1,16,,463885,14,,,1,15,,463886,14,,,1,70,,463888,14,,,1,22,,463889,14,,,1,69,,463917,14,,,1,30,,463891,14,,,1
5600,'JUNSA26-Saturday-06-1',712,,463919,14,,,1,100,,463921,14,,,1,101,,463923,14,,,1,101,,463925,14,,,1,100,,463927,14,,,1,100,,463929,14,,,1,100,,463931,14,,,1,100,,463933,14,,,1,101,,463935,14,,,1,100,,463937,14,,,1,100,,463939,14,,,1,99,,463941,14,,,1,98,,463943,14,,,1,100,,463945,14,,,1,100,,463947,14,,,1,99,,463949,14,,,1
5600,'JUNSU26-Sunday-04-1',724,,463952,14,,,1,100,,463954,14,,,1,101,,463956,14,,,1,101,,463958,14,,,1,100,,463960,14,,,1,100,,463962,14,,,1,100,,463964,14,,,1,100,,463966,14,,,1,101,,463968,14,,,1,100,,463970,14,,,1,99,,463972,14,,,1,100,,463973,14,,,1,98,,463975,14,,,1,100,,463977,14,,,1,100,,463979,14,,,1,84,,463980,14,,,1
8500,'CanDay26-Sunday-11-1',545,,469564,44,0,105,1,72,,469565,44,0,105,1,30,,469566,44,0,105,1,70,,469567,44,0,105,1,32,,469568,44,0,105,1,70,,469569,44,0,105,1,31,,469570,44,0,105,1,70,,469571,44,0,105,1,21,,469572,44,0,105,1,60,,469593,44,0,105,1,20,,469573,44,0,105,1,22,,469574,44,0,105,1,10,,469597,44,0,105,1,50,,469594,44,0,105,1,10,,469600,44,0,105,1,10,,469575,44,0,105,1,10,,469602,44,0,105,1,11,,469576,44,0,105,1,10,,469598,44,0,105,1,50,,469595,44,0,105,1,10,,469601,44,0,105,1,10,,469577,44,0,105,1,10,,469603,44,0,105,1,10,,469578,44,0,105,1,10,,469599,44,0,105,1,50,,469596,44,0,105,1,10,,469604,44,0,105,1,10,,469615,44,0,105,1,10,,469616,44,0,105,1,10,,469617,44,0,105,1,10,,469618,44,0,105,1,50,,469619,44,0,105,1,10,,469620,44,0,105,1,10,,469621,44,0,105,1,10,,469622,44,0,105,1,10,,469623,44,0,105,1,10,,469624,44,0,105,1,50,,469625,44,0,105,1,10,,469626,44,0,105,1,10,,469627,44,0,105,1,10,,469628,44,0,105,1,10,,469629,44,0,105,1,10,,469630,44,0,105,1,50,,469631,44,0,105,1,10,,469632,44,0,105,1,10,,469633,44,0,105,1,10,,469634,44,0,105,1,10,,469635,44,0,105,1,10,,469636,44,0,105,1,50,,469637,44,0,105,1,10,,469638,44,0,105,1,10,,469639,44,0,105,1,10,,469640,44,0,105,1,10,,469579,44,0,105,1,10,,469605,44,0,105,1,50,,469580,44,0,105,1,10,,469606,44,0,105,1,10,,469607,44,0,105,1,10,,469581,44,0,105,1,9,,469608,44,0,105,1,10,,469609,44,0,105,1,50,,469582,44,0,105,1,10,,469610,44,0,105,1,15,,469583,44,0,105,1,15,,469611,44,0,105,1,12,,469584,44,0,105,1,55,,469612,44,0,105,1,15,,469585,44,0,105,1,15,,469613,44,0,105,1,15,,469586,44,0,105,1,70,,469587,44,0,105,1,30,,469588,44,0,105,1,70,,469589,44,0,105,1,30,,469590,44,0,105,1,68,,469591,44,0,105,1,80,,469592,44,0,105,1,30,,469614,44,0,105,1
8500,'CivHol26-Saturday-06-1',537,,469641,44,,,1,71,,469642,44,,,1,30,,469643,44,,,1,70,,469644,44,,,1,32,,469645,44,,,1,70,,469646,44,,,1,31,,469647,44,,,1,70,,469648,44,,,1,31,,469649,44,,,1,59,,469650,44,,,1,15,,469651,44,,,1,15,,469652,44,,,1,17,,469653,44,,,1,55,,469654,44,,,1,15,,469655,44,,,1,15,,469656,44,,,1,16,,469657,44,,,1,55,,469658,44,,,1,15,,469659,44,,,1,15,,469660,44,,,1,15,,469661,44,,,1,55,,469662,44,,,1,15,,469663,44,,,1,15,,469664,44,,,1,15,,469665,44,,,1,55,,469666,44,,,1,15,,469667,44,,,1,15,,469668,44,,,1,15,,469669,44,,,1,55,,469670,44,,,1,15,,469671,44,,,1,15,,469672,44,,,1,15,,469673,44,,,1,55,,469674,44,,,1,15,,469675,44,,,1,15,,469676,44,,,1,15,,469677,44,,,1,55,,469678,44,,,1,15,,469679,44,,,1,15,,469680,44,,,1,15,,469681,44,,,1,57,,469682,44,,,1,29,,469683,44,,,1,70,,469684,44,,,1,30,,469685,44,,,1,67,,469686,44,,,1,30,,469687,44,,,1,70,,469688,44,,,1,30,,469689,44,,,1,70,,469690,44,,,1,30,,469691,44,,,1,70,,469692,44,,,1,28,,469693,44,,,1,70,,469694,44,,,1,30,,469695,44,,,1
8500,'JUNDA26-Weekday-05-1',443,,469696,44,,,1,76,,469697,44,,,1,30,,469698,44,,,1,60,,469699,44,,,1,15,,469700,44,,,1,18,,469701,44,,,1,15,,469702,44,,,1,55,,469703,44,,,1,16,,469704,44,,,1,15,,469758,44,,,1,58,,469705,44,,,1,17,,469706,44,,,1,16,,469707,44,,,1,15,,469708,44,,,1,55,,469709,44,,,1,13,,469710,44,,,1,14,,469711,44,,,1,15,,469712,44,,,1,55,,469713,44,,,1,15,,469714,44,,,1,15,,469715,44,,,1,15,,469716,44,,,1,55,,469717,44,,,1,15,,469718,44,,,1,15,,469719,44,,,1,15,,469720,44,,,1,55,,469721,44,,,1,15,,469722,44,,,1,15,,469723,44,,,1,15,,469724,44,,,1,55,,469725,44,,,1,15,,469726,44,,,1,15,,469727,44,,,1,15,,469728,44,,,1,55,,469729,44,,,1,15,,469730,44,,,1,18,,469731,44,,,1,15,,469732,44,,,1,71,,469759,44,,,1,15,,469733,44,,,1,17,,469734,44,,,1,56,,469735,44,,,1,29,,469736,44,,,1,14,,469737,44,,,1,55,,469738,44,,,1,15,,469739,44,,,1,16,,469740,44,,,1,13,,469757,44,,,1,55,,469760,44,,,1,12,,469741,44,,,1,15,,469742,44,,,1,11,,469743,44,,,1,14,,469744,44,,,1,72,,469745,44,,,1,29,,469746,44,,,1,70,,469747,44,,,1,30,,469748,44,,,1,69,,469749,44,,,1,29,,469750,44,,,1,69,,469751,44,,,1,27,,469752,44,,,1,70,,469753,44,,,1,29,,469754,44,,,1,70,,469755,44,,,1,79,,469756,44,,,1
8500,'JUNSA26-Saturday-06-1',537,,469761,44,,,1,71,,469762,44,,,1,100,,469763,44,,,1,32,,469764,44,,,1,70,,469765,44,,,1,101,,469766,44,,,1,31,,469767,44,,,1,59,,469768,44,,,1,15,,469769,44,,,1,15,,469770,44,,,1,72,,469771,44,,,1,15,,469772,44,,,1,15,,469773,44,,,1,71,,469774,44,,,1,15,,469775,44,,,1,15,,469776,44,,,1,15,,469777,44,,,1,70,,469778,44,,,1,15,,469779,44,,,1,15,,469780,44,,,1,55,,469781,44,,,1,30,,469782,44,,,1,70,,469783,44,,,1,15,,469784,44,,,1,15,,469785,44,,,1,15,,469786,44,,,1,70,,469787,44,,,1,30,,469788,44,,,1,70,,469789,44,,,1,15,,469790,44,,,1,15,,469791,44,,,1,57,,469792,44,,,1,29,,469793,44,,,1,70,,469794,44,,,1,30,,469795,44,,,1,67,,469796,44,,,1,30,,469797,44,,,1,100,,469798,44,,,1,70,,469799,44,,,1,100,,469800,44,,,1,28,,469801,44,,,1,70,,469802,44,,,1,30,,469803,44,,,1
8500,'JUNSU26-Sunday-04-1',542,,469804,44,,,1,72,,469805,44,,,1,30,,469806,44,,,1,70,,469807,44,,,1,32,,469808,44,,,1,70,,469809,44,,,1,31,,469810,44,,,1,70,,469811,44,,,1,21,,469812,44,,,1,20,,469842,44,,,1,82,,469813,44,,,1,60,,469843,44,,,1,20,,469814,44,,,1,21,,469815,44,,,1,60,,469844,44,,,1,20,,469816,44,,,1,20,,469817,44,,,1,60,,469845,44,,,1,20,,469818,44,,,1,35,,469846,44,,,1,55,,469819,44,,,1,15,,469820,44,,,1,15,,469821,44,,,1,15,,469847,44,,,1,55,,469822,44,,,1,15,,469823,44,,,1,15,,469824,44,,,1,70,,469825,44,,,1,15,,469826,44,,,1,15,,469827,44,,,1,15,,469848,44,,,1,58,,469828,44,,,1,18,,469829,44,,,1,69,,469830,44,,,1,29,,469831,44,,,1,29,,469832,44,,,1,70,,469833,44,,,1,27,,469834,44,,,1,70,,469835,44,,,1,30,,469836,44,,,1,100,,469837,44,,,1,70,,469838,44,,,1,30,,469839,44,,,1,68,,469840,44,,,1,79,,469841,44,,,1
