27900,'1-1',616,,530118,9,,,1,102,,530119,9,,,1,101,,530117,9,,,1
27900,'5-1',616,,530122,9,,,1,102,,530123,9,,,1,101,,530121,9,,,1
27900,'7-1',616,,530126,9,,,1,102,,530127,9,,,1,101,,530125,9,,,1
27900,'8-1',616,,530130,9,,,1,102,,530131,9,,,1,101,,530129,9,,,1
27900,'9-1',616,,530134,9,,,1,102,,530135,9,,,1,101,,530133,9,,,1
27901,'1-1',1601,,530136,28,,,1,102,,530139,28,,,1,100,,530137,28,,,1,99,,530138,28,,,1
27901,'5-1',1601,,530140,28,,,1,102,,530143,28,,,1,100,,530141,28,,,1,99,,530142,28,,,1
27901,'7-1',1601,,530144,28,,,1,102,,530147,28,,,1,100,,530145,28,,,1,99,,530146,28,,,1
27901,'8-1',1601,,530148,28,,,1,102,,530151,28,,,1,100,,530149,28,,,1,99,,530150,28,,,1
27901,'9-1',1601,,530152,28,,,1,102,,530155,28,,,1,100,,530153,28,,,1,99,,530154,28,,,1
29900,'1-1',622,,530236,9,,,1,94,,530237,9,,,1
29900,'5-1',622,,530238,9,,,1,94,,530239,9,,,1
29900,'7-1',622,,530240,9,,,1,94,,530241,9,,,1
29900,'8-1',622,,530242,9,,,1,94,,530243,9,,,1
29900,'9-1',622,,530244,9,,,1,94,,530245,9,,,1
29901,'1-1',1732,,530247,28,,,1,80,,530246,28,,,1
29901,'5-1',1732,,530249,28,,,1,80,,530248,28,,,1
29901,'7-1',1732,,530251,28,,,1,80,,530250,28,,,1
29901,'8-1',1732,,530253,28,,,1,80,,530252,28,,,1
29901,'9-1',1732,,530255,28,,,1,80,,530254,28,,,1
30500,'5-1',1006,,530270,17,,,1
30501,'5-1',1511,,530271,45,,,1
