3900,'1-1',356,,769721,24,,,1,64,,769776,28,,,1,31,,769761,28,,,1,70,,769756,28,,,1,30,,769737,28,,,1,70,,769711,28,,,1,2016,,769708,24,,,1,70,,769735,24,,,1,30,,769779,24,,,1
3900,'10-1',409,,769847,28,,,1,30,,769799,28,,,1,71,,769812,28,,,1,30,,769841,28,,,1,70,,769785,28,,,1,30,,769845,28,,,1,70,,769794,28,,,1,26,,769798,24,,,1,70,,769796,24,,,1,1539,,769790,24,,,1,66,,769810,24,,,1,30,,769802,24,,,1,70,,769789,24,,,1,30,,769804,24,,,1,70,,769854,24,,,1,30,,769826,24,,,1,70,,769818,24,,,1,30,,769788,24,,,1
3900,'11-1',405,,769889,28,,,1,25,,769860,28,,,1,28,,769906,28,,,1,2090,,769877,29,,,1,70,,769920,29,,,1,30,,769938,29,,,1,71,,769869,29,,,1
3900,'12-1',409,,770005,28,,,1,30,,769957,28,,,1,71,,769970,28,,,1,30,,769999,28,,,1,70,,769943,28,,,1,30,,770003,28,,,1,70,,769952,28,,,1,26,,769956,24,,,1,70,,769954,24,,,1,1539,,769948,24,,,1,66,,769968,24,,,1,30,,769960,24,,,1,70,,769947,24,,,1,30,,769962,24,,,1,70,,770012,24,,,1,30,,769984,24,,,1,70,,769976,24,,,1,30,,769946,24,,,1
3900,'2-1',409,,770080,28,,,1,30,,770032,28,,,1,71,,770045,28,,,1,30,,770074,28,,,1,70,,770018,28,,,1,30,,770078,28,,,1,70,,770027,28,,,1,26,,770031,24,,,1,70,,770029,24,,,1,1539,,770023,24,,,1,66,,770043,24,,,1,30,,770035,24,,,1,70,,770022,24,,,1,30,,770037,24,,,1,70,,770087,24,,,1,30,,770059,24,,,1,70,,770051,24,,,1,30,,770021,24,,,1
3900,'3-1',405,,770122,28,,,1,25,,770093,28,,,1,28,,770139,28,,,1,2090,,770110,29,,,1,70,,770153,29,,,1,30,,770171,29,,,1,71,,770102,29,,,1
3900,'4-1',405,,770205,28,,,1,25,,770176,28,,,1,28,,770222,28,,,1,2090,,770193,29,,,1,70,,770236,29,,,1,30,,770254,29,,,1,71,,770185,29,,,1
3900,'5-1',405,,770288,28,,,1,25,,770259,28,,,1,28,,770305,28,,,1,2090,,770276,29,,,1,70,,770319,29,,,1,30,,770337,29,,,1,71,,770268,29,,,1
3900,'6-1',409,,770372,28,,,1,30,,770384,28,,,1,71,,770353,28,,,1,30,,770377,28,,,1,70,,770349,28,,,1,30,,770381,28,,,1,70,,770393,28,,,1,26,,770401,24,,,1,70,,770367,24,,,1,1539,,770375,24,,,1,66,,770386,24,,,1,30,,770370,24,,,1,70,,770356,24,,,1,30,,770385,24,,,1,70,,770357,24,,,1,30,,770404,24,,,1,70,,770398,24,,,1,30,,770382,24,,,1
3900,'7-1',409,,770447,28,,,1,30,,770459,28,,,1,71,,770428,28,,,1,30,,770452,28,,,1,70,,770424,28,,,1,30,,770456,28,,,1,70,,770468,28,,,1,26,,770476,24,,,1,70,,770442,24,,,1,1539,,770450,24,,,1,66,,770461,24,,,1,30,,770445,24,,,1,70,,770431,24,,,1,30,,770460,24,,,1,70,,770432,24,,,1,30,,770479,24,,,1,70,,770473,24,,,1,30,,770457,24,,,1
3900,'8-1',405,,770521,28,,,1,25,,770492,28,,,1,28,,770538,28,,,1,2090,,770509,29,,,1,70,,770552,29,,,1,30,,770570,29,,,1,71,,770501,29,,,1
3900,'9-1',356,,770628,24,,,1,64,,770633,28,,,1,31,,770634,28,,,1,70,,770643,28,,,1,30,,770582,28,,,1,70,,770603,28,,,1,2016,,770631,24,,,1,70,,770577,24,,,1,30,,770588,24,,,1
4501,'1-1',417,,776455,13,0,66 67,1,100,,776438,13,0,66 67,1,30,,776437,13,0,66 67,1,2071,,776448,13,0,66 67,1,100,,776434,13,0,66 67,1
4501,'10-1',428,,776503,13,0,66 67,1,100,,776512,13,0,66 67,1,101,,776500,13,0,66 67,1,30,,776486,13,0,66 67,1,70,,776476,13,0,66 67,1,30,,776504,13,0,66 67,1,1570,,776495,13,0,66 67,1,30,,776473,13,0,66 67,1,70,,776483,13,0,66 67,1,30,,776506,13,0,66 67,1,70,,776511,13,0,66 67,1,100,,776499,13,0,66 67,1,100,,776514,13,0,66 67,1
4501,'11-1',437,,776522,13,0,66 67,1,2086,,776581,13,0,66 67,1,97,,776563,13,0,66 67,1,99,,776565,13,0,66 67,1
4501,'12-1',428,,776619,13,0,66 67,1,100,,776628,13,0,66 67,1,101,,776616,13,0,66 67,1,30,,776602,13,0,66 67,1,70,,776592,13,0,66 67,1,30,,776620,13,0,66 67,1,1570,,776611,13,0,66 67,1,30,,776589,13,0,66 67,1,70,,776599,13,0,66 67,1,30,,776622,13,0,66 67,1,70,,776627,13,0,66 67,1,100,,776615,13,0,66 67,1,100,,776630,13,0,66 67,1
4501,'2-1',428,,776662,13,0,66 67,1,100,,776671,13,0,66 67,1,101,,776659,13,0,66 67,1,30,,776645,13,0,66 67,1,70,,776635,13,0,66 67,1,30,,776663,13,0,66 67,1,1570,,776654,13,0,66 67,1,30,,776632,13,0,66 67,1,70,,776642,13,0,66 67,1,30,,776665,13,0,66 67,1,70,,776670,13,0,66 67,1,100,,776658,13,0,66 67,1,100,,776673,13,0,66 67,1
4501,'3-1',437,,776681,13,0,66 67,1,2086,,776740,13,0,66 67,1,97,,776722,13,0,66 67,1,99,,776724,13,0,66 67,1
4501,'4-1',437,,776754,13,0,66 67,1,2086,,776813,13,0,66 67,1,97,,776795,13,0,66 67,1,99,,776797,13,0,66 67,1
4501,'5-1',437,,776827,13,0,66 67,1,2086,,776886,13,0,66 67,1,97,,776868,13,0,66 67,1,99,,776870,13,0,66 67,1
4501,'6-1',428,,776898,13,0,66 67,1,100,,776911,13,0,66 67,1,101,,776934,13,0,66 67,1,30,,776900,13,0,66 67,1,70,,776919,13,0,66 67,1,30,,776926,13,0,66 67,1,1570,,776901,13,0,66 67,1,30,,776907,13,0,66 67,1,70,,776915,13,0,66 67,1,30,,776927,13,0,66 67,1,70,,776923,13,0,66 67,1,100,,776931,13,0,66 67,1,100,,776916,13,0,66 67,1
4501,'7-1',428,,776941,13,0,66 67,1,100,,776954,13,0,66 67,1,101,,776977,13,0,66 67,1,30,,776943,13,0,66 67,1,70,,776962,13,0,66 67,1,30,,776969,13,0,66 67,1,1570,,776944,13,0,66 67,1,30,,776950,13,0,66 67,1,70,,776958,13,0,66 67,1,30,,776970,13,0,66 67,1,70,,776966,13,0,66 67,1,100,,776974,13,0,66 67,1,100,,776959,13,0,66 67,1
4501,'8-1',437,,776986,13,0,66 67,1,2086,,777045,13,0,66 67,1,97,,777027,13,0,66 67,1,99,,777029,13,0,66 67,1
4501,'9-1',417,,777077,13,0,66 67,1,100,,777072,13,0,66 67,1,30,,777089,13,0,66 67,1,2071,,777079,13,0,66 67,1,100,,777075,13,0,66 67,1
5600,'1-1',729,,780123,36,,,1,100,,780113,36,,,1,101,,780128,36,,,1,102,,780115,36,,,1,100,,780110,36,,,1,100,,780121,36,,,1,100,,780129,36,,,1,100,,780108,36,,,1,101,,780137,36,,,1,100,,780116,36,,,1,100,,780120,36,,,1,98,,780135,36,,,1,98,,780119,36,,,1,100,,780127,36,,,1,100,,780106,36,,,1,99,,780125,36,,,1
5600,'10-1',741,,780149,36,,,1,100,,780162,36,,,1,101,,780161,36,,,1,102,,780152,36,,,1,100,,780154,36,,,1,100,,780157,36,,,1,100,,780158,36,,,1,100,,780166,36,,,1,101,,780159,36,,,1,100,,780160,36,,,1,99,,780146,36,,,1,99,,780168,36,,,1,98,,780141,36,,,1,100,,780151,36,,,1,100,,780156,36,,,1,84,,780150,36,,,1
5600,'11-1',623,,780203,36,,,1,27,,780173,36,,,1,77,,780180,36,,,1,78,,780215,36,,,1,32,,780221,36,,,1,71,,780209,36,,,1,30,,780181,36,,,1,64,,780194,36,,,1,28,,780206,36,,,1,470,,780219,36,,,1,20,,780218,36,,,1,34,,780207,36,,,1,55,,780177,36,,,1,20,,780182,36,,,1,11,,780210,36,,,1,12,,780208,36,,,1,53,,780204,36,,,1,15,,780190,36,,,1,30,,780186,36,,,1,58,,780176,36,,,1,28,,780199,36,,,1,70,,780171,36,,,1
5600,'12-1',741,,780232,36,,,1,100,,780245,36,,,1,101,,780244,36,,,1,102,,780235,36,,,1,100,,780237,36,,,1,100,,780240,36,,,1,100,,780241,36,,,1,100,,780249,36,,,1,101,,780242,36,,,1,100,,780243,36,,,1,99,,780229,36,,,1,99,,780251,36,,,1,98,,780224,36,,,1,100,,780234,36,,,1,100,,780239,36,,,1,84,,780233,36,,,1
5600,'2-1',741,,780264,36,,,1,100,,780277,36,,,1,101,,780276,36,,,1,102,,780267,36,,,1,100,,780269,36,,,1,100,,780272,36,,,1,100,,780273,36,,,1,100,,780281,36,,,1,101,,780274,36,,,1,100,,780275,36,,,1,99,,780261,36,,,1,99,,780283,36,,,1,98,,780256,36,,,1,100,,780266,36,,,1,100,,780271,36,,,1,84,,780265,36,,,1
5600,'3-1',623,,780318,36,,,1,27,,780288,36,,,1,77,,780295,36,,,1,78,,780330,36,,,1,32,,780336,36,,,1,71,,780324,36,,,1,30,,780296,36,,,1,64,,780309,36,,,1,28,,780321,36,,,1,470,,780334,36,,,1,20,,780333,36,,,1,34,,780322,36,,,1,55,,780292,36,,,1,20,,780297,36,,,1,11,,780325,36,,,1,12,,780323,36,,,1,53,,780319,36,,,1,15,,780305,36,,,1,30,,780301,36,,,1,58,,780291,36,,,1,28,,780314,36,,,1,70,,780286,36,,,1
5600,'4-1',623,,780369,36,,,1,27,,780339,36,,,1,77,,780346,36,,,1,78,,780381,36,,,1,32,,780387,36,,,1,71,,780375,36,,,1,30,,780347,36,,,1,64,,780360,36,,,1,28,,780372,36,,,1,470,,780385,36,,,1,20,,780384,36,,,1,34,,780373,36,,,1,55,,780343,36,,,1,20,,780348,36,,,1,11,,780376,36,,,1,12,,780374,36,,,1,53,,780370,36,,,1,15,,780356,36,,,1,30,,780352,36,,,1,58,,780342,36,,,1,28,,780365,36,,,1,70,,780337,36,,,1
5600,'5-1',623,,780420,36,,,1,27,,780390,36,,,1,77,,780397,36,,,1,78,,780432,36,,,1,32,,780438,36,,,1,71,,780426,36,,,1,30,,780398,36,,,1,64,,780411,36,,,1,28,,780423,36,,,1,470,,780436,36,,,1,20,,780435,36,,,1,34,,780424,36,,,1,55,,780394,36,,,1,20,,780399,36,,,1,11,,780427,36,,,1,12,,780425,36,,,1,53,,780421,36,,,1,15,,780407,36,,,1,30,,780403,36,,,1,58,,780393,36,,,1,28,,780416,36,,,1,70,,780388,36,,,1
5600,'6-1',741,,780452,36,,,1,100,,780470,36,,,1,101,,780459,36,,,1,102,,780447,36,,,1,100,,780448,36,,,1,100,,780463,36,,,1,100,,780444,36,,,1,100,,780439,36,,,1,101,,780443,36,,,1,100,,780458,36,,,1,99,,780453,36,,,1,99,,780469,36,,,1,98,,780460,36,,,1,100,,780451,36,,,1,100,,780445,36,,,1,84,,780440,36,,,1
5600,'7-1',741,,780484,36,,,1,100,,780502,36,,,1,101,,780491,36,,,1,102,,780479,36,,,1,100,,780480,36,,,1,100,,780495,36,,,1,100,,780476,36,,,1,100,,780471,36,,,1,101,,780475,36,,,1,100,,780490,36,,,1,99,,780485,36,,,1,99,,780501,36,,,1,98,,780492,36,,,1,100,,780483,36,,,1,100,,780477,36,,,1,84,,780472,36,,,1
5600,'8-1',623,,780535,36,,,1,27,,780505,36,,,1,77,,780512,36,,,1,78,,780547,36,,,1,32,,780553,36,,,1,71,,780541,36,,,1,30,,780513,36,,,1,64,,780526,36,,,1,28,,780538,36,,,1,470,,780551,36,,,1,20,,780550,36,,,1,34,,780539,36,,,1,55,,780509,36,,,1,20,,780514,36,,,1,11,,780542,36,,,1,12,,780540,36,,,1,53,,780536,36,,,1,15,,780522,36,,,1,30,,780518,36,,,1,58,,780508,36,,,1,28,,780531,36,,,1,70,,780503,36,,,1
5600,'9-1',729,,780566,36,,,1,100,,780580,36,,,1,101,,780584,36,,,1,102,,780575,36,,,1,100,,780560,36,,,1,100,,780573,36,,,1,100,,780557,36,,,1,100,,780569,36,,,1,101,,780562,36,,,1,100,,780586,36,,,1,100,,780574,36,,,1,98,,780582,36,,,1,98,,780561,36,,,1,100,,780581,36,,,1,100,,780559,36,,,1,99,,780558,36,,,1
10501,'1-1',403,,804232,29,0,66 67,1,25,,804214,29,0,66 67,1,30,,804224,29,0,66 67,1,70,,804238,29,0,66 67,1,30,,804198,29,0,66 67,1,2067,,804227,29,0,66 67,1,30,,804202,29,0,66 67,1,70,,804194,29,0,66 67,1
10501,'10-1',350,,804245,29,0,66 67,1,70,,804278,29,0,66 67,1,30,,804246,29,0,66 67,1,70,,804287,29,0,66 67,1,30,,804281,29,0,66 67,1,70,,804270,29,0,66 67,1,30,,804280,29,0,66 67,1,70,,804260,29,0,66 67,1,30,,804258,29,0,66 67,1,1575,,804273,29,0,66 67,1,30,,804275,29,0,66 67,1,70,,804283,29,0,66 67,1,30,,804268,29,0,66 67,1,70,,804253,29,0,66 67,1,30,,804272,29,0,66 67,1,70,,804271,29,0,66 67,1,30,,804286,29,0,66 67,1,70,,804282,29,0,66 67,1
10501,'11-1',352,,804321,29,0,66 67,1,68,,804305,29,0,66 67,1,30,,804297,29,0,66 67,1,2089,,804323,29,0,66 67,1,72,,804334,29,0,66 67,1,33,,804322,29,0,66 67,1,70,,804318,29,0,66 67,1
10501,'12-1',350,,804342,29,0,66 67,1,70,,804375,29,0,66 67,1,30,,804343,29,0,66 67,1,70,,804384,29,0,66 67,1,30,,804378,29,0,66 67,1,70,,804367,29,0,66 67,1,30,,804377,29,0,66 67,1,70,,804357,29,0,66 67,1,30,,804355,29,0,66 67,1,1575,,804370,29,0,66 67,1,30,,804372,29,0,66 67,1,70,,804380,29,0,66 67,1,30,,804365,29,0,66 67,1,70,,804350,29,0,66 67,1,30,,804369,29,0,66 67,1,70,,804368,29,0,66 67,1,30,,804383,29,0,66 67,1,70,,804379,29,0,66 67,1
10501,'2-1',350,,804391,29,0,66 67,1,70,,804424,29,0,66 67,1,30,,804392,29,0,66 67,1,70,,804433,29,0,66 67,1,30,,804427,29,0,66 67,1,70,,804416,29,0,66 67,1,30,,804426,29,0,66 67,1,70,,804406,29,0,66 67,1,30,,804404,29,0,66 67,1,1575,,804419,29,0,66 67,1,30,,804421,29,0,66 67,1,70,,804429,29,0,66 67,1,30,,804414,29,0,66 67,1,70,,804399,29,0,66 67,1,30,,804418,29,0,66 67,1,70,,804417,29,0,66 67,1,30,,804432,29,0,66 67,1,70,,804428,29,0,66 67,1
10501,'3-1',352,,804467,29,0,66 67,1,68,,804451,29,0,66 67,1,30,,804443,29,0,66 67,1,2089,,804469,29,0,66 67,1,72,,804480,29,0,66 67,1,33,,804468,29,0,66 67,1,70,,804464,29,0,66 67,1
10501,'4-1',352,,804515,29,0,66 67,1,68,,804499,29,0,66 67,1,30,,804491,29,0,66 67,1,2089,,804517,29,0,66 67,1,72,,804528,29,0,66 67,1,33,,804516,29,0,66 67,1,70,,804512,29,0,66 67,1
10501,'5-1',352,,804563,29,0,66 67,1,68,,804547,29,0,66 67,1,30,,804539,29,0,66 67,1,2089,,804565,29,0,66 67,1,72,,804576,29,0,66 67,1,33,,804564,29,0,66 67,1,70,,804560,29,0,66 67,1
10501,'6-1',350,,804609,29,0,66 67,1,70,,804598,29,0,66 67,1,30,,804607,29,0,66 67,1,70,,804581,29,0,66 67,1,30,,804610,29,0,66 67,1,70,,804588,29,0,66 67,1,30,,804578,29,0,66 67,1,70,,804612,29,0,66 67,1,30,,804580,29,0,66 67,1,1575,,804604,29,0,66 67,1,30,,804592,29,0,66 67,1,70,,804620,29,0,66 67,1,30,,804584,29,0,66 67,1,70,,804605,29,0,66 67,1,30,,804586,29,0,66 67,1,70,,804585,29,0,66 67,1,30,,804623,29,0,66 67,1,70,,804625,29,0,66 67,1
10501,'7-1',350,,804658,29,0,66 67,1,70,,804647,29,0,66 67,1,30,,804656,29,0,66 67,1,70,,804630,29,0,66 67,1,30,,804659,29,0,66 67,1,70,,804637,29,0,66 67,1,30,,804627,29,0,66 67,1,70,,804661,29,0,66 67,1,30,,804629,29,0,66 67,1,1575,,804653,29,0,66 67,1,30,,804641,29,0,66 67,1,70,,804669,29,0,66 67,1,30,,804633,29,0,66 67,1,70,,804654,29,0,66 67,1,30,,804635,29,0,66 67,1,70,,804634,29,0,66 67,1,30,,804672,29,0,66 67,1,70,,804674,29,0,66 67,1
10501,'8-1',352,,804709,29,0,66 67,1,68,,804693,29,0,66 67,1,30,,804685,29,0,66 67,1,2089,,804711,29,0,66 67,1,72,,804722,29,0,66 67,1,33,,804710,29,0,66 67,1,70,,804706,29,0,66 67,1
10501,'9-1',403,,804729,29,0,66 67,1,25,,804731,29,0,66 67,1,30,,804736,29,0,66 67,1,70,,804763,29,0,66 67,1,30,,804746,29,0,66 67,1,2067,,804751,29,0,66 67,1,30,,804765,29,0,66 67,1,70,,804744,29,0,66 67,1
