5101,'CanDay26-Sunday-12-1',851,,642659,11,,,1,70,,642660,11,,,1,31,,642661,11,,,1,70,,642662,11,,,1,30,,642663,11,,,1,70,,642664,11,,,1,30,,642665,11,,,1,70,,642666,11,,,1,30,,642667,11,,,1,70,,642668,11,,,1,30,,642669,11,,,1,70,,642670,11,,,1,30,,642671,11,,,1,70,,642672,11,,,1,30,,642673,11,,,1,70,,642674,11,,,1,30,,642675,11,,,1,70,,642676,11,,,1,30,,642677,11,,,1,70,,642678,11,,,1,30,,642679,11,,,1,70,,642680,11,,,1,29,,642681,11,,,1,70,,642682,11,0,79,1,30,,642683,11,,,1,70,,642687,11,0,79,1,30,,642684,11,,,1,100,,642685,11,,,1,100,,642686,11,,,1,100,,642688,11,,,1
5101,'CivHol26-Saturday-07-1',727,,642689,11,,,1,100,,642690,11,,,1,30,,642691,11,,,1,70,,642692,11,,,1,31,,642693,11,,,1,70,,642694,11,,,1,30,,642695,11,,,1,70,,642696,11,,,1,30,,642697,11,,,1,70,,642698,11,,,1,30,,642699,11,,,1,70,,642700,11,,,1,30,,642701,11,,,1,70,,642702,11,,,1,30,,642703,11,,,1,70,,642704,11,,,1,30,,642705,11,,,1,70,,642706,11,,,1,30,,642707,11,,,1,70,,642708,11,,,1,31,,642709,11,,,1,70,,642710,11,0,56 57,1,30,,642711,11,,,1,70,,642712,11,0,56 57,1,29,,642713,11,,,1,70,,642714,11,0,56 57,1,30,,642715,11,,,1,70,,642716,11,0,56 57,1,30,,642717,11,,,1,100,,642718,11,,,1,100,,642719,11,,,1
5101,'JUNDA26-Weekday-06-1',656,,642720,11,,,1,70,,642721,11,,,1,32,,642750,11,,,1,71,,642722,11,,,1,30,,642723,11,,,1,66,,642724,11,,,1,30,,642725,11,,,1,70,,642726,11,,,1,30,,642727,11,,,1,71,,642728,11,,,1,30,,642729,11,,,1,70,,642730,11,,,1,30,,642731,11,,,1,70,,642732,11,,,1,30,,642733,11,,,1,70,,642734,11,,,1,27,,642735,11,,,1,71,,642736,11,,,1,30,,642737,11,,,1,73,,642749,11,,,1,30,,642738,11,,,1,70,,642739,11,,,1,99,,642740,11,,,1,29,,642741,11,,,1,70,,642742,11,,,1,30,,642743,11,,,1,69,,642744,11,,,1,30,,642745,11,,,1,70,,642746,11,,,1,30,,642747,11,,,1,100,,642748,11,,,1
5101,'JUNSA26-Saturday-07-1',727,,642751,11,,,1,100,,642752,11,,,1,100,,642753,11,,,1,31,,642754,11,,,1,70,,642755,11,,,1,30,,642756,11,,,1,100,,642757,11,,,1,70,,642758,11,,,1,30,,642759,11,,,1,70,,642760,11,,,1,30,,642761,11,,,1,70,,642762,11,,,1,30,,642763,11,,,1,70,,642764,11,,,1,30,,642765,11,,,1,70,,642766,11,,,1,30,,642767,11,,,1,70,,642768,11,,,1,31,,642769,11,,,1,70,,642770,11,0,56 57,1,30,,642771,11,,,1,99,,642772,11,,,1,70,,642773,11,0,56 57,1,30,,642774,11,,,1,70,,642775,11,0,56 57,1,30,,642776,11,,,1,100,,642777,11,,,1,100,,642778,11,,,1
5101,'JUNSU26-Sunday-05-1',851,,642779,11,,,1,70,,642780,11,,,1,31,,642781,11,,,1,70,,642782,11,,,1,100,,642783,11,,,1,30,,642784,11,,,1,70,,642785,11,,,1,100,,642786,11,,,1,30,,642787,11,,,1,70,,642788,11,,,1,30,,642789,11,,,1,70,,642790,11,,,1,30,,642791,11,,,1,70,,642792,11,,,1,30,,642793,11,,,1,70,,642794,11,,,1,30,,642795,11,,,1,70,,642796,11,,,1,30,,642797,11,,,1,70,,642798,11,,,1,29,,642799,11,,,1,70,,642800,11,0,79,1,30,,642801,11,,,1,100,,642802,11,,,1,100,,642803,11,0,79,1,100,,642804,11,,,1
5101,'RBJul03-Weekday-01-1',656,,642805,11,,,1,70,,642806,11,,,1,32,,642835,11,,,1,71,,642807,11,,,1,30,,642808,11,,,1,66,,642809,11,,,1,30,,642810,11,,,1,70,,642811,11,,,1,30,,642812,11,,,1,71,,642813,11,,,1,30,,642814,11,,,1,70,,642815,11,,,1,30,,642816,11,,,1,70,,642817,11,,,1,30,,642818,11,,,1,70,,642819,11,,,1,27,,642820,11,,,1,71,,642821,11,,,1,30,,642822,11,,,1,73,,642834,11,,,1,30,,642823,11,,,1,70,,642824,11,,,1,99,,642825,11,,,1,29,,642826,11,,,1,70,,642827,11,,,1,30,,642828,11,,,1,69,,642829,11,,,1,30,,642830,11,,,1,70,,642831,11,,,1,30,,642832,11,,,1,100,,642833,11,,,1
8101,'CanDay26-Sunday-12-1',836,,650064,21,,,1,70,,650082,21,,,1,30,,650065,21,,,1,70,,650083,21,,,1,30,,650066,21,,,1,70,,650084,21,,,1,30,,650067,21,,,1,70,,650085,21,,,1,31,,650068,21,,,1,70,,650086,21,,,1,30,,650069,21,,,1,70,,650087,21,,,1,30,,650070,21,,,1,70,,650088,21,,,1,30,,650071,21,,,1,70,,650089,21,,,1,30,,650072,21,,,1,70,,650081,21,,,1,30,,650073,21,,,1,70,,650080,21,,,1,29,,650074,21,,,1,100,,650075,21,,,1,100,,650076,21,,,1,100,,650077,21,,,1,100,,650078,21,,,1,100,,650079,21,,,1,100,,650090,21,,,1
8101,'CivHol26-Saturday-07-1',638,,650091,21,,,1,100,,650092,21,,,1,70,,650112,21,,,1,30,,650093,21,,,1,70,,650110,21,,,1,30,,650094,21,,,1,70,,650120,21,,,1,30,,650095,21,,,1,70,,650121,21,,,1,30,,650096,21,,,1,70,,650116,21,,,1,31,,650097,21,,,1,70,,650115,21,,,1,30,,650098,21,,,1,70,,650117,21,,,1,30,,650099,21,,,1,70,,650113,21,,,1,30,,650100,21,,,1,70,,650111,21,,,1,30,,650101,21,,,1,70,,650114,21,,,1,30,,650102,21,,,1,70,,650119,21,,,1,29,,650103,21,,,1,70,,650118,21,,,1,30,,650104,21,,,1,100,,650105,21,,,1,100,,650106,21,,,1,100,,650107,21,,,1,100,,650108,21,,,1,100,,650109,21,,,1
8101,'JUNDA26-Weekday-06-1',620,,650122,21,,,1,25,,650123,21,,,1,72,,650124,21,,,1,29,,650125,21,,,1,72,,650126,21,,,1,30,,650127,21,,,1,71,,650128,21,,,1,28,,650129,21,,,1,70,,650130,21,,,1,29,,650131,21,,,1,69,,650132,21,,,1,31,,650133,21,,,1,70,,650134,21,,,1,30,,650135,21,,,1,70,,650136,21,,,1,30,,650137,21,,,1,71,,650138,21,,,1,29,,650139,21,,,1,69,,650140,21,,,1,30,,650141,21,,,1,100,,650142,21,,,1,70,,650143,21,,,1,28,,650144,21,,,1,69,,650145,21,,,1,30,,650146,21,,,1,70,,650147,21,,,1,30,,650148,21,,,1,69,,650149,21,,,1,30,,650150,21,,,1,71,,650151,21,,,1,30,,650152,21,,,1,69,,650153,21,,,1,30,,650154,21,,,1,108,,650155,21,,,1
8101,'JUNSA26-Saturday-07-1',638,,650156,21,,,1,100,,650157,21,,,1,70,,650172,21,,,1,30,,650158,21,,,1,70,,650170,21,,,1,100,,650180,21,,,1,30,,650159,21,,,1,70,,650181,21,,,1,100,,650176,21,,,1,31,,650160,21,,,1,70,,650175,21,,,1,100,,650177,21,,,1,100,,650173,21,,,1,100,,650171,21,,,1,30,,650161,21,,,1,70,,650174,21,,,1,30,,650162,21,,,1,70,,650179,21,,,1,29,,650163,21,,,1,70,,650178,21,,,1,30,,650164,21,,,1,100,,650165,21,,,1,100,,650166,21,,,1,100,,650167,21,,,1,100,,650168,21,,,1,100,,650169,21,,,1
8101,'JUNSU26-Sunday-05-1',836,,650182,21,,,1,70,,650196,21,,,1,30,,650183,21,,,1,70,,650197,21,,,1,100,,650198,21,,,1,100,,650199,21,,,1,101,,650200,21,,,1,100,,650201,21,,,1,30,,650184,21,,,1,70,,650202,21,,,1,30,,650185,21,,,1,70,,650203,21,,,1,30,,650186,21,,,1,70,,650195,21,,,1,30,,650187,21,,,1,70,,650194,21,,,1,29,,650188,21,,,1,100,,650189,21,,,1,100,,650190,21,,,1,100,,650191,21,,,1,100,,650192,21,,,1,100,,650193,21,,,1
8101,'RBJul03-Weekday-01-1',620,,650204,21,,,1,25,,650205,21,,,1,72,,650206,21,,,1,29,,650207,21,,,1,72,,650208,21,,,1,30,,650209,21,,,1,71,,650210,21,,,1,28,,650211,21,,,1,70,,650212,21,,,1,29,,650213,21,,,1,69,,650214,21,,,1,31,,650215,21,,,1,70,,650216,21,,,1,30,,650217,21,,,1,70,,650218,21,,,1,30,,650219,21,,,1,71,,650220,21,,,1,29,,650221,21,,,1,69,,650222,21,,,1,30,,650223,21,,,1,100,,650224,21,,,1,70,,650225,21,,,1,28,,650226,21,,,1,69,,650227,21,,,1,30,,650228,21,,,1,70,,650229,21,,,1,30,,650230,21,,,1,69,,650231,21,,,1,30,,650232,21,,,1,71,,650233,21,,,1,30,,650234,21,,,1,69,,650235,21,,,1,30,,650236,21,,,1,108,,650237,21,,,1
