3501,'1-1',835,,767935,23,,,1,70,,767921,23,,,1,30,,767929,23,,,1,70,,767919,23,,,1,31,,767918,23,,,1,70,,767931,23,,,1,30,,767913,23,,,1,70,,767911,23,,,1,30,,767937,23,,,1,70,,767933,23,,,1,30,,767924,23,,,1,70,,767912,23,,,1,30,,767917,23,,,1,70,,767908,23,,,1,30,,767934,23,,,1,70,,767927,23,,,1,30,,767920,23,,,1,70,,767922,23,,,1,30,,767928,23,,,1,70,,767915,23,,,1,29,,767909,23,,,1,70,,767910,23,,,1,30,,767916,23,,,1,70,,767930,23,,,1,30,,767926,23,,,1,70,,767925,23,,,1,30,,767932,23,,,1,70,,767936,23,,,1,100,,767923,23,,,1,114,,767914,23,,,1
3501,'10-1',1002,,767952,23,,,1,32,,767942,23,,,1,70,,767951,23,,,1,30,,767949,23,,,1,70,,767939,23,,,1,31,,767941,23,,,1,70,,767948,23,,,1,30,,767954,23,,,1,70,,767938,23,,,1,30,,767944,23,,,1,70,,767950,23,,,1,30,,767955,23,,,1,70,,767959,23,,,1,30,,767957,23,,,1,70,,767940,23,,,1,30,,767943,23,,,1,70,,767945,23,,,1,98,,767956,23,,,1,100,,767946,23,,,1,100,,767953,23,,,1,100,,767947,23,,,1,100,,767958,23,,,1
3501,'11-1',640,,767996,23,,,1,90,,767987,20,0,52 53,1,11,,767983,23,,,1,105,,767971,23,,,1,70,,767961,23,,,1,29,,767977,20,,,1,70,,767992,20,,,1,30,,767988,20,,,1,71,,767965,20,,,1,29,,767968,20,,,1,70,,767978,20,,,1,30,,767963,20,,,1,69,,767970,20,,,1,29,,767972,20,,,1,69,,767973,20,,,1,13,,767976,12,,,1,17,,767985,20,,,1,72,,767980,20,,,1,30,,767975,23,,,1,66,,767993,38,0,33 34,1,4,,767989,23,,,1,30,,767974,23,,,1,70,,767960,23,,,1,30,,767962,23,,,1,71,,767986,23,,,1,30,,767990,23,,,1,70,,767979,20,,,1,30,,767969,20,,,1,70,,767966,20,,,1,30,,767967,20,,,1,70,,767982,20,,,1,29,,767991,20,,,1,72,,767995,20,,,1,28,,767984,20,,,1,97,,767981,20,,,1,97,,767994,20,,,1
3501,'12-1',1002,,768011,23,,,1,32,,768001,23,,,1,70,,768010,23,,,1,30,,768008,23,,,1,70,,767998,23,,,1,31,,768000,23,,,1,70,,768007,23,,,1,30,,768013,23,,,1,70,,767997,23,,,1,30,,768003,23,,,1,70,,768009,23,,,1,30,,768014,23,,,1,70,,768018,23,,,1,30,,768016,23,,,1,70,,767999,23,,,1,30,,768002,23,,,1,70,,768004,23,,,1,98,,768015,23,,,1,100,,768005,23,,,1,100,,768012,23,,,1,100,,768006,23,,,1,100,,768017,23,,,1
3501,'2-1',1002,,768033,23,,,1,32,,768023,23,,,1,70,,768032,23,,,1,30,,768030,23,,,1,70,,768020,23,,,1,31,,768022,23,,,1,70,,768029,23,,,1,30,,768035,23,,,1,70,,768019,23,,,1,30,,768025,23,,,1,70,,768031,23,,,1,30,,768036,23,,,1,70,,768040,23,,,1,30,,768038,23,,,1,70,,768021,23,,,1,30,,768024,23,,,1,70,,768026,23,,,1,98,,768037,23,,,1,100,,768027,23,,,1,100,,768034,23,,,1,100,,768028,23,,,1,100,,768039,23,,,1
3501,'3-1',640,,768077,23,,,1,90,,768068,20,0,52 53,1,11,,768064,23,,,1,105,,768052,23,,,1,70,,768042,23,,,1,29,,768058,20,,,1,70,,768073,20,,,1,30,,768069,20,,,1,71,,768046,20,,,1,29,,768049,20,,,1,70,,768059,20,,,1,30,,768044,20,,,1,69,,768051,20,,,1,29,,768053,20,,,1,69,,768054,20,,,1,13,,768057,12,,,1,17,,768066,20,,,1,72,,768061,20,,,1,30,,768056,23,,,1,66,,768074,38,0,33 34,1,4,,768070,23,,,1,30,,768055,23,,,1,70,,768041,23,,,1,30,,768043,23,,,1,71,,768067,23,,,1,30,,768071,23,,,1,70,,768060,20,,,1,30,,768050,20,,,1,70,,768047,20,,,1,30,,768048,20,,,1,70,,768063,20,,,1,29,,768072,20,,,1,72,,768076,20,,,1,28,,768065,20,,,1,97,,768062,20,,,1,97,,768075,20,,,1
3501,'4-1',640,,768114,23,,,1,90,,768105,20,0,52 53,1,11,,768101,23,,,1,105,,768089,23,,,1,70,,768079,23,,,1,29,,768095,20,,,1,70,,768110,20,,,1,30,,768106,20,,,1,71,,768083,20,,,1,29,,768086,20,,,1,70,,768096,20,,,1,30,,768081,20,,,1,69,,768088,20,,,1,29,,768090,20,,,1,69,,768091,20,,,1,13,,768094,12,,,1,17,,768103,20,,,1,72,,768098,20,,,1,30,,768093,23,,,1,66,,768111,38,0,33 34,1,4,,768107,23,,,1,30,,768092,23,,,1,70,,768078,23,,,1,30,,768080,23,,,1,71,,768104,23,,,1,30,,768108,23,,,1,70,,768097,20,,,1,30,,768087,20,,,1,70,,768084,20,,,1,30,,768085,20,,,1,70,,768100,20,,,1,29,,768109,20,,,1,72,,768113,20,,,1,28,,768102,20,,,1,97,,768099,20,,,1,97,,768112,20,,,1
3501,'5-1',640,,768151,23,,,1,90,,768142,20,0,52 53,1,11,,768138,23,,,1,105,,768126,23,,,1,70,,768116,23,,,1,29,,768132,20,,,1,70,,768147,20,,,1,30,,768143,20,,,1,71,,768120,20,,,1,29,,768123,20,,,1,70,,768133,20,,,1,30,,768118,20,,,1,69,,768125,20,,,1,29,,768127,20,,,1,69,,768128,20,,,1,13,,768131,12,,,1,17,,768140,20,,,1,72,,768135,20,,,1,30,,768130,23,,,1,66,,768148,38,0,33 34,1,4,,768144,23,,,1,30,,768129,23,,,1,70,,768115,23,,,1,30,,768117,23,,,1,71,,768141,23,,,1,30,,768145,23,,,1,70,,768134,20,,,1,30,,768124,20,,,1,70,,768121,20,,,1,30,,768122,20,,,1,70,,768137,20,,,1,29,,768146,20,,,1,72,,768150,20,,,1,28,,768139,20,,,1,97,,768136,20,,,1,97,,768149,20,,,1
3501,'6-1',1002,,768161,23,,,1,32,,768167,23,,,1,70,,768166,23,,,1,30,,768152,23,,,1,70,,768153,23,,,1,31,,768156,23,,,1,70,,768154,23,,,1,30,,768170,23,,,1,70,,768163,23,,,1,30,,768160,23,,,1,70,,768172,23,,,1,30,,768165,23,,,1,70,,768162,23,,,1,30,,768169,23,,,1,70,,768164,23,,,1,30,,768159,23,,,1,70,,768173,23,,,1,98,,768171,23,,,1,100,,768158,23,,,1,100,,768168,23,,,1,100,,768155,23,,,1,100,,768157,23,,,1
3501,'7-1',1002,,768183,23,,,1,32,,768189,23,,,1,70,,768188,23,,,1,30,,768174,23,,,1,70,,768175,23,,,1,31,,768178,23,,,1,70,,768176,23,,,1,30,,768192,23,,,1,70,,768185,23,,,1,30,,768182,23,,,1,70,,768194,23,,,1,30,,768187,23,,,1,70,,768184,23,,,1,30,,768191,23,,,1,70,,768186,23,,,1,30,,768181,23,,,1,70,,768195,23,,,1,98,,768193,23,,,1,100,,768180,23,,,1,100,,768190,23,,,1,100,,768177,23,,,1,100,,768179,23,,,1
3501,'8-1',640,,768232,23,,,1,90,,768223,20,0,52 53,1,11,,768219,23,,,1,105,,768207,23,,,1,70,,768197,23,,,1,29,,768213,20,,,1,70,,768228,20,,,1,30,,768224,20,,,1,71,,768201,20,,,1,29,,768204,20,,,1,70,,768214,20,,,1,30,,768199,20,,,1,69,,768206,20,,,1,29,,768208,20,,,1,69,,768209,20,,,1,13,,768212,12,,,1,17,,768221,20,,,1,72,,768216,20,,,1,30,,768211,23,,,1,66,,768229,38,0,33 34,1,4,,768225,23,,,1,30,,768210,23,,,1,70,,768196,23,,,1,30,,768198,23,,,1,71,,768222,23,,,1,30,,768226,23,,,1,70,,768215,20,,,1,30,,768205,20,,,1,70,,768202,20,,,1,30,,768203,20,,,1,70,,768218,20,,,1,29,,768227,20,,,1,72,,768231,20,,,1,28,,768220,20,,,1,97,,768217,20,,,1,97,,768230,20,,,1
3501,'9-1',835,,768245,23,,,1,70,,768244,23,,,1,30,,768246,23,,,1,70,,768243,23,,,1,31,,768235,23,,,1,70,,768242,23,,,1,30,,768248,23,,,1,70,,768260,23,,,1,30,,768256,23,,,1,70,,768247,23,,,1,30,,768241,23,,,1,70,,768257,23,,,1,30,,768240,23,,,1,70,,768239,23,,,1,30,,768258,23,,,1,70,,768233,23,,,1,30,,768234,23,,,1,70,,768262,23,,,1,30,,768237,23,,,1,70,,768261,23,,,1,29,,768253,23,,,1,70,,768252,23,,,1,30,,768254,23,,,1,70,,768238,23,,,1,30,,768255,23,,,1,70,,768250,23,,,1,30,,768259,23,,,1,70,,768236,23,,,1,100,,768249,23,,,1,114,,768251,23,,,1
