1901,'CanDay26-Sunday-12-1',931,,634040,45,,,1,70,,634041,45,,,1,32,,634042,45,,,1,71,,634043,45,,,1,30,,634044,45,,,1,70,,634045,45,,,1,30,,634046,45,,,1,71,,634047,45,,,1,30,,634048,45,,,1,70,,634049,45,,,1,30,,634050,45,,,1,70,,634051,45,,,1,30,,634052,45,,,1,70,,634053,45,,,1,30,,634054,45,,,1,69,,634055,45,,,1,30,,634056,45,,,1,70,,634057,45,,,1,30,,634058,45,,,1,69,,634059,45,,,1,30,,634060,45,,,1
1901,'CivHol26-Saturday-07-1',858,,634073,45,,,1,70,,634074,45,,,1,30,,634075,45,,,1,72,,634076,45,,,1,71,,634077,45,,,1,30,,634078,45,,,1,70,,634079,45,,,1,30,,634080,45,,,1,71,,634081,45,,,1,30,,634082,45,,,1,70,,634083,45,,,1,30,,634084,45,,,1,70,,634085,45,,,1,30,,634086,45,,,1,70,,634087,45,,,1,30,,634088,45,,,1,69,,634089,45,,,1,30,,634090,45,,,1,70,,634091,45,,,1,30,,634092,45,,,1,69,,634093,45,,,1,30,,634094,45,,,1,70,,634095,45,,,1,30,,634096,45,,,1,28,,634097,45,,,1,70,,634098,45,,,1
1901,'JUNDA26-Weekday-06-1',835,,634124,45,,,1,70,,634133,45,,,1,28,,634119,45,,,1,71,,634112,45,,,1,29,,634116,45,,,1,68,,634122,45,,,1,30,,634120,45,,,1,73,,634114,45,,,1,30,,634103,45,,,1,70,,634123,45,,,1,30,,634121,45,,,1,70,,634113,45,,,1,30,,634104,45,,,1,70,,634105,45,,,1,33,,634131,45,,,1,73,,634130,45,,,1,31,,634118,45,,,1,72,,634106,45,,,1,99,,634108,45,,,1,24,,634125,45,,,1,67,,634128,45,,,1,28,,634107,45,,,1,70,,634136,45,,,1,27,,634127,45,,,1,30,,634129,45,,,1,70,,634110,45,,,1,100,,634126,45,,,1
1901,'JUNSA26-Saturday-07-1',858,,634138,45,,,1,100,,634139,45,,,1,72,,634140,45,,,1,71,,634141,45,,,1,100,,634142,45,,,1,30,,634143,45,,,1,101,,634144,45,,,1,70,,634145,45,,,1,30,,634146,45,,,1,70,,634147,45,,,1,30,,634148,45,,,1,70,,634149,45,,,1,30,,634150,45,,,1,69,,634151,45,,,1,30,,634152,45,,,1,70,,634153,45,,,1,99,,634154,45,,,1,30,,634155,45,,,1,70,,634156,45,,,1,30,,634157,45,,,1,28,,634158,45,,,1,70,,634159,45,,,1
1901,'JUNSU26-Sunday-05-1',931,,634164,45,,,1,70,,634165,45,,,1,32,,634166,45,,,1,71,,634167,45,,,1,100,,634168,45,,,1,30,,634169,45,,,1,101,,634170,45,,,1,70,,634171,45,,,1,30,,634172,45,,,1,100,,634173,45,,,1,70,,634174,45,,,1,30,,634175,45,,,1,99,,634176,45,,,1,70,,634177,45,,,1,99,,634178,45,,,1,30,,634179,45,,,1
1901,'RBJul03-Weekday-01-1',835,,634207,45,,,1,70,,634216,45,,,1,28,,634202,45,,,1,71,,634195,45,,,1,29,,634199,45,,,1,68,,634205,45,,,1,30,,634203,45,,,1,73,,634197,45,,,1,30,,634186,45,,,1,70,,634206,45,,,1,30,,634204,45,,,1,70,,634196,45,,,1,30,,634187,45,,,1,70,,634188,45,,,1,33,,634214,45,,,1,73,,634213,45,,,1,31,,634201,45,,,1,72,,634189,45,,,1,99,,634191,45,,,1,24,,634208,45,,,1,67,,634211,45,,,1,28,,634190,45,,,1,70,,634219,45,,,1,27,,634210,45,,,1,30,,634212,45,,,1,70,,634193,45,,,1,100,,634209,45,,,1
4201,'CanDay26-Sunday-12-1',750,,640422,34,,,1,100,,640423,34,,,1,100,,640424,34,,,1,70,,640425,34,,,1,30,,640426,34,,,1,70,,640427,34,,,1,30,,640428,34,,,1,71,,640429,34,,,1,30,,640430,34,,,1,71,,640431,34,,,1,30,,640432,34,,,1,70,,640433,34,,,1,30,,640434,34,,,1,70,,640435,34,,,1,30,,640436,34,,,1,69,,640437,34,,,1,30,,640438,34,,,1,70,,640439,34,,,1,30,,640440,34,,,1,70,,640441,34,,,1
4201,'CivHol26-Saturday-07-1',626,,640442,34,,,1,100,,640443,34,,,1,100,,640444,34,,,1,30,,640445,34,,,1,70,,640446,34,,,1,30,,640447,34,,,1,70,,640448,34,,,1,30,,640449,34,,,1,70,,640450,34,,,1,30,,640451,34,,,1,71,,640452,34,,,1,30,,640453,34,,,1,71,,640454,34,,,1,30,,640455,34,,,1,70,,640456,34,,,1,30,,640457,34,,,1,70,,640458,34,,,1,29,,640459,34,,,1,70,,640460,34,,,1,30,,640461,34,,,1,70,,640462,34,,,1,30,,640463,34,,,1,70,,640464,34,,,1,30,,640465,34,,,1,70,,640466,34,,,1
4201,'JUNDA26-Weekday-06-1',558,,640479,34,,,1,143,,640467,34,,,1,30,,640497,34,,,1,70,,640468,34,,,1,30,,640469,34,,,1,15,,640498,34,,,1,67,,640470,34,,,1,28,,640489,34,,,1,69,,640471,34,,,1,30,,640491,34,,,1,70,,640472,34,,,1,31,,640490,34,,,1,70,,640473,34,,,1,31,,640488,34,,,1,70,,640474,34,,,1,30,,640482,34,,,1,71,,640494,34,,,1,30,,640483,34,,,1,70,,640495,34,,,1,30,,640475,34,,,1,92,,640476,34,,,1,68,,640492,34,,,1,30,,640496,34,,,1,26,,640487,34,,,1,70,,640480,34,,,1,30,,640484,34,,,1,70,,640481,34,,,1,30,,640485,34,,,1,70,,640478,34,,,1,30,,640493,34,,,1,71,,640486,34,,,1,28,,640477,34,,,1
4201,'JUNSA26-Saturday-07-1',626,,640499,34,,,1,100,,640500,34,,,1,100,,640501,34,,,1,30,,640502,34,,,1,70,,640503,34,,,1,100,,640504,34,,,1,30,,640505,34,,,1,70,,640506,34,,,1,30,,640507,34,,,1,71,,640508,34,,,1,30,,640509,34,,,1,71,,640510,34,,,1,72,,640511,34,,,1,28,,640512,34,,,1,30,,640513,34,,,1,70,,640514,34,,,1,29,,640515,34,,,1,100,,640516,34,,,1,100,,640517,34,,,1,72,,640518,34,,,1,28,,640519,34,,,1,70,,640520,34,,,1
4201,'JUNSU26-Sunday-05-1',750,,640521,34,,,1,100,,640522,34,,,1,100,,640523,34,,,1,70,,640524,34,,,1,100,,640525,34,,,1,30,,640526,34,,,1,71,,640527,34,,,1,101,,640528,34,,,1,30,,640529,34,,,1,70,,640530,34,,,1,100,,640531,34,,,1,30,,640532,34,,,1,99,,640533,34,,,1,70,,640534,34,,,1,30,,640535,34,,,1,70,,640536,34,,,1
4201,'RBJul03-Weekday-01-1',558,,640549,34,,,1,143,,640537,34,,,1,30,,640567,34,,,1,70,,640538,34,,,1,30,,640539,34,,,1,15,,640568,34,,,1,67,,640540,34,,,1,28,,640559,34,,,1,69,,640541,34,,,1,30,,640561,34,,,1,70,,640542,34,,,1,31,,640560,34,,,1,70,,640543,34,,,1,31,,640558,34,,,1,70,,640544,34,,,1,30,,640552,34,,,1,71,,640564,34,,,1,30,,640553,34,,,1,70,,640565,34,,,1,30,,640545,34,,,1,92,,640546,34,,,1,68,,640562,34,,,1,30,,640566,34,,,1,26,,640557,34,,,1,70,,640550,34,,,1,30,,640554,34,,,1,70,,640551,34,,,1,30,,640555,34,,,1,70,,640548,34,,,1,30,,640563,34,,,1,71,,640556,34,,,1,28,,640547,34,,,1
