1001,'1-1',540,,569327,16,0,82,1,71,,569362,16,,,1,37,,569369,16,,,1,55,,569340,16,0,82,1,13,,569322,16,,,1,17,,569364,16,0,82,1,13,,569346,16,,,1,56,,569376,16,0,82,1,16,,569339,16,,,1,16,,569345,16,0,82,1,14,,569351,16,,,1,54,,569367,16,0,82,1,14,,569357,16,,,1,15,,569365,16,0,82,1,15,,569371,16,,,1,55,,569355,16,0,82,1,15,,569341,16,,,1,15,,569344,16,0,82,1,15,,569366,16,,,1,55,,569352,16,0,82,1,14,,569360,16,,,1,15,,569320,16,0,82,1,15,,569378,16,,,1,55,,569343,16,0,82,1,15,,569328,16,,,1,15,,569353,16,0,82,1,15,,569324,16,,,1,55,,569342,16,0,82,1,16,,569363,16,,,1,16,,569359,16,0,82,1,15,,569349,16,,,1,56,,569329,16,0,82,1,16,,569338,16,,,1,15,,569375,16,0,82,1,16,,569337,16,,,1,54,,569331,16,0,82,1,15,,569335,16,,,1,15,,569374,16,0,82,1,15,,569321,16,,,1,55,,569334,16,0,82,1,13,,569323,16,,,1,17,,569377,16,0,82,1,15,,569373,16,,,1,55,,569358,16,0,82,1,15,,569368,16,,,1,15,,569370,16,0,82,1,17,,569336,16,,,1,54,,569350,16,0,82,1,27,,569348,16,,,1,70,,569325,16,,,1,30,,569347,16,,,1,70,,569326,16,,,1,30,,569354,16,,,1,70,,569332,16,,,1,29,,569330,16,,,1,70,,569361,16,,,1,30,,569372,16,,,1,28,,569356,16,,,1,67,,569333,16,,,1
1001,'10-1',540,,569380,16,0,82,1,71,,569403,16,,,1,37,,569436,16,,,1,55,,569384,16,0,82,1,13,,569419,16,,,1,17,,569431,16,0,82,1,13,,569412,16,,,1,56,,569389,16,0,82,1,16,,569422,16,,,1,16,,569414,16,0,82,1,14,,569405,16,,,1,54,,569416,16,0,82,1,14,,569394,16,,,1,15,,569397,16,0,82,1,15,,569383,16,,,1,55,,569417,16,0,82,1,15,,569411,16,,,1,15,,569402,16,0,82,1,15,,569379,16,,,1,55,,569424,16,0,82,1,14,,569420,16,,,1,15,,569434,16,0,82,1,15,,569429,16,,,1,55,,569427,16,0,82,1,15,,569400,16,,,1,15,,569428,16,0,82,1,15,,569388,16,,,1,55,,569396,16,0,82,1,16,,569390,16,,,1,16,,569385,16,0,82,1,15,,569391,16,,,1,56,,569415,16,0,82,1,16,,569421,16,,,1,15,,569413,16,0,82,1,16,,569425,16,,,1,54,,569395,16,0,82,1,15,,569418,16,,,1,15,,569404,16,0,82,1,15,,569381,16,,,1,55,,569426,16,0,82,1,13,,569386,16,,,1,17,,569392,16,0,82,1,15,,569408,16,,,1,55,,569433,16,0,82,1,15,,569382,16,,,1,15,,569406,16,0,82,1,17,,569387,16,,,1,55,,569435,16,0,82,1,26,,569399,16,,,1,70,,569423,16,,,1,30,,569430,16,,,1,70,,569409,16,,,1,30,,569407,16,,,1,70,,569398,16,,,1,29,,569432,16,,,1,70,,569393,16,,,1,30,,569437,16,,,1,28,,569401,16,,,1,67,,569410,16,,,1
1001,'11-1',540,,569439,16,0,82,1,71,,569462,16,,,1,37,,569495,16,,,1,55,,569443,16,0,82,1,13,,569478,16,,,1,17,,569490,16,0,82,1,13,,569471,16,,,1,56,,569448,16,0,82,1,16,,569481,16,,,1,16,,569473,16,0,82,1,14,,569464,16,,,1,54,,569475,16,0,82,1,14,,569453,16,,,1,15,,569456,16,0,82,1,15,,569442,16,,,1,55,,569476,16,0,82,1,15,,569470,16,,,1,15,,569461,16,0,82,1,15,,569438,16,,,1,55,,569483,16,0,82,1,14,,569479,16,,,1,15,,569493,16,0,82,1,15,,569488,16,,,1,55,,569486,16,0,82,1,15,,569459,16,,,1,15,,569487,16,0,82,1,15,,569447,16,,,1,55,,569455,16,0,82,1,16,,569449,16,,,1,16,,569444,16,0,82,1,15,,569450,16,,,1,56,,569474,16,0,82,1,16,,569480,16,,,1,15,,569472,16,0,82,1,16,,569484,16,,,1,54,,569454,16,0,82,1,15,,569477,16,,,1,15,,569463,16,0,82,1,15,,569440,16,,,1,55,,569485,16,0,82,1,13,,569445,16,,,1,17,,569451,16,0,82,1,15,,569467,16,,,1,55,,569492,16,0,82,1,15,,569441,16,,,1,15,,569465,16,0,82,1,17,,569446,16,,,1,55,,569494,16,0,82,1,26,,569458,16,,,1,70,,569482,16,,,1,30,,569489,16,,,1,70,,569468,16,,,1,30,,569466,16,,,1,70,,569457,16,,,1,29,,569491,16,,,1,70,,569452,16,,,1,30,,569496,16,,,1,28,,569460,16,,,1,67,,569469,16,,,1
1001,'2-1',540,,569498,16,0,82,1,71,,569521,16,,,1,37,,569554,16,,,1,55,,569502,16,0,82,1,13,,569537,16,,,1,17,,569549,16,0,82,1,13,,569530,16,,,1,56,,569507,16,0,82,1,16,,569540,16,,,1,16,,569532,16,0,82,1,14,,569523,16,,,1,54,,569534,16,0,82,1,14,,569512,16,,,1,15,,569515,16,0,82,1,15,,569501,16,,,1,55,,569535,16,0,82,1,15,,569529,16,,,1,15,,569520,16,0,82,1,15,,569497,16,,,1,55,,569542,16,0,82,1,14,,569538,16,,,1,15,,569552,16,0,82,1,15,,569547,16,,,1,55,,569545,16,0,82,1,15,,569518,16,,,1,15,,569546,16,0,82,1,15,,569506,16,,,1,55,,569514,16,0,82,1,16,,569508,16,,,1,16,,569503,16,0,82,1,15,,569509,16,,,1,56,,569533,16,0,82,1,16,,569539,16,,,1,15,,569531,16,0,82,1,16,,569543,16,,,1,54,,569513,16,0,82,1,15,,569536,16,,,1,15,,569522,16,0,82,1,15,,569499,16,,,1,55,,569544,16,0,82,1,13,,569504,16,,,1,17,,569510,16,0,82,1,15,,569526,16,,,1,55,,569551,16,0,82,1,15,,569500,16,,,1,15,,569524,16,0,82,1,17,,569505,16,,,1,55,,569553,16,0,82,1,26,,569517,16,,,1,70,,569541,16,,,1,30,,569548,16,,,1,70,,569527,16,,,1,30,,569525,16,,,1,70,,569516,16,,,1,29,,569550,16,,,1,70,,569511,16,,,1,30,,569555,16,,,1,28,,569519,16,,,1,67,,569528,16,,,1
1001,'3-1',553,,569558,5,0,82,1,70,,569568,5,0,82,1,30,,569571,5,0,82,1,70,,569583,16,0,82,1,30,,569575,16,0,82,1,73,,569569,16,,,1,30,,569584,16,,,1,100,,569574,16,,,1,71,,569579,16,,,1,30,,569557,16,,,1,100,,569577,16,,,1,70,,569564,16,,,1,30,,569573,16,,,1,100,,569576,16,,,1,70,,569580,16,,,1,30,,569563,16,,,1,70,,569556,16,,,1,30,,569559,16,,,1,70,,569562,16,,,1,30,,569561,16,,,1,70,,569582,16,,,1,30,,569585,16,,,1,70,,569565,16,,,1,30,,569567,16,0,82,1,98,,569586,16,0,82,1,72,,569581,16,0,82,1,100,,569566,16,0,82,1,30,,569570,16,0,82,1,69,,569572,16,0,82,1,30,,569578,16,0,82,1,70,,569560,16,0,82,1
1001,'4-1',553,,569599,5,0,82,1,70,,569618,5,0,82,1,30,,569607,5,0,82,1,70,,569609,16,0,82,1,30,,569610,16,0,82,1,73,,569612,16,,,1,30,,569638,16,,,1,70,,569611,16,,,1,30,,569623,16,,,1,71,,569596,16,,,1,15,,569613,16,0,82,1,15,,569617,16,,,1,55,,569643,16,0,82,1,15,,569616,16,,,1,15,,569594,16,0,82,1,15,,569628,16,,,1,55,,569588,16,0,82,1,15,,569641,16,,,1,15,,569621,16,0,82,1,15,,569593,16,,,1,55,,569644,16,0,82,1,15,,569590,16,,,1,15,,569624,16,0,82,1,15,,569591,16,,,1,55,,569639,16,0,82,1,15,,569592,16,,,1,15,,569620,16,0,82,1,15,,569614,16,,,1,55,,569601,16,0,82,1,15,,569605,16,,,1,15,,569604,16,0,82,1,15,,569632,16,,,1,55,,569626,16,0,82,1,15,,569633,16,,,1,15,,569619,16,0,82,1,15,,569634,16,,,1,55,,569635,16,0,82,1,15,,569629,16,,,1,15,,569587,16,0,82,1,15,,569608,16,,,1,55,,569622,16,0,82,1,15,,569636,16,,,1,15,,569640,16,0,82,1,15,,569600,16,0,82,1,55,,569637,16,0,82,1,15,,569615,16,0,82,1,15,,569625,16,0,82,1,15,,569630,16,0,82,1,55,,569602,16,0,82,1,15,,569598,16,0,82,1,15,,569603,16,0,82,1,15,,569642,16,0,82,1,70,,569631,16,,,1,30,,569606,16,0,82,1,69,,569597,16,,,1,30,,569627,16,0,82,1,70,,569589,16,,,1,28,,569595,16,0,82,1
1001,'5-1',547,,569650,5,0,82,1,70,,569658,5,0,82,1,30,,569659,5,0,82,1,71,,569667,16,0,82,1,35,,569674,16,0,82,1,101,,569669,16,,,1,70,,569668,16,,,1,30,,569677,16,,,1,71,,569678,16,,,1,30,,569656,16,,,1,70,,569647,16,,,1,30,,569664,16,,,1,70,,569653,16,,,1,30,,569672,16,,,1,70,,569648,16,,,1,30,,569657,16,,,1,100,,569671,16,,,1,70,,569663,16,,,1,30,,569646,16,,,1,100,,569645,16,,,1,70,,569673,16,,,1,30,,569676,16,,,1,100,,569651,16,,,1,70,,569675,16,,,1,30,,569652,16,,,1,100,,569654,16,,,1,70,,569655,16,,,1,30,,569665,16,,,1,69,,569670,16,,,1,30,,569649,16,,,1,65,,569666,16,0,82,1,28,,569661,16,0,82,1,70,,569660,16,0,82,1,30,,569662,16,0,82,1
1001,'6-1',540,,569680,16,0,82,1,71,,569703,16,,,1,37,,569736,16,,,1,55,,569684,16,0,82,1,13,,569719,16,,,1,17,,569731,16,0,82,1,13,,569712,16,,,1,56,,569689,16,0,82,1,16,,569722,16,,,1,16,,569714,16,0,82,1,14,,569705,16,,,1,54,,569716,16,0,82,1,14,,569694,16,,,1,15,,569697,16,0,82,1,15,,569683,16,,,1,55,,569717,16,0,82,1,15,,569711,16,,,1,15,,569702,16,0,82,1,15,,569679,16,,,1,55,,569724,16,0,82,1,14,,569720,16,,,1,15,,569734,16,0,82,1,15,,569729,16,,,1,55,,569727,16,0,82,1,15,,569700,16,,,1,15,,569728,16,0,82,1,15,,569688,16,,,1,55,,569696,16,0,82,1,16,,569690,16,,,1,16,,569685,16,0,82,1,15,,569691,16,,,1,56,,569715,16,0,82,1,16,,569721,16,,,1,15,,569713,16,0,82,1,16,,569725,16,,,1,54,,569695,16,0,82,1,15,,569718,16,,,1,15,,569704,16,0,82,1,15,,569681,16,,,1,55,,569726,16,0,82,1,13,,569686,16,,,1,17,,569692,16,0,82,1,15,,569708,16,,,1,55,,569733,16,0,82,1,15,,569682,16,,,1,15,,569706,16,0,82,1,17,,569687,16,,,1,55,,569735,16,0,82,1,26,,569699,16,,,1,70,,569723,16,,,1,30,,569730,16,,,1,70,,569709,16,,,1,30,,569707,16,,,1,70,,569698,16,,,1,29,,569732,16,,,1,70,,569693,16,,,1,30,,569737,16,,,1,28,,569701,16,,,1,67,,569710,16,,,1
1001,'7-1',553,,569740,5,0,82,1,70,,569750,5,0,82,1,30,,569753,5,0,82,1,70,,569765,16,0,82,1,30,,569757,16,0,82,1,73,,569751,16,,,1,30,,569766,16,,,1,100,,569756,16,,,1,71,,569761,16,,,1,30,,569739,16,,,1,100,,569759,16,,,1,70,,569746,16,,,1,30,,569755,16,,,1,100,,569758,16,,,1,70,,569762,16,,,1,30,,569745,16,,,1,70,,569738,16,,,1,30,,569741,16,,,1,70,,569744,16,,,1,30,,569743,16,,,1,70,,569764,16,,,1,30,,569767,16,,,1,70,,569747,16,,,1,30,,569749,16,0,82,1,98,,569768,16,0,82,1,72,,569763,16,0,82,1,100,,569748,16,0,82,1,30,,569752,16,0,82,1,69,,569754,16,0,82,1,30,,569760,16,0,82,1,70,,569742,16,0,82,1
1001,'8-1',540,,569770,16,0,82,1,71,,569793,16,,,1,37,,569826,16,,,1,55,,569774,16,0,82,1,13,,569809,16,,,1,17,,569821,16,0,82,1,13,,569802,16,,,1,56,,569779,16,0,82,1,16,,569812,16,,,1,16,,569804,16,0,82,1,14,,569795,16,,,1,54,,569806,16,0,82,1,14,,569784,16,,,1,15,,569787,16,0,82,1,15,,569773,16,,,1,55,,569807,16,0,82,1,15,,569801,16,,,1,15,,569792,16,0,82,1,15,,569769,16,,,1,55,,569814,16,0,82,1,14,,569810,16,,,1,15,,569824,16,0,82,1,15,,569819,16,,,1,55,,569817,16,0,82,1,15,,569790,16,,,1,15,,569818,16,0,82,1,15,,569778,16,,,1,55,,569786,16,0,82,1,16,,569780,16,,,1,16,,569775,16,0,82,1,15,,569781,16,,,1,56,,569805,16,0,82,1,16,,569811,16,,,1,15,,569803,16,0,82,1,16,,569815,16,,,1,54,,569785,16,0,82,1,15,,569808,16,,,1,15,,569794,16,0,82,1,15,,569771,16,,,1,55,,569816,16,0,82,1,13,,569776,16,,,1,17,,569782,16,0,82,1,15,,569798,16,,,1,55,,569823,16,0,82,1,15,,569772,16,,,1,15,,569796,16,0,82,1,17,,569777,16,,,1,55,,569825,16,0,82,1,26,,569789,16,,,1,70,,569813,16,,,1,30,,569820,16,,,1,70,,569799,16,,,1,30,,569797,16,,,1,70,,569788,16,,,1,29,,569822,16,,,1,70,,569783,16,,,1,30,,569827,16,,,1,28,,569791,16,,,1,67,,569800,16,,,1
1001,'9-1',547,,569862,5,0,82,1,70,,569840,5,0,82,1,30,,569844,5,0,82,1,71,,569858,16,0,82,1,35,,569850,16,0,82,1,71,,569835,16,0,82,1,30,,569828,16,,,1,70,,569837,16,,,1,30,,569834,16,,,1,71,,569842,16,,,1,30,,569848,16,,,1,70,,569860,16,,,1,30,,569839,16,,,1,70,,569846,16,,,1,30,,569845,16,,,1,70,,569854,16,,,1,30,,569838,16,,,1,70,,569830,16,,,1,30,,569833,16,,,1,70,,569851,16,,,1,30,,569853,16,,,1,70,,569847,16,,,1,30,,569836,16,,,1,70,,569859,16,,,1,30,,569861,16,,,1,70,,569849,16,,,1,30,,569841,16,,,1,70,,569831,16,,,1,30,,569829,16,,,1,70,,569855,16,,,1,30,,569856,16,,,1,70,,569852,16,,,1,30,,569857,16,,,1,69,,569832,16,,,1,30,,569865,16,,,1,65,,569863,16,0,82,1,28,,569866,16,0,82,1,70,,569843,16,0,82,1,30,,569864,16,0,82,1
