11001,'CanDay26-Sunday-11-1',629,,473571,54,0,35,1,30,,473572,54,0,35,1,1071,,473573,54,0,35,1,70,,473574,54,0,35,1
11001,'CivHol26-Saturday-06-1',629,,473577,54,0,35,1,30,,473578,54,0,35,1,1071,,473579,54,0,35,1,70,,473580,54,0,35,1
11001,'JUNDA26-Weekday-05-1',555,,473583,53,0,35,1,75,,473613,53,0,35,1,70,,473584,53,0,35,1,30,,473585,53,0,35,1,70,,473586,53,0,35,1,33,,473587,53,0,35,1,70,,473588,53,0,35,1,30,,473589,53,0,35,1,26,,473590,53,0,35,1,67,,473591,53,0,35,1,30,,473614,53,0,35,1,74,,473592,53,0,35,1,70,,473593,53,0,35,1,30,,473594,53,0,35,1,28,,473595,53,0,35,1,70,,473596,53,0,35,1,31,,473612,53,0,35,1,70,,473597,53,0,35,1,30,,473598,53,0,35,1,70,,473599,53,0,35,1,77,,473600,53,0,35,1,33,,473615,53,0,35,1,73,,473601,53,0,35,1,26,,473602,53,0,35,1,70,,473603,53,0,35,1,28,,473604,53,0,35,1,66,,473605,53,0,35,1,27,,473606,53,0,35,1,23,,473607,53,0,35,1,70,,473608,53,0,35,1,30,,473609,53,0,35,1
11001,'JUNSA26-Saturday-06-1',629,,473616,54,0,35,1,30,,473617,54,0,35,1,1071,,473618,54,0,35,1,70,,473619,54,0,35,1
11001,'JUNSU26-Sunday-04-1',629,,473622,54,0,35,1,30,,473623,54,0,35,1,1071,,473624,54,0,35,1,70,,473625,54,0,35,1
16800,'CanDay26-Sunday-11-1',646,,475865,24,,,1,100,,475866,24,,,1,100,,475867,24,,,1,70,,475868,24,,,1,30,,475869,24,,,1,73,,475870,24,,,1,30,,475871,24,,,1,70,,475872,24,,,1,30,,475873,24,,,1,70,,475874,24,,,1,30,,475875,24,,,1,70,,475876,24,,,1,30,,475877,24,,,1,70,,475878,24,,,1,30,,475879,24,,,1,70,,475880,24,,,1,30,,475881,24,,,1,70,,475882,24,,,1,30,,475883,24,,,1,70,,475884,24,,,1,30,,475885,24,,,1,70,,475886,24,,,1,30,,475887,24,,,1,100,,475888,24,,,1,97,,475889,24,,,1,100,,475890,24,,,1,100,,475891,24,,,1,100,,475892,24,,,1,105,,475893,24,,,1
16800,'CivHol26-Saturday-06-1',648,,475894,24,,,1,100,,475895,24,,,1,70,,475896,24,,,1,30,,475897,24,,,1,70,,475898,24,,,1,30,,475899,24,,,1,73,,475900,24,,,1,30,,475901,24,,,1,70,,475902,24,,,1,30,,475903,24,,,1,70,,475904,24,,,1,30,,475905,24,,,1,70,,475906,24,,,1,30,,475907,24,,,1,70,,475908,24,,,1,30,,475909,24,,,1,70,,475910,24,,,1,30,,475911,24,,,1,70,,475912,24,,,1,30,,475913,24,,,1,70,,475914,24,,,1,30,,475915,24,,,1,70,,475916,24,,,1,30,,475917,24,,,1,70,,475918,24,,,1,30,,475919,24,,,1,67,,475920,24,,,1,30,,475921,24,,,1,70,,475922,24,,,1,30,,475923,24,,,1,100,,475924,24,,,1,160,,475925,24,,,1
16800,'JUNDA26-Weekday-05-1',531,,475926,24,,,1,70,,475927,24,,,1,28,,475928,24,,,1,30,,475929,24,,,1,69,,475930,24,,,1,30,,475931,24,,,1,70,,475932,24,,,1,30,,475933,24,,,1,71,,475934,24,,,1,30,,475935,24,,,1,70,,475936,24,,,1,30,,475937,24,,,1,70,,475938,24,,,1,30,,475939,24,,,1,70,,475940,24,,,1,30,,475941,24,,,1,71,,475942,24,,,1,70,,475943,24,,,1,30,,475944,24,,,1,29,,475945,24,,,1,71,,475946,24,,,1,71,,475947,24,,,1,30,,475948,24,,,1,70,,475949,24,,,1,29,,475950,24,,,1,29,,475951,24,,,1,69,,475952,24,,,1,29,,475953,24,,,1,70,,475954,24,,,1,30,,475955,24,,,1,69,,475956,24,,,1,29,,475957,24,,,1,70,,475958,24,,,1,104,,475959,24,,,1,119,,475960,24,,,1
16800,'JUNSA26-Saturday-06-1',648,,475961,24,,,1,100,,475962,24,,,1,70,,475963,24,,,1,30,,475964,24,,,1,70,,475965,24,,,1,30,,475966,24,,,1,103,,475967,24,,,1,70,,475968,24,,,1,30,,475969,24,,,1,70,,475970,24,,,1,30,,475971,24,,,1,100,,475972,24,,,1,70,,475973,24,,,1,30,,475974,24,,,1,70,,475975,24,,,1,100,,475976,24,,,1,100,,475977,24,,,1,30,,475978,24,,,1,70,,475979,24,,,1,30,,475980,24,,,1,70,,475981,24,,,1,30,,475982,24,,,1,67,,475983,24,,,1,30,,475984,24,,,1,70,,475985,24,,,1,30,,475986,24,,,1,100,,475987,24,,,1,160,,475988,24,,,1
16800,'JUNSU26-Sunday-04-1',646,,475989,24,,,1,100,,475990,24,,,1,100,,475991,24,,,1,70,,475992,24,,,1,31,,475993,24,,,1,102,,475994,24,,,1,70,,475995,24,,,1,30,,475996,24,,,1,70,,475997,24,,,1,30,,475998,24,,,1,100,,475999,24,,,1,70,,476000,24,,,1,100,,476001,24,,,1,30,,476002,24,,,1,70,,476003,24,,,1,30,,476004,24,,,1,70,,476005,24,,,1,30,,476006,24,,,1,70,,476007,24,,,1,30,,476008,24,,,1,100,,476009,24,,,1,97,,476010,24,,,1,100,,476011,24,,,1,100,,476012,24,,,1,113,,476013,24,,,1
