6600,'1-1',1415,,599496,11,,,1,31,,599497,11,,,1,70,,599490,11,,,1,31,,599495,11,,,1,70,,599493,11,,,1,29,,599494,11,,,1,70,,599499,11,,,1,33,,599498,11,,,1,60,,599492,11,,,1,28,,599491,11,,,1
6600,'10-1',1415,,599506,11,,,1,31,,599500,11,,,1,70,,599507,11,,,1,31,,599505,11,,,1,70,,599504,11,,,1,29,,599503,11,,,1,70,,599509,11,,,1,33,,599501,11,,,1,60,,599502,11,,,1,28,,599508,11,,,1
6600,'11-1',1415,,599516,11,,,1,31,,599510,11,,,1,70,,599517,11,,,1,31,,599515,11,,,1,70,,599514,11,,,1,29,,599513,11,,,1,70,,599519,11,,,1,33,,599511,11,,,1,60,,599512,11,,,1,28,,599518,11,,,1
6600,'2-1',1415,,599526,11,,,1,31,,599520,11,,,1,70,,599527,11,,,1,31,,599525,11,,,1,70,,599524,11,,,1,29,,599523,11,,,1,70,,599529,11,,,1,33,,599521,11,,,1,60,,599522,11,,,1,28,,599528,11,,,1
6600,'6-1',1415,,599536,11,,,1,31,,599530,11,,,1,70,,599537,11,,,1,31,,599535,11,,,1,70,,599534,11,,,1,29,,599533,11,,,1,70,,599539,11,,,1,33,,599531,11,,,1,60,,599532,11,,,1,28,,599538,11,,,1
6600,'8-1',1415,,599546,11,,,1,31,,599540,11,,,1,70,,599547,11,,,1,31,,599545,11,,,1,70,,599544,11,,,1,29,,599543,11,,,1,70,,599549,11,,,1,33,,599541,11,,,1,60,,599542,11,,,1,28,,599548,11,,,1
6601,'1-1',612,,599556,15,,,1,25,,599551,15,,,1,70,,599554,15,,,1,30,,599557,15,,,1,72,,599550,15,,,1,13,,599555,15,,,1,32,,599552,15,,,1,68,,599558,15,,,1,21,,599553,15,,,1
6601,'10-1',612,,599559,15,,,1,25,,599562,15,,,1,70,,599564,15,,,1,30,,599560,15,,,1,72,,599566,15,,,1,13,,599561,15,,,1,32,,599567,15,,,1,68,,599563,15,,,1,21,,599565,15,,,1
6601,'11-1',612,,599568,15,,,1,25,,599571,15,,,1,70,,599573,15,,,1,30,,599569,15,,,1,72,,599575,15,,,1,13,,599570,15,,,1,32,,599576,15,,,1,68,,599572,15,,,1,21,,599574,15,,,1
6601,'2-1',612,,599577,15,,,1,25,,599580,15,,,1,70,,599582,15,,,1,30,,599578,15,,,1,72,,599584,15,,,1,13,,599579,15,,,1,32,,599585,15,,,1,68,,599581,15,,,1,21,,599583,15,,,1
6601,'6-1',612,,599586,15,,,1,25,,599589,15,,,1,70,,599591,15,,,1,30,,599587,15,,,1,72,,599593,15,,,1,13,,599588,15,,,1,32,,599594,15,,,1,68,,599590,15,,,1,21,,599592,15,,,1
6601,'8-1',612,,599595,15,,,1,25,,599598,15,,,1,70,,599600,15,,,1,30,,599596,15,,,1,72,,599602,15,,,1,13,,599597,15,,,1,32,,599603,15,,,1,68,,599599,15,,,1,21,,599601,15,,,1
