6100,'1-1',401,,504891,6,,,1,30,,504904,6,0,15 16,1,70,,504901,6,0,15 16,1,31,,504867,6,0,15 16,1,83,,504899,45,0,15 16,1,29,,504915,45,0,15 16,1,66,,504900,45,0,15 16,1,17,,504897,6,0,15 16,1,12,,504908,45,0,15 16,1,18,,504892,6,0,15 16,1,58,,504860,45,0,15 16,1,15,,504868,6,0,15 16,1,15,,504876,45,0,15 16,1,65,,504865,45,0,15 16,1,13,,504910,6,0,15 16,1,16,,504882,45,0,15 16,1,15,,504906,6,0,15 16,1,55,,504903,45,0,15 16,1,15,,504874,6,0,15 16,1,15,,504871,45,0,15 16,1,15,,504896,6,0,15 16,1,55,,504914,45,0,15 16,1,16,,504889,6,0,15 16,1,15,,504902,45,0,15 16,1,15,,504893,6,0,15 16,1,55,,504864,45,0,15 16,1,15,,504886,6,0,15 16,1,15,,504879,45,0,15 16,1,15,,504858,6,0,15 16,1,55,,504912,45,0,15 16,1,15,,504887,6,0,15 16,1,15,,504857,45,0,15 16,1,15,,504883,6,0,15 16,1,55,,504872,45,0,15 16,1,15,,504907,6,0,15 16,1,15,,504884,45,0,15 16,1,72,,504916,45,0,15 16,1,31,,504911,45,0,15 16,1,73,,504905,45,0,15 16,1,29,,504863,45,0,15 16,1,69,,504885,45,0,15 16,1,27,,504878,45,0,15 16,1,72,,504869,45,0,15 16,1,26,,504898,45,0,15 16,1,70,,504913,45,0,15 16,1,30,,504866,45,0,15 16,1,67,,504890,45,0,15 16,1,30,,504870,45,0,15 16,1,70,,504873,45,0,15 16,1,29,,504909,45,0,15 16,1,70,,504894,45,0,15 16,1,30,,504861,45,0,15 16,1,70,,504888,45,0,15 16,1,30,,504877,45,0,15 16,1,70,,504880,45,0,15 16,1,30,,504881,45,,,1,76,,504862,6,,,1,28,,504895,6,,,1,71,,504875,6,,,1,31,,504859,6,,,1
6100,'2-1',538,,504967,6,,,1,70,,504958,6,,,1,30,,504977,45,,,1,78,,504937,6,0,15 16,1,32,,504943,45,0,15 16,1,70,,504960,6,0,15 16,1,30,,504976,45,0,15 16,1,70,,504951,45,0,15 16,1,31,,504918,45,0,15 16,1,56,,504922,6,0,15 16,1,14,,504962,45,0,15 16,1,16,,504920,6,0,15 16,1,16,,504971,45,0,15 16,1,55,,504973,6,0,15 16,1,15,,504980,45,0,15 16,1,15,,504959,6,0,15 16,1,15,,504970,45,0,15 16,1,55,,504930,6,0,15 16,1,15,,504965,45,0,15 16,1,15,,504968,6,0,15 16,1,16,,504931,45,0,15 16,1,55,,504975,6,0,15 16,1,15,,504947,45,0,15 16,1,15,,504944,6,0,15 16,1,15,,504974,45,0,15 16,1,55,,504946,6,0,15 16,1,15,,504928,45,0,15 16,1,15,,504936,6,0,15 16,1,15,,504953,45,0,15 16,1,55,,504954,6,0,15 16,1,15,,504938,45,0,15 16,1,15,,504921,6,0,15 16,1,15,,504923,45,0,15 16,1,55,,504982,6,0,15 16,1,15,,504966,45,0,15 16,1,15,,504940,6,0,15 16,1,14,,504978,45,0,15 16,1,55,,504939,6,0,15 16,1,15,,504972,45,0,15 16,1,15,,504957,6,0,15 16,1,15,,504981,45,0,15 16,1,54,,504956,6,0,15 16,1,14,,504964,45,0,15 16,1,15,,504933,6,0,15 16,1,15,,504952,45,0,15 16,1,70,,504919,45,0,15 16,1,30,,504950,45,0,15 16,1,70,,504917,45,0,15 16,1,30,,504926,45,0,15 16,1,70,,504934,45,0,15 16,1,30,,504979,45,0,15 16,1,70,,504925,45,0,15 16,1,30,,504924,45,,,1,70,,504935,45,,,0,30,,504963,45,,,1,69,,504929,6,,,1,30,,504932,6,,,1,55,,504961,6,,,1,15,,504941,6,,,1,15,,504969,6,,,0,15,,504927,6,,,1,60,,504949,6,,,0,10,,504955,6,,,1,15,,504942,6,,,1,15,,504948,6,,,1,55,,504945,6,,,1
6100,'3-1',513,,504997,6,0,15 16,1,45,,504995,6,0,15 16,1,70,,505025,45,0,15 16,1,30,,504999,45,0,15 16,1,70,,505012,45,0,15 16,1,30,,505001,45,0,15 16,1,70,,505009,45,0,15 16,1,30,,505011,45,0,15 16,1,71,,505003,45,0,15 16,1,30,,505006,45,0,15 16,1,72,,504988,45,0,15 16,1,70,,504992,45,0,15 16,1,30,,505017,45,0,15 16,1,70,,505020,45,0,15 16,1,31,,504998,45,0,15 16,1,70,,505022,45,0,15 16,1,30,,505019,45,0,15 16,1,70,,504985,45,0,15 16,1,30,,505024,45,0,15 16,1,70,,504987,45,0,15 16,1,30,,505013,45,0,15 16,1,70,,505016,45,0,15 16,1,29,,505015,45,0,15 16,1,70,,504986,45,0,15 16,1,30,,504993,45,0,15 16,1,70,,505021,45,0,15 16,1,28,,505000,45,0,15 16,1,30,,504996,45,0,15 16,1,70,,504991,6,0,15 16,1,30,,505014,45,0,15 16,1,69,,504984,6,0,15 16,1,30,,504994,45,0,15 16,1,70,,505008,6,0,15 16,1,30,,505007,45,0,15 16,1,70,,504989,6,0,15 16,1,30,,505010,45,0,15 16,1,70,,505005,6,0,15 16,1,30,,505023,45,0,15 16,1,70,,505004,6,,,1,30,,504990,6,,,1,70,,504983,6,,,1,25,,505002,6,,,1,75,,505018,6,,,1
6100,'4-1',513,,505027,6,0,15 16,1,45,,505041,6,0,15 16,1,70,,505046,45,0,15 16,1,30,,505026,45,0,15 16,1,70,,505032,45,0,15 16,1,30,,505057,45,0,15 16,1,70,,505045,45,0,15 16,1,30,,505068,45,0,15 16,1,71,,505061,45,0,15 16,1,30,,505037,45,0,15 16,1,72,,505043,45,0,15 16,1,70,,505049,45,0,15 16,1,30,,505039,45,0,15 16,1,70,,505048,45,0,15 16,1,31,,505051,45,0,15 16,1,70,,505030,45,0,15 16,1,30,,505040,45,0,15 16,1,70,,505058,45,0,15 16,1,30,,505065,45,0,15 16,1,70,,505059,45,0,15 16,1,30,,505060,45,0,15 16,1,70,,505031,45,0,15 16,1,29,,505035,45,0,15 16,1,70,,505066,45,0,15 16,1,30,,505036,45,0,15 16,1,70,,505038,45,0,15 16,1,28,,505033,45,0,15 16,1,30,,505034,45,0,15 16,1,70,,505044,6,0,15 16,1,30,,505064,45,0,15 16,1,69,,505053,6,0,15 16,1,30,,505056,45,0,15 16,1,70,,505028,6,0,15 16,1,30,,505042,45,0,15 16,1,70,,505029,6,0,15 16,1,30,,505052,45,0,15 16,1,70,,505062,6,0,15 16,1,30,,505067,45,0,15 16,1,70,,505047,6,0,15 16,1,30,,505050,6,0,15 16,1,70,,505063,6,,,1,30,,505055,6,,,1,70,,505054,6,,,1
6100,'5-1',401,,505103,6,,,1,30,,505116,6,0,15 16,1,70,,505113,6,0,15 16,1,31,,505079,6,0,15 16,1,83,,505111,45,0,15 16,1,29,,505127,45,0,15 16,1,66,,505112,45,0,15 16,1,17,,505109,6,0,15 16,1,12,,505120,45,0,15 16,1,18,,505104,6,0,15 16,1,58,,505072,45,0,15 16,1,15,,505080,6,0,15 16,1,15,,505088,45,0,15 16,1,65,,505077,45,0,15 16,1,13,,505122,6,0,15 16,1,16,,505094,45,0,15 16,1,15,,505118,6,0,15 16,1,55,,505115,45,0,15 16,1,15,,505086,6,0,15 16,1,15,,505083,45,0,15 16,1,15,,505108,6,0,15 16,1,55,,505126,45,0,15 16,1,16,,505101,6,0,15 16,1,15,,505114,45,0,15 16,1,15,,505105,6,0,15 16,1,55,,505076,45,0,15 16,1,15,,505098,6,0,15 16,1,15,,505091,45,0,15 16,1,15,,505070,6,0,15 16,1,55,,505124,45,0,15 16,1,15,,505099,6,0,15 16,1,15,,505069,45,0,15 16,1,15,,505095,6,0,15 16,1,55,,505084,45,0,15 16,1,15,,505119,6,0,15 16,1,15,,505096,45,0,15 16,1,72,,505128,45,0,15 16,1,31,,505123,45,0,15 16,1,73,,505117,45,0,15 16,1,29,,505075,45,0,15 16,1,69,,505097,45,0,15 16,1,27,,505090,45,0,15 16,1,72,,505081,45,0,15 16,1,26,,505110,45,0,15 16,1,70,,505125,45,0,15 16,1,30,,505078,45,0,15 16,1,67,,505102,45,0,15 16,1,30,,505082,45,0,15 16,1,70,,505085,45,0,15 16,1,29,,505121,45,0,15 16,1,70,,505106,45,0,15 16,1,30,,505073,45,0,15 16,1,70,,505100,45,0,15 16,1,30,,505089,45,0,15 16,1,70,,505092,45,0,15 16,1,30,,505093,45,,,1,76,,505074,6,,,1,28,,505107,6,,,1,71,,505087,6,,,1,31,,505071,6,,,1
6100,'6-1',538,,505165,6,,,1,72,,505154,6,,,1,30,,505134,45,,,1,76,,505145,6,0,15 16,1,32,,505162,45,0,15 16,1,100,,505140,45,0,15 16,1,70,,505138,45,0,15 16,1,31,,505131,45,0,15 16,1,70,,505137,45,0,15 16,1,32,,505135,45,0,15 16,1,70,,505130,45,0,15 16,1,30,,505167,45,0,15 16,1,70,,505150,45,0,15 16,1,31,,505155,45,0,15 16,1,100,,505143,45,0,15 16,1,70,,505158,45,0,15 16,1,30,,505146,45,0,15 16,1,100,,505144,45,0,15 16,1,70,,505160,45,0,15 16,1,29,,505132,45,0,15 16,1,70,,505133,45,0,15 16,1,30,,505141,45,0,15 16,1,69,,505147,6,0,15 16,1,29,,505159,45,0,15 16,1,70,,505161,6,0,15 16,1,30,,505148,45,0,15 16,1,70,,505139,6,0,15 16,1,27,,505153,45,0,15 16,1,70,,505157,6,0,15 16,1,28,,505136,45,0,15 16,1,69,,505163,6,0,15 16,1,32,,505156,45,,,1,69,,505149,6,,,1,30,,505129,45,,,1,70,,505164,6,,,1,30,,505142,6,,,1,70,,505151,6,,,1,30,,505166,6,,,1,70,,505152,6,,,1
6100,'7-1',401,,505202,6,,,1,30,,505215,6,0,15 16,1,70,,505212,6,0,15 16,1,31,,505178,6,0,15 16,1,83,,505210,45,0,15 16,1,29,,505226,45,0,15 16,1,66,,505211,45,0,15 16,1,17,,505208,6,0,15 16,1,12,,505219,45,0,15 16,1,18,,505203,6,0,15 16,1,58,,505171,45,0,15 16,1,15,,505179,6,0,15 16,1,15,,505187,45,0,15 16,1,65,,505176,45,0,15 16,1,13,,505221,6,0,15 16,1,16,,505193,45,0,15 16,1,15,,505217,6,0,15 16,1,55,,505214,45,0,15 16,1,15,,505185,6,0,15 16,1,15,,505182,45,0,15 16,1,15,,505207,6,0,15 16,1,55,,505225,45,0,15 16,1,16,,505200,6,0,15 16,1,15,,505213,45,0,15 16,1,15,,505204,6,0,15 16,1,55,,505175,45,0,15 16,1,15,,505197,6,0,15 16,1,15,,505190,45,0,15 16,1,15,,505169,6,0,15 16,1,55,,505223,45,0,15 16,1,15,,505198,6,0,15 16,1,15,,505168,45,0,15 16,1,15,,505194,6,0,15 16,1,55,,505183,45,0,15 16,1,15,,505218,6,0,15 16,1,15,,505195,45,0,15 16,1,72,,505227,45,0,15 16,1,31,,505222,45,0,15 16,1,73,,505216,45,0,15 16,1,29,,505174,45,0,15 16,1,69,,505196,45,0,15 16,1,27,,505189,45,0,15 16,1,72,,505180,45,0,15 16,1,26,,505209,45,0,15 16,1,70,,505224,45,0,15 16,1,30,,505177,45,0,15 16,1,67,,505201,45,0,15 16,1,30,,505181,45,0,15 16,1,70,,505184,45,0,15 16,1,29,,505220,45,0,15 16,1,70,,505205,45,0,15 16,1,30,,505172,45,0,15 16,1,70,,505199,45,0,15 16,1,30,,505188,45,0,15 16,1,70,,505191,45,0,15 16,1,30,,505192,45,,,1,76,,505173,6,,,1,28,,505206,6,,,1,71,,505186,6,,,1,31,,505170,6,,,1
6100,'8-1',401,,505262,6,,,1,30,,505275,6,0,15 16,1,70,,505272,6,0,15 16,1,31,,505238,6,0,15 16,1,83,,505270,45,0,15 16,1,29,,505286,45,0,15 16,1,66,,505271,45,0,15 16,1,17,,505268,6,0,15 16,1,12,,505279,45,0,15 16,1,18,,505263,6,0,15 16,1,58,,505231,45,0,15 16,1,15,,505239,6,0,15 16,1,15,,505247,45,0,15 16,1,65,,505236,45,0,15 16,1,13,,505281,6,0,15 16,1,16,,505253,45,0,15 16,1,15,,505277,6,0,15 16,1,55,,505274,45,0,15 16,1,15,,505245,6,0,15 16,1,15,,505242,45,0,15 16,1,15,,505267,6,0,15 16,1,55,,505285,45,0,15 16,1,16,,505260,6,0,15 16,1,15,,505273,45,0,15 16,1,15,,505264,6,0,15 16,1,55,,505235,45,0,15 16,1,15,,505257,6,0,15 16,1,15,,505250,45,0,15 16,1,15,,505229,6,0,15 16,1,55,,505283,45,0,15 16,1,15,,505258,6,0,15 16,1,15,,505228,45,0,15 16,1,15,,505254,6,0,15 16,1,55,,505243,45,0,15 16,1,15,,505278,6,0,15 16,1,15,,505255,45,0,15 16,1,72,,505287,45,0,15 16,1,31,,505282,45,0,15 16,1,73,,505276,45,0,15 16,1,29,,505234,45,0,15 16,1,69,,505256,45,0,15 16,1,27,,505249,45,0,15 16,1,72,,505240,45,0,15 16,1,26,,505269,45,0,15 16,1,70,,505284,45,0,15 16,1,30,,505237,45,0,15 16,1,67,,505261,45,0,15 16,1,30,,505241,45,0,15 16,1,70,,505244,45,0,15 16,1,29,,505280,45,0,15 16,1,70,,505265,45,0,15 16,1,30,,505232,45,0,15 16,1,70,,505259,45,0,15 16,1,30,,505248,45,0,15 16,1,70,,505251,45,0,15 16,1,30,,505252,45,,,1,76,,505233,6,,,1,28,,505266,6,,,1,71,,505246,6,,,1,31,,505230,6,,,1
6100,'9-1',401,,505322,6,,,1,30,,505335,6,0,15 16,1,70,,505332,6,0,15 16,1,31,,505298,6,0,15 16,1,83,,505330,45,0,15 16,1,29,,505346,45,0,15 16,1,66,,505331,45,0,15 16,1,17,,505328,6,0,15 16,1,12,,505339,45,0,15 16,1,18,,505323,6,0,15 16,1,58,,505291,45,0,15 16,1,15,,505299,6,0,15 16,1,15,,505307,45,0,15 16,1,65,,505296,45,0,15 16,1,13,,505341,6,0,15 16,1,16,,505313,45,0,15 16,1,15,,505337,6,0,15 16,1,55,,505334,45,0,15 16,1,15,,505305,6,0,15 16,1,15,,505302,45,0,15 16,1,15,,505327,6,0,15 16,1,55,,505345,45,0,15 16,1,16,,505320,6,0,15 16,1,15,,505333,45,0,15 16,1,15,,505324,6,0,15 16,1,55,,505295,45,0,15 16,1,15,,505317,6,0,15 16,1,15,,505310,45,0,15 16,1,15,,505289,6,0,15 16,1,55,,505343,45,0,15 16,1,15,,505318,6,0,15 16,1,15,,505288,45,0,15 16,1,15,,505314,6,0,15 16,1,55,,505303,45,0,15 16,1,15,,505338,6,0,15 16,1,15,,505315,45,0,15 16,1,72,,505347,45,0,15 16,1,31,,505342,45,0,15 16,1,73,,505336,45,0,15 16,1,29,,505294,45,0,15 16,1,69,,505316,45,0,15 16,1,27,,505309,45,0,15 16,1,72,,505300,45,0,15 16,1,26,,505329,45,0,15 16,1,70,,505344,45,0,15 16,1,30,,505297,45,0,15 16,1,67,,505321,45,0,15 16,1,30,,505301,45,0,15 16,1,70,,505304,45,0,15 16,1,29,,505340,45,0,15 16,1,70,,505325,45,0,15 16,1,30,,505292,45,0,15 16,1,70,,505319,45,0,15 16,1,30,,505308,45,0,15 16,1,70,,505311,45,0,15 16,1,30,,505312,45,,,1,76,,505293,6,,,1,28,,505326,6,,,1,71,,505306,6,,,1,31,,505290,6,,,1
30100,'3-1',938,,530257,68,,,0
30100,'9-1',938,,530258,68,0,79,1
30300,'1-1',938,,530264,43,,,1
30300,'2-1',938,,530265,43,,,1
