9001,'1-1',533,,799996,33,,,1,70,,799977,33,,,1,30,,799966,33,,,1,70,,799969,33,,,1,30,,799967,33,,,1,70,,799988,33,,,1,30,,799991,33,,,1,70,,799980,33,,,1,30,,799963,33,,,1,70,,799994,33,,,1,30,,799993,33,,,1,70,,799968,33,,,1,30,,799962,33,,,1,70,,799978,33,,,1,31,,799990,33,,,1,70,,799992,33,,,1,30,,799986,33,,,1,70,,799973,33,,,1,30,,799995,33,,,1,70,,799961,33,,,1,30,,799971,33,,,1,70,,799970,33,,,1,30,,799964,33,,,1,70,,799989,33,,,1,30,,799983,33,,,1,70,,799985,33,,,1,30,,799965,33,,,1,70,,799987,33,,,1,30,,799982,33,,,1,70,,799981,33,,,1,29,,799984,33,,,1,70,,799975,33,,,1,29,,799997,33,,,1,70,,799979,33,,,1,30,,799976,33,,,1,70,,799974,33,,,1,30,,799972,33,,,1
9001,'10-1',727,,800025,33,,,1,30,,800005,33,,,1,70,,800000,33,,,1,30,,800004,33,,,1,70,,799999,33,,,1,30,,800018,33,,,1,70,,800026,33,,,1,30,,800023,33,,,1,70,,800012,33,,,1,30,,800030,33,,,1,71,,800021,33,,,1,30,,800028,33,,,1,70,,800008,33,,,1,30,,800024,33,,,1,70,,800022,33,,,1,30,,800006,33,,,1,70,,800011,33,,,1,30,,800001,33,,,1,70,,800007,33,,,1,30,,800027,33,,,1,70,,800003,33,,,1,30,,800009,33,,,1,70,,800016,33,,,1,30,,800013,33,,,1,70,,800010,33,,,1,30,,800015,33,,,1,69,,800002,33,,,1,30,,800014,33,,,1,69,,799998,33,,,1,30,,800017,33,,,1,70,,800029,33,,,1,30,,800020,33,,,1,70,,800019,33,,,1
9001,'11-1',430,,800089,33,,,1,100,,800043,33,,,1,19,,800094,33,,,1,59,,800085,33,,,1,16,,800032,33,,,1,15,,800059,33,,,1,15,,800052,33,,,1,55,,800079,33,,,1,23,,800054,33,,,1,16,,800092,33,,,1,53,,800039,33,,,1,15,,800053,33,,,1,17,,800055,33,,,1,17,,800062,33,,,1,53,,800041,33,,,1,13,,800050,33,,,1,15,,800048,33,,,1,15,,800070,33,,,1,55,,800038,33,,,1,15,,800044,33,,,1,15,,800065,33,,,1,15,,800046,33,,,1,55,,800091,33,,,1,15,,800035,33,,,1,15,,800047,33,,,1,15,,800086,33,,,1,55,,800066,33,,,1,15,,800045,33,,,1,15,,800060,33,,,1,15,,800082,33,,,1,55,,800063,33,,,1,15,,800069,33,,,1,15,,800067,33,,,1,15,,800074,33,,,1,55,,800077,33,,,1,15,,800072,33,,,1,15,,800056,33,,,1,15,,800068,33,,,1,55,,800051,33,,,1,18,,800080,33,,,1,15,,800049,33,,,1,15,,800088,33,,,1,55,,800033,33,,,1,15,,800084,33,,,1,15,,800057,33,,,1,15,,800071,33,,,1,55,,800058,33,,,1,15,,800095,33,,,1,13,,800078,33,,,1,15,,800073,33,,,1,57,,800087,33,,,1,30,,800083,33,,,1,71,,800042,33,,,1,32,,800075,33,,,1,70,,800081,33,,,1,27,,800034,33,,,1,70,,800037,33,,,1,30,,800076,33,,,1,70,,800040,33,,,1,29,,800090,33,,,1,70,,800031,33,,,1,30,,800064,33,,,1,26,,800093,33,,,1
9001,'12-1',727,,800123,33,,,1,30,,800103,33,,,1,70,,800098,33,,,1,30,,800102,33,,,1,70,,800097,33,,,1,30,,800116,33,,,1,70,,800124,33,,,1,30,,800121,33,,,1,70,,800110,33,,,1,30,,800128,33,,,1,71,,800119,33,,,1,30,,800126,33,,,1,70,,800106,33,,,1,30,,800122,33,,,1,70,,800120,33,,,1,30,,800104,33,,,1,70,,800109,33,,,1,30,,800099,33,,,1,70,,800105,33,,,1,30,,800125,33,,,1,70,,800101,33,,,1,30,,800107,33,,,1,70,,800114,33,,,1,30,,800111,33,,,1,70,,800108,33,,,1,30,,800113,33,,,1,69,,800100,33,,,1,30,,800112,33,,,1,69,,800096,33,,,1,30,,800115,33,,,1,70,,800127,33,,,1,30,,800118,33,,,1,70,,800117,33,,,1
9001,'2-1',727,,800156,33,,,1,30,,800136,33,,,1,70,,800131,33,,,1,30,,800135,33,,,1,70,,800130,33,,,1,30,,800149,33,,,1,70,,800157,33,,,1,30,,800154,33,,,1,70,,800143,33,,,1,30,,800161,33,,,1,71,,800152,33,,,1,30,,800159,33,,,1,70,,800139,33,,,1,30,,800155,33,,,1,70,,800153,33,,,1,30,,800137,33,,,1,70,,800142,33,,,1,30,,800132,33,,,1,70,,800138,33,,,1,30,,800158,33,,,1,70,,800134,33,,,1,30,,800140,33,,,1,70,,800147,33,,,1,30,,800144,33,,,1,70,,800141,33,,,1,30,,800146,33,,,1,69,,800133,33,,,1,30,,800145,33,,,1,69,,800129,33,,,1,30,,800148,33,,,1,70,,800160,33,,,1,30,,800151,33,,,1,70,,800150,33,,,1
9001,'3-1',430,,800220,33,,,1,100,,800174,33,,,1,19,,800225,33,,,1,59,,800216,33,,,1,16,,800163,33,,,1,15,,800190,33,,,1,15,,800183,33,,,1,55,,800210,33,,,1,23,,800185,33,,,1,16,,800223,33,,,1,53,,800170,33,,,1,15,,800184,33,,,1,17,,800186,33,,,1,17,,800193,33,,,1,53,,800172,33,,,1,13,,800181,33,,,1,15,,800179,33,,,1,15,,800201,33,,,1,55,,800169,33,,,1,15,,800175,33,,,1,15,,800196,33,,,1,15,,800177,33,,,1,55,,800222,33,,,1,15,,800166,33,,,1,15,,800178,33,,,1,15,,800217,33,,,1,55,,800197,33,,,1,15,,800176,33,,,1,15,,800191,33,,,1,15,,800213,33,,,1,55,,800194,33,,,1,15,,800200,33,,,1,15,,800198,33,,,1,15,,800205,33,,,1,55,,800208,33,,,1,15,,800203,33,,,1,15,,800187,33,,,1,15,,800199,33,,,1,55,,800182,33,,,1,18,,800211,33,,,1,15,,800180,33,,,1,15,,800219,33,,,1,55,,800164,33,,,1,15,,800215,33,,,1,15,,800188,33,,,1,15,,800202,33,,,1,55,,800189,33,,,1,15,,800226,33,,,1,13,,800209,33,,,1,15,,800204,33,,,1,57,,800218,33,,,1,30,,800214,33,,,1,71,,800173,33,,,1,32,,800206,33,,,1,70,,800212,33,,,1,27,,800165,33,,,1,70,,800168,33,,,1,30,,800207,33,,,1,70,,800171,33,,,1,29,,800221,33,,,1,70,,800162,33,,,1,30,,800195,33,,,1,26,,800224,33,,,1
9001,'4-1',430,,800285,33,,,1,100,,800239,33,,,1,19,,800290,33,,,1,59,,800281,33,,,1,16,,800228,33,,,1,15,,800255,33,,,1,15,,800248,33,,,1,55,,800275,33,,,1,23,,800250,33,,,1,16,,800288,33,,,1,53,,800235,33,,,1,15,,800249,33,,,1,17,,800251,33,,,1,17,,800258,33,,,1,53,,800237,33,,,1,13,,800246,33,,,1,15,,800244,33,,,1,15,,800266,33,,,1,55,,800234,33,,,1,15,,800240,33,,,1,15,,800261,33,,,1,15,,800242,33,,,1,55,,800287,33,,,1,15,,800231,33,,,1,15,,800243,33,,,1,15,,800282,33,,,1,55,,800262,33,,,1,15,,800241,33,,,1,15,,800256,33,,,1,15,,800278,33,,,1,55,,800259,33,,,1,15,,800265,33,,,1,15,,800263,33,,,1,15,,800270,33,,,1,55,,800273,33,,,1,15,,800268,33,,,1,15,,800252,33,,,1,15,,800264,33,,,1,55,,800247,33,,,1,18,,800276,33,,,1,15,,800245,33,,,1,15,,800284,33,,,1,55,,800229,33,,,1,15,,800280,33,,,1,15,,800253,33,,,1,15,,800267,33,,,1,55,,800254,33,,,1,15,,800291,33,,,1,13,,800274,33,,,1,15,,800269,33,,,1,57,,800283,33,,,1,30,,800279,33,,,1,71,,800238,33,,,1,32,,800271,33,,,1,70,,800277,33,,,1,27,,800230,33,,,1,70,,800233,33,,,1,30,,800272,33,,,1,70,,800236,33,,,1,29,,800286,33,,,1,70,,800227,33,,,1,30,,800260,33,,,1,26,,800289,33,,,1
9001,'5-1',430,,800350,33,,,1,100,,800304,33,,,1,19,,800355,33,,,1,59,,800346,33,,,1,16,,800293,33,,,1,15,,800320,33,,,1,15,,800313,33,,,1,55,,800340,33,,,1,23,,800315,33,,,1,16,,800353,33,,,1,53,,800300,33,,,1,15,,800314,33,,,1,17,,800316,33,,,1,17,,800323,33,,,1,53,,800302,33,,,1,13,,800311,33,,,1,15,,800309,33,,,1,15,,800331,33,,,1,55,,800299,33,,,1,15,,800305,33,,,1,15,,800326,33,,,1,15,,800307,33,,,1,55,,800352,33,,,1,15,,800296,33,,,1,15,,800308,33,,,1,15,,800347,33,,,1,55,,800327,33,,,1,15,,800306,33,,,1,15,,800321,33,,,1,15,,800343,33,,,1,55,,800324,33,,,1,15,,800330,33,,,1,15,,800328,33,,,1,15,,800335,33,,,1,55,,800338,33,,,1,15,,800333,33,,,1,15,,800317,33,,,1,15,,800329,33,,,1,55,,800312,33,,,1,18,,800341,33,,,1,15,,800310,33,,,1,15,,800349,33,,,1,55,,800294,33,,,1,15,,800345,33,,,1,15,,800318,33,,,1,15,,800332,33,,,1,55,,800319,33,,,1,15,,800356,33,,,1,13,,800339,33,,,1,15,,800334,33,,,1,57,,800348,33,,,1,30,,800344,33,,,1,71,,800303,33,,,1,32,,800336,33,,,1,70,,800342,33,,,1,27,,800295,33,,,1,70,,800298,33,,,1,30,,800337,33,,,1,70,,800301,33,,,1,29,,800351,33,,,1,70,,800292,33,,,1,30,,800325,33,,,1,26,,800354,33,,,1
9001,'6-1',727,,800377,33,,,1,30,,800359,33,,,1,70,,800357,33,,,1,30,,800360,33,,,1,70,,800379,33,,,1,30,,800389,33,,,1,70,,800388,33,,,1,30,,800366,33,,,1,70,,800370,33,,,1,30,,800364,33,,,1,71,,800374,33,,,1,30,,800383,33,,,1,70,,800380,33,,,1,30,,800376,33,,,1,70,,800382,33,,,1,30,,800365,33,,,1,70,,800367,33,,,1,30,,800381,33,,,1,70,,800385,33,,,1,30,,800363,33,,,1,70,,800378,33,,,1,30,,800387,33,,,1,70,,800368,33,,,1,30,,800362,33,,,1,70,,800375,33,,,1,30,,800361,33,,,1,69,,800372,33,,,1,30,,800373,33,,,1,69,,800358,33,,,1,30,,800384,33,,,1,70,,800371,33,,,1,30,,800386,33,,,1,70,,800369,33,,,1
9001,'7-1',727,,800410,33,,,1,30,,800392,33,,,1,70,,800390,33,,,1,30,,800393,33,,,1,70,,800412,33,,,1,30,,800422,33,,,1,70,,800421,33,,,1,30,,800399,33,,,1,70,,800403,33,,,1,30,,800397,33,,,1,71,,800407,33,,,1,30,,800416,33,,,1,70,,800413,33,,,1,30,,800409,33,,,1,70,,800415,33,,,1,30,,800398,33,,,1,70,,800400,33,,,1,30,,800414,33,,,1,70,,800418,33,,,1,30,,800396,33,,,1,70,,800411,33,,,1,30,,800420,33,,,1,70,,800401,33,,,1,30,,800395,33,,,1,70,,800408,33,,,1,30,,800394,33,,,1,69,,800405,33,,,1,30,,800406,33,,,1,69,,800391,33,,,1,30,,800417,33,,,1,70,,800404,33,,,1,30,,800419,33,,,1,70,,800402,33,,,1
9001,'8-1',430,,800481,33,,,1,100,,800435,33,,,1,19,,800486,33,,,1,59,,800477,33,,,1,16,,800424,33,,,1,15,,800451,33,,,1,15,,800444,33,,,1,55,,800471,33,,,1,23,,800446,33,,,1,16,,800484,33,,,1,53,,800431,33,,,1,15,,800445,33,,,1,17,,800447,33,,,1,17,,800454,33,,,1,53,,800433,33,,,1,13,,800442,33,,,1,15,,800440,33,,,1,15,,800462,33,,,1,55,,800430,33,,,1,15,,800436,33,,,1,15,,800457,33,,,1,15,,800438,33,,,1,55,,800483,33,,,1,15,,800427,33,,,1,15,,800439,33,,,1,15,,800478,33,,,1,55,,800458,33,,,1,15,,800437,33,,,1,15,,800452,33,,,1,15,,800474,33,,,1,55,,800455,33,,,1,15,,800461,33,,,1,15,,800459,33,,,1,15,,800466,33,,,1,55,,800469,33,,,1,15,,800464,33,,,1,15,,800448,33,,,1,15,,800460,33,,,1,55,,800443,33,,,1,18,,800472,33,,,1,15,,800441,33,,,1,15,,800480,33,,,1,55,,800425,33,,,1,15,,800476,33,,,1,15,,800449,33,,,1,15,,800463,33,,,1,55,,800450,33,,,1,15,,800487,33,,,1,13,,800470,33,,,1,15,,800465,33,,,1,57,,800479,33,,,1,30,,800475,33,,,1,71,,800434,33,,,1,32,,800467,33,,,1,70,,800473,33,,,1,27,,800426,33,,,1,70,,800429,33,,,1,30,,800468,33,,,1,70,,800432,33,,,1,29,,800482,33,,,1,70,,800423,33,,,1,30,,800456,33,,,1,26,,800485,33,,,1
9001,'9-1',533,,800523,33,,,1,70,,800510,33,,,1,30,,800499,33,,,1,70,,800522,33,,,1,30,,800520,33,,,1,70,,800501,33,,,1,30,,800507,33,,,1,70,,800496,33,,,1,30,,800493,33,,,1,70,,800511,33,,,1,30,,800513,33,,,1,70,,800495,33,,,1,30,,800509,33,,,1,70,,800518,33,,,1,31,,800524,33,,,1,70,,800488,33,,,1,30,,800519,33,,,1,70,,800521,33,,,1,30,,800492,33,,,1,70,,800494,33,,,1,30,,800504,33,,,1,70,,800489,33,,,1,30,,800516,33,,,1,70,,800491,33,,,1,30,,800508,33,,,1,70,,800497,33,,,1,30,,800517,33,,,1,70,,800515,33,,,1,30,,800514,33,,,1,70,,800498,33,,,1,29,,800490,33,,,1,70,,800506,33,,,1,29,,800512,33,,,1,70,,800503,33,,,1,30,,800500,33,,,1,70,,800505,33,,,1,30,,800502,33,,,1
