61800,'1',757,,1199026,40,,,1,44,,1087237,40,,,1
61800,'10',757,,1199027,40,,,1,44,,1087046,40,,,1
61800,'11',757,,1199028,40,,,1,44,,1087292,40,,,1
61800,'12',757,,1199029,40,,,1,44,,1199030,40,,,1
61800,'14',757,,1199031,40,,,1,44,,1199032,40,,,1
61800,'15',757,,1199033,40,,,1,44,,1199034,40,,,1
61800,'16',757,,1199035,40,,,1,44,,1199036,40,,,1
61800,'5',757,,1199037,40,,,1,44,,1087199,40,,,1
61800,'6',757,,1009631,40,,,1,44,,1199038,40,,,1
61800,'8',757,,1199039,40,,,1,44,,1199040,40,,,1
61800,'9',757,,1199041,40,,,1,44,,1087108,40,,,1
67800,'1',817,,1200348,34,,,1
67800,'10',817,,1200349,34,,,1
67800,'11',817,,1200350,34,,,1
67800,'12',817,,1200351,34,,,1
67800,'14',817,,1200352,34,,,1
67800,'15',817,,1200353,34,,,1
67800,'16',817,,1089228,34,,,1
67800,'5',817,,1200354,34,,,1
67800,'6',817,,1200355,34,,,1
67800,'8',817,,1200356,34,,,1
67800,'9',817,,1200357,34,,,1
