5100,'1',603,,1146508,43,,,1,100,,1146518,43,,,1,29,,954026,43,,,1,83,,1146513,43,,,1,30,,1068009,43,,,1,67,,1146514,43,,,1,30,,1146503,43,,,1,70,,1091282,43,,,1,32,,1146505,35,,,1,70,,1146502,35,,,1,30,,983735,35,,,1,71,,1146526,35,,,1,32,,1082793,35,,,1,70,,1146512,35,,,1,30,,1146507,35,,,1,70,,1146519,35,,,1,31,,1146510,35,,,1,63,,1146528,2,,,1,37,,1146520,35,,,1,72,,1146501,35,,,1,32,,1146517,35,,,1,70,,1146515,35,,,1,33,,1146521,35,,,1,70,,1146523,35,,,1,25,,1146506,35,,,1,69,,1146511,35,,,1,25,,1146525,35,,,1,68,,1146527,35,,,1,28,,1146509,35,,,1,69,,1045542,35,,,1,29,,1146504,35,,,1,65,,1146516,35,,,1,29,,1146522,35,,,1
5100,'10',603,,1146536,43,,,1,100,,1146546,43,,,1,29,,953554,43,,,1,83,,1146541,43,,,1,30,,1067793,43,,,1,67,,1146542,43,,,1,30,,1146531,43,,,1,70,,1091005,43,,,1,32,,1146533,35,,,1,70,,1146530,35,,,1,30,,983449,35,,,1,71,,1146554,35,,,1,32,,1082733,35,,,1,70,,1146540,35,,,1,30,,1146535,35,,,1,70,,1146547,35,,,1,31,,1146538,35,,,1,63,,1146556,2,,,1,37,,1146548,35,,,1,72,,1146529,35,,,1,32,,1146545,35,,,1,70,,1146543,35,,,1,33,,1146549,35,,,1,70,,1146551,35,,,1,25,,1146534,35,,,1,69,,1146539,35,,,1,25,,1146553,35,,,1,68,,1146555,35,,,1,28,,1146537,35,,,1,69,,1045705,35,,,1,29,,1146532,35,,,1,65,,1146544,35,,,1,29,,1146550,35,,,1
5100,'11',603,,1146564,43,,,1,100,,1146574,43,,,1,29,,953959,43,,,1,83,,1146569,43,,,1,30,,1068063,43,,,1,67,,1146570,43,,,1,30,,1146559,43,,,1,70,,1091356,43,,,1,32,,1146561,35,,,1,70,,1146558,35,,,1,30,,983699,35,,,1,71,,1146582,35,,,1,32,,1082813,35,,,1,70,,1146568,35,,,1,30,,1146563,35,,,1,70,,1146575,35,,,1,31,,1146566,35,,,1,63,,1146584,2,,,1,37,,1146576,35,,,1,72,,1146557,35,,,1,32,,1146573,35,,,1,70,,1146571,35,,,1,33,,1146577,35,,,1,70,,1146579,35,,,1,25,,1146562,35,,,1,69,,1146567,35,,,1,25,,1146581,35,,,1,68,,1146583,35,,,1,28,,1146565,35,,,1,69,,1045493,35,,,1,29,,1146560,35,,,1,65,,1146572,35,,,1,29,,1146578,35,,,1
5100,'12',603,,1146595,43,,,1,100,,1146602,43,,,1,29,,1146614,43,,,1,83,,1146592,43,,,1,30,,1146598,43,,,1,67,,1146611,43,,,1,30,,1146610,43,,,1,70,,1146589,43,,,1,32,,1146593,35,,,1,70,,1010636,35,,,1,30,,1066452,35,,,1,71,,1146612,35,,,1,32,,1146607,35,,,1,70,,1146613,35,,,1,30,,1079329,35,,,1,70,,1146601,35,,,1,31,,1146590,35,,,1,63,,1146604,2,,,1,37,,1146591,35,,,1,72,,1146596,35,,,1,32,,1146609,35,,,1,70,,1093316,35,,,1,33,,1146599,35,,,1,70,,1146587,35,,,1,25,,1146605,35,,,1,69,,1146588,35,,,1,25,,1146585,35,,,1,68,,1146606,35,,,1,28,,1146597,35,,,1,69,,1146600,35,,,1,29,,1146594,35,,,1,65,,1146603,35,,,1,29,,1146608,35,,,1
5100,'13',823,,1146635,35,,,1,100,,1146621,35,,,1,30,,1146630,35,,,1,71,,1078989,35,,,1,30,,1146631,35,,,1,70,,1146616,35,,,1,30,,1146633,35,,,1,70,,1146624,35,,,1,30,,998336,35,,,1,70,,1077842,35,,,1,30,,1146623,35,,,1,71,,1146619,35,,,1,30,,1146636,35,,,1,70,,1146622,35,,,1,30,,1146632,35,,,1,69,,1146637,35,,,1,30,,1062014,35,,,1,70,,1146615,35,,,1,30,,1146618,35,,,1,69,,1146627,35,,,1,30,,1146634,35,,,1,70,,1146617,35,,,1,30,,1146628,35,,,1,69,,1146620,35,,,1,31,,1067222,15,,,1,69,,1146626,35,,,1,100,,1146629,35,,,1,100,,1146625,35,,,1
5100,'14',603,,1146648,43,,,1,100,,1146658,43,,,1,29,,1146662,43,,,1,83,,1146653,43,,,1,30,,1146645,43,,,1,67,,1146654,43,,,1,30,,1146641,43,,,1,70,,1146640,43,,,1,32,,1146644,35,,,1,70,,1146639,35,,,1,30,,1146643,35,,,1,71,,1146667,35,,,1,32,,1146668,35,,,1,70,,1146652,35,,,1,30,,1146647,35,,,1,70,,1146659,35,,,1,31,,1146650,35,,,1,63,,1146671,2,,,1,37,,1146660,35,,,1,72,,1146638,35,,,1,32,,1146657,35,,,1,70,,1146655,35,,,1,33,,1146661,35,,,1,70,,1146664,35,,,1,25,,1146646,35,,,1,69,,1146651,35,,,1,25,,1146666,35,,,1,68,,1146670,35,,,1,28,,1146649,35,,,1,69,,1146669,35,,,1,29,,1146642,35,,,1,65,,1146656,35,,,1,29,,1146663,35,,,1
5100,'15',603,,1146672,43,,,1,100,,1146680,43,,,1,29,,1146684,43,,,1,83,,1146677,43,,,1,30,,1146699,43,,,1,67,,1146678,43,,,1,30,,1146687,43,,,1,70,,1146700,43,,,1,32,,1146685,35,,,1,70,,1146673,35,,,1,30,,1146705,35,,,1,71,,1146682,35,,,1,32,,1146694,35,,,1,70,,1146689,35,,,1,30,,1146703,35,,,1,70,,1146674,35,,,1,31,,1146676,35,,,1,63,,1146693,2,,,1,37,,1146695,35,,,1,72,,1146683,35,,,1,32,,1146701,35,,,1,70,,1146704,35,,,1,33,,1146679,35,,,1,70,,1146675,35,,,1,25,,1146691,35,,,1,69,,1146688,35,,,1,25,,1146692,35,,,1,68,,1146686,35,,,1,28,,1146702,35,,,1,69,,1146690,35,,,1,29,,1146696,35,,,1,65,,1146697,35,,,1,29,,1146698,35,,,1
5100,'16',603,,1146718,43,,,1,100,,1146724,43,,,1,29,,1146735,43,,,1,83,,1146715,43,,,1,30,,1070973,43,,,1,67,,1146732,43,,,1,30,,1077514,43,,,1,70,,1146712,43,,,1,32,,1146716,35,,,1,70,,1146709,35,,,1,30,,1146708,35,,,1,71,,1146733,35,,,1,32,,1146729,35,,,1,70,,1146734,35,,,1,30,,1146737,35,,,1,70,,1146723,35,,,1,31,,1146713,35,,,1,63,,1146726,2,,,1,37,,1146714,35,,,1,72,,1146719,35,,,1,32,,1146731,35,,,1,70,,1146736,35,,,1,33,,1146721,35,,,1,70,,1146710,35,,,1,25,,1146727,35,,,1,69,,1146711,35,,,1,25,,1146706,35,,,1,68,,1146728,35,,,1,28,,1146720,35,,,1,69,,1146722,35,,,1,29,,1146717,35,,,1,65,,1146725,35,,,1,29,,1146730,35,,,1
5100,'17',823,,1146761,35,,,1,100,,1146746,35,,,1,30,,1146756,35,,,1,71,,1146740,35,,,1,30,,1146757,35,,,1,70,,1146741,35,,,1,30,,1146759,35,,,1,70,,1146750,35,,,1,30,,1146763,35,,,1,70,,1146747,35,,,1,30,,1146749,35,,,1,71,,1146744,35,,,1,30,,1146762,35,,,1,70,,1146748,35,,,1,30,,1146758,35,,,1,69,,1146765,35,,,1,30,,1146764,35,,,1,70,,1146739,35,,,1,30,,1146743,35,,,1,69,,1146753,35,,,1,30,,1146760,35,,,1,70,,1146742,35,,,1,30,,1146754,35,,,1,69,,1146745,35,,,1,31,,1146738,15,,,1,69,,1146752,35,,,1,100,,1146755,35,,,1,100,,1146751,35,,,1
5100,'2',657,,1146783,35,,,1,100,,1146794,35,,,1,71,,1146785,35,,,1,30,,1146779,35,,,1,70,,1146774,35,,,1,30,,1146769,35,,,1,71,,1146770,35,,,1,30,,1146773,35,,,1,70,,1146784,35,,,1,30,,1146772,35,,,1,70,,1146771,35,,,1,30,,1146767,35,,,1,70,,1146780,35,,,1,30,,1146792,35,,,1,71,,1146789,35,,,1,70,,1064550,35,,,1,30,,1146793,35,,,1,70,,1146776,35,,,1,29,,1146768,35,,,1,30,,1146766,35,,,1,70,,1146791,35,,,1,30,,1146786,35,,,1,69,,1146777,35,,,1,30,,1146788,35,,,1,70,,1146781,20,,,1,30,,1146782,35,,,1,69,,1146787,20,,,1,30,,1146795,35,,,1,100,,1146778,35,,,1,70,,1146775,20,,,1,32,,1146790,35,,,1
5100,'3',823,,1146819,35,,,1,100,,1146804,35,,,1,30,,1146814,35,,,1,71,,1146798,35,,,1,30,,1146815,35,,,1,70,,1146799,35,,,1,30,,1146817,35,,,1,70,,1146808,35,,,1,30,,1146821,35,,,1,70,,1146805,35,,,1,30,,1146807,35,,,1,71,,1146802,35,,,1,30,,1146820,35,,,1,70,,1146806,35,,,1,30,,1146816,35,,,1,69,,1146823,35,,,1,30,,1146822,35,,,1,70,,1146797,35,,,1,30,,1146801,35,,,1,69,,1146811,35,,,1,30,,1146818,35,,,1,70,,1146800,35,,,1,30,,1146812,35,,,1,69,,1146803,35,,,1,31,,1146796,15,,,1,69,,1146810,35,,,1,100,,1146813,35,,,1,100,,1146809,35,,,1
5100,'4',823,,1146839,35,,,1,100,,1146836,35,,,1,30,,1146848,35,,,1,71,,1146845,35,,,1,30,,1146847,35,,,1,70,,1146838,35,,,1,30,,1146846,35,,,1,70,,1146840,35,,,1,30,,1146841,35,,,1,70,,1146831,35,,,1,30,,1146830,35,,,1,71,,1146824,35,,,1,30,,1146849,35,,,1,70,,1146833,35,,,1,30,,1146832,35,,,1,69,,1146826,35,,,1,30,,1146842,35,,,1,70,,1069526,35,,,1,30,,1146837,35,,,1,69,,1146829,35,,,1,30,,1146850,35,,,1,70,,1146834,35,,,1,30,,1146825,35,,,1,69,,1146844,35,,,1,31,,1146835,15,,,1,69,,1146828,35,,,1,100,,1146827,35,,,1,100,,1146843,35,,,1
5100,'5',603,,1146858,43,,,1,100,,1146868,43,,,1,29,,954229,43,,,1,83,,1146863,43,,,1,30,,1067976,43,,,1,67,,1146864,43,,,1,30,,1146853,43,,,1,70,,1091239,43,,,1,32,,1146855,35,,,1,70,,1146852,35,,,1,30,,983850,35,,,1,71,,1146876,35,,,1,32,,1082773,35,,,1,70,,1146862,35,,,1,30,,1146857,35,,,1,70,,1146869,35,,,1,31,,1146860,35,,,1,63,,1146878,2,,,1,37,,1146870,35,,,1,72,,1146851,35,,,1,32,,1146867,35,,,1,70,,1146865,35,,,1,33,,1146871,35,,,1,70,,1146873,35,,,1,25,,1146856,35,,,1,69,,1146861,35,,,1,25,,1146875,35,,,1,68,,1146877,35,,,1,28,,1146859,35,,,1,69,,1045276,35,,,1,29,,1146854,35,,,1,65,,1146866,35,,,1,29,,1146872,35,,,1
5100,'6',603,,1103508,43,,,1,100,,1146895,43,,,1,29,,1034059,43,,,1,83,,1146886,43,,,1,30,,1146891,43,,,1,67,,1146903,43,,,1,30,,1146902,43,,,1,70,,1146883,43,,,1,32,,1146887,35,,,1,70,,1146880,35,,,1,30,,1146879,35,,,1,71,,1026605,35,,,1,32,,1146900,35,,,1,70,,1146904,35,,,1,30,,1146906,35,,,1,70,,1146894,35,,,1,31,,1146884,35,,,1,63,,1146897,2,,,1,37,,1146885,35,,,1,72,,1146889,35,,,1,32,,1033211,35,,,1,70,,1146905,35,,,1,33,,1146892,35,,,1,70,,1146881,35,,,1,25,,1146898,35,,,1,69,,1146882,35,,,1,25,,1062232,35,,,1,68,,1146899,35,,,1,28,,1146890,35,,,1,69,,1146893,35,,,1,29,,1146888,35,,,1,65,,1146896,35,,,1,29,,1146901,35,,,1
5100,'7',657,,1146910,35,,,1,100,,1146926,35,,,1,71,,1146935,35,,,1,30,,1146918,35,,,1,70,,1146933,35,,,1,30,,1146912,35,,,1,71,,1146929,35,,,1,30,,1146915,35,,,1,70,,1146934,35,,,1,30,,1146921,35,,,1,70,,1146916,35,,,1,30,,1146931,35,,,1,70,,1146909,35,,,1,30,,1146923,35,,,1,71,,1146919,35,,,1,70,,1146927,35,,,1,30,,1146925,35,,,1,70,,1146924,35,,,1,29,,1146920,35,,,1,30,,1146930,35,,,1,70,,1146928,35,,,1,30,,1146937,35,,,1,69,,1146917,35,,,1,30,,1146936,35,,,1,70,,1146907,20,,,1,30,,1146914,35,,,1,69,,1146932,20,,,1,30,,1146908,35,,,1,100,,1146913,35,,,1,70,,1146922,20,,,1,32,,1146911,35,,,1
5100,'8',603,,1146950,43,,,1,100,,1146957,43,,,1,29,,1146969,43,,,1,83,,1146947,43,,,1,30,,1146953,43,,,1,67,,1146966,43,,,1,30,,1146965,43,,,1,70,,1146944,43,,,1,32,,1146948,35,,,1,70,,1146941,35,,,1,30,,1146940,35,,,1,71,,1146967,35,,,1,32,,1146962,35,,,1,70,,1146968,35,,,1,30,,1146971,35,,,1,70,,1146956,35,,,1,31,,1146945,35,,,1,63,,1146959,2,,,1,37,,1146946,35,,,1,72,,1146951,35,,,1,32,,1146964,35,,,1,70,,1146970,35,,,1,33,,1146954,35,,,1,70,,1146942,35,,,1,25,,1146960,35,,,1,69,,1146943,35,,,1,25,,1146938,35,,,1,68,,1146961,35,,,1,28,,1146952,35,,,1,69,,1146955,35,,,1,29,,1146949,35,,,1,65,,1146958,35,,,1,29,,1146963,35,,,1
5100,'9',603,,1146979,43,,,1,100,,1146989,43,,,1,29,,954162,43,,,1,83,,1146984,43,,,1,30,,1067865,43,,,1,67,,1146985,43,,,1,30,,1146974,43,,,1,70,,1091089,43,,,1,32,,1146976,35,,,1,70,,1146973,35,,,1,30,,983814,35,,,1,71,,1146997,35,,,1,32,,1082753,35,,,1,70,,1146983,35,,,1,30,,1146978,35,,,1,70,,1146990,35,,,1,31,,1146981,35,,,1,63,,1146999,2,,,1,37,,1146991,35,,,1,72,,1146972,35,,,1,32,,1146988,35,,,1,70,,1146986,35,,,1,33,,1146992,35,,,1,70,,1146994,35,,,1,25,,1146977,35,,,1,69,,1146982,35,,,1,25,,1146996,35,,,1,68,,1146998,35,,,1,28,,1146980,35,,,1,69,,1045591,35,,,1,29,,1146975,35,,,1,65,,1146987,35,,,1,29,,1146993,35,,,1
