11100,'1',523,,1185453,26,0,86 87,1,86,,1185413,26,0,86 87,1,15,,1185422,26,0,86 87,1,15,,996770,26,,,1,17,,1185442,26,0,86 87,1,55,,1185446,26,,,1,15,,1185460,26,0,86 87,1,15,,1185410,26,,,1,59,,1185420,26,0,86 87,1,15,,1185418,26,,,1,7,,1083586,26,0,86 87,1,18,,1185411,26,,,1,12,,1185443,26,0,86 87,1,55,,1185439,26,,,1,15,,1185440,26,0,86 87,1,15,,1090490,26,,,1,15,,1017932,26,0,86 87,1,60,,1185455,26,,,1,15,,1185428,26,0,86 87,1,15,,1185459,26,,,1,15,,1093792,26,0,86 87,1,55,,1185454,26,,,1,15,,1185424,26,0,86 87,1,15,,1062119,26,,,1,15,,1185419,26,0,86 87,1,55,,1185435,26,,,1,15,,1185406,26,0,86 87,1,15,,1185409,26,,,1,15,,1068642,26,0,86 87,1,55,,1185426,26,,,1,15,,1185457,26,0,86 87,1,15,,1185412,26,,,1,12,,1185436,26,0,86 87,1,55,,1032823,26,,,1,19,,1185444,26,0,86 87,1,14,,1185450,26,,,1,3,,1185449,31,0,86 87,1,8,,1077026,31,0,86 87,1,4,,1185421,26,0,86 87,1,55,,1185423,26,,,1,18,,1064678,26,0,86 87,1,14,,1185433,26,,,1,57,,1185437,26,0,86 87,1,16,,1185417,26,,,1,17,,1185408,26,0,86 87,1,15,,1185429,26,,,1,55,,1185434,26,0,86 87,1,15,,1185432,26,,,1,15,,1185447,26,0,86 87,1,13,,1092441,26,,,1,56,,1185414,26,0,86 87,1,14,,1185451,26,,,1,26,,1185425,26,,,1,15,,1185407,26,0,86 87,1,55,,1185452,26,,,1,11,,1185416,26,0,86 87,1,15,,1185458,26,,,1,15,,1014100,26,0,86 87,1,55,,1185441,26,,,1,15,,1092169,26,0,86 87,1,15,,1185438,26,,,1,15,,1185456,26,0,86 87,1,55,,1185415,26,,,1,15,,1003375,26,0,86 87,1,15,,1185448,26,,,1,15,,1185405,26,0,86 87,1,55,,1185427,26,,,1,15,,1185431,26,0,86 87,1,20,,1185445,26,0,86 87,1,60,,1039387,26,0,86 87,1,32,,1100551,26,0,86 87,1,78,,1185430,26,0,86 87,1
11100,'10',523,,1185509,26,0,86 87,1,86,,1185469,26,0,86 87,1,15,,1185478,26,0,86 87,1,15,,996919,26,,,1,17,,1185498,26,0,86 87,1,55,,1185502,26,,,1,15,,1185516,26,0,86 87,1,15,,1185466,26,,,1,59,,1185476,26,0,86 87,1,15,,1185474,26,,,1,7,,1083347,26,0,86 87,1,18,,1185467,26,,,1,12,,1185499,26,0,86 87,1,55,,1185495,26,,,1,15,,1185496,26,0,86 87,1,15,,1090333,26,,,1,15,,1018075,26,0,86 87,1,60,,1185511,26,,,1,15,,1185484,26,0,86 87,1,15,,1185515,26,,,1,15,,1093592,26,0,86 87,1,55,,1185510,26,,,1,15,,1185480,26,0,86 87,1,15,,1061886,26,,,1,15,,1185475,26,0,86 87,1,55,,1185491,26,,,1,15,,1185462,26,0,86 87,1,15,,1185465,26,,,1,15,,1068597,26,0,86 87,1,55,,1185482,26,,,1,15,,1185513,26,0,86 87,1,15,,1185468,26,,,1,12,,1185492,26,0,86 87,1,55,,1033000,26,,,1,19,,1185500,26,0,86 87,1,14,,1185506,26,,,1,3,,1185505,31,0,86 87,1,8,,1076802,31,0,86 87,1,4,,1185477,26,0,86 87,1,55,,1185479,26,,,1,18,,1064529,26,0,86 87,1,14,,1185489,26,,,1,57,,1185493,26,0,86 87,1,16,,1185473,26,,,1,17,,1185464,26,0,86 87,1,15,,1185485,26,,,1,55,,1185490,26,0,86 87,1,15,,1185488,26,,,1,15,,1185503,26,0,86 87,1,13,,1092285,26,,,1,56,,1185470,26,0,86 87,1,14,,1185507,26,,,1,26,,1185481,26,,,1,15,,1185463,26,0,86 87,1,55,,1185508,26,,,1,11,,1185472,26,0,86 87,1,15,,1185514,26,,,1,15,,1014180,26,0,86 87,1,55,,1185497,26,,,1,15,,1092008,26,0,86 87,1,15,,1185494,26,,,1,15,,1185512,26,0,86 87,1,55,,1185471,26,,,1,15,,1003451,26,0,86 87,1,15,,1185504,26,,,1,15,,1185461,26,0,86 87,1,55,,1185483,26,,,1,15,,1185487,26,0,86 87,1,20,,1185501,26,0,86 87,1,60,,1039471,26,0,86 87,1,32,,1100473,26,0,86 87,1,78,,1185486,26,0,86 87,1
11100,'11',523,,1185565,26,0,86 87,1,86,,1185525,26,0,86 87,1,15,,1185534,26,0,86 87,1,15,,996728,26,,,1,17,,1185554,26,0,86 87,1,55,,1185558,26,,,1,15,,1185572,26,0,86 87,1,15,,1185522,26,,,1,59,,1185532,26,0,86 87,1,15,,1185530,26,,,1,7,,1083656,26,0,86 87,1,18,,1185523,26,,,1,12,,1185555,26,0,86 87,1,55,,1185551,26,,,1,15,,1185552,26,0,86 87,1,15,,1090533,26,,,1,15,,1017891,26,0,86 87,1,60,,1185567,26,,,1,15,,1185540,26,0,86 87,1,15,,1185571,26,,,1,15,,1093852,26,0,86 87,1,55,,1185566,26,,,1,15,,1185536,26,0,86 87,1,15,,1062194,26,,,1,15,,1185531,26,0,86 87,1,55,,1185547,26,,,1,15,,1185518,26,0,86 87,1,15,,1185521,26,,,1,15,,1068657,26,0,86 87,1,55,,1185538,26,,,1,15,,1185569,26,0,86 87,1,15,,1185524,26,,,1,12,,1185548,26,0,86 87,1,55,,1032771,26,,,1,19,,1185556,26,0,86 87,1,14,,1185562,26,,,1,3,,1185561,31,0,86 87,1,8,,1077092,31,0,86 87,1,4,,1185533,26,0,86 87,1,55,,1185535,26,,,1,18,,1064725,26,0,86 87,1,14,,1185545,26,,,1,57,,1185549,26,0,86 87,1,16,,1185529,26,,,1,17,,1185520,26,0,86 87,1,15,,1185541,26,,,1,55,,1185546,26,0,86 87,1,15,,1185544,26,,,1,15,,1185559,26,0,86 87,1,13,,1092488,26,,,1,56,,1185526,26,0,86 87,1,14,,1185563,26,,,1,26,,1185537,26,,,1,15,,1185519,26,0,86 87,1,55,,1185564,26,,,1,11,,1185528,26,0,86 87,1,15,,1185570,26,,,1,15,,1014078,26,0,86 87,1,55,,1185553,26,,,1,15,,1092214,26,0,86 87,1,15,,1185550,26,,,1,15,,1185568,26,0,86 87,1,55,,1185527,26,,,1,15,,1003352,26,0,86 87,1,15,,1185560,26,,,1,15,,1185517,26,0,86 87,1,55,,1185539,26,,,1,15,,1185543,26,0,86 87,1,20,,1185557,26,0,86 87,1,60,,1039363,26,0,86 87,1,32,,1100572,26,0,86 87,1,78,,1185542,26,0,86 87,1
11100,'12',523,,1185603,26,0,86 87,1,86,,1185607,26,0,86 87,1,15,,1185598,26,0,86 87,1,15,,1185583,26,,,1,17,,1185581,26,0,86 87,1,55,,1185584,26,,,1,15,,1185590,26,0,86 87,1,15,,1185599,26,,,1,59,,1063521,26,0,86 87,1,15,,1185605,26,,,1,7,,1185592,26,0,86 87,1,18,,1185579,26,,,1,12,,1185619,26,0,86 87,1,55,,1099283,26,,,1,15,,1065391,26,0,86 87,1,15,,1037301,26,,,1,15,,1185589,26,0,86 87,1,60,,1185578,26,,,1,15,,1185576,26,0,86 87,1,15,,1185577,26,,,1,15,,1185620,26,0,86 87,1,55,,1185580,26,,,1,15,,1185574,26,0,86 87,1,15,,1185634,26,,,1,15,,1185586,26,0,86 87,1,55,,1095130,26,,,1,15,,1076228,26,0,86 87,1,15,,1185608,26,,,1,15,,1185615,26,0,86 87,1,55,,1185575,26,,,1,15,,1185629,26,0,86 87,1,15,,1185609,26,,,1,12,,1185611,26,0,86 87,1,55,,1185573,26,,,1,19,,1185600,26,0,86 87,1,14,,1185632,26,,,1,3,,1185621,31,0,86 87,1,8,,1185610,31,0,86 87,1,4,,1185596,26,0,86 87,1,55,,1185618,26,,,1,18,,1185593,26,0,86 87,1,14,,1185626,26,,,1,57,,1185628,26,0,86 87,1,16,,1185612,26,,,1,17,,1185614,26,0,86 87,1,15,,1062524,26,,,1,55,,1185602,26,0,86 87,1,15,,1185597,26,,,1,15,,1185587,26,0,86 87,1,13,,1185582,26,,,1,56,,1185624,26,0,86 87,1,14,,1185633,26,,,1,26,,1185617,26,,,1,15,,1185622,26,0,86 87,1,55,,1185595,26,,,1,11,,1185613,26,0,86 87,1,15,,1185616,26,,,1,15,,1185604,26,0,86 87,1,55,,1185627,26,,,1,15,,1185623,26,0,86 87,1,15,,1185585,26,,,1,15,,1185631,26,0,86 87,1,55,,1185588,26,,,1,15,,1062053,26,0,86 87,1,15,,1022088,26,,,1,15,,1083132,26,0,86 87,1,55,,1185601,26,,,1,15,,1185625,26,0,86 87,1,20,,1185606,26,0,86 87,1,60,,1185630,26,0,86 87,1,32,,1185591,26,0,86 87,1,78,,1185594,26,0,86 87,1
11100,'13',635,,1185661,26,0,86 87,1,100,,1185638,26,0,86 87,1,100,,1094760,26,0,86 87,1,70,,1185654,26,0,86 87,1,30,,1185664,26,0,86 87,1,70,,1185640,26,0,86 87,1,32,,1185650,26,0,86 87,1,70,,1185653,26,0,86 87,1,30,,1185651,26,0,86 87,1,70,,1185658,26,0,86 87,1,31,,1185645,26,0,86 87,1,70,,1185636,26,0,86 87,1,30,,1185647,26,0,86 87,1,70,,1185643,26,0,86 87,1,30,,1185652,26,0,86 87,1,70,,995916,26,0,86 87,1,30,,1185639,26,0,86 87,1,70,,1185637,26,0,86 87,1,30,,1185657,26,0,86 87,1,70,,1185649,26,0,86 87,1,30,,1185660,26,0,86 87,1,70,,1185656,26,0,86 87,1,30,,1185659,26,0,86 87,1,70,,1185646,26,0,86 87,1,30,,1185635,26,0,86 87,1,70,,1185641,26,0,86 87,1,29,,1185655,26,0,86 87,1,70,,1185662,26,0,86 87,1,30,,1185663,26,0,86 87,1,70,,1185644,26,0,86 87,1,28,,1185648,26,0,86 87,1,75,,1185642,26,0,86 87,1
11100,'14',523,,1185725,26,0,86 87,1,86,,1185682,26,0,86 87,1,15,,1185693,26,0,86 87,1,15,,1185718,26,,,1,17,,1185713,26,0,86 87,1,55,,1185717,26,,,1,15,,1185736,26,0,86 87,1,15,,1185673,26,,,1,59,,1185691,26,0,86 87,1,15,,1185688,26,,,1,7,,1185665,26,0,86 87,1,18,,1185677,26,,,1,12,,1185714,26,0,86 87,1,55,,1185710,26,,,1,15,,1185711,26,0,86 87,1,15,,1185685,26,,,1,15,,1185734,26,0,86 87,1,60,,1185727,26,,,1,15,,1185699,26,0,86 87,1,15,,1185735,26,,,1,15,,1185676,26,0,86 87,1,55,,1185726,26,,,1,15,,1185695,26,0,86 87,1,15,,1185672,26,,,1,15,,1185690,26,0,86 87,1,55,,1185706,26,,,1,15,,1185668,26,0,86 87,1,15,,1185671,26,,,1,15,,1185679,26,0,86 87,1,55,,1185697,26,,,1,15,,1185729,26,0,86 87,1,15,,1185681,26,,,1,12,,1185707,26,0,86 87,1,55,,1185689,26,,,1,19,,1185715,26,0,86 87,1,14,,1185722,26,,,1,3,,1185721,31,0,86 87,1,8,,1185731,31,0,86 87,1,4,,1185692,26,0,86 87,1,55,,1185694,26,,,1,18,,1185667,26,0,86 87,1,14,,1185704,26,,,1,57,,1185708,26,0,86 87,1,16,,1185687,26,,,1,17,,1185670,26,0,86 87,1,15,,1185700,26,,,1,55,,1185705,26,0,86 87,1,15,,1185703,26,,,1,15,,1185719,26,0,86 87,1,13,,1185680,26,,,1,56,,1185683,26,0,86 87,1,14,,1185723,26,,,1,26,,1185696,26,,,1,15,,1185669,26,0,86 87,1,55,,1185724,26,,,1,11,,1185686,26,0,86 87,1,15,,1185730,26,,,1,15,,1185674,26,0,86 87,1,55,,1185712,26,,,1,15,,1185675,26,0,86 87,1,15,,1185709,26,,,1,15,,1185728,26,0,86 87,1,55,,1185684,26,,,1,15,,1185678,26,0,86 87,1,15,,1185720,26,,,1,15,,1185666,26,0,86 87,1,55,,1185698,26,,,1,15,,1185702,26,0,86 87,1,20,,1185716,26,0,86 87,1,60,,1185732,26,0,86 87,1,32,,1185733,26,0,86 87,1,78,,1185701,26,0,86 87,1
11100,'15',523,,1185790,26,0,86 87,1,86,,1185777,26,0,86 87,1,15,,1185745,26,0,86 87,1,15,,1185805,26,,,1,17,,1185792,26,0,86 87,1,55,,1185740,26,,,1,15,,1185751,26,0,86 87,1,15,,1185780,26,,,1,59,,1185788,26,0,86 87,1,15,,1185750,26,,,1,7,,1185769,26,0,86 87,1,18,,1185804,26,,,1,12,,1185801,26,0,86 87,1,55,,1185739,26,,,1,15,,1185807,26,0,86 87,1,15,,1185749,26,,,1,15,,1185800,26,0,86 87,1,60,,1185738,26,,,1,15,,1185762,26,0,86 87,1,15,,1185794,26,,,1,15,,1185741,26,0,86 87,1,55,,1185806,26,,,1,15,,1185761,26,0,86 87,1,15,,1185747,26,,,1,15,,1185784,26,0,86 87,1,55,,1185760,26,,,1,15,,1185802,26,0,86 87,1,15,,1185781,26,,,1,15,,1185773,26,0,86 87,1,55,,1185772,26,,,1,15,,1185785,26,0,86 87,1,15,,1185796,26,,,1,12,,1185766,26,0,86 87,1,55,,1185765,26,,,1,19,,1185795,26,0,86 87,1,14,,1185786,26,,,1,3,,1185791,31,0,86 87,1,8,,1185768,31,0,86 87,1,4,,1185778,26,0,86 87,1,55,,1185789,26,,,1,18,,1185803,26,0,86 87,1,14,,1185748,26,,,1,57,,1185737,26,0,86 87,1,16,,1185787,26,,,1,17,,1185752,26,0,86 87,1,15,,1185799,26,,,1,55,,1185757,26,0,86 87,1,15,,1185783,26,,,1,15,,1185793,26,0,86 87,1,13,,1185808,26,,,1,56,,1185746,26,0,86 87,1,14,,1185771,26,,,1,26,,1185779,26,,,1,15,,1185767,26,0,86 87,1,55,,1185754,26,,,1,11,,1185763,26,0,86 87,1,15,,1185798,26,,,1,15,,1185742,26,0,86 87,1,55,,1185775,26,,,1,15,,1185759,26,0,86 87,1,15,,1185764,26,,,1,15,,1185776,26,0,86 87,1,55,,1185743,26,,,1,15,,1185782,26,0,86 87,1,15,,1185753,26,,,1,15,,1185770,26,0,86 87,1,55,,1185774,26,,,1,15,,1185744,26,0,86 87,1,20,,1185758,26,0,86 87,1,60,,1185755,26,0,86 87,1,32,,1185756,26,0,86 87,1,78,,1185797,26,0,86 87,1
11100,'16',523,,1185842,26,0,86 87,1,86,,1185846,26,0,86 87,1,15,,1185837,26,0,86 87,1,15,,1062645,26,,,1,17,,1185816,26,0,86 87,1,55,,1185823,26,,,1,15,,1185829,26,0,86 87,1,15,,1185838,26,,,1,59,,1185814,26,0,86 87,1,15,,1185844,26,,,1,7,,1185831,26,0,86 87,1,18,,1081384,26,,,1,12,,1185857,26,0,86 87,1,55,,1185860,26,,,1,15,,1185817,26,0,86 87,1,15,,1185810,26,,,1,15,,1185828,26,0,86 87,1,60,,1089234,26,,,1,15,,1185812,26,0,86 87,1,15,,1185813,26,,,1,15,,1077988,26,0,86 87,1,55,,1185815,26,,,1,15,,1038832,26,0,86 87,1,15,,1185870,26,,,1,15,,1185825,26,0,86 87,1,55,,1185822,26,,,1,15,,1185818,26,0,86 87,1,15,,1185847,26,,,1,15,,1185853,26,0,86 87,1,55,,1185811,26,,,1,15,,1185867,26,0,86 87,1,15,,1185848,26,,,1,12,,1185850,26,0,86 87,1,55,,1185809,26,,,1,19,,1185839,26,0,86 87,1,14,,1185869,26,,,1,3,,1185859,31,0,86 87,1,8,,1185849,31,0,86 87,1,4,,1185835,26,0,86 87,1,55,,1185856,26,,,1,18,,1185832,26,0,86 87,1,14,,1185865,26,,,1,57,,1078345,26,0,86 87,1,16,,1185851,26,,,1,17,,1090911,26,0,86 87,1,15,,1185821,26,,,1,55,,1185841,26,0,86 87,1,15,,1185836,26,,,1,15,,1185826,26,0,86 87,1,13,,1185819,26,,,1,56,,1067442,26,0,86 87,1,14,,1094187,26,,,1,26,,1185855,26,,,1,15,,1185861,26,0,86 87,1,55,,1185834,26,,,1,11,,1185852,26,0,86 87,1,15,,1185854,26,,,1,15,,1185843,26,0,86 87,1,55,,1185866,26,,,1,15,,1185862,26,0,86 87,1,15,,1185824,26,,,1,15,,1185868,26,0,86 87,1,55,,1185827,26,,,1,15,,1185863,26,0,86 87,1,15,,1185858,26,,,1,15,,1185820,26,0,86 87,1,55,,1185840,26,,,1,15,,1185864,26,0,86 87,1,20,,1185845,26,0,86 87,1,60,,981319,26,0,86 87,1,32,,1185830,26,0,86 87,1,78,,1185833,26,0,86 87,1
11100,'17',635,,1185897,26,0,86 87,1,100,,1185874,26,0,86 87,1,100,,1185900,26,0,86 87,1,70,,1185890,26,0,86 87,1,30,,1185902,26,0,86 87,1,70,,1185876,26,0,86 87,1,32,,1185886,26,0,86 87,1,70,,1185889,26,0,86 87,1,30,,1185887,26,0,86 87,1,70,,1185894,26,0,86 87,1,31,,1185881,26,0,86 87,1,70,,1185872,26,0,86 87,1,30,,1185883,26,0,86 87,1,70,,1185879,26,0,86 87,1,30,,1185888,26,0,86 87,1,70,,1185898,26,0,86 87,1,30,,1185875,26,0,86 87,1,70,,1185873,26,0,86 87,1,30,,1185893,26,0,86 87,1,70,,1185885,26,0,86 87,1,30,,1185896,26,0,86 87,1,70,,1185892,26,0,86 87,1,30,,1185895,26,0,86 87,1,70,,1185882,26,0,86 87,1,30,,1185871,26,0,86 87,1,70,,1185877,26,0,86 87,1,29,,1185891,26,0,86 87,1,70,,1185899,26,0,86 87,1,30,,1185901,26,0,86 87,1,70,,1185880,26,0,86 87,1,28,,1185884,26,0,86 87,1,75,,1185878,26,0,86 87,1
11100,'2',550,,1185919,26,0,86 87,1,70,,1185903,26,0,86 87,1,30,,1185935,26,0,86 87,1,70,,1185931,26,0,86 87,1,30,,1185937,26,0,86 87,1,70,,1185908,26,0,86 87,1,30,,1185927,26,0,86 87,1,70,,1185920,26,0,86 87,1,30,,1185923,26,0,86 87,1,72,,1185922,26,0,86 87,1,30,,1185906,26,0,86 87,1,70,,1185924,26,0,86 87,1,30,,1185926,26,0,86 87,1,71,,1185910,26,0,86 87,1,30,,1185917,26,0,86 87,1,70,,1086547,26,0,86 87,1,30,,1185921,26,0,86 87,1,70,,1185930,26,0,86 87,1,30,,1185916,26,0,86 87,1,70,,1185904,26,0,86 87,1,30,,1185932,26,0,86 87,1,70,,1185907,26,0,86 87,1,30,,1185915,26,0,86 87,1,70,,1185936,26,0,86 87,1,30,,1087076,26,0,86 87,1,70,,1185914,26,0,86 87,1,30,,1185909,26,0,86 87,1,70,,1185938,26,0,86 87,1,30,,1185933,26,0,86 87,1,69,,1185911,26,0,86 87,1,30,,1185913,26,0,86 87,1,70,,1185905,26,0,86 87,1,30,,1185912,26,0,86 87,1,68,,1185925,26,0,86 87,1,30,,1185918,26,0,86 87,1,70,,1185934,26,0,86 87,1,30,,1185929,26,0,86 87,1,85,,1185928,26,0,86 87,1
11100,'3',635,,1185965,26,0,86 87,1,100,,1185942,26,0,86 87,1,100,,1185968,26,0,86 87,1,70,,1185958,26,0,86 87,1,30,,1185970,26,0,86 87,1,70,,1185944,26,0,86 87,1,32,,1185954,26,0,86 87,1,70,,1185957,26,0,86 87,1,30,,1185955,26,0,86 87,1,70,,1185962,26,0,86 87,1,31,,1185949,26,0,86 87,1,70,,1185940,26,0,86 87,1,30,,1185951,26,0,86 87,1,70,,1185947,26,0,86 87,1,30,,1185956,26,0,86 87,1,70,,1185966,26,0,86 87,1,30,,1185943,26,0,86 87,1,70,,1185941,26,0,86 87,1,30,,1185961,26,0,86 87,1,70,,1185953,26,0,86 87,1,30,,1185964,26,0,86 87,1,70,,1185960,26,0,86 87,1,30,,1185963,26,0,86 87,1,70,,1185950,26,0,86 87,1,30,,1185939,26,0,86 87,1,70,,1185945,26,0,86 87,1,29,,1185959,26,0,86 87,1,70,,1185967,26,0,86 87,1,30,,1185969,26,0,86 87,1,70,,1185948,26,0,86 87,1,28,,1185952,26,0,86 87,1,75,,1185946,26,0,86 87,1
11100,'4',635,,1186001,26,0,86 87,1,100,,1185984,26,0,86 87,1,100,,1185990,26,0,86 87,1,70,,1185986,26,0,86 87,1,30,,1185973,26,0,86 87,1,70,,1070854,26,0,86 87,1,32,,1185987,26,0,86 87,1,70,,1185995,26,0,86 87,1,30,,1185996,26,0,86 87,1,70,,1185975,26,0,86 87,1,31,,1185993,26,0,86 87,1,70,,1185998,26,0,86 87,1,30,,1185979,26,0,86 87,1,70,,1185983,26,0,86 87,1,30,,1185991,26,0,86 87,1,70,,1185977,26,0,86 87,1,30,,1185982,26,0,86 87,1,70,,1185971,26,0,86 87,1,30,,1185972,26,0,86 87,1,70,,1186000,26,0,86 87,1,30,,1185981,26,0,86 87,1,70,,1185989,26,0,86 87,1,30,,1185994,26,0,86 87,1,70,,1185999,26,0,86 87,1,30,,1185974,26,0,86 87,1,70,,1185992,26,0,86 87,1,29,,1185985,26,0,86 87,1,70,,1185976,26,0,86 87,1,30,,1185988,26,0,86 87,1,70,,1185978,26,0,86 87,1,28,,1185997,26,0,86 87,1,75,,1185980,26,0,86 87,1
11100,'5',523,,1186050,26,0,86 87,1,86,,1186010,26,0,86 87,1,15,,1186019,26,0,86 87,1,15,,996462,26,,,1,17,,1186039,26,0,86 87,1,55,,1186043,26,,,1,15,,1186057,26,0,86 87,1,15,,1186007,26,,,1,59,,1186017,26,0,86 87,1,15,,1186015,26,,,1,7,,1083547,26,0,86 87,1,18,,1186008,26,,,1,12,,1186040,26,0,86 87,1,55,,1186036,26,,,1,15,,1186037,26,0,86 87,1,15,,1090466,26,,,1,15,,1017684,26,0,86 87,1,60,,1186052,26,,,1,15,,1186025,26,0,86 87,1,15,,1186056,26,,,1,15,,1093757,26,0,86 87,1,55,,1186051,26,,,1,15,,1186021,26,0,86 87,1,15,,1062071,26,,,1,15,,1186016,26,0,86 87,1,55,,1186032,26,,,1,15,,1186003,26,0,86 87,1,15,,1186006,26,,,1,15,,1068627,26,0,86 87,1,55,,1186023,26,,,1,15,,1186054,26,0,86 87,1,15,,1186009,26,,,1,12,,1186033,26,0,86 87,1,55,,1032521,26,,,1,19,,1186041,26,0,86 87,1,14,,1186047,26,,,1,3,,1186046,31,0,86 87,1,8,,1076982,31,0,86 87,1,4,,1186018,26,0,86 87,1,55,,1186020,26,,,1,18,,1064657,26,0,86 87,1,14,,1186030,26,,,1,57,,1186034,26,0,86 87,1,16,,1186014,26,,,1,17,,1186005,26,0,86 87,1,15,,1186026,26,,,1,55,,1186031,26,0,86 87,1,15,,1186029,26,,,1,15,,1186044,26,0,86 87,1,13,,1092408,26,,,1,56,,1186011,26,0,86 87,1,14,,1186048,26,,,1,26,,1186022,26,,,1,15,,1186004,26,0,86 87,1,55,,1186049,26,,,1,11,,1186013,26,0,86 87,1,15,,1186055,26,,,1,15,,1013944,26,0,86 87,1,55,,1186038,26,,,1,15,,1092136,26,0,86 87,1,15,,1186035,26,,,1,15,,1186053,26,0,86 87,1,55,,1186012,26,,,1,15,,1003277,26,0,86 87,1,15,,1186045,26,,,1,15,,1186002,26,0,86 87,1,55,,1186024,26,,,1,15,,1186028,26,0,86 87,1,20,,1186042,26,0,86 87,1,60,,1039238,26,0,86 87,1,32,,1100538,26,0,86 87,1,78,,1186027,26,0,86 87,1
11100,'6',523,,1186092,26,0,86 87,1,86,,1186095,26,0,86 87,1,15,,1186087,26,0,86 87,1,15,,1186072,26,,,1,17,,1186065,26,0,86 87,1,55,,1186073,26,,,1,15,,1186079,26,0,86 87,1,15,,1186088,26,,,1,59,,1186063,26,0,86 87,1,15,,1186094,26,,,1,7,,1186081,26,0,86 87,1,18,,1186064,26,,,1,12,,994976,26,0,86 87,1,55,,1186109,26,,,1,15,,1186066,26,0,86 87,1,15,,1186059,26,,,1,15,,1186078,26,0,86 87,1,60,,1186062,26,,,1,15,,1056861,26,0,86 87,1,15,,1083314,26,,,1,15,,1186107,26,0,86 87,1,55,,1013968,26,,,1,15,,1186060,26,0,86 87,1,15,,1090564,26,,,1,15,,1186075,26,0,86 87,1,55,,1186071,26,,,1,15,,1186067,26,0,86 87,1,15,,1186096,26,,,1,15,,1186102,26,0,86 87,1,55,,1186061,26,,,1,15,,1067678,26,0,86 87,1,15,,1186097,26,,,1,12,,1068494,26,0,86 87,1,55,,1186058,26,,,1,19,,1186089,26,0,86 87,1,14,,1034297,26,,,1,3,,1186108,31,0,86 87,1,8,,1186098,31,0,86 87,1,4,,1186085,26,0,86 87,1,55,,1186105,26,,,1,18,,1186082,26,0,86 87,1,14,,1071461,26,,,1,57,,1186115,26,0,86 87,1,16,,1186099,26,,,1,17,,1186101,26,0,86 87,1,15,,1186070,26,,,1,55,,1186091,26,0,86 87,1,15,,1186086,26,,,1,15,,1186076,26,0,86 87,1,13,,1186068,26,,,1,56,,1186112,26,0,86 87,1,14,,1186117,26,,,1,26,,1186104,26,,,1,15,,1186110,26,0,86 87,1,55,,1186084,26,,,1,11,,1186100,26,0,86 87,1,15,,1186103,26,,,1,15,,1186093,26,0,86 87,1,55,,1063282,26,,,1,15,,1186111,26,0,86 87,1,15,,1186074,26,,,1,15,,1092534,26,0,86 87,1,55,,1186077,26,,,1,15,,1186113,26,0,86 87,1,15,,1186106,26,,,1,15,,1186069,26,0,86 87,1,55,,1186090,26,,,1,15,,1186114,26,0,86 87,1,20,,994405,26,0,86 87,1,60,,1186116,26,0,86 87,1,32,,1186080,26,0,86 87,1,78,,1186083,26,0,86 87,1
11100,'7',550,,1186144,26,0,86 87,1,70,,1186140,26,0,86 87,1,30,,1186152,26,0,86 87,1,70,,1186139,26,0,86 87,1,30,,1186119,26,0,86 87,1,70,,1186154,26,0,86 87,1,30,,1186142,26,0,86 87,1,70,,1186122,26,0,86 87,1,30,,1186118,26,0,86 87,1,72,,1186136,26,0,86 87,1,30,,1186131,26,0,86 87,1,70,,1186148,26,0,86 87,1,30,,1186146,26,0,86 87,1,71,,1186143,26,0,86 87,1,30,,1186141,26,0,86 87,1,70,,1186120,26,0,86 87,1,30,,1186150,26,0,86 87,1,70,,1186121,26,0,86 87,1,30,,1186151,26,0,86 87,1,70,,1186126,26,0,86 87,1,30,,1186149,26,0,86 87,1,70,,1186127,26,0,86 87,1,30,,1186132,26,0,86 87,1,70,,1186134,26,0,86 87,1,30,,1186133,26,0,86 87,1,70,,1186145,26,0,86 87,1,30,,1186130,26,0,86 87,1,70,,1186125,26,0,86 87,1,30,,1186135,26,0,86 87,1,69,,1186123,26,0,86 87,1,30,,1186155,26,0,86 87,1,70,,1186153,26,0,86 87,1,30,,1186124,26,0,86 87,1,68,,1186147,26,0,86 87,1,30,,1186129,26,0,86 87,1,70,,1186128,26,0,86 87,1,30,,1186138,26,0,86 87,1,85,,1186137,26,0,86 87,1
11100,'8',523,,1186193,26,0,86 87,1,86,,1186197,26,0,86 87,1,15,,1186188,26,0,86 87,1,15,,1186173,26,,,1,17,,1186166,26,0,86 87,1,55,,1186174,26,,,1,15,,1186180,26,0,86 87,1,15,,1186189,26,,,1,59,,1186163,26,0,86 87,1,15,,1186195,26,,,1,7,,1186182,26,0,86 87,1,18,,1186164,26,,,1,12,,1186209,26,0,86 87,1,55,,1186213,26,,,1,15,,1186167,26,0,86 87,1,15,,1186157,26,,,1,15,,1186179,26,0,86 87,1,60,,1186162,26,,,1,15,,1186160,26,0,86 87,1,15,,1186161,26,,,1,15,,1186211,26,0,86 87,1,55,,1186165,26,,,1,15,,1186158,26,0,86 87,1,15,,1186227,26,,,1,15,,1186176,26,0,86 87,1,55,,1186172,26,,,1,15,,1186168,26,0,86 87,1,15,,1186198,26,,,1,15,,1186205,26,0,86 87,1,55,,1186159,26,,,1,15,,1186222,26,0,86 87,1,15,,1186199,26,,,1,12,,1186201,26,0,86 87,1,55,,1186156,26,,,1,19,,1186190,26,0,86 87,1,14,,1186225,26,,,1,3,,1186212,31,0,86 87,1,8,,1186200,31,0,86 87,1,4,,1186186,26,0,86 87,1,55,,1186208,26,,,1,18,,1186183,26,0,86 87,1,14,,1186219,26,,,1,57,,1186221,26,0,86 87,1,16,,1186202,26,,,1,17,,1186204,26,0,86 87,1,15,,1186171,26,,,1,55,,1186192,26,0,86 87,1,15,,1186187,26,,,1,15,,1186177,26,0,86 87,1,13,,1186169,26,,,1,56,,1186216,26,0,86 87,1,14,,1186226,26,,,1,26,,1186207,26,,,1,15,,1186214,26,0,86 87,1,55,,1186185,26,,,1,11,,1186203,26,0,86 87,1,15,,1186206,26,,,1,15,,1186194,26,0,86 87,1,55,,1186220,26,,,1,15,,1186215,26,0,86 87,1,15,,1186175,26,,,1,15,,1186224,26,0,86 87,1,55,,1186178,26,,,1,15,,1186217,26,0,86 87,1,15,,1186210,26,,,1,15,,1186170,26,0,86 87,1,55,,1186191,26,,,1,15,,1186218,26,0,86 87,1,20,,1186196,26,0,86 87,1,60,,1186223,26,0,86 87,1,32,,1186181,26,0,86 87,1,78,,1186184,26,0,86 87,1
11100,'9',523,,1186276,26,0,86 87,1,86,,1186236,26,0,86 87,1,15,,1186245,26,0,86 87,1,15,,996812,26,,,1,17,,1186265,26,0,86 87,1,55,,1186269,26,,,1,15,,1186283,26,0,86 87,1,15,,1186233,26,,,1,59,,1186243,26,0,86 87,1,15,,1186241,26,,,1,7,,1083418,26,0,86 87,1,18,,1186234,26,,,1,12,,1186266,26,0,86 87,1,55,,1186262,26,,,1,15,,1186263,26,0,86 87,1,15,,1090384,26,,,1,15,,1017973,26,0,86 87,1,60,,1186278,26,,,1,15,,1186251,26,0,86 87,1,15,,1186282,26,,,1,15,,1093648,26,0,86 87,1,55,,1186277,26,,,1,15,,1186247,26,0,86 87,1,15,,1061960,26,,,1,15,,1186242,26,0,86 87,1,55,,1186258,26,,,1,15,,1186229,26,0,86 87,1,15,,1186232,26,,,1,15,,1068612,26,0,86 87,1,55,,1186249,26,,,1,15,,1186280,26,0,86 87,1,15,,1186235,26,,,1,12,,1186259,26,0,86 87,1,55,,1032875,26,,,1,19,,1186267,26,0,86 87,1,14,,1186273,26,,,1,3,,1186272,31,0,86 87,1,8,,1076877,31,0,86 87,1,4,,1186244,26,0,86 87,1,55,,1186246,26,,,1,18,,1064576,26,0,86 87,1,14,,1186256,26,,,1,57,,1186260,26,0,86 87,1,16,,1186240,26,,,1,17,,1186231,26,0,86 87,1,15,,1186252,26,,,1,55,,1186257,26,0,86 87,1,15,,1186255,26,,,1,15,,1186270,26,0,86 87,1,13,,1092334,26,,,1,56,,1186237,26,0,86 87,1,14,,1186274,26,,,1,26,,1186248,26,,,1,15,,1186230,26,0,86 87,1,55,,1186275,26,,,1,11,,1186239,26,0,86 87,1,15,,1186281,26,,,1,15,,1014122,26,0,86 87,1,55,,1186264,26,,,1,15,,1092062,26,0,86 87,1,15,,1186261,26,,,1,15,,1186279,26,0,86 87,1,55,,1186238,26,,,1,15,,1003398,26,0,86 87,1,15,,1186271,26,,,1,15,,1186228,26,0,86 87,1,55,,1186250,26,,,1,15,,1186254,26,0,86 87,1,20,,1186268,26,0,86 87,1,60,,1039411,26,0,86 87,1,32,,1100501,26,0,86 87,1,78,,1186253,26,0,86 87,1
11200,'1',512,,1187212,33,,,1,103,,1187194,33,,,1,30,,1187215,33,,,1,71,,1187208,33,,,1,36,,1187203,33,,,1,70,,1187213,33,,,1,32,,1046877,33,,,1,64,,1187202,33,,,1,30,,1187207,33,,,1,70,,1187185,33,,,1,31,,1187201,33,,,1,70,,1187186,33,,,1,30,,1187209,33,,,1,70,,1187204,33,,,1,30,,1187214,33,,,1,70,,1187200,33,,,1,30,,1187192,33,,,1,70,,1187193,33,,,1,33,,1187206,33,,,1,70,,1187198,33,,,1,33,,1187199,33,,,1,66,,1187188,33,,,1,28,,1187195,33,,,1,70,,1187211,33,,,1,31,,1065141,33,,,1,69,,1187197,33,,,1,29,,1187210,33,,,1,70,,1187190,33,,,1,29,,1187184,33,,,1,70,,1187187,33,,,1,30,,1187191,33,,,1,70,,1187196,33,,,1,28,,1080730,33,,,1,70,,1187205,33,,,1,99,,1187189,33,,,1
11200,'10',512,,1187244,33,,,1,103,,1187226,33,,,1,30,,1187247,33,,,1,71,,1187240,33,,,1,36,,1187235,33,,,1,70,,1187245,33,,,1,32,,1046893,33,,,1,64,,1187234,33,,,1,30,,1187239,33,,,1,70,,1187217,33,,,1,31,,1187233,33,,,1,70,,1187218,33,,,1,30,,1187241,33,,,1,70,,1187236,33,,,1,30,,1187246,33,,,1,70,,1187232,33,,,1,30,,1187224,33,,,1,70,,1187225,33,,,1,33,,1187238,33,,,1,70,,1187230,33,,,1,33,,1187231,33,,,1,66,,1187220,33,,,1,28,,1187227,33,,,1,70,,1187243,33,,,1,31,,1064991,33,,,1,69,,1187229,33,,,1,29,,1187242,33,,,1,70,,1187222,33,,,1,29,,1187216,33,,,1,70,,1187219,33,,,1,30,,1187223,33,,,1,70,,1187228,33,,,1,28,,1080557,33,,,1,70,,1187237,33,,,1,99,,1187221,33,,,1
11200,'11',512,,1187276,33,,,1,103,,1187258,33,,,1,30,,1187279,33,,,1,71,,1187272,33,,,1,36,,1187267,33,,,1,70,,1187277,33,,,1,32,,1046872,33,,,1,64,,1187266,33,,,1,30,,1187271,33,,,1,70,,1187249,33,,,1,31,,1187265,33,,,1,70,,1187250,33,,,1,30,,1187273,33,,,1,70,,1187268,33,,,1,30,,1187278,33,,,1,70,,1187264,33,,,1,30,,1187256,33,,,1,70,,1187257,33,,,1,33,,1187270,33,,,1,70,,1187262,33,,,1,33,,1187263,33,,,1,66,,1187252,33,,,1,28,,1187259,33,,,1,70,,1187275,33,,,1,31,,1065180,33,,,1,69,,1187261,33,,,1,29,,1187274,33,,,1,70,,1187254,33,,,1,29,,1187248,33,,,1,70,,1187251,33,,,1,30,,1187255,33,,,1,70,,1187260,33,,,1,28,,1080787,33,,,1,70,,1187269,33,,,1,99,,1187253,33,,,1
11200,'12',512,,1187290,33,,,1,103,,1064393,33,,,1,30,,1187301,33,,,1,71,,1187293,33,,,1,36,,1187309,33,,,1,70,,1187298,33,,,1,32,,1187280,33,,,1,64,,1187285,33,,,1,30,,1187308,33,,,1,70,,1187299,33,,,1,31,,1187286,33,,,1,70,,1187289,33,,,1,30,,1187294,33,,,1,70,,1187296,33,,,1,30,,1187287,33,,,1,70,,1187292,33,,,1,30,,1187291,33,,,1,70,,1187284,33,,,1,33,,1187304,33,,,1,70,,1187282,33,,,1,33,,1187305,33,,,1,66,,1187297,33,,,1,28,,1187281,33,,,1,70,,1187311,33,,,1,31,,1187303,33,,,1,69,,1187307,33,,,1,29,,1187300,33,,,1,70,,1187306,33,,,1,29,,1187310,33,,,1,70,,1187283,33,,,1,30,,1187288,33,,,1,70,,1187295,33,,,1,28,,1187312,33,,,1,70,,1187302,33,,,1,99,,1095132,33,,,1
11200,'13',713,,1187334,33,,,1,100,,1187333,33,,,1,100,,1187320,33,,,1,32,,1187316,33,,,1,70,,1187325,33,,,1,30,,1187338,33,,,1,70,,1187313,33,,,1,32,,1187331,33,,,1,70,,1187318,33,,,1,30,,1187324,33,,,1,70,,1187336,33,,,1,30,,1187329,33,,,1,70,,1187327,33,,,1,30,,1187337,33,,,1,70,,1187315,33,,,1,30,,1187326,33,,,1,70,,1187319,33,,,1,30,,1187322,33,,,1,70,,1187339,33,,,1,30,,1187330,33,,,1,70,,1092090,33,,,1,30,,1187317,33,,,1,70,,1187340,33,,,1,30,,1187332,33,,,1,70,,1187335,33,,,1,29,,1187328,33,,,1,70,,1187321,33,,,1,30,,1080400,33,,,1,98,,1187314,33,,,1,70,,1187323,33,,,1
11200,'14',512,,1187372,33,,,1,103,,1187354,33,,,1,30,,1187375,33,,,1,71,,1187368,33,,,1,36,,1187363,33,,,1,70,,1187373,33,,,1,32,,1187342,33,,,1,64,,1187362,33,,,1,30,,1187367,33,,,1,70,,1187345,33,,,1,31,,1187361,33,,,1,70,,1187346,33,,,1,30,,1187369,33,,,1,70,,1187364,33,,,1,30,,1187374,33,,,1,70,,1187360,33,,,1,30,,1187352,33,,,1,70,,1187353,33,,,1,33,,1187366,33,,,1,70,,1187358,33,,,1,33,,1187359,33,,,1,66,,1187348,33,,,1,28,,1187355,33,,,1,70,,1187371,33,,,1,31,,1187343,33,,,1,69,,1187357,33,,,1,29,,1187370,33,,,1,70,,1187350,33,,,1,29,,1187344,33,,,1,70,,1187347,33,,,1,30,,1187351,33,,,1,70,,1187356,33,,,1,28,,1187341,33,,,1,70,,1187365,33,,,1,99,,1187349,33,,,1
11200,'15',512,,1187384,33,,,1,103,,1187383,33,,,1,30,,1187407,33,,,1,71,,1187401,33,,,1,36,,1187388,33,,,1,70,,1187389,33,,,1,32,,1187405,33,,,1,64,,1187379,33,,,1,30,,1187385,33,,,1,70,,1187403,33,,,1,31,,1187380,33,,,1,70,,1187400,33,,,1,30,,1187408,33,,,1,70,,1187392,33,,,1,30,,1187391,33,,,1,70,,1187397,33,,,1,30,,1187406,33,,,1,70,,1187404,33,,,1,33,,1187378,33,,,1,70,,1187409,33,,,1,33,,1187393,33,,,1,66,,1187398,33,,,1,28,,1187381,33,,,1,70,,1187410,33,,,1,31,,1187377,33,,,1,69,,1187394,33,,,1,29,,1187387,33,,,1,70,,1187386,33,,,1,29,,1187399,33,,,1,70,,1187396,33,,,1,30,,1187395,33,,,1,70,,1187402,33,,,1,28,,1187376,33,,,1,70,,1187382,33,,,1,99,,1187390,33,,,1
11200,'16',512,,1187419,33,,,1,103,,1187443,33,,,1,30,,1187430,33,,,1,71,,1187422,33,,,1,36,,1187439,33,,,1,70,,1187427,33,,,1,32,,1029219,33,,,1,64,,1187414,33,,,1,30,,1187438,33,,,1,70,,1187428,33,,,1,31,,1187415,33,,,1,70,,1187418,33,,,1,30,,1187423,33,,,1,70,,1187425,33,,,1,30,,1187416,33,,,1,70,,1187421,33,,,1,30,,1187420,33,,,1,70,,1088190,33,,,1,33,,1187433,33,,,1,70,,1187412,33,,,1,33,,1187434,33,,,1,66,,1187426,33,,,1,28,,1187411,33,,,1,70,,1187441,33,,,1,31,,1187432,33,,,1,69,,1187437,33,,,1,29,,1187429,33,,,1,70,,1187436,33,,,1,29,,1187440,33,,,1,70,,1187413,33,,,1,30,,1187417,33,,,1,70,,1187424,33,,,1,28,,1187442,33,,,1,70,,1187431,33,,,1,99,,1187435,33,,,1
11200,'17',713,,1187467,33,,,1,100,,1187466,33,,,1,100,,1187453,33,,,1,32,,1187449,33,,,1,70,,1187458,33,,,1,30,,1187471,33,,,1,70,,1187445,33,,,1,32,,1187464,33,,,1,70,,1187451,33,,,1,30,,1187457,33,,,1,70,,1187469,33,,,1,30,,1187462,33,,,1,70,,1187460,33,,,1,30,,1187470,33,,,1,70,,1187448,33,,,1,30,,1187459,33,,,1,70,,1187452,33,,,1,30,,1187455,33,,,1,70,,1187472,33,,,1,30,,1187463,33,,,1,70,,1187446,33,,,1,30,,1187450,33,,,1,70,,1187473,33,,,1,30,,1187465,33,,,1,70,,1187468,33,,,1,29,,1187461,33,,,1,70,,1187454,33,,,1,30,,1187444,33,,,1,98,,1187447,33,,,1,70,,1187456,33,,,1
11200,'2',624,,1187484,33,,,1,100,,1187492,33,,,1,100,,1187501,33,,,1,30,,1187488,33,,,1,72,,1187500,33,,,1,30,,1080357,33,,,1,70,,1187489,33,,,1,30,,1187498,33,,,1,72,,1187477,33,,,1,30,,1187481,33,,,1,70,,1187503,33,,,1,30,,1187497,33,,,1,70,,1187476,33,,,1,30,,1187483,33,,,1,70,,1187482,33,,,1,30,,1187499,33,,,1,70,,1099611,33,,,1,30,,1187494,33,,,1,70,,1187491,33,,,1,30,,1187487,33,,,1,70,,1187475,33,,,1,30,,1187485,33,,,1,70,,1187502,33,,,1,30,,1187493,33,,,1,70,,1187480,33,,,1,30,,1187474,33,,,1,69,,1187490,33,,,1,30,,1187478,33,,,1,70,,1187495,33,,,1,30,,1187486,33,,,1,68,,1187479,33,,,1,100,,1187496,33,,,1,100,,1072497,33,,,1
11200,'3',713,,1187527,33,,,1,100,,1187526,33,,,1,100,,1187513,33,,,1,32,,1187509,33,,,1,70,,1187518,33,,,1,30,,1187531,33,,,1,70,,1187505,33,,,1,32,,1187524,33,,,1,70,,1187511,33,,,1,30,,1187517,33,,,1,70,,1187529,33,,,1,30,,1187522,33,,,1,70,,1187520,33,,,1,30,,1187530,33,,,1,70,,1187508,33,,,1,30,,1187519,33,,,1,70,,1187512,33,,,1,30,,1187515,33,,,1,70,,1187532,33,,,1,30,,1187523,33,,,1,70,,1187506,33,,,1,30,,1187510,33,,,1,70,,1187533,33,,,1,30,,1187525,33,,,1,70,,1187528,33,,,1,29,,1187521,33,,,1,70,,1187514,33,,,1,30,,1187504,33,,,1,98,,1187507,33,,,1,70,,1187516,33,,,1
11200,'4',713,,1187546,33,,,1,100,,1187547,33,,,1,100,,1187558,33,,,1,32,,1060200,33,,,1,70,,1187538,33,,,1,30,,1187550,33,,,1,70,,1187537,33,,,1,32,,1187549,33,,,1,70,,1187544,33,,,1,30,,1187553,33,,,1,70,,1187548,33,,,1,30,,1187542,33,,,1,70,,1187554,33,,,1,30,,1187543,33,,,1,70,,1096362,33,,,1,30,,1187534,33,,,1,70,,1187556,33,,,1,30,,1187539,33,,,1,70,,1187552,33,,,1,30,,1187545,33,,,1,70,,1187555,33,,,1,30,,1187541,33,,,1,70,,1187540,33,,,1,30,,1187559,33,,,1,70,,1187535,33,,,1,29,,1187536,33,,,1,70,,1187560,33,,,1,30,,1081287,33,,,1,98,,1187551,33,,,1,70,,1187557,33,,,1
11200,'5',512,,1187589,33,,,1,103,,1187571,33,,,1,30,,1187592,33,,,1,71,,1187585,33,,,1,36,,1187580,33,,,1,70,,1187590,33,,,1,32,,1046859,33,,,1,64,,1187579,33,,,1,30,,1187584,33,,,1,70,,1187562,33,,,1,31,,1187578,33,,,1,70,,1187563,33,,,1,30,,1187586,33,,,1,70,,1187581,33,,,1,30,,1187591,33,,,1,70,,1187577,33,,,1,30,,1187569,33,,,1,70,,1187570,33,,,1,33,,1187583,33,,,1,70,,1187575,33,,,1,33,,1187576,33,,,1,66,,1187565,33,,,1,28,,1187572,33,,,1,70,,1187588,33,,,1,31,,1065119,33,,,1,69,,1187574,33,,,1,29,,1187587,33,,,1,70,,1187567,33,,,1,29,,1187561,33,,,1,70,,1187564,33,,,1,30,,1187568,33,,,1,70,,1187573,33,,,1,28,,1080700,33,,,1,70,,1187582,33,,,1,99,,1187566,33,,,1
11200,'6',512,,1187601,33,,,1,103,,1187624,33,,,1,30,,1187612,33,,,1,71,,1187604,33,,,1,36,,1187621,33,,,1,70,,1187609,33,,,1,32,,1187593,33,,,1,64,,1187596,33,,,1,30,,1187620,33,,,1,70,,1187610,33,,,1,31,,1187597,33,,,1,70,,1187600,33,,,1,30,,1187605,33,,,1,70,,1187607,33,,,1,30,,1187598,33,,,1,70,,1187603,33,,,1,30,,1187602,33,,,1,70,,1187595,33,,,1,33,,1187615,33,,,1,70,,1046492,33,,,1,33,,1187616,33,,,1,66,,1187608,33,,,1,28,,1062233,33,,,1,70,,1187623,33,,,1,31,,1187614,33,,,1,69,,1187619,33,,,1,29,,1187611,33,,,1,70,,1187618,33,,,1,29,,1187622,33,,,1,70,,1187594,33,,,1,30,,1187599,33,,,1,70,,1187606,33,,,1,28,,1082317,33,,,1,70,,1187613,33,,,1,99,,1187617,33,,,1
11200,'7',624,,1187650,33,,,1,100,,1187639,33,,,1,100,,1187640,33,,,1,30,,1187649,33,,,1,72,,1187634,33,,,1,30,,1187655,33,,,1,70,,1187629,33,,,1,30,,1187626,33,,,1,72,,1187638,33,,,1,30,,1187633,33,,,1,70,,1187636,33,,,1,30,,1187627,33,,,1,70,,1187652,33,,,1,30,,1187632,33,,,1,70,,1187637,33,,,1,30,,1187654,33,,,1,70,,1187648,33,,,1,30,,1187641,33,,,1,70,,1187642,33,,,1,30,,1187643,33,,,1,70,,1187635,33,,,1,30,,1187645,33,,,1,70,,1187646,33,,,1,30,,1187647,33,,,1,70,,1187653,33,,,1,30,,1187631,33,,,1,69,,1187656,33,,,1,30,,1187625,33,,,1,70,,1187651,33,,,1,30,,1187628,33,,,1,68,,1187644,33,,,1,100,,1187657,33,,,1,100,,1187630,33,,,1
11200,'8',512,,1187668,33,,,1,103,,1187692,33,,,1,30,,1187679,33,,,1,71,,1187671,33,,,1,36,,1187688,33,,,1,70,,1187676,33,,,1,32,,1187658,33,,,1,64,,1187663,33,,,1,30,,1187687,33,,,1,70,,1187677,33,,,1,31,,1187664,33,,,1,70,,1187667,33,,,1,30,,1187672,33,,,1,70,,1187674,33,,,1,30,,1187665,33,,,1,70,,1187670,33,,,1,30,,1187669,33,,,1,70,,1187662,33,,,1,33,,1187682,33,,,1,70,,1187660,33,,,1,33,,1187683,33,,,1,66,,1187675,33,,,1,28,,1187659,33,,,1,70,,1187690,33,,,1,31,,1187681,33,,,1,69,,1187686,33,,,1,29,,1187678,33,,,1,70,,1187685,33,,,1,29,,1187689,33,,,1,70,,1187661,33,,,1,30,,1187666,33,,,1,70,,1187673,33,,,1,28,,1187691,33,,,1,70,,1187680,33,,,1,99,,1187684,33,,,1
11200,'9',512,,1187721,33,,,1,103,,1187703,33,,,1,30,,1187724,33,,,1,71,,1187717,33,,,1,36,,1187712,33,,,1,70,,1187722,33,,,1,32,,1046882,33,,,1,64,,1187711,33,,,1,30,,1187716,33,,,1,70,,1187694,33,,,1,31,,1187710,33,,,1,70,,1187695,33,,,1,30,,1187718,33,,,1,70,,1187713,33,,,1,30,,1187723,33,,,1,70,,1187709,33,,,1,30,,1187701,33,,,1,70,,1187702,33,,,1,33,,1187715,33,,,1,70,,1187707,33,,,1,33,,1187708,33,,,1,66,,1187697,33,,,1,28,,1187704,33,,,1,70,,1187720,33,,,1,31,,1065040,33,,,1,69,,1187706,33,,,1,29,,1187719,33,,,1,70,,1187699,33,,,1,29,,1187693,33,,,1,70,,1187696,33,,,1,30,,1187700,33,,,1,70,,1187705,33,,,1,28,,1080611,33,,,1,70,,1187714,33,,,1,99,,1187698,33,,,1
68900,'1',1531,,1200599,25,0,86 87,1
68900,'10',1531,,1200602,25,0,86 87,1
68900,'11',1531,,1200605,25,0,86 87,1
68900,'12',1531,,1085947,25,0,86 87,1
68900,'14',1531,,1200610,25,0,86 87,1
68900,'15',1531,,1200614,25,0,86 87,1
68900,'16',1531,,1200617,25,0,86 87,1
68900,'5',1531,,1200619,25,0,86 87,1
68900,'6',1531,,1200623,25,0,86 87,1
68900,'8',1531,,1200626,25,0,86 87,1
68900,'9',1531,,1200628,25,0,86 87,1
