3301,'1',643,,1129569,21,,,1,70,,1103468,21,,,1,21,,1129567,18,0,23 30,1,2,,1129573,21,,,1,70,,1129560,21,,,1,31,,1045531,21,,,1,70,,1129553,21,,,1,35,,1129561,18,,,1,70,,1094396,18,,,1,30,,1129554,18,,,1,70,,1129558,18,,,1,30,,1129574,18,,,1,70,,1129571,18,,,1,30,,1129566,18,,,1,70,,1129568,18,,,1,30,,1129559,18,,,1,71,,1129576,18,,,1,34,,1129577,18,,,1,66,,1129575,18,,,1,30,,1129570,18,,,1,66,,1129580,21,,,1,30,,1129564,21,,,1,70,,1129556,21,,,1,31,,1129555,21,,,1,77,,1129562,21,,,1,30,,1129578,21,,,1,70,,1129557,21,,,1,29,,1129565,21,,,1,70,,1129563,21,,,1,30,,1075932,21,,,1,76,,1086045,21,,,1,28,,1129552,21,,,1,100,,1129579,21,,,1,100,,1129572,21,,,1
3301,'10',643,,1129598,21,,,1,70,,1103456,21,,,1,21,,1129596,18,0,23 30,1,2,,1129602,21,,,1,70,,1129589,21,,,1,31,,1045694,21,,,1,70,,1129582,21,,,1,35,,1129590,18,,,1,70,,1094360,18,,,1,30,,1129583,18,,,1,70,,1129587,18,,,1,30,,1129603,18,,,1,70,,1129600,18,,,1,30,,1129595,18,,,1,70,,1129597,18,,,1,30,,1129588,18,,,1,71,,1129605,18,,,1,34,,1129606,18,,,1,66,,1129604,18,,,1,30,,1129599,18,,,1,66,,1129609,21,,,1,30,,1129593,21,,,1,70,,1129585,21,,,1,31,,1129584,21,,,1,77,,1129591,21,,,1,30,,1129607,21,,,1,70,,1129586,21,,,1,29,,1129594,21,,,1,70,,1129592,21,,,1,30,,1075707,21,,,1,76,,1085761,21,,,1,28,,1129581,21,,,1,100,,1129608,21,,,1,100,,1129601,21,,,1
3301,'11',643,,1129627,21,,,1,70,,1103472,21,,,1,21,,1129625,18,0,23 30,1,2,,1129631,21,,,1,70,,1129618,21,,,1,31,,1045482,21,,,1,70,,1129611,21,,,1,35,,1129619,18,,,1,70,,1094408,18,,,1,30,,1129612,18,,,1,70,,1129616,18,,,1,30,,1129632,18,,,1,70,,1129629,18,,,1,30,,1129624,18,,,1,70,,1129626,18,,,1,30,,1129617,18,,,1,71,,1129634,18,,,1,34,,1129635,18,,,1,66,,1129633,18,,,1,30,,1129628,18,,,1,66,,1129638,21,,,1,30,,1129622,21,,,1,70,,1129614,21,,,1,31,,1129613,21,,,1,77,,1129620,21,,,1,30,,1129636,21,,,1,70,,1129615,21,,,1,29,,1129623,21,,,1,70,,1129621,21,,,1,30,,1076002,21,,,1,76,,1086127,21,,,1,28,,1129610,21,,,1,100,,1129637,21,,,1,100,,1129630,21,,,1
3301,'12',643,,1129652,21,,,1,70,,1129662,21,,,1,21,,1067314,18,0,23 30,1,2,,1129665,21,,,1,70,,1129648,21,,,1,31,,1129649,21,,,1,70,,1129660,21,,,1,35,,1129669,18,,,1,70,,1129658,18,,,1,30,,1129645,18,,,1,70,,1016290,18,,,1,30,,1129657,18,,,1,70,,1129670,18,,,1,30,,1129661,18,,,1,70,,1097778,18,,,1,30,,1129659,18,,,1,71,,1129639,18,,,1,34,,1129651,18,,,1,66,,1129667,18,,,1,30,,1129646,18,,,1,66,,1129650,21,,,1,30,,1129656,21,,,1,70,,1129643,21,,,1,31,,1129664,21,,,1,77,,1129653,21,,,1,30,,1129654,21,,,1,70,,1129644,21,,,1,29,,1129642,21,,,1,70,,1129647,21,,,1,30,,1129666,21,,,1,76,,1129640,21,,,1,28,,1129641,21,,,1,100,,1129655,21,,,1,100,,1129668,21,,,1
3301,'13',814,,1129682,18,,,1,100,,1129685,18,,,1,101,,1129691,18,,,1,30,,1095091,18,,,1,70,,1129675,18,,,1,30,,1129686,18,,,1,72,,1129688,18,,,1,30,,1129679,18,,,1,70,,1129677,18,,,1,30,,1129673,18,,,1,70,,1129680,18,,,1,30,,1129672,18,,,1,70,,1097335,18,,,1,30,,1129684,18,,,1,70,,1129678,18,,,1,30,,1129690,18,,,1,70,,1129676,18,,,1,30,,1129687,18,,,1,68,,1129671,18,,,1,30,,1129692,18,,,1,70,,1129674,18,,,1,30,,1129681,18,,,1,100,,1129689,18,,,1,100,,1129683,18,,,1
3301,'14',643,,1129713,21,,,1,70,,1129727,21,,,1,21,,1129711,18,0,23 30,1,2,,1129718,21,,,1,70,,1129704,21,,,1,31,,1129717,21,,,1,70,,1129695,21,,,1,35,,1129705,18,,,1,70,,1129702,18,,,1,30,,1129696,18,,,1,70,,1129701,18,,,1,30,,1129719,18,,,1,70,,1129715,18,,,1,30,,1129710,18,,,1,70,,1129712,18,,,1,30,,1129703,18,,,1,71,,1129721,18,,,1,34,,1129723,18,,,1,66,,1129720,18,,,1,30,,1129714,18,,,1,66,,1129726,21,,,1,30,,1129708,21,,,1,70,,1129698,21,,,1,31,,1129697,21,,,1,77,,1129706,21,,,1,30,,1129724,21,,,1,70,,1129700,21,,,1,29,,1129709,21,,,1,70,,1129707,21,,,1,30,,1129699,21,,,1,76,,1129722,21,,,1,28,,1129694,21,,,1,100,,1129725,21,,,1,100,,1129716,21,,,1
3301,'15',643,,1129742,21,,,1,70,,1129736,21,,,1,21,,1129733,18,0,23 30,1,2,,1129752,21,,,1,70,,1129735,21,,,1,31,,1129734,21,,,1,70,,1129731,21,,,1,35,,1129737,18,,,1,70,,1129757,18,,,1,30,,1129729,18,,,1,70,,1129728,18,,,1,30,,1129741,18,,,1,70,,1129748,18,,,1,30,,1129756,18,,,1,70,,1129730,18,,,1,30,,1129747,18,,,1,71,,1129745,18,,,1,34,,1129762,18,,,1,66,,1129755,18,,,1,30,,1129738,18,,,1,66,,1129749,21,,,1,30,,1129740,21,,,1,70,,1129754,21,,,1,31,,1129739,21,,,1,77,,1129760,21,,,1,30,,1129758,21,,,1,70,,1129746,21,,,1,29,,1129759,21,,,1,70,,1129751,21,,,1,30,,1129732,21,,,1,76,,1129753,21,,,1,28,,1129744,21,,,1,100,,1129761,21,,,1,100,,1129743,21,,,1
3301,'16',643,,1129778,21,,,1,70,,1129788,21,,,1,21,,1129766,18,0,23 30,1,2,,1129791,21,,,1,70,,1129774,21,,,1,31,,1129775,21,,,1,70,,1129786,21,,,1,35,,1129793,18,,,1,70,,1129784,18,,,1,30,,1129771,18,,,1,70,,1129767,18,,,1,30,,1129783,18,,,1,70,,1087611,18,,,1,30,,1129787,18,,,1,70,,1129794,18,,,1,30,,1129785,18,,,1,71,,1129763,18,,,1,34,,1129777,18,,,1,66,,1090918,18,,,1,30,,1129772,18,,,1,66,,1129776,21,,,1,30,,1129782,21,,,1,70,,1129769,21,,,1,31,,1129790,21,,,1,77,,1129779,21,,,1,30,,1129780,21,,,1,70,,1129770,21,,,1,29,,1129768,21,,,1,70,,1129773,21,,,1,30,,1129792,21,,,1,76,,1129764,21,,,1,28,,1129765,21,,,1,100,,1129781,21,,,1,100,,1091651,21,,,1
3301,'17',814,,1129807,18,,,1,100,,1129810,18,,,1,101,,1129816,18,,,1,30,,1129817,18,,,1,70,,1129799,18,,,1,30,,1129811,18,,,1,72,,1129813,18,,,1,30,,1129804,18,,,1,70,,1129802,18,,,1,30,,1129797,18,,,1,70,,1129805,18,,,1,30,,1129796,18,,,1,70,,1129801,18,,,1,30,,1129809,18,,,1,70,,1129803,18,,,1,30,,1129815,18,,,1,70,,1129800,18,,,1,30,,1129812,18,,,1,68,,1129795,18,,,1,30,,1129818,18,,,1,70,,1129798,18,,,1,30,,1129806,18,,,1,100,,1129814,18,,,1,100,,1129808,18,,,1
3301,'2',640,,1129843,18,,,1,100,,1129821,18,,,1,70,,1129832,18,,,1,30,,1129845,18,,,1,70,,1129842,18,,,1,30,,1129829,18,,,1,71,,1093626,18,,,1,30,,1129824,18,,,1,70,,1129841,18,,,1,30,,1129820,18,,,1,72,,1129835,18,,,1,30,,1129840,18,,,1,70,,1129839,18,,,1,30,,1129828,18,,,1,70,,1129833,18,,,1,30,,1129844,18,,,1,70,,1098797,18,,,1,30,,1129826,18,,,1,70,,1129834,18,,,1,30,,1129819,18,,,1,70,,1129837,18,,,1,30,,1129830,18,,,1,68,,1129825,18,,,1,30,,1129836,18,,,1,70,,1129831,18,,,1,30,,1129838,18,,,1,70,,1014858,18,,,1,30,,1129822,18,,,1,70,,1129846,18,,,1,100,,1129823,18,,,1,100,,1129827,18,,,1
3301,'3',814,,1129859,18,,,1,100,,1129862,18,,,1,101,,1129868,18,,,1,30,,1129869,18,,,1,70,,1129851,18,,,1,30,,1129863,18,,,1,72,,1129865,18,,,1,30,,1129856,18,,,1,70,,1129854,18,,,1,30,,1129849,18,,,1,70,,1129857,18,,,1,30,,1129848,18,,,1,70,,1129853,18,,,1,30,,1129861,18,,,1,70,,1129855,18,,,1,30,,1129867,18,,,1,70,,1129852,18,,,1,30,,1129864,18,,,1,68,,1129847,18,,,1,30,,1129870,18,,,1,70,,1129850,18,,,1,30,,1129858,18,,,1,100,,1129866,18,,,1,100,,1129860,18,,,1
3301,'4',814,,1026195,18,,,1,100,,1129885,18,,,1,101,,1129872,18,,,1,30,,1129888,18,,,1,70,,1129874,18,,,1,30,,1129887,18,,,1,72,,1129880,18,,,1,30,,1129875,18,,,1,70,,1129884,18,,,1,30,,1129871,18,,,1,70,,1129890,18,,,1,30,,1129879,18,,,1,70,,1129876,18,,,1,30,,1129891,18,,,1,70,,1129882,18,,,1,30,,1129892,18,,,1,70,,1129878,18,,,1,30,,1129881,18,,,1,68,,1129886,18,,,1,30,,1129873,18,,,1,70,,1129877,18,,,1,30,,1129893,18,,,1,100,,1129889,18,,,1,100,,1129883,18,,,1
3301,'5',643,,1129911,21,,,1,70,,1103464,21,,,1,21,,1129909,18,0,23 30,1,2,,1129915,21,,,1,70,,1129902,21,,,1,31,,1045265,21,,,1,70,,1129895,21,,,1,35,,1129903,18,,,1,70,,1094384,18,,,1,30,,1129896,18,,,1,70,,1129900,18,,,1,30,,1129916,18,,,1,70,,1129913,18,,,1,30,,1129908,18,,,1,70,,1129910,18,,,1,30,,1129901,18,,,1,71,,1129918,18,,,1,34,,1129919,18,,,1,66,,1129917,18,,,1,30,,1129912,18,,,1,66,,1129922,21,,,1,30,,1129906,21,,,1,70,,1129898,21,,,1,31,,1129897,21,,,1,77,,1129904,21,,,1,30,,1129920,21,,,1,70,,1129899,21,,,1,29,,1129907,21,,,1,70,,1129905,21,,,1,30,,1075893,21,,,1,76,,1085994,21,,,1,28,,1129894,21,,,1,100,,1129921,21,,,1,100,,1129914,21,,,1
3301,'6',643,,1129933,21,,,1,70,,1129943,21,,,1,21,,1129923,18,0,23 30,1,2,,1129945,21,,,1,70,,1129929,21,,,1,31,,1129930,21,,,1,70,,1129941,21,,,1,35,,1129949,18,,,1,70,,1129939,18,,,1,30,,1129927,18,,,1,70,,1129924,18,,,1,30,,1129938,18,,,1,70,,1129951,18,,,1,30,,1129942,18,,,1,70,,1129950,18,,,1,30,,1129940,18,,,1,71,,1086474,18,,,1,34,,1129932,18,,,1,66,,1129947,18,,,1,30,,1090595,18,,,1,66,,1129931,21,,,1,30,,1129937,21,,,1,70,,1129925,21,,,1,31,,1092525,21,,,1,77,,1129934,21,,,1,30,,1129935,21,,,1,70,,1129926,21,,,1,29,,1036631,21,,,1,70,,1129928,21,,,1,30,,1129946,21,,,1,76,,1064225,21,,,1,28,,1082942,21,,,1,100,,1129936,21,,,1,100,,1129948,21,,,1
3301,'7',640,,1129973,18,,,1,100,,1129978,18,,,1,70,,1129974,18,,,1,30,,1129957,18,,,1,70,,1129956,18,,,1,30,,1129971,18,,,1,71,,1129972,18,,,1,30,,1129966,18,,,1,70,,1129953,18,,,1,30,,1129959,18,,,1,72,,1129976,18,,,1,30,,1129964,18,,,1,70,,1129962,18,,,1,30,,1129963,18,,,1,70,,1129979,18,,,1,30,,1129970,18,,,1,70,,1129965,18,,,1,30,,1129977,18,,,1,70,,1129981,18,,,1,30,,1129960,18,,,1,70,,1129980,18,,,1,30,,1129954,18,,,1,68,,1129952,18,,,1,30,,1129968,18,,,1,70,,1129958,18,,,1,30,,1129982,18,,,1,70,,1129955,18,,,1,30,,1129969,18,,,1,70,,1129975,18,,,1,100,,1129967,18,,,1,100,,1129961,18,,,1
3301,'8',643,,1129998,21,,,1,70,,1130008,21,,,1,21,,1129986,18,0,23 30,1,2,,1130011,21,,,1,70,,1129994,21,,,1,31,,1129995,21,,,1,70,,1130006,21,,,1,35,,1130015,18,,,1,70,,1130004,18,,,1,30,,1129991,18,,,1,70,,1129987,18,,,1,30,,1130003,18,,,1,70,,1130017,18,,,1,30,,1130007,18,,,1,70,,1130016,18,,,1,30,,1130005,18,,,1,71,,1129983,18,,,1,34,,1129997,18,,,1,66,,1130013,18,,,1,30,,1129992,18,,,1,66,,1129996,21,,,1,30,,1130002,21,,,1,70,,1129989,21,,,1,31,,1130010,21,,,1,77,,1129999,21,,,1,30,,1130000,21,,,1,70,,1129990,21,,,1,29,,1129988,21,,,1,70,,1129993,21,,,1,30,,1130012,21,,,1,76,,1129984,21,,,1,28,,1129985,21,,,1,100,,1130001,21,,,1,100,,1130014,21,,,1
3301,'9',643,,1130035,21,,,1,70,,1103460,21,,,1,21,,1130033,18,0,23 30,1,2,,1130039,21,,,1,70,,1130026,21,,,1,31,,1045580,21,,,1,70,,1130019,21,,,1,35,,1130027,18,,,1,70,,1094372,18,,,1,30,,1130020,18,,,1,70,,1130024,18,,,1,30,,1130040,18,,,1,70,,1130037,18,,,1,30,,1130032,18,,,1,70,,1130034,18,,,1,30,,1130025,18,,,1,71,,1130042,18,,,1,34,,1130043,18,,,1,66,,1130041,18,,,1,30,,1130036,18,,,1,66,,1130046,21,,,1,30,,1130030,21,,,1,70,,1130022,21,,,1,31,,1130021,21,,,1,77,,1130028,21,,,1,30,,1130044,21,,,1,70,,1130023,21,,,1,29,,1130031,21,,,1,70,,1130029,21,,,1,30,,1075774,21,,,1,76,,1085848,21,,,1,28,,1130018,21,,,1,100,,1130045,21,,,1,100,,1130038,21,,,1
