11600,'1',658,,1003808,14,,,1,100,,1188253,14,,,1,100,,1188260,14,,,1,98,,1188259,14,,,1,98,,1188263,14,,,1,100,,1188257,14,,,1,100,,1188252,14,,,1,70,,1011993,14,,,1,86,,1188258,14,,,1,30,,1188255,14,,,1,106,,1188254,14,,,1,70,,1074528,14,,,1,31,,1188262,14,,,1,70,,1083594,14,,,1,42,,1188264,14,,,1,96,,1188265,14,,,1,100,,1188251,14,,,1,97,,1094602,14,,,1,100,,1188256,14,,,1,97,,1188261,14,,,1
11600,'10',658,,1003965,14,,,1,100,,1188268,14,,,1,100,,1188275,14,,,1,98,,1188274,14,,,1,98,,1188278,14,,,1,100,,1188272,14,,,1,100,,1188267,14,,,1,70,,1012080,14,,,1,86,,1188273,14,,,1,30,,1188270,14,,,1,106,,1188269,14,,,1,70,,1074381,14,,,1,31,,1188277,14,,,1,70,,1083355,14,,,1,42,,1188279,14,,,1,96,,1188280,14,,,1,100,,1188266,14,,,1,97,,1094432,14,,,1,100,,1188271,14,,,1,97,,1188276,14,,,1
11600,'11',658,,1003760,14,,,1,100,,1188283,14,,,1,100,,1188290,14,,,1,98,,1188289,14,,,1,98,,1188293,14,,,1,100,,1188287,14,,,1,100,,1188282,14,,,1,70,,1011967,14,,,1,86,,1188288,14,,,1,30,,1188285,14,,,1,106,,1188284,14,,,1,70,,1074571,14,,,1,31,,1188292,14,,,1,70,,1083664,14,,,1,42,,1188294,14,,,1,96,,1188295,14,,,1,100,,1188281,14,,,1,97,,1094644,14,,,1,100,,1188286,14,,,1,97,,1188291,14,,,1
11600,'12',658,,1188301,14,,,1,100,,1063996,14,,,1,100,,1188309,14,,,1,98,,1188297,14,,,1,98,,1188303,14,,,1,100,,1188298,14,,,1,100,,1188300,14,,,1,70,,1188302,14,,,1,86,,1188310,14,,,1,30,,1188307,14,,,1,106,,1188304,14,,,1,70,,1188314,14,,,1,31,,1188299,14,,,1,70,,1188306,14,,,1,42,,1188313,14,,,1,96,,1188311,14,,,1,100,,1188296,14,,,1,97,,1188305,14,,,1,100,,1188308,14,,,1,97,,1188312,14,,,1
11600,'13',853,,1188323,14,,,1,100,,1188318,14,,,1,101,,1188328,14,,,1,100,,1188320,14,,,1,101,,1188315,14,,,1,70,,1188331,14,,,1,30,,1188317,14,,,1,70,,1188322,14,,,1,30,,1188329,14,,,1,70,,1081247,14,,,1,30,,1188319,14,,,1,70,,1072770,14,,,1,30,,1188326,14,,,1,70,,1188327,14,,,1,30,,1188325,14,,,1,69,,1188330,14,,,1,100,,1092738,14,,,1,99,,1188321,14,,,1,100,,1188324,14,,,1,100,,1188316,14,,,1
11600,'14',658,,1188343,14,,,1,100,,1188337,14,,,1,100,,1188345,14,,,1,98,,1188344,14,,,1,98,,1188348,14,,,1,100,,1188341,14,,,1,100,,1188335,14,,,1,70,,1188350,14,,,1,86,,1188342,14,,,1,30,,1188339,14,,,1,106,,1188338,14,,,1,70,,1188336,14,,,1,31,,1188347,14,,,1,70,,1188333,14,,,1,42,,1188349,14,,,1,96,,1188351,14,,,1,100,,1188332,14,,,1,97,,1188334,14,,,1,100,,1188340,14,,,1,97,,1188346,14,,,1
11600,'15',658,,1188359,14,,,1,100,,1188352,14,,,1,100,,1188354,14,,,1,98,,1188356,14,,,1,98,,1188365,14,,,1,100,,1188371,14,,,1,100,,1188361,14,,,1,70,,1188368,14,,,1,86,,1188367,14,,,1,30,,1188364,14,,,1,106,,1188357,14,,,1,70,,1188360,14,,,1,31,,1188358,14,,,1,70,,1188363,14,,,1,42,,1188362,14,,,1,96,,1188355,14,,,1,100,,1188353,14,,,1,97,,1188370,14,,,1,100,,1188366,14,,,1,97,,1188369,14,,,1
11600,'16',658,,1188377,14,,,1,100,,1188373,14,,,1,100,,1188385,14,,,1,98,,1073644,14,,,1,98,,1188379,14,,,1,100,,1188374,14,,,1,100,,1188376,14,,,1,70,,1188378,14,,,1,86,,1188386,14,,,1,30,,1188383,14,,,1,106,,1188380,14,,,1,70,,1188390,14,,,1,31,,1188375,14,,,1,70,,1188382,14,,,1,42,,1188389,14,,,1,96,,1188387,14,,,1,100,,1188372,14,,,1,97,,1188381,14,,,1,100,,1188384,14,,,1,97,,1188388,14,,,1
11600,'17',853,,1188401,14,,,1,100,,1188396,14,,,1,101,,1188406,14,,,1,100,,1188398,14,,,1,101,,1188391,14,,,1,70,,1188409,14,,,1,30,,1188395,14,,,1,70,,1188400,14,,,1,30,,1188407,14,,,1,70,,1188393,14,,,1,30,,1188397,14,,,1,70,,1188394,14,,,1,30,,1188404,14,,,1,70,,1188405,14,,,1,30,,1188403,14,,,1,69,,1188408,14,,,1,100,,1188410,14,,,1,99,,1188399,14,,,1,100,,1188402,14,,,1,100,,1188392,14,,,1
11600,'2',712,,1188418,14,,,1,101,,1188417,14,,,1,100,,1188416,14,,,1,101,,1188421,14,,,1,100,,1188429,14,,,1,30,,1188413,14,,,1,71,,1188422,14,,,1,30,,1188423,14,,,1,70,,1188424,14,,,1,30,,978250,14,,,1,70,,1188412,14,,,1,30,,1075757,14,,,1,70,,1188419,14,,,1,30,,1188420,14,,,1,70,,1188411,14,,,1,30,,1188425,14,,,1,70,,1093616,14,,,1,30,,1093153,14,,,1,69,,1188415,14,,,1,30,,1188414,14,,,1,100,,1188427,14,,,1,99,,1188428,14,,,1,100,,1188426,14,,,1,100,,1076825,14,,,1
11600,'3',853,,1188440,14,,,1,100,,1188435,14,,,1,101,,1188445,14,,,1,100,,1188437,14,,,1,101,,1188430,14,,,1,70,,1188448,14,,,1,30,,1188434,14,,,1,70,,1188439,14,,,1,30,,1188446,14,,,1,70,,1188432,14,,,1,30,,1188436,14,,,1,70,,1188433,14,,,1,30,,1188443,14,,,1,70,,1188444,14,,,1,30,,1188442,14,,,1,69,,1188447,14,,,1,100,,1188449,14,,,1,99,,1188438,14,,,1,100,,1188441,14,,,1,100,,1188431,14,,,1
11600,'4',853,,1188468,14,,,1,100,,1188460,14,,,1,101,,1188462,14,,,1,100,,1188465,14,,,1,101,,1188457,14,,,1,70,,1188452,14,,,1,30,,1078216,14,,,1,70,,1188466,14,,,1,30,,1188456,14,,,1,70,,1188455,14,,,1,30,,1188451,14,,,1,70,,1188461,14,,,1,30,,1188467,14,,,1,70,,1188458,14,,,1,30,,1188453,14,,,1,69,,1188463,14,,,1,100,,1188459,14,,,1,99,,1188464,14,,,1,100,,1188454,14,,,1,100,,1188450,14,,,1
11600,'5',658,,1003539,14,,,1,100,,1188471,14,,,1,100,,1188478,14,,,1,98,,1188477,14,,,1,98,,1188481,14,,,1,100,,1188475,14,,,1,100,,1188470,14,,,1,70,,1011854,14,,,1,86,,1188476,14,,,1,30,,1188473,14,,,1,106,,1188472,14,,,1,70,,1074506,14,,,1,31,,1188480,14,,,1,70,,1083555,14,,,1,42,,1188482,14,,,1,96,,1188483,14,,,1,100,,1188469,14,,,1,97,,1094579,14,,,1,100,,1188474,14,,,1,97,,1188479,14,,,1
11600,'6',658,,1010735,14,,,1,100,,1188484,14,,,1,100,,1188494,14,,,1,98,,1188485,14,,,1,98,,1188488,14,,,1,100,,1033620,14,,,1,100,,1188486,14,,,1,70,,1188487,14,,,1,86,,1188495,14,,,1,30,,1188492,14,,,1,106,,1188489,14,,,1,70,,1188499,14,,,1,31,,1101920,14,,,1,70,,1188491,14,,,1,42,,1188498,14,,,1,96,,1188496,14,,,1,100,,1078388,14,,,1,97,,1188490,14,,,1,100,,1188493,14,,,1,97,,1188497,14,,,1
11600,'7',712,,1188502,14,,,1,101,,1188503,14,,,1,100,,1188517,14,,,1,101,,1188500,14,,,1,100,,1188511,14,,,1,30,,1188514,14,,,1,71,,1188501,14,,,1,30,,1188508,14,,,1,70,,1188523,14,,,1,30,,1188516,14,,,1,70,,1188513,14,,,1,30,,1188504,14,,,1,70,,1188519,14,,,1,30,,1188506,14,,,1,70,,1188509,14,,,1,30,,1188522,14,,,1,70,,1188510,14,,,1,30,,1188512,14,,,1,69,,1188515,14,,,1,30,,1188505,14,,,1,100,,1188521,14,,,1,99,,1188520,14,,,1,100,,1188507,14,,,1,100,,1188518,14,,,1
11600,'8',658,,1188530,14,,,1,100,,1188525,14,,,1,100,,1188538,14,,,1,98,,1188526,14,,,1,98,,1188532,14,,,1,100,,1188527,14,,,1,100,,1188529,14,,,1,70,,1188531,14,,,1,86,,1188539,14,,,1,30,,1188536,14,,,1,106,,1188533,14,,,1,70,,1188543,14,,,1,31,,1188528,14,,,1,70,,1188535,14,,,1,42,,1188542,14,,,1,96,,1188540,14,,,1,100,,1188524,14,,,1,97,,1188534,14,,,1,100,,1188537,14,,,1,97,,1188541,14,,,1
11600,'9',658,,1003856,14,,,1,100,,1188546,14,,,1,100,,1188553,14,,,1,98,,1188552,14,,,1,98,,1188556,14,,,1,100,,1188550,14,,,1,100,,1188545,14,,,1,70,,1012019,14,,,1,86,,1188551,14,,,1,30,,1188548,14,,,1,106,,1188547,14,,,1,70,,1074425,14,,,1,31,,1188555,14,,,1,70,,1083426,14,,,1,42,,1188557,14,,,1,96,,1188558,14,,,1,100,,1188544,14,,,1,97,,1094482,14,,,1,100,,1188549,14,,,1,97,,1188554,14,,,1
11701,'1',1608,,1188914,33,,,1,30,,1093378,33,,,1,70,,1188912,33,,,1,28,,1188913,33,,,1,67,,1062138,33,,,1
11701,'10',1608,,1188917,33,,,1,30,,1093062,33,,,1,70,,1188915,33,,,1,28,,1188916,33,,,1,67,,1061905,33,,,1
11701,'11',1608,,1188920,33,,,1,30,,1093469,33,,,1,70,,1188918,33,,,1,28,,1188919,33,,,1,67,,1062213,33,,,1
11701,'12',1608,,1188921,33,,,1,30,,1188924,33,,,1,70,,1188922,33,,,1,28,,1188925,33,,,1,67,,1188923,33,,,1
11701,'14',1608,,1188930,33,,,1,30,,1188926,33,,,1,70,,1188927,33,,,1,28,,1188929,33,,,1,67,,1188928,33,,,1
11701,'15',1608,,1188934,33,,,1,30,,1188931,33,,,1,70,,1188933,33,,,1,28,,1188935,33,,,1,67,,1188932,33,,,1
11701,'16',1608,,1188936,33,,,1,30,,1188939,33,,,1,70,,1188937,33,,,1,28,,1188940,33,,,1,67,,1188938,33,,,1
11701,'5',1608,,1188943,33,,,1,30,,1093323,33,,,1,70,,1188941,33,,,1,28,,1188942,33,,,1,67,,1062090,33,,,1
11701,'6',1608,,1188944,33,,,1,30,,1188947,33,,,1,70,,1188945,33,,,1,28,,1068952,33,,,1,67,,1188946,33,,,1
11701,'8',1608,,1188948,33,,,1,30,,1188951,33,,,1,70,,1188949,33,,,1,28,,1188952,33,,,1,67,,1188950,33,,,1
11701,'9',1608,,1188955,33,,,1,30,,1093167,33,,,1,70,,1188953,33,,,1,28,,1188954,33,,,1,67,,1061979,33,,,1
19801,'1',704,,1196260,22,,,1,106,,1079155,22,,,1,749,,1196262,22,,,1,69,,1196261,22,,,1,102,,1196263,22,,,1,116,,1007571,22,,,1
19801,'10',704,,1196264,22,,,1,106,,1078901,22,,,1,749,,1196266,22,,,1,69,,1196265,22,,,1,102,,1196267,22,,,1,116,,1007677,22,,,1
19801,'11',704,,1196268,22,,,1,106,,1079235,22,,,1,749,,1196270,22,,,1,69,,1196269,22,,,1,102,,1196271,22,,,1,116,,1007542,22,,,1
19801,'12',704,,1196275,22,,,1,106,,1196277,22,,,1,749,,1196272,22,,,1,69,,1196273,22,,,1,102,,1196274,22,,,1,116,,1196276,22,,,1
19801,'14',704,,1196278,22,,,1,106,,1196282,22,,,1,749,,1196280,22,,,1,69,,1196279,22,,,1,102,,1196281,22,,,1,116,,1196283,22,,,1
19801,'15',704,,1196289,22,,,1,106,,1196288,22,,,1,749,,1196287,22,,,1,69,,1196285,22,,,1,102,,1196284,22,,,1,116,,1196286,22,,,1
19801,'16',704,,1196293,22,,,1,106,,1196295,22,,,1,749,,1196290,22,,,1,69,,1196291,22,,,1,102,,1196292,22,,,1,116,,1196294,22,,,1
19801,'5',704,,1196296,22,,,1,106,,1079110,22,,,1,749,,1196298,22,,,1,69,,1196297,22,,,1,102,,1196299,22,,,1,116,,1007391,22,,,1
19801,'6',704,,1196302,22,,,1,106,,1196304,22,,,1,749,,1040756,22,,,1,69,,1196300,22,,,1,102,,1196301,22,,,1,116,,1196303,22,,,1
19801,'8',704,,1196308,22,,,1,106,,1196310,22,,,1,749,,1196305,22,,,1,69,,1196306,22,,,1,102,,1196307,22,,,1,116,,1196309,22,,,1
19801,'9',704,,1196311,22,,,1,106,,1078977,22,,,1,749,,1196313,22,,,1,69,,1196312,22,,,1,102,,1196314,22,,,1,116,,1007600,22,,,1
61701,'1',1544,,1199016,28,,,1
61701,'10',1544,,1199017,28,,,1
61701,'11',1544,,1199018,28,,,1
61701,'12',1544,,1101880,28,,,1
61701,'14',1544,,1199019,28,,,1
61701,'15',1544,,1199020,28,,,1
61701,'16',1544,,1199021,28,,,1
61701,'5',1544,,1199022,28,,,1
61701,'6',1544,,1199023,28,,,1
61701,'8',1544,,1199024,28,,,1
61701,'9',1544,,1199025,28,,,1
