26501,'1',1612,,1197442,27,,,1,32,,1197443,27,,,1,70,,1197444,27,,,1,30,,1197441,27,,,1,71,,1197445,27,,,1,29,,1066958,27,,,1,68,,1197446,27,,,1
26501,'10',1612,,1197448,27,,,1,32,,1197449,27,,,1,70,,1197450,27,,,1,30,,1197447,27,,,1,71,,1197451,27,,,1,29,,1066675,27,,,1,68,,1197452,27,,,1
26501,'11',1612,,1197454,27,,,1,32,,1197455,27,,,1,70,,1197456,27,,,1,30,,1197453,27,,,1,71,,1197457,27,,,1,29,,1067034,27,,,1,68,,1197458,27,,,1
26501,'12',1612,,1197462,27,,,1,32,,1197465,27,,,1,70,,1197459,27,,,1,30,,1197461,27,,,1,71,,1197460,27,,,1,29,,1197464,27,,,1,68,,1197463,27,,,1
26501,'14',1612,,1197467,27,,,1,32,,1197468,27,,,1,70,,1197469,27,,,1,30,,1197466,27,,,1,71,,1197470,27,,,1,29,,1197472,27,,,1,68,,1197471,27,,,1
26501,'15',1612,,1197477,27,,,1,32,,1197473,27,,,1,70,,1197479,27,,,1,30,,1197475,27,,,1,71,,1197474,27,,,1,29,,1197478,27,,,1,68,,1197476,27,,,1
26501,'16',1612,,1197483,27,,,1,32,,1197486,27,,,1,70,,1197480,27,,,1,30,,1197482,27,,,1,71,,1197481,27,,,1,29,,1197485,27,,,1,68,,1197484,27,,,1
26501,'5',1612,,1197488,27,,,1,32,,1197489,27,,,1,70,,1197490,27,,,1,30,,1197487,27,,,1,71,,1197491,27,,,1,29,,1066922,27,,,1,68,,1197492,27,,,1
26501,'6',1612,,1197496,27,,,1,32,,1097198,27,,,1,70,,1197493,27,,,1,30,,1197495,27,,,1,71,,1197494,27,,,1,29,,1197498,27,,,1,68,,1197497,27,,,1
26501,'8',1612,,1197502,27,,,1,32,,1197505,27,,,1,70,,1197499,27,,,1,30,,1197501,27,,,1,71,,1197500,27,,,1,29,,1197504,27,,,1,68,,1197503,27,,,1
26501,'9',1612,,1197507,27,,,1,32,,1197508,27,,,1,70,,1197509,27,,,1,30,,1197506,27,,,1,71,,1197510,27,,,1,29,,1066761,27,,,1,68,,1197511,27,,,1
66301,'1',1505,,1199804,14,,,1,10,,1199802,14,,,1,1,,1199805,14,,,1
66301,'10',1505,,1199809,14,,,1,10,,1199807,14,,,1,1,,1199810,14,,,1
66301,'11',1505,,1199814,14,,,1,10,,1199812,14,,,1,1,,1199815,14,,,1
66301,'12',1505,,1199817,14,,,1,10,,1199820,14,,,1,1,,1199819,14,,,1
66301,'14',1505,,1199824,14,,,1,10,,1199822,14,,,1,1,,1199825,14,,,1
66301,'15',1505,,1199827,14,,,1,10,,1199829,14,,,1,1,,1199830,14,,,1
66301,'16',1505,,1199832,14,,,1,10,,1199835,14,,,1,1,,1199834,14,,,1
66301,'5',1505,,1199839,14,,,1,10,,1199837,14,,,1,1,,1199840,14,,,1
66301,'6',1505,,1199842,14,,,1,10,,1199845,14,,,1,1,,1199844,14,,,1
66301,'8',1505,,1199847,14,,,1,10,,1199850,14,,,1,1,,1199849,14,,,1
66301,'9',1505,,1199854,14,,,1,10,,1199852,14,,,1,1,,1199855,14,,,1
