700,'1',433,,1107781,6,0,67,1,70,,1107804,6,0,67,1,30,,1107772,6,0,67,1,71,,1107771,6,,,1,30,,1107774,6,,,1,15,,979575,6,,,1,53,,1107784,6,,,1,16,,1107803,6,,,1,16,,1101778,6,,,1,15,,1107796,6,,,1,59,,1107759,6,,,1,8,,1107813,6,,,1,8,,1107776,6,,,1,7,,1107815,6,,,1,13,,1107766,6,,,1,57,,1107763,6,,,1,14,,1107801,6,,,1,16,,1100553,6,,,1,14,,1107782,6,,,1,55,,1107760,6,,,1,22,,1107773,6,,,1,17,,1107793,6,,,1,15,,1107802,6,,,1,56,,1107778,6,,,1,15,,1107785,6,,,1,14,,1107775,6,,,1,15,,1107791,6,,,1,57,,1107777,6,,,1,17,,1102166,6,,,1,15,,1107790,6,,,1,12,,1107762,6,,,1,55,,1107786,6,,,1,15,,1107797,6,,,1,15,,1107798,6,,,1,15,,1107765,6,,,1,55,,1107808,6,,,1,15,,1107783,6,,,1,15,,1107817,6,,,1,16,,1099018,6,,,1,57,,1107800,6,,,1,18,,1107795,6,,,1,10,,1107816,6,,,1,12,,1107812,6,,,1,54,,1107768,6,,,1,34,,1107761,6,,,1,10,,1107794,6,,,1,70,,1107792,6,,,1,17,,1107806,6,,,1,12,,1107787,6,,,1,55,,1107764,6,,,1,15,,1107788,6,,,1,15,,1107814,6,,,1,15,,1107767,6,,,1,68,,1107780,6,,,1,23,,1107810,6,,,1,67,,1107789,6,,,1,27,,1107770,6,,,1,70,,1107805,6,,,1,30,,1107769,6,,,1,70,,1107799,6,,,1,30,,935697,6,,,1,74,,1107811,6,,,1,29,,1107809,6,,,1,69,,1107807,6,,,1,47,,1107779,6,,,1
700,'10',433,,1107840,6,0,67,1,70,,1107863,6,0,67,1,30,,1107831,6,0,67,1,71,,1107830,6,,,1,30,,1107833,6,,,1,15,,979330,6,,,1,53,,1107843,6,,,1,16,,1107862,6,,,1,16,,1101677,6,,,1,15,,1107855,6,,,1,59,,1107818,6,,,1,8,,1107872,6,,,1,8,,1107835,6,,,1,7,,1107874,6,,,1,13,,1107825,6,,,1,57,,1107822,6,,,1,14,,1107860,6,,,1,16,,1100475,6,,,1,14,,1107841,6,,,1,55,,1107819,6,,,1,22,,1107832,6,,,1,17,,1107852,6,,,1,15,,1107861,6,,,1,56,,1107837,6,,,1,15,,1107844,6,,,1,14,,1107834,6,,,1,15,,1107850,6,,,1,57,,1107836,6,,,1,17,,1102151,6,,,1,15,,1107849,6,,,1,12,,1107821,6,,,1,55,,1107845,6,,,1,15,,1107856,6,,,1,15,,1107857,6,,,1,15,,1107824,6,,,1,55,,1107867,6,,,1,15,,1107842,6,,,1,15,,1107876,6,,,1,16,,1098928,6,,,1,57,,1107859,6,,,1,18,,1107854,6,,,1,10,,1107875,6,,,1,12,,1107871,6,,,1,54,,1107827,6,,,1,34,,1107820,6,,,1,10,,1107853,6,,,1,70,,1107851,6,,,1,17,,1107865,6,,,1,12,,1107846,6,,,1,55,,1107823,6,,,1,15,,1107847,6,,,1,15,,1107873,6,,,1,15,,1107826,6,,,1,68,,1107839,6,,,1,23,,1107869,6,,,1,67,,1107848,6,,,1,27,,1107829,6,,,1,70,,1107864,6,,,1,30,,1107828,6,,,1,70,,1107858,6,,,1,30,,935417,6,,,1,74,,1107870,6,,,1,29,,1107868,6,,,1,69,,1107866,6,,,1,47,,1107838,6,,,1
700,'11',433,,1107899,6,0,67,1,70,,1107922,6,0,67,1,30,,1107890,6,0,67,1,71,,1107889,6,,,1,30,,1107892,6,,,1,15,,979536,6,,,1,53,,1107902,6,,,1,16,,1107921,6,,,1,16,,1101809,6,,,1,15,,1107914,6,,,1,59,,1107877,6,,,1,8,,1107931,6,,,1,8,,1107894,6,,,1,7,,1107933,6,,,1,13,,1107884,6,,,1,57,,1107881,6,,,1,14,,1107919,6,,,1,16,,1100574,6,,,1,14,,1107900,6,,,1,55,,1107878,6,,,1,22,,1107891,6,,,1,17,,1107911,6,,,1,15,,1107920,6,,,1,56,,1107896,6,,,1,15,,1107903,6,,,1,14,,1107893,6,,,1,15,,1107909,6,,,1,57,,1107895,6,,,1,17,,1102171,6,,,1,15,,1107908,6,,,1,12,,1107880,6,,,1,55,,1107904,6,,,1,15,,1107915,6,,,1,15,,1107916,6,,,1,15,,1107883,6,,,1,55,,1107926,6,,,1,15,,1107901,6,,,1,15,,1107935,6,,,1,16,,1099048,6,,,1,57,,1107918,6,,,1,18,,1107913,6,,,1,10,,1107934,6,,,1,12,,1107930,6,,,1,54,,1107886,6,,,1,34,,1107879,6,,,1,10,,1107912,6,,,1,70,,1107910,6,,,1,17,,1107924,6,,,1,12,,1107905,6,,,1,55,,1107882,6,,,1,15,,1107906,6,,,1,15,,1107932,6,,,1,15,,1107885,6,,,1,68,,1107898,6,,,1,23,,1107928,6,,,1,67,,1107907,6,,,1,27,,1107888,6,,,1,70,,1107923,6,,,1,30,,1107887,6,,,1,70,,1107917,6,,,1,30,,935644,6,,,1,74,,1107929,6,,,1,29,,1107927,6,,,1,69,,1107925,6,,,1,47,,1107897,6,,,1
700,'12',433,,1107953,6,0,67,1,70,,1107971,6,0,67,1,30,,1107989,6,0,67,1,71,,1107950,6,,,1,30,,1107946,6,,,1,15,,1107966,6,,,1,53,,1107977,6,,,1,16,,1107958,6,,,1,16,,1107951,6,,,1,15,,1107968,6,,,1,59,,1107965,6,,,1,8,,1107980,6,,,1,8,,1107947,6,,,1,7,,1107939,6,,,1,13,,1107941,6,,,1,57,,1107952,6,,,1,14,,1107955,6,,,1,16,,1107982,6,,,1,14,,1107987,6,,,1,55,,1107981,6,,,1,22,,1107991,6,,,1,17,,1107960,6,,,1,15,,1107996,6,,,1,56,,1064643,6,,,1,15,,1107970,6,,,1,14,,1107974,6,,,1,15,,1107990,6,,,1,57,,1107961,6,,,1,17,,1101585,6,,,1,15,,1107984,6,,,1,12,,1107937,6,,,1,55,,1107963,6,,,1,15,,1107943,6,,,1,15,,1107936,6,,,1,15,,1107948,6,,,1,55,,1107979,6,,,1,15,,1107983,6,,,1,15,,1107992,6,,,1,16,,1107975,6,,,1,57,,1043781,6,,,1,18,,1093292,6,,,1,10,,1107942,6,,,1,12,,1107994,6,,,1,54,,1107959,6,,,1,34,,1107962,6,,,1,10,,1107956,6,,,1,70,,1107973,6,,,1,17,,1107993,6,,,1,12,,1107957,6,,,1,55,,1107986,6,,,1,15,,1107976,6,,,1,15,,1107988,6,,,1,15,,1107949,6,,,1,68,,1107978,6,,,1,23,,1107995,6,,,1,67,,1107967,6,,,1,27,,1107972,6,,,1,70,,1107940,6,,,1,30,,1107938,6,,,1,70,,1107969,6,,,1,30,,1107944,6,,,1,74,,1107954,6,,,1,29,,1107964,6,,,1,69,,1107985,6,,,1,47,,1107945,6,,,1
700,'13',548,,1108046,6,,,1,70,,1108023,6,,,1,30,,1108033,6,,,1,70,,1100512,6,,,1,30,,1108049,6,,,1,67,,1108006,6,,,1,23,,1108029,6,,,1,70,,1108048,6,,,1,30,,1108038,6,,,1,69,,1108041,6,,,1,31,,1108027,6,,,1,70,,1108010,6,,,1,30,,1108037,6,,,1,69,,1108015,6,,,1,30,,1108022,6,,,1,70,,1108034,6,,,1,30,,1108032,6,,,1,70,,1092728,6,,,1,30,,1088584,6,,,1,70,,1107998,6,,,1,24,,1108042,6,,,1,24,,1108035,6,,,1,64,,985007,6,,,1,24,,1108031,6,,,1,64,,1108053,6,,,1,29,,1108018,6,,,1,72,,1108021,6,,,1,30,,1108002,6,,,1,70,,1108052,6,,,1,30,,1108013,6,,,1,70,,1108043,6,,,1,16,,1108016,6,,,1,25,,1108017,6,,,1,70,,1108019,6,,,1,30,,1108020,6,,,1,70,,1108039,6,,,1,30,,1108036,6,,,1,70,,1108014,6,,,1,30,,1108044,6,,,1
700,'14',433,,1108080,6,0,67,1,70,,1108103,6,0,67,1,30,,1108071,6,0,67,1,71,,1108070,6,,,1,30,,1108073,6,,,1,15,,1108113,6,,,1,53,,1108083,6,,,1,16,,1108102,6,,,1,16,,1108059,6,,,1,15,,1108095,6,,,1,59,,1108057,6,,,1,8,,1108112,6,,,1,8,,1108075,6,,,1,7,,1108115,6,,,1,13,,1108065,6,,,1,57,,1108062,6,,,1,14,,1108100,6,,,1,16,,1108116,6,,,1,14,,1108081,6,,,1,55,,1108058,6,,,1,22,,1108072,6,,,1,17,,1108092,6,,,1,15,,1108101,6,,,1,56,,1108077,6,,,1,15,,1108084,6,,,1,14,,1108074,6,,,1,15,,1108090,6,,,1,57,,1108076,6,,,1,17,,1108055,6,,,1,15,,1108089,6,,,1,12,,1108061,6,,,1,55,,1108085,6,,,1,15,,1108096,6,,,1,15,,1108097,6,,,1,15,,1108064,6,,,1,55,,1108107,6,,,1,15,,1108082,6,,,1,15,,1108118,6,,,1,16,,1108056,6,,,1,57,,1108099,6,,,1,18,,1108094,6,,,1,10,,1108117,6,,,1,12,,1108111,6,,,1,54,,1108067,6,,,1,34,,1108060,6,,,1,10,,1108093,6,,,1,70,,1108091,6,,,1,17,,1108105,6,,,1,12,,1108086,6,,,1,55,,1108063,6,,,1,15,,1108087,6,,,1,15,,1108114,6,,,1,15,,1108066,6,,,1,68,,1108079,6,,,1,23,,1108109,6,,,1,67,,1108088,6,,,1,27,,1108069,6,,,1,70,,1108104,6,,,1,30,,1108068,6,,,1,70,,1108098,6,,,1,30,,1108054,6,,,1,74,,1108110,6,,,1,29,,1108108,6,,,1,69,,1108106,6,,,1,47,,1108078,6,,,1
700,'15',433,,1108128,6,0,67,1,70,,1108134,6,0,67,1,30,,1108140,6,0,67,1,71,,1108125,6,,,1,30,,1108152,6,,,1,15,,1108161,6,,,1,53,,1108150,6,,,1,16,,1108133,6,,,1,16,,1108165,6,,,1,15,,1108139,6,,,1,59,,1108124,6,,,1,8,,1108120,6,,,1,8,,1108155,6,,,1,7,,1108166,6,,,1,13,,1108175,6,,,1,57,,1108163,6,,,1,14,,1108178,6,,,1,16,,1108179,6,,,1,14,,1108137,6,,,1,55,,1108169,6,,,1,22,,1108121,6,,,1,17,,1108132,6,,,1,15,,1108157,6,,,1,56,,1108176,6,,,1,15,,1108172,6,,,1,14,,1108136,6,,,1,15,,1108148,6,,,1,57,,1108158,6,,,1,17,,1108156,6,,,1,15,,1108138,6,,,1,12,,1108130,6,,,1,55,,1108149,6,,,1,15,,1108170,6,,,1,15,,1108126,6,,,1,15,,1108174,6,,,1,55,,1108167,6,,,1,15,,1108173,6,,,1,15,,1108146,6,,,1,16,,1108123,6,,,1,57,,1108181,6,,,1,18,,1108147,6,,,1,10,,1108131,6,,,1,12,,1108145,6,,,1,54,,1108141,6,,,1,34,,1108143,6,,,1,10,,1108164,6,,,1,70,,1108168,6,,,1,17,,1108162,6,,,1,12,,1108127,6,,,1,55,,1108154,6,,,1,15,,1108142,6,,,1,15,,1108160,6,,,1,15,,1108153,6,,,1,68,,1108135,6,,,1,23,,1108180,6,,,1,67,,1108129,6,,,1,27,,1108119,6,,,1,70,,1108182,6,,,1,30,,1108159,6,,,1,70,,1108171,6,,,1,30,,1108183,6,,,1,74,,1108144,6,,,1,29,,1108151,6,,,1,69,,1108177,6,,,1,47,,1108122,6,,,1
700,'16',433,,1108198,6,0,67,1,70,,1108216,6,0,67,1,30,,1108234,6,0,67,1,71,,1108195,6,,,1,30,,997723,6,,,1,15,,1108211,6,,,1,53,,1108221,6,,,1,16,,1108203,6,,,1,16,,1108196,6,,,1,15,,1108213,6,,,1,59,,1108210,6,,,1,8,,1108224,6,,,1,8,,1108192,6,,,1,7,,1108188,6,,,1,13,,1065161,6,,,1,57,,1108197,6,,,1,14,,1108200,6,,,1,16,,1108226,6,,,1,14,,1108231,6,,,1,55,,1108225,6,,,1,22,,1108236,6,,,1,17,,1108205,6,,,1,15,,1108240,6,,,1,56,,1108187,6,,,1,15,,1108215,6,,,1,14,,1108219,6,,,1,15,,1108235,6,,,1,57,,1108206,6,,,1,17,,1108232,6,,,1,15,,1108228,6,,,1,12,,1108185,6,,,1,55,,1108208,6,,,1,15,,1082251,6,,,1,15,,1108184,6,,,1,15,,1108194,6,,,1,55,,1108223,6,,,1,15,,1108227,6,,,1,15,,1094629,6,,,1,16,,1108220,6,,,1,57,,1108193,6,,,1,18,,1108186,6,,,1,10,,1108190,6,,,1,12,,1108238,6,,,1,54,,1108204,6,,,1,34,,1108207,6,,,1,10,,1108201,6,,,1,70,,1108218,6,,,1,17,,1108237,6,,,1,12,,1108202,6,,,1,55,,1108230,6,,,1,15,,1070976,6,,,1,15,,1108233,6,,,1,15,,1086076,6,,,1,68,,1108222,6,,,1,23,,1108239,6,,,1,67,,1108212,6,,,1,27,,1108217,6,,,1,70,,1108189,6,,,1,30,,1088817,6,,,1,70,,1108214,6,,,1,30,,1043068,6,,,1,74,,1108199,6,,,1,29,,1108209,6,,,1,69,,1108229,6,,,1,47,,1108191,6,,,1
700,'17',548,,1108292,6,,,1,70,,1108268,6,,,1,30,,1108278,6,,,1,70,,1108302,6,,,1,30,,1108295,6,,,1,67,,1108250,6,,,1,23,,1108274,6,,,1,70,,1108294,6,,,1,30,,1108284,6,,,1,69,,1108287,6,,,1,31,,1108272,6,,,1,70,,1108255,6,,,1,30,,1108283,6,,,1,69,,1108260,6,,,1,30,,1108267,6,,,1,70,,1108280,6,,,1,30,,1108277,6,,,1,70,,1108298,6,,,1,30,,1108301,6,,,1,70,,1108242,6,,,1,24,,1108288,6,,,1,24,,1108281,6,,,1,64,,1108279,6,,,1,24,,1108276,6,,,1,64,,1108303,6,,,1,29,,1108263,6,,,1,72,,1108266,6,,,1,30,,1108246,6,,,1,70,,1108300,6,,,1,30,,1108258,6,,,1,70,,1108289,6,,,1,16,,1108261,6,,,1,25,,1108262,6,,,1,70,,1108264,6,,,1,30,,1108265,6,,,1,70,,1108285,6,,,1,30,,1108282,6,,,1,70,,1108259,6,,,1,30,,1108290,6,,,1
700,'2',620,,1108344,6,,,1,30,,1108331,6,,,1,70,,1108340,6,,,1,30,,1108322,6,,,1,70,,1108318,6,,,1,30,,1108334,6,,,1,70,,1108357,6,,,1,29,,1108316,6,,,1,62,,1108324,6,,,1,24,,1108305,6,,,1,24,,1108356,6,,,1,64,,1108337,6,,,1,24,,1108353,6,,,1,64,,1011227,6,,,1,12,,1108327,6,,,1,12,,1108325,6,,,1,12,,1108320,6,,,1,12,,1108341,6,,,1,52,,1108330,6,,,1,12,,1108308,6,,,1,12,,1108342,6,,,1,12,,1108333,6,,,1,11,,1088413,6,,,1,52,,1108351,6,,,1,12,,1108304,6,,,1,12,,1108361,6,,,1,12,,1108363,6,,,1,12,,1108339,6,,,1,52,,1108336,6,,,1,12,,1108317,6,,,1,12,,1108313,6,,,1,12,,1108311,6,,,1,12,,1108348,6,,,1,52,,1101077,6,,,1,12,,1108323,6,,,1,12,,1108312,6,,,1,12,,1108364,6,,,1,12,,1108346,6,,,1,52,,1108352,6,,,1,12,,1108306,6,,,1,12,,1108314,6,,,1,12,,1108360,6,,,1,54,,1108309,6,,,1,31,,1108321,6,,,1,70,,1108343,6,,,1,30,,940564,6,,,1,70,,1108329,6,,,1,30,,1108362,6,,,1,70,,1108350,6,,,1,30,,1108349,6,,,1,70,,1094713,6,,,1,30,,1108307,6,,,1,70,,1108338,6,,,1,30,,1108310,6,,,1,70,,1070768,6,,,1,30,,1108358,6,,,1,70,,1108354,6,,,1
700,'3',548,,1108416,6,,,1,70,,1108392,6,,,1,30,,1108402,6,,,1,70,,1108426,6,,,1,30,,1108419,6,,,1,67,,1108374,6,,,1,23,,1108398,6,,,1,70,,1108418,6,,,1,30,,1108408,6,,,1,69,,1108411,6,,,1,31,,1108396,6,,,1,70,,1108379,6,,,1,30,,1108407,6,,,1,69,,1108384,6,,,1,30,,1108391,6,,,1,70,,1108404,6,,,1,30,,1108401,6,,,1,70,,1108422,6,,,1,30,,1108425,6,,,1,70,,1108366,6,,,1,24,,1108412,6,,,1,24,,1108405,6,,,1,64,,1108403,6,,,1,24,,1108400,6,,,1,64,,1108427,6,,,1,29,,1108387,6,,,1,72,,1108390,6,,,1,30,,1108370,6,,,1,70,,1108424,6,,,1,30,,1108382,6,,,1,70,,1108413,6,,,1,16,,1108385,6,,,1,25,,1108386,6,,,1,70,,1108388,6,,,1,30,,1108389,6,,,1,70,,1108409,6,,,1,30,,1108406,6,,,1,70,,1108383,6,,,1,30,,1108414,6,,,1
700,'4',548,,1108477,6,,,1,70,,1108474,6,,,1,30,,1108457,6,,,1,70,,1108447,6,,,1,30,,1108467,6,,,1,67,,1108451,6,,,1,23,,1100907,6,,,1,70,,1108480,6,,,1,30,,1108438,6,,,1,69,,1108469,6,,,1,31,,1108456,6,,,1,70,,1108430,6,,,1,30,,1108463,6,,,1,69,,1108454,6,,,1,30,,1062983,6,,,1,70,,1108461,6,,,1,30,,1108478,6,,,1,70,,1108437,6,,,1,30,,1108435,6,,,1,70,,1108433,6,,,1,24,,1108466,6,,,1,24,,1108471,6,,,1,64,,1108443,6,,,1,24,,995098,6,,,1,64,,1108442,6,,,1,29,,1108444,6,,,1,72,,1108453,6,,,1,30,,1108448,6,,,1,70,,1108455,6,,,1,30,,1108440,6,,,1,70,,1108473,6,,,1,16,,1108452,6,,,1,25,,1108484,6,,,1,70,,1108460,6,,,1,30,,1108449,6,,,1,70,,1108446,6,,,1,30,,1108465,6,,,1,70,,1108441,6,,,1,30,,1108475,6,,,1
700,'5',433,,1108507,6,0,67,1,70,,1108530,6,0,67,1,30,,1108498,6,0,67,1,71,,1108497,6,,,1,30,,1108500,6,,,1,15,,979707,6,,,1,53,,1108510,6,,,1,16,,1108529,6,,,1,16,,1101758,6,,,1,15,,1108522,6,,,1,59,,1108485,6,,,1,8,,1108539,6,,,1,8,,1108502,6,,,1,7,,1108541,6,,,1,13,,1108492,6,,,1,57,,1108489,6,,,1,14,,1108527,6,,,1,16,,1100540,6,,,1,14,,1108508,6,,,1,55,,1108486,6,,,1,22,,1108499,6,,,1,17,,1108519,6,,,1,15,,1108528,6,,,1,56,,1108504,6,,,1,15,,1108511,6,,,1,14,,1108501,6,,,1,15,,1108517,6,,,1,57,,1108503,6,,,1,17,,1102161,6,,,1,15,,1108516,6,,,1,12,,1108488,6,,,1,55,,1108512,6,,,1,15,,1108523,6,,,1,15,,1108524,6,,,1,15,,1108491,6,,,1,55,,1108534,6,,,1,15,,1108509,6,,,1,15,,1108543,6,,,1,16,,1099001,6,,,1,57,,1108526,6,,,1,18,,1108521,6,,,1,10,,1108542,6,,,1,12,,1108538,6,,,1,54,,1108494,6,,,1,34,,1108487,6,,,1,10,,1108520,6,,,1,70,,1108518,6,,,1,17,,1108532,6,,,1,12,,1108513,6,,,1,55,,1108490,6,,,1,15,,1108514,6,,,1,15,,1108540,6,,,1,15,,1108493,6,,,1,68,,1108506,6,,,1,23,,1108536,6,,,1,67,,1108515,6,,,1,27,,1108496,6,,,1,70,,1108531,6,,,1,30,,1108495,6,,,1,70,,1108525,6,,,1,30,,935863,6,,,1,74,,1108537,6,,,1,29,,1108535,6,,,1,69,,1108533,6,,,1,47,,1108505,6,,,1
700,'6',433,,1108556,6,0,67,1,70,,1108574,6,0,67,1,30,,1093902,6,0,67,1,71,,1108553,6,,,1,30,,1108550,6,,,1,15,,1108569,6,,,1,53,,1108580,6,,,1,16,,1108561,6,,,1,16,,1108554,6,,,1,15,,1108571,6,,,1,59,,1108568,6,,,1,8,,1108582,6,,,1,8,,1031860,6,,,1,7,,1079350,6,,,1,13,,1108547,6,,,1,57,,1108555,6,,,1,14,,1108558,6,,,1,16,,1108584,6,,,1,14,,1017115,6,,,1,55,,1108583,6,,,1,22,,1108590,6,,,1,17,,1108563,6,,,1,15,,1094352,6,,,1,56,,1108546,6,,,1,15,,1108573,6,,,1,14,,1108577,6,,,1,15,,1007854,6,,,1,57,,1108564,6,,,1,17,,1108589,6,,,1,15,,1108586,6,,,1,12,,1039247,6,,,1,55,,1108566,6,,,1,15,,1108548,6,,,1,15,,1089287,6,,,1,15,,1014789,6,,,1,55,,1108581,6,,,1,15,,1108585,6,,,1,15,,1108591,6,,,1,16,,1108578,6,,,1,57,,1108551,6,,,1,18,,1108545,6,,,1,10,,1013971,6,,,1,12,,1068503,6,,,1,54,,1108562,6,,,1,34,,1108565,6,,,1,10,,1108559,6,,,1,70,,1108576,6,,,1,17,,1061205,6,,,1,12,,1108560,6,,,1,55,,1108588,6,,,1,15,,1108579,6,,,1,15,,1098439,6,,,1,15,,1108552,6,,,1,68,,999988,6,,,1,23,,1089624,6,,,1,67,,1108570,6,,,1,27,,1108575,6,,,1,70,,1048272,6,,,1,30,,1108544,6,,,1,70,,1108572,6,,,1,30,,1108549,6,,,1,74,,1108557,6,,,1,29,,1108567,6,,,1,69,,1108587,6,,,1,47,,1080020,6,,,1
700,'7',620,,1108639,6,,,1,30,,1108609,6,,,1,70,,1108628,6,,,1,30,,1108644,6,,,1,70,,1108601,6,,,1,30,,1108638,6,,,1,70,,1108607,6,,,1,29,,1108652,6,,,1,62,,1108625,6,,,1,24,,1108592,6,,,1,24,,1108619,6,,,1,64,,1108635,6,,,1,24,,1108595,6,,,1,64,,1108626,6,,,1,12,,1108648,6,,,1,12,,1108599,6,,,1,12,,1108649,6,,,1,12,,1108613,6,,,1,52,,1108650,6,,,1,12,,1108630,6,,,1,12,,1108629,6,,,1,12,,1108593,6,,,1,11,,1108634,6,,,1,52,,1108654,6,,,1,12,,1108647,6,,,1,12,,1108636,6,,,1,12,,1108656,6,,,1,12,,1108658,6,,,1,52,,1108605,6,,,1,12,,1108624,6,,,1,12,,1108623,6,,,1,12,,1108659,6,,,1,12,,1108641,6,,,1,52,,1108660,6,,,1,12,,1108598,6,,,1,12,,1108620,6,,,1,12,,1108604,6,,,1,12,,1108622,6,,,1,52,,1108640,6,,,1,12,,1108637,6,,,1,12,,1108643,6,,,1,12,,1108653,6,,,1,54,,1108617,6,,,1,31,,1108596,6,,,1,70,,1108611,6,,,1,30,,1108603,6,,,1,70,,1108606,6,,,1,30,,1108594,6,,,1,70,,1108655,6,,,1,30,,1108627,6,,,1,70,,1108651,6,,,1,30,,1108657,6,,,1,70,,1108632,6,,,1,30,,1108610,6,,,1,70,,1108661,6,,,1,30,,1108642,6,,,1,70,,1108633,6,,,1
700,'8',433,,1108682,6,0,67,1,70,,1108700,6,0,67,1,30,,1108719,6,0,67,1,71,,1108679,6,,,1,30,,1108674,6,,,1,15,,1108695,6,,,1,53,,1108706,6,,,1,16,,1108687,6,,,1,16,,1108680,6,,,1,15,,1108697,6,,,1,59,,1108694,6,,,1,8,,1108709,6,,,1,8,,1108675,6,,,1,7,,1108667,6,,,1,13,,1108669,6,,,1,57,,1108681,6,,,1,14,,1108684,6,,,1,16,,1108711,6,,,1,14,,1108716,6,,,1,55,,1108710,6,,,1,22,,1108721,6,,,1,17,,1108689,6,,,1,15,,1108726,6,,,1,56,,1108666,6,,,1,15,,1108699,6,,,1,14,,1108703,6,,,1,15,,1108720,6,,,1,57,,1108690,6,,,1,17,,1108717,6,,,1,15,,1108713,6,,,1,12,,1108663,6,,,1,55,,1108692,6,,,1,15,,1108671,6,,,1,15,,1108662,6,,,1,15,,1108677,6,,,1,55,,1108708,6,,,1,15,,1108712,6,,,1,15,,1108722,6,,,1,16,,1108704,6,,,1,57,,1108676,6,,,1,18,,1108665,6,,,1,10,,1108670,6,,,1,12,,1108724,6,,,1,54,,1108688,6,,,1,34,,1108691,6,,,1,10,,1108685,6,,,1,70,,1108702,6,,,1,17,,1108723,6,,,1,12,,1108686,6,,,1,55,,1108715,6,,,1,15,,1108705,6,,,1,15,,1108718,6,,,1,15,,1108678,6,,,1,68,,1108707,6,,,1,23,,1108725,6,,,1,67,,1108696,6,,,1,27,,1108701,6,,,1,70,,1108668,6,,,1,30,,1108664,6,,,1,70,,1108698,6,,,1,30,,1108672,6,,,1,74,,1108683,6,,,1,29,,1108693,6,,,1,69,,1108714,6,,,1,47,,1108673,6,,,1
700,'9',433,,1108749,6,0,67,1,70,,1108772,6,0,67,1,30,,1108740,6,0,67,1,71,,1108739,6,,,1,30,,1108742,6,,,1,15,,979668,6,,,1,53,,1108752,6,,,1,16,,1108771,6,,,1,16,,1101707,6,,,1,15,,1108764,6,,,1,59,,1108727,6,,,1,8,,1108781,6,,,1,8,,1108744,6,,,1,7,,1108783,6,,,1,13,,1108734,6,,,1,57,,1108731,6,,,1,14,,1108769,6,,,1,16,,1100503,6,,,1,14,,1108750,6,,,1,55,,1108728,6,,,1,22,,1108741,6,,,1,17,,1108761,6,,,1,15,,1108770,6,,,1,56,,1108746,6,,,1,15,,1108753,6,,,1,14,,1108743,6,,,1,15,,1108759,6,,,1,57,,1108745,6,,,1,17,,1102156,6,,,1,15,,1108758,6,,,1,12,,1108730,6,,,1,55,,1108754,6,,,1,15,,1108765,6,,,1,15,,1108766,6,,,1,15,,1108733,6,,,1,55,,1108776,6,,,1,15,,1108751,6,,,1,15,,1108785,6,,,1,16,,1098958,6,,,1,57,,1108768,6,,,1,18,,1108763,6,,,1,10,,1108784,6,,,1,12,,1108780,6,,,1,54,,1108736,6,,,1,34,,1108729,6,,,1,10,,1108762,6,,,1,70,,1108760,6,,,1,17,,1108774,6,,,1,12,,1108755,6,,,1,55,,1108732,6,,,1,15,,1108756,6,,,1,15,,1108782,6,,,1,15,,1108735,6,,,1,68,,1108748,6,,,1,23,,1108778,6,,,1,67,,1108757,6,,,1,27,,1108738,6,,,1,70,,1108773,6,,,1,30,,1108737,6,,,1,70,,1108767,6,,,1,30,,935810,6,,,1,74,,1108779,6,,,1,29,,1108777,6,,,1,69,,1108775,6,,,1,47,,1108747,6,,,1
1401,'1',555,,1118938,6,,,1,64,,1118954,6,,,1,15,,1118941,6,,,1,15,,1078295,6,,,1,54,,1118927,6,,,1,17,,1118951,6,,,1,15,,1118943,6,,,1,15,,1073227,6,,,1,56,,1092453,6,,,1,15,,1118932,6,,,1,14,,1118939,6,,,1,15,,1118958,6,,,1,55,,1118919,6,,,1,16,,1118913,6,,,1,14,,1099833,6,,,1,15,,1118946,6,,,1,55,,1118915,6,,,1,15,,942786,6,,,1,14,,1118950,6,,,1,16,,1118959,6,,,1,55,,1118930,6,,,1,14,,1118936,6,,,1,15,,1118957,6,,,1,16,,1118949,6,,,1,54,,1087575,6,,,1,16,,1118920,6,,,1,15,,1118945,6,,,1,15,,1118928,6,,,1,55,,1060381,6,,,1,15,,1118952,6,,,1,14,,1085027,6,,,1,16,,1118910,6,,,1,56,,1097448,6,,,1,14,,1118925,6,,,1,16,,1118955,6,,,1,15,,1118918,6,,,1,55,,1118937,6,,,1,30,,1118960,6,,,1,15,,1118914,6,,,1,56,,1118916,6,,,1,14,,1118922,6,,,1,15,,1118942,6,,,1,15,,1118912,6,,,1,55,,1118923,6,,,1,15,,1118940,6,,,1,15,,1118924,6,,,1,15,,1118956,6,,,1,55,,1118933,6,,,1,30,,1118929,6,,,1,69,,1118911,6,,,1,29,,1118926,6,,,1,71,,1118944,6,,,1,30,,1118931,6,,,1,70,,1118947,6,,,1,30,,1118935,6,,,1,69,,1118917,6,,,1,30,,1118948,6,,,1,70,,1118953,6,,,1,30,,1118934,6,,,1,84,,1118921,6,,,1
1401,'10',555,,1118989,6,,,1,64,,1119005,6,,,1,15,,1118992,6,,,1,15,,1078083,6,,,1,54,,1118978,6,,,1,17,,1119002,6,,,1,15,,1118994,6,,,1,15,,1073099,6,,,1,56,,1092297,6,,,1,15,,1118983,6,,,1,14,,1118990,6,,,1,15,,1119009,6,,,1,55,,1118970,6,,,1,16,,1118964,6,,,1,14,,1099747,6,,,1,15,,1118997,6,,,1,55,,1118966,6,,,1,15,,942423,6,,,1,14,,1119001,6,,,1,16,,1119010,6,,,1,55,,1118981,6,,,1,14,,1118987,6,,,1,15,,1119008,6,,,1,16,,1119000,6,,,1,54,,1087365,6,,,1,16,,1118971,6,,,1,15,,1118996,6,,,1,15,,1118979,6,,,1,55,,1060391,6,,,1,15,,1119003,6,,,1,14,,1084902,6,,,1,16,,1118961,6,,,1,56,,1097211,6,,,1,14,,1118976,6,,,1,16,,1119006,6,,,1,15,,1118969,6,,,1,55,,1118988,6,,,1,30,,1119011,6,,,1,15,,1118965,6,,,1,56,,1118967,6,,,1,14,,1118973,6,,,1,15,,1118993,6,,,1,15,,1118963,6,,,1,55,,1118974,6,,,1,15,,1118991,6,,,1,15,,1118975,6,,,1,15,,1119007,6,,,1,55,,1118984,6,,,1,30,,1118980,6,,,1,69,,1118962,6,,,1,29,,1118977,6,,,1,71,,1118995,6,,,1,30,,1118982,6,,,1,70,,1118998,6,,,1,30,,1118986,6,,,1,69,,1118968,6,,,1,30,,1118999,6,,,1,70,,1119004,6,,,1,30,,1118985,6,,,1,84,,1118972,6,,,1
1401,'11',555,,1119040,6,,,1,64,,1119056,6,,,1,15,,1119043,6,,,1,15,,1078357,6,,,1,54,,1119029,6,,,1,17,,1119053,6,,,1,15,,1119045,6,,,1,15,,1073263,6,,,1,56,,1092500,6,,,1,15,,1119034,6,,,1,14,,1119041,6,,,1,15,,1119060,6,,,1,55,,1119021,6,,,1,16,,1119015,6,,,1,14,,1099859,6,,,1,15,,1119048,6,,,1,55,,1119017,6,,,1,15,,942730,6,,,1,14,,1119052,6,,,1,16,,1119061,6,,,1,55,,1119032,6,,,1,14,,1119038,6,,,1,15,,1119059,6,,,1,16,,1119051,6,,,1,54,,1087639,6,,,1,16,,1119022,6,,,1,15,,1119047,6,,,1,15,,1119030,6,,,1,55,,1060378,6,,,1,15,,1119054,6,,,1,14,,1085061,6,,,1,16,,1119012,6,,,1,56,,1097517,6,,,1,14,,1119027,6,,,1,16,,1119057,6,,,1,15,,1119020,6,,,1,55,,1119039,6,,,1,30,,1119062,6,,,1,15,,1119016,6,,,1,56,,1119018,6,,,1,14,,1119024,6,,,1,15,,1119044,6,,,1,15,,1119014,6,,,1,55,,1119025,6,,,1,15,,1119042,6,,,1,15,,1119026,6,,,1,15,,1119058,6,,,1,55,,1119035,6,,,1,30,,1119031,6,,,1,69,,1119013,6,,,1,29,,1119028,6,,,1,71,,1119046,6,,,1,30,,1119033,6,,,1,70,,1119049,6,,,1,30,,1119037,6,,,1,69,,1119019,6,,,1,30,,1119050,6,,,1,70,,1119055,6,,,1,30,,1119036,6,,,1,84,,1119023,6,,,1
1401,'12',555,,1119109,6,,,1,64,,1119071,6,,,1,15,,1119097,6,,,1,15,,1119078,6,,,1,54,,1119073,6,,,1,17,,1063552,6,,,1,15,,1119085,6,,,1,15,,1119066,6,,,1,56,,959733,6,,,1,15,,1119083,6,,,1,14,,1098332,6,,,1,15,,1119067,6,,,1,55,,1119084,6,,,1,16,,1119100,6,,,1,14,,1119092,6,,,1,15,,1119096,6,,,1,55,,1007216,6,,,1,15,,1119107,6,,,1,14,,1119091,6,,,1,16,,1073801,6,,,1,55,,1119069,6,,,1,14,,1119080,6,,,1,15,,1119106,6,,,1,16,,1119089,6,,,1,54,,1119108,6,,,1,16,,1119079,6,,,1,15,,1119064,6,,,1,15,,1119094,6,,,1,55,,1043791,6,,,1,15,,1119076,6,,,1,14,,1119099,6,,,1,16,,1119093,6,,,1,56,,1021406,6,,,1,14,,1119095,6,,,1,16,,1119101,6,,,1,15,,1119110,6,,,1,55,,1119063,6,,,1,30,,1119075,6,,,1,15,,1119082,6,,,1,56,,1119098,6,,,1,14,,1119112,6,,,1,15,,1119070,6,,,1,15,,1119074,6,,,1,55,,1119065,6,,,1,15,,1119088,6,,,1,15,,1119104,6,,,1,15,,1119111,6,,,1,55,,1119102,6,,,1,30,,1119068,6,,,1,69,,1119090,6,,,1,29,,1119072,6,,,1,71,,1119086,6,,,1,30,,1119081,6,,,1,70,,1119113,6,,,1,30,,1119077,6,,,1,69,,1119105,6,,,1,30,,999842,6,,,1,70,,977155,6,,,1,30,,1119087,6,,,1,84,,1119103,6,,,1
1401,'13',659,,1119116,6,,,1,145,,1119133,6,,,1,30,,1119114,6,,,1,70,,1119131,6,,,1,30,,1119119,6,,,1,71,,1119134,6,,,1,30,,1119141,6,,,1,70,,1119137,6,,,1,30,,1119132,6,,,1,73,,1119136,6,,,1,30,,1119120,6,,,1,71,,1119115,6,,,1,30,,1119130,6,,,1,70,,1119126,6,,,1,30,,1119128,6,,,1,70,,1119125,6,,,1,30,,1119140,6,,,1,70,,1119124,6,,,1,30,,1119135,6,,,1,70,,1094765,6,,,1,30,,1119123,6,,,1,69,,1119118,6,,,1,30,,1119117,6,,,1,70,,1046201,6,,,1,30,,1119127,6,,,1,69,,1119121,6,,,1,30,,1119122,6,,,1,70,,1119139,6,,,1,97,,1119129,6,,,1,100,,1119138,6,,,1
1401,'14',555,,1119175,6,,,1,64,,1119193,6,,,1,15,,1119178,6,,,1,15,,1119146,6,,,1,54,,1119164,6,,,1,17,,1119190,6,,,1,15,,1119181,6,,,1,15,,1119143,6,,,1,56,,1119199,6,,,1,15,,1119169,6,,,1,14,,1119176,6,,,1,15,,1119198,6,,,1,55,,1119156,6,,,1,16,,1119147,6,,,1,14,,1119151,6,,,1,15,,1119184,6,,,1,55,,1119152,6,,,1,15,,1119187,6,,,1,14,,1119189,6,,,1,16,,1119200,6,,,1,55,,1119167,6,,,1,14,,1119173,6,,,1,15,,1119197,6,,,1,16,,1119188,6,,,1,54,,1119180,6,,,1,16,,1119157,6,,,1,15,,1119183,6,,,1,15,,1119165,6,,,1,55,,1119194,6,,,1,15,,1119191,6,,,1,14,,1119150,6,,,1,16,,1119142,6,,,1,56,,1119149,6,,,1,14,,1119162,6,,,1,16,,1119195,6,,,1,15,,1119155,6,,,1,55,,1119174,6,,,1,30,,1119201,6,,,1,15,,1119148,6,,,1,56,,1119153,6,,,1,14,,1119159,6,,,1,15,,1119179,6,,,1,15,,1119145,6,,,1,55,,1119160,6,,,1,15,,1119177,6,,,1,15,,1119161,6,,,1,15,,1119196,6,,,1,55,,1119170,6,,,1,30,,1119166,6,,,1,69,,1119144,6,,,1,29,,1119163,6,,,1,71,,1119182,6,,,1,30,,1119168,6,,,1,70,,1119185,6,,,1,30,,1119172,6,,,1,69,,1119154,6,,,1,30,,1119186,6,,,1,70,,1119192,6,,,1,30,,1119171,6,,,1,84,,1119158,6,,,1
1401,'15',555,,1119227,6,,,1,64,,1119234,6,,,1,15,,1119247,6,,,1,15,,1119258,6,,,1,54,,1119260,6,,,1,17,,1119246,6,,,1,15,,1119248,6,,,1,15,,1119208,6,,,1,56,,1119213,6,,,1,15,,1119212,6,,,1,14,,1119250,6,,,1,15,,1119211,6,,,1,55,,1119206,6,,,1,16,,1119202,6,,,1,14,,1119231,6,,,1,15,,1119205,6,,,1,55,,1119233,6,,,1,15,,1119256,6,,,1,14,,1119225,6,,,1,16,,1119242,6,,,1,55,,1119223,6,,,1,14,,1119209,6,,,1,15,,1119226,6,,,1,16,,1119228,6,,,1,54,,1119261,6,,,1,16,,1119252,6,,,1,15,,1119210,6,,,1,15,,1119204,6,,,1,55,,1119224,6,,,1,15,,1119259,6,,,1,14,,1119203,6,,,1,16,,1119255,6,,,1,56,,1119249,6,,,1,14,,1119216,6,,,1,16,,1119237,6,,,1,15,,1119253,6,,,1,55,,1119254,6,,,1,30,,1119218,6,,,1,15,,1119238,6,,,1,56,,1119215,6,,,1,14,,1119245,6,,,1,15,,1119230,6,,,1,15,,1119229,6,,,1,55,,1119217,6,,,1,15,,1119257,6,,,1,15,,1119240,6,,,1,15,,1119221,6,,,1,55,,1119239,6,,,1,30,,1119251,6,,,1,69,,1119236,6,,,1,29,,1119219,6,,,1,71,,1119220,6,,,1,30,,1119207,6,,,1,70,,1119232,6,,,1,30,,1119235,6,,,1,69,,1119222,6,,,1,30,,1119241,6,,,1,70,,1119244,6,,,1,30,,1119243,6,,,1,84,,1119214,6,,,1
1401,'16',555,,1023499,6,,,1,64,,1119271,6,,,1,15,,1119300,6,,,1,15,,1119280,6,,,1,54,,1119275,6,,,1,17,,1119314,6,,,1,15,,1119287,6,,,1,15,,1119267,6,,,1,56,,1119274,6,,,1,15,,1119285,6,,,1,14,,1119272,6,,,1,15,,1066978,6,,,1,55,,1119286,6,,,1,16,,1119303,6,,,1,14,,1119295,6,,,1,15,,1119299,6,,,1,55,,1119262,6,,,1,15,,1119310,6,,,1,14,,1119294,6,,,1,16,,1119269,6,,,1,55,,996328,6,,,1,14,,1119282,6,,,1,15,,1119309,6,,,1,16,,1119292,6,,,1,54,,1086083,6,,,1,16,,1119281,6,,,1,15,,1119264,6,,,1,15,,1119297,6,,,1,55,,1119289,6,,,1,15,,1119278,6,,,1,14,,1119302,6,,,1,16,,1119296,6,,,1,56,,1119268,6,,,1,14,,1119298,6,,,1,16,,1119304,6,,,1,15,,1098576,6,,,1,55,,1119263,6,,,1,30,,1119277,6,,,1,15,,1119284,6,,,1,56,,1119301,6,,,1,14,,1119313,6,,,1,15,,1119270,6,,,1,15,,1119276,6,,,1,55,,1119266,6,,,1,15,,1119291,6,,,1,15,,1119307,6,,,1,15,,1119312,6,,,1,55,,1119305,6,,,1,30,,957302,6,,,1,69,,1119293,6,,,1,29,,1119273,6,,,1,71,,1119288,6,,,1,30,,1119283,6,,,1,70,,1066199,6,,,1,30,,1119279,6,,,1,69,,1119308,6,,,1,30,,1119311,6,,,1,70,,1119265,6,,,1,30,,1119290,6,,,1,84,,1119306,6,,,1
1401,'17',659,,1119317,6,,,1,145,,1119334,6,,,1,30,,1119315,6,,,1,70,,1119332,6,,,1,30,,1119320,6,,,1,71,,1119335,6,,,1,30,,1119344,6,,,1,70,,1119338,6,,,1,30,,1119333,6,,,1,73,,1119337,6,,,1,30,,1119321,6,,,1,71,,1119316,6,,,1,30,,1119331,6,,,1,70,,1119327,6,,,1,30,,1119329,6,,,1,70,,1119326,6,,,1,30,,1119341,6,,,1,70,,1119325,6,,,1,30,,1119336,6,,,1,70,,1119343,6,,,1,30,,1119324,6,,,1,69,,1119319,6,,,1,30,,1119318,6,,,1,70,,1119342,6,,,1,30,,1119328,6,,,1,69,,1119322,6,,,1,30,,1119323,6,,,1,70,,1119340,6,,,1,97,,1119330,6,,,1,100,,1119339,6,,,1
1401,'2',636,,1119380,6,,,1,70,,1119361,6,,,1,30,,1119370,6,,,1,70,,1119348,6,,,1,30,,1119367,6,,,1,70,,1119358,6,,,1,30,,1096012,6,,,1,71,,1119364,6,,,1,30,,1119373,6,,,1,70,,1083019,6,,,1,30,,1078129,6,,,1,15,,1119357,6,,,1,55,,1119376,6,,,1,15,,1119377,6,,,1,15,,1119362,6,,,1,15,,1119369,6,,,1,56,,1119372,6,,,1,15,,1119356,6,,,1,15,,1119349,6,,,1,15,,1119378,6,,,1,55,,1119350,6,,,1,15,,1119351,6,,,1,15,,1119355,6,,,1,15,,1119360,6,,,1,55,,1119374,6,,,1,15,,1119353,6,,,1,15,,1119366,6,,,1,15,,1119346,6,,,1,55,,1119385,6,,,1,15,,1119363,6,,,1,15,,1119382,6,,,1,15,,1119386,6,,,1,55,,1119383,6,,,1,30,,1119375,6,,,1,69,,1119347,6,,,1,30,,1119379,6,,,1,70,,1119381,6,,,1,30,,1119384,6,,,1,69,,1119368,6,,,1,30,,1119354,6,,,1,70,,1081516,6,,,1,30,,1119345,6,,,1,70,,1119365,6,,,1,30,,1119352,6,,,1,70,,1119359,6,,,1,30,,1071569,6,,,1,80,,1119371,6,,,1
1401,'3',659,,1119389,6,,,1,145,,1119406,6,,,1,30,,1119387,6,,,1,70,,1119404,6,,,1,30,,1119392,6,,,1,71,,1119407,6,,,1,30,,1119416,6,,,1,70,,1119410,6,,,1,30,,1119405,6,,,1,73,,1119409,6,,,1,30,,1119393,6,,,1,71,,1119388,6,,,1,30,,1119403,6,,,1,70,,1119399,6,,,1,30,,1119401,6,,,1,70,,1119398,6,,,1,30,,1119413,6,,,1,70,,1119397,6,,,1,30,,1119408,6,,,1,70,,1119415,6,,,1,30,,1119396,6,,,1,69,,1119391,6,,,1,30,,1119390,6,,,1,70,,1119414,6,,,1,30,,1119400,6,,,1,69,,1119394,6,,,1,30,,1119395,6,,,1,70,,1119412,6,,,1,97,,1119402,6,,,1,100,,1119411,6,,,1
1401,'4',659,,1119440,6,,,1,145,,1119423,6,,,1,30,,1119427,6,,,1,70,,1091186,6,,,1,30,,1119425,6,,,1,71,,1119421,6,,,1,30,,1119441,6,,,1,70,,1119436,6,,,1,30,,1119424,6,,,1,73,,1119442,6,,,1,30,,1119432,6,,,1,71,,1119435,6,,,1,30,,1022379,6,,,1,70,,1119422,6,,,1,30,,1119438,6,,,1,70,,1119420,6,,,1,30,,1119418,6,,,1,70,,1119433,6,,,1,30,,1119444,6,,,1,70,,1119443,6,,,1,30,,1119434,6,,,1,69,,1119426,6,,,1,30,,1119429,6,,,1,70,,1119431,6,,,1,30,,1119430,6,,,1,69,,1119428,6,,,1,30,,1119417,6,,,1,70,,1119439,6,,,1,97,,1119437,6,,,1,100,,1119419,6,,,1
1401,'5',555,,1119473,6,,,1,64,,1119489,6,,,1,15,,1119476,6,,,1,15,,1078257,6,,,1,54,,1119462,6,,,1,17,,1119486,6,,,1,15,,1119478,6,,,1,15,,1073207,6,,,1,56,,1092420,6,,,1,15,,1119467,6,,,1,14,,1119474,6,,,1,15,,1119493,6,,,1,55,,1119454,6,,,1,16,,1119448,6,,,1,14,,1099819,6,,,1,15,,1119481,6,,,1,55,,1119450,6,,,1,15,,942958,6,,,1,14,,1119485,6,,,1,16,,1119494,6,,,1,55,,1119465,6,,,1,14,,1119471,6,,,1,15,,1119492,6,,,1,16,,1119484,6,,,1,54,,1087532,6,,,1,16,,1119455,6,,,1,15,,1119480,6,,,1,15,,1119463,6,,,1,55,,1060369,6,,,1,15,,1119487,6,,,1,14,,1085007,6,,,1,16,,1119445,6,,,1,56,,1097402,6,,,1,14,,1119460,6,,,1,16,,1119490,6,,,1,15,,1119453,6,,,1,55,,1119472,6,,,1,30,,1119495,6,,,1,15,,1119449,6,,,1,56,,1119451,6,,,1,14,,1119457,6,,,1,15,,1119477,6,,,1,15,,1119447,6,,,1,55,,1119458,6,,,1,15,,1119475,6,,,1,15,,1119459,6,,,1,15,,1119491,6,,,1,55,,1119468,6,,,1,30,,1119464,6,,,1,69,,1119446,6,,,1,29,,1119461,6,,,1,71,,1119479,6,,,1,30,,1119466,6,,,1,70,,1119482,6,,,1,30,,1119470,6,,,1,69,,1119452,6,,,1,30,,1119483,6,,,1,70,,1119488,6,,,1,30,,1119469,6,,,1,84,,1119456,6,,,1
1401,'6',555,,1119538,6,,,1,64,,1082031,6,,,1,15,,1082036,6,,,1,15,,1119509,6,,,1,54,,1100312,6,,,1,17,,1119542,6,,,1,15,,1119515,6,,,1,15,,1091695,6,,,1,56,,1119505,6,,,1,15,,1064249,6,,,1,14,,1119503,6,,,1,15,,1119498,6,,,1,55,,1119514,6,,,1,16,,1119529,6,,,1,14,,1119523,6,,,1,15,,1119527,6,,,1,55,,1119496,6,,,1,15,,1119536,6,,,1,14,,1119522,6,,,1,16,,1119502,6,,,1,55,,1119501,6,,,1,14,,1119511,6,,,1,15,,1119535,6,,,1,16,,1119520,6,,,1,54,,1119537,6,,,1,16,,1119510,6,,,1,15,,1038051,6,,,1,15,,1119525,6,,,1,55,,1119517,6,,,1,15,,1119507,6,,,1,14,,1119528,6,,,1,16,,1119524,6,,,1,56,,1119499,6,,,1,14,,1119526,6,,,1,16,,1119530,6,,,1,15,,1119540,6,,,1,55,,1069400,6,,,1,30,,1119506,6,,,1,15,,1119513,6,,,1,56,,1060422,6,,,1,14,,1075176,6,,,1,15,,1079912,6,,,1,15,,1090553,6,,,1,55,,1011192,6,,,1,15,,1119519,6,,,1,15,,1119533,6,,,1,15,,1040797,6,,,1,55,,1119531,6,,,1,30,,1119500,6,,,1,69,,1119521,6,,,1,29,,1119504,6,,,1,71,,1119516,6,,,1,30,,1119512,6,,,1,70,,1119541,6,,,1,30,,1119508,6,,,1,69,,1119534,6,,,1,30,,1119539,6,,,1,70,,1119497,6,,,1,30,,1119518,6,,,1,84,,1119532,6,,,1
1401,'7',636,,1119585,6,,,1,70,,1119569,6,,,1,30,,1119555,6,,,1,70,,1119582,6,,,1,30,,1119551,6,,,1,70,,1119560,6,,,1,30,,1119559,6,,,1,71,,1119581,6,,,1,30,,1119580,6,,,1,70,,1119543,6,,,1,30,,1119567,6,,,1,15,,1119570,6,,,1,55,,1119578,6,,,1,15,,1119588,6,,,1,15,,1119568,6,,,1,15,,1119571,6,,,1,56,,1119579,6,,,1,15,,1119583,6,,,1,15,,1119545,6,,,1,15,,1119546,6,,,1,55,,1119563,6,,,1,15,,1119589,6,,,1,15,,1119574,6,,,1,15,,1119562,6,,,1,55,,1119576,6,,,1,15,,1119564,6,,,1,15,,1119566,6,,,1,15,,1119549,6,,,1,55,,1119547,6,,,1,15,,1119565,6,,,1,15,,1119587,6,,,1,15,,1119575,6,,,1,55,,1119584,6,,,1,30,,1119573,6,,,1,69,,1119561,6,,,1,30,,1119557,6,,,1,70,,1119558,6,,,1,30,,1119552,6,,,1,69,,1119556,6,,,1,30,,1119577,6,,,1,70,,1119550,6,,,1,30,,1119544,6,,,1,70,,1119572,6,,,1,30,,1119553,6,,,1,70,,1119548,6,,,1,30,,1119586,6,,,1,80,,1119554,6,,,1
1401,'8',555,,1119643,6,,,1,64,,1119602,6,,,1,15,,1119631,6,,,1,15,,1119611,6,,,1,54,,1119606,6,,,1,17,,1119649,6,,,1,15,,1119618,6,,,1,15,,1119595,6,,,1,56,,1119605,6,,,1,15,,1119616,6,,,1,14,,1119603,6,,,1,15,,1119596,6,,,1,55,,1119617,6,,,1,16,,1119634,6,,,1,14,,1119626,6,,,1,15,,1119630,6,,,1,55,,1119590,6,,,1,15,,1119641,6,,,1,14,,1119625,6,,,1,16,,1119600,6,,,1,55,,1119599,6,,,1,14,,1119613,6,,,1,15,,1119640,6,,,1,16,,1119623,6,,,1,54,,1119642,6,,,1,16,,1119612,6,,,1,15,,1119592,6,,,1,15,,1119628,6,,,1,55,,1119620,6,,,1,15,,1119609,6,,,1,14,,1119633,6,,,1,16,,1119627,6,,,1,56,,1119597,6,,,1,14,,1119629,6,,,1,16,,1119635,6,,,1,15,,1119645,6,,,1,55,,1119591,6,,,1,30,,1119608,6,,,1,15,,1119615,6,,,1,56,,1119632,6,,,1,14,,1119647,6,,,1,15,,1119601,6,,,1,15,,1119607,6,,,1,55,,1119594,6,,,1,15,,1119622,6,,,1,15,,1119638,6,,,1,15,,1119646,6,,,1,55,,1119636,6,,,1,30,,1119598,6,,,1,69,,1119624,6,,,1,29,,1119604,6,,,1,71,,1119619,6,,,1,30,,1119614,6,,,1,70,,1119648,6,,,1,30,,1119610,6,,,1,69,,1119639,6,,,1,30,,1119644,6,,,1,70,,1119593,6,,,1,30,,1119621,6,,,1,84,,1119637,6,,,1
1401,'9',555,,1119678,6,,,1,64,,1119694,6,,,1,15,,1119681,6,,,1,15,,1078153,6,,,1,54,,1119667,6,,,1,17,,1119691,6,,,1,15,,1119683,6,,,1,15,,1073138,6,,,1,56,,1092346,6,,,1,15,,1119672,6,,,1,14,,1119679,6,,,1,15,,1119698,6,,,1,55,,1119659,6,,,1,16,,1119653,6,,,1,14,,1099776,6,,,1,15,,1119686,6,,,1,55,,1119655,6,,,1,15,,942902,6,,,1,14,,1119690,6,,,1,16,,1119699,6,,,1,55,,1119670,6,,,1,14,,1119676,6,,,1,15,,1119697,6,,,1,16,,1119689,6,,,1,54,,1087432,6,,,1,16,,1119660,6,,,1,15,,1119685,6,,,1,15,,1119668,6,,,1,55,,1060384,6,,,1,15,,1119692,6,,,1,14,,1084940,6,,,1,16,,1119650,6,,,1,56,,1097286,6,,,1,14,,1119665,6,,,1,16,,1119695,6,,,1,15,,1119658,6,,,1,55,,1119677,6,,,1,30,,1119700,6,,,1,15,,1119654,6,,,1,56,,1119656,6,,,1,14,,1119662,6,,,1,15,,1119682,6,,,1,15,,1119652,6,,,1,55,,1119663,6,,,1,15,,1119680,6,,,1,15,,1119664,6,,,1,15,,1119696,6,,,1,55,,1119673,6,,,1,30,,1119669,6,,,1,69,,1119651,6,,,1,29,,1119666,6,,,1,71,,1119684,6,,,1,30,,1119671,6,,,1,70,,1119687,6,,,1,30,,1119675,6,,,1,69,,1119657,6,,,1,30,,1119688,6,,,1,70,,1119693,6,,,1,30,,1119674,6,,,1,84,,1119661,6,,,1
