22201,'1',1628,,1196418,8,,,1,73,,1196417,8,,,1,100,,1196419,8,,,1
22201,'10',1628,,1196421,8,,,1,73,,1196420,8,,,1,100,,1196422,8,,,1
22201,'11',1628,,1196424,8,,,1,73,,1196423,8,,,1,100,,1196425,8,,,1
22201,'12',1628,,1196427,8,,,1,73,,1097375,8,,,1,100,,1196426,8,,,1
22201,'14',1628,,1196429,8,,,1,73,,1196428,8,,,1,100,,1196430,8,,,1
22201,'15',1628,,1196431,8,,,1,73,,1196432,8,,,1,100,,1196433,8,,,1
22201,'16',1628,,1196436,8,,,1,73,,1196434,8,,,1,100,,1196435,8,,,1
22201,'5',1628,,1196438,8,,,1,73,,1196437,8,,,1,100,,1196439,8,,,1
22201,'6',1628,,1196442,8,,,1,73,,1196440,8,,,1,100,,1196441,8,,,1
22201,'8',1628,,1196445,8,,,1,73,,1196443,8,,,1,100,,1196444,8,,,1
22201,'9',1628,,1196447,8,,,1,73,,1196446,8,,,1,100,,1196448,8,,,1
