8201,'1',524,,1169682,48,,,1,87,,1169648,48,,,1,43,,1169668,48,,,1,74,,1169673,48,,,1,73,,1169662,48,,,1,27,,1169660,48,,,1,27,,1169679,48,,,1,68,,1169675,48,,,1,29,,1169657,48,0,56 57,1,69,,1036036,49,0,56 57,1,30,,1084148,49,0,56 57,1,70,,1169665,49,0,56 57,1,30,,1169663,49,0,56 57,1,69,,1169670,49,0,56 57,1,30,,1169656,49,0,56 57,1,70,,1169680,49,0,56 57,1,30,,1028995,49,0,56 57,1,70,,1169678,49,0,56 57,1,35,,1169658,49,0,56 57,1,145,,1169681,49,0,56 57,1,31,,1169674,49,0,56 57,1,69,,1169659,49,0,56 57,1,30,,1169664,49,0,56 57,1,27,,1169652,49,0,56 57,1,67,,1169655,49,0,56 57,1,30,,1169667,49,0,56 57,1,70,,1169653,49,0,56 57,1,32,,1169676,49,0,56 57,1,70,,1169661,49,0,56 57,1,29,,1169649,49,0,56 57,1,72,,1169650,49,0,56 57,1,28,,1169672,49,0,56 57,1,69,,1169651,48,0,56 57,1,27,,1169669,48,0,56 57,1,70,,1169671,48,0,56 57,1,93,,1169654,48,0,56 57,1
8201,'10',524,,1169717,48,,,1,87,,1169683,48,,,1,43,,1169703,48,,,1,74,,1169708,48,,,1,73,,1169697,48,,,1,27,,1169695,48,,,1,27,,1169714,48,,,1,68,,1169710,48,,,1,29,,1169692,48,0,56 57,1,69,,1036254,49,0,56 57,1,30,,1083976,49,0,56 57,1,70,,1169700,49,0,56 57,1,30,,1169698,49,0,56 57,1,69,,1169705,49,0,56 57,1,30,,1169691,49,0,56 57,1,70,,1169715,49,0,56 57,1,30,,1029125,49,0,56 57,1,70,,1169713,49,0,56 57,1,35,,1169693,49,0,56 57,1,145,,1169716,49,0,56 57,1,31,,1169709,49,0,56 57,1,69,,1169694,49,0,56 57,1,30,,1169699,49,0,56 57,1,27,,1169687,49,0,56 57,1,67,,1169690,49,0,56 57,1,30,,1169702,49,0,56 57,1,70,,1169688,49,0,56 57,1,32,,1169711,49,0,56 57,1,70,,1169696,49,0,56 57,1,29,,1169684,49,0,56 57,1,72,,1169685,49,0,56 57,1,28,,1169707,49,0,56 57,1,69,,1169686,48,0,56 57,1,27,,1169704,48,0,56 57,1,70,,1169706,48,0,56 57,1,93,,1169689,48,0,56 57,1
8201,'11',524,,1169752,48,,,1,87,,1169718,48,,,1,43,,1169738,48,,,1,74,,1169743,48,,,1,73,,1169732,48,,,1,27,,1169730,48,,,1,27,,1169749,48,,,1,68,,1169745,48,,,1,29,,1169727,48,0,56 57,1,69,,1035973,49,0,56 57,1,30,,1084202,49,0,56 57,1,70,,1169735,49,0,56 57,1,30,,1169733,49,0,56 57,1,69,,1169740,49,0,56 57,1,30,,1169726,49,0,56 57,1,70,,1169750,49,0,56 57,1,30,,1028958,49,0,56 57,1,70,,1169748,49,0,56 57,1,35,,1169728,49,0,56 57,1,145,,1169751,49,0,56 57,1,31,,1169744,49,0,56 57,1,69,,1169729,49,0,56 57,1,30,,1169734,49,0,56 57,1,27,,1169722,49,0,56 57,1,67,,1169725,49,0,56 57,1,30,,1169737,49,0,56 57,1,70,,1169723,49,0,56 57,1,32,,1169746,49,0,56 57,1,70,,1169731,49,0,56 57,1,29,,1169719,49,0,56 57,1,72,,1169720,49,0,56 57,1,28,,1169742,49,0,56 57,1,69,,1169721,48,0,56 57,1,27,,1169739,48,0,56 57,1,70,,1169741,48,0,56 57,1,93,,1169724,48,0,56 57,1
8201,'12',524,,1169773,48,,,1,87,,1169754,48,,,1,43,,1169759,48,,,1,74,,948827,48,,,1,73,,1169760,48,,,1,27,,1074474,48,,,1,27,,1169776,48,,,1,68,,1169777,48,,,1,29,,1169775,48,0,56 57,1,69,,967348,49,0,56 57,1,30,,1059144,49,0,56 57,1,70,,1044527,49,0,56 57,1,30,,1169770,49,0,56 57,1,69,,1076235,49,0,56 57,1,30,,1169771,49,0,56 57,1,70,,1088015,49,0,56 57,1,30,,1169763,49,0,56 57,1,70,,1169762,49,0,56 57,1,35,,1169769,49,0,56 57,1,145,,1169756,49,0,56 57,1,31,,1169764,49,0,56 57,1,69,,1169772,49,0,56 57,1,30,,1169761,49,0,56 57,1,27,,1169757,49,0,56 57,1,67,,1169774,49,0,56 57,1,30,,1169753,49,0,56 57,1,70,,1169765,49,0,56 57,1,32,,1169768,49,0,56 57,1,70,,1169755,49,0,56 57,1,29,,1169780,49,0,56 57,1,72,,1169767,49,0,56 57,1,28,,1096378,49,0,56 57,1,69,,1169766,48,0,56 57,1,27,,1169758,48,0,56 57,1,70,,994804,48,0,56 57,1,93,,1098673,48,0,56 57,1
8201,'13',921,,1169793,48,0,56 57,1,100,,1169802,48,0,56 57,1,28,,1169801,48,0,56 57,1,73,,1169782,49,0,56 57,1,30,,1169799,49,0,56 57,1,70,,1169795,49,0,56 57,1,30,,1169781,49,0,56 57,1,70,,1169783,49,0,56 57,1,30,,1169789,49,0,56 57,1,70,,1169786,49,0,56 57,1,30,,1169788,49,0,56 57,1,70,,1169784,49,0,56 57,1,30,,1169785,49,0,56 57,1,70,,1169800,49,0,56 57,1,30,,1169794,49,0,56 57,1,70,,1169798,49,0,56 57,1,30,,1169803,49,0,56 57,1,68,,1169790,48,0,56 57,1,30,,1169796,48,0,56 57,1,70,,1169791,48,0,56 57,1,30,,1069023,48,0,56 57,1,70,,1057992,48,0,56 57,1,100,,1169787,48,0,56 57,1,99,,1169797,48,0,56 57,1,100,,1169792,48,0,56 57,1,100,,1169804,48,0,56 57,1
8201,'14',524,,1169842,48,,,1,87,,1169805,48,,,1,43,,1169827,48,,,1,74,,1169832,48,,,1,73,,1169821,48,,,1,27,,1169819,48,,,1,27,,1169838,48,,,1,68,,1169834,48,,,1,29,,1169816,48,0,56 57,1,69,,1169841,49,0,56 57,1,30,,1169806,49,0,56 57,1,70,,1169824,49,0,56 57,1,30,,1169822,49,0,56 57,1,69,,1169829,49,0,56 57,1,30,,1169815,49,0,56 57,1,70,,1169839,49,0,56 57,1,30,,1169810,49,0,56 57,1,70,,1169837,49,0,56 57,1,35,,1169817,49,0,56 57,1,145,,1169840,49,0,56 57,1,31,,1169833,49,0,56 57,1,69,,1169818,49,0,56 57,1,30,,1169823,49,0,56 57,1,27,,1169811,49,0,56 57,1,67,,1169814,49,0,56 57,1,30,,1169826,49,0,56 57,1,70,,1169812,49,0,56 57,1,32,,1169835,49,0,56 57,1,70,,1169820,49,0,56 57,1,29,,1169807,49,0,56 57,1,72,,1169808,49,0,56 57,1,28,,1169831,49,0,56 57,1,69,,1169809,48,0,56 57,1,27,,1169828,48,0,56 57,1,70,,1169830,48,0,56 57,1,93,,1169813,48,0,56 57,1
8201,'15',524,,1169875,48,,,1,87,,1169868,48,,,1,43,,1169856,48,,,1,74,,1169858,48,,,1,73,,1169861,48,,,1,27,,1169870,48,,,1,27,,1169867,48,,,1,68,,1169874,48,,,1,29,,1169843,48,0,56 57,1,69,,1169863,49,0,56 57,1,30,,1169879,49,0,56 57,1,70,,1169878,49,0,56 57,1,30,,1169859,49,0,56 57,1,69,,1169855,49,0,56 57,1,30,,1169864,49,0,56 57,1,70,,1169854,49,0,56 57,1,30,,1169866,49,0,56 57,1,70,,1169865,49,0,56 57,1,35,,1169877,49,0,56 57,1,145,,1169873,49,0,56 57,1,31,,1169845,49,0,56 57,1,69,,1169869,49,0,56 57,1,30,,1169849,49,0,56 57,1,27,,1169853,49,0,56 57,1,67,,1169857,49,0,56 57,1,30,,1169851,49,0,56 57,1,70,,1169847,49,0,56 57,1,32,,1169844,49,0,56 57,1,70,,1169848,49,0,56 57,1,29,,1169846,49,0,56 57,1,72,,1169850,49,0,56 57,1,28,,1169871,49,0,56 57,1,69,,1169872,48,0,56 57,1,27,,1169852,48,0,56 57,1,70,,1169876,48,0,56 57,1,93,,1169860,48,0,56 57,1
8201,'16',524,,1169907,48,,,1,87,,1169882,48,,,1,43,,1169893,48,,,1,74,,1169884,48,,,1,73,,1169894,48,,,1,27,,1169886,48,,,1,27,,1169911,48,,,1,68,,1169912,48,,,1,29,,1169910,48,0,56 57,1,69,,1169883,49,0,56 57,1,30,,1169881,49,0,56 57,1,70,,1169887,49,0,56 57,1,30,,1169904,49,0,56 57,1,69,,1169909,49,0,56 57,1,30,,1169905,49,0,56 57,1,70,,1169889,49,0,56 57,1,30,,1169897,49,0,56 57,1,70,,1085046,49,0,56 57,1,35,,1169903,49,0,56 57,1,145,,1169890,49,0,56 57,1,31,,1169898,49,0,56 57,1,69,,1169906,49,0,56 57,1,30,,1169895,49,0,56 57,1,27,,1169891,49,0,56 57,1,67,,1169908,49,0,56 57,1,30,,1080764,49,0,56 57,1,70,,1169899,49,0,56 57,1,32,,1169902,49,0,56 57,1,70,,1169885,49,0,56 57,1,29,,1169916,49,0,56 57,1,72,,1169901,49,0,56 57,1,28,,1169896,49,0,56 57,1,69,,1169900,48,0,56 57,1,27,,1169892,48,0,56 57,1,70,,1169914,48,0,56 57,1,93,,1169888,48,0,56 57,1
8201,'17',921,,1169931,48,0,56 57,1,100,,1169940,48,0,56 57,1,28,,1169939,48,0,56 57,1,73,,1169919,49,0,56 57,1,30,,1169937,49,0,56 57,1,70,,1169933,49,0,56 57,1,30,,1169918,49,0,56 57,1,70,,1169921,49,0,56 57,1,30,,1169927,49,0,56 57,1,70,,1169924,49,0,56 57,1,30,,1169926,49,0,56 57,1,70,,1169922,49,0,56 57,1,30,,1169923,49,0,56 57,1,70,,1169938,49,0,56 57,1,30,,1169932,49,0,56 57,1,70,,1169936,49,0,56 57,1,30,,1169941,49,0,56 57,1,68,,1169928,48,0,56 57,1,30,,1169934,48,0,56 57,1,70,,1169929,48,0,56 57,1,30,,1169920,48,0,56 57,1,70,,1169917,48,0,56 57,1,100,,1169925,48,0,56 57,1,99,,1169935,48,0,56 57,1,100,,1169930,48,0,56 57,1,100,,1169942,48,0,56 57,1
8201,'2',731,,1169951,48,0,56 57,1,100,,1169950,48,0,56 57,1,70,,1169958,48,0,56 57,1,30,,1169957,48,0,56 57,1,71,,1169955,49,0,56 57,1,30,,1169960,49,0,56 57,1,70,,1169959,49,0,56 57,1,29,,1169969,49,0,56 57,1,70,,1169945,49,0,56 57,1,30,,1169947,49,0,56 57,1,70,,1169953,49,0,56 57,1,30,,1169946,49,0,56 57,1,70,,1169948,49,0,56 57,1,30,,1169967,49,0,56 57,1,70,,1169952,49,0,56 57,1,30,,1169963,49,0,56 57,1,70,,1169971,49,0,56 57,1,30,,1090674,49,0,56 57,1,70,,1169966,49,0,56 57,1,30,,1169968,49,0,56 57,1,70,,1061539,49,0,56 57,1,30,,1169944,49,0,56 57,1,70,,1169943,49,0,56 57,1,30,,1169970,49,0,56 57,1,70,,1169949,49,0,56 57,1,30,,1169964,49,0,56 57,1,70,,1169962,49,0,56 57,1,30,,1101291,49,0,56 57,1,69,,1169961,49,0,56 57,1,28,,1169965,48,0,56 57,1,30,,1169956,48,0,56 57,1,100,,1169954,48,0,56 57,1,100,,1081820,48,0,56 57,1
8201,'3',921,,1169986,48,0,56 57,1,100,,1169995,48,0,56 57,1,28,,1169994,48,0,56 57,1,73,,1169974,49,0,56 57,1,30,,1169992,49,0,56 57,1,70,,1169988,49,0,56 57,1,30,,1169973,49,0,56 57,1,70,,1169976,49,0,56 57,1,30,,1169982,49,0,56 57,1,70,,1169979,49,0,56 57,1,30,,1169981,49,0,56 57,1,70,,1169977,49,0,56 57,1,30,,1169978,49,0,56 57,1,70,,1169993,49,0,56 57,1,30,,1169987,49,0,56 57,1,70,,1169991,49,0,56 57,1,30,,1169996,49,0,56 57,1,68,,1169983,48,0,56 57,1,30,,1169989,48,0,56 57,1,70,,1169984,48,0,56 57,1,30,,1169975,48,0,56 57,1,70,,1169972,48,0,56 57,1,100,,1169980,48,0,56 57,1,99,,1169990,48,0,56 57,1,100,,1169985,48,0,56 57,1,100,,1169997,48,0,56 57,1
8201,'4',921,,1170001,48,0,56 57,1,100,,1169998,48,0,56 57,1,28,,1170015,48,0,56 57,1,73,,1170000,49,0,56 57,1,30,,1170009,49,0,56 57,1,70,,1170017,49,0,56 57,1,30,,1170010,49,0,56 57,1,70,,1084971,49,0,56 57,1,30,,1170016,49,0,56 57,1,70,,1169999,49,0,56 57,1,30,,1170003,49,0,56 57,1,70,,1170018,49,0,56 57,1,30,,1170013,49,0,56 57,1,70,,1170012,49,0,56 57,1,30,,1170007,49,0,56 57,1,70,,1170011,49,0,56 57,1,30,,1170005,49,0,56 57,1,68,,1170014,48,0,56 57,1,30,,1075842,48,0,56 57,1,70,,1170004,48,0,56 57,1,30,,988981,48,0,56 57,1,70,,1170002,48,0,56 57,1,100,,1085182,48,0,56 57,1,99,,1170019,48,0,56 57,1,100,,1170006,48,0,56 57,1,100,,1170008,48,0,56 57,1
8201,'5',524,,1170054,48,,,1,87,,1170020,48,,,1,43,,1170040,48,,,1,74,,1170045,48,,,1,73,,1170034,48,,,1,27,,1170032,48,,,1,27,,1170051,48,,,1,68,,1170047,48,,,1,29,,1170029,48,0,56 57,1,69,,1035629,49,0,56 57,1,30,,1084121,49,0,56 57,1,70,,1170037,49,0,56 57,1,30,,1170035,49,0,56 57,1,69,,1170042,49,0,56 57,1,30,,1170028,49,0,56 57,1,70,,1170052,49,0,56 57,1,30,,1028749,49,0,56 57,1,70,,1170050,49,0,56 57,1,35,,1170030,49,0,56 57,1,145,,1170053,49,0,56 57,1,31,,1170046,49,0,56 57,1,69,,1170031,49,0,56 57,1,30,,1170036,49,0,56 57,1,27,,1170024,49,0,56 57,1,67,,1170027,49,0,56 57,1,30,,1170039,49,0,56 57,1,70,,1170025,49,0,56 57,1,32,,1170048,49,0,56 57,1,70,,1170033,49,0,56 57,1,29,,1170021,49,0,56 57,1,72,,1170022,49,0,56 57,1,28,,1170044,49,0,56 57,1,69,,1170023,48,0,56 57,1,27,,1170041,48,0,56 57,1,70,,1170043,48,0,56 57,1,93,,1170026,48,0,56 57,1
8201,'6',524,,1170080,48,,,1,87,,1095721,48,,,1,43,,1170065,48,,,1,74,,1170058,48,,,1,73,,1170066,48,,,1,27,,1170059,48,,,1,27,,1170084,48,,,1,68,,1170085,48,,,1,29,,1170083,48,0,56 57,1,69,,1170057,49,0,56 57,1,30,,1170055,49,0,56 57,1,70,,1170060,49,0,56 57,1,30,,1170077,49,0,56 57,1,69,,1170082,49,0,56 57,1,30,,1170078,49,0,56 57,1,70,,1170062,49,0,56 57,1,30,,1170070,49,0,56 57,1,70,,1170068,49,0,56 57,1,35,,1170076,49,0,56 57,1,145,,1170063,49,0,56 57,1,31,,1170071,49,0,56 57,1,69,,1170079,49,0,56 57,1,30,,1170067,49,0,56 57,1,27,,1101474,49,0,56 57,1,67,,1170081,49,0,56 57,1,30,,1170056,49,0,56 57,1,70,,1170072,49,0,56 57,1,32,,1170075,49,0,56 57,1,70,,1067505,49,0,56 57,1,29,,1036660,49,0,56 57,1,72,,1170074,49,0,56 57,1,28,,1170069,49,0,56 57,1,69,,1170073,48,0,56 57,1,27,,1170064,48,0,56 57,1,70,,1170087,48,0,56 57,1,93,,1170061,48,0,56 57,1
8201,'7',731,,1170103,48,0,56 57,1,100,,1170102,48,0,56 57,1,70,,1170114,48,0,56 57,1,30,,1170109,48,0,56 57,1,71,,1170099,49,0,56 57,1,30,,1170117,49,0,56 57,1,70,,1170094,49,0,56 57,1,29,,1170105,49,0,56 57,1,70,,1170106,49,0,56 57,1,30,,1170115,49,0,56 57,1,70,,1170096,49,0,56 57,1,30,,1170112,49,0,56 57,1,70,,1170111,49,0,56 57,1,30,,1170095,49,0,56 57,1,70,,1170089,49,0,56 57,1,30,,1170097,49,0,56 57,1,70,,1170098,49,0,56 57,1,30,,1170121,49,0,56 57,1,70,,1170092,49,0,56 57,1,30,,1170090,49,0,56 57,1,70,,1170101,49,0,56 57,1,30,,1170119,49,0,56 57,1,70,,1170093,49,0,56 57,1,30,,1170116,49,0,56 57,1,70,,1170107,49,0,56 57,1,30,,1170091,49,0,56 57,1,70,,1170120,49,0,56 57,1,30,,1170113,49,0,56 57,1,69,,1170118,49,0,56 57,1,28,,1170108,48,0,56 57,1,30,,1170100,48,0,56 57,1,100,,1170104,48,0,56 57,1,100,,1170110,48,0,56 57,1
8201,'8',524,,1170150,48,,,1,87,,1170124,48,,,1,43,,1170135,48,,,1,74,,1170126,48,,,1,73,,1170136,48,,,1,27,,1170128,48,,,1,27,,1170154,48,,,1,68,,1170155,48,,,1,29,,1170153,48,0,56 57,1,69,,1170125,49,0,56 57,1,30,,1170122,49,0,56 57,1,70,,1170129,49,0,56 57,1,30,,1170147,49,0,56 57,1,69,,1170152,49,0,56 57,1,30,,1170148,49,0,56 57,1,70,,1170131,49,0,56 57,1,30,,1170140,49,0,56 57,1,70,,1170138,49,0,56 57,1,35,,1170146,49,0,56 57,1,145,,1170132,49,0,56 57,1,31,,1170141,49,0,56 57,1,69,,1170149,49,0,56 57,1,30,,1170137,49,0,56 57,1,27,,1170133,49,0,56 57,1,67,,1170151,49,0,56 57,1,30,,1170123,49,0,56 57,1,70,,1170142,49,0,56 57,1,32,,1170145,49,0,56 57,1,70,,1170127,49,0,56 57,1,29,,1170159,49,0,56 57,1,72,,1170144,49,0,56 57,1,28,,1170139,49,0,56 57,1,69,,1170143,48,0,56 57,1,27,,1170134,48,0,56 57,1,70,,1170157,48,0,56 57,1,93,,1170130,48,0,56 57,1
8201,'9',524,,1170194,48,,,1,87,,1170160,48,,,1,43,,1170180,48,,,1,74,,1170185,48,,,1,73,,1170174,48,,,1,27,,1170172,48,,,1,27,,1170191,48,,,1,68,,1170187,48,,,1,29,,1170169,48,0,56 57,1,69,,1036099,49,0,56 57,1,30,,1084030,49,0,56 57,1,70,,1170177,49,0,56 57,1,30,,1170175,49,0,56 57,1,69,,1170182,49,0,56 57,1,30,,1170168,49,0,56 57,1,70,,1170192,49,0,56 57,1,30,,1029032,49,0,56 57,1,70,,1170190,49,0,56 57,1,35,,1170170,49,0,56 57,1,145,,1170193,49,0,56 57,1,31,,1170186,49,0,56 57,1,69,,1170171,49,0,56 57,1,30,,1170176,49,0,56 57,1,27,,1170164,49,0,56 57,1,67,,1170167,49,0,56 57,1,30,,1170179,49,0,56 57,1,70,,1170165,49,0,56 57,1,32,,1170188,49,0,56 57,1,70,,1170173,49,0,56 57,1,29,,1170161,49,0,56 57,1,72,,1170162,49,0,56 57,1,28,,1170184,49,0,56 57,1,69,,1170163,48,0,56 57,1,27,,1170181,48,0,56 57,1,70,,1170183,48,0,56 57,1,93,,1170166,48,0,56 57,1
