11001,'1',526,,1185035,16,0,35,1,28,,1185058,16,0,35,1,70,,1185047,16,0,35,1,30,,1185051,16,0,35,1,70,,1185040,16,0,35,1,31,,1185053,16,0,35,1,71,,1185044,16,0,35,1,30,,1185039,16,0,35,1,69,,1185056,16,0,35,1,29,,1185061,16,0,35,1,70,,1063087,16,0,35,1,34,,1185048,16,0,35,1,70,,1185037,16,0,35,1,30,,1185059,16,0,35,1,68,,1185054,16,0,35,1,30,,1185049,16,0,35,1,70,,1185034,16,0,35,1,30,,1036958,16,0,35,1,70,,1185033,16,0,35,1,30,,1185052,16,0,35,1,72,,1185031,16,0,35,1,72,,1185046,16,0,35,1,33,,1185060,16,0,35,1,25,,1185041,16,0,35,1,70,,1185050,16,0,35,1,30,,1185057,16,0,35,1,69,,1185042,16,0,35,1,29,,1185043,16,0,35,1,67,,1185036,16,0,35,1,30,,1185055,16,0,35,1,70,,1185045,16,0,35,1
11001,'10',526,,1185066,16,0,35,1,28,,1185089,16,0,35,1,70,,1185078,16,0,35,1,30,,1185082,16,0,35,1,70,,1185071,16,0,35,1,31,,1185084,16,0,35,1,71,,1185075,16,0,35,1,30,,1185070,16,0,35,1,69,,1185087,16,0,35,1,29,,1185092,16,0,35,1,70,,1062745,16,0,35,1,34,,1185079,16,0,35,1,70,,1185068,16,0,35,1,30,,1185090,16,0,35,1,68,,1185085,16,0,35,1,30,,1185080,16,0,35,1,70,,1185065,16,0,35,1,30,,1037188,16,0,35,1,70,,1185064,16,0,35,1,30,,1185083,16,0,35,1,72,,1185062,16,0,35,1,72,,1185077,16,0,35,1,33,,1185091,16,0,35,1,25,,1185072,16,0,35,1,70,,1185081,16,0,35,1,30,,1185088,16,0,35,1,69,,1185073,16,0,35,1,29,,1185074,16,0,35,1,67,,1185067,16,0,35,1,30,,1185086,16,0,35,1,70,,1185076,16,0,35,1
11001,'11',526,,1185097,16,0,35,1,28,,1185120,16,0,35,1,70,,1185109,16,0,35,1,30,,1185113,16,0,35,1,70,,1185102,16,0,35,1,31,,1185115,16,0,35,1,71,,1185106,16,0,35,1,30,,1185101,16,0,35,1,69,,1185118,16,0,35,1,29,,1185123,16,0,35,1,70,,1063188,16,0,35,1,34,,1185110,16,0,35,1,70,,1185099,16,0,35,1,30,,1185121,16,0,35,1,68,,1185116,16,0,35,1,30,,1185111,16,0,35,1,70,,1185096,16,0,35,1,30,,1036891,16,0,35,1,70,,1185095,16,0,35,1,30,,1185114,16,0,35,1,72,,1185093,16,0,35,1,72,,1185108,16,0,35,1,33,,1185122,16,0,35,1,25,,1185103,16,0,35,1,70,,1185112,16,0,35,1,30,,1185119,16,0,35,1,69,,1185104,16,0,35,1,29,,1185105,16,0,35,1,67,,1185098,16,0,35,1,30,,1185117,16,0,35,1,70,,1185107,16,0,35,1
11001,'12',526,,936978,16,0,35,1,28,,1185127,16,0,35,1,70,,1185128,16,0,35,1,30,,1185125,16,0,35,1,70,,1185153,16,0,35,1,31,,1185143,16,0,35,1,71,,1185134,16,0,35,1,30,,1185150,16,0,35,1,69,,1185145,16,0,35,1,29,,1185137,16,0,35,1,70,,1185140,16,0,35,1,34,,1185147,16,0,35,1,70,,1185146,16,0,35,1,30,,1100693,16,0,35,1,68,,1185136,16,0,35,1,30,,1185152,16,0,35,1,70,,1185149,16,0,35,1,30,,1185135,16,0,35,1,70,,1185126,16,0,35,1,30,,1185131,16,0,35,1,72,,1185133,16,0,35,1,72,,1185132,16,0,35,1,33,,1185141,16,0,35,1,25,,1185129,16,0,35,1,70,,1185144,16,0,35,1,30,,1185142,16,0,35,1,69,,1185124,16,0,35,1,29,,1185138,16,0,35,1,67,,1185130,16,0,35,1,30,,1185139,16,0,35,1,70,,1094066,16,0,35,1
11001,'13',602,,1185158,17,0,35,1,30,,1185156,17,0,35,1,1070,,1185155,17,0,35,1,30,,1185159,17,0,35,1
11001,'14',526,,1185166,16,0,35,1,28,,1185189,16,0,35,1,70,,1185178,16,0,35,1,30,,1185182,16,0,35,1,70,,1185171,16,0,35,1,31,,1185184,16,0,35,1,71,,1185175,16,0,35,1,30,,1185170,16,0,35,1,69,,1185187,16,0,35,1,29,,1185192,16,0,35,1,70,,1185160,16,0,35,1,34,,1185179,16,0,35,1,70,,1185168,16,0,35,1,30,,1185190,16,0,35,1,68,,1185185,16,0,35,1,30,,1185180,16,0,35,1,70,,1185164,16,0,35,1,30,,1185165,16,0,35,1,70,,1185163,16,0,35,1,30,,1185183,16,0,35,1,72,,1185161,16,0,35,1,72,,1185177,16,0,35,1,33,,1185191,16,0,35,1,25,,1185172,16,0,35,1,70,,1185181,16,0,35,1,30,,1185188,16,0,35,1,69,,1185173,16,0,35,1,29,,1185174,16,0,35,1,67,,1185167,16,0,35,1,30,,1185186,16,0,35,1,70,,1185176,16,0,35,1
11001,'15',526,,1185218,16,0,35,1,28,,1185225,16,0,35,1,70,,1185207,16,0,35,1,30,,1185195,16,0,35,1,70,,1185200,16,0,35,1,31,,1185209,16,0,35,1,71,,1185194,16,0,35,1,30,,1185196,16,0,35,1,69,,1185212,16,0,35,1,29,,1185199,16,0,35,1,70,,1185205,16,0,35,1,34,,1185223,16,0,35,1,70,,1185215,16,0,35,1,30,,1185214,16,0,35,1,68,,1185211,16,0,35,1,30,,1185201,16,0,35,1,70,,1185197,16,0,35,1,30,,1185202,16,0,35,1,70,,1185217,16,0,35,1,30,,1185224,16,0,35,1,72,,1185204,16,0,35,1,72,,1185210,16,0,35,1,33,,1185216,16,0,35,1,25,,1185206,16,0,35,1,70,,1185213,16,0,35,1,30,,1185219,16,0,35,1,69,,1185193,16,0,35,1,29,,1185222,16,0,35,1,67,,1185220,16,0,35,1,30,,1185198,16,0,35,1,70,,1185221,16,0,35,1
11001,'16',526,,1185256,16,0,35,1,28,,1083917,16,0,35,1,70,,1185231,16,0,35,1,30,,1185228,16,0,35,1,70,,894323,16,0,35,1,31,,1185246,16,0,35,1,71,,1185237,16,0,35,1,30,,1185253,16,0,35,1,69,,1185248,16,0,35,1,29,,1185240,16,0,35,1,70,,1185243,16,0,35,1,34,,1185250,16,0,35,1,70,,1185249,16,0,35,1,30,,1185230,16,0,35,1,68,,1185239,16,0,35,1,30,,1185255,16,0,35,1,70,,1185252,16,0,35,1,30,,1185238,16,0,35,1,70,,1185229,16,0,35,1,30,,1185234,16,0,35,1,72,,1185236,16,0,35,1,72,,1185235,16,0,35,1,33,,1185244,16,0,35,1,25,,1185232,16,0,35,1,70,,1185247,16,0,35,1,30,,1185245,16,0,35,1,69,,1185227,16,0,35,1,29,,1185241,16,0,35,1,67,,1185233,16,0,35,1,30,,1185242,16,0,35,1,70,,1185226,16,0,35,1
11001,'17',602,,1185261,17,0,35,1,30,,1185259,17,0,35,1,1070,,1185258,17,0,35,1,30,,1185262,17,0,35,1
11001,'2',602,,1185265,17,0,35,1,30,,1185268,17,0,35,1,1070,,1185266,17,0,35,1,30,,1185267,17,0,35,1
11001,'3',602,,1185273,17,0,35,1,30,,1185271,17,0,35,1,1070,,1185270,17,0,35,1,30,,1185274,17,0,35,1
11001,'4',602,,1185277,17,0,35,1,30,,1185279,17,0,35,1,1070,,1185278,17,0,35,1,30,,1185275,17,0,35,1
11001,'5',526,,1185285,16,0,35,1,28,,1185308,16,0,35,1,70,,1185297,16,0,35,1,30,,1185301,16,0,35,1,70,,1185290,16,0,35,1,31,,1185303,16,0,35,1,71,,1185294,16,0,35,1,30,,1185289,16,0,35,1,69,,1185306,16,0,35,1,29,,1185311,16,0,35,1,70,,1063033,16,0,35,1,34,,1185298,16,0,35,1,70,,1185287,16,0,35,1,30,,1185309,16,0,35,1,68,,1185304,16,0,35,1,30,,1185299,16,0,35,1,70,,1185284,16,0,35,1,30,,1036543,16,0,35,1,70,,1185283,16,0,35,1,30,,1185302,16,0,35,1,72,,1185281,16,0,35,1,72,,1185296,16,0,35,1,33,,1185310,16,0,35,1,25,,1185291,16,0,35,1,70,,1185300,16,0,35,1,30,,1185307,16,0,35,1,69,,1185292,16,0,35,1,29,,1185293,16,0,35,1,67,,1185286,16,0,35,1,30,,1185305,16,0,35,1,70,,1185295,16,0,35,1
11001,'6',526,,1185333,16,0,35,1,28,,1185314,16,0,35,1,70,,1086771,16,0,35,1,30,,1043192,16,0,35,1,70,,1185334,16,0,35,1,31,,1185325,16,0,35,1,71,,1185318,16,0,35,1,30,,1080836,16,0,35,1,69,,1185327,16,0,35,1,29,,1185320,16,0,35,1,70,,1185323,16,0,35,1,34,,1185329,16,0,35,1,70,,1185328,16,0,35,1,30,,1185313,16,0,35,1,68,,1060066,16,0,35,1,30,,1070393,16,0,35,1,70,,1185331,16,0,35,1,30,,1185319,16,0,35,1,70,,947726,16,0,35,1,30,,1185315,16,0,35,1,72,,1185317,16,0,35,1,72,,1185316,16,0,35,1,33,,1101477,16,0,35,1,25,,1102787,16,0,35,1,70,,1185326,16,0,35,1,30,,1185324,16,0,35,1,69,,1026581,16,0,35,1,29,,1185321,16,0,35,1,67,,1085083,16,0,35,1,30,,1185322,16,0,35,1,70,,1185312,16,0,35,1
11001,'7',602,,1185339,17,0,35,1,30,,1185336,17,0,35,1,1070,,1185335,17,0,35,1,30,,1185338,17,0,35,1
11001,'8',526,,1185372,16,0,35,1,28,,1185346,16,0,35,1,70,,1185347,16,0,35,1,30,,1185343,16,0,35,1,70,,1185373,16,0,35,1,31,,1185362,16,0,35,1,71,,1185353,16,0,35,1,30,,1185369,16,0,35,1,69,,1185364,16,0,35,1,29,,1185356,16,0,35,1,70,,1185359,16,0,35,1,34,,1185366,16,0,35,1,70,,1185365,16,0,35,1,30,,1185345,16,0,35,1,68,,1185355,16,0,35,1,30,,1185371,16,0,35,1,70,,1185368,16,0,35,1,30,,1185354,16,0,35,1,70,,1185344,16,0,35,1,30,,1185350,16,0,35,1,72,,1185352,16,0,35,1,72,,1185351,16,0,35,1,33,,1185360,16,0,35,1,25,,1185348,16,0,35,1,70,,1185363,16,0,35,1,30,,1185361,16,0,35,1,69,,1185342,16,0,35,1,29,,1185357,16,0,35,1,67,,1185349,16,0,35,1,30,,1185358,16,0,35,1,70,,1185341,16,0,35,1
11001,'9',526,,1185378,16,0,35,1,28,,1185401,16,0,35,1,70,,1185390,16,0,35,1,30,,1185394,16,0,35,1,70,,1185383,16,0,35,1,31,,1185396,16,0,35,1,71,,1185387,16,0,35,1,30,,1185382,16,0,35,1,69,,1185399,16,0,35,1,29,,1185404,16,0,35,1,70,,1062857,16,0,35,1,34,,1185391,16,0,35,1,70,,1185380,16,0,35,1,30,,1185402,16,0,35,1,68,,1185397,16,0,35,1,30,,1185392,16,0,35,1,70,,1185377,16,0,35,1,30,,1037025,16,0,35,1,70,,1185376,16,0,35,1,30,,1185395,16,0,35,1,72,,1185374,16,0,35,1,72,,1185389,16,0,35,1,33,,1185403,16,0,35,1,25,,1185384,16,0,35,1,70,,1185393,16,0,35,1,30,,1185400,16,0,35,1,69,,1185385,16,0,35,1,29,,1185386,16,0,35,1,67,,1185379,16,0,35,1,30,,1185398,16,0,35,1,70,,1185388,16,0,35,1
