4701,'1',1212,,1144669,29,,,1,310,,1144664,29,,,1,33,,1070606,29,,,1,69,,978409,29,,,1,29,,1144665,29,,,1,64,,1144666,29,,,1,34,,1144667,29,,,1,60,,1144668,29,,,1
4701,'10',1212,,1144675,29,,,1,310,,1144670,29,,,1,33,,1070420,29,,,1,69,,978050,29,,,1,29,,1144671,29,,,1,64,,1144672,29,,,1,34,,1144673,29,,,1,60,,1144674,29,,,1
4701,'11',1212,,1144681,29,,,1,310,,1144676,29,,,1,33,,1070660,29,,,1,69,,978350,29,,,1,29,,1144677,29,,,1,64,,1144678,29,,,1,34,,1144679,29,,,1,60,,1144680,29,,,1
4701,'12',1212,,1144684,29,,,1,310,,1144683,29,,,1,33,,1144686,29,,,1,69,,1144687,29,,,1,29,,1069300,29,,,1,64,,1144682,29,,,1,34,,1144685,29,,,1,60,,1073806,29,,,1
4701,'13',1213,,1144688,29,,,1
4701,'14',1212,,1144695,29,,,1,310,,1144690,29,,,1,33,,1144696,29,,,1,69,,1144689,29,,,1,29,,1144691,29,,,1,64,,1144692,29,,,1,34,,1144693,29,,,1,60,,1144694,29,,,1
4701,'15',1212,,1144701,29,,,1,310,,1144703,29,,,1,33,,1144702,29,,,1,69,,1144697,29,,,1,29,,1144698,29,,,1,64,,1144700,29,,,1,34,,1144699,29,,,1,60,,1144704,29,,,1
4701,'16',1212,,1144709,29,,,1,310,,1144708,29,,,1,33,,1144711,29,,,1,69,,1144712,29,,,1,29,,1144707,29,,,1,64,,1144705,29,,,1,34,,1144710,29,,,1,60,,1144706,29,,,1
4701,'17',1213,,1144713,29,,,1
4701,'2',1213,,1144714,29,,,1
4701,'3',1213,,1144715,29,,,1
4701,'4',1213,,1144716,29,,,1
4701,'5',1212,,1144722,29,,,1,310,,1144717,29,,,1,33,,1070570,29,,,1,69,,978600,29,,,1,29,,1144718,29,,,1,64,,1144719,29,,,1,34,,1144720,29,,,1,60,,1144721,29,,,1
4701,'6',1212,,1144726,29,,,1,310,,1144725,29,,,1,33,,1144728,29,,,1,69,,1050059,29,,,1,29,,1144724,29,,,1,64,,1070091,29,,,1,34,,1144727,29,,,1,60,,1144723,29,,,1
4701,'7',1213,,1144729,29,,,1
4701,'8',1212,,1144734,29,,,1,310,,1144733,29,,,1,33,,1144736,29,,,1,69,,1144737,29,,,1,29,,1144732,29,,,1,64,,1144730,29,,,1,34,,1144735,29,,,1,60,,1144731,29,,,1
4701,'9',1212,,1144743,29,,,1,310,,1144738,29,,,1,33,,1070479,29,,,1,69,,978541,29,,,1,29,,1144739,29,,,1,64,,1144740,29,,,1,34,,1144741,29,,,1,60,,1144742,29,,,1
