5101,'1',726,,1147021,50,,,1,32,,1147025,50,,,1,72,,1147023,50,,,1,70,,1147012,50,,,1,15,,1147002,50,,,1,15,,1147004,50,,,1,29,,1147022,50,,,1,69,,1147017,50,,,1,30,,1147015,50,,,1,70,,1147029,50,,,1,31,,1147024,50,,,1,70,,1147003,50,,,1,30,,1147018,50,,,1,70,,1147007,50,,,1,71,,1147009,50,,,1,30,,1147001,50,,,1,29,,1147008,50,,,1,70,,1147006,50,,,1,72,,1077965,50,,,1,31,,1147026,50,,,1,72,,1147030,50,,,1,31,,1147020,50,,,1,69,,1099328,50,,,1,29,,1147005,50,,,1,26,,1147028,50,,,1,67,,1147011,50,,,1,29,,1147013,50,,,1,70,,1147016,50,,,1,28,,1147000,50,,,1,70,,1147019,50,,,1,30,,1147027,50,,,1,68,,1147010,50,,,1,99,,1147014,50,,,1
5101,'10',726,,1147052,50,,,1,32,,1147056,50,,,1,72,,1147054,50,,,1,70,,1147043,50,,,1,15,,1147033,50,,,1,15,,1147035,50,,,1,29,,1147053,50,,,1,69,,1147048,50,,,1,30,,1147046,50,,,1,70,,1147060,50,,,1,31,,1147055,50,,,1,70,,1147034,50,,,1,30,,1147049,50,,,1,70,,1147038,50,,,1,71,,1147040,50,,,1,30,,1147032,50,,,1,29,,1147039,50,,,1,70,,1147037,50,,,1,72,,1077756,50,,,1,31,,1147057,50,,,1,72,,1147061,50,,,1,31,,1147051,50,,,1,69,,1099216,50,,,1,29,,1147036,50,,,1,26,,1147059,50,,,1,67,,1147042,50,,,1,29,,1147044,50,,,1,70,,1147047,50,,,1,28,,1147031,50,,,1,70,,1147050,50,,,1,30,,1147058,50,,,1,68,,1147041,50,,,1,99,,1147045,50,,,1
5101,'11',726,,1147083,50,,,1,32,,1147087,50,,,1,72,,1147085,50,,,1,70,,1147074,50,,,1,15,,1147064,50,,,1,15,,1147066,50,,,1,29,,1147084,50,,,1,69,,1147079,50,,,1,30,,1147077,50,,,1,70,,1147091,50,,,1,31,,1147086,50,,,1,70,,1147065,50,,,1,30,,1147080,50,,,1,70,,1147069,50,,,1,71,,1147071,50,,,1,30,,1147063,50,,,1,29,,1147070,50,,,1,70,,1147068,50,,,1,72,,1078028,50,,,1,31,,1147088,50,,,1,72,,1147092,50,,,1,31,,1147082,50,,,1,69,,1099366,50,,,1,29,,1147067,50,,,1,26,,1147090,50,,,1,67,,1147073,50,,,1,29,,1147075,50,,,1,70,,1147078,50,,,1,28,,1147062,50,,,1,70,,1147081,50,,,1,30,,1147089,50,,,1,68,,1147072,50,,,1,99,,1147076,50,,,1
5101,'12',726,,1147114,50,,,1,32,,1147107,50,,,1,72,,1147120,50,,,1,70,,1147117,50,,,1,15,,1147121,50,,,1,15,,1147099,50,,,1,29,,1147097,50,,,1,69,,1147101,50,,,1,30,,1147096,50,,,1,70,,1147102,50,,,1,31,,1147109,50,,,1,70,,1147113,50,,,1,30,,1147100,50,,,1,70,,1068289,50,,,1,71,,1147115,50,,,1,30,,1069543,50,,,1,29,,1147110,50,,,1,70,,1147108,50,,,1,72,,1147111,50,,,1,31,,1147103,50,,,1,72,,1147094,50,,,1,31,,1147112,50,,,1,69,,1147118,50,,,1,29,,1076941,50,,,1,26,,1147119,50,,,1,67,,1147106,50,,,1,29,,1147104,50,,,1,70,,1147098,50,,,1,28,,1147122,50,,,1,70,,1147095,50,,,1,30,,1147093,50,,,1,68,,1147116,50,,,1,99,,1147105,50,,,1
5101,'13',914,,1147139,50,,,1,30,,1076184,50,,,1,71,,1147145,50,,,1,30,,1147129,50,,,1,70,,1147130,50,,,1,30,,1147142,50,,,1,70,,1147134,50,,,1,30,,1147140,50,,,1,70,,1147147,50,,,1,30,,1147123,50,,,1,70,,1019839,50,,,1,30,,1147138,50,,,1,70,,1147136,50,,,1,30,,1147132,50,,,1,70,,1147135,50,,,1,30,,1147125,50,,,1,70,,1147127,50,,,1,30,,1147126,50,,,1,70,,1147133,50,,,1,30,,1147137,50,,,1,70,,1147128,50,,,1,30,,1147144,50,,,1,69,,1147141,50,,,1,100,,1147143,50,,,1,100,,1147124,50,,,1,199,,1147131,50,,,1
5101,'14',726,,1147169,50,,,1,32,,1147173,50,,,1,72,,1147171,50,,,1,70,,1147160,50,,,1,15,,1147150,50,,,1,15,,1147152,50,,,1,29,,1147170,50,,,1,69,,1147165,50,,,1,30,,1147163,50,,,1,70,,1147179,50,,,1,31,,1147172,50,,,1,70,,1147151,50,,,1,30,,1147166,50,,,1,70,,1147155,50,,,1,71,,1147157,50,,,1,30,,1147149,50,,,1,29,,1147156,50,,,1,70,,1147154,50,,,1,72,,1147176,50,,,1,31,,1147174,50,,,1,72,,1147180,50,,,1,31,,1147168,50,,,1,69,,1147175,50,,,1,29,,1147153,50,,,1,26,,1147178,50,,,1,67,,1147159,50,,,1,29,,1147161,50,,,1,70,,1147164,50,,,1,28,,1147148,50,,,1,70,,1147167,50,,,1,30,,1147177,50,,,1,68,,1147158,50,,,1,99,,1147162,50,,,1
5101,'15',726,,1147190,50,,,1,32,,1147207,50,,,1,72,,1147183,50,,,1,70,,1147194,50,,,1,15,,1147184,50,,,1,15,,1147181,50,,,1,29,,1147200,50,,,1,69,,1147191,50,,,1,30,,1147208,50,,,1,70,,1147186,50,,,1,31,,1147209,50,,,1,70,,1147205,50,,,1,30,,1147198,50,,,1,70,,1147211,50,,,1,71,,1147203,50,,,1,30,,1147195,50,,,1,29,,1147193,50,,,1,70,,1147196,50,,,1,72,,1147187,50,,,1,31,,1147188,50,,,1,72,,1147213,50,,,1,31,,1147201,50,,,1,69,,1147210,50,,,1,29,,1147199,50,,,1,26,,1147204,50,,,1,67,,1147192,50,,,1,29,,1147206,50,,,1,70,,1147212,50,,,1,28,,1147182,50,,,1,70,,1147189,50,,,1,30,,1147197,50,,,1,68,,1147202,50,,,1,99,,1147185,50,,,1
5101,'16',726,,1147236,50,,,1,32,,1147229,50,,,1,72,,1147242,50,,,1,70,,1147239,50,,,1,15,,1101436,50,,,1,15,,1147220,50,,,1,29,,1147218,50,,,1,69,,1147223,50,,,1,30,,1147217,50,,,1,70,,1147224,50,,,1,31,,1147231,50,,,1,70,,1147235,50,,,1,30,,1147221,50,,,1,70,,1147216,50,,,1,71,,1147237,50,,,1,30,,1147234,50,,,1,29,,1147232,50,,,1,70,,1147230,50,,,1,72,,1062650,50,,,1,31,,1147225,50,,,1,72,,1147214,50,,,1,31,,1147233,50,,,1,69,,1147240,50,,,1,29,,1147222,50,,,1,26,,1147241,50,,,1,67,,1147228,50,,,1,29,,1147226,50,,,1,70,,1147219,50,,,1,28,,1147243,50,,,1,70,,1147215,50,,,1,30,,1086415,50,,,1,68,,1147238,50,,,1,99,,1147227,50,,,1
5101,'17',914,,1147263,50,,,1,30,,1147252,50,,,1,71,,1147269,50,,,1,30,,1147253,50,,,1,70,,1147254,50,,,1,30,,1147266,50,,,1,70,,1147258,50,,,1,30,,1147264,50,,,1,70,,1147271,50,,,1,30,,1147244,50,,,1,70,,1147250,50,,,1,30,,1147262,50,,,1,70,,1147260,50,,,1,30,,1147256,50,,,1,70,,1147259,50,,,1,30,,1147246,50,,,1,70,,1147249,50,,,1,30,,1147248,50,,,1,70,,1147257,50,,,1,30,,1147261,50,,,1,70,,1147251,50,,,1,30,,1147268,50,,,1,69,,1147265,50,,,1,100,,1147267,50,,,1,100,,1147245,50,,,1,199,,1147255,50,,,1
5101,'2',749,,1147291,50,,,1,101,,1147277,50,,,1,70,,1147289,50,,,1,30,,1147287,50,,,1,71,,1147290,50,,,1,30,,1147297,50,,,1,70,,1147276,50,,,1,30,,1147286,50,,,1,70,,1147279,50,,,1,30,,1147280,50,,,1,70,,1147296,50,,,1,30,,1147283,50,,,1,70,,1147298,50,,,1,30,,1147295,50,,,1,70,,1062818,50,,,1,30,,1073955,50,,,1,70,,1147274,50,,,1,30,,1147282,50,,,1,70,,1147294,50,,,1,30,,1147288,50,,,1,71,,1147281,50,,,1,100,,1147285,50,,,1,99,,1147272,50,,,1,100,,1083403,50,,,1,100,,1147273,50,,,1,99,,1036703,50,,,1,100,,1147275,50,,,1
5101,'3',914,,1147318,50,,,1,30,,1147307,50,,,1,71,,1147324,50,,,1,30,,1147308,50,,,1,70,,1147309,50,,,1,30,,1147321,50,,,1,70,,1147313,50,,,1,30,,1147319,50,,,1,70,,1147326,50,,,1,30,,1147299,50,,,1,70,,1147305,50,,,1,30,,1147317,50,,,1,70,,1147315,50,,,1,30,,1147311,50,,,1,70,,1147314,50,,,1,30,,1147301,50,,,1,70,,1147304,50,,,1,30,,1147303,50,,,1,70,,1147312,50,,,1,30,,1147316,50,,,1,70,,1147306,50,,,1,30,,1147323,50,,,1,69,,1147320,50,,,1,100,,1147322,50,,,1,100,,1147300,50,,,1,199,,1147310,50,,,1
5101,'4',914,,1147346,50,,,1,30,,1147349,50,,,1,71,,1147354,50,,,1,30,,1147341,50,,,1,70,,1147347,50,,,1,30,,1147338,50,,,1,70,,1147350,50,,,1,30,,1147331,50,,,1,70,,1147339,50,,,1,30,,1147342,50,,,1,70,,1147330,50,,,1,30,,1147333,50,,,1,70,,1147343,50,,,1,30,,1147337,50,,,1,70,,1147328,50,,,1,30,,1147348,50,,,1,70,,1147336,50,,,1,30,,1147353,50,,,1,70,,1147352,50,,,1,30,,1147334,50,,,1,70,,1147345,50,,,1,30,,1147329,50,,,1,69,,1147344,50,,,1,100,,1147332,50,,,1,100,,1147327,50,,,1,199,,1147335,50,,,1
5101,'5',726,,1147376,50,,,1,32,,1147380,50,,,1,72,,1147378,50,,,1,70,,1147367,50,,,1,15,,1147357,50,,,1,15,,1147359,50,,,1,29,,1147377,50,,,1,69,,1147372,50,,,1,30,,1147370,50,,,1,70,,1147384,50,,,1,31,,1147379,50,,,1,70,,1147358,50,,,1,30,,1147373,50,,,1,70,,1147362,50,,,1,71,,1147364,50,,,1,30,,1147356,50,,,1,29,,1147363,50,,,1,70,,1147361,50,,,1,72,,1077926,50,,,1,31,,1147381,50,,,1,72,,1147385,50,,,1,31,,1147375,50,,,1,69,,1099305,50,,,1,29,,1147360,50,,,1,26,,1147383,50,,,1,67,,1147366,50,,,1,29,,1147368,50,,,1,70,,1147371,50,,,1,28,,1147355,50,,,1,70,,1147374,50,,,1,30,,1147382,50,,,1,68,,1147365,50,,,1,99,,1147369,50,,,1
5101,'6',726,,1147402,50,,,1,32,,1147394,50,,,1,72,,1147407,50,,,1,70,,1147405,50,,,1,15,,1147408,50,,,1,15,,1018789,50,,,1,29,,1078831,50,,,1,69,,1006261,50,,,1,30,,1066617,50,,,1,70,,1147389,50,,,1,31,,1147396,50,,,1,70,,1147401,50,,,1,30,,1039964,50,,,1,70,,1147387,50,,,1,71,,1147403,50,,,1,30,,1147400,50,,,1,29,,1147397,50,,,1,70,,1147395,50,,,1,72,,1147398,50,,,1,31,,1147390,50,,,1,72,,1068933,50,,,1,31,,1147399,50,,,1,69,,1147406,50,,,1,29,,1147388,50,,,1,26,,997833,50,,,1,67,,1147393,50,,,1,29,,1147391,50,,,1,70,,1069169,50,,,1,28,,1147409,50,,,1,70,,1102310,50,,,1,30,,1147386,50,,,1,68,,1147404,50,,,1,99,,1147392,50,,,1
5101,'7',749,,1147433,50,,,1,101,,1147425,50,,,1,70,,1147426,50,,,1,30,,1147429,50,,,1,71,,1147413,50,,,1,30,,1147411,50,,,1,70,,1147432,50,,,1,30,,1147435,50,,,1,70,,1147419,50,,,1,30,,1147418,50,,,1,70,,1147434,50,,,1,30,,1147416,50,,,1,70,,1147438,50,,,1,30,,1147428,50,,,1,70,,1147427,50,,,1,30,,1147417,50,,,1,70,,1147415,50,,,1,30,,1147439,50,,,1,70,,1147410,50,,,1,30,,1147421,50,,,1,71,,1147412,50,,,1,100,,1147422,50,,,1,99,,1147424,50,,,1,100,,1147436,50,,,1,100,,1147431,50,,,1,99,,1147430,50,,,1,100,,1147423,50,,,1
5101,'8',726,,1147465,50,,,1,32,,1147457,50,,,1,72,,1147471,50,,,1,70,,1147468,50,,,1,15,,1147472,50,,,1,15,,1147448,50,,,1,29,,1147446,50,,,1,69,,1147451,50,,,1,30,,1147445,50,,,1,70,,1147452,50,,,1,31,,1147459,50,,,1,70,,1147464,50,,,1,30,,1147449,50,,,1,70,,1147444,50,,,1,71,,1147466,50,,,1,30,,1147463,50,,,1,29,,1147460,50,,,1,70,,1147458,50,,,1,72,,1147461,50,,,1,31,,1147453,50,,,1,72,,1147442,50,,,1,31,,1147462,50,,,1,69,,1147469,50,,,1,29,,1147450,50,,,1,26,,1147470,50,,,1,67,,1147456,50,,,1,29,,1147454,50,,,1,70,,1147447,50,,,1,28,,1147473,50,,,1,70,,1147443,50,,,1,30,,1147441,50,,,1,68,,1147467,50,,,1,99,,1147455,50,,,1
5101,'9',726,,1147495,50,,,1,32,,1147499,50,,,1,72,,1147497,50,,,1,70,,1147486,50,,,1,15,,1147476,50,,,1,15,,1147478,50,,,1,29,,1147496,50,,,1,69,,1147491,50,,,1,30,,1147489,50,,,1,70,,1147503,50,,,1,31,,1147498,50,,,1,70,,1147477,50,,,1,30,,1147492,50,,,1,70,,1147481,50,,,1,71,,1147483,50,,,1,30,,1147475,50,,,1,29,,1147482,50,,,1,70,,1147480,50,,,1,72,,1077825,50,,,1,31,,1147500,50,,,1,72,,1147504,50,,,1,31,,1147494,50,,,1,69,,1099251,50,,,1,29,,1147479,50,,,1,26,,1147502,50,,,1,67,,1147485,50,,,1,29,,1147487,50,,,1,70,,1147490,50,,,1,28,,1147474,50,,,1,70,,1147493,50,,,1,30,,1147501,50,,,1,68,,1147484,50,,,1,99,,1147488,50,,,1
