1900,'1',550,,1121416,17,,,1,69,,891824,28,,,1,30,,1061735,28,,,1,55,,1121395,28,,,1,27,,1047258,28,,,1,28,,1088783,28,,,1,70,,1121415,28,,,1,75,,1121410,37,,,1,25,,1121403,37,,,1,27,,1121399,37,,,1,70,,1121409,37,,,1,30,,1121398,37,,,1,70,,1121400,37,,,1,30,,1121421,37,,,1,74,,1121411,37,,,1,29,,1121414,37,,,1,66,,1121402,37,,,1,75,,1102254,37,,,1,32,,1121406,37,,,1,70,,1094839,37,,,1,34,,1121419,37,,,1,68,,1121417,37,,,1,30,,1121397,37,,,1,70,,1077491,37,,,1,31,,1121401,37,,,1,70,,1121412,37,,,1,28,,1121413,37,,,1,70,,1087560,37,,,1,27,,1121420,37,,,1,27,,1121408,37,,,1,71,,1121407,37,,,1,31,,1121396,37,,,1,70,,948816,37,,,1,74,,1121418,37,,,1,28,,1121404,28,,,1,69,,1033803,37,,,1,109,,1121405,28,,,1
1900,'10',550,,1121443,17,,,1,69,,891853,28,,,1,30,,1061510,28,,,1,55,,1121422,28,,,1,27,,1047439,28,,,1,28,,1088378,28,,,1,70,,1121442,28,,,1,75,,1121437,37,,,1,25,,1121430,37,,,1,27,,1121426,37,,,1,70,,1121436,37,,,1,30,,1121425,37,,,1,70,,1121427,37,,,1,30,,1121448,37,,,1,74,,1121438,37,,,1,29,,1121441,37,,,1,66,,1121429,37,,,1,75,,1102236,37,,,1,32,,1121433,37,,,1,70,,1094699,37,,,1,34,,1121446,37,,,1,68,,1121444,37,,,1,30,,1121424,37,,,1,70,,1077378,37,,,1,31,,1121428,37,,,1,70,,1121439,37,,,1,28,,1121440,37,,,1,70,,1087350,37,,,1,27,,1121447,37,,,1,27,,1121435,37,,,1,71,,1121434,37,,,1,31,,1121423,37,,,1,70,,948567,37,,,1,74,,1121445,37,,,1,28,,1121431,28,,,1,69,,1033922,37,,,1,109,,1121432,28,,,1
1900,'11',550,,1121470,17,,,1,69,,891747,28,,,1,30,,1061802,28,,,1,55,,1121449,28,,,1,27,,1047206,28,,,1,28,,1088904,28,,,1,70,,1121469,28,,,1,75,,1121464,37,,,1,25,,1121457,37,,,1,27,,1121453,37,,,1,70,,1121463,37,,,1,30,,1121452,37,,,1,70,,1121454,37,,,1,30,,1121475,37,,,1,74,,1121465,37,,,1,29,,1121468,37,,,1,66,,1121456,37,,,1,75,,1102260,37,,,1,32,,1121460,37,,,1,70,,1094881,37,,,1,34,,1121473,37,,,1,68,,1121471,37,,,1,30,,1121451,37,,,1,70,,1077524,37,,,1,31,,1121455,37,,,1,70,,1121466,37,,,1,28,,1121467,37,,,1,70,,1087624,37,,,1,27,,1121474,37,,,1,27,,1121462,37,,,1,71,,1121461,37,,,1,31,,1121450,37,,,1,70,,948775,37,,,1,74,,1121472,37,,,1,28,,1121458,28,,,1,69,,1033768,37,,,1,109,,1121459,28,,,1
1900,'12',550,,1121502,17,,,1,69,,1121493,28,,,1,30,,996267,28,,,1,55,,1121500,28,,,1,27,,1121486,28,,,1,28,,1121492,28,,,1,70,,958592,28,,,1,75,,1121479,37,,,1,25,,1121480,37,,,1,27,,1121477,37,,,1,70,,1121488,37,,,1,30,,1121476,37,,,1,70,,1121499,37,,,1,30,,1090196,37,,,1,74,,1121497,37,,,1,29,,1121490,37,,,1,66,,1121482,37,,,1,75,,1121483,37,,,1,32,,1072305,37,,,1,70,,1121503,37,,,1,34,,1121484,37,,,1,68,,1121495,37,,,1,30,,1121491,37,,,1,70,,1121481,37,,,1,31,,1121498,37,,,1,70,,1121504,37,,,1,28,,1121485,37,,,1,70,,1121506,37,,,1,27,,1004596,37,,,1,27,,1121501,37,,,1,71,,1121487,37,,,1,31,,1121494,37,,,1,70,,1091220,37,,,1,74,,1121505,37,,,1,28,,1121478,28,,,1,69,,1121489,37,,,1,109,,1121496,28,,,1
1900,'13',931,,1121512,37,,,1,70,,1121519,37,,,1,30,,1121523,37,,,1,70,,1121524,37,,,1,30,,1121528,37,,,1,70,,1121518,37,,,1,30,,1121532,37,,,1,72,,1121529,37,,,1,30,,1121509,37,,,1,70,,1121510,37,,,1,30,,1121508,37,,,1,70,,1121515,37,,,1,30,,1121513,37,,,1,70,,1121520,37,,,1,30,,1121527,37,,,1,70,,1121531,37,,,1,30,,1121530,37,,,1,70,,1121533,37,,,1,30,,1121507,37,,,1,69,,1121525,37,,,1,30,,1121521,37,,,1,70,,1121511,37,,,1,28,,1121514,28,,,1,70,,1121526,28,,,1,30,,1121517,28,,,1,70,,1121516,28,,,1,100,,1121522,28,,,1
1900,'14',550,,1121561,17,,,1,69,,1121535,28,,,1,30,,1121538,28,,,1,55,,1121536,28,,,1,27,,1121540,28,,,1,28,,1121545,28,,,1,70,,1121560,28,,,1,75,,1121555,37,,,1,25,,1121548,37,,,1,27,,1121543,37,,,1,70,,1121554,37,,,1,30,,1121542,37,,,1,70,,1121544,37,,,1,30,,1121568,37,,,1,74,,1121556,37,,,1,29,,1121559,37,,,1,66,,1121547,37,,,1,75,,1121564,37,,,1,32,,1121551,37,,,1,70,,1121569,37,,,1,34,,1121565,37,,,1,68,,1121562,37,,,1,30,,1121541,37,,,1,70,,1121534,37,,,1,31,,1121546,37,,,1,70,,1121557,37,,,1,28,,1121558,37,,,1,70,,1121539,37,,,1,27,,1121567,37,,,1,27,,1121553,37,,,1,71,,1121552,37,,,1,31,,1121537,37,,,1,70,,1121570,37,,,1,74,,1121563,37,,,1,28,,1121549,28,,,1,69,,1121566,37,,,1,109,,1121550,28,,,1
1900,'15',550,,1121590,17,,,1,69,,1121601,28,,,1,30,,1121607,28,,,1,55,,1121578,28,,,1,27,,1121596,28,,,1,28,,1121603,28,,,1,70,,1121579,28,,,1,75,,1121575,37,,,1,25,,1121592,37,,,1,27,,1121604,37,,,1,70,,1121602,37,,,1,30,,1121573,37,,,1,70,,1121593,37,,,1,30,,1121591,37,,,1,74,,1121581,37,,,1,29,,1121595,37,,,1,66,,1121577,37,,,1,75,,1121571,37,,,1,32,,1121576,37,,,1,70,,1121585,37,,,1,34,,1121597,37,,,1,68,,1121594,37,,,1,30,,1121583,37,,,1,70,,1121606,37,,,1,31,,1121572,37,,,1,70,,1121588,37,,,1,28,,1121582,37,,,1,70,,1121589,37,,,1,27,,1121587,37,,,1,27,,1121584,37,,,1,71,,1121599,37,,,1,31,,1121598,37,,,1,70,,1121574,37,,,1,74,,1121605,37,,,1,28,,1121600,28,,,1,69,,1121586,37,,,1,109,,1121580,28,,,1
1900,'16',550,,1121635,17,,,1,69,,1121626,28,,,1,30,,1121608,28,,,1,55,,1121633,28,,,1,27,,1121620,28,,,1,28,,1121625,28,,,1,70,,1121610,28,,,1,75,,1121612,37,,,1,25,,1121613,37,,,1,27,,1093433,37,,,1,70,,1011807,37,,,1,30,,970525,37,,,1,70,,1121632,37,,,1,30,,1121611,37,,,1,74,,1121630,37,,,1,29,,1121623,37,,,1,66,,1121616,37,,,1,75,,1121617,37,,,1,32,,1121614,37,,,1,70,,1092933,37,,,1,34,,1121618,37,,,1,68,,1121628,37,,,1,30,,1121624,37,,,1,70,,1121615,37,,,1,31,,1121631,37,,,1,70,,1121638,37,,,1,28,,1121619,37,,,1,70,,1121640,37,,,1,27,,1121636,37,,,1,27,,1121634,37,,,1,71,,1121621,37,,,1,31,,1121627,37,,,1,70,,1121637,37,,,1,74,,1121639,37,,,1,28,,1121609,28,,,1,69,,1121622,37,,,1,109,,1121629,28,,,1
1900,'17',931,,1121646,37,,,1,70,,1121653,37,,,1,30,,1121657,37,,,1,70,,1121658,37,,,1,30,,1121662,37,,,1,70,,1121652,37,,,1,30,,1121666,37,,,1,72,,1121663,37,,,1,30,,1121643,37,,,1,70,,1121644,37,,,1,30,,1121642,37,,,1,70,,1121649,37,,,1,30,,1121647,37,,,1,70,,1121654,37,,,1,30,,1121661,37,,,1,70,,1121665,37,,,1,30,,1121664,37,,,1,70,,1121667,37,,,1,30,,1121641,37,,,1,69,,1121659,37,,,1,30,,1121655,37,,,1,70,,1121645,37,,,1,28,,1121648,28,,,1,70,,1121660,28,,,1,30,,1121651,28,,,1,70,,1121650,28,,,1,100,,1121656,28,,,1
1900,'2',658,,1121685,28,,,1,100,,1062833,28,,,1,70,,1121695,28,,,1,30,,1121690,37,,,1,70,,1121679,37,,,1,30,,1121677,37,,,1,70,,1121683,37,,,1,30,,1121686,37,,,1,70,,1076818,37,,,1,30,,1121691,37,,,1,70,,1121670,37,,,1,72,,1121682,37,,,1,30,,1121680,37,,,1,70,,1121672,37,,,1,30,,1121676,37,,,1,70,,1121689,37,,,1,30,,1121684,37,,,1,70,,1121678,37,,,1,30,,1121673,37,,,1,70,,1121681,37,,,1,30,,1121696,37,,,1,70,,1121669,37,,,1,30,,1121692,37,,,1,29,,1092644,37,,,1,70,,1121688,37,,,1,30,,1121671,37,,,1,70,,1121687,37,,,1,28,,1121694,37,,,1,70,,1121668,37,,,1,30,,1121675,28,,,1,70,,1121674,28,,,1,30,,1100341,28,,,1,100,,1121693,28,,,1
1900,'3',931,,1121702,37,,,1,70,,1121709,37,,,1,30,,1121713,37,,,1,70,,1121714,37,,,1,30,,1121718,37,,,1,70,,1121708,37,,,1,30,,1121722,37,,,1,72,,1121719,37,,,1,30,,1121699,37,,,1,70,,1121700,37,,,1,30,,1121698,37,,,1,70,,1121705,37,,,1,30,,1121703,37,,,1,70,,1121710,37,,,1,30,,1121717,37,,,1,70,,1121721,37,,,1,30,,1121720,37,,,1,70,,1121723,37,,,1,30,,1121697,37,,,1,69,,1121715,37,,,1,30,,1121711,37,,,1,70,,1121701,37,,,1,28,,1121704,28,,,1,70,,1121716,28,,,1,30,,1121707,28,,,1,70,,1121706,28,,,1,100,,1121712,28,,,1
1900,'4',931,,1121730,37,,,1,70,,1121745,37,,,1,30,,1121726,37,,,1,70,,1121738,37,,,1,30,,1121725,37,,,1,70,,1121737,37,,,1,30,,994478,37,,,1,72,,1121740,37,,,1,30,,1121733,37,,,1,70,,1121736,37,,,1,30,,1121727,37,,,1,70,,1121742,37,,,1,30,,1121729,37,,,1,70,,1121732,37,,,1,30,,1121724,37,,,1,70,,1121735,37,,,1,30,,1121743,37,,,1,70,,1084381,37,,,1,30,,1121734,37,,,1,69,,1121731,37,,,1,30,,1071204,37,,,1,70,,1121741,37,,,1,28,,1121728,28,,,1,70,,1121744,28,,,1,30,,1121746,28,,,1,70,,1121739,28,,,1,100,,1064366,28,,,1
1900,'5',550,,1121768,17,,,1,69,,891953,28,,,1,30,,1061693,28,,,1,55,,1121747,28,,,1,27,,1046954,28,,,1,28,,1088719,28,,,1,70,,1121767,28,,,1,75,,1121762,37,,,1,25,,1121755,37,,,1,27,,1121751,37,,,1,70,,1121761,37,,,1,30,,1121750,37,,,1,70,,1121752,37,,,1,30,,1121773,37,,,1,74,,1121763,37,,,1,29,,1121766,37,,,1,66,,1121754,37,,,1,75,,1102248,37,,,1,32,,1121758,37,,,1,70,,1094821,37,,,1,34,,1121771,37,,,1,68,,1121769,37,,,1,30,,1121749,37,,,1,70,,1077473,37,,,1,31,,1121753,37,,,1,70,,1121764,37,,,1,28,,1121765,37,,,1,70,,1087517,37,,,1,27,,1121772,37,,,1,27,,1121760,37,,,1,71,,1121759,37,,,1,31,,1121748,37,,,1,70,,948953,37,,,1,74,,1121770,37,,,1,28,,1121756,28,,,1,69,,1033603,37,,,1,109,,1121757,28,,,1
1900,'6',550,,1121801,17,,,1,69,,1121793,28,,,1,30,,1121776,28,,,1,55,,1121799,28,,,1,27,,1121786,28,,,1,28,,1121792,28,,,1,70,,1121778,28,,,1,75,,953237,37,,,1,25,,1091407,37,,,1,27,,1121775,37,,,1,70,,1121788,37,,,1,30,,1121774,37,,,1,70,,1121798,37,,,1,30,,1121779,37,,,1,74,,1102061,37,,,1,29,,1121790,37,,,1,66,,1121782,37,,,1,75,,1121783,37,,,1,32,,1121780,37,,,1,70,,1121802,37,,,1,34,,1121784,37,,,1,68,,1121795,37,,,1,30,,1121791,37,,,1,70,,1121781,37,,,1,31,,1121797,37,,,1,70,,1121805,37,,,1,28,,1121785,37,,,1,70,,998251,37,,,1,27,,1121803,37,,,1,27,,1121800,37,,,1,71,,1121787,37,,,1,31,,1121794,37,,,1,70,,1121804,37,,,1,74,,1121806,37,,,1,28,,1121777,28,,,1,69,,1121789,37,,,1,109,,1121796,28,,,1
1900,'7',658,,1121838,28,,,1,100,,1121817,28,,,1,70,,1121815,28,,,1,30,,1121811,37,,,1,70,,1121834,37,,,1,30,,1121809,37,,,1,70,,1121830,37,,,1,30,,1121839,37,,,1,70,,1121810,37,,,1,30,,1121831,37,,,1,70,,1121826,37,,,1,72,,1121812,37,,,1,30,,1121819,37,,,1,70,,1121837,37,,,1,30,,1121828,37,,,1,70,,1121836,37,,,1,30,,1121825,37,,,1,70,,1121822,37,,,1,30,,1121818,37,,,1,70,,1121835,37,,,1,30,,1121821,37,,,1,70,,1121813,37,,,1,30,,1121833,37,,,1,29,,1121824,37,,,1,70,,1121808,37,,,1,30,,1121814,37,,,1,70,,1121829,37,,,1,28,,1121807,37,,,1,70,,1121820,37,,,1,30,,1121816,28,,,1,70,,1121823,28,,,1,30,,1121827,28,,,1,100,,1121832,28,,,1
1900,'8',550,,1121870,17,,,1,69,,1121861,28,,,1,30,,1121842,28,,,1,55,,1121868,28,,,1,27,,1121854,28,,,1,28,,1121860,28,,,1,70,,1121844,28,,,1,75,,1121846,37,,,1,25,,1121847,37,,,1,27,,1121841,37,,,1,70,,1121856,37,,,1,30,,1121840,37,,,1,70,,1121867,37,,,1,30,,1121845,37,,,1,74,,1121865,37,,,1,29,,1121858,37,,,1,66,,1121850,37,,,1,75,,1121851,37,,,1,32,,1121848,37,,,1,70,,1121871,37,,,1,34,,1121852,37,,,1,68,,1121863,37,,,1,30,,1121859,37,,,1,70,,1121849,37,,,1,31,,1121866,37,,,1,70,,1121874,37,,,1,28,,1121853,37,,,1,70,,1121876,37,,,1,27,,1121872,37,,,1,27,,1121869,37,,,1,71,,1121855,37,,,1,31,,1121862,37,,,1,70,,1121873,37,,,1,74,,1121875,37,,,1,28,,1121843,28,,,1,69,,1121857,37,,,1,109,,1121864,28,,,1
1900,'9',550,,1121898,17,,,1,69,,891882,28,,,1,30,,1061578,28,,,1,55,,1121877,28,,,1,27,,1047310,28,,,1,28,,1088504,28,,,1,70,,1121897,28,,,1,75,,1121892,37,,,1,25,,1121885,37,,,1,27,,1121881,37,,,1,70,,1121891,37,,,1,30,,1121880,37,,,1,70,,1121882,37,,,1,30,,1121903,37,,,1,74,,1121893,37,,,1,29,,1121896,37,,,1,66,,1121884,37,,,1,75,,1102242,37,,,1,32,,1121888,37,,,1,70,,1094740,37,,,1,34,,1121901,37,,,1,68,,1121899,37,,,1,30,,1121879,37,,,1,70,,1077411,37,,,1,31,,1121883,37,,,1,70,,1121894,37,,,1,28,,1121895,37,,,1,70,,1087417,37,,,1,27,,1121902,37,,,1,27,,1121890,37,,,1,71,,1121889,37,,,1,31,,1121878,37,,,1,70,,948912,37,,,1,74,,1121900,37,,,1,28,,1121886,28,,,1,69,,1033838,37,,,1,109,,1121887,28,,,1
