1901,'1',623,,1121920,11,0,45,1,31,,1121924,11,0,45,1,71,,1121926,11,0,45,1,18,,1121915,11,0,45,1,68,,1121904,11,,,1,30,,1121927,11,,,1,72,,1121909,11,,,1,30,,965837,11,,,1,65,,1009510,11,,,1,29,,1121928,11,,,1,70,,1121908,11,,,1,31,,1121925,11,,,1,70,,1121923,11,,,1,30,,1121918,11,,,1,73,,1121912,11,,,1,30,,1121916,11,,,1,70,,1121907,11,,,1,35,,969117,11,,,1,73,,1121932,11,,,1,28,,1121914,11,,,1,73,,1121919,11,,,1,29,,1121917,11,,,1,70,,980045,11,,,1,29,,1121905,11,,,1,69,,1019211,11,,,1,30,,1121922,11,,,1,66,,1121931,11,,,1,29,,1121906,11,,,1,67,,1121910,11,,,1,26,,1094600,11,,,1,68,,1121921,11,,,1,30,,1121911,11,0,45,1,70,,1095905,11,,,1,32,,1121913,11,0,45,1,99,,1121929,11,0,45,1,104,,1121930,11,0,45,1
1901,'10',623,,1121949,11,0,45,1,31,,1121953,11,0,45,1,71,,1121955,11,0,45,1,18,,1121944,11,0,45,1,68,,1121933,11,,,1,30,,1121956,11,,,1,72,,1121938,11,,,1,30,,965559,11,,,1,65,,1009548,11,,,1,29,,1121957,11,,,1,70,,1121937,11,,,1,31,,1121954,11,,,1,70,,1121952,11,,,1,30,,1121947,11,,,1,73,,1121941,11,,,1,30,,1121945,11,,,1,70,,1121936,11,,,1,35,,968791,11,,,1,73,,1121961,11,,,1,28,,1121943,11,,,1,73,,1121948,11,,,1,29,,1121946,11,,,1,70,,979778,11,,,1,29,,1121934,11,,,1,69,,1019294,11,,,1,30,,1121951,11,,,1,66,,1121960,11,,,1,29,,1121935,11,,,1,67,,1121939,11,,,1,26,,1094430,11,,,1,68,,1121950,11,,,1,30,,1121940,11,0,45,1,70,,1095763,11,,,1,32,,1121942,11,0,45,1,99,,1121958,11,0,45,1,104,,1121959,11,0,45,1
1901,'11',623,,1121978,11,0,45,1,31,,1121982,11,0,45,1,71,,1121984,11,0,45,1,18,,1121973,11,0,45,1,68,,1121962,11,,,1,30,,1121985,11,,,1,72,,1121967,11,,,1,30,,965795,11,,,1,65,,1009500,11,,,1,29,,1121986,11,,,1,70,,1121966,11,,,1,31,,1121983,11,,,1,70,,1121981,11,,,1,30,,1121976,11,,,1,73,,1121970,11,,,1,30,,1121974,11,,,1,70,,1121965,11,,,1,35,,969065,11,,,1,73,,1121990,11,,,1,28,,1121972,11,,,1,73,,1121977,11,,,1,29,,1121975,11,,,1,70,,979995,11,,,1,29,,1121963,11,,,1,69,,1019186,11,,,1,30,,1121980,11,,,1,66,,1121989,11,,,1,29,,1121964,11,,,1,67,,1121968,11,,,1,26,,1094642,11,,,1,68,,1121979,11,,,1,30,,1121969,11,0,45,1,70,,1095941,11,,,1,32,,1121971,11,0,45,1,99,,1121987,11,0,45,1,104,,1121988,11,0,45,1
1901,'12',623,,1122007,11,0,45,1,31,,1121992,11,0,45,1,71,,1122019,11,0,45,1,18,,1122025,11,0,45,1,68,,1122017,11,,,1,30,,1122018,11,,,1,72,,1122009,11,,,1,30,,1121994,11,,,1,65,,1122004,11,,,1,29,,1122023,11,,,1,70,,1122022,11,,,1,31,,1122024,11,,,1,70,,1074896,11,,,1,30,,1122014,11,,,1,73,,1121997,11,,,1,30,,1122001,11,,,1,70,,1122021,11,,,1,35,,1122002,11,,,1,73,,1122020,11,,,1,28,,1122003,11,,,1,73,,1121998,11,,,1,29,,1122015,11,,,1,70,,1121993,11,,,1,29,,1122005,11,,,1,69,,1122013,11,,,1,30,,1121999,11,,,1,66,,1122000,11,,,1,29,,1122011,11,,,1,67,,1121991,11,,,1,26,,1121996,11,,,1,68,,1121995,11,,,1,30,,1122010,11,0,45,1,70,,1122008,11,,,1,32,,1122006,11,0,45,1,99,,1122012,11,0,45,1,104,,1122016,11,0,45,1
1901,'13',900,,1122048,11,,,1,30,,1122049,11,,,1,71,,1122026,11,,,1,31,,1122044,11,,,1,70,,1122027,11,,,1,30,,1122040,11,,,1,70,,1122045,11,,,1,30,,1122030,11,,,1,70,,1122038,11,,,1,30,,1082583,11,,,1,70,,1067234,11,,,1,30,,1122041,11,,,1,70,,1122042,11,,,1,30,,1122046,11,,,1,70,,1122035,11,,,1,30,,1122029,11,,,1,70,,1122034,11,,,1,30,,1122031,11,,,1,70,,1122047,11,,,1,30,,1122032,11,,,1,70,,1122043,11,,,1,30,,1029401,11,0,45,1,70,,1122037,11,0,45,1,29,,1122036,11,0,45,1,70,,1122033,11,0,45,1,30,,1122028,11,0,45,1,99,,1122039,11,0,45,1,100,,1098977,11,0,45,1
1901,'14',623,,1122071,11,0,45,1,31,,1122075,11,0,45,1,71,,1122078,11,0,45,1,18,,1122066,11,0,45,1,68,,1122053,11,,,1,30,,1122079,11,,,1,72,,1122059,11,,,1,30,,1122052,11,,,1,65,,1122060,11,,,1,29,,1122080,11,,,1,70,,1122058,11,,,1,31,,1122076,11,,,1,70,,1122074,11,,,1,30,,1122069,11,,,1,73,,1122063,11,,,1,30,,1122067,11,,,1,70,,1122057,11,,,1,35,,1122077,11,,,1,73,,1122085,11,,,1,28,,1122065,11,,,1,73,,1122070,11,,,1,29,,1122068,11,,,1,70,,1122082,11,,,1,29,,1122054,11,,,1,69,,1122055,11,,,1,30,,1122073,11,,,1,66,,1122084,11,,,1,29,,1122056,11,,,1,67,,1122061,11,,,1,26,,1122051,11,,,1,68,,1122072,11,,,1,30,,1122062,11,0,45,1,70,,1122050,11,,,1,32,,1122064,11,0,45,1,99,,1122081,11,0,45,1,104,,1122083,11,0,45,1
1901,'15',623,,1122088,11,0,45,1,31,,1122105,11,0,45,1,71,,1122111,11,0,45,1,18,,1122115,11,0,45,1,68,,1122096,11,,,1,30,,1122102,11,,,1,72,,1122112,11,,,1,30,,1122089,11,,,1,65,,1122106,11,,,1,29,,1122114,11,,,1,70,,1122118,11,,,1,31,,1122091,11,,,1,70,,1122103,11,,,1,30,,1122121,11,,,1,73,,1122109,11,,,1,30,,1122094,11,,,1,70,,1122098,11,,,1,35,,1122110,11,,,1,73,,1122086,11,,,1,28,,1122120,11,,,1,73,,1122108,11,,,1,29,,1122116,11,,,1,70,,1122100,11,,,1,29,,1122119,11,,,1,69,,1122104,11,,,1,30,,1122095,11,,,1,66,,1122090,11,,,1,29,,1122113,11,,,1,67,,1122097,11,,,1,26,,1122117,11,,,1,68,,1122099,11,,,1,30,,1122087,11,0,45,1,70,,1122101,11,,,1,32,,1122092,11,0,45,1,99,,1122093,11,0,45,1,104,,1122107,11,0,45,1
1901,'16',623,,1122137,11,0,45,1,31,,1122123,11,0,45,1,71,,1122148,11,0,45,1,18,,1100067,11,0,45,1,68,,1122146,11,,,1,30,,1122147,11,,,1,72,,1122139,11,,,1,30,,1063648,11,,,1,65,,1122134,11,,,1,29,,1122152,11,,,1,70,,1122151,11,,,1,31,,1095663,11,,,1,70,,1122125,11,,,1,30,,1122143,11,,,1,73,,1122127,11,,,1,30,,1122131,11,,,1,70,,1122150,11,,,1,35,,1122132,11,,,1,73,,1122149,11,,,1,28,,1122133,11,,,1,73,,1122128,11,,,1,29,,1122144,11,,,1,70,,1122124,11,,,1,29,,1122135,11,,,1,69,,1122142,11,,,1,30,,1122129,11,,,1,66,,1122130,11,,,1,29,,1122140,11,,,1,67,,1122122,11,,,1,26,,1122126,11,,,1,68,,1101624,11,,,1,30,,1083643,11,0,45,1,70,,1122138,11,,,1,32,,1122136,11,0,45,1,99,,1122141,11,0,45,1,104,,1122145,11,0,45,1
1901,'17',900,,1122179,11,,,1,30,,1122180,11,,,1,71,,1122153,11,,,1,31,,1122174,11,,,1,70,,1122154,11,,,1,30,,1122170,11,,,1,70,,1122175,11,,,1,30,,1122158,11,,,1,70,,1122168,11,,,1,30,,1122178,11,,,1,70,,1122160,11,,,1,30,,1122171,11,,,1,70,,1122172,11,,,1,30,,1122176,11,,,1,70,,1122165,11,,,1,30,,1122157,11,,,1,70,,1122164,11,,,1,30,,1122161,11,,,1,70,,1122177,11,,,1,30,,1122162,11,,,1,70,,1122173,11,,,1,30,,1122155,11,0,45,1,70,,1122167,11,0,45,1,29,,1122166,11,0,45,1,70,,1122163,11,0,45,1,30,,1122156,11,0,45,1,99,,1122169,11,0,45,1,100,,1122159,11,0,45,1
1901,'2',827,,1122195,11,,,1,30,,1122196,11,,,1,70,,1122182,11,,,1,31,,1122198,11,,,1,71,,1122187,11,,,1,30,,1122199,11,,,1,70,,1122194,11,,,1,30,,1122188,11,,,1,70,,1122200,11,,,1,30,,1122203,11,,,1,70,,1122209,11,,,1,30,,1054758,11,,,1,70,,1122184,11,,,1,30,,1122192,11,,,1,70,,1122208,11,,,1,30,,1122183,11,,,1,70,,1122190,11,,,1,30,,1122202,11,,,1,70,,1122186,11,,,1,30,,1122205,11,,,1,70,,1122197,11,,,1,30,,1122189,11,,,1,70,,1122207,11,,,1,30,,1122206,11,,,1,69,,1122201,11,,,1,30,,1122191,11,,,1,70,,1122204,11,0,45,1,99,,1122181,11,0,45,1,100,,1122193,11,0,45,1,100,,1122185,11,0,45,1
1901,'3',900,,1122236,11,,,1,30,,1122237,11,,,1,71,,1122210,11,,,1,31,,1122231,11,,,1,70,,1122211,11,,,1,30,,1122227,11,,,1,70,,1122232,11,,,1,30,,1122215,11,,,1,70,,1122225,11,,,1,30,,1122235,11,,,1,70,,1122217,11,,,1,30,,1122228,11,,,1,70,,1122229,11,,,1,30,,1122233,11,,,1,70,,1122222,11,,,1,30,,1122214,11,,,1,70,,1122221,11,,,1,30,,1122218,11,,,1,70,,1122234,11,,,1,30,,1122219,11,,,1,70,,1122230,11,,,1,30,,1122212,11,0,45,1,70,,1122224,11,0,45,1,29,,1122223,11,0,45,1,70,,1122220,11,0,45,1,30,,1122213,11,0,45,1,99,,1122226,11,0,45,1,100,,1122216,11,0,45,1
1901,'4',900,,1122263,11,,,1,30,,1122264,11,,,1,71,,1122252,11,,,1,31,,1122245,11,,,1,70,,1122240,11,,,1,30,,1122241,11,,,1,70,,1122259,11,,,1,30,,1074855,11,,,1,70,,1122249,11,,,1,30,,1122250,11,,,1,70,,1122247,11,,,1,30,,1122253,11,,,1,70,,1122243,11,,,1,30,,1122238,11,,,1,70,,1122256,11,,,1,30,,1122244,11,,,1,70,,1122258,11,,,1,30,,1122248,11,,,1,70,,1122239,11,,,1,30,,1122251,11,,,1,70,,1122254,11,,,1,30,,1122246,11,0,45,1,70,,1122260,11,0,45,1,29,,1122242,11,0,45,1,70,,1122262,11,0,45,1,30,,1122257,11,0,45,1,99,,1122261,11,0,45,1,100,,1122255,11,0,45,1
1901,'5',623,,1122281,11,0,45,1,31,,1122285,11,0,45,1,71,,1122287,11,0,45,1,18,,1122276,11,0,45,1,68,,1122265,11,,,1,30,,1122288,11,,,1,72,,1122270,11,,,1,30,,965970,11,,,1,65,,1009458,11,,,1,29,,1122289,11,,,1,70,,1122269,11,,,1,31,,1122286,11,,,1,70,,1122284,11,,,1,30,,1122279,11,,,1,73,,1122273,11,,,1,30,,1122277,11,,,1,70,,1122268,11,,,1,35,,969288,11,,,1,73,,1122293,11,,,1,28,,1122275,11,,,1,73,,1122280,11,,,1,29,,1122278,11,,,1,70,,980201,11,,,1,29,,1122266,11,,,1,69,,1019074,11,,,1,30,,1122283,11,,,1,66,,1122292,11,,,1,29,,1122267,11,,,1,67,,1122271,11,,,1,26,,1094577,11,,,1,68,,1122282,11,,,1,30,,1122272,11,0,45,1,70,,1095886,11,,,1,32,,1122274,11,0,45,1,99,,1122290,11,0,45,1,104,,1122291,11,0,45,1
1901,'6',623,,1122306,11,0,45,1,31,,1055012,11,0,45,1,71,,1122318,11,0,45,1,18,,1122322,11,0,45,1,68,,1122316,11,,,1,30,,1122317,11,,,1,72,,1122308,11,,,1,30,,1122294,11,,,1,65,,1122304,11,,,1,29,,1064983,11,,,1,70,,1122320,11,,,1,31,,1122321,11,,,1,70,,1122296,11,,,1,30,,1122313,11,,,1,73,,995722,11,,,1,30,,1122301,11,,,1,70,,1122319,11,,,1,35,,1122302,11,,,1,73,,1034292,11,,,1,28,,1122303,11,,,1,73,,1122298,11,,,1,29,,1122314,11,,,1,70,,1027913,11,,,1,29,,1122305,11,,,1,69,,1122312,11,,,1,30,,1122299,11,,,1,66,,1122300,11,,,1,29,,1122310,11,,,1,67,,971018,11,,,1,26,,1122297,11,,,1,68,,1122295,11,,,1,30,,1122309,11,0,45,1,70,,1122307,11,,,1,32,,1063754,11,0,45,1,99,,1122311,11,0,45,1,104,,1122315,11,0,45,1
1901,'7',827,,1122352,11,,,1,30,,1122332,11,,,1,70,,1122350,11,,,1,31,,1122324,11,,,1,71,,1122349,11,,,1,30,,1122323,11,,,1,70,,1122339,11,,,1,30,,1122329,11,,,1,70,,1122335,11,,,1,30,,1122328,11,,,1,70,,1122348,11,,,1,30,,1122334,11,,,1,70,,1122327,11,,,1,30,,1122351,11,,,1,70,,1122345,11,,,1,30,,1122337,11,,,1,70,,1122325,11,,,1,30,,1122343,11,,,1,70,,1122331,11,,,1,30,,1122347,11,,,1,70,,1122326,11,,,1,30,,1122330,11,,,1,70,,1122336,11,,,1,30,,1122346,11,,,1,69,,1122340,11,,,1,30,,1122341,11,,,1,70,,1122342,11,0,45,1,99,,1122333,11,0,45,1,100,,1122344,11,0,45,1,100,,1122338,11,0,45,1
1901,'8',623,,1122370,11,0,45,1,31,,1122354,11,0,45,1,71,,1122382,11,0,45,1,18,,1122388,11,0,45,1,68,,1122380,11,,,1,30,,1122381,11,,,1,72,,1122372,11,,,1,30,,1122356,11,,,1,65,,1122367,11,,,1,29,,1122386,11,,,1,70,,1122385,11,,,1,31,,1122387,11,,,1,70,,1122358,11,,,1,30,,1122377,11,,,1,73,,1122360,11,,,1,30,,1122364,11,,,1,70,,1122384,11,,,1,35,,1122365,11,,,1,73,,1122383,11,,,1,28,,1122366,11,,,1,73,,1122361,11,,,1,29,,1122378,11,,,1,70,,1122355,11,,,1,29,,1122368,11,,,1,69,,1122376,11,,,1,30,,1122362,11,,,1,66,,1122363,11,,,1,29,,1122374,11,,,1,67,,1122353,11,,,1,26,,1122359,11,,,1,68,,1122357,11,,,1,30,,1122373,11,0,45,1,70,,1122371,11,,,1,32,,1122369,11,0,45,1,99,,1122375,11,0,45,1,104,,1122379,11,0,45,1
1901,'9',623,,1122405,11,0,45,1,31,,1122409,11,0,45,1,71,,1122411,11,0,45,1,18,,1122400,11,0,45,1,68,,1122389,11,,,1,30,,1122412,11,,,1,72,,1122394,11,,,1,30,,965928,11,,,1,65,,1009520,11,,,1,29,,1122413,11,,,1,70,,1122393,11,,,1,31,,1122410,11,,,1,70,,1122408,11,,,1,30,,1122403,11,,,1,73,,1122397,11,,,1,30,,1122401,11,,,1,70,,1122392,11,,,1,35,,969236,11,,,1,73,,1122417,11,,,1,28,,1122399,11,,,1,73,,1122404,11,,,1,29,,1122402,11,,,1,70,,980151,11,,,1,29,,1122390,11,,,1,69,,1019236,11,,,1,30,,1122407,11,,,1,66,,1122416,11,,,1,29,,1122391,11,,,1,67,,1122395,11,,,1,26,,1094480,11,,,1,68,,1122406,11,,,1,30,,1122396,11,0,45,1,70,,1095804,11,,,1,32,,1122398,11,0,45,1,99,,1122414,11,0,45,1,104,,1122415,11,0,45,1
