27701,'1',1542,,1067383,15,,,1,71,,1068872,15,,,1,31,,1197789,15,,,1,69,,1197788,15,,,1,30,,1197791,15,,,1,69,,1197787,15,,,1,30,,1197790,15,,,1
27701,'10',1542,,1067091,15,,,1,71,,1068727,15,,,1,31,,1197794,15,,,1,69,,1197793,15,,,1,30,,1197796,15,,,1,69,,1197792,15,,,1,30,,1197795,15,,,1
27701,'11',1542,,1067465,15,,,1,71,,1068914,15,,,1,31,,1197799,15,,,1,69,,1197798,15,,,1,30,,1197801,15,,,1,69,,1197797,15,,,1,30,,1197800,15,,,1
27701,'12',1542,,1197804,15,,,1,71,,1197803,15,,,1,31,,1197806,15,,,1,69,,1197802,15,,,1,30,,1027628,15,,,1,69,,1197807,15,,,1,30,,1197805,15,,,1
27701,'14',1542,,1197809,15,,,1,71,,1197808,15,,,1,31,,1197812,15,,,1,69,,1197811,15,,,1,30,,1197814,15,,,1,69,,1197810,15,,,1,30,,1197813,15,,,1
27701,'15',1542,,1197816,15,,,1,71,,1197817,15,,,1,31,,1197818,15,,,1,69,,1197819,15,,,1,30,,1197821,15,,,1,69,,1197815,15,,,1,30,,1197820,15,,,1
27701,'16',1542,,1197825,15,,,1,71,,1197824,15,,,1,31,,1197827,15,,,1,69,,1197823,15,,,1,30,,1197822,15,,,1,69,,1197828,15,,,1,30,,1197826,15,,,1
27701,'5',1542,,1067342,15,,,1,71,,1068852,15,,,1,31,,1197831,15,,,1,69,,1197830,15,,,1,30,,1197833,15,,,1,69,,1197829,15,,,1,30,,1197832,15,,,1
27701,'6',1542,,1197837,15,,,1,71,,1197836,15,,,1,31,,1197839,15,,,1,69,,1197835,15,,,1,30,,1197834,15,,,1,69,,1197840,15,,,1,30,,1197838,15,,,1
27701,'8',1542,,1197844,15,,,1,71,,1197843,15,,,1,31,,1197846,15,,,1,69,,1197842,15,,,1,30,,1197841,15,,,1,69,,1197847,15,,,1,30,,1197845,15,,,1
27701,'9',1542,,1067183,15,,,1,71,,1068770,15,,,1,31,,1197850,15,,,1,69,,1197849,15,,,1,30,,1197852,15,,,1,69,,1197848,15,,,1,30,,1197851,15,,,1
65901,'1',1527,,1199690,13,,,1,7,,1199692,13,,,1,6,,1199689,13,,,1
65901,'10',1527,,1199694,13,,,1,7,,1199696,13,,,1,6,,1199693,13,,,1
65901,'11',1527,,1199698,13,,,1,7,,1199700,13,,,1,6,,1199697,13,,,1
65901,'12',1527,,1199704,13,,,1,7,,1199703,13,,,1,6,,1199705,13,,,1
65901,'14',1527,,1199708,13,,,1,7,,1199710,13,,,1,6,,1199707,13,,,1
65901,'15',1527,,1199714,13,,,1,7,,1199715,13,,,1,6,,1199712,13,,,1
65901,'16',1527,,1199719,13,,,1,7,,1199718,13,,,1,6,,1199720,13,,,1
65901,'5',1527,,1199722,13,,,1,7,,1199724,13,,,1,6,,1199721,13,,,1
65901,'6',1527,,1199727,13,,,1,7,,1199726,13,,,1,6,,1091995,13,,,1
65901,'8',1527,,1199731,13,,,1,7,,1199730,13,,,1,6,,1199732,13,,,1
65901,'9',1527,,1199734,13,,,1,7,,1199736,13,,,1,6,,1199733,13,,,1
