9000,'1',641,,1177074,42,0,41,1,71,,1177089,42,0,41,1,15,,1177092,42,0,41,1,15,,1177049,42,0,41,1,9,,1177064,14,,,1,7,,1177090,42,0,41,1,54,,1177082,42,0,41,1,15,,1177058,42,0,41,1,15,,1177087,42,0,41,1,15,,1177070,42,0,41,1,55,,1177073,42,0,41,1,15,,1177075,42,0,41,1,14,,1177076,42,0,41,1,18,,1012330,42,0,41,1,55,,1177045,42,0,41,1,15,,1177065,42,0,41,1,15,,1177059,42,0,41,1,15,,1177054,42,0,41,1,55,,1177053,42,0,41,1,15,,1177051,42,0,41,1,15,,1177086,42,0,41,1,15,,1177050,42,0,41,1,55,,1080755,42,0,41,1,15,,1177091,42,0,41,1,16,,1177079,42,0,41,1,55,,1177046,42,0,41,1,15,,1177088,42,0,41,1,15,,1177083,42,0,41,1,15,,1177081,42,0,41,1,55,,1177084,42,0,41,1,15,,1177042,42,0,41,1,15,,1177048,42,0,41,1,15,,1177077,42,0,41,1,56,,1177061,42,0,41,1,30,,1045867,42,0,41,1,18,,1177072,42,0,41,1,53,,1177052,42,0,41,1,17,,1177062,42,0,41,1,13,,1177043,42,0,41,1,17,,1177041,42,0,41,1,55,,1177057,42,0,41,1,15,,1177044,42,0,41,1,15,,1177063,42,0,41,1,14,,1177039,42,0,41,1,54,,1177040,42,0,41,1,14,,1177066,42,0,41,1,14,,1177038,42,0,41,1,14,,1177071,42,0,41,1,11,,1177047,42,0,41,1,70,,1177060,42,0,41,1,30,,1177068,42,0,41,1,70,,1177080,42,0,41,1,30,,1177085,42,0,41,1,70,,1177078,42,0,41,1,30,,1071925,42,0,41,1,70,,1081660,42,0,41,1,29,,1177069,42,0,41,1,70,,1177055,42,0,41,1,27,,957167,42,0,41,1,70,,1177056,42,0,41,1,30,,1177067,42,0,41,1
9000,'10',641,,1177129,42,0,41,1,71,,1177144,42,0,41,1,15,,1177147,42,0,41,1,15,,1177104,42,0,41,1,9,,1177119,14,,,1,7,,1177145,42,0,41,1,54,,1177137,42,0,41,1,15,,1177113,42,0,41,1,15,,1177142,42,0,41,1,15,,1177125,42,0,41,1,55,,1177128,42,0,41,1,15,,1177130,42,0,41,1,14,,1177131,42,0,41,1,18,,1012413,42,0,41,1,55,,1177100,42,0,41,1,15,,1177120,42,0,41,1,15,,1177114,42,0,41,1,15,,1177109,42,0,41,1,55,,1177108,42,0,41,1,15,,1177106,42,0,41,1,15,,1177141,42,0,41,1,15,,1177105,42,0,41,1,55,,1080582,42,0,41,1,15,,1177146,42,0,41,1,16,,1177134,42,0,41,1,55,,1177101,42,0,41,1,15,,1177143,42,0,41,1,15,,1177138,42,0,41,1,15,,1177136,42,0,41,1,55,,1177139,42,0,41,1,15,,1177097,42,0,41,1,15,,1177103,42,0,41,1,15,,1177132,42,0,41,1,56,,1177116,42,0,41,1,30,,1045910,42,0,41,1,18,,1177127,42,0,41,1,53,,1177107,42,0,41,1,17,,1177117,42,0,41,1,13,,1177098,42,0,41,1,17,,1177096,42,0,41,1,55,,1177112,42,0,41,1,15,,1177099,42,0,41,1,15,,1177118,42,0,41,1,14,,1177094,42,0,41,1,54,,1177095,42,0,41,1,14,,1177121,42,0,41,1,14,,1177093,42,0,41,1,14,,1177126,42,0,41,1,11,,1177102,42,0,41,1,70,,1177115,42,0,41,1,30,,1177123,42,0,41,1,70,,1177135,42,0,41,1,30,,1177140,42,0,41,1,70,,1177133,42,0,41,1,30,,1071779,42,0,41,1,70,,1081468,42,0,41,1,29,,1177124,42,0,41,1,70,,1177110,42,0,41,1,27,,957021,42,0,41,1,70,,1177111,42,0,41,1,30,,1177122,42,0,41,1
9000,'11',641,,1177184,42,0,41,1,71,,1177199,42,0,41,1,15,,1177202,42,0,41,1,15,,1177159,42,0,41,1,9,,1177174,14,,,1,7,,1177200,42,0,41,1,54,,1177192,42,0,41,1,15,,1177168,42,0,41,1,15,,1177197,42,0,41,1,15,,1177180,42,0,41,1,55,,1177183,42,0,41,1,15,,1177185,42,0,41,1,14,,1177186,42,0,41,1,18,,1012307,42,0,41,1,55,,1177155,42,0,41,1,15,,1177175,42,0,41,1,15,,1177169,42,0,41,1,15,,1177164,42,0,41,1,55,,1177163,42,0,41,1,15,,1177161,42,0,41,1,15,,1177196,42,0,41,1,15,,1177160,42,0,41,1,55,,1080812,42,0,41,1,15,,1177201,42,0,41,1,16,,1177189,42,0,41,1,55,,1177156,42,0,41,1,15,,1177198,42,0,41,1,15,,1177193,42,0,41,1,15,,1177191,42,0,41,1,55,,1177194,42,0,41,1,15,,1177152,42,0,41,1,15,,1177158,42,0,41,1,15,,1177187,42,0,41,1,56,,1177171,42,0,41,1,30,,1045856,42,0,41,1,18,,1177182,42,0,41,1,53,,1177162,42,0,41,1,17,,1177172,42,0,41,1,13,,1177153,42,0,41,1,17,,1177151,42,0,41,1,55,,1177167,42,0,41,1,15,,1177154,42,0,41,1,15,,1177173,42,0,41,1,14,,1177149,42,0,41,1,54,,1177150,42,0,41,1,14,,1177176,42,0,41,1,14,,1177148,42,0,41,1,14,,1177181,42,0,41,1,11,,1177157,42,0,41,1,70,,1177170,42,0,41,1,30,,1177178,42,0,41,1,70,,1177190,42,0,41,1,30,,1177195,42,0,41,1,70,,1177188,42,0,41,1,30,,1071971,42,0,41,1,70,,1081717,42,0,41,1,29,,1177179,42,0,41,1,70,,1177165,42,0,41,1,27,,957146,42,0,41,1,70,,1177166,42,0,41,1,30,,1177177,42,0,41,1
9000,'12',641,,1177208,42,0,41,1,71,,1177236,42,0,41,1,15,,1177239,42,0,41,1,15,,1177234,42,0,41,1,9,,1177221,14,,,1,7,,1177245,42,0,41,1,54,,1177251,42,0,41,1,15,,1177228,42,0,41,1,15,,1177217,42,0,41,1,15,,1085926,42,0,41,1,55,,1177223,42,0,41,1,15,,1177237,42,0,41,1,14,,1177241,42,0,41,1,18,,1177238,42,0,41,1,55,,1177248,42,0,41,1,15,,1177250,42,0,41,1,15,,1177246,42,0,41,1,15,,1177226,42,0,41,1,55,,1094079,42,0,41,1,15,,1177215,42,0,41,1,15,,1001500,42,0,41,1,15,,1177218,42,0,41,1,55,,1177242,42,0,41,1,15,,1177229,42,0,41,1,16,,1177225,42,0,41,1,55,,1177233,42,0,41,1,15,,1177205,42,0,41,1,15,,1177206,42,0,41,1,15,,1080439,42,0,41,1,55,,1177211,42,0,41,1,15,,1177219,42,0,41,1,15,,1177207,42,0,41,1,15,,1096099,42,0,41,1,56,,1072801,42,0,41,1,30,,1100209,42,0,41,1,18,,1177255,42,0,41,1,53,,1177203,42,0,41,1,17,,1177232,42,0,41,1,13,,1177230,42,0,41,1,17,,1177224,42,0,41,1,55,,1177243,42,0,41,1,15,,1177227,42,0,41,1,15,,1177247,42,0,41,1,14,,1177210,42,0,41,1,54,,1177204,42,0,41,1,14,,1177214,42,0,41,1,14,,1177253,42,0,41,1,14,,1177254,42,0,41,1,11,,1177252,42,0,41,1,70,,1177220,42,0,41,1,30,,1177209,42,0,41,1,70,,1177244,42,0,41,1,30,,1177231,42,0,41,1,70,,1177249,42,0,41,1,30,,1177240,42,0,41,1,70,,1177235,42,0,41,1,29,,1177222,42,0,41,1,70,,1008172,42,0,41,1,27,,1177213,42,0,41,1,70,,1177216,42,0,41,1,30,,1177212,42,0,41,1
9000,'13',724,,1177272,42,0,41,1,30,,1177261,42,0,41,1,70,,1177259,42,0,41,1,30,,1177269,42,0,41,1,70,,1024002,42,0,41,1,30,,1177257,42,0,41,1,71,,1177281,42,0,41,1,30,,1177274,42,0,41,1,70,,1177278,42,0,41,1,30,,1177263,42,0,41,1,70,,1177265,42,0,41,1,30,,1177273,42,0,41,1,70,,1177267,42,0,41,1,30,,1177280,42,0,41,1,72,,1177282,42,0,41,1,30,,1177271,42,0,41,1,70,,1030204,42,0,41,1,30,,1101325,42,0,41,1,70,,1044844,42,0,41,1,30,,1177264,42,0,41,1,70,,1177275,42,0,41,1,30,,1177260,42,0,41,1,69,,1177268,42,0,41,1,30,,1177270,42,0,41,1,70,,1177258,42,0,41,1,30,,1177266,42,0,41,1,69,,1177277,42,0,41,1,30,,1177276,42,0,41,1,70,,1177283,42,0,41,1,30,,1073560,42,0,41,1,70,,1177256,42,0,41,1,30,,1177262,42,0,41,1,70,,1177279,42,0,41,1
9000,'14',641,,1177323,42,0,41,1,71,,1177338,42,0,41,1,15,,1177344,42,0,41,1,15,,1177298,42,0,41,1,9,,1177313,14,,,1,7,,1177340,42,0,41,1,54,,1177331,42,0,41,1,15,,1177307,42,0,41,1,15,,1177336,42,0,41,1,15,,1177319,42,0,41,1,55,,1177322,42,0,41,1,15,,1177324,42,0,41,1,14,,1177325,42,0,41,1,18,,1177339,42,0,41,1,55,,1177294,42,0,41,1,15,,1177314,42,0,41,1,15,,1177308,42,0,41,1,15,,1177303,42,0,41,1,55,,1177302,42,0,41,1,15,,1177300,42,0,41,1,15,,1177335,42,0,41,1,15,,1177299,42,0,41,1,55,,1177342,42,0,41,1,15,,1177341,42,0,41,1,16,,1177328,42,0,41,1,55,,1177295,42,0,41,1,15,,1177337,42,0,41,1,15,,1177332,42,0,41,1,15,,1177330,42,0,41,1,55,,1177333,42,0,41,1,15,,1177291,42,0,41,1,15,,1177297,42,0,41,1,15,,1177326,42,0,41,1,56,,1177310,42,0,41,1,30,,1177284,42,0,41,1,18,,1177321,42,0,41,1,53,,1177301,42,0,41,1,17,,1177311,42,0,41,1,13,,1177292,42,0,41,1,17,,1177289,42,0,41,1,55,,1177306,42,0,41,1,15,,1177293,42,0,41,1,15,,1177312,42,0,41,1,14,,1177287,42,0,41,1,54,,1177288,42,0,41,1,14,,1177315,42,0,41,1,14,,1177286,42,0,41,1,14,,1177320,42,0,41,1,11,,1177296,42,0,41,1,70,,1177309,42,0,41,1,30,,1177317,42,0,41,1,70,,1177329,42,0,41,1,30,,1177334,42,0,41,1,70,,1177327,42,0,41,1,30,,1177290,42,0,41,1,70,,1177285,42,0,41,1,29,,1177318,42,0,41,1,70,,1177304,42,0,41,1,27,,1177343,42,0,41,1,70,,1177305,42,0,41,1,30,,1177316,42,0,41,1
9000,'15',641,,1177402,42,0,41,1,71,,1177404,42,0,41,1,15,,1177368,42,0,41,1,15,,1177367,42,0,41,1,9,,1177356,14,,,1,7,,1177359,42,0,41,1,54,,1177348,42,0,41,1,15,,1177371,42,0,41,1,15,,1177384,42,0,41,1,15,,1177387,42,0,41,1,55,,1177365,42,0,41,1,15,,1177354,42,0,41,1,14,,1177388,42,0,41,1,18,,1177378,42,0,41,1,55,,1177351,42,0,41,1,15,,1177375,42,0,41,1,15,,1177345,42,0,41,1,15,,1177366,42,0,41,1,55,,1177397,42,0,41,1,15,,1177390,42,0,41,1,15,,1177373,42,0,41,1,15,,1177396,42,0,41,1,55,,1177398,42,0,41,1,15,,1177353,42,0,41,1,16,,1177380,42,0,41,1,55,,1177355,42,0,41,1,15,,1177401,42,0,41,1,15,,1177395,42,0,41,1,15,,1177377,42,0,41,1,55,,1177352,42,0,41,1,15,,1177403,42,0,41,1,15,,1177358,42,0,41,1,15,,1177383,42,0,41,1,56,,1177405,42,0,41,1,30,,1177389,42,0,41,1,18,,1177346,42,0,41,1,53,,1177372,42,0,41,1,17,,1177399,42,0,41,1,13,,1177386,42,0,41,1,17,,1177369,42,0,41,1,55,,1177361,42,0,41,1,15,,1177381,42,0,41,1,15,,1177376,42,0,41,1,14,,1177394,42,0,41,1,54,,1177362,42,0,41,1,14,,1177379,42,0,41,1,14,,1177347,42,0,41,1,14,,1177349,42,0,41,1,11,,1177391,42,0,41,1,70,,1177393,42,0,41,1,30,,1177392,42,0,41,1,70,,1177370,42,0,41,1,30,,1177363,42,0,41,1,70,,1177374,42,0,41,1,30,,1177364,42,0,41,1,70,,1177385,42,0,41,1,29,,1177400,42,0,41,1,70,,1177350,42,0,41,1,27,,1177357,42,0,41,1,70,,1177360,42,0,41,1,30,,1177382,42,0,41,1
9000,'16',641,,1177414,42,0,41,1,71,,1177439,42,0,41,1,15,,1177443,42,0,41,1,15,,1177437,42,0,41,1,9,,1177425,14,,,1,7,,1177449,42,0,41,1,54,,1177455,42,0,41,1,15,,1064155,42,0,41,1,15,,1177421,42,0,41,1,15,,1177406,42,0,41,1,55,,1177427,42,0,41,1,15,,1177440,42,0,41,1,14,,1177445,42,0,41,1,18,,1177441,42,0,41,1,55,,1177452,42,0,41,1,15,,1177454,42,0,41,1,15,,1177450,42,0,41,1,15,,1177430,42,0,41,1,55,,1177442,42,0,41,1,15,,1177419,42,0,41,1,15,,1177410,42,0,41,1,15,,1177422,42,0,41,1,55,,1177446,42,0,41,1,15,,1177432,42,0,41,1,16,,1177429,42,0,41,1,55,,1177436,42,0,41,1,15,,1079869,42,0,41,1,15,,1177412,42,0,41,1,15,,1177415,42,0,41,1,55,,956132,42,0,41,1,15,,1177423,42,0,41,1,15,,1177413,42,0,41,1,15,,1177460,42,0,41,1,56,,1177411,42,0,41,1,30,,1177409,42,0,41,1,18,,1177459,42,0,41,1,53,,1068408,42,0,41,1,17,,1177435,42,0,41,1,13,,1177433,42,0,41,1,17,,1177428,42,0,41,1,55,,1177447,42,0,41,1,15,,1177431,42,0,41,1,15,,1177451,42,0,41,1,14,,1177417,42,0,41,1,54,,1177408,42,0,41,1,14,,1072645,42,0,41,1,14,,1177457,42,0,41,1,14,,1177458,42,0,41,1,11,,1177456,42,0,41,1,70,,1177424,42,0,41,1,30,,1177416,42,0,41,1,70,,1177448,42,0,41,1,30,,1177434,42,0,41,1,70,,1177453,42,0,41,1,30,,1177444,42,0,41,1,70,,1177438,42,0,41,1,29,,1177426,42,0,41,1,70,,1177407,42,0,41,1,27,,1076678,42,0,41,1,70,,1177420,42,0,41,1,30,,1177418,42,0,41,1
9000,'17',724,,1177481,42,0,41,1,30,,1177469,42,0,41,1,70,,1177467,42,0,41,1,30,,1177478,42,0,41,1,70,,1177461,42,0,41,1,30,,1177465,42,0,41,1,71,,1177490,42,0,41,1,30,,1177483,42,0,41,1,70,,1177487,42,0,41,1,30,,1177471,42,0,41,1,70,,1177473,42,0,41,1,30,,1177482,42,0,41,1,70,,1177476,42,0,41,1,30,,1177489,42,0,41,1,72,,1177491,42,0,41,1,30,,1177480,42,0,41,1,70,,1177462,42,0,41,1,30,,1177474,42,0,41,1,70,,1177492,42,0,41,1,30,,1177472,42,0,41,1,70,,1177484,42,0,41,1,30,,1177468,42,0,41,1,69,,1177477,42,0,41,1,30,,1177479,42,0,41,1,70,,1177466,42,0,41,1,30,,1177475,42,0,41,1,69,,1177486,42,0,41,1,30,,1177485,42,0,41,1,70,,1177493,42,0,41,1,30,,1177463,42,0,41,1,70,,1177464,42,0,41,1,30,,1177470,42,0,41,1,70,,1177488,42,0,41,1
9000,'2',745,,1177495,42,0,41,1,70,,1177517,42,0,41,1,30,,1073739,42,0,41,1,70,,1177510,42,0,41,1,30,,1177503,42,0,41,1,70,,1177506,42,0,41,1,32,,1177518,42,0,41,1,70,,1177520,42,0,41,1,30,,1177497,42,0,41,1,70,,1177523,42,0,41,1,30,,1177507,42,0,41,1,70,,1177498,42,0,41,1,30,,1177522,42,0,41,1,70,,1100844,42,0,41,1,32,,1177513,42,0,41,1,70,,1177519,42,0,41,1,30,,1177496,42,0,41,1,70,,1177502,42,0,41,1,30,,1177509,42,0,41,1,70,,1177521,42,0,41,1,30,,1177501,42,0,41,1,71,,1177508,42,0,41,1,28,,1177504,42,0,41,1,70,,1021648,42,0,41,1,30,,1177524,42,0,41,1,70,,1177516,42,0,41,1,29,,1177499,42,0,41,1,70,,1177511,42,0,41,1,30,,1177505,42,0,41,1,70,,1177500,42,0,41,1,30,,1177514,42,0,41,1,70,,1177512,42,0,41,1,30,,1177494,42,0,41,1,70,,1177515,42,0,41,1
9000,'3',724,,1177545,42,0,41,1,30,,1177533,42,0,41,1,70,,1177531,42,0,41,1,30,,1177542,42,0,41,1,70,,1177525,42,0,41,1,30,,1177529,42,0,41,1,71,,1177554,42,0,41,1,30,,1177547,42,0,41,1,70,,1177551,42,0,41,1,30,,1177535,42,0,41,1,70,,1177537,42,0,41,1,30,,1177546,42,0,41,1,70,,1177540,42,0,41,1,30,,1177553,42,0,41,1,72,,1177555,42,0,41,1,30,,1177544,42,0,41,1,70,,1177526,42,0,41,1,30,,1177538,42,0,41,1,70,,1177556,42,0,41,1,30,,1177536,42,0,41,1,70,,1177548,42,0,41,1,30,,1177532,42,0,41,1,69,,1177541,42,0,41,1,30,,1177543,42,0,41,1,70,,1177530,42,0,41,1,30,,1177539,42,0,41,1,69,,1177550,42,0,41,1,30,,1177549,42,0,41,1,70,,1177557,42,0,41,1,30,,1177527,42,0,41,1,70,,1177528,42,0,41,1,30,,1177534,42,0,41,1,70,,1177552,42,0,41,1
9000,'4',724,,1177571,42,0,41,1,30,,1177574,42,0,41,1,70,,1177572,42,0,41,1,30,,1177563,42,0,41,1,70,,1177564,42,0,41,1,30,,1177569,42,0,41,1,71,,1177579,42,0,41,1,30,,1177580,42,0,41,1,70,,1177576,42,0,41,1,30,,1177559,42,0,41,1,70,,995812,42,0,41,1,30,,1177570,42,0,41,1,70,,1177568,42,0,41,1,30,,1055317,42,0,41,1,72,,1177566,42,0,41,1,30,,1177578,42,0,41,1,70,,1177582,42,0,41,1,30,,1037593,42,0,41,1,70,,1177558,42,0,41,1,30,,1177565,42,0,41,1,70,,1177577,42,0,41,1,30,,1177584,42,0,41,1,69,,1177575,42,0,41,1,30,,1177560,42,0,41,1,70,,1177583,42,0,41,1,30,,997298,42,0,41,1,69,,996619,42,0,41,1,30,,1177573,42,0,41,1,70,,1177567,42,0,41,1,30,,1177581,42,0,41,1,70,,1177562,42,0,41,1,30,,1177561,42,0,41,1,70,,1177585,42,0,41,1
9000,'5',641,,1177622,42,0,41,1,71,,1177637,42,0,41,1,15,,1177640,42,0,41,1,15,,1177597,42,0,41,1,9,,1177612,14,,,1,7,,1177638,42,0,41,1,54,,1177630,42,0,41,1,15,,1177606,42,0,41,1,15,,1177635,42,0,41,1,15,,1177618,42,0,41,1,55,,1177621,42,0,41,1,15,,1177623,42,0,41,1,14,,1177624,42,0,41,1,18,,1012186,42,0,41,1,55,,1177593,42,0,41,1,15,,1177613,42,0,41,1,15,,1177607,42,0,41,1,15,,1177602,42,0,41,1,55,,1177601,42,0,41,1,15,,1177599,42,0,41,1,15,,1177634,42,0,41,1,15,,1177598,42,0,41,1,55,,1080725,42,0,41,1,15,,1177639,42,0,41,1,16,,1177627,42,0,41,1,55,,1177594,42,0,41,1,15,,1177636,42,0,41,1,15,,1177631,42,0,41,1,15,,1177629,42,0,41,1,55,,1177632,42,0,41,1,15,,1177590,42,0,41,1,15,,1177596,42,0,41,1,15,,1177625,42,0,41,1,56,,1177609,42,0,41,1,30,,1045813,42,0,41,1,18,,1177620,42,0,41,1,53,,1177600,42,0,41,1,17,,1177610,42,0,41,1,13,,1177591,42,0,41,1,17,,1177589,42,0,41,1,55,,1177605,42,0,41,1,15,,1177592,42,0,41,1,15,,1177611,42,0,41,1,14,,1177587,42,0,41,1,54,,1177588,42,0,41,1,14,,1177614,42,0,41,1,14,,1177586,42,0,41,1,14,,1177619,42,0,41,1,11,,1177595,42,0,41,1,70,,1177608,42,0,41,1,30,,1177616,42,0,41,1,70,,1177628,42,0,41,1,30,,1177633,42,0,41,1,70,,1177626,42,0,41,1,30,,1071901,42,0,41,1,70,,1081627,42,0,41,1,29,,1177617,42,0,41,1,70,,1177603,42,0,41,1,27,,957239,42,0,41,1,70,,1177604,42,0,41,1,30,,1177615,42,0,41,1
9000,'6',641,,1040112,42,0,41,1,71,,1177674,42,0,41,1,15,,1177678,42,0,41,1,15,,1177672,42,0,41,1,9,,1177660,14,,,1,7,,1177684,42,0,41,1,54,,1177690,42,0,41,1,15,,1177666,42,0,41,1,15,,1177656,42,0,41,1,15,,1177641,42,0,41,1,55,,1096522,42,0,41,1,15,,1177675,42,0,41,1,14,,1177680,42,0,41,1,18,,1177676,42,0,41,1,55,,1177687,42,0,41,1,15,,1177689,42,0,41,1,15,,1177685,42,0,41,1,15,,1177664,42,0,41,1,55,,1177677,42,0,41,1,15,,1177654,42,0,41,1,15,,1177646,42,0,41,1,15,,1177657,42,0,41,1,55,,1177681,42,0,41,1,15,,1177667,42,0,41,1,16,,1177663,42,0,41,1,55,,1177671,42,0,41,1,15,,1177644,42,0,41,1,15,,1177648,42,0,41,1,15,,1177649,42,0,41,1,55,,1177651,42,0,41,1,15,,1177658,42,0,41,1,15,,1003580,42,0,41,1,15,,1177695,42,0,41,1,56,,1177647,42,0,41,1,30,,1177645,42,0,41,1,18,,1177694,42,0,41,1,53,,1177642,42,0,41,1,17,,1177670,42,0,41,1,13,,1177668,42,0,41,1,17,,1177662,42,0,41,1,55,,1177682,42,0,41,1,15,,1177665,42,0,41,1,15,,1177686,42,0,41,1,14,,1073486,42,0,41,1,54,,1083316,42,0,41,1,14,,1177653,42,0,41,1,14,,1177692,42,0,41,1,14,,1177693,42,0,41,1,11,,1177691,42,0,41,1,70,,1177659,42,0,41,1,30,,1177650,42,0,41,1,70,,1177683,42,0,41,1,30,,1177669,42,0,41,1,70,,1177688,42,0,41,1,30,,1177679,42,0,41,1,70,,1177673,42,0,41,1,29,,1177661,42,0,41,1,70,,1177643,42,0,41,1,27,,1177652,42,0,41,1,70,,1177655,42,0,41,1,30,,1004815,42,0,41,1
9000,'7',745,,1177714,42,0,41,1,70,,1177729,42,0,41,1,30,,1177704,42,0,41,1,70,,1177725,42,0,41,1,30,,1177712,42,0,41,1,70,,1177696,42,0,41,1,32,,1177703,42,0,41,1,70,,1177717,42,0,41,1,30,,1177702,42,0,41,1,70,,1177707,42,0,41,1,30,,1177727,42,0,41,1,70,,1177719,42,0,41,1,30,,1177726,42,0,41,1,70,,1177722,42,0,41,1,32,,1177701,42,0,41,1,70,,1177728,42,0,41,1,30,,1177700,42,0,41,1,70,,1177721,42,0,41,1,30,,1177705,42,0,41,1,70,,1177710,42,0,41,1,30,,1177715,42,0,41,1,71,,1177698,42,0,41,1,28,,1177718,42,0,41,1,70,,1177716,42,0,41,1,30,,1177720,42,0,41,1,70,,1177711,42,0,41,1,29,,1177708,42,0,41,1,70,,1177713,42,0,41,1,30,,1177706,42,0,41,1,70,,1177723,42,0,41,1,30,,1177697,42,0,41,1,70,,1177699,42,0,41,1,30,,1177724,42,0,41,1,70,,1177709,42,0,41,1
9000,'8',641,,1177740,42,0,41,1,71,,1177769,42,0,41,1,15,,1177773,42,0,41,1,15,,1177767,42,0,41,1,9,,1177754,14,,,1,7,,1177779,42,0,41,1,54,,1177785,42,0,41,1,15,,1177761,42,0,41,1,15,,1177750,42,0,41,1,15,,1177730,42,0,41,1,55,,1177756,42,0,41,1,15,,1177770,42,0,41,1,14,,1177775,42,0,41,1,18,,1177771,42,0,41,1,55,,1177782,42,0,41,1,15,,1177784,42,0,41,1,15,,1177780,42,0,41,1,15,,1177759,42,0,41,1,55,,1177772,42,0,41,1,15,,1177748,42,0,41,1,15,,1177736,42,0,41,1,15,,1177751,42,0,41,1,55,,1177776,42,0,41,1,15,,1177762,42,0,41,1,16,,1177758,42,0,41,1,55,,1177766,42,0,41,1,15,,1177734,42,0,41,1,15,,1177738,42,0,41,1,15,,1177741,42,0,41,1,55,,1177744,42,0,41,1,15,,1177752,42,0,41,1,15,,1177739,42,0,41,1,15,,1177790,42,0,41,1,56,,1177737,42,0,41,1,30,,1177735,42,0,41,1,18,,1177789,42,0,41,1,53,,1177731,42,0,41,1,17,,1177765,42,0,41,1,13,,1177763,42,0,41,1,17,,1177757,42,0,41,1,55,,1177777,42,0,41,1,15,,1177760,42,0,41,1,15,,1177781,42,0,41,1,14,,1177743,42,0,41,1,54,,1177733,42,0,41,1,14,,1177747,42,0,41,1,14,,1177787,42,0,41,1,14,,1177788,42,0,41,1,11,,1177786,42,0,41,1,70,,1177753,42,0,41,1,30,,1177742,42,0,41,1,70,,1177778,42,0,41,1,30,,1177764,42,0,41,1,70,,1177783,42,0,41,1,30,,1177774,42,0,41,1,70,,1177768,42,0,41,1,29,,1177755,42,0,41,1,70,,1177732,42,0,41,1,27,,1177746,42,0,41,1,70,,1177749,42,0,41,1,30,,1177745,42,0,41,1
9000,'9',641,,1177827,42,0,41,1,71,,1177842,42,0,41,1,15,,1177845,42,0,41,1,15,,1177802,42,0,41,1,9,,1177817,14,,,1,7,,1177843,42,0,41,1,54,,1177835,42,0,41,1,15,,1177811,42,0,41,1,15,,1177840,42,0,41,1,15,,1177823,42,0,41,1,55,,1177826,42,0,41,1,15,,1177828,42,0,41,1,14,,1177829,42,0,41,1,18,,1012353,42,0,41,1,55,,1177798,42,0,41,1,15,,1177818,42,0,41,1,15,,1177812,42,0,41,1,15,,1177807,42,0,41,1,55,,1177806,42,0,41,1,15,,1177804,42,0,41,1,15,,1177839,42,0,41,1,15,,1177803,42,0,41,1,55,,1080636,42,0,41,1,15,,1177844,42,0,41,1,16,,1177832,42,0,41,1,55,,1177799,42,0,41,1,15,,1177841,42,0,41,1,15,,1177836,42,0,41,1,15,,1177834,42,0,41,1,55,,1177837,42,0,41,1,15,,1177795,42,0,41,1,15,,1177801,42,0,41,1,15,,1177830,42,0,41,1,56,,1177814,42,0,41,1,30,,1045878,42,0,41,1,18,,1177825,42,0,41,1,53,,1177805,42,0,41,1,17,,1177815,42,0,41,1,13,,1177796,42,0,41,1,17,,1177794,42,0,41,1,55,,1177810,42,0,41,1,15,,1177797,42,0,41,1,15,,1177816,42,0,41,1,14,,1177792,42,0,41,1,54,,1177793,42,0,41,1,14,,1177819,42,0,41,1,14,,1177791,42,0,41,1,14,,1177824,42,0,41,1,11,,1177800,42,0,41,1,70,,1177813,42,0,41,1,30,,1177821,42,0,41,1,70,,1177833,42,0,41,1,30,,1177838,42,0,41,1,70,,1177831,42,0,41,1,30,,1071829,42,0,41,1,70,,1081525,42,0,41,1,29,,1177822,42,0,41,1,70,,1177808,42,0,41,1,27,,957218,42,0,41,1,70,,1177809,42,0,41,1,30,,1177820,42,0,41,1
