4100,'1',445,,1138180,11,,,1,70,,983737,11,,,1,30,,1138152,11,,,1,55,,1082225,11,,,1,15,,1138177,11,,,1,15,,1099523,11,,,1,16,,1138145,11,,,1,55,,1138156,11,,,1,17,,1138141,11,,,1,16,,1138187,11,,,1,16,,1138174,11,,,1,58,,1138169,11,,,1,19,,1088785,11,,,1,16,,1138160,11,,,1,13,,1138150,11,,,1,55,,1138157,11,,,1,15,,1138148,11,,,1,15,,1138163,11,,,1,15,,1138151,11,,,1,55,,1138147,11,,,1,15,,1102624,11,,,1,15,,1138144,11,,,1,15,,1138189,11,,,1,55,,1138178,11,,,1,15,,1138140,11,,,1,16,,1138185,11,,,1,15,,1138182,11,,,1,55,,1079859,11,,,1,15,,1138171,11,,,1,15,,1072453,11,,,1,15,,1138184,11,,,1,55,,1138162,11,,,1,15,,1138168,11,,,1,15,,1079128,11,,,1,15,,1138159,11,,,1,71,,1138179,11,,,1,72,,1138170,11,,,1,17,,1138175,11,,,1,16,,1138161,11,,,1,14,,1138181,11,,,1,71,,1138167,11,,,1,30,,1138164,11,,,1,54,,1070601,11,,,1,15,,1138186,11,,,1,15,,1138166,11,,,1,15,,1138154,11,,,1,55,,1138183,11,,,1,15,,1138165,11,,,1,29,,1138139,11,,,1,69,,1138143,11,,,1,29,,1138172,11,,,1,67,,1138155,11,,,1,30,,1138176,11,,,1,70,,1138149,11,,,1,30,,1138142,11,,,1,69,,993993,11,,,1,30,,1138153,11,,,1,70,,1138146,11,,,1,30,,1138188,11,,,1,90,,1138173,11,,,1
4100,'10',445,,1138231,11,,,1,70,,983451,11,,,1,30,,1138203,11,,,1,55,,1082062,11,,,1,15,,1138228,11,,,1,15,,1099409,11,,,1,16,,1138196,11,,,1,55,,1138207,11,,,1,17,,1138192,11,,,1,16,,1138238,11,,,1,16,,1138225,11,,,1,58,,1138220,11,,,1,19,,1088380,11,,,1,16,,1138211,11,,,1,13,,1138201,11,,,1,55,,1138208,11,,,1,15,,1138199,11,,,1,15,,1138214,11,,,1,15,,1138202,11,,,1,55,,1138198,11,,,1,15,,1102618,11,,,1,15,,1138195,11,,,1,15,,1138240,11,,,1,55,,1138229,11,,,1,15,,1138191,11,,,1,16,,1138236,11,,,1,15,,1138233,11,,,1,55,,1079696,11,,,1,15,,1138222,11,,,1,15,,1072438,11,,,1,15,,1138235,11,,,1,55,,1138213,11,,,1,15,,1138219,11,,,1,15,,1078874,11,,,1,15,,1138210,11,,,1,71,,1138230,11,,,1,72,,1138221,11,,,1,17,,1138226,11,,,1,16,,1138212,11,,,1,14,,1138232,11,,,1,71,,1138218,11,,,1,30,,1138215,11,,,1,54,,1070415,11,,,1,15,,1138237,11,,,1,15,,1138217,11,,,1,15,,1138205,11,,,1,55,,1138234,11,,,1,15,,1138216,11,,,1,29,,1138190,11,,,1,69,,1138194,11,,,1,29,,1138223,11,,,1,67,,1138206,11,,,1,30,,1138227,11,,,1,70,,1138200,11,,,1,30,,1138193,11,,,1,69,,994175,11,,,1,30,,1138204,11,,,1,70,,1138197,11,,,1,30,,1138239,11,,,1,90,,1138224,11,,,1
4100,'11',445,,1138282,11,,,1,70,,983701,11,,,1,30,,1138254,11,,,1,55,,1082278,11,,,1,15,,1138279,11,,,1,15,,1099559,11,,,1,16,,1138247,11,,,1,55,,1138258,11,,,1,17,,1138243,11,,,1,16,,1138289,11,,,1,16,,1138276,11,,,1,58,,1138271,11,,,1,19,,1088906,11,,,1,16,,1138262,11,,,1,13,,1138252,11,,,1,55,,1138259,11,,,1,15,,1138250,11,,,1,15,,1138265,11,,,1,15,,1138253,11,,,1,55,,1138249,11,,,1,15,,1102626,11,,,1,15,,1138246,11,,,1,15,,1138291,11,,,1,55,,1138280,11,,,1,15,,1138242,11,,,1,16,,1138287,11,,,1,15,,1138284,11,,,1,55,,1079905,11,,,1,15,,1138273,11,,,1,15,,1072458,11,,,1,15,,1138286,11,,,1,55,,1138264,11,,,1,15,,1138270,11,,,1,15,,1079208,11,,,1,15,,1138261,11,,,1,71,,1138281,11,,,1,72,,1138272,11,,,1,17,,1138277,11,,,1,16,,1138263,11,,,1,14,,1138283,11,,,1,71,,1138269,11,,,1,30,,1138266,11,,,1,54,,1070655,11,,,1,15,,1138288,11,,,1,15,,1138268,11,,,1,15,,1138256,11,,,1,55,,1138285,11,,,1,15,,1138267,11,,,1,29,,1138241,11,,,1,69,,1138245,11,,,1,29,,1138274,11,,,1,67,,1138257,11,,,1,30,,1138278,11,,,1,70,,1138251,11,,,1,30,,1138244,11,,,1,69,,993937,11,,,1,30,,1138255,11,,,1,70,,1138248,11,,,1,30,,1138290,11,,,1,90,,1138275,11,,,1
4100,'12',445,,1138343,11,,,1,70,,1138330,11,,,1,30,,1138338,11,,,1,55,,1138320,11,,,1,15,,1138311,11,,,1,15,,1138307,11,,,1,16,,1084696,11,,,1,55,,1138293,11,,,1,17,,1138303,11,,,1,16,,1138313,11,,,1,16,,1138335,11,,,1,58,,1138304,11,,,1,19,,1037956,11,,,1,16,,1138339,11,,,1,13,,1079506,11,,,1,55,,1138309,11,,,1,15,,1138336,11,,,1,15,,1138321,11,,,1,15,,1075447,11,,,1,55,,1138308,11,,,1,15,,1138329,11,,,1,15,,1138337,11,,,1,15,,1138333,11,,,1,55,,1138346,11,,,1,15,,1138300,11,,,1,16,,1138327,11,,,1,15,,1138315,11,,,1,55,,1138312,11,,,1,15,,1138299,11,,,1,15,,1138306,11,,,1,15,,1138340,11,,,1,55,,1138292,11,,,1,15,,1138324,11,,,1,15,,1138342,11,,,1,15,,1138323,11,,,1,71,,1138314,11,,,1,72,,1138344,11,,,1,17,,1138310,11,,,1,16,,1138331,11,,,1,14,,1138326,11,,,1,71,,1138318,11,,,1,30,,1138295,11,,,1,54,,1138328,11,,,1,15,,1138305,11,,,1,15,,1138298,11,,,1,15,,1138341,11,,,1,55,,1138297,11,,,1,15,,1138301,11,,,1,29,,1138345,11,,,1,69,,1138294,11,,,1,29,,1138317,11,,,1,67,,1059240,11,,,1,30,,1138334,11,,,1,70,,1138332,11,,,1,30,,1004055,11,,,1,69,,1138325,11,,,1,30,,1138316,11,,,1,70,,1138319,11,,,1,30,,1138322,11,,,1,90,,1138302,11,,,1
4100,'13',702,,1101871,11,,,1,100,,1138348,11,,,1,100,,1138371,11,,,1,30,,1138350,11,,,1,71,,1138356,11,,,1,31,,1138369,11,,,1,70,,1138359,11,,,1,30,,1138351,11,,,1,70,,1138360,11,,,1,31,,1138366,11,,,1,70,,1138357,11,,,1,30,,1138363,11,,,1,70,,1138361,11,,,1,30,,1138373,11,,,1,70,,1138364,11,,,1,30,,1138352,11,,,1,70,,1138368,11,,,1,30,,1138347,11,,,1,70,,1138362,11,,,1,30,,1138358,11,,,1,70,,1138370,11,,,1,28,,1138354,11,,,1,70,,1096062,11,,,1,30,,1138367,11,,,1,70,,1138365,11,,,1,29,,1138353,11,,,1,70,,1138355,11,,,1,100,,1080957,11,,,1,99,,1138372,11,,,1,100,,1138349,11,,,1
4100,'14',445,,1138422,11,,,1,70,,1138383,11,,,1,30,,1138392,11,,,1,55,,1138403,11,,,1,15,,1138419,11,,,1,15,,1138433,11,,,1,16,,1138382,11,,,1,55,,1138396,11,,,1,17,,1138376,11,,,1,16,,1138430,11,,,1,16,,1138416,11,,,1,58,,1138411,11,,,1,19,,1138406,11,,,1,16,,1138400,11,,,1,13,,1138390,11,,,1,55,,1138397,11,,,1,15,,1138388,11,,,1,15,,1138404,11,,,1,15,,1138391,11,,,1,55,,1138387,11,,,1,15,,1138386,11,,,1,15,,1138381,11,,,1,15,,1138432,11,,,1,55,,1138420,11,,,1,15,,1138375,11,,,1,16,,1138428,11,,,1,15,,1138424,11,,,1,55,,1138434,11,,,1,15,,1138413,11,,,1,15,,1138380,11,,,1,15,,1138427,11,,,1,55,,1138402,11,,,1,15,,1138410,11,,,1,15,,1138379,11,,,1,15,,1138399,11,,,1,71,,1138421,11,,,1,72,,1138412,11,,,1,17,,1138417,11,,,1,16,,1138401,11,,,1,14,,1138423,11,,,1,71,,1138409,11,,,1,30,,1138405,11,,,1,54,,1138385,11,,,1,15,,1138429,11,,,1,15,,1138408,11,,,1,15,,1138394,11,,,1,55,,1138425,11,,,1,15,,1138407,11,,,1,29,,1138374,11,,,1,69,,1138378,11,,,1,29,,1138414,11,,,1,67,,1138395,11,,,1,30,,1138418,11,,,1,70,,1138389,11,,,1,30,,1138377,11,,,1,69,,1138426,11,,,1,30,,1138393,11,,,1,70,,1138384,11,,,1,30,,1138431,11,,,1,90,,1138415,11,,,1
4100,'15',445,,1138449,11,,,1,70,,1138439,11,,,1,30,,1138480,11,,,1,55,,1138491,11,,,1,15,,1138478,11,,,1,15,,1138440,11,,,1,16,,1138483,11,,,1,55,,1138487,11,,,1,17,,1138485,11,,,1,16,,1138453,11,,,1,16,,1138479,11,,,1,58,,1138475,11,,,1,19,,1138466,11,,,1,16,,1138495,11,,,1,13,,1138470,11,,,1,55,,1138459,11,,,1,15,,1138454,11,,,1,15,,1138437,11,,,1,15,,1138482,11,,,1,55,,1138493,11,,,1,15,,1138465,11,,,1,15,,1138467,11,,,1,15,,1138473,11,,,1,55,,1138438,11,,,1,15,,1138445,11,,,1,16,,1138448,11,,,1,15,,1138494,11,,,1,55,,1138463,11,,,1,15,,1138441,11,,,1,15,,1138458,11,,,1,15,,1138471,11,,,1,55,,1138436,11,,,1,15,,1138457,11,,,1,15,,1138469,11,,,1,15,,1138484,11,,,1,71,,1138456,11,,,1,72,,1138444,11,,,1,17,,1138490,11,,,1,16,,1138489,11,,,1,14,,1138477,11,,,1,71,,1138435,11,,,1,30,,1138442,11,,,1,54,,1138443,11,,,1,15,,1138460,11,,,1,15,,1138488,11,,,1,15,,1138481,11,,,1,55,,1138462,11,,,1,15,,1138464,11,,,1,29,,1138451,11,,,1,69,,1138450,11,,,1,29,,1138486,11,,,1,67,,1138474,11,,,1,30,,1138468,11,,,1,70,,1138461,11,,,1,30,,1138447,11,,,1,69,,1138492,11,,,1,30,,1138472,11,,,1,70,,1138452,11,,,1,30,,1138446,11,,,1,90,,1138476,11,,,1
4100,'16',445,,1099538,11,,,1,70,,1084772,11,,,1,30,,1138536,11,,,1,55,,1138519,11,,,1,15,,1138510,11,,,1,15,,1138507,11,,,1,16,,1138545,11,,,1,55,,1086064,11,,,1,17,,1138503,11,,,1,16,,1138512,11,,,1,16,,1138533,11,,,1,58,,1138504,11,,,1,19,,1138540,11,,,1,16,,1138537,11,,,1,13,,1138543,11,,,1,55,,1096154,11,,,1,15,,1138534,11,,,1,15,,1138520,11,,,1,15,,1138499,11,,,1,55,,1138508,11,,,1,15,,1138528,11,,,1,15,,1138535,11,,,1,15,,1138531,11,,,1,55,,1138546,11,,,1,15,,1138500,11,,,1,16,,1138526,11,,,1,15,,1138514,11,,,1,55,,1138511,11,,,1,15,,1100426,11,,,1,15,,1138506,11,,,1,15,,1138538,11,,,1,55,,1138496,11,,,1,15,,1138523,11,,,1,15,,1138541,11,,,1,15,,1138522,11,,,1,71,,1138513,11,,,1,72,,1067003,11,,,1,17,,1138509,11,,,1,16,,1138529,11,,,1,14,,1138525,11,,,1,71,,1138517,11,,,1,30,,1101905,11,,,1,54,,1138527,11,,,1,15,,1138505,11,,,1,15,,1075579,11,,,1,15,,1138539,11,,,1,55,,1073651,11,,,1,15,,1138501,11,,,1,29,,1138544,11,,,1,69,,1082244,11,,,1,29,,1138516,11,,,1,67,,1138497,11,,,1,30,,1138532,11,,,1,70,,1138530,11,,,1,30,,1138542,11,,,1,69,,1138524,11,,,1,30,,1138515,11,,,1,70,,1138518,11,,,1,30,,1138521,11,,,1,90,,1138502,11,,,1
4100,'17',702,,1138576,11,,,1,100,,1138548,11,,,1,100,,1138572,11,,,1,30,,1138550,11,,,1,71,,1138556,11,,,1,31,,1138569,11,,,1,70,,1138559,11,,,1,30,,1138551,11,,,1,70,,1138560,11,,,1,31,,1138566,11,,,1,70,,1138557,11,,,1,30,,1138563,11,,,1,70,,1138561,11,,,1,30,,1138574,11,,,1,70,,1138564,11,,,1,30,,1138552,11,,,1,70,,1138568,11,,,1,30,,1138547,11,,,1,70,,1138562,11,,,1,30,,1138558,11,,,1,70,,1138570,11,,,1,28,,1138554,11,,,1,70,,1138575,11,,,1,30,,1138567,11,,,1,70,,1138565,11,,,1,29,,1138553,11,,,1,70,,1138555,11,,,1,100,,1138571,11,,,1,99,,1138573,11,,,1,100,,1138549,11,,,1
4100,'2',558,,1138604,11,,,1,70,,1138592,11,,,1,30,,1138581,11,,,1,70,,1138582,11,,,1,30,,1138612,11,,,1,70,,1138589,11,,,1,30,,1138594,11,,,1,70,,1138608,11,,,1,30,,1138591,11,,,1,72,,1138587,11,,,1,70,,1138610,11,,,1,30,,1138600,11,,,1,70,,1138588,11,,,1,30,,1138599,11,,,1,70,,995053,11,,,1,30,,1138578,11,,,1,70,,1138597,11,,,1,30,,1138585,11,,,1,70,,1138579,11,,,1,30,,1138577,11,,,1,70,,1021643,11,,,1,30,,1138606,11,,,1,70,,1138593,11,,,1,30,,1138584,11,,,1,70,,1138590,11,,,1,29,,1138607,11,,,1,30,,1138611,11,,,1,70,,1138595,11,,,1,30,,1020368,11,,,1,70,,1138609,11,,,1,30,,1138602,11,,,1,70,,1138598,11,,,1,29,,1138580,11,,,1,69,,1138601,11,,,1,30,,1138605,11,,,1,70,,1138603,11,,,1,30,,1138586,11,,,1,70,,1138583,11,,,1,74,,1138596,11,,,1
4100,'3',702,,1138642,11,,,1,100,,1138614,11,,,1,100,,1138638,11,,,1,30,,1138616,11,,,1,71,,1138622,11,,,1,31,,1138635,11,,,1,70,,1138625,11,,,1,30,,1138617,11,,,1,70,,1138626,11,,,1,31,,1138632,11,,,1,70,,1138623,11,,,1,30,,1138629,11,,,1,70,,1138627,11,,,1,30,,1138640,11,,,1,70,,1138630,11,,,1,30,,1138618,11,,,1,70,,1138634,11,,,1,30,,1138613,11,,,1,70,,1138628,11,,,1,30,,1138624,11,,,1,70,,1138636,11,,,1,28,,1138620,11,,,1,70,,1138641,11,,,1,30,,1138633,11,,,1,70,,1138631,11,,,1,29,,1138619,11,,,1,70,,1138621,11,,,1,100,,1138637,11,,,1,99,,1138639,11,,,1,100,,1138615,11,,,1
4100,'4',702,,1138646,11,,,1,100,,1138668,11,,,1,100,,1138656,11,,,1,30,,1138667,11,,,1,71,,1138672,11,,,1,31,,1138650,11,,,1,70,,1138644,11,,,1,30,,1138660,11,,,1,70,,1138655,11,,,1,31,,1138671,11,,,1,70,,1138658,11,,,1,30,,1138652,11,,,1,70,,1138647,11,,,1,30,,1138645,11,,,1,70,,1138664,11,,,1,30,,1138666,11,,,1,70,,1138643,11,,,1,30,,1138651,11,,,1,70,,1138661,11,,,1,30,,1138669,11,,,1,70,,1138659,11,,,1,28,,1138657,11,,,1,70,,1138670,11,,,1,30,,1138653,11,,,1,70,,1138663,11,,,1,29,,1138665,11,,,1,70,,1138662,11,,,1,100,,1138649,11,,,1,99,,1138654,11,,,1,100,,1138648,11,,,1
4100,'5',445,,1138714,11,,,1,70,,983852,11,,,1,30,,1138686,11,,,1,55,,1082195,11,,,1,15,,1138711,11,,,1,15,,1099500,11,,,1,16,,1138679,11,,,1,55,,1138690,11,,,1,17,,1138675,11,,,1,16,,1138721,11,,,1,16,,1138708,11,,,1,58,,1138703,11,,,1,19,,1088721,11,,,1,16,,1138694,11,,,1,13,,1138684,11,,,1,55,,1138691,11,,,1,15,,1138682,11,,,1,15,,1138697,11,,,1,15,,1138685,11,,,1,55,,1138681,11,,,1,15,,1102622,11,,,1,15,,1138678,11,,,1,15,,1138723,11,,,1,55,,1138712,11,,,1,15,,1138674,11,,,1,16,,1138719,11,,,1,15,,1138716,11,,,1,55,,1079836,11,,,1,15,,1138705,11,,,1,15,,1072448,11,,,1,15,,1138718,11,,,1,55,,1138696,11,,,1,15,,1138702,11,,,1,15,,1079083,11,,,1,15,,1138693,11,,,1,71,,1138713,11,,,1,72,,1138704,11,,,1,17,,1138709,11,,,1,16,,1138695,11,,,1,14,,1138715,11,,,1,71,,1138701,11,,,1,30,,1138698,11,,,1,54,,1070565,11,,,1,15,,1138720,11,,,1,15,,1138700,11,,,1,15,,1138688,11,,,1,55,,1138717,11,,,1,15,,1138699,11,,,1,29,,1138673,11,,,1,69,,1138677,11,,,1,29,,1138706,11,,,1,67,,1138689,11,,,1,30,,1138710,11,,,1,70,,1138683,11,,,1,30,,1138676,11,,,1,69,,993709,11,,,1,30,,1138687,11,,,1,70,,1138680,11,,,1,30,,1138722,11,,,1,90,,1138707,11,,,1
4100,'6',445,,1138771,11,,,1,70,,1138758,11,,,1,30,,1138765,11,,,1,55,,1138748,11,,,1,15,,1138741,11,,,1,15,,1138737,11,,,1,16,,1138775,11,,,1,55,,1138724,11,,,1,17,,1138734,11,,,1,16,,1138742,11,,,1,16,,1103729,11,,,1,58,,1138735,11,,,1,19,,1138769,11,,,1,16,,1138766,11,,,1,13,,1138773,11,,,1,55,,1138739,11,,,1,15,,1138763,11,,,1,15,,1138749,11,,,1,15,,1138728,11,,,1,55,,1138738,11,,,1,15,,1138757,11,,,1,15,,1138764,11,,,1,15,,1138761,11,,,1,55,,1082506,11,,,1,15,,1069887,11,,,1,16,,1138755,11,,,1,15,,1138744,11,,,1,55,,1093898,11,,,1,15,,1138731,11,,,1,15,,1071048,11,,,1,15,,1138767,11,,,1,55,,997174,11,,,1,15,,1138752,11,,,1,15,,1138770,11,,,1,15,,1138751,11,,,1,71,,1138743,11,,,1,72,,1138774,11,,,1,17,,1138740,11,,,1,16,,1138759,11,,,1,14,,1138754,11,,,1,71,,1138746,11,,,1,30,,1138727,11,,,1,54,,1138756,11,,,1,15,,1138736,11,,,1,15,,1138730,11,,,1,15,,1138768,11,,,1,55,,1138729,11,,,1,15,,1138732,11,,,1,29,,1065574,11,,,1,69,,1138725,11,,,1,29,,1138745,11,,,1,67,,1138726,11,,,1,30,,1138762,11,,,1,70,,1138760,11,,,1,30,,1138772,11,,,1,69,,1138753,11,,,1,30,,1093044,11,,,1,70,,1138747,11,,,1,30,,1138750,11,,,1,90,,1138733,11,,,1
4100,'7',558,,1138808,11,,,1,70,,1138809,11,,,1,30,,1138780,11,,,1,70,,1138784,11,,,1,30,,1138782,11,,,1,70,,1138791,11,,,1,30,,1138789,11,,,1,70,,1138810,11,,,1,30,,1138804,11,,,1,72,,1138778,11,,,1,70,,1138790,11,,,1,30,,1138812,11,,,1,70,,1138787,11,,,1,30,,1138799,11,,,1,70,,1138807,11,,,1,30,,1138802,11,,,1,70,,1138805,11,,,1,30,,1138776,11,,,1,70,,1138786,11,,,1,30,,1138795,11,,,1,70,,1138788,11,,,1,30,,1138811,11,,,1,70,,1138797,11,,,1,30,,1138793,11,,,1,70,,1138813,11,,,1,29,,1138801,11,,,1,30,,1138806,11,,,1,70,,1138814,11,,,1,30,,1138792,11,,,1,70,,1138781,11,,,1,30,,1138800,11,,,1,70,,1138803,11,,,1,29,,1138794,11,,,1,69,,1138783,11,,,1,30,,1138777,11,,,1,70,,1138779,11,,,1,30,,1138796,11,,,1,70,,1138785,11,,,1,74,,1138798,11,,,1
4100,'8',445,,1138869,11,,,1,70,,1138855,11,,,1,30,,1138863,11,,,1,55,,1138845,11,,,1,15,,1138836,11,,,1,15,,1138832,11,,,1,16,,1138874,11,,,1,55,,1138816,11,,,1,17,,1138828,11,,,1,16,,1138838,11,,,1,16,,1138860,11,,,1,58,,1138829,11,,,1,19,,1138867,11,,,1,16,,1138864,11,,,1,13,,1138871,11,,,1,55,,1138834,11,,,1,15,,1138861,11,,,1,15,,1138846,11,,,1,15,,1138821,11,,,1,55,,1138833,11,,,1,15,,1138854,11,,,1,15,,1138862,11,,,1,15,,1138858,11,,,1,55,,1138875,11,,,1,15,,1138825,11,,,1,16,,1138852,11,,,1,15,,1138840,11,,,1,55,,1138837,11,,,1,15,,1138824,11,,,1,15,,1138831,11,,,1,15,,1138865,11,,,1,55,,1138815,11,,,1,15,,1138849,11,,,1,15,,1138868,11,,,1,15,,1138848,11,,,1,71,,1138839,11,,,1,72,,1138872,11,,,1,17,,1138835,11,,,1,16,,1138856,11,,,1,14,,1138851,11,,,1,71,,1138843,11,,,1,30,,1138819,11,,,1,54,,1138853,11,,,1,15,,1138830,11,,,1,15,,1138823,11,,,1,15,,1138866,11,,,1,55,,1138822,11,,,1,15,,1138826,11,,,1,29,,1138873,11,,,1,69,,1138817,11,,,1,29,,1138842,11,,,1,67,,1138818,11,,,1,30,,1138859,11,,,1,70,,1138857,11,,,1,30,,1138870,11,,,1,69,,1138850,11,,,1,30,,1138841,11,,,1,70,,1138844,11,,,1,30,,1138847,11,,,1,90,,1138827,11,,,1
4100,'9',445,,1138917,11,,,1,70,,983816,11,,,1,30,,1138889,11,,,1,55,,1082113,11,,,1,15,,1138914,11,,,1,15,,1099440,11,,,1,16,,1138882,11,,,1,55,,1138893,11,,,1,17,,1138878,11,,,1,16,,1138924,11,,,1,16,,1138911,11,,,1,58,,1138906,11,,,1,19,,1088506,11,,,1,16,,1138897,11,,,1,13,,1138887,11,,,1,55,,1138894,11,,,1,15,,1138885,11,,,1,15,,1138900,11,,,1,15,,1138888,11,,,1,55,,1138884,11,,,1,15,,1102620,11,,,1,15,,1138881,11,,,1,15,,1138926,11,,,1,55,,1138915,11,,,1,15,,1138877,11,,,1,16,,1138922,11,,,1,15,,1138919,11,,,1,55,,1079747,11,,,1,15,,1138908,11,,,1,15,,1072443,11,,,1,15,,1138921,11,,,1,55,,1138899,11,,,1,15,,1138905,11,,,1,15,,1078950,11,,,1,15,,1138896,11,,,1,71,,1138916,11,,,1,72,,1138907,11,,,1,17,,1138912,11,,,1,16,,1138898,11,,,1,14,,1138918,11,,,1,71,,1138904,11,,,1,30,,1138901,11,,,1,54,,1070474,11,,,1,15,,1138923,11,,,1,15,,1138903,11,,,1,15,,1138891,11,,,1,55,,1138920,11,,,1,15,,1138902,11,,,1,29,,1138876,11,,,1,69,,1138880,11,,,1,29,,1138909,11,,,1,67,,1138892,11,,,1,30,,1138913,11,,,1,70,,1138886,11,,,1,30,,1138879,11,,,1,69,,994049,11,,,1,30,,1138890,11,,,1,70,,1138883,11,,,1,30,,1138925,11,,,1,90,,1138910,11,,,1
9200,'1',1513,,1178669,15,0,41,1,32,,1178674,15,0,41,1,70,,1178661,15,0,41,1,30,,1178673,15,0,41,1,68,,1178676,15,0,41,1,30,,1178660,15,0,41,1
9200,'10',1513,,1178686,15,0,41,1,32,,1178691,15,0,41,1,70,,1178678,15,0,41,1,30,,1178690,15,0,41,1,68,,1178693,15,0,41,1,30,,1178677,15,0,41,1
9200,'11',1513,,1178703,15,0,41,1,32,,1178708,15,0,41,1,70,,1178695,15,0,41,1,30,,1178707,15,0,41,1,68,,1178710,15,0,41,1,30,,1178694,15,0,41,1
9200,'12',1513,,1178717,15,0,41,1,32,,1178713,15,0,41,1,70,,1178718,15,0,41,1,30,,1178714,15,0,41,1,68,,1178711,15,0,41,1,30,,1178722,15,0,41,1
9200,'14',1513,,1178741,15,0,41,1,32,,1178746,15,0,41,1,70,,1178732,15,0,41,1,30,,1178745,15,0,41,1,68,,1178749,15,0,41,1,30,,1178729,15,0,41,1
9200,'15',1513,,1178754,15,0,41,1,32,,1178767,15,0,41,1,70,,1178769,15,0,41,1,30,,1178750,15,0,41,1,68,,1178751,15,0,41,1,30,,1178765,15,0,41,1
9200,'16',1513,,1178777,15,0,41,1,32,,1178773,15,0,41,1,70,,1178778,15,0,41,1,30,,1178774,15,0,41,1,68,,1178771,15,0,41,1,30,,1178782,15,0,41,1
9200,'5',1513,,1178799,15,0,41,1,32,,1178804,15,0,41,1,70,,1178791,15,0,41,1,30,,1178803,15,0,41,1,68,,1178806,15,0,41,1,30,,1178790,15,0,41,1
9200,'6',1513,,1178812,15,0,41,1,32,,1178808,15,0,41,1,70,,1178813,15,0,41,1,30,,1178809,15,0,41,1,68,,1031023,15,0,41,1,30,,1178817,15,0,41,1
9200,'8',1513,,1178832,15,0,41,1,32,,1178828,15,0,41,1,70,,1178833,15,0,41,1,30,,1178829,15,0,41,1,68,,1178826,15,0,41,1,30,,1178837,15,0,41,1
9200,'9',1513,,1178856,15,0,41,1,32,,1178861,15,0,41,1,70,,1178848,15,0,41,1,30,,1178860,15,0,41,1,68,,1178863,15,0,41,1,30,,1178847,15,0,41,1
68900,'1',1542,,1200600,39,,,1
68900,'10',1542,,1200603,39,,,1
68900,'11',1542,,1200606,39,,,1
68900,'12',1542,,1200608,39,,,1
68900,'14',1542,,1200611,39,,,1
68900,'15',1542,,1200612,39,,,1
68900,'16',1542,,1200616,39,,,1
68900,'5',1542,,1200620,39,,,1
68900,'6',1542,,1200622,39,,,1
68900,'8',1542,,1200625,39,,,1
68900,'9',1542,,1200629,39,,,1
