3401,'1',548,,1130544,16,0,88,1,70,,1065468,16,0,88,1,30,,1130526,16,0,88,1,68,,1130539,16,0,88,1,33,,1103248,16,0,88,1,70,,1130531,16,0,88,1,30,,1130524,16,0,88,1,70,,1130532,16,0,88,1,30,,1130522,16,0,88,1,70,,1130520,16,0,88,1,30,,1130519,16,0,88,1,70,,1130533,16,0,88,1,30,,1130523,16,0,88,1,71,,1130542,16,0,88,1,30,,1130530,16,0,88,1,70,,1130543,16,0,88,1,30,,1130529,16,0,88,1,70,,980976,16,0,88,1,9,,1130518,3,,,1,21,,1061724,16,0,88,1,53,,1098384,10,,,1,16,,1130541,16,0,88,1,30,,1130527,16,0,88,1,70,,1130525,16,0,88,1,30,,1130516,16,0,88,1,70,,1130538,16,0,88,1,30,,1130521,16,0,88,1,70,,1130534,16,0,88,1,31,,1069832,16,0,88,1,70,,1130528,16,0,88,1,29,,1130540,16,0,88,1,70,,1006407,16,0,88,1,32,,1130537,16,0,88,1,70,,1130535,16,0,88,1,37,,1014101,15,,,1
3401,'10',548,,1130573,16,0,88,1,70,,1065244,16,0,88,1,30,,1130555,16,0,88,1,68,,1130568,16,0,88,1,33,,1103245,16,0,88,1,70,,1130560,16,0,88,1,30,,1130553,16,0,88,1,70,,1130561,16,0,88,1,30,,1130551,16,0,88,1,70,,1130549,16,0,88,1,30,,1130548,16,0,88,1,70,,1130562,16,0,88,1,30,,1130552,16,0,88,1,71,,1130571,16,0,88,1,30,,1130559,16,0,88,1,70,,1130572,16,0,88,1,30,,1130558,16,0,88,1,70,,980782,16,0,88,1,9,,1130547,3,,,1,21,,1061499,16,0,88,1,53,,1098238,10,,,1,16,,1130570,16,0,88,1,30,,1130556,16,0,88,1,70,,1130554,16,0,88,1,30,,1130545,16,0,88,1,70,,1130567,16,0,88,1,30,,1130550,16,0,88,1,70,,1130563,16,0,88,1,31,,1069687,16,0,88,1,70,,1130557,16,0,88,1,29,,1130569,16,0,88,1,70,,1006503,16,0,88,1,32,,1130566,16,0,88,1,70,,1130564,16,0,88,1,37,,1014181,15,,,1
3401,'11',548,,1130602,16,0,88,1,70,,1065531,16,0,88,1,30,,1130584,16,0,88,1,68,,1130597,16,0,88,1,33,,1103249,16,0,88,1,70,,1130589,16,0,88,1,30,,1130582,16,0,88,1,70,,1130590,16,0,88,1,30,,1130580,16,0,88,1,70,,1130578,16,0,88,1,30,,1130577,16,0,88,1,70,,1130591,16,0,88,1,30,,1130581,16,0,88,1,71,,1130600,16,0,88,1,30,,1130588,16,0,88,1,70,,1130601,16,0,88,1,30,,1130587,16,0,88,1,70,,980949,16,0,88,1,9,,1130576,3,,,1,21,,1061791,16,0,88,1,53,,1098424,10,,,1,16,,1130599,16,0,88,1,30,,1130585,16,0,88,1,70,,1130583,16,0,88,1,30,,1130574,16,0,88,1,70,,1130596,16,0,88,1,30,,1130579,16,0,88,1,70,,1130592,16,0,88,1,31,,1069876,16,0,88,1,70,,1130586,16,0,88,1,29,,1130598,16,0,88,1,70,,1006377,16,0,88,1,32,,1130595,16,0,88,1,70,,1130593,16,0,88,1,37,,1014079,15,,,1
3401,'12',548,,1130630,16,0,88,1,70,,1130623,16,0,88,1,30,,1130626,16,0,88,1,68,,1130611,16,0,88,1,33,,1130633,16,0,88,1,70,,1072585,16,0,88,1,30,,1130619,16,0,88,1,70,,962392,16,0,88,1,30,,1130620,16,0,88,1,70,,1130606,16,0,88,1,30,,1130607,16,0,88,1,70,,1130608,16,0,88,1,30,,1130614,16,0,88,1,71,,1130627,16,0,88,1,30,,1130618,16,0,88,1,70,,1130617,16,0,88,1,30,,1130612,16,0,88,1,70,,1130636,16,0,88,1,9,,1130603,3,,,1,21,,1130635,16,0,88,1,53,,1130621,10,,,1,16,,1130605,16,0,88,1,30,,1130628,16,0,88,1,70,,1130625,16,0,88,1,30,,1130634,16,0,88,1,70,,1130622,16,0,88,1,30,,1130624,16,0,88,1,70,,1130632,16,0,88,1,31,,1130629,16,0,88,1,70,,1130631,16,0,88,1,29,,971228,16,0,88,1,70,,1130613,16,0,88,1,32,,1130615,16,0,88,1,70,,1130616,16,0,88,1,37,,1130610,15,,,1
3401,'13',721,,1130653,16,0,88,1,100,,999500,16,0,88,1,93,,1076180,16,0,88,1,30,,1130654,16,0,88,1,70,,1130639,16,0,88,1,30,,1130652,16,0,88,1,70,,1130648,16,0,88,1,30,,1130650,16,0,88,1,70,,1130647,16,0,88,1,30,,1130643,16,0,88,1,70,,1130640,16,0,88,1,30,,1130641,16,0,88,1,70,,1130642,16,0,88,1,30,,1130637,16,0,88,1,70,,1130644,16,0,88,1,30,,1130645,16,0,88,1,70,,1130649,16,0,88,1,30,,1130638,16,0,88,1,70,,1130651,16,0,88,1,30,,1080650,16,0,88,1,84,,1130646,16,0,88,1
3401,'14',548,,1130689,16,0,88,1,70,,1130686,16,0,88,1,30,,1130669,16,0,88,1,68,,1130682,16,0,88,1,33,,1130658,16,0,88,1,70,,1130674,16,0,88,1,30,,1130667,16,0,88,1,70,,1130675,16,0,88,1,30,,1130665,16,0,88,1,70,,1130662,16,0,88,1,30,,1130661,16,0,88,1,70,,1130676,16,0,88,1,30,,1130666,16,0,88,1,71,,1130685,16,0,88,1,30,,1130673,16,0,88,1,70,,1130687,16,0,88,1,30,,1130672,16,0,88,1,70,,1130656,16,0,88,1,9,,1130660,3,,,1,21,,1130655,16,0,88,1,53,,1130690,10,,,1,16,,1130684,16,0,88,1,30,,1130670,16,0,88,1,70,,1130668,16,0,88,1,30,,1130657,16,0,88,1,70,,1130681,16,0,88,1,30,,1130663,16,0,88,1,70,,1130677,16,0,88,1,31,,1130688,16,0,88,1,70,,1130671,16,0,88,1,29,,1130683,16,0,88,1,70,,1130691,16,0,88,1,32,,1130680,16,0,88,1,70,,1130678,16,0,88,1,37,,1130664,15,,,1
3401,'15',548,,1130700,16,0,88,1,70,,1130706,16,0,88,1,30,,1130715,16,0,88,1,68,,1130692,16,0,88,1,33,,1130725,16,0,88,1,70,,1130703,16,0,88,1,30,,1130718,16,0,88,1,70,,1130705,16,0,88,1,30,,1130694,16,0,88,1,70,,1130723,16,0,88,1,30,,1130712,16,0,88,1,70,,1130711,16,0,88,1,30,,1130716,16,0,88,1,71,,1130709,16,0,88,1,30,,1130695,16,0,88,1,70,,1130702,16,0,88,1,30,,1130704,16,0,88,1,70,,1130710,16,0,88,1,9,,1130697,3,,,1,21,,1130701,16,0,88,1,53,,1130726,10,,,1,16,,1130714,16,0,88,1,30,,1130707,16,0,88,1,70,,1130708,16,0,88,1,30,,1130728,16,0,88,1,70,,1130722,16,0,88,1,30,,1130720,16,0,88,1,70,,1130713,16,0,88,1,31,,1130698,16,0,88,1,70,,1130719,16,0,88,1,29,,1130693,16,0,88,1,70,,1130727,16,0,88,1,32,,1130721,16,0,88,1,70,,1130696,16,0,88,1,37,,1130717,15,,,1
3401,'16',548,,1130756,16,0,88,1,70,,1130749,16,0,88,1,30,,1130752,16,0,88,1,68,,1130737,16,0,88,1,33,,1130759,16,0,88,1,70,,1130743,16,0,88,1,30,,1130745,16,0,88,1,70,,1130735,16,0,88,1,30,,1130746,16,0,88,1,70,,1130731,16,0,88,1,30,,1130732,16,0,88,1,70,,1130733,16,0,88,1,30,,1130740,16,0,88,1,71,,1130753,16,0,88,1,30,,1130744,16,0,88,1,70,,1073254,16,0,88,1,30,,1130738,16,0,88,1,70,,1018172,16,0,88,1,9,,1130729,3,,,1,21,,1130760,16,0,88,1,53,,1130747,10,,,1,16,,1130730,16,0,88,1,30,,1130754,16,0,88,1,70,,1130751,16,0,88,1,30,,1094183,16,0,88,1,70,,1130748,16,0,88,1,30,,1130750,16,0,88,1,70,,1130758,16,0,88,1,31,,1130755,16,0,88,1,70,,1130757,16,0,88,1,29,,1130761,16,0,88,1,70,,1130739,16,0,88,1,32,,1130741,16,0,88,1,70,,1130742,16,0,88,1,37,,1130736,15,,,1
3401,'17',721,,1130781,16,0,88,1,100,,1130771,16,0,88,1,93,,1130764,16,0,88,1,30,,1130782,16,0,88,1,70,,1130765,16,0,88,1,30,,1130780,16,0,88,1,70,,1130776,16,0,88,1,30,,1130778,16,0,88,1,70,,1130775,16,0,88,1,30,,1130770,16,0,88,1,70,,1130767,16,0,88,1,30,,1130768,16,0,88,1,70,,1130769,16,0,88,1,30,,1130762,16,0,88,1,70,,1130772,16,0,88,1,30,,1130773,16,0,88,1,70,,1130777,16,0,88,1,30,,1130763,16,0,88,1,70,,1130779,16,0,88,1,30,,1130766,16,0,88,1,84,,1130774,16,0,88,1
3401,'2',631,,1130790,16,0,88,1,100,,1130784,16,0,88,1,100,,1130796,16,0,88,1,70,,1130788,16,0,88,1,30,,1130803,16,0,88,1,70,,1130801,16,0,88,1,30,,1130793,16,0,88,1,70,,1130786,16,0,88,1,30,,1130791,16,0,88,1,70,,1095413,16,0,88,1,30,,1130797,16,0,88,1,70,,1130787,16,0,88,1,30,,1130804,16,0,88,1,70,,1130800,16,0,88,1,30,,1130805,16,0,88,1,70,,1130798,16,0,88,1,30,,1130785,16,0,88,1,70,,1130802,16,0,88,1,30,,1130795,16,0,88,1,70,,1130794,16,0,88,1,30,,1130783,16,0,88,1,70,,1130789,16,0,88,1,30,,1130792,16,0,88,1,70,,1006285,16,0,88,1,35,,1130799,16,0,88,1
3401,'3',721,,1130825,16,0,88,1,100,,1130815,16,0,88,1,93,,1130808,16,0,88,1,30,,1130826,16,0,88,1,70,,1130809,16,0,88,1,30,,1130824,16,0,88,1,70,,1130820,16,0,88,1,30,,1130822,16,0,88,1,70,,1130819,16,0,88,1,30,,1130814,16,0,88,1,70,,1130811,16,0,88,1,30,,1130812,16,0,88,1,70,,1130813,16,0,88,1,30,,1130806,16,0,88,1,70,,1130816,16,0,88,1,30,,1130817,16,0,88,1,70,,1130821,16,0,88,1,30,,1130807,16,0,88,1,70,,1130823,16,0,88,1,30,,1130810,16,0,88,1,84,,1130818,16,0,88,1
3401,'4',721,,1130835,16,0,88,1,100,,1130841,16,0,88,1,93,,1130830,16,0,88,1,30,,1045409,16,0,88,1,70,,1130832,16,0,88,1,30,,1130834,16,0,88,1,70,,1130836,16,0,88,1,30,,1031093,16,0,88,1,70,,1088627,16,0,88,1,30,,1130842,16,0,88,1,70,,1130828,16,0,88,1,30,,1130840,16,0,88,1,70,,1130833,16,0,88,1,30,,1130827,16,0,88,1,70,,1130829,16,0,88,1,30,,1130831,16,0,88,1,70,,1130838,16,0,88,1,30,,1130843,16,0,88,1,70,,1130837,16,0,88,1,30,,1130844,16,0,88,1,84,,1130839,16,0,88,1
3401,'5',548,,1130873,16,0,88,1,70,,1065430,16,0,88,1,30,,1130855,16,0,88,1,68,,1130868,16,0,88,1,33,,1103247,16,0,88,1,70,,1130860,16,0,88,1,30,,1130853,16,0,88,1,70,,1130861,16,0,88,1,30,,1130851,16,0,88,1,70,,1130849,16,0,88,1,30,,1130848,16,0,88,1,70,,1130862,16,0,88,1,30,,1130852,16,0,88,1,71,,1130871,16,0,88,1,30,,1130859,16,0,88,1,70,,1130872,16,0,88,1,30,,1130858,16,0,88,1,70,,981059,16,0,88,1,9,,1130847,3,,,1,21,,1061682,16,0,88,1,53,,1098366,10,,,1,16,,1130870,16,0,88,1,30,,1130856,16,0,88,1,70,,1130854,16,0,88,1,30,,1130845,16,0,88,1,70,,1130867,16,0,88,1,30,,1130850,16,0,88,1,70,,1130863,16,0,88,1,31,,1069809,16,0,88,1,70,,1130857,16,0,88,1,29,,1130869,16,0,88,1,70,,1006240,16,0,88,1,32,,1130866,16,0,88,1,70,,1130864,16,0,88,1,37,,1013945,15,,,1
3401,'6',548,,1130899,16,0,88,1,70,,1130892,16,0,88,1,30,,1130895,16,0,88,1,68,,1130879,16,0,88,1,33,,1070105,16,0,88,1,70,,1130885,16,0,88,1,30,,1130888,16,0,88,1,70,,1130877,16,0,88,1,30,,1130889,16,0,88,1,70,,1023934,16,0,88,1,30,,1091400,16,0,88,1,70,,1006252,16,0,88,1,30,,1130882,16,0,88,1,71,,1130896,16,0,88,1,30,,1130887,16,0,88,1,70,,1130886,16,0,88,1,30,,1130880,16,0,88,1,70,,1130904,16,0,88,1,9,,1130874,3,,,1,21,,1072901,16,0,88,1,53,,1130890,10,,,1,16,,1130876,16,0,88,1,30,,1130897,16,0,88,1,70,,1130894,16,0,88,1,30,,1130902,16,0,88,1,70,,1130891,16,0,88,1,30,,1130893,16,0,88,1,70,,1130901,16,0,88,1,31,,1130898,16,0,88,1,70,,1130900,16,0,88,1,29,,1130903,16,0,88,1,70,,1130881,16,0,88,1,32,,1130883,16,0,88,1,70,,1130884,16,0,88,1,37,,1130878,15,,,1
3401,'7',631,,1130913,16,0,88,1,100,,1130921,16,0,88,1,100,,1130915,16,0,88,1,70,,1130928,16,0,88,1,30,,1130925,16,0,88,1,70,,1130924,16,0,88,1,30,,1130907,16,0,88,1,70,,1130927,16,0,88,1,30,,1130910,16,0,88,1,70,,1130911,16,0,88,1,30,,1130923,16,0,88,1,70,,1130918,16,0,88,1,30,,1130917,16,0,88,1,70,,1130922,16,0,88,1,30,,1130912,16,0,88,1,70,,1130926,16,0,88,1,30,,1130914,16,0,88,1,70,,1130905,16,0,88,1,30,,1130916,16,0,88,1,70,,1130909,16,0,88,1,30,,1130906,16,0,88,1,70,,1130908,16,0,88,1,30,,1130920,16,0,88,1,70,,1130919,16,0,88,1,35,,1130929,16,0,88,1
3401,'8',548,,1130959,16,0,88,1,70,,1130952,16,0,88,1,30,,1130955,16,0,88,1,68,,1130939,16,0,88,1,33,,1130962,16,0,88,1,70,,1130945,16,0,88,1,30,,1130948,16,0,88,1,70,,1130937,16,0,88,1,30,,1130949,16,0,88,1,70,,1130933,16,0,88,1,30,,1130934,16,0,88,1,70,,1130935,16,0,88,1,30,,1130942,16,0,88,1,71,,1130956,16,0,88,1,30,,1130947,16,0,88,1,70,,1130946,16,0,88,1,30,,1130940,16,0,88,1,70,,1130966,16,0,88,1,9,,1130930,3,,,1,21,,1130964,16,0,88,1,53,,1130950,10,,,1,16,,1130932,16,0,88,1,30,,1130957,16,0,88,1,70,,1130954,16,0,88,1,30,,1130963,16,0,88,1,70,,1130951,16,0,88,1,30,,1130953,16,0,88,1,70,,1130961,16,0,88,1,31,,1130958,16,0,88,1,70,,1130960,16,0,88,1,29,,1130965,16,0,88,1,70,,1130941,16,0,88,1,32,,1130943,16,0,88,1,70,,1130944,16,0,88,1,37,,1130938,15,,,1
3401,'9',548,,1130995,16,0,88,1,70,,1065310,16,0,88,1,30,,1130977,16,0,88,1,68,,1130990,16,0,88,1,33,,1103246,16,0,88,1,70,,1130982,16,0,88,1,30,,1130975,16,0,88,1,70,,1130983,16,0,88,1,30,,1130973,16,0,88,1,70,,1130971,16,0,88,1,30,,1130970,16,0,88,1,70,,1130984,16,0,88,1,30,,1130974,16,0,88,1,71,,1130993,16,0,88,1,30,,1130981,16,0,88,1,70,,1130994,16,0,88,1,30,,1130980,16,0,88,1,70,,981032,16,0,88,1,9,,1130969,3,,,1,21,,1061567,16,0,88,1,53,,1098286,10,,,1,16,,1130992,16,0,88,1,30,,1130978,16,0,88,1,70,,1130976,16,0,88,1,30,,1130967,16,0,88,1,70,,1130989,16,0,88,1,30,,1130972,16,0,88,1,70,,1130985,16,0,88,1,31,,1069733,16,0,88,1,70,,1130979,16,0,88,1,29,,1130991,16,0,88,1,70,,1006437,16,0,88,1,32,,1130988,16,0,88,1,70,,1130986,16,0,88,1,37,,1014123,15,,,1
63400,'1',713,,1199352,11,,,1
63400,'10',713,,1199353,11,,,1
63400,'11',713,,1199354,11,,,1
63400,'12',713,,1199355,11,,,1
63400,'14',713,,1199356,11,,,1
63400,'15',713,,1199357,11,,,1
63400,'16',713,,1199358,11,,,1
63400,'5',713,,1199359,11,,,1
63400,'6',713,,1070683,11,,,1
63400,'8',713,,1199360,11,,,1
63400,'9',713,,1199361,11,,,1
