3101,'1',610,,1128363,13,,,1,37,,1128375,13,,,1,70,,1128372,13,,,1,28,,1100742,5,0,23 24,1,2,,1128367,13,,,1,3,,1128371,5,0,23 24,1,67,,1128369,13,,,1,30,,1128366,13,,,1,67,,1128364,13,,,1,30,,1128357,13,,,1,70,,1128358,13,,,1,30,,1128352,13,,,1,70,,1128377,13,,,1,30,,1128359,13,,,1,70,,1128379,13,,,1,30,,1128374,13,,,1,70,,1128378,13,,,1,30,,1128362,13,,,1,70,,1128376,13,,,1,32,,1128350,13,,,1,101,,1128353,13,,,1,70,,1128380,13,,,1,31,,1128355,13,,,1,69,,1001979,13,,,1,30,,1128373,13,,,1,69,,1128354,13,,,1,29,,1128360,13,,,1,67,,1066953,13,,,1,30,,1128361,13,,,1,70,,1128370,13,,,1,30,,1128351,13,,,1,69,,1128356,13,,,1,30,,1128368,13,,,1,65,,1128365,13,,,1
3101,'10',610,,1128394,13,,,1,37,,1128406,13,,,1,70,,1128403,13,,,1,28,,1100606,5,0,23 24,1,2,,1128398,13,,,1,3,,1128402,5,0,23 24,1,67,,1128400,13,,,1,30,,1128397,13,,,1,67,,1128395,13,,,1,30,,1128388,13,,,1,70,,1128389,13,,,1,30,,1128383,13,,,1,70,,1128408,13,,,1,30,,1128390,13,,,1,70,,1128410,13,,,1,30,,1128405,13,,,1,70,,1128409,13,,,1,30,,1128393,13,,,1,70,,1128407,13,,,1,32,,1128381,13,,,1,101,,1128384,13,,,1,70,,1128411,13,,,1,31,,1128386,13,,,1,69,,1002160,13,,,1,30,,1128404,13,,,1,69,,1128385,13,,,1,29,,1128391,13,,,1,67,,1066670,13,,,1,30,,1128392,13,,,1,70,,1128401,13,,,1,30,,1128382,13,,,1,69,,1128387,13,,,1,30,,1128399,13,,,1,65,,1128396,13,,,1
3101,'11',610,,1128425,13,,,1,37,,1128437,13,,,1,70,,1128434,13,,,1,28,,1100780,5,0,23 24,1,2,,1128429,13,,,1,3,,1128433,5,0,23 24,1,67,,1128431,13,,,1,30,,1128428,13,,,1,67,,1128426,13,,,1,30,,1128419,13,,,1,70,,1128420,13,,,1,30,,1128414,13,,,1,70,,1128439,13,,,1,30,,1128421,13,,,1,70,,1128441,13,,,1,30,,1128436,13,,,1,70,,1128440,13,,,1,30,,1128424,13,,,1,70,,1128438,13,,,1,32,,1128412,13,,,1,101,,1128415,13,,,1,70,,1128442,13,,,1,31,,1128417,13,,,1,69,,1001926,13,,,1,30,,1128435,13,,,1,69,,1128416,13,,,1,29,,1128422,13,,,1,67,,1067029,13,,,1,30,,1128423,13,,,1,70,,1128432,13,,,1,30,,1128413,13,,,1,69,,1128418,13,,,1,30,,1128430,13,,,1,65,,1128427,13,,,1
3101,'12',610,,1128445,13,,,1,37,,1128464,13,,,1,70,,1128452,13,,,1,28,,1128449,5,0,23 24,1,2,,1128456,13,,,1,3,,1128450,5,0,23 24,1,67,,1128453,13,,,1,30,,1128470,13,,,1,67,,1128459,13,,,1,30,,1128469,13,,,1,70,,1128461,13,,,1,30,,1128462,13,,,1,70,,1128448,13,,,1,30,,1128455,13,,,1,70,,1128471,13,,,1,30,,1128463,13,,,1,70,,1128458,13,,,1,30,,1128457,13,,,1,70,,1128460,13,,,1,32,,1128467,13,,,1,101,,1079788,13,,,1,70,,1128451,13,,,1,31,,1128446,13,,,1,69,,1128465,13,,,1,30,,1128444,13,,,1,69,,1128468,13,,,1,29,,1128466,13,,,1,67,,1023834,13,,,1,30,,1128454,13,,,1,70,,1083524,13,,,1,30,,1075851,13,,,1,69,,1128443,13,,,1,30,,1128447,13,,,1,65,,1128472,13,,,1
3101,'13',819,,1128479,13,,,1,101,,1128485,13,,,1,100,,1128495,13,,,1,30,,1128476,13,,,1,70,,1128478,13,,,1,30,,1128480,13,,,1,70,,1128473,13,,,1,30,,1128494,13,,,1,70,,1128482,13,,,1,30,,1128484,13,,,1,70,,1128493,13,,,1,30,,1128474,13,,,1,70,,1128496,13,,,1,30,,1101868,13,,,1,70,,1128487,13,,,1,30,,1128492,13,,,1,70,,1128483,13,,,1,30,,1128475,13,,,1,70,,1128489,13,,,1,30,,1128477,13,,,1,70,,1128481,13,,,1,99,,1128486,13,,,1,100,,1128490,13,,,1,100,,1128491,13,,,1,100,,1128488,13,,,1
3101,'14',610,,1128510,13,,,1,37,,1128523,13,,,1,70,,1128520,13,,,1,28,,1128530,5,0,23 24,1,2,,1128514,13,,,1,3,,1128519,5,0,23 24,1,67,,1128516,13,,,1,30,,1128513,13,,,1,67,,1128511,13,,,1,30,,1128504,13,,,1,70,,1128505,13,,,1,30,,1128499,13,,,1,70,,1128525,13,,,1,30,,1128506,13,,,1,70,,1128528,13,,,1,30,,1128522,13,,,1,70,,1128526,13,,,1,30,,1128509,13,,,1,70,,1128524,13,,,1,32,,1128497,13,,,1,101,,1128500,13,,,1,70,,1128529,13,,,1,31,,1128502,13,,,1,69,,1128527,13,,,1,30,,1128521,13,,,1,69,,1128501,13,,,1,29,,1128507,13,,,1,67,,1128517,13,,,1,30,,1128508,13,,,1,70,,1128518,13,,,1,30,,1128498,13,,,1,69,,1128503,13,,,1,30,,1128515,13,,,1,65,,1128512,13,,,1
3101,'15',610,,1128542,13,,,1,37,,1128552,13,,,1,70,,1128553,13,,,1,28,,1128547,5,0,23 24,1,2,,1128538,13,,,1,3,,1128564,5,0,23 24,1,67,,1128563,13,,,1,30,,1128559,13,,,1,67,,1128560,13,,,1,30,,1128539,13,,,1,70,,1128534,13,,,1,30,,1128558,13,,,1,70,,1128554,13,,,1,30,,1128544,13,,,1,70,,1128532,13,,,1,30,,1128545,13,,,1,70,,1128540,13,,,1,30,,1128548,13,,,1,70,,1128561,13,,,1,32,,1128541,13,,,1,101,,1128533,13,,,1,70,,1128562,13,,,1,31,,1128531,13,,,1,69,,1128546,13,,,1,30,,1128537,13,,,1,69,,1128555,13,,,1,29,,1128551,13,,,1,67,,1128556,13,,,1,30,,1128543,13,,,1,70,,1128550,13,,,1,30,,1128536,13,,,1,69,,1128557,13,,,1,30,,1128549,13,,,1,65,,1128535,13,,,1
3101,'16',610,,1073248,13,,,1,37,,1128587,13,,,1,70,,1128575,13,,,1,28,,1128572,5,0,23 24,1,2,,1128579,13,,,1,3,,1128573,5,0,23 24,1,67,,1128576,13,,,1,30,,1128593,13,,,1,67,,1128582,13,,,1,30,,1128592,13,,,1,70,,1128584,13,,,1,30,,1128585,13,,,1,70,,1128571,13,,,1,30,,1128578,13,,,1,70,,1128594,13,,,1,30,,1128586,13,,,1,70,,1128581,13,,,1,30,,1128580,13,,,1,70,,1128583,13,,,1,32,,1128590,13,,,1,101,,1128565,13,,,1,70,,1128574,13,,,1,31,,1128570,13,,,1,69,,1128588,13,,,1,30,,1128567,13,,,1,69,,1128591,13,,,1,29,,1128589,13,,,1,67,,1128569,13,,,1,30,,1128577,13,,,1,70,,1128568,13,,,1,30,,1128566,13,,,1,69,,1083909,13,,,1,30,,1018715,13,,,1,65,,1070630,13,,,1
3101,'17',819,,1128602,13,,,1,101,,1128608,13,,,1,100,,1128618,13,,,1,30,,1128598,13,,,1,70,,1128601,13,,,1,30,,1128603,13,,,1,70,,1128595,13,,,1,30,,1128617,13,,,1,70,,1128605,13,,,1,30,,1128607,13,,,1,70,,1128616,13,,,1,30,,1128596,13,,,1,70,,1128619,13,,,1,30,,1128599,13,,,1,70,,1128610,13,,,1,30,,1128615,13,,,1,70,,1128606,13,,,1,30,,1128597,13,,,1,70,,1128612,13,,,1,30,,1128600,13,,,1,70,,1128604,13,,,1,99,,1128609,13,,,1,100,,1128613,13,,,1,100,,1128614,13,,,1,100,,1128611,13,,,1
3101,'2',644,,1128643,13,,,1,70,,1128637,13,,,1,30,,1128620,13,,,1,70,,1128628,13,,,1,31,,1128652,13,,,1,70,,1128632,13,,,1,30,,1128633,13,,,1,70,,1128646,13,,,1,30,,1128634,13,,,1,70,,1128622,13,,,1,30,,1128629,13,,,1,78,,1128636,13,,,1,22,,1128650,13,,,1,70,,1128644,13,,,1,30,,1128639,13,,,1,70,,1128640,13,,,1,30,,1128653,13,,,1,70,,1128625,13,,,1,38,,1128642,13,,,1,62,,1128635,13,,,1,30,,1128631,13,,,1,70,,1128630,13,,,1,30,,1128649,13,,,1,70,,1128645,13,,,1,30,,1128621,13,,,1,70,,1128624,13,,,1,30,,1128648,13,,,1,69,,1128651,13,,,1,30,,1128627,13,,,1,70,,1128626,13,,,1,30,,1128623,13,,,1,70,,1128647,13,,,1,30,,1128641,13,,,1,100,,1128638,13,,,1
3101,'3',819,,1128661,13,,,1,101,,1128667,13,,,1,100,,1128677,13,,,1,30,,1128657,13,,,1,70,,1128660,13,,,1,30,,1128662,13,,,1,70,,1128654,13,,,1,30,,1128676,13,,,1,70,,1128664,13,,,1,30,,1128666,13,,,1,70,,1128675,13,,,1,30,,1128655,13,,,1,70,,1128678,13,,,1,30,,1128658,13,,,1,70,,1128669,13,,,1,30,,1128674,13,,,1,70,,1128665,13,,,1,30,,1128656,13,,,1,70,,1128671,13,,,1,30,,1128659,13,,,1,70,,1128663,13,,,1,99,,1128668,13,,,1,100,,1128672,13,,,1,100,,1128673,13,,,1,100,,1128670,13,,,1
3101,'4',819,,1128694,13,,,1,101,,1128697,13,,,1,100,,1128688,13,,,1,30,,1128680,13,,,1,70,,1128701,13,,,1,30,,1128684,13,,,1,70,,1128687,13,,,1,30,,1009676,13,,,1,70,,1128685,13,,,1,30,,1128690,13,,,1,70,,1128699,13,,,1,30,,1128686,13,,,1,70,,1128702,13,,,1,30,,1128682,13,,,1,70,,1128698,13,,,1,30,,1128693,13,,,1,70,,1128692,13,,,1,30,,1128681,13,,,1,70,,1128700,13,,,1,30,,1128696,13,,,1,70,,1128689,13,,,1,99,,1128691,13,,,1,100,,1128695,13,,,1,100,,1128683,13,,,1,100,,1128679,13,,,1
3101,'5',610,,1128716,13,,,1,37,,1128728,13,,,1,70,,1128725,13,,,1,28,,1100723,5,0,23 24,1,2,,1128720,13,,,1,3,,1128724,5,0,23 24,1,67,,1128722,13,,,1,30,,1128719,13,,,1,67,,1128717,13,,,1,30,,1128710,13,,,1,70,,1128711,13,,,1,30,,1128705,13,,,1,70,,1128730,13,,,1,30,,1128712,13,,,1,70,,1128732,13,,,1,30,,1128727,13,,,1,70,,1128731,13,,,1,30,,1128715,13,,,1,70,,1128729,13,,,1,32,,1128703,13,,,1,101,,1128706,13,,,1,70,,1128733,13,,,1,31,,1128708,13,,,1,69,,1001652,13,,,1,30,,1128726,13,,,1,69,,1128707,13,,,1,29,,1128713,13,,,1,67,,1066917,13,,,1,30,,1128714,13,,,1,70,,1128723,13,,,1,30,,1128704,13,,,1,69,,1128709,13,,,1,30,,1128721,13,,,1,65,,1128718,13,,,1
3101,'6',610,,1128739,13,,,1,37,,1128756,13,,,1,70,,1128745,13,,,1,28,,1128743,5,0,23 24,1,2,,1128749,13,,,1,3,,1128744,5,0,23 24,1,67,,1128746,13,,,1,30,,1128762,13,,,1,67,,1128751,13,,,1,30,,1128761,13,,,1,70,,1128753,13,,,1,30,,1128754,13,,,1,70,,1128742,13,,,1,30,,1128748,13,,,1,70,,1066276,13,,,1,30,,1128755,13,,,1,70,,1074595,13,,,1,30,,1128750,13,,,1,70,,1128752,13,,,1,32,,1128759,13,,,1,101,,1128734,13,,,1,70,,1043987,13,,,1,31,,1128740,13,,,1,69,,1128757,13,,,1,30,,1065880,13,,,1,69,,1128760,13,,,1,29,,1128758,13,,,1,67,,1128738,13,,,1,30,,1128747,13,,,1,70,,1128737,13,,,1,30,,1128736,13,,,1,69,,1128735,13,,,1,30,,1128741,13,,,1,65,,1128763,13,,,1
3101,'7',644,,1128780,13,,,1,70,,1128783,13,,,1,30,,1128777,13,,,1,70,,1128768,13,,,1,31,,1128779,13,,,1,70,,1128791,13,,,1,30,,1128775,13,,,1,70,,1128785,13,,,1,30,,1128771,13,,,1,70,,1128778,13,,,1,30,,1128788,13,,,1,78,,1128786,13,,,1,22,,1128794,13,,,1,70,,1128784,13,,,1,30,,1128767,13,,,1,70,,1128789,13,,,1,30,,1128792,13,,,1,70,,1128764,13,,,1,38,,1128796,13,,,1,62,,1128770,13,,,1,30,,1128787,13,,,1,70,,1128769,13,,,1,30,,1128782,13,,,1,70,,1128774,13,,,1,30,,1128766,13,,,1,70,,1128790,13,,,1,30,,1128781,13,,,1,69,,1128795,13,,,1,30,,1128773,13,,,1,70,,1128776,13,,,1,30,,1128797,13,,,1,70,,1128793,13,,,1,30,,1128765,13,,,1,100,,1128772,13,,,1
3101,'8',610,,1128804,13,,,1,37,,1128823,13,,,1,70,,1128811,13,,,1,28,,1128808,5,0,23 24,1,2,,1128815,13,,,1,3,,1128809,5,0,23 24,1,67,,1128812,13,,,1,30,,1128829,13,,,1,67,,1128818,13,,,1,30,,1128828,13,,,1,70,,1128820,13,,,1,30,,1128821,13,,,1,70,,1128807,13,,,1,30,,1128814,13,,,1,70,,1128830,13,,,1,30,,1128822,13,,,1,70,,1128817,13,,,1,30,,1128816,13,,,1,70,,1128819,13,,,1,32,,1128826,13,,,1,101,,1128798,13,,,1,70,,1128810,13,,,1,31,,1128805,13,,,1,69,,1128824,13,,,1,30,,1128801,13,,,1,69,,1128827,13,,,1,29,,1128825,13,,,1,67,,1128803,13,,,1,30,,1128813,13,,,1,70,,1128802,13,,,1,30,,1128800,13,,,1,69,,1128799,13,,,1,30,,1128806,13,,,1,65,,1128831,13,,,1
3101,'9',610,,1128845,13,,,1,37,,1128857,13,,,1,70,,1128854,13,,,1,28,,1100648,5,0,23 24,1,2,,1128849,13,,,1,3,,1128853,5,0,23 24,1,67,,1128851,13,,,1,30,,1128848,13,,,1,67,,1128846,13,,,1,30,,1128839,13,,,1,70,,1128840,13,,,1,30,,1128834,13,,,1,70,,1128859,13,,,1,30,,1128841,13,,,1,70,,1128861,13,,,1,30,,1128856,13,,,1,70,,1128860,13,,,1,30,,1128844,13,,,1,70,,1128858,13,,,1,32,,1128832,13,,,1,101,,1128835,13,,,1,70,,1128862,13,,,1,31,,1128837,13,,,1,69,,1002032,13,,,1,30,,1128855,13,,,1,69,,1128836,13,,,1,29,,1128842,13,,,1,67,,1066756,13,,,1,30,,1128843,13,,,1,70,,1128852,13,,,1,30,,1128833,13,,,1,69,,1128838,13,,,1,30,,1128850,13,,,1,65,,1128847,13,,,1
63100,'1',828,,1199308,5,,,1
63100,'10',828,,1199309,5,,,1
63100,'11',828,,1199310,5,,,1
63100,'12',828,,1199311,5,,,1
63100,'14',828,,1199312,5,,,1
63100,'15',828,,1199313,5,,,1
63100,'16',828,,1199314,5,,,1
63100,'5',828,,1199315,5,,,1
63100,'6',828,,1199316,5,,,1
63100,'8',828,,1199317,5,,,1
63100,'9',828,,1199318,5,,,1
64801,'1',1522,,1199613,18,,,1
64801,'10',1522,,1199614,18,,,1
64801,'11',1522,,1199615,18,,,1
64801,'12',1522,,1199616,18,,,1
64801,'14',1522,,1199617,18,,,1
64801,'15',1522,,1199618,18,,,1
64801,'16',1522,,1199619,18,,,1
64801,'5',1522,,1199620,18,,,1
64801,'6',1522,,1199621,18,,,1
64801,'8',1522,,1199622,18,,,1
64801,'9',1522,,1199623,18,,,1
