8200,'1',525,,1169133,25,,,1,98,,1169126,25,,,1,107,,1169144,25,,,1,100,,1049262,25,,,1,70,,1169136,27,,,1,30,,1169127,27,,,1,29,,1169145,27,,,1,70,,1169155,27,,,1,30,,1169142,27,,,1,70,,1169154,27,,,1,30,,1169153,27,,,1,70,,1169141,27,,,1,30,,1169151,27,,,1,70,,1169139,27,,,1,71,,1169124,27,,,1,23,,1169134,12,,,1,8,,935104,27,,,1,73,,1169132,27,,,1,30,,1169131,30,,,1,70,,1169152,30,,,1,32,,1169130,30,,,1,71,,1169128,30,,,1,28,,1169129,30,,,1,67,,1169148,30,,,1,29,,1169147,30,,,1,70,,1169149,27,,,1,29,,1169135,27,,,1,28,,1169125,27,,,1,72,,1169146,27,,,1,70,,1169150,27,,,1,28,,1169143,27,,,1,29,,1169137,25,,,1,69,,1169138,25,,,1,100,,1011665,25,,,1
8200,'10',525,,1169165,25,,,1,98,,1169158,25,,,1,107,,1169176,25,,,1,100,,1049379,25,,,1,70,,1169168,27,,,1,30,,1169159,27,,,1,29,,1169177,27,,,1,70,,1169187,27,,,1,30,,1169174,27,,,1,70,,1169186,27,,,1,30,,1169185,27,,,1,70,,1169173,27,,,1,30,,1169183,27,,,1,70,,1169171,27,,,1,71,,1169156,27,,,1,23,,1169166,12,,,1,8,,935106,27,,,1,73,,1169164,27,,,1,30,,1169163,30,,,1,70,,1169184,30,,,1,32,,1169162,30,,,1,71,,1169160,30,,,1,28,,1169161,30,,,1,67,,1169180,30,,,1,29,,1169179,30,,,1,70,,1169181,27,,,1,29,,1169167,27,,,1,28,,1169157,27,,,1,72,,1169178,27,,,1,70,,1169182,27,,,1,28,,1169175,27,,,1,29,,1169169,25,,,1,69,,1169170,25,,,1,100,,1011742,25,,,1
8200,'11',525,,1169197,25,,,1,98,,1169190,25,,,1,107,,1169208,25,,,1,100,,1049228,25,,,1,70,,1169200,27,,,1,30,,1169191,27,,,1,29,,1169209,27,,,1,70,,1169219,27,,,1,30,,1169206,27,,,1,70,,1169218,27,,,1,30,,1169217,27,,,1,70,,1169205,27,,,1,30,,1169215,27,,,1,70,,1169203,27,,,1,71,,1169188,27,,,1,23,,1169198,12,,,1,8,,935102,27,,,1,73,,1169196,27,,,1,30,,1169195,30,,,1,70,,1169216,30,,,1,32,,1169194,30,,,1,71,,1169192,30,,,1,28,,1169193,30,,,1,67,,1169212,30,,,1,29,,1169211,30,,,1,70,,1169213,27,,,1,29,,1169199,27,,,1,28,,1169189,27,,,1,72,,1169210,27,,,1,70,,1169214,27,,,1,28,,1169207,27,,,1,29,,1169201,25,,,1,69,,1169202,25,,,1,100,,1011644,25,,,1
8200,'12',525,,1169251,25,,,1,98,,1169243,25,,,1,107,,1169230,25,,,1,100,,1169237,25,,,1,70,,1169234,27,,,1,30,,1169232,27,,,1,29,,1169250,27,,,1,70,,1169224,27,,,1,30,,1169227,27,,,1,70,,1169229,27,,,1,30,,1169245,27,,,1,70,,1070536,27,,,1,30,,1169220,27,,,1,70,,1169226,27,,,1,71,,1169228,27,,,1,23,,1169246,12,,,1,8,,1169241,27,,,1,73,,1169233,27,,,1,30,,1169244,30,,,1,70,,1169249,30,,,1,32,,1169247,30,,,1,71,,1169231,30,,,1,28,,1169223,30,,,1,67,,1169235,30,,,1,29,,1169225,30,,,1,70,,1169240,27,,,1,29,,969575,27,,,1,28,,1169242,27,,,1,72,,1169238,27,,,1,70,,981099,27,,,1,28,,1169222,27,,,1,29,,1078639,25,,,1,69,,1169248,25,,,1,100,,1169221,25,,,1
8200,'13',729,,1169259,25,,,1,97,,1098823,25,,,1,100,,1078986,25,,,1,105,,1169269,27,,,1,70,,1169253,27,,,1,30,,1169266,27,,,1,70,,1169270,27,,,1,30,,1169257,27,,,1,70,,1169252,27,,,1,30,,1169267,27,,,1,70,,1071625,27,,,1,30,,1169268,27,,,1,70,,1169271,27,,,1,30,,1169258,27,,,1,70,,1169272,27,,,1,30,,1169255,27,,,1,70,,1169260,27,,,1,30,,1169254,27,,,1,70,,1169264,27,,,1,27,,1169256,25,,,1,30,,1169265,25,,,1,70,,1169263,25,,,1,100,,974156,25,,,1,98,,1169261,25,,,1,118,,1169262,25,,,1
8200,'14',525,,1169284,25,,,1,98,,1169276,25,,,1,107,,1169295,25,,,1,100,,1169306,25,,,1,70,,1169287,27,,,1,30,,1169278,27,,,1,29,,1169296,27,,,1,70,,1169308,27,,,1,30,,1169293,27,,,1,70,,1169305,27,,,1,30,,1169304,27,,,1,70,,1169292,27,,,1,30,,1169302,27,,,1,70,,1169290,27,,,1,71,,1169274,27,,,1,23,,1169285,12,,,1,8,,1169273,27,,,1,73,,1169283,27,,,1,30,,1169282,30,,,1,70,,1169303,30,,,1,32,,1169281,30,,,1,71,,1169279,30,,,1,28,,1169280,30,,,1,67,,1169299,30,,,1,29,,1169298,30,,,1,70,,1169300,27,,,1,29,,1169286,27,,,1,28,,1169275,27,,,1,72,,1169297,27,,,1,70,,1169301,27,,,1,28,,1169294,27,,,1,29,,1169288,25,,,1,69,,1169289,25,,,1,100,,1169277,25,,,1
8200,'15',525,,1169333,25,,,1,98,,1169322,25,,,1,107,,1169316,25,,,1,100,,1169314,25,,,1,70,,1169342,27,,,1,30,,1169328,27,,,1,29,,1169321,27,,,1,70,,1169313,27,,,1,30,,1169329,27,,,1,70,,1169336,27,,,1,30,,1169338,27,,,1,70,,1169318,27,,,1,30,,1169334,27,,,1,70,,1169335,27,,,1,71,,1169330,27,,,1,23,,1169317,12,,,1,8,,1169309,27,,,1,73,,1169320,27,,,1,30,,1169341,30,,,1,70,,1169327,30,,,1,32,,1169319,30,,,1,71,,1169339,30,,,1,28,,1169326,30,,,1,67,,1169312,30,,,1,29,,1169324,30,,,1,70,,1169332,27,,,1,29,,1169311,27,,,1,28,,1169310,27,,,1,72,,1169340,27,,,1,70,,1169344,27,,,1,28,,1169331,27,,,1,29,,1169337,25,,,1,69,,1169325,25,,,1,100,,1169315,25,,,1
8200,'16',525,,1070345,25,,,1,98,,1169369,25,,,1,107,,1169356,25,,,1,100,,1169363,25,,,1,70,,1169360,27,,,1,30,,1169358,27,,,1,29,,997744,27,,,1,70,,1169350,27,,,1,30,,1169353,27,,,1,70,,1169355,27,,,1,30,,1169371,27,,,1,70,,1169348,27,,,1,30,,1075043,27,,,1,70,,1169352,27,,,1,71,,1169354,27,,,1,23,,1169373,12,,,1,8,,1169367,27,,,1,73,,1169359,27,,,1,30,,1169370,30,,,1,70,,1169376,30,,,1,32,,1169374,30,,,1,71,,1169357,30,,,1,28,,1169349,30,,,1,67,,1169361,30,,,1,29,,1169351,30,,,1,70,,1169366,27,,,1,29,,1169345,27,,,1,28,,1169368,27,,,1,72,,1169364,27,,,1,70,,1169372,27,,,1,28,,1169347,27,,,1,29,,1169377,25,,,1,69,,1169375,25,,,1,100,,1169346,25,,,1
8200,'17',729,,1169387,25,,,1,97,,1169379,25,,,1,100,,1169378,25,,,1,105,,1169397,27,,,1,70,,1169381,27,,,1,30,,1169394,27,,,1,70,,1169400,27,,,1,30,,1169385,27,,,1,70,,1169380,27,,,1,30,,1169395,27,,,1,70,,1169398,27,,,1,30,,1169396,27,,,1,70,,1169401,27,,,1,30,,1169386,27,,,1,70,,1169402,27,,,1,30,,1169383,27,,,1,70,,1169388,27,,,1,30,,1169382,27,,,1,70,,1169392,27,,,1,27,,1169384,25,,,1,30,,1169393,25,,,1,70,,1169391,25,,,1,100,,1169399,25,,,1,98,,1169389,25,,,1,118,,1169390,25,,,1
8200,'2',656,,1169425,25,,,1,145,,1169427,25,,,1,30,,1169410,25,,,1,70,,1169428,25,,,1,33,,1169419,27,,,1,72,,1169405,27,,,1,30,,1169424,27,,,1,70,,1169406,27,,,1,30,,1169431,27,,,1,70,,1093971,27,,,1,30,,1169414,27,,,1,70,,1169426,27,,,1,30,,1169407,27,,,1,70,,1169423,27,,,1,30,,1169404,27,,,1,70,,1169420,27,,,1,30,,1169416,27,,,1,70,,1169418,27,,,1,30,,1169412,27,,,1,70,,1169432,27,,,1,30,,1169415,27,,,1,70,,1169413,27,,,1,30,,1169409,27,,,1,70,,1169417,27,,,1,30,,1169411,27,,,1,70,,1169429,27,,,1,30,,1169403,27,,,1,70,,1074668,27,,,1,28,,1169430,27,,,1,67,,1169421,25,,,1,30,,1169422,25,,,1,110,,1169408,25,,,1
8200,'3',729,,1169442,25,,,1,97,,1169434,25,,,1,100,,1169433,25,,,1,105,,1169452,27,,,1,70,,1169436,27,,,1,30,,1169449,27,,,1,70,,1169455,27,,,1,30,,1169440,27,,,1,70,,1169435,27,,,1,30,,1169450,27,,,1,70,,1169453,27,,,1,30,,1169451,27,,,1,70,,1169456,27,,,1,30,,1169441,27,,,1,70,,1169457,27,,,1,30,,1169438,27,,,1,70,,1169443,27,,,1,30,,1169437,27,,,1,70,,1169447,27,,,1,27,,1169439,25,,,1,30,,1169448,25,,,1,70,,1169446,25,,,1,100,,1169454,25,,,1,98,,1169444,25,,,1,118,,1169445,25,,,1
8200,'4',729,,1169462,25,,,1,97,,1169468,25,,,1,100,,1062496,25,,,1,105,,1169473,27,,,1,70,,1169474,27,,,1,30,,1169466,27,,,1,70,,1169476,27,,,1,30,,1169463,27,,,1,70,,1169469,27,,,1,30,,1169478,27,,,1,70,,1169472,27,,,1,30,,1169460,27,,,1,70,,1169480,27,,,1,30,,1169475,27,,,1,70,,1169459,27,,,1,30,,1169479,27,,,1,70,,1169464,27,,,1,30,,1169465,27,,,1,70,,1169461,27,,,1,27,,1169458,25,,,1,30,,1169470,25,,,1,70,,1169467,25,,,1,100,,1169471,25,,,1,98,,1169477,25,,,1,118,,1074235,25,,,1
8200,'5',525,,1169490,25,,,1,98,,1169483,25,,,1,107,,1169501,25,,,1,100,,1049029,25,,,1,70,,1169493,27,,,1,30,,1169484,27,,,1,29,,1169502,27,,,1,70,,1169512,27,,,1,30,,1169499,27,,,1,70,,1169511,27,,,1,30,,1169510,27,,,1,70,,1169498,27,,,1,30,,1169508,27,,,1,70,,1169496,27,,,1,71,,1169481,27,,,1,23,,1169491,12,,,1,8,,935110,27,,,1,73,,1169489,27,,,1,30,,1169488,30,,,1,70,,1169509,30,,,1,32,,1169487,30,,,1,71,,1169485,30,,,1,28,,1169486,30,,,1,67,,1169505,30,,,1,29,,1169504,30,,,1,70,,1169506,27,,,1,29,,1169492,27,,,1,28,,1169482,27,,,1,72,,1169503,27,,,1,70,,1169507,27,,,1,28,,1169500,27,,,1,29,,1169494,25,,,1,69,,1169495,25,,,1,100,,1011514,25,,,1
8200,'6',525,,1169546,25,,,1,98,,1169537,25,,,1,107,,1169524,25,,,1,100,,1169531,25,,,1,70,,1169528,27,,,1,30,,1169526,27,,,1,29,,1169545,27,,,1,70,,1169518,27,,,1,30,,1169521,27,,,1,70,,1169523,27,,,1,30,,1169539,27,,,1,70,,1169517,27,,,1,30,,1169514,27,,,1,70,,1169520,27,,,1,71,,1169522,27,,,1,23,,1169541,12,,,1,8,,1169535,27,,,1,73,,1169527,27,,,1,30,,1169538,30,,,1,70,,1169544,30,,,1,32,,1169542,30,,,1,71,,1169525,30,,,1,28,,1003589,30,,,1,67,,1169529,30,,,1,29,,1169519,30,,,1,70,,1169534,27,,,1,29,,1169513,27,,,1,28,,1169536,27,,,1,72,,1169532,27,,,1,70,,1169540,27,,,1,28,,1169516,27,,,1,29,,1169547,25,,,1,69,,1169543,25,,,1,100,,1169515,25,,,1
8200,'7',656,,1169570,25,,,1,145,,1169550,25,,,1,30,,1169551,25,,,1,70,,1169549,25,,,1,33,,1169576,27,,,1,72,,1169555,27,,,1,30,,1169579,27,,,1,70,,1169572,27,,,1,30,,1169554,27,,,1,70,,1169558,27,,,1,30,,1169560,27,,,1,70,,1169552,27,,,1,30,,1169569,27,,,1,70,,1169564,27,,,1,30,,1169578,27,,,1,70,,1169565,27,,,1,30,,1169575,27,,,1,70,,1169568,27,,,1,30,,1169556,27,,,1,70,,1169577,27,,,1,30,,1169566,27,,,1,70,,1169561,27,,,1,30,,1169557,27,,,1,70,,1169567,27,,,1,30,,1169563,27,,,1,70,,1169553,27,,,1,30,,1169562,27,,,1,70,,1169548,27,,,1,28,,1169574,27,,,1,67,,1169573,25,,,1,30,,1169571,25,,,1,110,,1169559,25,,,1
8200,'8',525,,1169614,25,,,1,98,,1169605,25,,,1,107,,1169592,25,,,1,100,,1169599,25,,,1,70,,1169596,27,,,1,30,,1169594,27,,,1,29,,1169613,27,,,1,70,,1169586,27,,,1,30,,1169589,27,,,1,70,,1169591,27,,,1,30,,1169607,27,,,1,70,,1169584,27,,,1,30,,1169581,27,,,1,70,,1169588,27,,,1,71,,1169590,27,,,1,23,,1169609,12,,,1,8,,1169603,27,,,1,73,,1169595,27,,,1,30,,1169606,30,,,1,70,,1169612,30,,,1,32,,1169610,30,,,1,71,,1169593,30,,,1,28,,1169585,30,,,1,67,,1169597,30,,,1,29,,1169587,30,,,1,70,,1169602,27,,,1,29,,1169580,27,,,1,28,,1169604,27,,,1,72,,1169600,27,,,1,70,,1169608,27,,,1,28,,1169583,27,,,1,29,,1169615,25,,,1,69,,1169611,25,,,1,100,,1169582,25,,,1
8200,'9',525,,1169625,25,,,1,98,,1169618,25,,,1,107,,1169636,25,,,1,100,,1049296,25,,,1,70,,1169628,27,,,1,30,,1169619,27,,,1,29,,1169637,27,,,1,70,,1169647,27,,,1,30,,1169634,27,,,1,70,,1169646,27,,,1,30,,1169645,27,,,1,70,,1169633,27,,,1,30,,1169643,27,,,1,70,,1169631,27,,,1,71,,1169616,27,,,1,23,,1169626,12,,,1,8,,935108,27,,,1,73,,1169624,27,,,1,30,,1169623,30,,,1,70,,1169644,30,,,1,32,,1169622,30,,,1,71,,1169620,30,,,1,28,,1169621,30,,,1,67,,1169640,30,,,1,29,,1169639,30,,,1,70,,1169641,27,,,1,29,,1169627,27,,,1,28,,1169617,27,,,1,72,,1169638,27,,,1,70,,1169642,27,,,1,28,,1169635,27,,,1,29,,1169629,25,,,1,69,,1169630,25,,,1,100,,1011686,25,,,1
