26500,'1',550,,1197378,23,,,1,70,,1197376,23,,,1,28,,1197375,23,,,1,69,,1197377,23,,,1,28,,1197373,23,,,1,71,,1197374,23,,,1,35,,907099,23,,,1
26500,'10',550,,1197384,23,,,1,70,,1197382,23,,,1,28,,1197381,23,,,1,69,,1197383,23,,,1,28,,1197379,23,,,1,71,,1197380,23,,,1,35,,907139,23,,,1
26500,'11',550,,1197390,23,,,1,70,,1197388,23,,,1,28,,1197387,23,,,1,69,,1197389,23,,,1,28,,1197385,23,,,1,71,,1197386,23,,,1,35,,907011,23,,,1
26500,'12',550,,1197391,23,,,1,70,,1197392,23,,,1,28,,1197396,23,,,1,69,,1080441,23,,,1,28,,1197395,23,,,1,71,,1197394,23,,,1,35,,1197393,23,,,1
26500,'14',550,,1197403,23,,,1,70,,1197401,23,,,1,28,,1197400,23,,,1,69,,1197402,23,,,1,28,,1197398,23,,,1,71,,1197399,23,,,1,35,,1197397,23,,,1
26500,'15',550,,1197404,23,,,1,70,,1197409,23,,,1,28,,1197406,23,,,1,69,,1197410,23,,,1,28,,1197407,23,,,1,71,,1197408,23,,,1,35,,1197405,23,,,1
26500,'16',550,,1197412,23,,,1,70,,1197413,23,,,1,28,,1197417,23,,,1,69,,1197411,23,,,1,28,,1197416,23,,,1,71,,1197415,23,,,1,35,,1197414,23,,,1
26500,'5',550,,1197423,23,,,1,70,,1197421,23,,,1,28,,1197420,23,,,1,69,,1197422,23,,,1,28,,1197418,23,,,1,71,,1197419,23,,,1,35,,907279,23,,,1
26500,'6',550,,1197425,23,,,1,70,,1197426,23,,,1,28,,1066284,23,,,1,69,,1197424,23,,,1,28,,1088988,23,,,1,71,,1046511,23,,,1,35,,1197427,23,,,1
26500,'8',550,,1197429,23,,,1,70,,1197430,23,,,1,28,,1197434,23,,,1,69,,1197428,23,,,1,28,,1197433,23,,,1,71,,1197432,23,,,1,35,,1197431,23,,,1
26500,'9',550,,1197440,23,,,1,70,,1197438,23,,,1,28,,1197437,23,,,1,69,,1197439,23,,,1,28,,1197435,23,,,1,71,,1197436,23,,,1,35,,907179,23,,,1
66300,'1',810,,1199741,27,,,1,2,,1199742,27,,,1,3,,1199738,27,,,1
66300,'10',810,,1199747,27,,,1,2,,1199748,27,,,1,3,,1199744,27,,,1
66300,'11',810,,1199753,27,,,1,2,,1199754,27,,,1,3,,1199750,27,,,1
66300,'12',810,,1199760,27,,,1,2,,1199759,27,,,1,3,,1199757,27,,,1
66300,'14',810,,1199765,27,,,1,2,,1199766,27,,,1,3,,1199762,27,,,1
66300,'15',810,,1199770,27,,,1,2,,1199771,27,,,1,3,,1199772,27,,,1
66300,'16',810,,1199777,27,,,1,2,,1199776,27,,,1,3,,1199774,27,,,1
66300,'5',810,,1199782,27,,,1,2,,1199783,27,,,1,3,,1199779,27,,,1
66300,'6',810,,1094267,27,,,1,2,,1199788,27,,,1,3,,1199786,27,,,1
66300,'8',810,,1199794,27,,,1,2,,1199793,27,,,1,3,,1199791,27,,,1
66300,'9',810,,1199799,27,,,1,2,,1199800,27,,,1,3,,1199796,27,,,1
