900,'1',604,,1110980,4,,,1,29,,1110991,4,,,1,70,,1110993,4,,,1,31,,1110982,4,,,1,69,,1110988,4,,,1,31,,1110979,4,,,1,69,,1110990,4,,,1,31,,1101969,4,,,1,70,,1110971,4,,,1,30,,1110996,4,,,1,70,,1110977,4,,,1,30,,1110975,4,,,1,70,,1068553,4,,,1,30,,1110972,4,,,1,70,,1110976,4,,,1,30,,1085022,4,,,1,70,,1070936,4,,,1,30,,1110992,4,,,1,72,,1110985,4,,,1,30,,1067400,4,,,1,69,,1110994,4,,,1,30,,1110984,4,,,1,70,,1110986,4,,,1,29,,1110974,4,,,1,70,,1110981,4,,,1,30,,1110987,4,,,1,69,,1042013,4,,,1,31,,1110983,4,,,1,69,,1110973,4,,,1,30,,1110995,4,,,1,70,,982481,4,,,1,30,,1110978,4,,,1,70,,1110970,4,,,1,30,,1110989,4,,,1,78,,1110997,4,,,1
900,'10',604,,1111008,4,,,1,29,,1111019,4,,,1,70,,1111021,4,,,1,31,,1111010,4,,,1,69,,1111016,4,,,1,31,,1111007,4,,,1,69,,1111018,4,,,1,31,,1101960,4,,,1,70,,1110999,4,,,1,30,,1111024,4,,,1,70,,1111005,4,,,1,30,,1111003,4,,,1,70,,1068514,4,,,1,30,,1111000,4,,,1,70,,1111004,4,,,1,30,,1084897,4,,,1,70,,1070722,4,,,1,30,,1111020,4,,,1,72,,1111013,4,,,1,30,,1067108,4,,,1,69,,1111022,4,,,1,30,,1111012,4,,,1,70,,1111014,4,,,1,29,,1111002,4,,,1,70,,1111009,4,,,1,30,,1111015,4,,,1,69,,1042125,4,,,1,31,,1111011,4,,,1,69,,1111001,4,,,1,30,,1111023,4,,,1,70,,982300,4,,,1,30,,1111006,4,,,1,70,,1110998,4,,,1,30,,1111017,4,,,1,78,,1111025,4,,,1
900,'11',604,,1111036,4,,,1,29,,1111047,4,,,1,70,,1111049,4,,,1,31,,1111038,4,,,1,69,,1111044,4,,,1,31,,1111035,4,,,1,69,,1111046,4,,,1,31,,1101972,4,,,1,70,,1111027,4,,,1,30,,1111052,4,,,1,70,,1111033,4,,,1,30,,1111031,4,,,1,70,,1068566,4,,,1,30,,1111028,4,,,1,70,,1111032,4,,,1,30,,1085056,4,,,1,70,,1071001,4,,,1,30,,1111048,4,,,1,72,,1111041,4,,,1,30,,1067482,4,,,1,69,,1111050,4,,,1,30,,1111040,4,,,1,70,,1111042,4,,,1,29,,1111030,4,,,1,70,,1111037,4,,,1,30,,1111043,4,,,1,69,,1041982,4,,,1,31,,1111039,4,,,1,69,,1111029,4,,,1,30,,1111051,4,,,1,70,,982450,4,,,1,30,,1111034,4,,,1,70,,1111026,4,,,1,30,,1111045,4,,,1,78,,1111053,4,,,1
900,'12',604,,1111067,4,,,1,29,,1111065,4,,,1,70,,1111058,4,,,1,31,,1084094,4,,,1,69,,1111064,4,,,1,31,,1111056,4,,,1,69,,1111066,4,,,1,31,,1111069,4,,,1,70,,1111057,4,,,1,30,,1111086,4,,,1,70,,1111083,4,,,1,30,,1111060,4,,,1,70,,1111085,4,,,1,30,,1111071,4,,,1,70,,1111077,4,,,1,30,,1111076,4,,,1,70,,1111063,4,,,1,30,,1111081,4,,,1,72,,1111073,4,,,1,30,,1111055,4,,,1,69,,1111054,4,,,1,30,,1111059,4,,,1,70,,1111078,4,,,1,29,,1111079,4,,,1,70,,1111084,4,,,1,30,,1111072,4,,,1,69,,1111074,4,,,1,31,,1111062,4,,,1,69,,1111082,4,,,1,30,,1111061,4,,,1,70,,1111075,4,,,1,30,,1111068,4,,,1,70,,1111080,4,,,1,30,,998116,4,,,1,78,,1111070,4,,,1
900,'13',822,,1111092,4,,,1,30,,1111089,4,,,1,70,,1111093,4,,,1,30,,1111107,4,,,1,70,,1111099,4,,,1,30,,1111095,4,,,1,70,,1111100,4,,,1,30,,1111094,4,,,1,70,,1111108,4,,,1,30,,1111087,4,,,1,70,,1111103,4,,,1,30,,1111111,4,,,1,70,,1111112,4,,,1,30,,1111096,4,,,1,70,,1111109,4,,,1,30,,1111097,4,,,1,70,,1111104,4,,,1,30,,1111106,4,,,1,70,,1111113,4,,,1,30,,1111102,4,,,1,70,,1111098,4,,,1,30,,1111088,4,,,1,70,,1111110,4,,,1,30,,1111105,4,,,1,70,,1111101,4,,,1,100,,1111091,4,,,1,100,,1111090,4,,,1
900,'14',604,,1111129,4,,,1,29,,1111141,4,,,1,70,,1111143,4,,,1,31,,1111131,4,,,1,69,,1111138,4,,,1,31,,1111128,4,,,1,69,,1111140,4,,,1,31,,1111147,4,,,1,70,,1111115,4,,,1,30,,1111146,4,,,1,70,,1111126,4,,,1,30,,1111124,4,,,1,70,,1111118,4,,,1,30,,1111116,4,,,1,70,,1111125,4,,,1,30,,1111117,4,,,1,70,,1111121,4,,,1,30,,1111142,4,,,1,72,,1111134,4,,,1,30,,1111123,4,,,1,69,,1111144,4,,,1,30,,1111133,4,,,1,70,,1111135,4,,,1,29,,1111122,4,,,1,70,,1111130,4,,,1,30,,1111137,4,,,1,69,,1111136,4,,,1,31,,1111132,4,,,1,69,,1111119,4,,,1,30,,1111145,4,,,1,70,,1111120,4,,,1,30,,1111127,4,,,1,70,,1111114,4,,,1,30,,1111139,4,,,1,78,,1111148,4,,,1
900,'15',604,,1111180,4,,,1,29,,1111149,4,,,1,70,,1111181,4,,,1,31,,1111167,4,,,1,69,,1111165,4,,,1,31,,1111173,4,,,1,69,,1111170,4,,,1,31,,1111171,4,,,1,70,,1111183,4,,,1,30,,1111162,4,,,1,70,,1111172,4,,,1,30,,1111150,4,,,1,70,,1111182,4,,,1,30,,1111160,4,,,1,70,,1111166,4,,,1,30,,1111152,4,,,1,70,,1111179,4,,,1,30,,1111159,4,,,1,72,,1111175,4,,,1,30,,1111153,4,,,1,69,,1111168,4,,,1,30,,1111157,4,,,1,70,,1111178,4,,,1,29,,1111163,4,,,1,70,,1111176,4,,,1,30,,1111161,4,,,1,69,,1111154,4,,,1,31,,1111169,4,,,1,69,,1111155,4,,,1,30,,1111156,4,,,1,70,,1111164,4,,,1,30,,1111158,4,,,1,70,,1111174,4,,,1,30,,1111177,4,,,1,78,,1111151,4,,,1
900,'16',604,,1111195,4,,,1,29,,1111193,4,,,1,70,,1111187,4,,,1,31,,1111184,4,,,1,69,,1111192,4,,,1,31,,1111185,4,,,1,69,,1111194,4,,,1,31,,1111197,4,,,1,70,,1111186,4,,,1,30,,1064723,4,,,1,70,,1111210,4,,,1,30,,1111189,4,,,1,70,,1111212,4,,,1,30,,1111199,4,,,1,70,,1111204,4,,,1,30,,1111203,4,,,1,70,,1111191,4,,,1,30,,1111208,4,,,1,72,,1025125,4,,,1,30,,1016329,4,,,1,69,,1088168,4,,,1,30,,1081705,4,,,1,70,,1111205,4,,,1,29,,1111206,4,,,1,70,,1111211,4,,,1,30,,1111200,4,,,1,69,,1111201,4,,,1,31,,1111190,4,,,1,69,,1111209,4,,,1,30,,1096464,4,,,1,70,,1111202,4,,,1,30,,1111196,4,,,1,70,,1111207,4,,,1,30,,1111188,4,,,1,78,,1111198,4,,,1
900,'17',822,,1111218,4,,,1,30,,1111215,4,,,1,70,,1111219,4,,,1,30,,1111233,4,,,1,70,,1111225,4,,,1,30,,1111221,4,,,1,70,,1111226,4,,,1,30,,1111220,4,,,1,70,,1111234,4,,,1,30,,1111213,4,,,1,70,,1111229,4,,,1,30,,1111237,4,,,1,70,,1111238,4,,,1,30,,1111222,4,,,1,70,,1111235,4,,,1,30,,1111223,4,,,1,70,,1111230,4,,,1,30,,1111232,4,,,1,70,,1111239,4,,,1,30,,1111228,4,,,1,70,,1111224,4,,,1,30,,1111214,4,,,1,70,,1111236,4,,,1,30,,1111231,4,,,1,70,,1111227,4,,,1,100,,1111217,4,,,1,100,,1111216,4,,,1
900,'2',647,,1111265,4,,,1,100,,1111268,4,,,1,70,,1111247,4,,,1,30,,1111250,4,,,1,70,,1111254,4,,,1,30,,1098013,4,,,1,70,,1111248,4,,,1,30,,1111269,4,,,1,70,,1111266,4,,,1,30,,1111255,4,,,1,70,,1111256,4,,,1,30,,1111260,4,,,1,70,,1111259,4,,,1,30,,1111262,4,,,1,70,,1111244,4,,,1,30,,1111243,4,,,1,70,,1111242,4,,,1,30,,1111258,4,,,1,70,,1111241,4,,,1,30,,1111263,4,,,1,70,,1111253,4,,,1,30,,1111261,4,,,1,70,,1111252,4,,,1,30,,1111240,4,,,1,70,,1111249,4,,,1,30,,1111264,4,,,1,70,,1111245,4,,,1,30,,1111257,4,,,1,70,,1111267,4,,,1,100,,1111246,4,,,1,100,,1111251,4,,,1
900,'3',822,,1111275,4,,,1,30,,1111272,4,,,1,70,,1111276,4,,,1,30,,1111290,4,,,1,70,,1111282,4,,,1,30,,1111278,4,,,1,70,,1111283,4,,,1,30,,1111277,4,,,1,70,,1111291,4,,,1,30,,1111270,4,,,1,70,,1111286,4,,,1,30,,1111294,4,,,1,70,,1111295,4,,,1,30,,1111279,4,,,1,70,,1111292,4,,,1,30,,1111280,4,,,1,70,,1111287,4,,,1,30,,1111289,4,,,1,70,,1111296,4,,,1,30,,1111285,4,,,1,70,,1111281,4,,,1,30,,1111271,4,,,1,70,,1111293,4,,,1,30,,1111288,4,,,1,70,,1111284,4,,,1,100,,1111274,4,,,1,100,,1111273,4,,,1
900,'4',822,,1111305,4,,,1,30,,1111307,4,,,1,70,,1111318,4,,,1,30,,1111317,4,,,1,70,,1111315,4,,,1,30,,1111319,4,,,1,70,,1111309,4,,,1,30,,1111313,4,,,1,70,,1111297,4,,,1,30,,1111304,4,,,1,70,,1111310,4,,,1,30,,1111299,4,,,1,70,,1111316,4,,,1,30,,1111312,4,,,1,70,,1111314,4,,,1,30,,1111306,4,,,1,70,,1111311,4,,,1,30,,1111308,4,,,1,70,,1111302,4,,,1,30,,1111303,4,,,1,70,,1111301,4,,,1,30,,1035817,4,,,1,70,,1111298,4,,,1,30,,1111320,4,,,1,70,,1111321,4,,,1,100,,1101574,4,,,1,100,,1111300,4,,,1
900,'5',604,,1111332,4,,,1,29,,1111343,4,,,1,70,,1111345,4,,,1,31,,1111334,4,,,1,69,,1111340,4,,,1,31,,1111331,4,,,1,69,,1111342,4,,,1,31,,1101966,4,,,1,70,,1111323,4,,,1,30,,1111348,4,,,1,70,,1111329,4,,,1,30,,1111327,4,,,1,70,,1068540,4,,,1,30,,1111324,4,,,1,70,,1111328,4,,,1,30,,1085002,4,,,1,70,,1070897,4,,,1,30,,1111344,4,,,1,72,,1111337,4,,,1,30,,1067359,4,,,1,69,,1111346,4,,,1,30,,1111336,4,,,1,70,,1111338,4,,,1,29,,1111326,4,,,1,70,,1111333,4,,,1,30,,1111339,4,,,1,69,,1041813,4,,,1,31,,1111335,4,,,1,69,,1111325,4,,,1,30,,1111347,4,,,1,70,,982574,4,,,1,30,,1111330,4,,,1,70,,1111322,4,,,1,30,,1111341,4,,,1,78,,1111349,4,,,1
900,'6',604,,1111362,4,,,1,29,,1111360,4,,,1,70,,1111353,4,,,1,31,,1111350,4,,,1,69,,1111359,4,,,1,31,,1068699,4,,,1,69,,1111361,4,,,1,31,,1111364,4,,,1,70,,1045949,4,,,1,30,,1111380,4,,,1,70,,1111378,4,,,1,30,,1032572,4,,,1,70,,1111379,4,,,1,30,,1111366,4,,,1,70,,1111372,4,,,1,30,,1111371,4,,,1,70,,1111358,4,,,1,30,,1111376,4,,,1,72,,1111368,4,,,1,30,,1111352,4,,,1,69,,1111351,4,,,1,30,,1111355,4,,,1,70,,1111373,4,,,1,29,,1111374,4,,,1,70,,1096526,4,,,1,30,,1111367,4,,,1,69,,1111369,4,,,1,31,,1111357,4,,,1,69,,1111377,4,,,1,30,,1111356,4,,,1,70,,1111370,4,,,1,30,,1111363,4,,,1,70,,1111375,4,,,1,30,,1111354,4,,,1,78,,1111365,4,,,1
900,'7',647,,1111409,4,,,1,100,,1111407,4,,,1,70,,1111391,4,,,1,30,,1111387,4,,,1,70,,1111390,4,,,1,30,,1111401,4,,,1,70,,1111403,4,,,1,30,,1111408,4,,,1,70,,1111393,4,,,1,30,,1111383,4,,,1,70,,1111385,4,,,1,30,,1111406,4,,,1,70,,1111388,4,,,1,30,,1111410,4,,,1,70,,1111411,4,,,1,30,,1111397,4,,,1,70,,1111384,4,,,1,30,,1111400,4,,,1,70,,1111389,4,,,1,30,,1111405,4,,,1,70,,1111396,4,,,1,30,,1111395,4,,,1,70,,1111392,4,,,1,30,,1111399,4,,,1,70,,1111382,4,,,1,30,,1111386,4,,,1,70,,1111394,4,,,1,30,,1111402,4,,,1,70,,1111404,4,,,1,100,,1111381,4,,,1,100,,1111398,4,,,1
900,'8',604,,1111427,4,,,1,29,,1111425,4,,,1,70,,1111417,4,,,1,31,,1111412,4,,,1,69,,1111424,4,,,1,31,,1111415,4,,,1,69,,1111426,4,,,1,31,,1111429,4,,,1,70,,1111416,4,,,1,30,,1111446,4,,,1,70,,1111443,4,,,1,30,,1111420,4,,,1,70,,1111445,4,,,1,30,,1111431,4,,,1,70,,1111437,4,,,1,30,,1111436,4,,,1,70,,1111423,4,,,1,30,,1111441,4,,,1,72,,1111433,4,,,1,30,,1111414,4,,,1,69,,1111413,4,,,1,30,,1111419,4,,,1,70,,1111438,4,,,1,29,,1111439,4,,,1,70,,1111444,4,,,1,30,,1111432,4,,,1,69,,1111434,4,,,1,31,,1111422,4,,,1,69,,1111442,4,,,1,30,,1111421,4,,,1,70,,1111435,4,,,1,30,,1111428,4,,,1,70,,1111440,4,,,1,30,,1111418,4,,,1,78,,1111430,4,,,1
900,'9',604,,1111457,4,,,1,29,,1111468,4,,,1,70,,1111470,4,,,1,31,,1111459,4,,,1,69,,1111465,4,,,1,31,,1111456,4,,,1,69,,1111467,4,,,1,31,,1101963,4,,,1,70,,1111448,4,,,1,30,,1111473,4,,,1,70,,1111454,4,,,1,30,,1111452,4,,,1,70,,1068527,4,,,1,30,,1111449,4,,,1,70,,1111453,4,,,1,30,,1084935,4,,,1,70,,1070789,4,,,1,30,,1111469,4,,,1,72,,1111462,4,,,1,30,,1067200,4,,,1,69,,1111471,4,,,1,30,,1111461,4,,,1,70,,1111463,4,,,1,29,,1111451,4,,,1,70,,1111458,4,,,1,30,,1111464,4,,,1,69,,1042044,4,,,1,31,,1111460,4,,,1,69,,1111450,4,,,1,30,,1111472,4,,,1,70,,982543,4,,,1,30,,1111455,4,,,1,70,,1111447,4,,,1,30,,1111466,4,,,1,78,,1111474,4,,,1
60900,'1',825,,1198867,17,,,1,7,,1198868,4,,,1
60900,'10',825,,1198869,17,,,1,7,,1198870,4,,,1
60900,'11',825,,1198871,17,,,1,7,,1198872,4,,,1
60900,'12',825,,1198874,17,,,1,7,,1198873,4,,,1
60900,'14',825,,1198875,17,,,1,7,,1198876,4,,,1
60900,'15',825,,1198878,17,,,1,7,,1198877,4,,,1
60900,'16',825,,1198880,17,,,1,7,,1198879,4,,,1
60900,'5',825,,1198881,17,,,1,7,,1198882,4,,,1
60900,'6',825,,1198884,17,,,1,7,,1198883,4,,,1
60900,'8',825,,1198886,17,,,1,7,,1198885,4,,,1
60900,'9',825,,1198887,17,,,1,7,,1198888,4,,,1
