901,'1',538,,1111476,14,,,1,70,,1111480,14,,,1,30,,1076289,14,,,1,72,,1111502,14,,,1,35,,1111484,14,,,1,73,,1111505,14,,,1,30,,1111478,14,,,1,70,,1111501,14,,,1,24,,1111495,14,,,1,68,,1074073,14,,,1,30,,1111489,14,,,1,71,,1065786,14,,,1,30,,1111491,14,,,1,71,,1111497,14,,,1,31,,1111503,14,,,1,72,,1111499,14,,,1,31,,1111496,14,,,1,70,,1111475,14,,,1,32,,1111498,14,,,1,74,,1111482,14,,,1,33,,1111485,14,,,1,73,,1111492,14,,,1,29,,1102257,14,,,1,69,,1111486,14,,,1,26,,1095633,14,,,1,68,,1111483,14,,,1,27,,1111488,14,,,1,67,,1111504,14,,,1,26,,1111490,14,,,1,69,,1111481,14,,,1,29,,1111500,14,,,1,69,,1111477,14,,,1,30,,1111493,14,,,1,70,,1111494,14,,,1,30,,1111487,14,,,1,70,,1111479,14,,,1
901,'10',538,,1111507,14,,,1,70,,1111511,14,,,1,30,,1076078,14,,,1,72,,1111533,14,,,1,35,,1111515,14,,,1,73,,1111536,14,,,1,30,,1111509,14,,,1,70,,1111532,14,,,1,24,,1111526,14,,,1,68,,1073943,14,,,1,30,,1111520,14,,,1,71,,1065582,14,,,1,30,,1111522,14,,,1,71,,1111528,14,,,1,31,,1111534,14,,,1,72,,1111530,14,,,1,31,,1111527,14,,,1,70,,1111506,14,,,1,32,,1111529,14,,,1,74,,1111513,14,,,1,33,,1111516,14,,,1,73,,1111523,14,,,1,29,,1102239,14,,,1,69,,1111517,14,,,1,26,,1095399,14,,,1,68,,1111514,14,,,1,27,,1111519,14,,,1,67,,1111535,14,,,1,26,,1111521,14,,,1,69,,1111512,14,,,1,29,,1111531,14,,,1,69,,1111508,14,,,1,30,,1111524,14,,,1,70,,1111525,14,,,1,30,,1111518,14,,,1,70,,1111510,14,,,1
901,'11',538,,1111538,14,,,1,70,,1111542,14,,,1,30,,1076354,14,,,1,72,,1111564,14,,,1,35,,1111546,14,,,1,73,,1111567,14,,,1,30,,1111540,14,,,1,70,,1111563,14,,,1,24,,1111557,14,,,1,68,,1074108,14,,,1,30,,1111551,14,,,1,71,,1065845,14,,,1,30,,1111553,14,,,1,71,,1111559,14,,,1,31,,1111565,14,,,1,72,,1111561,14,,,1,31,,1111558,14,,,1,70,,1111537,14,,,1,32,,1111560,14,,,1,74,,1111544,14,,,1,33,,1111547,14,,,1,73,,1111554,14,,,1,29,,1102263,14,,,1,69,,1111548,14,,,1,26,,1095706,14,,,1,68,,1111545,14,,,1,27,,1111550,14,,,1,67,,1111566,14,,,1,26,,1111552,14,,,1,69,,1111543,14,,,1,29,,1111562,14,,,1,69,,1111539,14,,,1,30,,1111555,14,,,1,70,,1111556,14,,,1,30,,1111549,14,,,1,70,,1111541,14,,,1
901,'12',538,,1111583,14,,,1,70,,1111576,14,,,1,30,,1111578,14,,,1,72,,1032377,14,,,1,35,,891144,14,,,1,73,,1111594,14,,,1,30,,951539,14,,,1,70,,1111574,14,,,1,24,,1090431,14,,,1,68,,1111589,14,,,1,30,,1111575,14,,,1,71,,1111580,14,,,1,30,,1111588,14,,,1,71,,1111569,14,,,1,31,,1111570,14,,,1,72,,1111592,14,,,1,31,,1111595,14,,,1,70,,1111571,14,,,1,32,,1111587,14,,,1,74,,1069057,14,,,1,33,,1111573,14,,,1,73,,1074240,14,,,1,29,,1111584,14,,,1,69,,1111590,14,,,1,26,,1111585,14,,,1,68,,1111591,14,,,1,27,,1111596,14,,,1,67,,1111581,14,,,1,26,,1111572,14,,,1,69,,1111586,14,,,1,29,,1111593,14,,,1,69,,1111568,14,,,1,30,,1079490,14,,,1,70,,1111577,14,,,1,30,,1111582,14,,,1,70,,1111579,14,,,1
901,'13',750,,1111614,14,,,1,150,,1089421,14,,,1,30,,1079459,14,,,1,70,,1111609,14,,,1,30,,1111607,14,,,1,70,,1111611,14,,,1,30,,1111606,14,,,1,70,,1111600,14,,,1,30,,1111604,14,,,1,70,,1004326,14,,,1,30,,1111598,14,,,1,70,,1111620,14,,,1,30,,1111618,14,,,1,70,,1111599,14,,,1,30,,1111610,14,,,1,70,,1111616,14,,,1,30,,1111605,14,,,1,70,,1111601,14,,,1,30,,1111603,14,,,1,70,,1111615,14,,,1,30,,1111602,14,,,1,70,,1111612,14,,,1,30,,1111608,14,,,1,70,,1111597,14,,,1,30,,1075365,14,,,1,70,,1111619,14,,,1,100,,1111617,14,,,1,100,,1111613,14,,,1
901,'14',538,,1111623,14,,,1,70,,1111628,14,,,1,30,,1111626,14,,,1,72,,1111651,14,,,1,35,,1111632,14,,,1,73,,1111655,14,,,1,30,,1111625,14,,,1,70,,1111650,14,,,1,24,,1111644,14,,,1,68,,1111634,14,,,1,30,,1111638,14,,,1,71,,1111622,14,,,1,30,,1111640,14,,,1,71,,1111646,14,,,1,31,,1111652,14,,,1,72,,1111648,14,,,1,31,,1111645,14,,,1,70,,1111621,14,,,1,32,,1111647,14,,,1,74,,1111630,14,,,1,33,,1111633,14,,,1,73,,1111641,14,,,1,29,,1111656,14,,,1,69,,1111635,14,,,1,26,,1111654,14,,,1,68,,1111631,14,,,1,27,,1111637,14,,,1,67,,1111653,14,,,1,26,,1111639,14,,,1,69,,1111629,14,,,1,29,,1111649,14,,,1,69,,1111624,14,,,1,30,,1111642,14,,,1,70,,1111643,14,,,1,30,,1111636,14,,,1,70,,1111627,14,,,1
901,'15',538,,1111676,14,,,1,70,,1111681,14,,,1,30,,1111664,14,,,1,72,,1111682,14,,,1,35,,1111687,14,,,1,73,,1111665,14,,,1,30,,1111658,14,,,1,70,,1111659,14,,,1,24,,1111691,14,,,1,68,,1111683,14,,,1,30,,1111679,14,,,1,71,,1111663,14,,,1,30,,1111685,14,,,1,71,,1111678,14,,,1,31,,1111688,14,,,1,72,,1111672,14,,,1,31,,1111686,14,,,1,70,,1111673,14,,,1,32,,1111674,14,,,1,74,,1111690,14,,,1,33,,1111657,14,,,1,73,,1111666,14,,,1,29,,1111689,14,,,1,69,,1111670,14,,,1,26,,1111662,14,,,1,68,,1111684,14,,,1,27,,1111680,14,,,1,67,,1111661,14,,,1,26,,1111692,14,,,1,69,,1111668,14,,,1,29,,1111660,14,,,1,69,,1111675,14,,,1,30,,1111667,14,,,1,70,,1111669,14,,,1,30,,1111671,14,,,1,70,,1111677,14,,,1
901,'16',538,,1111712,14,,,1,70,,1111705,14,,,1,30,,1111707,14,,,1,72,,1111700,14,,,1,35,,1111724,14,,,1,73,,1111722,14,,,1,30,,1111702,14,,,1,70,,1111703,14,,,1,24,,1111697,14,,,1,68,,1111717,14,,,1,30,,1111704,14,,,1,71,,1111709,14,,,1,30,,1111716,14,,,1,71,,1111696,14,,,1,31,,1111698,14,,,1,72,,1111720,14,,,1,31,,1111723,14,,,1,70,,1111699,14,,,1,32,,1111715,14,,,1,74,,1111693,14,,,1,33,,1111701,14,,,1,73,,1111695,14,,,1,29,,1111713,14,,,1,69,,1111718,14,,,1,26,,1111714,14,,,1,68,,1111719,14,,,1,27,,1094855,14,,,1,67,,1111710,14,,,1,26,,1088828,14,,,1,69,,1078755,14,,,1,29,,1111721,14,,,1,69,,1072364,14,,,1,30,,1111694,14,,,1,70,,1111706,14,,,1,30,,1111711,14,,,1,70,,1111708,14,,,1
901,'17',750,,1111744,14,,,1,150,,1111726,14,,,1,30,,1111729,14,,,1,70,,1111739,14,,,1,30,,1111737,14,,,1,70,,1111741,14,,,1,30,,1111736,14,,,1,70,,1111730,14,,,1,30,,1111734,14,,,1,70,,1111751,14,,,1,30,,1111727,14,,,1,70,,1111752,14,,,1,30,,1111748,14,,,1,70,,1111728,14,,,1,30,,1111740,14,,,1,70,,1111746,14,,,1,30,,1111735,14,,,1,70,,1111731,14,,,1,30,,1111733,14,,,1,70,,1111745,14,,,1,30,,1111732,14,,,1,70,,1111742,14,,,1,30,,1111738,14,,,1,70,,1111725,14,,,1,30,,1111750,14,,,1,70,,1111749,14,,,1,100,,1111747,14,,,1,100,,1111743,14,,,1
901,'2',655,,1111776,14,,,1,70,,1111760,14,,,1,100,,1111777,14,,,1,30,,1063825,14,,,1,70,,1111759,14,,,1,30,,1111772,14,,,1,70,,1111758,14,,,1,30,,1111754,14,,,1,70,,1111766,14,,,1,30,,1111775,14,,,1,70,,1092041,14,,,1,30,,1111763,14,,,1,70,,1111753,14,,,1,30,,1111765,14,,,1,70,,1035732,14,,,1,30,,1111757,14,,,1,70,,1111767,14,,,1,30,,1111768,14,,,1,70,,1111771,14,,,1,30,,1111769,14,,,1,70,,1111755,14,,,1,30,,1049650,14,,,1,70,,1111773,14,,,1,30,,1111761,14,,,1,70,,1111764,14,,,1,30,,1111770,14,,,1,70,,1111762,14,,,1,30,,1111774,14,,,1,100,,1111778,14,,,1,100,,1070761,14,,,1,100,,1111756,14,,,1
901,'3',750,,1111798,14,,,1,150,,1111780,14,,,1,30,,1111783,14,,,1,70,,1111793,14,,,1,30,,1111791,14,,,1,70,,1111795,14,,,1,30,,1111790,14,,,1,70,,1111784,14,,,1,30,,1111788,14,,,1,70,,1111805,14,,,1,30,,1111781,14,,,1,70,,1111806,14,,,1,30,,1111802,14,,,1,70,,1111782,14,,,1,30,,1111794,14,,,1,70,,1111800,14,,,1,30,,1111789,14,,,1,70,,1111785,14,,,1,30,,1111787,14,,,1,70,,1111799,14,,,1,30,,1111786,14,,,1,70,,1111796,14,,,1,30,,1111792,14,,,1,70,,1111779,14,,,1,30,,1111804,14,,,1,70,,1111803,14,,,1,100,,1111801,14,,,1,100,,1111797,14,,,1
901,'4',750,,1111830,14,,,1,150,,1064630,14,,,1,30,,1111817,14,,,1,70,,1111816,14,,,1,30,,1111820,14,,,1,70,,1111812,14,,,1,30,,1111810,14,,,1,70,,1111824,14,,,1,30,,1111818,14,,,1,70,,1111809,14,,,1,30,,1111822,14,,,1,70,,1111814,14,,,1,30,,1111815,14,,,1,70,,1111819,14,,,1,30,,1111821,14,,,1,70,,1111813,14,,,1,30,,1111808,14,,,1,70,,1111829,14,,,1,30,,1111823,14,,,1,70,,1111827,14,,,1,30,,1111826,14,,,1,70,,1111828,14,,,1,30,,1035835,14,,,1,70,,1111811,14,,,1,30,,1094528,14,,,1,70,,1096345,14,,,1,100,,1111825,14,,,1,100,,1111807,14,,,1
901,'5',538,,1111832,14,,,1,70,,1111836,14,,,1,30,,1076253,14,,,1,72,,1111858,14,,,1,35,,1111840,14,,,1,73,,1111861,14,,,1,30,,1111834,14,,,1,70,,1111857,14,,,1,24,,1111851,14,,,1,68,,1074054,14,,,1,30,,1111845,14,,,1,71,,1065752,14,,,1,30,,1111847,14,,,1,71,,1111853,14,,,1,31,,1111859,14,,,1,72,,1111855,14,,,1,31,,1111852,14,,,1,70,,1111831,14,,,1,32,,1111854,14,,,1,74,,1111838,14,,,1,33,,1111841,14,,,1,73,,1111848,14,,,1,29,,1102251,14,,,1,69,,1111842,14,,,1,26,,1095586,14,,,1,68,,1111839,14,,,1,27,,1111844,14,,,1,67,,1111860,14,,,1,26,,1111846,14,,,1,69,,1111837,14,,,1,29,,1111856,14,,,1,69,,1111833,14,,,1,30,,1111849,14,,,1,70,,1111850,14,,,1,30,,1111843,14,,,1,70,,1111835,14,,,1
901,'6',538,,1111880,14,,,1,70,,1111873,14,,,1,30,,1111875,14,,,1,72,,1111869,14,,,1,35,,1111893,14,,,1,73,,1111890,14,,,1,30,,1111870,14,,,1,70,,1111871,14,,,1,24,,1111866,14,,,1,68,,1111885,14,,,1,30,,1111872,14,,,1,71,,1111877,14,,,1,30,,1111884,14,,,1,71,,1096868,14,,,1,31,,1065885,14,,,1,72,,1111888,14,,,1,31,,1111891,14,,,1,70,,1111867,14,,,1,32,,1111883,14,,,1,74,,1111862,14,,,1,33,,1047694,14,,,1,73,,1111865,14,,,1,29,,1076054,14,,,1,69,,1111886,14,,,1,26,,1111881,14,,,1,68,,1111887,14,,,1,27,,1111892,14,,,1,67,,1111878,14,,,1,26,,1111868,14,,,1,69,,1111882,14,,,1,29,,1111889,14,,,1,69,,1111864,14,,,1,30,,1111863,14,,,1,70,,1111874,14,,,1,30,,1111879,14,,,1,70,,1111876,14,,,1
901,'7',655,,1111903,14,,,1,70,,1111916,14,,,1,100,,1111923,14,,,1,30,,1111906,14,,,1,70,,1111905,14,,,1,30,,1111897,14,,,1,70,,1111913,14,,,1,30,,1111899,14,,,1,70,,1111908,14,,,1,30,,1111924,14,,,1,70,,1111918,14,,,1,30,,1111894,14,,,1,70,,1111904,14,,,1,30,,1111909,14,,,1,70,,1111896,14,,,1,30,,1111910,14,,,1,70,,1111917,14,,,1,30,,1111914,14,,,1,70,,1111900,14,,,1,30,,1111915,14,,,1,70,,1111911,14,,,1,30,,1111901,14,,,1,70,,1111895,14,,,1,30,,1111922,14,,,1,70,,1111919,14,,,1,30,,1111902,14,,,1,70,,1111898,14,,,1,30,,1111920,14,,,1,100,,1111907,14,,,1,100,,1111912,14,,,1,100,,1111921,14,,,1
901,'8',538,,1111946,14,,,1,70,,1111939,14,,,1,30,,1111941,14,,,1,72,,1111934,14,,,1,35,,1111960,14,,,1,73,,1111957,14,,,1,30,,1111936,14,,,1,70,,1111937,14,,,1,24,,1111930,14,,,1,68,,1111952,14,,,1,30,,1111938,14,,,1,71,,1111943,14,,,1,30,,1111951,14,,,1,71,,1111929,14,,,1,31,,1111931,14,,,1,72,,1111955,14,,,1,31,,1111958,14,,,1,70,,1111932,14,,,1,32,,1111950,14,,,1,74,,1111925,14,,,1,33,,1111935,14,,,1,73,,1111928,14,,,1,29,,1111947,14,,,1,69,,1111953,14,,,1,26,,1111948,14,,,1,68,,1111954,14,,,1,27,,1111959,14,,,1,67,,1111944,14,,,1,26,,1111933,14,,,1,69,,1111949,14,,,1,29,,1111956,14,,,1,69,,1111927,14,,,1,30,,1111926,14,,,1,70,,1111940,14,,,1,30,,1111945,14,,,1,70,,1111942,14,,,1
901,'9',538,,1111962,14,,,1,70,,1111966,14,,,1,30,,1076142,14,,,1,72,,1111988,14,,,1,35,,1111970,14,,,1,73,,1111991,14,,,1,30,,1111964,14,,,1,70,,1111987,14,,,1,24,,1111981,14,,,1,68,,1073977,14,,,1,30,,1111975,14,,,1,71,,1065645,14,,,1,30,,1111977,14,,,1,71,,1111983,14,,,1,31,,1111989,14,,,1,72,,1111985,14,,,1,31,,1111982,14,,,1,70,,1111961,14,,,1,32,,1111984,14,,,1,74,,1111968,14,,,1,33,,1111971,14,,,1,73,,1111978,14,,,1,29,,1102245,14,,,1,69,,1111972,14,,,1,26,,1095474,14,,,1,68,,1111969,14,,,1,27,,1111974,14,,,1,67,,1111990,14,,,1,26,,1111976,14,,,1,69,,1111967,14,,,1,29,,1111986,14,,,1,69,,1111963,14,,,1,30,,1111979,14,,,1,70,,1111980,14,,,1,30,,1111973,14,,,1,70,,1111965,14,,,1
