4701,'1',1205,,1144669,18,,,1,310,,1144664,18,,,1,32,,1070606,18,,,1,69,,978409,18,,,1,29,,1144665,18,,,1,65,,1144666,18,,,1,34,,1144667,18,,,1,60,,1144668,18,,,1
4701,'10',1205,,1144675,18,,,1,310,,1144670,18,,,1,32,,1070420,18,,,1,69,,978050,18,,,1,29,,1144671,18,,,1,65,,1144672,18,,,1,34,,1144673,18,,,1,60,,1144674,18,,,1
4701,'11',1205,,1144681,18,,,1,310,,1144676,18,,,1,32,,1070660,18,,,1,69,,978350,18,,,1,29,,1144677,18,,,1,65,,1144678,18,,,1,34,,1144679,18,,,1,60,,1144680,18,,,1
4701,'12',1205,,1144684,18,,,1,310,,1144683,18,,,1,32,,1144686,18,,,1,69,,1144687,18,,,1,29,,1069300,18,,,1,65,,1144682,18,,,1,34,,1144685,18,,,1,60,,1073806,18,,,1
4701,'13',1206,,1144688,18,,,1
4701,'14',1205,,1144695,18,,,1,310,,1144690,18,,,1,32,,1144696,18,,,1,69,,1144689,18,,,1,29,,1144691,18,,,1,65,,1144692,18,,,1,34,,1144693,18,,,1,60,,1144694,18,,,1
4701,'15',1205,,1144701,18,,,1,310,,1144703,18,,,1,32,,1144702,18,,,1,69,,1144697,18,,,1,29,,1144698,18,,,1,65,,1144700,18,,,1,34,,1144699,18,,,1,60,,1144704,18,,,1
4701,'16',1205,,1144709,18,,,1,310,,1144708,18,,,1,32,,1144711,18,,,1,69,,1144712,18,,,1,29,,1144707,18,,,1,65,,1144705,18,,,1,34,,1144710,18,,,1,60,,1144706,18,,,1
4701,'17',1206,,1144713,18,,,1
4701,'2',1206,,1144714,18,,,1
4701,'3',1206,,1144715,18,,,1
4701,'4',1206,,1144716,18,,,1
4701,'5',1205,,1144722,18,,,1,310,,1144717,18,,,1,32,,1070570,18,,,1,69,,978600,18,,,1,29,,1144718,18,,,1,65,,1144719,18,,,1,34,,1144720,18,,,1,60,,1144721,18,,,1
4701,'6',1205,,1144726,18,,,1,310,,1144725,18,,,1,32,,1144728,18,,,1,69,,1050059,18,,,1,29,,1144724,18,,,1,65,,1070091,18,,,1,34,,1144727,18,,,1,60,,1144723,18,,,1
4701,'7',1206,,1144729,18,,,1
4701,'8',1205,,1144734,18,,,1,310,,1144733,18,,,1,32,,1144736,18,,,1,69,,1144737,18,,,1,29,,1144732,18,,,1,65,,1144730,18,,,1,34,,1144735,18,,,1,60,,1144731,18,,,1
4701,'9',1205,,1144743,18,,,1,310,,1144738,18,,,1,32,,1070479,18,,,1,69,,978541,18,,,1,29,,1144739,18,,,1,65,,1144740,18,,,1,34,,1144741,18,,,1,60,,1144742,18,,,1
