3900,'1',546,,1134008,20,0,29,1,55,,1133970,20,0,29,1,16,,1134012,20,0,29,1,16,,1133994,20,0,29,1,15,,1134035,20,0,29,1,55,,1133992,20,0,29,1,14,,1133999,20,0,29,1,17,,1012672,20,0,29,1,14,,1133998,20,0,29,1,57,,1133975,20,0,29,1,12,,1134031,20,0,29,1,17,,1074068,20,0,29,1,14,,1133973,20,0,29,1,54,,1133972,20,0,29,1,15,,1133978,20,0,29,1,28,,1134004,20,0,29,1,67,,1133991,20,0,29,1,31,,1134011,20,0,29,1,70,,1133968,20,0,29,1,29,,1061744,20,0,29,1,72,,1134000,20,0,29,1,31,,1134013,20,0,29,1,72,,1134027,20,0,29,1,32,,1134026,20,0,29,1,72,,1133965,20,0,29,1,31,,1134032,20,0,29,1,70,,1133986,20,0,29,1,32,,1134036,20,0,29,1,67,,1133979,20,0,29,1,29,,1133996,20,0,29,1,70,,1097849,20,0,29,1,31,,1134007,20,0,29,1,69,,1133971,20,0,29,1,29,,1134033,20,0,29,1,71,,1134019,20,0,29,1,30,,1134021,20,0,29,1,70,,1133982,20,0,29,1,30,,1133990,20,0,29,1,70,,1133983,20,0,29,1,31,,1133976,20,0,29,1,70,,1085236,20,0,29,1,29,,1134034,20,0,29,1
3900,'10',546,,1134081,20,0,29,1,55,,1134043,20,0,29,1,16,,1134085,20,0,29,1,16,,1134067,20,0,29,1,15,,1134108,20,0,29,1,55,,1134065,20,0,29,1,14,,1134072,20,0,29,1,17,,1012758,20,0,29,1,14,,1134071,20,0,29,1,57,,1134048,20,0,29,1,12,,1134104,20,0,29,1,17,,1073938,20,0,29,1,14,,1134046,20,0,29,1,54,,1134045,20,0,29,1,15,,1134051,20,0,29,1,28,,1134077,20,0,29,1,67,,1134064,20,0,29,1,31,,1134084,20,0,29,1,70,,1134041,20,0,29,1,29,,1061519,20,0,29,1,72,,1134073,20,0,29,1,31,,1134086,20,0,29,1,72,,1134100,20,0,29,1,32,,1134099,20,0,29,1,72,,1134038,20,0,29,1,31,,1134105,20,0,29,1,70,,1134059,20,0,29,1,32,,1134109,20,0,29,1,67,,1134052,20,0,29,1,29,,1134069,20,0,29,1,70,,1097625,20,0,29,1,31,,1134080,20,0,29,1,69,,1134044,20,0,29,1,29,,1134106,20,0,29,1,71,,1134092,20,0,29,1,30,,1134094,20,0,29,1,70,,1134055,20,0,29,1,30,,1134063,20,0,29,1,70,,1134056,20,0,29,1,31,,1134049,20,0,29,1,70,,1085107,20,0,29,1,29,,1134107,20,0,29,1
3900,'11',546,,1134154,20,0,29,1,55,,1134116,20,0,29,1,16,,1134158,20,0,29,1,16,,1134140,20,0,29,1,15,,1134181,20,0,29,1,55,,1134138,20,0,29,1,14,,1134145,20,0,29,1,17,,1012647,20,0,29,1,14,,1134144,20,0,29,1,57,,1134121,20,0,29,1,12,,1134177,20,0,29,1,17,,1074103,20,0,29,1,14,,1134119,20,0,29,1,54,,1134118,20,0,29,1,15,,1134124,20,0,29,1,28,,1134150,20,0,29,1,67,,1134137,20,0,29,1,31,,1134157,20,0,29,1,70,,1134114,20,0,29,1,29,,1061811,20,0,29,1,72,,1134146,20,0,29,1,31,,1134159,20,0,29,1,72,,1134173,20,0,29,1,32,,1134172,20,0,29,1,72,,1134111,20,0,29,1,31,,1134178,20,0,29,1,70,,1134132,20,0,29,1,32,,1134182,20,0,29,1,67,,1134125,20,0,29,1,29,,1134142,20,0,29,1,70,,1097917,20,0,29,1,31,,1134153,20,0,29,1,69,,1134117,20,0,29,1,29,,1134179,20,0,29,1,71,,1134165,20,0,29,1,30,,1134167,20,0,29,1,70,,1134128,20,0,29,1,30,,1134136,20,0,29,1,70,,1134129,20,0,29,1,31,,1134122,20,0,29,1,70,,1085271,20,0,29,1,29,,1134180,20,0,29,1
3900,'12',546,,1134191,20,0,29,1,55,,1134241,20,0,29,1,16,,1134183,20,0,29,1,16,,1134210,20,0,29,1,15,,1134249,20,0,29,1,55,,1134237,20,0,29,1,14,,1134200,20,0,29,1,17,,1134246,20,0,29,1,14,,1134204,20,0,29,1,57,,1041242,20,0,29,1,12,,1134220,20,0,29,1,17,,1134239,20,0,29,1,14,,1134218,20,0,29,1,54,,1134248,20,0,29,1,15,,1134192,20,0,29,1,28,,1134234,20,0,29,1,67,,1134197,20,0,29,1,31,,1134187,20,0,29,1,70,,1134232,20,0,29,1,29,,1134243,20,0,29,1,72,,1134244,20,0,29,1,31,,1091842,20,0,29,1,72,,1134188,20,0,29,1,32,,1134235,20,0,29,1,72,,1134226,20,0,29,1,31,,1134199,20,0,29,1,70,,1134213,20,0,29,1,32,,1134236,20,0,29,1,67,,1134198,20,0,29,1,29,,1134215,20,0,29,1,70,,1134228,20,0,29,1,31,,1134184,20,0,29,1,69,,1134245,20,0,29,1,29,,1134211,20,0,29,1,71,,1134242,20,0,29,1,30,,1134208,20,0,29,1,70,,1134203,20,0,29,1,30,,1134253,20,0,29,1,70,,1134238,20,0,29,1,31,,1134194,20,0,29,1,70,,1073607,20,0,29,1,29,,1134221,20,0,29,1
3900,'13',931,,1067255,20,0,29,1,70,,1134309,20,0,29,1,30,,1134261,20,0,29,1,70,,1134308,20,0,29,1,30,,1134292,20,0,29,1,70,,1134265,20,0,29,1,30,,1134299,20,0,29,1,70,,1134324,20,0,29,1,30,,1134273,20,0,29,1,70,,1134319,20,0,29,1,30,,1134315,20,0,29,1,70,,1134302,20,0,29,1,30,,1134314,20,0,29,1,70,,1134289,20,0,29,1,30,,1134267,20,0,29,1,70,,1134321,20,0,29,1,30,,1134320,20,0,29,1,70,,1134312,20,0,29,1,30,,1134278,20,0,29,1,70,,1134274,20,0,29,1,30,,1134313,20,0,29,1,70,,1134310,20,0,29,1,30,,1134329,20,0,29,1,70,,1134262,20,0,29,1,30,,1134316,20,0,29,1
3900,'14',546,,1134382,20,0,29,1,55,,1134340,20,0,29,1,16,,1134386,20,0,29,1,16,,1134367,20,0,29,1,15,,1134410,20,0,29,1,55,,1134365,20,0,29,1,14,,1134373,20,0,29,1,17,,1134411,20,0,29,1,14,,1134372,20,0,29,1,57,,1134346,20,0,29,1,12,,1134405,20,0,29,1,17,,1134337,20,0,29,1,14,,1134343,20,0,29,1,54,,1134342,20,0,29,1,15,,1134351,20,0,29,1,28,,1134378,20,0,29,1,67,,1134364,20,0,29,1,31,,1134385,20,0,29,1,70,,1134338,20,0,29,1,29,,1134347,20,0,29,1,72,,1134374,20,0,29,1,31,,1134387,20,0,29,1,72,,1134401,20,0,29,1,32,,1134400,20,0,29,1,72,,1134334,20,0,29,1,31,,1134407,20,0,29,1,70,,1134359,20,0,29,1,32,,1134412,20,0,29,1,67,,1134352,20,0,29,1,29,,1134369,20,0,29,1,70,,1134350,20,0,29,1,31,,1134381,20,0,29,1,69,,1134341,20,0,29,1,29,,1134408,20,0,29,1,71,,1134393,20,0,29,1,30,,1134395,20,0,29,1,70,,1134355,20,0,29,1,30,,1134363,20,0,29,1,70,,1134356,20,0,29,1,31,,1134348,20,0,29,1,70,,1134370,20,0,29,1,29,,1134409,20,0,29,1
3900,'15',546,,1134489,20,0,29,1,55,,1134493,20,0,29,1,16,,1134450,20,0,29,1,16,,1134421,20,0,29,1,15,,1134449,20,0,29,1,55,,1134417,20,0,29,1,14,,1134445,20,0,29,1,17,,1134471,20,0,29,1,14,,1134473,20,0,29,1,57,,1134470,20,0,29,1,12,,1134460,20,0,29,1,17,,1134453,20,0,29,1,14,,1134414,20,0,29,1,54,,1134435,20,0,29,1,15,,1134496,20,0,29,1,28,,1134448,20,0,29,1,67,,1134469,20,0,29,1,31,,1134480,20,0,29,1,70,,1134416,20,0,29,1,29,,1134492,20,0,29,1,72,,1134486,20,0,29,1,31,,1134428,20,0,29,1,72,,1134443,20,0,29,1,32,,1134491,20,0,29,1,72,,1134426,20,0,29,1,31,,1134452,20,0,29,1,70,,1134488,20,0,29,1,32,,1134466,20,0,29,1,67,,1134432,20,0,29,1,29,,1134451,20,0,29,1,70,,1134461,20,0,29,1,31,,1134454,20,0,29,1,69,,1134455,20,0,29,1,29,,1134495,20,0,29,1,71,,1134446,20,0,29,1,30,,1134477,20,0,29,1,70,,1134440,20,0,29,1,30,,1134481,20,0,29,1,70,,1134458,20,0,29,1,31,,1134441,20,0,29,1,70,,1134425,20,0,29,1,29,,1134484,20,0,29,1
3900,'16',546,,1134508,20,0,29,1,55,,1134556,20,0,29,1,16,,1085247,20,0,29,1,16,,1134528,20,0,29,1,15,,1134564,20,0,29,1,55,,1134553,20,0,29,1,14,,1134517,20,0,29,1,17,,1134561,20,0,29,1,14,,1134522,20,0,29,1,57,,1134570,20,0,29,1,12,,1134536,20,0,29,1,17,,1134554,20,0,29,1,14,,1134534,20,0,29,1,54,,1134563,20,0,29,1,15,,1134509,20,0,29,1,28,,1134550,20,0,29,1,67,,1134514,20,0,29,1,31,,1134504,20,0,29,1,70,,1134548,20,0,29,1,29,,1134558,20,0,29,1,72,,1134559,20,0,29,1,31,,1134501,20,0,29,1,72,,1134505,20,0,29,1,32,,1134551,20,0,29,1,72,,1134542,20,0,29,1,31,,1134516,20,0,29,1,70,,1134530,20,0,29,1,32,,1134552,20,0,29,1,67,,1134515,20,0,29,1,29,,1134532,20,0,29,1,70,,1134544,20,0,29,1,31,,1134498,20,0,29,1,69,,1134560,20,0,29,1,29,,1083251,20,0,29,1,71,,1134557,20,0,29,1,30,,1134526,20,0,29,1,70,,1134521,20,0,29,1,30,,1134568,20,0,29,1,70,,1048567,20,0,29,1,31,,1134511,20,0,29,1,70,,1134571,20,0,29,1,29,,1134537,20,0,29,1
3900,'17',931,,1134640,20,0,29,1,70,,1134625,20,0,29,1,30,,1134577,20,0,29,1,70,,1134624,20,0,29,1,30,,1134608,20,0,29,1,70,,1134581,20,0,29,1,30,,1134615,20,0,29,1,70,,1134641,20,0,29,1,30,,1134589,20,0,29,1,70,,1134635,20,0,29,1,30,,1134631,20,0,29,1,70,,1134618,20,0,29,1,30,,1134630,20,0,29,1,70,,1134605,20,0,29,1,30,,1134583,20,0,29,1,70,,1134637,20,0,29,1,30,,1134636,20,0,29,1,70,,1134628,20,0,29,1,30,,1134594,20,0,29,1,70,,1134590,20,0,29,1,30,,1134629,20,0,29,1,70,,1134626,20,0,29,1,30,,1134647,20,0,29,1,70,,1134578,20,0,29,1,30,,1134632,20,0,29,1
3900,'2',833,,1134719,20,0,29,1,70,,1134701,20,0,29,1,30,,1134666,20,0,29,1,70,,1134651,20,0,29,1,30,,1134664,20,0,29,1,70,,1134694,20,0,29,1,30,,1134692,20,0,29,1,70,,1134654,20,0,29,1,30,,1134693,20,0,29,1,70,,1134658,20,0,29,1,30,,1134722,20,0,29,1,70,,1134716,20,0,29,1,30,,1134659,20,0,29,1,70,,1134691,20,0,29,1,30,,1134715,20,0,29,1,70,,1134700,20,0,29,1,30,,1134721,20,0,29,1,70,,1134711,20,0,29,1,30,,1134652,20,0,29,1,70,,1134673,20,0,29,1,30,,1134720,20,0,29,1,70,,1134702,20,0,29,1,30,,1134662,20,0,29,1,70,,1134703,20,0,29,1,30,,1134660,20,0,29,1,70,,1134718,20,0,29,1,30,,1134678,20,0,29,1,70,,1134690,20,0,29,1
3900,'3',931,,1134790,20,0,29,1,70,,1134775,20,0,29,1,30,,1134727,20,0,29,1,70,,1134774,20,0,29,1,30,,1134758,20,0,29,1,70,,1134731,20,0,29,1,30,,1134765,20,0,29,1,70,,1134791,20,0,29,1,30,,1134739,20,0,29,1,70,,1134785,20,0,29,1,30,,1134781,20,0,29,1,70,,1134768,20,0,29,1,30,,1134780,20,0,29,1,70,,1134755,20,0,29,1,30,,1134733,20,0,29,1,70,,1134787,20,0,29,1,30,,1134786,20,0,29,1,70,,1134778,20,0,29,1,30,,1134744,20,0,29,1,70,,1134740,20,0,29,1,30,,1134779,20,0,29,1,70,,1134776,20,0,29,1,30,,1134797,20,0,29,1,70,,1134728,20,0,29,1,30,,1134782,20,0,29,1
3900,'4',931,,1134871,20,0,29,1,70,,1134818,20,0,29,1,30,,1134872,20,0,29,1,70,,1134867,20,0,29,1,30,,1134809,20,0,29,1,70,,1134808,20,0,29,1,30,,1134858,20,0,29,1,70,,1134862,20,0,29,1,30,,1134825,20,0,29,1,70,,1134844,20,0,29,1,30,,1134803,20,0,29,1,70,,1134838,20,0,29,1,30,,1134835,20,0,29,1,70,,1134853,20,0,29,1,30,,1134807,20,0,29,1,70,,1134856,20,0,29,1,30,,1134854,20,0,29,1,70,,1134832,20,0,29,1,30,,1134805,20,0,29,1,70,,1134839,20,0,29,1,30,,1134824,20,0,29,1,70,,1134829,20,0,29,1,30,,1134860,20,0,29,1,70,,1134841,20,0,29,1,30,,1134851,20,0,29,1
3900,'5',546,,1134918,20,0,29,1,55,,1134880,20,0,29,1,16,,1134922,20,0,29,1,16,,1134904,20,0,29,1,15,,1134945,20,0,29,1,55,,1134902,20,0,29,1,14,,1134909,20,0,29,1,17,,1012518,20,0,29,1,14,,1134908,20,0,29,1,57,,1134885,20,0,29,1,12,,1134941,20,0,29,1,17,,1074049,20,0,29,1,14,,1134883,20,0,29,1,54,,1134882,20,0,29,1,15,,1134888,20,0,29,1,28,,1134914,20,0,29,1,67,,1134901,20,0,29,1,31,,1134921,20,0,29,1,70,,1134878,20,0,29,1,29,,1061702,20,0,29,1,72,,1134910,20,0,29,1,31,,1134923,20,0,29,1,72,,1134937,20,0,29,1,32,,1134936,20,0,29,1,72,,1134875,20,0,29,1,31,,1134942,20,0,29,1,70,,1134896,20,0,29,1,32,,1134946,20,0,29,1,67,,1134889,20,0,29,1,29,,1134906,20,0,29,1,70,,1097804,20,0,29,1,31,,1134917,20,0,29,1,69,,1134881,20,0,29,1,29,,1134943,20,0,29,1,71,,1134929,20,0,29,1,30,,1134931,20,0,29,1,70,,1134892,20,0,29,1,30,,1134900,20,0,29,1,70,,1134893,20,0,29,1,31,,1134886,20,0,29,1,70,,1085214,20,0,29,1,29,,1134944,20,0,29,1
3900,'6',546,,1134956,20,0,29,1,55,,1135005,20,0,29,1,16,,1134948,20,0,29,1,16,,1134976,20,0,29,1,15,,1135013,20,0,29,1,55,,1135001,20,0,29,1,14,,1134965,20,0,29,1,17,,1135010,20,0,29,1,14,,1134970,20,0,29,1,57,,1135017,20,0,29,1,12,,1134985,20,0,29,1,17,,1135003,20,0,29,1,14,,1134984,20,0,29,1,54,,1135012,20,0,29,1,15,,1134957,20,0,29,1,28,,1134999,20,0,29,1,67,,1134962,20,0,29,1,31,,1072892,20,0,29,1,70,,1134997,20,0,29,1,29,,1135007,20,0,29,1,72,,1135008,20,0,29,1,31,,1134951,20,0,29,1,72,,1065205,20,0,29,1,32,,1102604,20,0,29,1,72,,1134991,20,0,29,1,31,,1134964,20,0,29,1,70,,1134979,20,0,29,1,32,,1135000,20,0,29,1,67,,1134963,20,0,29,1,29,,1134981,20,0,29,1,70,,1134993,20,0,29,1,31,,1134949,20,0,29,1,69,,1135009,20,0,29,1,29,,1134977,20,0,29,1,71,,1135006,20,0,29,1,30,,1134974,20,0,29,1,70,,1134969,20,0,29,1,30,,1035092,20,0,29,1,70,,1135002,20,0,29,1,31,,1134959,20,0,29,1,70,,1135018,20,0,29,1,29,,1134986,20,0,29,1
3900,'7',833,,1135066,20,0,29,1,70,,1135083,20,0,29,1,30,,1135036,20,0,29,1,70,,1135091,20,0,29,1,30,,1135026,20,0,29,1,70,,1135055,20,0,29,1,30,,1135097,20,0,29,1,70,,1135088,20,0,29,1,30,,1135061,20,0,29,1,70,,1135077,20,0,29,1,30,,1135039,20,0,29,1,70,,1135047,20,0,29,1,30,,1135044,20,0,29,1,70,,1135043,20,0,29,1,30,,1135060,20,0,29,1,70,,1135073,20,0,29,1,30,,1135051,20,0,29,1,70,,1135095,20,0,29,1,30,,1135069,20,0,29,1,70,,1135075,20,0,29,1,30,,1135071,20,0,29,1,70,,1135037,20,0,29,1,30,,1135084,20,0,29,1,70,,1135090,20,0,29,1,30,,1135070,20,0,29,1,70,,1135068,20,0,29,1,30,,1135079,20,0,29,1,70,,1135092,20,0,29,1
3900,'8',546,,1135113,20,0,29,1,55,,1135164,20,0,29,1,16,,1135101,20,0,29,1,16,,1135133,20,0,29,1,15,,1135172,20,0,29,1,55,,1135160,20,0,29,1,14,,1135122,20,0,29,1,17,,1135169,20,0,29,1,14,,1135127,20,0,29,1,57,,1135179,20,0,29,1,12,,1135143,20,0,29,1,17,,1135162,20,0,29,1,14,,1135141,20,0,29,1,54,,1135171,20,0,29,1,15,,1135114,20,0,29,1,28,,1135157,20,0,29,1,67,,1135119,20,0,29,1,31,,1135109,20,0,29,1,70,,1135155,20,0,29,1,29,,1135166,20,0,29,1,72,,1135167,20,0,29,1,31,,1135105,20,0,29,1,72,,1135110,20,0,29,1,32,,1135158,20,0,29,1,72,,1135149,20,0,29,1,31,,1135121,20,0,29,1,70,,1135136,20,0,29,1,32,,1135159,20,0,29,1,67,,1135120,20,0,29,1,29,,1135138,20,0,29,1,70,,1135151,20,0,29,1,31,,1135102,20,0,29,1,69,,1135168,20,0,29,1,29,,1135134,20,0,29,1,71,,1135165,20,0,29,1,30,,1135131,20,0,29,1,70,,1135126,20,0,29,1,30,,1135177,20,0,29,1,70,,1135161,20,0,29,1,31,,1135116,20,0,29,1,70,,1135180,20,0,29,1,29,,1135144,20,0,29,1
3900,'9',546,,1135227,20,0,29,1,55,,1135189,20,0,29,1,16,,1135231,20,0,29,1,16,,1135213,20,0,29,1,15,,1135254,20,0,29,1,55,,1135211,20,0,29,1,14,,1135218,20,0,29,1,17,,1012697,20,0,29,1,14,,1135217,20,0,29,1,57,,1135194,20,0,29,1,12,,1135250,20,0,29,1,17,,1073972,20,0,29,1,14,,1135192,20,0,29,1,54,,1135191,20,0,29,1,15,,1135197,20,0,29,1,28,,1135223,20,0,29,1,67,,1135210,20,0,29,1,31,,1135230,20,0,29,1,70,,1135187,20,0,29,1,29,,1061587,20,0,29,1,72,,1135219,20,0,29,1,31,,1135232,20,0,29,1,72,,1135246,20,0,29,1,32,,1135245,20,0,29,1,72,,1135184,20,0,29,1,31,,1135251,20,0,29,1,70,,1135205,20,0,29,1,32,,1135255,20,0,29,1,67,,1135198,20,0,29,1,29,,1135215,20,0,29,1,70,,1097693,20,0,29,1,31,,1135226,20,0,29,1,69,,1135190,20,0,29,1,29,,1135252,20,0,29,1,71,,1135238,20,0,29,1,30,,1135240,20,0,29,1,70,,1135201,20,0,29,1,30,,1135209,20,0,29,1,70,,1135202,20,0,29,1,31,,1135195,20,0,29,1,70,,1085147,20,0,29,1,29,,1135253,20,0,29,1
