16100,'1',545,,1189841,28,0,44,1,74,,1189846,28,0,44,1,15,,1189852,28,0,44,1,70,,1189847,28,0,44,1,30,,1189848,28,0,44,1,70,,941636,28,0,44,1,31,,1189831,28,0,44,1,69,,1189829,28,0,44,1,28,,1189826,28,0,44,1,70,,1189827,28,0,44,1,30,,1189833,28,0,44,1,70,,1189834,28,0,44,1,30,,1189849,28,0,44,1,70,,1189840,28,0,44,1,30,,1189830,28,0,44,1,70,,1050835,28,0,44,1,30,,1189837,28,0,44,1,70,,1189851,28,0,44,1,30,,1005998,28,0,44,1,70,,1189843,28,0,44,1,33,,1189850,28,0,44,1,72,,1189844,28,,,1,28,,1069825,28,,,1,70,,1063611,28,,,1,30,,1189836,28,,,1,70,,1189845,28,,,1,27,,1189832,28,,,1,70,,1189835,28,,,1,30,,1036010,28,0,44,1,70,,1007270,28,0,44,1,28,,1189839,28,0,44,1,70,,1189853,28,0,44,1,30,,1189828,28,0,44,1,70,,1098875,28,0,44,1,100,,1069814,28,0,44,1
16100,'10',545,,1189869,28,0,44,1,74,,1189874,28,0,44,1,15,,1189880,28,0,44,1,70,,1189875,28,0,44,1,30,,1189876,28,0,44,1,70,,941363,28,0,44,1,31,,1189859,28,0,44,1,69,,1189857,28,0,44,1,28,,1189854,28,0,44,1,70,,1189855,28,0,44,1,30,,1189861,28,0,44,1,70,,1189862,28,0,44,1,30,,1189877,28,0,44,1,70,,1189868,28,0,44,1,30,,1189858,28,0,44,1,70,,1051011,28,0,44,1,30,,1189865,28,0,44,1,70,,1189879,28,0,44,1,30,,1006095,28,0,44,1,70,,1189871,28,0,44,1,33,,1189878,28,0,44,1,72,,1189872,28,,,1,28,,1069680,28,,,1,70,,1063307,28,,,1,30,,1189864,28,,,1,70,,1189873,28,,,1,27,,1189860,28,,,1,70,,1189863,28,,,1,30,,1036228,28,0,44,1,70,,1007279,28,0,44,1,28,,1189867,28,0,44,1,70,,1189881,28,0,44,1,30,,1189856,28,0,44,1,70,,1098784,28,0,44,1,100,,1069669,28,0,44,1
16100,'11',545,,1189897,28,0,44,1,74,,1189902,28,0,44,1,15,,1189908,28,0,44,1,70,,1189903,28,0,44,1,30,,1189904,28,0,44,1,70,,941586,28,0,44,1,31,,1189887,28,0,44,1,69,,1189885,28,0,44,1,28,,1189882,28,0,44,1,70,,1189883,28,0,44,1,30,,1189889,28,0,44,1,70,,1189890,28,0,44,1,30,,1189905,28,0,44,1,70,,1189896,28,0,44,1,30,,1189886,28,0,44,1,70,,1050783,28,0,44,1,30,,1189893,28,0,44,1,70,,1189907,28,0,44,1,30,,1005968,28,0,44,1,70,,1189899,28,0,44,1,33,,1189906,28,0,44,1,72,,1189900,28,,,1,28,,1069869,28,,,1,70,,1063703,28,,,1,30,,1189892,28,,,1,70,,1189901,28,,,1,27,,1189888,28,,,1,70,,1189891,28,,,1,30,,1035947,28,0,44,1,70,,1007267,28,0,44,1,28,,1189895,28,0,44,1,70,,1189909,28,0,44,1,30,,1189884,28,0,44,1,70,,1098903,28,0,44,1,100,,1069858,28,0,44,1
16100,'12',545,,1189916,28,0,44,1,74,,1091851,28,0,44,1,15,,1189911,28,0,44,1,70,,1097767,28,0,44,1,30,,1189914,28,0,44,1,70,,1189936,28,0,44,1,31,,1189931,28,0,44,1,69,,1189910,28,0,44,1,28,,1189928,28,0,44,1,70,,1189923,28,0,44,1,30,,1189940,28,0,44,1,70,,1189915,28,0,44,1,30,,1189933,28,0,44,1,70,,1189932,28,0,44,1,30,,1081296,28,0,44,1,70,,975741,28,0,44,1,30,,1189913,28,0,44,1,70,,1189922,28,0,44,1,30,,983286,28,0,44,1,70,,1096374,28,0,44,1,33,,1189938,28,0,44,1,72,,1189934,28,,,1,28,,1189930,28,,,1,70,,1189924,28,,,1,30,,1189920,28,,,1,70,,1189925,28,,,1,27,,1189917,28,,,1,70,,1189919,28,,,1,30,,1189929,28,0,44,1,70,,1189918,28,0,44,1,28,,1189937,28,0,44,1,70,,1189912,28,0,44,1,30,,1189927,28,0,44,1,70,,1189935,28,0,44,1,100,,1189921,28,0,44,1
16100,'13',724,,1189944,28,0,44,1,100,,1189947,28,0,44,1,100,,1085156,28,0,44,1,100,,1069259,28,0,44,1,100,,1189943,28,0,44,1,101,,1189948,28,0,44,1,100,,1189941,28,0,44,1,100,,1189953,28,0,44,1,100,,1189951,28,0,44,1,100,,1189955,28,0,44,1,100,,1189949,28,0,44,1,99,,1189945,28,0,44,1,100,,1189946,28,0,44,1,100,,1189942,28,0,44,1,100,,1189952,28,0,44,1,100,,1189954,28,0,44,1,100,,1189950,28,0,44,1
16100,'14',545,,1189980,28,0,44,1,74,,1189985,28,0,44,1,15,,1189991,28,0,44,1,70,,1189986,28,0,44,1,30,,1189987,28,0,44,1,70,,1189956,28,0,44,1,31,,1189969,28,0,44,1,69,,1189966,28,0,44,1,28,,1189957,28,0,44,1,70,,1189961,28,0,44,1,30,,1189971,28,0,44,1,70,,1189972,28,0,44,1,30,,1189988,28,0,44,1,70,,1189979,28,0,44,1,30,,1189968,28,0,44,1,70,,1189959,28,0,44,1,30,,1189975,28,0,44,1,70,,1189990,28,0,44,1,30,,1189965,28,0,44,1,70,,1189982,28,0,44,1,33,,1189989,28,0,44,1,72,,1189983,28,,,1,28,,1189976,28,,,1,70,,1189963,28,,,1,30,,1189974,28,,,1,70,,1189984,28,,,1,27,,1189970,28,,,1,70,,1189973,28,,,1,30,,1189964,28,0,44,1,70,,1189960,28,0,44,1,28,,1189978,28,0,44,1,70,,1189992,28,0,44,1,30,,1189962,28,0,44,1,70,,1189967,28,0,44,1,100,,1189958,28,0,44,1
16100,'15',545,,1190017,28,0,44,1,74,,1189994,28,0,44,1,15,,1190022,28,0,44,1,70,,1189993,28,0,44,1,30,,1190011,28,0,44,1,70,,1190016,28,0,44,1,31,,1190023,28,0,44,1,69,,1190010,28,0,44,1,28,,1190003,28,0,44,1,70,,1190018,28,0,44,1,30,,1190012,28,0,44,1,70,,1190025,28,0,44,1,30,,1190019,28,0,44,1,70,,1190027,28,0,44,1,30,,1190007,28,0,44,1,70,,1189997,28,0,44,1,30,,1190005,28,0,44,1,70,,1190014,28,0,44,1,30,,1190001,28,0,44,1,70,,1190026,28,0,44,1,33,,1190029,28,0,44,1,72,,1189995,28,,,1,28,,1190004,28,,,1,70,,1190021,28,,,1,30,,1190020,28,,,1,70,,1190000,28,,,1,27,,1190015,28,,,1,70,,1190009,28,,,1,30,,1190013,28,0,44,1,70,,1190006,28,0,44,1,28,,1189999,28,0,44,1,70,,1189998,28,0,44,1,30,,1190024,28,0,44,1,70,,1190008,28,0,44,1,100,,1189996,28,0,44,1
16100,'16',545,,1190037,28,0,44,1,74,,1190060,28,0,44,1,15,,1086708,28,0,44,1,70,,1190032,28,0,44,1,30,,1190033,28,0,44,1,70,,1190056,28,0,44,1,31,,1190051,28,0,44,1,69,,1089230,28,0,44,1,28,,1190049,28,0,44,1,70,,1190044,28,0,44,1,30,,1022127,28,0,44,1,70,,1013538,28,0,44,1,30,,1190053,28,0,44,1,70,,1190052,28,0,44,1,30,,1190035,28,0,44,1,70,,1190036,28,0,44,1,30,,922163,28,0,44,1,70,,1190043,28,0,44,1,30,,1190030,28,0,44,1,70,,1190034,28,0,44,1,33,,1190058,28,0,44,1,72,,1190054,28,,,1,28,,1190050,28,,,1,70,,1190045,28,,,1,30,,1190041,28,,,1,70,,1190046,28,,,1,27,,1190038,28,,,1,70,,1190040,28,,,1,30,,1078754,28,0,44,1,70,,1190039,28,0,44,1,28,,1190057,28,0,44,1,70,,1190031,28,0,44,1,30,,1190048,28,0,44,1,70,,1190055,28,0,44,1,100,,1190042,28,0,44,1
16100,'17',724,,1190066,28,0,44,1,100,,1190069,28,0,44,1,100,,1190061,28,0,44,1,100,,1190064,28,0,44,1,100,,1190065,28,0,44,1,101,,1190070,28,0,44,1,100,,1190062,28,0,44,1,100,,1190075,28,0,44,1,100,,1190073,28,0,44,1,100,,1190077,28,0,44,1,100,,1190071,28,0,44,1,99,,1190067,28,0,44,1,100,,1190068,28,0,44,1,100,,1190063,28,0,44,1,100,,1190074,28,0,44,1,100,,1190076,28,0,44,1,100,,1190072,28,0,44,1
16100,'2',719,,1190084,28,0,44,1,100,,1190085,28,0,44,1,100,,1190088,28,0,44,1,100,,1190082,28,0,44,1,100,,1190089,28,0,44,1,101,,1190081,28,0,44,1,100,,1190091,28,0,44,1,100,,1190086,28,0,44,1,100,,1190083,28,0,44,1,100,,1094709,28,0,44,1,100,,1190078,28,0,44,1,99,,1190079,28,0,44,1,100,,1098264,28,0,44,1,100,,1190087,28,0,44,1,100,,1190080,28,0,44,1,100,,1190090,28,0,44,1
16100,'3',724,,1190097,28,0,44,1,100,,1190100,28,0,44,1,100,,1190092,28,0,44,1,100,,1190095,28,0,44,1,100,,1190096,28,0,44,1,101,,1190101,28,0,44,1,100,,1190093,28,0,44,1,100,,1190106,28,0,44,1,100,,1190104,28,0,44,1,100,,1190108,28,0,44,1,100,,1190102,28,0,44,1,99,,1190098,28,0,44,1,100,,1190099,28,0,44,1,100,,1190094,28,0,44,1,100,,1190105,28,0,44,1,100,,1190107,28,0,44,1,100,,1190103,28,0,44,1
16100,'4',724,,1190111,28,0,44,1,100,,1190116,28,0,44,1,100,,1190120,28,0,44,1,100,,1190119,28,0,44,1,100,,1190122,28,0,44,1,101,,1190112,28,0,44,1,100,,1190113,28,0,44,1,100,,1190123,28,0,44,1,100,,1190110,28,0,44,1,100,,1190117,28,0,44,1,100,,1190118,28,0,44,1,99,,1190115,28,0,44,1,100,,1190114,28,0,44,1,100,,1190109,28,0,44,1,100,,1190124,28,0,44,1,100,,1070852,28,0,44,1,100,,1190121,28,0,44,1
16100,'5',545,,1190140,28,0,44,1,74,,1190145,28,0,44,1,15,,1190151,28,0,44,1,70,,1190146,28,0,44,1,30,,1190147,28,0,44,1,70,,941788,28,0,44,1,31,,1190130,28,0,44,1,69,,1190128,28,0,44,1,28,,1190125,28,0,44,1,70,,1190126,28,0,44,1,30,,1190132,28,0,44,1,70,,1190133,28,0,44,1,30,,1190148,28,0,44,1,70,,1190139,28,0,44,1,30,,1190129,28,0,44,1,70,,1050546,28,0,44,1,30,,1190136,28,0,44,1,70,,1190150,28,0,44,1,30,,1005827,28,0,44,1,70,,1190142,28,0,44,1,33,,1190149,28,0,44,1,72,,1190143,28,,,1,28,,1069802,28,,,1,70,,1063571,28,,,1,30,,1190135,28,,,1,70,,1190144,28,,,1,27,,1190131,28,,,1,70,,1190134,28,,,1,30,,1035603,28,0,44,1,70,,1007258,28,0,44,1,28,,1190138,28,0,44,1,70,,1190152,28,0,44,1,30,,1190127,28,0,44,1,70,,1098858,28,0,44,1,100,,1069791,28,0,44,1
16100,'6',545,,1190163,28,0,44,1,74,,1190187,28,0,44,1,15,,1190154,28,0,44,1,70,,1190157,28,0,44,1,30,,1190158,28,0,44,1,70,,1190183,28,0,44,1,31,,1190178,28,0,44,1,69,,1190153,28,0,44,1,28,,1190175,28,0,44,1,70,,1190170,28,0,44,1,30,,1190188,28,0,44,1,70,,1190159,28,0,44,1,30,,1190180,28,0,44,1,70,,1190179,28,0,44,1,30,,1190161,28,0,44,1,70,,1190162,28,0,44,1,30,,1190156,28,0,44,1,70,,1190169,28,0,44,1,30,,1190155,28,0,44,1,70,,1190160,28,0,44,1,33,,1190185,28,0,44,1,72,,1190181,28,,,1,28,,1190177,28,,,1,70,,1190171,28,,,1,30,,1190167,28,,,1,70,,1190172,28,,,1,27,,1190164,28,,,1,70,,1190166,28,,,1,30,,1190176,28,0,44,1,70,,1190165,28,0,44,1,28,,1190184,28,0,44,1,70,,1081118,28,0,44,1,30,,1190174,28,0,44,1,70,,1190182,28,0,44,1,100,,1190168,28,0,44,1
16100,'7',719,,1190190,28,0,44,1,100,,1190198,28,0,44,1,100,,1190191,28,0,44,1,100,,1190193,28,0,44,1,100,,1190204,28,0,44,1,101,,1190192,28,0,44,1,100,,1190196,28,0,44,1,100,,1190202,28,0,44,1,100,,1190194,28,0,44,1,100,,1190200,28,0,44,1,100,,1190201,28,0,44,1,99,,1190189,28,0,44,1,100,,1190199,28,0,44,1,100,,1190195,28,0,44,1,100,,1190197,28,0,44,1,100,,1190203,28,0,44,1
16100,'8',545,,1190216,28,0,44,1,74,,1190240,28,0,44,1,15,,1190206,28,0,44,1,70,,1190210,28,0,44,1,30,,1190211,28,0,44,1,70,,1190236,28,0,44,1,31,,1190231,28,0,44,1,69,,1190205,28,0,44,1,28,,1190228,28,0,44,1,70,,1190223,28,0,44,1,30,,1190241,28,0,44,1,70,,1190212,28,0,44,1,30,,1190233,28,0,44,1,70,,1190232,28,0,44,1,30,,1190214,28,0,44,1,70,,1190215,28,0,44,1,30,,1190209,28,0,44,1,70,,1190222,28,0,44,1,30,,1190207,28,0,44,1,70,,1190213,28,0,44,1,33,,1190238,28,0,44,1,72,,1190234,28,,,1,28,,1190230,28,,,1,70,,1190224,28,,,1,30,,1190220,28,,,1,70,,1190225,28,,,1,27,,1190217,28,,,1,70,,1190219,28,,,1,30,,1190229,28,0,44,1,70,,1190218,28,0,44,1,28,,1190237,28,0,44,1,70,,1190208,28,0,44,1,30,,1190227,28,0,44,1,70,,1190235,28,0,44,1,100,,1190221,28,0,44,1
16100,'9',545,,1190257,28,0,44,1,74,,1190262,28,0,44,1,15,,1190268,28,0,44,1,70,,1190263,28,0,44,1,30,,1190264,28,0,44,1,70,,941738,28,0,44,1,31,,1190247,28,0,44,1,69,,1190245,28,0,44,1,28,,1190242,28,0,44,1,70,,1190243,28,0,44,1,30,,1190249,28,0,44,1,70,,1190250,28,0,44,1,30,,1190265,28,0,44,1,70,,1190256,28,0,44,1,30,,1190246,28,0,44,1,70,,1050887,28,0,44,1,30,,1190253,28,0,44,1,70,,1190267,28,0,44,1,30,,1006028,28,0,44,1,70,,1190259,28,0,44,1,33,,1190266,28,0,44,1,72,,1190260,28,,,1,28,,1069726,28,,,1,70,,1063400,28,,,1,30,,1190252,28,,,1,70,,1190261,28,,,1,27,,1190248,28,,,1,70,,1190251,28,,,1,30,,1036073,28,0,44,1,70,,1007273,28,0,44,1,28,,1190255,28,0,44,1,70,,1190269,28,0,44,1,30,,1190244,28,0,44,1,70,,1098814,28,0,44,1,100,,1069715,28,0,44,1
26500,'1',555,,1197378,32,,,1,70,,1197376,32,,,1,28,,1197375,32,,,1,70,,1197377,32,,,1,28,,1197373,32,,,1,71,,1197374,32,,,1,35,,907099,32,,,1
26500,'10',555,,1197384,32,,,1,70,,1197382,32,,,1,28,,1197381,32,,,1,70,,1197383,32,,,1,28,,1197379,32,,,1,71,,1197380,32,,,1,35,,907139,32,,,1
26500,'11',555,,1197390,32,,,1,70,,1197388,32,,,1,28,,1197387,32,,,1,70,,1197389,32,,,1,28,,1197385,32,,,1,71,,1197386,32,,,1,35,,907011,32,,,1
26500,'12',555,,1197391,32,,,1,70,,1197392,32,,,1,28,,1197396,32,,,1,70,,1080441,32,,,1,28,,1197395,32,,,1,71,,1197394,32,,,1,35,,1197393,32,,,1
26500,'14',555,,1197403,32,,,1,70,,1197401,32,,,1,28,,1197400,32,,,1,70,,1197402,32,,,1,28,,1197398,32,,,1,71,,1197399,32,,,1,35,,1197397,32,,,1
26500,'15',555,,1197404,32,,,1,70,,1197409,32,,,1,28,,1197406,32,,,1,70,,1197410,32,,,1,28,,1197407,32,,,1,71,,1197408,32,,,1,35,,1197405,32,,,1
26500,'16',555,,1197412,32,,,1,70,,1197413,32,,,1,28,,1197417,32,,,1,70,,1197411,32,,,1,28,,1197416,32,,,1,71,,1197415,32,,,1,35,,1197414,32,,,1
26500,'5',555,,1197423,32,,,1,70,,1197421,32,,,1,28,,1197420,32,,,1,70,,1197422,32,,,1,28,,1197418,32,,,1,71,,1197419,32,,,1,35,,907279,32,,,1
26500,'6',555,,1197425,32,,,1,70,,1197426,32,,,1,28,,1066284,32,,,1,70,,1197424,32,,,1,28,,1088988,32,,,1,71,,1046511,32,,,1,35,,1197427,32,,,1
26500,'8',555,,1197429,32,,,1,70,,1197430,32,,,1,28,,1197434,32,,,1,70,,1197428,32,,,1,28,,1197433,32,,,1,71,,1197432,32,,,1,35,,1197431,32,,,1
26500,'9',555,,1197440,32,,,1,70,,1197438,32,,,1,28,,1197437,32,,,1,70,,1197439,32,,,1,28,,1197435,32,,,1,71,,1197436,32,,,1,35,,907179,32,,,1
66300,'1',813,,1199741,33,,,1,2,,1199742,33,,,1,3,,1199738,33,,,1
66300,'10',813,,1199747,33,,,1,2,,1199748,33,,,1,3,,1199744,33,,,1
66300,'11',813,,1199753,33,,,1,2,,1199754,33,,,1,3,,1199750,33,,,1
66300,'12',813,,1199760,33,,,1,2,,1199759,33,,,1,3,,1199757,33,,,1
66300,'14',813,,1199765,33,,,1,2,,1199766,33,,,1,3,,1199762,33,,,1
66300,'15',813,,1199770,33,,,1,2,,1199771,33,,,1,3,,1199772,33,,,1
66300,'16',813,,1199777,33,,,1,2,,1199776,33,,,1,3,,1199774,33,,,1
66300,'5',813,,1199782,33,,,1,2,,1199783,33,,,1,3,,1199779,33,,,1
66300,'6',813,,1094267,33,,,1,2,,1199788,33,,,1,3,,1199786,33,,,1
66300,'8',813,,1199794,33,,,1,2,,1199793,33,,,1,3,,1199791,33,,,1
66300,'9',813,,1199799,33,,,1,2,,1199800,33,,,1,3,,1199796,33,,,1
66400,'1',808,,1199858,18,,,1,15,,1199856,18,,,1,2,,1199857,18,,,1
66400,'10',808,,1199861,18,,,1,15,,1199859,18,,,1,2,,1199860,18,,,1
66400,'11',808,,1199864,18,,,1,15,,1199862,18,,,1,2,,1199863,18,,,1
66400,'12',808,,1199865,18,,,1,15,,1199866,18,,,1,2,,1199867,18,,,1
66400,'14',808,,1199870,18,,,1,15,,1199868,18,,,1,2,,1199869,18,,,1
66400,'15',808,,1199872,18,,,1,15,,1199871,18,,,1,2,,1199873,18,,,1
66400,'16',808,,1199874,18,,,1,15,,1199875,18,,,1,2,,1199876,18,,,1
66400,'5',808,,1199879,18,,,1,15,,1199877,18,,,1,2,,1199878,18,,,1
66400,'6',808,,1199880,18,,,1,15,,1199881,18,,,1,2,,1199882,18,,,1
66400,'8',808,,1199883,18,,,1,15,,1199884,18,,,1,2,,1199885,18,,,1
66400,'9',808,,1199888,18,,,1,15,,1199886,18,,,1,2,,1199887,18,,,1
67401,'1',1440,,1200197,11,,,1,5,,1200199,11,,,1
67401,'10',1440,,1200203,11,,,1,5,,1200205,11,,,1
67401,'11',1440,,1200209,11,,,1,5,,1200211,11,,,1
67401,'12',1440,,1200217,11,,,1,5,,1200218,11,,,1
67401,'14',1440,,1200223,11,,,1,5,,1200225,11,,,1
67401,'15',1440,,1200230,11,,,1,5,,1200232,11,,,1
67401,'16',1440,,1200237,11,,,1,5,,1200238,11,,,1
67401,'5',1440,,1200242,11,,,1,5,,1200244,11,,,1
67401,'6',1440,,1200250,11,,,1,5,,1062268,11,,,1
67401,'8',1440,,1200256,11,,,1,5,,1200257,11,,,1
67401,'9',1440,,1200261,11,,,1,5,,1200263,11,,,1
