11601,'1',535,,1188562,16,,,1,70,,1081683,16,,,1,32,,1188569,16,,,1,70,,1188573,16,,,1,32,,1188574,16,,,1,69,,1088790,16,,,1,103,,1070952,16,,,1,28,,1188570,16,,,1,70,,1188564,16,,,1,100,,1188568,16,,,1,100,,1188559,16,,,1,102,,1188560,16,,,1,102,,1188566,16,,,1,98,,1188567,16,,,1,105,,1188561,16,,,1,100,,1047255,16,,,1,98,,1188563,16,,,1,96,,1188571,16,,,1,100,,1188565,16,,,1,98,,1188572,16,,,1
11601,'10',535,,1188578,16,,,1,70,,1081491,16,,,1,32,,1188585,16,,,1,70,,1188589,16,,,1,32,,1188590,16,,,1,69,,1088385,16,,,1,103,,1070738,16,,,1,28,,1188586,16,,,1,70,,1188580,16,,,1,100,,1188584,16,,,1,100,,1188575,16,,,1,102,,1188576,16,,,1,102,,1188582,16,,,1,98,,1188583,16,,,1,105,,1188577,16,,,1,100,,1047436,16,,,1,98,,1188579,16,,,1,96,,1188587,16,,,1,100,,1188581,16,,,1,98,,1188588,16,,,1
11601,'11',535,,1188594,16,,,1,70,,1081740,16,,,1,32,,1188601,16,,,1,70,,1188605,16,,,1,32,,1188606,16,,,1,69,,1088911,16,,,1,103,,1071017,16,,,1,28,,1188602,16,,,1,70,,1188596,16,,,1,100,,1188600,16,,,1,100,,1188591,16,,,1,102,,1188592,16,,,1,102,,1188598,16,,,1,98,,1188599,16,,,1,105,,1188593,16,,,1,100,,1047203,16,,,1,98,,1188595,16,,,1,96,,1188603,16,,,1,100,,1188597,16,,,1,98,,1188604,16,,,1
11601,'12',535,,1188613,16,,,1,70,,1188611,16,,,1,32,,1188617,16,,,1,70,,1188610,16,,,1,32,,1188621,16,,,1,69,,1188623,16,,,1,103,,1188612,16,,,1,28,,1188615,16,,,1,70,,1188622,16,,,1,100,,1188607,16,,,1,100,,1188618,16,,,1,102,,1188609,16,,,1,102,,1075453,16,,,1,98,,1188608,16,,,1,105,,1042173,16,,,1,100,,1188620,16,,,1,98,,1188619,16,,,1,96,,1188614,16,,,1,100,,1188616,16,,,1,98,,1188624,16,,,1
11601,'13',824,,1188633,16,,,1,100,,1188639,16,,,1,102,,1188625,16,,,1,100,,1188637,16,,,1,101,,1188632,16,,,1,30,,1188634,16,,,1,70,,1188641,16,,,1,30,,1188635,16,,,1,70,,1188643,16,,,1,30,,1188638,16,,,1,70,,1188640,16,,,1,30,,1002637,16,,,1,70,,1188626,16,,,1,30,,1188627,16,,,1,70,,1188636,16,,,1,30,,1188629,16,,,1,79,,1188630,16,,,1,100,,996644,16,,,1,100,,1188631,16,,,1,100,,1188628,16,,,1,99,,1188642,16,,,1
11601,'14',535,,1188648,16,,,1,70,,1188658,16,,,1,32,,1188655,16,,,1,70,,1188661,16,,,1,32,,1188662,16,,,1,69,,1188657,16,,,1,103,,1188663,16,,,1,28,,1188656,16,,,1,70,,1188650,16,,,1,100,,1188654,16,,,1,100,,1188644,16,,,1,102,,1188645,16,,,1,102,,1188652,16,,,1,98,,1188653,16,,,1,105,,1188647,16,,,1,100,,1188646,16,,,1,98,,1188649,16,,,1,96,,1188659,16,,,1,100,,1188651,16,,,1,98,,1188660,16,,,1
11601,'15',535,,1188676,16,,,1,70,,1188681,16,,,1,32,,1188666,16,,,1,70,,1188678,16,,,1,32,,1188677,16,,,1,69,,1188669,16,,,1,103,,1188670,16,,,1,28,,1188671,16,,,1,70,,1188668,16,,,1,100,,1188674,16,,,1,100,,1188664,16,,,1,102,,1188673,16,,,1,102,,1188665,16,,,1,98,,1188683,16,,,1,105,,1188675,16,,,1,100,,1188680,16,,,1,98,,1188679,16,,,1,96,,1188682,16,,,1,100,,1188667,16,,,1,98,,1188672,16,,,1
11601,'16',535,,1188690,16,,,1,70,,1188688,16,,,1,32,,1188694,16,,,1,70,,1188686,16,,,1,32,,1188698,16,,,1,69,,1048214,16,,,1,103,,1188689,16,,,1,28,,1188692,16,,,1,70,,1188699,16,,,1,100,,1188684,16,,,1,100,,1188695,16,,,1,102,,1078744,16,,,1,102,,1188687,16,,,1,98,,1069601,16,,,1,105,,1188685,16,,,1,100,,1188697,16,,,1,98,,1188696,16,,,1,96,,1188691,16,,,1,100,,1188693,16,,,1,98,,1188700,16,,,1
11601,'17',824,,1188710,16,,,1,100,,1188716,16,,,1,102,,1188702,16,,,1,100,,1188714,16,,,1,101,,1188709,16,,,1,30,,1188711,16,,,1,70,,1188718,16,,,1,30,,1188712,16,,,1,70,,1188721,16,,,1,30,,1188715,16,,,1,70,,1188717,16,,,1,30,,1188719,16,,,1,70,,1188703,16,,,1,30,,1188704,16,,,1,70,,1188713,16,,,1,30,,1188706,16,,,1,79,,1188707,16,,,1,100,,1188701,16,,,1,100,,1188708,16,,,1,100,,1188705,16,,,1,99,,1188720,16,,,1
11601,'2',741,,1188727,16,,,1,100,,1188733,16,,,1,100,,1188742,16,,,1,102,,1188732,16,,,1,100,,1188730,16,,,1,71,,1188739,16,,,1,30,,1188726,16,,,1,70,,1188735,16,,,1,30,,1188722,16,,,1,70,,1188737,16,,,1,30,,1188725,16,,,1,70,,1188724,16,,,1,30,,1188728,16,,,1,70,,1188740,16,,,1,30,,1188731,16,,,1,70,,1188723,16,,,1,30,,1188734,16,,,1,69,,1188738,16,,,1,100,,1079699,16,,,1,100,,1188741,16,,,1,100,,1188729,16,,,1,99,,1188736,16,,,1
11601,'3',824,,1188752,16,,,1,100,,1188758,16,,,1,102,,1188744,16,,,1,100,,1188756,16,,,1,101,,1188751,16,,,1,30,,1188753,16,,,1,70,,1188760,16,,,1,30,,1188754,16,,,1,70,,1188763,16,,,1,30,,1188757,16,,,1,70,,1188759,16,,,1,30,,1188761,16,,,1,70,,1188745,16,,,1,30,,1188746,16,,,1,70,,1188755,16,,,1,30,,1188748,16,,,1,79,,1188749,16,,,1,100,,1188743,16,,,1,100,,1188750,16,,,1,100,,1188747,16,,,1,99,,1188762,16,,,1
11601,'4',824,,1188774,16,,,1,100,,1188766,16,,,1,102,,1188782,16,,,1,100,,1188779,16,,,1,101,,1188770,16,,,1,30,,1188765,16,,,1,70,,1188767,16,,,1,30,,1188775,16,,,1,70,,1188777,16,,,1,30,,1188773,16,,,1,70,,1188780,16,,,1,30,,1188772,16,,,1,70,,1188768,16,,,1,30,,1188783,16,,,1,70,,1188764,16,,,1,30,,1188776,16,,,1,79,,1188769,16,,,1,100,,1188778,16,,,1,100,,1014037,16,,,1,100,,1188781,16,,,1,99,,1188771,16,,,1
11601,'5',535,,1188787,16,,,1,70,,1081650,16,,,1,32,,1188794,16,,,1,70,,1188798,16,,,1,32,,1188799,16,,,1,69,,1088726,16,,,1,103,,1070913,16,,,1,28,,1188795,16,,,1,70,,1188789,16,,,1,100,,1188793,16,,,1,100,,1188784,16,,,1,102,,1188785,16,,,1,102,,1188791,16,,,1,98,,1188792,16,,,1,105,,1188786,16,,,1,100,,1046951,16,,,1,98,,1188788,16,,,1,96,,1188796,16,,,1,100,,1188790,16,,,1,98,,1188797,16,,,1
11601,'6',535,,1188806,16,,,1,70,,1188804,16,,,1,32,,1188810,16,,,1,70,,1042283,16,,,1,32,,1188814,16,,,1,69,,1188816,16,,,1,103,,1188805,16,,,1,28,,1188808,16,,,1,70,,1188815,16,,,1,100,,1078821,16,,,1,100,,1188811,16,,,1,102,,1188802,16,,,1,102,,1188803,16,,,1,98,,1188800,16,,,1,105,,1188801,16,,,1,100,,1188813,16,,,1,98,,1188812,16,,,1,96,,1188807,16,,,1,100,,1188809,16,,,1,98,,1072413,16,,,1
11601,'7',741,,1188822,16,,,1,100,,1188823,16,,,1,100,,1188821,16,,,1,102,,1188820,16,,,1,100,,1188829,16,,,1,71,,1188824,16,,,1,30,,1188838,16,,,1,70,,1188831,16,,,1,30,,1188830,16,,,1,70,,1188836,16,,,1,30,,1188834,16,,,1,70,,1188825,16,,,1,30,,1188837,16,,,1,70,,1188835,16,,,1,30,,1188826,16,,,1,70,,1188819,16,,,1,30,,1188828,16,,,1,69,,1188817,16,,,1,100,,1188818,16,,,1,100,,1188827,16,,,1,100,,1188832,16,,,1,99,,1188833,16,,,1
11601,'8',535,,1188847,16,,,1,70,,1188845,16,,,1,32,,1188851,16,,,1,70,,1188843,16,,,1,32,,1188855,16,,,1,69,,1188857,16,,,1,103,,1188846,16,,,1,28,,1188849,16,,,1,70,,1188856,16,,,1,100,,1188839,16,,,1,100,,1188852,16,,,1,102,,1188842,16,,,1,102,,1188844,16,,,1,98,,1188840,16,,,1,105,,1188841,16,,,1,100,,1188854,16,,,1,98,,1188853,16,,,1,96,,1188848,16,,,1,100,,1188850,16,,,1,98,,1188858,16,,,1
11601,'9',535,,1188862,16,,,1,70,,1081548,16,,,1,32,,1188869,16,,,1,70,,1188873,16,,,1,32,,1188874,16,,,1,69,,1088511,16,,,1,103,,1070805,16,,,1,28,,1188870,16,,,1,70,,1188864,16,,,1,100,,1188868,16,,,1,100,,1188859,16,,,1,102,,1188860,16,,,1,102,,1188866,16,,,1,98,,1188867,16,,,1,105,,1188861,16,,,1,100,,1047307,16,,,1,98,,1188863,16,,,1,96,,1188871,16,,,1,100,,1188865,16,,,1,98,,1188872,16,,,1
