11000,'1',542,,1184691,60,,,1,70,,1184701,60,,,1,104,,1184703,85,,,1,26,,1079567,85,,,1,74,,1063111,85,,,1,30,,1095224,85,,,1,72,,1184689,85,,,1,30,,1184694,85,,,1,70,,1184700,85,,,1,19,,1184709,85,,,1,70,,1184705,85,,,1,30,,1184704,85,,,1,68,,1184712,85,,,1,30,,1184710,85,,,1,69,,1184708,85,,,1,30,,1184707,85,,,1,70,,1184692,85,,,1,30,,1184711,85,,,1,69,,1184693,85,,,1,106,,1033798,85,,,1,35,,1184695,85,,,1,71,,1184690,85,,,1,29,,1184714,85,,,1,74,,1184696,85,,,1,28,,1184706,85,,,1,70,,1184699,85,,,1,27,,1015941,85,,,1,62,,1184702,85,,,1,30,,1184698,85,,,1,70,,1184697,85,,,1,28,,1184713,85,,,1
11000,'10',542,,1184717,60,,,1,70,,1184727,60,,,1,104,,1184729,85,,,1,26,,1079375,85,,,1,74,,1062769,85,,,1,30,,1094978,85,,,1,72,,1184715,85,,,1,30,,1184720,85,,,1,70,,1184726,85,,,1,19,,1184735,85,,,1,70,,1184731,85,,,1,30,,1184730,85,,,1,68,,1184738,85,,,1,30,,1184736,85,,,1,69,,1184734,85,,,1,30,,1184733,85,,,1,70,,1184718,85,,,1,30,,1184737,85,,,1,69,,1184719,85,,,1,106,,1033917,85,,,1,35,,1184721,85,,,1,71,,1184716,85,,,1,29,,1184740,85,,,1,74,,1184722,85,,,1,28,,1184732,85,,,1,70,,1184725,85,,,1,27,,1016141,85,,,1,62,,1184728,85,,,1,30,,1184724,85,,,1,70,,1184723,85,,,1,28,,1184739,85,,,1
11000,'11',542,,1184743,60,,,1,70,,1184753,60,,,1,104,,1184755,85,,,1,26,,1079626,85,,,1,74,,1063212,85,,,1,30,,1095298,85,,,1,72,,1184741,85,,,1,30,,1184746,85,,,1,70,,1184752,85,,,1,19,,1184761,85,,,1,70,,1184757,85,,,1,30,,1184756,85,,,1,68,,1184764,85,,,1,30,,1184762,85,,,1,69,,1184760,85,,,1,30,,1184759,85,,,1,70,,1184744,85,,,1,30,,1184763,85,,,1,69,,1184745,85,,,1,106,,1033763,85,,,1,35,,1184747,85,,,1,71,,1184742,85,,,1,29,,1184766,85,,,1,74,,1184748,85,,,1,28,,1184758,85,,,1,70,,1184751,85,,,1,27,,1015881,85,,,1,62,,1184754,85,,,1,30,,1184750,85,,,1,70,,1184749,85,,,1,28,,1184765,85,,,1
11000,'12',542,,1184768,60,,,1,70,,1184785,60,,,1,104,,1184775,85,,,1,26,,1184788,85,,,1,74,,1184773,85,,,1,30,,1184774,85,,,1,72,,1052952,85,,,1,30,,1184778,85,,,1,70,,1184770,85,,,1,19,,1184772,85,,,1,70,,1184777,85,,,1,30,,1184789,85,,,1,68,,1184782,85,,,1,30,,1184779,85,,,1,69,,1184786,85,,,1,30,,1184769,85,,,1,70,,1184781,85,,,1,30,,1184783,85,,,1,69,,1091192,85,,,1,106,,1090194,85,,,1,35,,1184787,85,,,1,71,,1184767,85,,,1,29,,1184790,85,,,1,74,,1067310,85,,,1,28,,1184784,85,,,1,70,,1184792,85,,,1,27,,1184771,85,,,1,62,,1184791,85,,,1,30,,1184793,85,,,1,70,,1184780,85,,,1,28,,1184776,85,,,1
11000,'13',527,,1184799,60,,,1,30,,1184797,60,,,1,170,,1184796,85,,,1,30,,1184798,85,,,1,1071,,1184795,85,,,1,30,,1184794,85,,,1
11000,'14',542,,1184803,60,,,1,70,,1184816,60,,,1,104,,1184818,85,,,1,26,,1184808,85,,,1,74,,1184807,85,,,1,30,,1184828,85,,,1,72,,1184801,85,,,1,30,,1184809,85,,,1,70,,1184815,85,,,1,19,,1184824,85,,,1,70,,1184820,85,,,1,30,,1184819,85,,,1,68,,1184827,85,,,1,30,,1184825,85,,,1,69,,1184823,85,,,1,30,,1184822,85,,,1,70,,1184804,85,,,1,30,,1184826,85,,,1,69,,1184805,85,,,1,106,,1184806,85,,,1,35,,1184810,85,,,1,71,,1184802,85,,,1,29,,1184830,85,,,1,74,,1184811,85,,,1,28,,1184821,85,,,1,70,,1184814,85,,,1,27,,1184800,85,,,1,62,,1184817,85,,,1,30,,1184813,85,,,1,70,,1184812,85,,,1,28,,1184829,85,,,1
11000,'15',542,,1184859,60,,,1,70,,1184850,60,,,1,104,,1184861,85,,,1,26,,1184839,85,,,1,74,,1184849,85,,,1,30,,1184844,85,,,1,72,,1184832,85,,,1,30,,1184836,85,,,1,70,,1184845,85,,,1,19,,1184851,85,,,1,70,,1184846,85,,,1,30,,1184831,85,,,1,68,,1184852,85,,,1,30,,1184843,85,,,1,69,,1184848,85,,,1,30,,1184841,85,,,1,70,,1184860,85,,,1,30,,1184858,85,,,1,69,,1184847,85,,,1,106,,1184833,85,,,1,35,,1184838,85,,,1,71,,1184842,85,,,1,29,,1184835,85,,,1,74,,1184856,85,,,1,28,,1184834,85,,,1,70,,1184854,85,,,1,27,,1184853,85,,,1,62,,1184840,85,,,1,30,,1184837,85,,,1,70,,1184857,85,,,1,28,,1184855,85,,,1
11000,'16',542,,1078740,60,,,1,70,,1184880,60,,,1,104,,1184870,85,,,1,26,,1184883,85,,,1,74,,1184868,85,,,1,30,,1184869,85,,,1,72,,1184887,85,,,1,30,,1184873,85,,,1,70,,1184865,85,,,1,19,,1184867,85,,,1,70,,1184872,85,,,1,30,,1184884,85,,,1,68,,1184877,85,,,1,30,,1184874,85,,,1,69,,1184881,85,,,1,30,,1004622,85,,,1,70,,1184876,85,,,1,30,,1184878,85,,,1,69,,1184862,85,,,1,106,,1184863,85,,,1,35,,1184882,85,,,1,71,,1072638,85,,,1,29,,1085050,85,,,1,74,,1184864,85,,,1,28,,1184879,85,,,1,70,,1184886,85,,,1,27,,1184866,85,,,1,62,,1184885,85,,,1,30,,1072374,85,,,1,70,,1184875,85,,,1,28,,1184871,85,,,1
11000,'17',527,,1184893,60,,,1,30,,1184891,60,,,1,170,,1184890,85,,,1,30,,1184892,85,,,1,1071,,1184889,85,,,1,30,,1184888,85,,,1
11000,'2',526,,1184895,60,,,1,30,,1184896,60,,,1,170,,1184898,85,,,1,30,,1184894,85,,,1,1071,,1184897,85,,,1,30,,1184899,85,,,1
11000,'3',527,,1184905,60,,,1,30,,1184903,60,,,1,170,,1184902,85,,,1,30,,1184904,85,,,1,1071,,1184901,85,,,1,30,,1184900,85,,,1
11000,'4',527,,1184908,60,,,1,30,,1184906,60,,,1,170,,1184911,85,,,1,30,,1184907,85,,,1,1071,,1184909,85,,,1,30,,1184910,85,,,1
11000,'5',542,,1184914,60,,,1,70,,1184924,60,,,1,104,,1184926,85,,,1,26,,1079533,85,,,1,74,,1063057,85,,,1,30,,1095176,85,,,1,72,,1184912,85,,,1,30,,1184917,85,,,1,70,,1184923,85,,,1,19,,1184932,85,,,1,70,,1184928,85,,,1,30,,1184927,85,,,1,68,,1184935,85,,,1,30,,1184933,85,,,1,69,,1184931,85,,,1,30,,1184930,85,,,1,70,,1184915,85,,,1,30,,1184934,85,,,1,69,,1184916,85,,,1,106,,1033598,85,,,1,35,,1184918,85,,,1,71,,1184913,85,,,1,29,,1184937,85,,,1,74,,1184919,85,,,1,28,,1184929,85,,,1,70,,1184922,85,,,1,27,,1015575,85,,,1,62,,1184925,85,,,1,30,,1184921,85,,,1,70,,1184920,85,,,1,28,,1184936,85,,,1
11000,'6',542,,1184941,60,,,1,70,,1184958,60,,,1,104,,1184949,85,,,1,26,,1184961,85,,,1,74,,1184947,85,,,1,30,,1184948,85,,,1,72,,1184966,85,,,1,30,,1184951,85,,,1,70,,1184944,85,,,1,19,,1184946,85,,,1,70,,1184950,85,,,1,30,,1184962,85,,,1,68,,1184955,85,,,1,30,,1184952,85,,,1,69,,1184959,85,,,1,30,,1184943,85,,,1,70,,1184954,85,,,1,30,,1184956,85,,,1,69,,1184938,85,,,1,106,,1184939,85,,,1,35,,1184960,85,,,1,71,,1184940,85,,,1,29,,1184963,85,,,1,74,,1184942,85,,,1,28,,1184957,85,,,1,70,,1184965,85,,,1,27,,1184945,85,,,1,62,,1184964,85,,,1,30,,1184967,85,,,1,70,,1184953,85,,,1,28,,1096882,85,,,1
11000,'7',526,,1184971,60,,,1,30,,1184969,60,,,1,170,,1184972,85,,,1,30,,1184973,85,,,1,1071,,1184968,85,,,1,30,,1184970,85,,,1
11000,'8',542,,1184977,60,,,1,70,,1184995,60,,,1,104,,1184985,85,,,1,26,,1184998,85,,,1,74,,1184983,85,,,1,30,,1184984,85,,,1,72,,1185003,85,,,1,30,,1184988,85,,,1,70,,1184980,85,,,1,19,,1184982,85,,,1,70,,1184987,85,,,1,30,,1184999,85,,,1,68,,1184992,85,,,1,30,,1184989,85,,,1,69,,1184996,85,,,1,30,,1184979,85,,,1,70,,1184991,85,,,1,30,,1184993,85,,,1,69,,1184974,85,,,1,106,,1184975,85,,,1,35,,1184997,85,,,1,71,,1184976,85,,,1,29,,1185000,85,,,1,74,,1184978,85,,,1,28,,1184994,85,,,1,70,,1185002,85,,,1,27,,1184981,85,,,1,62,,1185001,85,,,1,30,,1185004,85,,,1,70,,1184990,85,,,1,28,,1184986,85,,,1
11000,'9',542,,1185007,60,,,1,70,,1185017,60,,,1,104,,1185019,85,,,1,26,,1079434,85,,,1,74,,1062881,85,,,1,30,,1095052,85,,,1,72,,1185005,85,,,1,30,,1185010,85,,,1,70,,1185016,85,,,1,19,,1185025,85,,,1,70,,1185021,85,,,1,30,,1185020,85,,,1,68,,1185028,85,,,1,30,,1185026,85,,,1,69,,1185024,85,,,1,30,,1185023,85,,,1,70,,1185008,85,,,1,30,,1185027,85,,,1,69,,1185009,85,,,1,106,,1033833,85,,,1,35,,1185011,85,,,1,71,,1185006,85,,,1,29,,1185030,85,,,1,74,,1185012,85,,,1,28,,1185022,85,,,1,70,,1185015,85,,,1,27,,1016001,85,,,1,62,,1185018,85,,,1,30,,1185014,85,,,1,70,,1185013,85,,,1,28,,1185029,85,,,1
67400,'1',727,,1069115,11,,,1,10,,1200144,11,,,1
67400,'10',727,,1068970,11,,,1,10,,1200148,11,,,1
67400,'11',727,,1069157,11,,,1,10,,1200152,11,,,1
67400,'12',727,,1200158,11,,,1,10,,1200157,11,,,1
67400,'14',727,,1200164,11,,,1,10,,1200163,11,,,1
67400,'15',727,,1200167,11,,,1,10,,1200170,11,,,1
67400,'16',727,,1200173,11,,,1,10,,1097157,11,,,1
67400,'5',727,,1069095,11,,,1,10,,1200177,11,,,1
67400,'6',727,,1200183,11,,,1,10,,1200182,11,,,1
67400,'8',727,,1200189,11,,,1,10,,1200188,11,,,1
67400,'9',727,,1069011,11,,,1,10,,1200193,11,,,1
