8200,'1',514,,1169133,6,,,1,96,,1169126,6,,,1,104,,1169144,6,,,1,99,,1049262,6,,,1,30,,1169136,6,,,1,70,,1169127,6,,,1,29,,1169145,6,,,1,70,,1169155,6,,,1,30,,1169142,6,,,1,70,,1169154,6,,,1,30,,1169153,6,,,1,70,,1169141,6,,,1,30,,1169151,6,,,1,70,,1169139,6,,,1,30,,1169124,6,,,1,70,,935104,6,,,1,32,,1169132,6,,,1,69,,1169131,9,,,1,30,,1169152,9,,,1,72,,1169130,9,,,1,31,,1169128,9,,,1,69,,1169129,9,,,1,28,,1169148,9,,,1,70,,1169147,9,,,1,31,,1169149,6,,,1,69,,1169135,6,,,1,29,,1169125,6,,,1,72,,1169146,6,,,1,30,,1169150,6,,,1,68,,1169143,6,,,1,32,,1169137,6,,,1,69,,1169138,6,,,1,100,,1011665,6,,,1
8200,'10',514,,1169165,6,,,1,96,,1169158,6,,,1,104,,1169176,6,,,1,99,,1049379,6,,,1,30,,1169168,6,,,1,70,,1169159,6,,,1,29,,1169177,6,,,1,70,,1169187,6,,,1,30,,1169174,6,,,1,70,,1169186,6,,,1,30,,1169185,6,,,1,70,,1169173,6,,,1,30,,1169183,6,,,1,70,,1169171,6,,,1,30,,1169156,6,,,1,70,,935106,6,,,1,32,,1169164,6,,,1,69,,1169163,9,,,1,30,,1169184,9,,,1,72,,1169162,9,,,1,31,,1169160,9,,,1,69,,1169161,9,,,1,28,,1169180,9,,,1,70,,1169179,9,,,1,31,,1169181,6,,,1,69,,1169167,6,,,1,29,,1169157,6,,,1,72,,1169178,6,,,1,30,,1169182,6,,,1,68,,1169175,6,,,1,32,,1169169,6,,,1,69,,1169170,6,,,1,100,,1011742,6,,,1
8200,'11',514,,1169197,6,,,1,96,,1169190,6,,,1,104,,1169208,6,,,1,99,,1049228,6,,,1,30,,1169200,6,,,1,70,,1169191,6,,,1,29,,1169209,6,,,1,70,,1169219,6,,,1,30,,1169206,6,,,1,70,,1169218,6,,,1,30,,1169217,6,,,1,70,,1169205,6,,,1,30,,1169215,6,,,1,70,,1169203,6,,,1,30,,1169188,6,,,1,70,,935102,6,,,1,32,,1169196,6,,,1,69,,1169195,9,,,1,30,,1169216,9,,,1,72,,1169194,9,,,1,31,,1169192,9,,,1,69,,1169193,9,,,1,28,,1169212,9,,,1,70,,1169211,9,,,1,31,,1169213,6,,,1,69,,1169199,6,,,1,29,,1169189,6,,,1,72,,1169210,6,,,1,30,,1169214,6,,,1,68,,1169207,6,,,1,32,,1169201,6,,,1,69,,1169202,6,,,1,100,,1011644,6,,,1
8200,'12',514,,1169251,6,,,1,96,,1169243,6,,,1,104,,1169230,6,,,1,99,,1169237,6,,,1,30,,1169234,6,,,1,70,,1169232,6,,,1,29,,1169250,6,,,1,70,,1169224,6,,,1,30,,1169227,6,,,1,70,,1169229,6,,,1,30,,1169245,6,,,1,70,,1070536,6,,,1,30,,1169220,6,,,1,70,,1169226,6,,,1,30,,1169228,6,,,1,70,,1169241,6,,,1,32,,1169233,6,,,1,69,,1169244,9,,,1,30,,1169249,9,,,1,72,,1169247,9,,,1,31,,1169231,9,,,1,69,,1169223,9,,,1,28,,1169235,9,,,1,70,,1169225,9,,,1,31,,1169240,6,,,1,69,,969575,6,,,1,29,,1169242,6,,,1,72,,1169238,6,,,1,30,,981099,6,,,1,68,,1169222,6,,,1,32,,1078639,6,,,1,69,,1169248,6,,,1,100,,1169221,6,,,1
8200,'13',718,,1169259,6,,,1,97,,1098823,6,,,1,100,,1078986,6,,,1,101,,1169269,6,,,1,30,,1169253,6,,,1,70,,1169266,6,,,1,30,,1169270,6,,,1,70,,1169257,6,,,1,30,,1169252,6,,,1,70,,1169267,6,,,1,30,,1071625,6,,,1,70,,1169268,6,,,1,30,,1169271,6,,,1,70,,1169258,6,,,1,30,,1169272,6,,,1,70,,1169255,6,,,1,30,,1169260,6,,,1,70,,1169254,6,,,1,30,,1169264,6,,,1,70,,1169256,6,,,1,30,,1169265,6,,,1,70,,1169263,6,,,1,100,,974156,6,,,1,99,,1169261,6,,,1,118,,1169262,6,,,1
8200,'14',514,,1169284,6,,,1,96,,1169276,6,,,1,104,,1169295,6,,,1,99,,1169306,6,,,1,30,,1169287,6,,,1,70,,1169278,6,,,1,29,,1169296,6,,,1,70,,1169308,6,,,1,30,,1169293,6,,,1,70,,1169305,6,,,1,30,,1169304,6,,,1,70,,1169292,6,,,1,30,,1169302,6,,,1,70,,1169290,6,,,1,30,,1169274,6,,,1,70,,1169273,6,,,1,32,,1169283,6,,,1,69,,1169282,9,,,1,30,,1169303,9,,,1,72,,1169281,9,,,1,31,,1169279,9,,,1,69,,1169280,9,,,1,28,,1169299,9,,,1,70,,1169298,9,,,1,31,,1169300,6,,,1,69,,1169286,6,,,1,29,,1169275,6,,,1,72,,1169297,6,,,1,30,,1169301,6,,,1,68,,1169294,6,,,1,32,,1169288,6,,,1,69,,1169289,6,,,1,100,,1169277,6,,,1
8200,'15',514,,1169333,6,,,1,96,,1169322,6,,,1,104,,1169316,6,,,1,99,,1169314,6,,,1,30,,1169342,6,,,1,70,,1169328,6,,,1,29,,1169321,6,,,1,70,,1169313,6,,,1,30,,1169329,6,,,1,70,,1169336,6,,,1,30,,1169338,6,,,1,70,,1169318,6,,,1,30,,1169334,6,,,1,70,,1169335,6,,,1,30,,1169330,6,,,1,70,,1169309,6,,,1,32,,1169320,6,,,1,69,,1169341,9,,,1,30,,1169327,9,,,1,72,,1169319,9,,,1,31,,1169339,9,,,1,69,,1169326,9,,,1,28,,1169312,9,,,1,70,,1169324,9,,,1,31,,1169332,6,,,1,69,,1169311,6,,,1,29,,1169310,6,,,1,72,,1169340,6,,,1,30,,1169344,6,,,1,68,,1169331,6,,,1,32,,1169337,6,,,1,69,,1169325,6,,,1,100,,1169315,6,,,1
8200,'16',514,,1070345,6,,,1,96,,1169369,6,,,1,104,,1169356,6,,,1,99,,1169363,6,,,1,30,,1169360,6,,,1,70,,1169358,6,,,1,29,,997744,6,,,1,70,,1169350,6,,,1,30,,1169353,6,,,1,70,,1169355,6,,,1,30,,1169371,6,,,1,70,,1169348,6,,,1,30,,1075043,6,,,1,70,,1169352,6,,,1,30,,1169354,6,,,1,70,,1169367,6,,,1,32,,1169359,6,,,1,69,,1169370,9,,,1,30,,1169376,9,,,1,72,,1169374,9,,,1,31,,1169357,9,,,1,69,,1169349,9,,,1,28,,1169361,9,,,1,70,,1169351,9,,,1,31,,1169366,6,,,1,69,,1169345,6,,,1,29,,1169368,6,,,1,72,,1169364,6,,,1,30,,1169372,6,,,1,68,,1169347,6,,,1,32,,1169377,6,,,1,69,,1169375,6,,,1,100,,1169346,6,,,1
8200,'17',718,,1169387,6,,,1,97,,1169379,6,,,1,100,,1169378,6,,,1,101,,1169397,6,,,1,30,,1169381,6,,,1,70,,1169394,6,,,1,30,,1169400,6,,,1,70,,1169385,6,,,1,30,,1169380,6,,,1,70,,1169395,6,,,1,30,,1169398,6,,,1,70,,1169396,6,,,1,30,,1169401,6,,,1,70,,1169386,6,,,1,30,,1169402,6,,,1,70,,1169383,6,,,1,30,,1169388,6,,,1,70,,1169382,6,,,1,30,,1169392,6,,,1,70,,1169384,6,,,1,30,,1169393,6,,,1,70,,1169391,6,,,1,100,,1169399,6,,,1,99,,1169389,6,,,1,118,,1169390,6,,,1
8200,'2',645,,1169425,6,,,1,105,,1169427,6,,,1,70,,1169410,6,,,1,30,,1169428,6,,,1,70,,1169419,6,,,1,31,,1169405,6,,,1,70,,1169424,6,,,1,30,,1169406,6,,,1,70,,1169431,6,,,1,30,,1093971,6,,,1,70,,1169414,6,,,1,30,,1169426,6,,,1,70,,1169407,6,,,1,30,,1169423,6,,,1,70,,1169404,6,,,1,30,,1169420,6,,,1,70,,1169416,6,,,1,30,,1169418,6,,,1,70,,1169412,6,,,1,30,,1169432,6,,,1,70,,1169415,6,,,1,30,,1169413,6,,,1,70,,1169409,6,,,1,30,,1169417,6,,,1,70,,1169411,6,,,1,30,,1169429,6,,,1,70,,1169403,6,,,1,30,,1074668,6,,,1,69,,1169430,6,,,1,30,,1169421,6,,,1,70,,1169422,6,,,1,110,,1169408,6,,,1
8200,'3',718,,1169442,6,,,1,97,,1169434,6,,,1,100,,1169433,6,,,1,101,,1169452,6,,,1,30,,1169436,6,,,1,70,,1169449,6,,,1,30,,1169455,6,,,1,70,,1169440,6,,,1,30,,1169435,6,,,1,70,,1169450,6,,,1,30,,1169453,6,,,1,70,,1169451,6,,,1,30,,1169456,6,,,1,70,,1169441,6,,,1,30,,1169457,6,,,1,70,,1169438,6,,,1,30,,1169443,6,,,1,70,,1169437,6,,,1,30,,1169447,6,,,1,70,,1169439,6,,,1,30,,1169448,6,,,1,70,,1169446,6,,,1,100,,1169454,6,,,1,99,,1169444,6,,,1,118,,1169445,6,,,1
8200,'4',718,,1169462,6,,,1,97,,1169468,6,,,1,100,,1062496,6,,,1,101,,1169473,6,,,1,30,,1169474,6,,,1,70,,1169466,6,,,1,30,,1169476,6,,,1,70,,1169463,6,,,1,30,,1169469,6,,,1,70,,1169478,6,,,1,30,,1169472,6,,,1,70,,1169460,6,,,1,30,,1169480,6,,,1,70,,1169475,6,,,1,30,,1169459,6,,,1,70,,1169479,6,,,1,30,,1169464,6,,,1,70,,1169465,6,,,1,30,,1169461,6,,,1,70,,1169458,6,,,1,30,,1169470,6,,,1,70,,1169467,6,,,1,100,,1169471,6,,,1,99,,1169477,6,,,1,118,,1074235,6,,,1
8200,'5',514,,1169490,6,,,1,96,,1169483,6,,,1,104,,1169501,6,,,1,99,,1049029,6,,,1,30,,1169493,6,,,1,70,,1169484,6,,,1,29,,1169502,6,,,1,70,,1169512,6,,,1,30,,1169499,6,,,1,70,,1169511,6,,,1,30,,1169510,6,,,1,70,,1169498,6,,,1,30,,1169508,6,,,1,70,,1169496,6,,,1,30,,1169481,6,,,1,70,,935110,6,,,1,32,,1169489,6,,,1,69,,1169488,9,,,1,30,,1169509,9,,,1,72,,1169487,9,,,1,31,,1169485,9,,,1,69,,1169486,9,,,1,28,,1169505,9,,,1,70,,1169504,9,,,1,31,,1169506,6,,,1,69,,1169492,6,,,1,29,,1169482,6,,,1,72,,1169503,6,,,1,30,,1169507,6,,,1,68,,1169500,6,,,1,32,,1169494,6,,,1,69,,1169495,6,,,1,100,,1011514,6,,,1
8200,'6',514,,1169546,6,,,1,96,,1169537,6,,,1,104,,1169524,6,,,1,99,,1169531,6,,,1,30,,1169528,6,,,1,70,,1169526,6,,,1,29,,1169545,6,,,1,70,,1169518,6,,,1,30,,1169521,6,,,1,70,,1169523,6,,,1,30,,1169539,6,,,1,70,,1169517,6,,,1,30,,1169514,6,,,1,70,,1169520,6,,,1,30,,1169522,6,,,1,70,,1169535,6,,,1,32,,1169527,6,,,1,69,,1169538,9,,,1,30,,1169544,9,,,1,72,,1169542,9,,,1,31,,1169525,9,,,1,69,,1003589,9,,,1,28,,1169529,9,,,1,70,,1169519,9,,,1,31,,1169534,6,,,1,69,,1169513,6,,,1,29,,1169536,6,,,1,72,,1169532,6,,,1,30,,1169540,6,,,1,68,,1169516,6,,,1,32,,1169547,6,,,1,69,,1169543,6,,,1,100,,1169515,6,,,1
8200,'7',645,,1169570,6,,,1,105,,1169550,6,,,1,70,,1169551,6,,,1,30,,1169549,6,,,1,70,,1169576,6,,,1,31,,1169555,6,,,1,70,,1169579,6,,,1,30,,1169572,6,,,1,70,,1169554,6,,,1,30,,1169558,6,,,1,70,,1169560,6,,,1,30,,1169552,6,,,1,70,,1169569,6,,,1,30,,1169564,6,,,1,70,,1169578,6,,,1,30,,1169565,6,,,1,70,,1169575,6,,,1,30,,1169568,6,,,1,70,,1169556,6,,,1,30,,1169577,6,,,1,70,,1169566,6,,,1,30,,1169561,6,,,1,70,,1169557,6,,,1,30,,1169567,6,,,1,70,,1169563,6,,,1,30,,1169553,6,,,1,70,,1169562,6,,,1,30,,1169548,6,,,1,69,,1169574,6,,,1,30,,1169573,6,,,1,70,,1169571,6,,,1,110,,1169559,6,,,1
8200,'8',514,,1169614,6,,,1,96,,1169605,6,,,1,104,,1169592,6,,,1,99,,1169599,6,,,1,30,,1169596,6,,,1,70,,1169594,6,,,1,29,,1169613,6,,,1,70,,1169586,6,,,1,30,,1169589,6,,,1,70,,1169591,6,,,1,30,,1169607,6,,,1,70,,1169584,6,,,1,30,,1169581,6,,,1,70,,1169588,6,,,1,30,,1169590,6,,,1,70,,1169603,6,,,1,32,,1169595,6,,,1,69,,1169606,9,,,1,30,,1169612,9,,,1,72,,1169610,9,,,1,31,,1169593,9,,,1,69,,1169585,9,,,1,28,,1169597,9,,,1,70,,1169587,9,,,1,31,,1169602,6,,,1,69,,1169580,6,,,1,29,,1169604,6,,,1,72,,1169600,6,,,1,30,,1169608,6,,,1,68,,1169583,6,,,1,32,,1169615,6,,,1,69,,1169611,6,,,1,100,,1169582,6,,,1
8200,'9',514,,1169625,6,,,1,96,,1169618,6,,,1,104,,1169636,6,,,1,99,,1049296,6,,,1,30,,1169628,6,,,1,70,,1169619,6,,,1,29,,1169637,6,,,1,70,,1169647,6,,,1,30,,1169634,6,,,1,70,,1169646,6,,,1,30,,1169645,6,,,1,70,,1169633,6,,,1,30,,1169643,6,,,1,70,,1169631,6,,,1,30,,1169616,6,,,1,70,,935108,6,,,1,32,,1169624,6,,,1,69,,1169623,9,,,1,30,,1169644,9,,,1,72,,1169622,9,,,1,31,,1169620,9,,,1,69,,1169621,9,,,1,28,,1169640,9,,,1,70,,1169639,9,,,1,31,,1169641,6,,,1,69,,1169627,6,,,1,29,,1169617,6,,,1,72,,1169638,6,,,1,30,,1169642,6,,,1,68,,1169635,6,,,1,32,,1169629,6,,,1,69,,1169630,6,,,1,100,,1011686,6,,,1
