13801,'1',556,,1189286,20,,,1,72,,1189280,22,,,1,30,,1090018,22,,,1,70,,1189289,22,,,1,30,,1074299,22,,,1,70,,1189274,22,,,1,30,,1189279,22,,,1,96,,1189290,20,,,1,100,,1189277,20,,,1,100,,1095230,20,,,1,100,,1189275,20,,,1,100,,1189285,20,,,1,105,,1189283,20,,,1,70,,1189281,20,,,1,30,,1189288,20,,,1,70,,1075933,20,,,1,30,,1048779,20,,,1,70,,1189291,20,,,1,71,,1189287,20,,,1,56,,1189292,20,,,1,100,,1189278,20,,,1,98,,1189282,20,,,1,100,,1189284,20,,,1,99,,1189276,20,,,1
13801,'10',556,,1189305,20,,,1,72,,1189299,22,,,1,30,,1089876,22,,,1,70,,1189308,22,,,1,30,,1074157,22,,,1,70,,1189293,22,,,1,30,,1189298,22,,,1,96,,1189309,20,,,1,100,,1189296,20,,,1,100,,1094984,20,,,1,100,,1189294,20,,,1,100,,1189304,20,,,1,105,,1189302,20,,,1,70,,1189300,20,,,1,30,,1189307,20,,,1,70,,1075708,20,,,1,30,,1048873,20,,,1,70,,1189310,20,,,1,71,,1189306,20,,,1,56,,1189311,20,,,1,100,,1189297,20,,,1,98,,1189301,20,,,1,100,,1189303,20,,,1,99,,1189295,20,,,1
13801,'11',556,,1189324,20,,,1,72,,1189318,22,,,1,30,,1090061,22,,,1,70,,1189327,22,,,1,30,,1074342,22,,,1,70,,1189312,22,,,1,30,,1189317,22,,,1,96,,1189328,20,,,1,100,,1189315,20,,,1,100,,1095304,20,,,1,100,,1189313,20,,,1,100,,1189323,20,,,1,105,,1189321,20,,,1,70,,1189319,20,,,1,30,,1189326,20,,,1,70,,1076003,20,,,1,30,,1048751,20,,,1,70,,1189329,20,,,1,71,,1189325,20,,,1,56,,1189330,20,,,1,100,,1189316,20,,,1,98,,1189320,20,,,1,100,,1189322,20,,,1,99,,1189314,20,,,1
13801,'12',556,,1189344,20,,,1,72,,1189345,22,,,1,30,,1189337,22,,,1,70,,1189338,22,,,1,30,,1067315,22,,,1,70,,1189340,22,,,1,30,,1189348,22,,,1,96,,1189334,20,,,1,100,,1189333,20,,,1,100,,1189351,20,,,1,100,,1189335,20,,,1,100,,1189342,20,,,1,105,,1189350,20,,,1,70,,1189343,20,,,1,30,,1189339,20,,,1,70,,1189341,20,,,1,30,,1189332,20,,,1,70,,1189352,20,,,1,71,,1189346,20,,,1,56,,1189331,20,,,1,100,,1189349,20,,,1,98,,1189336,20,,,1,100,,1189347,20,,,1,99,,1079804,20,,,1
13801,'13',853,,1189360,20,,,1,161,,1189361,20,,,1,100,,1189364,20,,,1,101,,1189358,20,,,1,100,,1189354,20,,,1,100,,1189356,20,,,1,100,,1189359,20,,,1,100,,1189353,20,,,1,100,,1035890,20,,,1,97,,1189357,20,,,1,102,,1189362,20,,,1,100,,1189363,20,,,1,98,,1189355,20,,,1
13801,'14',556,,1189379,20,,,1,72,,1189373,22,,,1,30,,1189385,22,,,1,70,,1189382,22,,,1,30,,1189387,22,,,1,70,,1189365,22,,,1,30,,1189372,22,,,1,96,,1189383,20,,,1,100,,1189369,20,,,1,100,,1189388,20,,,1,100,,1189366,20,,,1,100,,1189378,20,,,1,105,,1189376,20,,,1,70,,1189374,20,,,1,30,,1189381,20,,,1,70,,1189367,20,,,1,30,,1189370,20,,,1,70,,1189384,20,,,1,71,,1189380,20,,,1,56,,1189386,20,,,1,100,,1189371,20,,,1,98,,1189375,20,,,1,100,,1189377,20,,,1,99,,1189368,20,,,1
13801,'15',556,,1189406,20,,,1,72,,1189399,22,,,1,30,,1189409,22,,,1,70,,1189389,22,,,1,30,,1189397,22,,,1,70,,1189391,22,,,1,30,,1189390,22,,,1,96,,1189407,20,,,1,100,,1189400,20,,,1,100,,1189405,20,,,1,100,,1189412,20,,,1,100,,1189402,20,,,1,105,,1189393,20,,,1,70,,1189396,20,,,1,30,,1189403,20,,,1,70,,1189404,20,,,1,30,,1189410,20,,,1,70,,1189408,20,,,1,71,,1189401,20,,,1,56,,1189394,20,,,1,100,,1189392,20,,,1,98,,1189398,20,,,1,100,,1189395,20,,,1,99,,1189411,20,,,1
13801,'16',556,,1189426,20,,,1,72,,1189427,22,,,1,30,,1189419,22,,,1,70,,1189420,22,,,1,30,,1189414,22,,,1,70,,1189422,22,,,1,30,,1189430,22,,,1,96,,1189416,20,,,1,100,,1189415,20,,,1,100,,1189433,20,,,1,100,,1189417,20,,,1,100,,1189424,20,,,1,105,,967645,20,,,1,70,,1189425,20,,,1,30,,1189421,20,,,1,70,,1189423,20,,,1,30,,1068899,20,,,1,70,,1093829,20,,,1,71,,1189428,20,,,1,56,,1189413,20,,,1,100,,1189431,20,,,1,98,,1189418,20,,,1,100,,1189429,20,,,1,99,,1189432,20,,,1
13801,'17',853,,1189442,20,,,1,161,,1189443,20,,,1,100,,1189446,20,,,1,101,,1189440,20,,,1,100,,1189436,20,,,1,100,,1189438,20,,,1,100,,1189441,20,,,1,100,,1189434,20,,,1,100,,1189435,20,,,1,97,,1189439,20,,,1,102,,1189444,20,,,1,100,,1189445,20,,,1,98,,1189437,20,,,1
13801,'2',812,,1189458,20,,,1,100,,1189459,20,,,1,102,,1189448,20,,,1,100,,1189457,20,,,1,101,,1189450,20,,,1,100,,1189460,20,,,1,100,,1189452,20,,,1,100,,1189447,20,,,1,100,,1063381,20,,,1,100,,1189454,20,,,1,99,,1189455,20,,,1,100,,1189451,20,,,1,100,,1189453,20,,,1,98,,1189461,20,,,1,100,,1189449,20,,,1,100,,1189456,20,,,1
13801,'3',853,,1189470,20,,,1,161,,1189471,20,,,1,100,,1189474,20,,,1,101,,1189468,20,,,1,100,,1189464,20,,,1,100,,1189466,20,,,1,100,,1189469,20,,,1,100,,1189462,20,,,1,100,,1189463,20,,,1,97,,1189467,20,,,1,102,,1189472,20,,,1,100,,1189473,20,,,1,98,,1189465,20,,,1
13801,'4',853,,1189483,20,,,1,161,,1050720,20,,,1,100,,1189478,20,,,1,101,,1189482,20,,,1,100,,1041927,20,,,1,100,,1189477,20,,,1,100,,1189481,20,,,1,100,,1189479,20,,,1,100,,1189475,20,,,1,97,,1189476,20,,,1,102,,1189480,20,,,1,100,,1096073,20,,,1,98,,1189484,20,,,1
13801,'5',556,,1189497,20,,,1,72,,1189491,22,,,1,30,,1089996,22,,,1,70,,1189500,22,,,1,30,,1074276,22,,,1,70,,1189485,22,,,1,30,,1189490,22,,,1,96,,1189501,20,,,1,100,,1189488,20,,,1,100,,1095182,20,,,1,100,,1189486,20,,,1,100,,1189496,20,,,1,105,,1189494,20,,,1,70,,1189492,20,,,1,30,,1189499,20,,,1,70,,1075894,20,,,1,30,,1048613,20,,,1,70,,1189502,20,,,1,71,,1189498,20,,,1,56,,1189503,20,,,1,100,,1189489,20,,,1,98,,1189493,20,,,1,100,,1189495,20,,,1,99,,1189487,20,,,1
13801,'6',556,,1189518,20,,,1,72,,1189519,22,,,1,30,,1189511,22,,,1,70,,1189512,22,,,1,30,,1189506,22,,,1,70,,1189514,22,,,1,30,,1189522,22,,,1,96,,1189508,20,,,1,100,,1189507,20,,,1,100,,1189526,20,,,1,100,,1189509,20,,,1,100,,1189516,20,,,1,105,,1189525,20,,,1,70,,1189517,20,,,1,30,,1189513,20,,,1,70,,1189515,20,,,1,30,,1189505,20,,,1,70,,1189527,20,,,1,71,,1189520,20,,,1,56,,1189504,20,,,1,100,,1189523,20,,,1,98,,1189510,20,,,1,100,,1189521,20,,,1,99,,1189524,20,,,1
13801,'7',812,,1189537,20,,,1,100,,1189534,20,,,1,102,,1189541,20,,,1,100,,1189536,20,,,1,101,,1189532,20,,,1,100,,1189529,20,,,1,100,,1189542,20,,,1,100,,1189528,20,,,1,100,,1189535,20,,,1,100,,1189531,20,,,1,99,,1189533,20,,,1,100,,1189530,20,,,1,100,,1189540,20,,,1,98,,1189539,20,,,1,100,,1189538,20,,,1,100,,1189543,20,,,1
13801,'8',556,,1189558,20,,,1,72,,1189559,22,,,1,30,,1189551,22,,,1,70,,1189552,22,,,1,30,,1189546,22,,,1,70,,1189554,22,,,1,30,,1189562,22,,,1,96,,1189548,20,,,1,100,,1189547,20,,,1,100,,1189566,20,,,1,100,,1189549,20,,,1,100,,1189556,20,,,1,105,,1189565,20,,,1,70,,1189557,20,,,1,30,,1189553,20,,,1,70,,1189555,20,,,1,30,,1189545,20,,,1,70,,1189567,20,,,1,71,,1189560,20,,,1,56,,1189544,20,,,1,100,,1189563,20,,,1,98,,1189550,20,,,1,100,,1189561,20,,,1,99,,1189564,20,,,1
13801,'9',556,,1189580,20,,,1,72,,1189574,22,,,1,30,,1089921,22,,,1,70,,1189583,22,,,1,30,,1074204,22,,,1,70,,1189568,22,,,1,30,,1189573,22,,,1,96,,1189584,20,,,1,100,,1189571,20,,,1,100,,1095058,20,,,1,100,,1189569,20,,,1,100,,1189579,20,,,1,105,,1189577,20,,,1,70,,1189575,20,,,1,30,,1189582,20,,,1,70,,1075775,20,,,1,30,,1048807,20,,,1,70,,1189585,20,,,1,71,,1189581,20,,,1,56,,1189586,20,,,1,100,,1189572,20,,,1,98,,1189576,20,,,1,100,,1189578,20,,,1,99,,1189570,20,,,1
