23400,'1',553,,1196752,24,,,1,72,,1196750,24,,,1,30,,1196748,24,,,1,71,,1196751,24,,,1,26,,1196749,24,,,1,77,,1196747,24,,,1
23400,'10',553,,1196758,24,,,1,72,,1196756,24,,,1,30,,1196754,24,,,1,71,,1196757,24,,,1,26,,1196755,24,,,1,77,,1196753,24,,,1
23400,'11',553,,1196764,24,,,1,72,,1196762,24,,,1,30,,1196760,24,,,1,71,,1196763,24,,,1,26,,1196761,24,,,1,77,,1196759,24,,,1
23400,'12',553,,1196767,24,,,1,72,,1196768,24,,,1,30,,1196769,24,,,1,71,,1196766,24,,,1,26,,1196770,24,,,1,77,,1196765,24,,,1
23400,'14',553,,1196776,24,,,1,72,,1196774,24,,,1,30,,1196772,24,,,1,71,,1196775,24,,,1,26,,1196773,24,,,1,77,,1196771,24,,,1
23400,'15',553,,1196777,24,,,1,72,,1196778,24,,,1,30,,1196781,24,,,1,71,,1196782,24,,,1,26,,1196780,24,,,1,77,,1196779,24,,,1
23400,'16',553,,1196784,24,,,1,72,,1196785,24,,,1,30,,1196786,24,,,1,71,,1196783,24,,,1,26,,1097508,24,,,1,77,,1090024,24,,,1
23400,'5',553,,1196792,24,,,1,72,,1196790,24,,,1,30,,1196788,24,,,1,71,,1196791,24,,,1,26,,1196789,24,,,1,77,,1196787,24,,,1
23400,'6',553,,1196795,24,,,1,72,,1196796,24,,,1,30,,1196797,24,,,1,71,,1196794,24,,,1,26,,1196798,24,,,1,77,,1196793,24,,,1
23400,'8',553,,1196801,24,,,1,72,,1196802,24,,,1,30,,1196803,24,,,1,71,,1196800,24,,,1,26,,1196804,24,,,1,77,,1196799,24,,,1
23400,'9',553,,1196810,24,,,1,72,,1196808,24,,,1,30,,1196806,24,,,1,71,,1196809,24,,,1,26,,1196807,24,,,1,77,,1196805,24,,,1
