8700,'1',602,,1173597,6,,,1,30,,1173572,6,,,1,19,,1173555,6,,,1,57,,1173584,6,,,1,12,,1173553,6,,,1,15,,1015984,6,,,1,20,,1173569,16,,,1,54,,1173557,6,,,1,16,,1173582,16,,,1,18,,1173593,16,,,1,16,,1173558,16,,,1,55,,1173591,16,,,1,14,,1173571,16,,,1,15,,1173556,16,,,1,15,,1173585,16,,,1,55,,1173561,16,,,1,15,,1085578,16,,,1,15,,1173576,16,,,1,15,,1173580,16,,,1,55,,1034751,16,,,1,15,,1173559,16,,,1,15,,1173577,16,,,1,15,,1173567,16,,,1,55,,1173565,16,,,1,15,,1173586,16,,,1,15,,1173564,16,,,1,15,,1009386,16,,,1,55,,1173587,16,,,1,15,,1173554,16,,,1,15,,1173590,16,,,1,15,,1173592,16,,,1,55,,1173596,16,,,1,15,,1103228,16,,,1,15,,1173579,16,,,1,15,,1173568,16,,,1,55,,1173551,16,,,1,17,,1013392,16,,,1,15,,1173570,16,,,1,56,,1173581,16,,,1,15,,1173589,16,,,1,15,,1173560,16,,,1,15,,1173578,16,,,1,56,,1173574,16,,,1,29,,1173594,16,,,1,70,,1173583,16,,,1,28,,1173566,16,,,1,30,,1173588,16,,,1,69,,1173562,16,,,1,28,,1173575,16,,,1,73,,1173563,16,,,1,29,,1173552,16,,,1,70,,1173595,16,,,1,30,,1173573,16,,,1
8700,'10',602,,1173644,6,,,1,30,,1173619,6,,,1,19,,1173602,6,,,1,57,,1173631,6,,,1,12,,1173600,6,,,1,15,,1016184,6,,,1,20,,1173616,16,,,1,54,,1173604,6,,,1,16,,1173629,16,,,1,18,,1173640,16,,,1,16,,1173605,16,,,1,55,,1173638,16,,,1,14,,1173618,16,,,1,15,,1173603,16,,,1,15,,1173632,16,,,1,55,,1173608,16,,,1,15,,1085321,16,,,1,15,,1173623,16,,,1,15,,1173627,16,,,1,55,,1034886,16,,,1,15,,1173606,16,,,1,15,,1173624,16,,,1,15,,1173614,16,,,1,55,,1173612,16,,,1,15,,1173633,16,,,1,15,,1173611,16,,,1,15,,1009433,16,,,1,55,,1173634,16,,,1,15,,1173601,16,,,1,15,,1173637,16,,,1,15,,1173639,16,,,1,55,,1173643,16,,,1,15,,1103222,16,,,1,15,,1173626,16,,,1,15,,1173615,16,,,1,55,,1173598,16,,,1,17,,1013475,16,,,1,15,,1173617,16,,,1,56,,1173628,16,,,1,15,,1173636,16,,,1,15,,1173607,16,,,1,15,,1173625,16,,,1,56,,1173621,16,,,1,29,,1173641,16,,,1,70,,1173630,16,,,1,28,,1173613,16,,,1,30,,1173635,16,,,1,69,,1173609,16,,,1,28,,1173622,16,,,1,73,,1173610,16,,,1,29,,1173599,16,,,1,70,,1173642,16,,,1,30,,1173620,16,,,1
8700,'11',602,,1173691,6,,,1,30,,1173666,6,,,1,19,,1173649,6,,,1,57,,1173678,6,,,1,12,,1173647,6,,,1,15,,1015924,6,,,1,20,,1173663,16,,,1,54,,1173651,6,,,1,16,,1173676,16,,,1,18,,1173687,16,,,1,16,,1173652,16,,,1,55,,1173685,16,,,1,14,,1173665,16,,,1,15,,1173650,16,,,1,15,,1173679,16,,,1,55,,1173655,16,,,1,15,,1085658,16,,,1,15,,1173670,16,,,1,15,,1173674,16,,,1,55,,1034713,16,,,1,15,,1173653,16,,,1,15,,1173671,16,,,1,15,,1173661,16,,,1,55,,1173659,16,,,1,15,,1173680,16,,,1,15,,1173658,16,,,1,15,,1009372,16,,,1,55,,1173681,16,,,1,15,,1173648,16,,,1,15,,1173684,16,,,1,15,,1173686,16,,,1,55,,1173690,16,,,1,15,,1103230,16,,,1,15,,1173673,16,,,1,15,,1173662,16,,,1,55,,1173645,16,,,1,17,,1013368,16,,,1,15,,1173664,16,,,1,56,,1173675,16,,,1,15,,1173683,16,,,1,15,,1173654,16,,,1,15,,1173672,16,,,1,56,,1173668,16,,,1,29,,1173688,16,,,1,70,,1173677,16,,,1,28,,1173660,16,,,1,30,,1173682,16,,,1,69,,1173656,16,,,1,28,,1173669,16,,,1,73,,1173657,16,,,1,29,,1173646,16,,,1,70,,1173689,16,,,1,30,,1173667,16,,,1
8700,'12',602,,1173732,6,,,1,30,,1173696,6,,,1,19,,1173711,6,,,1,57,,1075867,6,,,1,12,,1173715,6,,,1,15,,1088661,6,,,1,20,,1173704,16,,,1,54,,1173724,6,,,1,16,,1173721,16,,,1,18,,1173727,16,,,1,16,,1173738,16,,,1,55,,1173720,16,,,1,14,,1173701,16,,,1,15,,1173709,16,,,1,15,,1173733,16,,,1,55,,1173698,16,,,1,15,,1173716,16,,,1,15,,1173737,16,,,1,15,,1173723,16,,,1,55,,1173734,16,,,1,15,,1173740,16,,,1,15,,1173703,16,,,1,15,,1173717,16,,,1,55,,1173739,16,,,1,15,,1173725,16,,,1,15,,1173705,16,,,1,15,,1173728,16,,,1,55,,1173708,16,,,1,15,,1173735,16,,,1,15,,1173719,16,,,1,15,,1173693,16,,,1,55,,1173713,16,,,1,15,,1173731,16,,,1,15,,1173718,16,,,1,15,,1064400,16,,,1,55,,1173699,16,,,1,17,,1173697,16,,,1,15,,1095135,16,,,1,56,,1173707,16,,,1,15,,1173702,16,,,1,15,,1173730,16,,,1,15,,1173729,16,,,1,56,,1173700,16,,,1,29,,1173695,16,,,1,70,,1173736,16,,,1,28,,1173712,16,,,1,30,,1173726,16,,,1,69,,1173706,16,,,1,28,,1173694,16,,,1,73,,1173692,16,,,1,29,,1173722,16,,,1,70,,1173710,16,,,1,30,,1173714,16,,,1
8700,'13',1044,,1173742,16,,,1,70,,1173748,16,,,1,30,,1173745,16,,,1,70,,1173749,16,,,1,30,,1173751,16,,,1,70,,1087909,16,,,1,30,,1074004,16,,,1,70,,1173741,16,,,1,30,,1087459,16,,,1,70,,1173743,16,,,1,30,,1173754,16,,,1,70,,1173753,16,,,1,30,,1173750,16,,,1,69,,1173747,16,,,1,30,,1173746,16,,,1,70,,1173744,16,,,1,30,,1173752,16,,,1
8700,'14',602,,1173807,6,,,1,30,,1173780,6,,,1,19,,1173760,6,,,1,57,,1173792,6,,,1,12,,1173757,6,,,1,15,,1173803,6,,,1,20,,1173777,16,,,1,54,,1173762,6,,,1,16,,1173790,16,,,1,18,,1173801,16,,,1,16,,1173763,16,,,1,55,,1173799,16,,,1,14,,1173779,16,,,1,15,,1173761,16,,,1,15,,1173793,16,,,1,55,,1173768,16,,,1,15,,1173759,16,,,1,15,,1173784,16,,,1,15,,1173788,16,,,1,55,,1173767,16,,,1,15,,1173764,16,,,1,15,,1173785,16,,,1,15,,1173775,16,,,1,55,,1173773,16,,,1,15,,1173794,16,,,1,15,,1173772,16,,,1,15,,1173769,16,,,1,55,,1173795,16,,,1,15,,1173758,16,,,1,15,,1173798,16,,,1,15,,1173800,16,,,1,55,,1173806,16,,,1,15,,1173804,16,,,1,15,,1173787,16,,,1,15,,1173776,16,,,1,55,,1173755,16,,,1,17,,1173765,16,,,1,15,,1173778,16,,,1,56,,1173789,16,,,1,15,,1173797,16,,,1,15,,1173766,16,,,1,15,,1173786,16,,,1,56,,1173782,16,,,1,29,,1173802,16,,,1,70,,1173791,16,,,1,28,,1173774,16,,,1,30,,1173796,16,,,1,69,,1173770,16,,,1,28,,1173783,16,,,1,73,,1173771,16,,,1,29,,1173756,16,,,1,70,,1173805,16,,,1,30,,1173781,16,,,1
8700,'15',602,,1173808,6,,,1,30,,1173839,6,,,1,19,,1173851,6,,,1,57,,1173859,6,,,1,12,,1173833,6,,,1,15,,1173841,6,,,1,20,,1173850,16,,,1,54,,1173809,6,,,1,16,,1173830,16,,,1,18,,1173824,16,,,1,16,,1173816,16,,,1,55,,1173857,16,,,1,14,,1173811,16,,,1,15,,1173834,16,,,1,15,,1173855,16,,,1,55,,1173813,16,,,1,15,,1173856,16,,,1,15,,1173818,16,,,1,15,,1173814,16,,,1,55,,1173848,16,,,1,15,,1173828,16,,,1,15,,1173852,16,,,1,15,,1173821,16,,,1,55,,1173846,16,,,1,15,,1173810,16,,,1,15,,1173854,16,,,1,15,,1173832,16,,,1,55,,1173843,16,,,1,15,,1173860,16,,,1,15,,1173820,16,,,1,15,,1173836,16,,,1,55,,1173831,16,,,1,15,,1173844,16,,,1,15,,1173858,16,,,1,15,,1173837,16,,,1,55,,1173842,16,,,1,17,,1173826,16,,,1,15,,1173845,16,,,1,56,,1173812,16,,,1,15,,1173823,16,,,1,15,,1173849,16,,,1,15,,1173822,16,,,1,56,,1173817,16,,,1,29,,1173838,16,,,1,70,,1173825,16,,,1,28,,1173819,16,,,1,30,,1173835,16,,,1,69,,1173853,16,,,1,28,,1173840,16,,,1,73,,1173847,16,,,1,29,,1173829,16,,,1,70,,1173827,16,,,1,30,,1173815,16,,,1
8700,'16',602,,1173899,6,,,1,30,,1173863,6,,,1,19,,1173878,6,,,1,57,,1173874,6,,,1,12,,1173882,6,,,1,15,,1173866,6,,,1,20,,1173870,16,,,1,54,,1173891,6,,,1,16,,1173888,16,,,1,18,,1173894,16,,,1,16,,1173903,16,,,1,55,,1173887,16,,,1,14,,1173867,16,,,1,15,,1173876,16,,,1,15,,1173900,16,,,1,55,,1173864,16,,,1,15,,1173883,16,,,1,15,,960090,16,,,1,15,,1173890,16,,,1,55,,1173901,16,,,1,15,,1095935,16,,,1,15,,1173869,16,,,1,15,,1173884,16,,,1,55,,1173904,16,,,1,15,,1173892,16,,,1,15,,1173871,16,,,1,15,,1173895,16,,,1,55,,1173875,16,,,1,15,,1012145,16,,,1,15,,1173886,16,,,1,15,,1173862,16,,,1,55,,1173880,16,,,1,15,,1173898,16,,,1,15,,1173885,16,,,1,15,,1173906,16,,,1,55,,1098702,16,,,1,17,,1099036,16,,,1,15,,1173905,16,,,1,56,,1173873,16,,,1,15,,1173868,16,,,1,15,,1173897,16,,,1,15,,1173896,16,,,1,56,,1173865,16,,,1,29,,1075968,16,,,1,70,,1173902,16,,,1,28,,1173879,16,,,1,30,,1173893,16,,,1,69,,1173872,16,,,1,28,,919114,16,,,1,73,,1173861,16,,,1,29,,1173889,16,,,1,70,,1173877,16,,,1,30,,1173881,16,,,1
8700,'17',1044,,1173909,16,,,1,70,,1173916,16,,,1,30,,1173913,16,,,1,70,,1173917,16,,,1,30,,1173919,16,,,1,70,,1173907,16,,,1,30,,1173923,16,,,1,70,,1173908,16,,,1,30,,1173912,16,,,1,70,,1173910,16,,,1,30,,1173922,16,,,1,70,,1173921,16,,,1,30,,1173918,16,,,1,69,,1173915,16,,,1,30,,1173914,16,,,1,70,,1173911,16,,,1,30,,1173920,16,,,1
8700,'2',751,,1173934,6,,,1,70,,1173931,16,,,1,30,,1173930,16,,,1,70,,1173927,16,,,1,30,,1173935,16,,,1,70,,1061946,16,,,1,30,,1173932,16,,,1,70,,1173933,16,,,1,30,,1173925,16,,,1,70,,1087811,16,,,1,30,,1173929,16,,,1,70,,1173928,16,,,1,31,,1173939,16,,,1,70,,1173936,16,,,1,30,,1173924,16,,,1,70,,1074178,16,,,1,30,,1173940,16,,,1,70,,1173926,16,,,1,30,,1100826,16,,,1,69,,1075743,16,,,1,30,,1173937,16,,,1,70,,1173938,16,,,1,30,,1098248,16,,,1
8700,'3',1044,,1173943,16,,,1,70,,1173950,16,,,1,30,,1173947,16,,,1,70,,1173951,16,,,1,30,,1173953,16,,,1,70,,1173941,16,,,1,30,,1173957,16,,,1,70,,1173942,16,,,1,30,,1173946,16,,,1,70,,1173944,16,,,1,30,,1173956,16,,,1,70,,1173955,16,,,1,30,,1173952,16,,,1,69,,1173949,16,,,1,30,,1173948,16,,,1,70,,1173945,16,,,1,30,,1173954,16,,,1
8700,'4',1044,,1173965,16,,,1,70,,1173959,16,,,1,30,,1173960,16,,,1,70,,1173970,16,,,1,30,,1173958,16,,,1,70,,1173967,16,,,1,30,,1054534,16,,,1,70,,948600,16,,,1,30,,1173964,16,,,1,70,,1173962,16,,,1,30,,1173969,16,,,1,70,,1173971,16,,,1,30,,1173961,16,,,1,69,,1173972,16,,,1,30,,1173968,16,,,1,70,,1173963,16,,,1,30,,1173966,16,,,1
8700,'5',602,,1174019,6,,,1,30,,1173994,6,,,1,19,,1173977,6,,,1,57,,1174006,6,,,1,12,,1173975,6,,,1,15,,1015618,6,,,1,20,,1173991,16,,,1,54,,1173979,6,,,1,16,,1174004,16,,,1,18,,1174015,16,,,1,16,,1173980,16,,,1,55,,1174013,16,,,1,14,,1173993,16,,,1,15,,1173978,16,,,1,15,,1174007,16,,,1,55,,1173983,16,,,1,15,,1085534,16,,,1,15,,1173998,16,,,1,15,,1174002,16,,,1,55,,1034531,16,,,1,15,,1173981,16,,,1,15,,1173999,16,,,1,15,,1173989,16,,,1,55,,1173987,16,,,1,15,,1174008,16,,,1,15,,1173986,16,,,1,15,,1009326,16,,,1,55,,1174009,16,,,1,15,,1173976,16,,,1,15,,1174012,16,,,1,15,,1174014,16,,,1,55,,1174018,16,,,1,15,,1103226,16,,,1,15,,1174001,16,,,1,15,,1173990,16,,,1,55,,1173973,16,,,1,17,,1013237,16,,,1,15,,1173992,16,,,1,56,,1174003,16,,,1,15,,1174011,16,,,1,15,,1173982,16,,,1,15,,1174000,16,,,1,56,,1173996,16,,,1,29,,1174016,16,,,1,70,,1174005,16,,,1,28,,1173988,16,,,1,30,,1174010,16,,,1,69,,1173984,16,,,1,28,,1173997,16,,,1,73,,1173985,16,,,1,29,,1173974,16,,,1,70,,1174017,16,,,1,30,,1173995,16,,,1
8700,'6',602,,1174056,6,,,1,30,,1174022,6,,,1,19,,1174037,6,,,1,57,,1174033,6,,,1,12,,1174041,6,,,1,15,,1174025,6,,,1,20,,1174029,16,,,1,54,,1174048,6,,,1,16,,1174046,16,,,1,18,,1174051,16,,,1,16,,1174061,16,,,1,55,,949284,16,,,1,14,,1174026,16,,,1,15,,1174035,16,,,1,15,,1174057,16,,,1,55,,1075671,16,,,1,15,,1174042,16,,,1,15,,1174060,16,,,1,15,,1174047,16,,,1,55,,1174058,16,,,1,15,,1174063,16,,,1,15,,1174028,16,,,1,15,,1174043,16,,,1,55,,966794,16,,,1,15,,1174049,16,,,1,15,,1174030,16,,,1,15,,1174052,16,,,1,55,,1174034,16,,,1,15,,1174059,16,,,1,15,,1174045,16,,,1,15,,1093531,16,,,1,55,,1174039,16,,,1,15,,1174055,16,,,1,15,,1174044,16,,,1,15,,1174064,16,,,1,55,,1174024,16,,,1,17,,1174023,16,,,1,15,,1174062,16,,,1,56,,1174032,16,,,1,15,,1174027,16,,,1,15,,1174054,16,,,1,15,,1174053,16,,,1,56,,1100313,16,,,1,29,,1174021,16,,,1,70,,1064519,16,,,1,28,,1174038,16,,,1,30,,1174050,16,,,1,69,,1174031,16,,,1,28,,1174020,16,,,1,73,,1060370,16,,,1,29,,1031872,16,,,1,70,,1174036,16,,,1,30,,1174040,16,,,1
8700,'7',751,,1174072,6,,,1,70,,1174076,16,,,1,30,,1174085,16,,,1,70,,1174087,16,,,1,30,,1174068,16,,,1,70,,1174086,16,,,1,30,,1174070,16,,,1,70,,1174071,16,,,1,30,,1174080,16,,,1,70,,1174077,16,,,1,30,,1174074,16,,,1,70,,1174069,16,,,1,31,,1174081,16,,,1,70,,1174075,16,,,1,30,,1174079,16,,,1,70,,1174067,16,,,1,30,,1174078,16,,,1,70,,1174084,16,,,1,30,,1174083,16,,,1,69,,1174065,16,,,1,30,,1174066,16,,,1,70,,1174082,16,,,1,30,,1174073,16,,,1
8700,'8',602,,1174130,6,,,1,30,,1174092,6,,,1,19,,1174109,6,,,1,57,,1174105,6,,,1,12,,1174113,6,,,1,15,,1174097,6,,,1,20,,1174101,16,,,1,54,,1174122,6,,,1,16,,1174119,16,,,1,18,,1174125,16,,,1,16,,1174136,16,,,1,55,,1174118,16,,,1,14,,1174098,16,,,1,15,,1174107,16,,,1,15,,1174131,16,,,1,55,,1174094,16,,,1,15,,1174114,16,,,1,15,,1174135,16,,,1,15,,1174121,16,,,1,55,,1174132,16,,,1,15,,1174139,16,,,1,15,,1174100,16,,,1,15,,1174115,16,,,1,55,,1174137,16,,,1,15,,1174123,16,,,1,15,,1174102,16,,,1,15,,1174126,16,,,1,55,,1174106,16,,,1,15,,1174133,16,,,1,15,,1174117,16,,,1,15,,1174089,16,,,1,55,,1174111,16,,,1,15,,1174129,16,,,1,15,,1174116,16,,,1,15,,1174140,16,,,1,55,,1174095,16,,,1,17,,1174093,16,,,1,15,,1174138,16,,,1,56,,1174104,16,,,1,15,,1174099,16,,,1,15,,1174128,16,,,1,15,,1174127,16,,,1,56,,1174096,16,,,1,29,,1174091,16,,,1,70,,1174134,16,,,1,28,,1174110,16,,,1,30,,1174124,16,,,1,69,,1174103,16,,,1,28,,1174090,16,,,1,73,,1174088,16,,,1,29,,1174120,16,,,1,70,,1174108,16,,,1,30,,1174112,16,,,1
8700,'9',602,,1174187,6,,,1,30,,1174162,6,,,1,19,,1174145,6,,,1,57,,1174174,6,,,1,12,,1174143,6,,,1,15,,1016044,6,,,1,20,,1174159,16,,,1,54,,1174147,6,,,1,16,,1174172,16,,,1,18,,1174183,16,,,1,16,,1174148,16,,,1,55,,1174181,16,,,1,14,,1174161,16,,,1,15,,1174146,16,,,1,15,,1174175,16,,,1,55,,1174151,16,,,1,15,,1085403,16,,,1,15,,1174166,16,,,1,15,,1174170,16,,,1,55,,1034789,16,,,1,15,,1174149,16,,,1,15,,1174167,16,,,1,15,,1174157,16,,,1,55,,1174155,16,,,1,15,,1174176,16,,,1,15,,1174154,16,,,1,15,,1009400,16,,,1,55,,1174177,16,,,1,15,,1174144,16,,,1,15,,1174180,16,,,1,15,,1174182,16,,,1,55,,1174186,16,,,1,15,,1103224,16,,,1,15,,1174169,16,,,1,15,,1174158,16,,,1,55,,1174141,16,,,1,17,,1013416,16,,,1,15,,1174160,16,,,1,56,,1174171,16,,,1,15,,1174179,16,,,1,15,,1174150,16,,,1,15,,1174168,16,,,1,56,,1174164,16,,,1,29,,1174184,16,,,1,70,,1174173,16,,,1,28,,1174156,16,,,1,30,,1174178,16,,,1,69,,1174152,16,,,1,28,,1174165,16,,,1,73,,1174153,16,,,1,29,,1174142,16,,,1,70,,1174185,16,,,1,30,,1174163,16,,,1
15301,'1',850,,1189695,5,,,1,281,,1189692,5,,,1,102,,1189690,5,,,1,97,,1189693,5,,,1,103,,1189691,5,,,1,98,,1078710,5,,,1,203,,1069347,5,,,1,195,,1189694,5,,,1
15301,'10',850,,1189701,5,,,1,281,,1189698,5,,,1,102,,1189696,5,,,1,97,,1189699,5,,,1,103,,1189697,5,,,1,98,,1078446,5,,,1,203,,1069190,5,,,1,195,,1189700,5,,,1
15301,'11',850,,1189707,5,,,1,281,,1189704,5,,,1,102,,1189702,5,,,1,97,,1189705,5,,,1,103,,1189703,5,,,1,98,,1078790,5,,,1,203,,1069386,5,,,1,195,,1189706,5,,,1
15301,'12',850,,1026929,5,,,1,281,,1189709,5,,,1,102,,1189708,5,,,1,97,,1189712,5,,,1,103,,1189711,5,,,1,98,,1189713,5,,,1,203,,1189710,5,,,1,195,,1084988,5,,,1
15301,'13',1032,,1189717,5,,,1,200,,1189714,5,,,1,200,,1189715,5,,,1,200,,1189716,5,,,1
15301,'14',850,,1189725,5,,,1,281,,1189722,5,,,1,102,,1189718,5,,,1,97,,1189723,5,,,1,103,,1189721,5,,,1,98,,1189720,5,,,1,203,,1189719,5,,,1,195,,1189724,5,,,1
15301,'15',850,,1189729,5,,,1,281,,1189727,5,,,1,102,,1189730,5,,,1,97,,1189731,5,,,1,103,,1189726,5,,,1,98,,1189732,5,,,1,203,,1189733,5,,,1,195,,1189728,5,,,1
15301,'16',850,,1189734,5,,,1,281,,1189737,5,,,1,102,,1189736,5,,,1,97,,1189740,5,,,1,103,,1189739,5,,,1,98,,1189741,5,,,1,203,,1189738,5,,,1,195,,1189735,5,,,1
15301,'17',1032,,1189745,5,,,1,200,,1189742,5,,,1,200,,1189743,5,,,1,200,,1189744,5,,,1
15301,'2',1032,,1189747,5,,,1,200,,1189749,5,,,1,200,,1189748,5,,,1,200,,1189746,5,,,1
15301,'3',1032,,1189753,5,,,1,200,,1189750,5,,,1,200,,1189751,5,,,1,200,,1189752,5,,,1
15301,'4',1032,,1189756,5,,,1,200,,1189754,5,,,1,200,,1189755,5,,,1,200,,1189757,5,,,1
15301,'5',850,,1189763,5,,,1,281,,1189760,5,,,1,102,,1189758,5,,,1,97,,1189761,5,,,1,103,,1189759,5,,,1,98,,1078662,5,,,1,203,,1069323,5,,,1,195,,1189762,5,,,1
15301,'6',850,,1189764,5,,,1,281,,1189767,5,,,1,102,,1189766,5,,,1,97,,1189770,5,,,1,103,,1189769,5,,,1,98,,1189771,5,,,1,203,,1189768,5,,,1,195,,1189765,5,,,1
15301,'7',1032,,1189773,5,,,1,200,,1189774,5,,,1,200,,1189772,5,,,1,200,,1189775,5,,,1
15301,'8',850,,1189776,5,,,1,281,,1189779,5,,,1,102,,1189778,5,,,1,97,,1189782,5,,,1,103,,1189781,5,,,1,98,,1189783,5,,,1,203,,1189780,5,,,1,195,,1189777,5,,,1
15301,'9',850,,1189789,5,,,1,281,,1189786,5,,,1,102,,1189784,5,,,1,97,,1189787,5,,,1,103,,1189785,5,,,1,98,,1078527,5,,,1,203,,1069238,5,,,1,195,,1189788,5,,,1
