4301,'1',607,,1140803,7,,,1,95,,1140802,7,,,1,35,,1140798,7,,,1,71,,1140811,7,,,1,30,,1140800,7,,,1,99,,1140804,7,,,1,100,,1140813,7,,,1,100,,1140797,7,,,1,100,,1140805,7,,,1,100,,1140808,7,,,1,100,,1140806,7,,,1,106,,1140809,7,,,1,269,,1140814,7,,,1,25,,1140810,7,,,1,100,,1140801,7,,,1,100,,1140799,7,,,1,100,,948308,7,,,1,95,,1140807,7,,,1,100,,1140812,7,,,1
4301,'10',607,,1140821,7,,,1,95,,1140820,7,,,1,35,,1140816,7,,,1,71,,1140829,7,,,1,30,,1140818,7,,,1,99,,1140822,7,,,1,100,,1140831,7,,,1,100,,1140815,7,,,1,100,,1140823,7,,,1,100,,1140826,7,,,1,100,,1140824,7,,,1,106,,1140827,7,,,1,269,,1140832,7,,,1,25,,1140828,7,,,1,100,,1140819,7,,,1,100,,1140817,7,,,1,100,,948041,7,,,1,95,,1140825,7,,,1,100,,1140830,7,,,1
4301,'11',607,,1140839,7,,,1,95,,1140838,7,,,1,35,,1140834,7,,,1,71,,1140847,7,,,1,30,,1140836,7,,,1,99,,1140840,7,,,1,100,,1140849,7,,,1,100,,1140833,7,,,1,100,,1140841,7,,,1,100,,1140844,7,,,1,100,,1140842,7,,,1,106,,1140845,7,,,1,269,,1140850,7,,,1,25,,1140846,7,,,1,100,,1140837,7,,,1,100,,1140835,7,,,1,100,,948256,7,,,1,95,,1140843,7,,,1,100,,1140848,7,,,1
4301,'12',607,,1140857,7,,,1,95,,1140869,7,,,1,35,,1140854,7,,,1,71,,1140864,7,,,1,30,,1140855,7,,,1,99,,1140862,7,,,1,100,,1140858,7,,,1,100,,1140852,7,,,1,100,,1140851,7,,,1,100,,1140853,7,,,1,100,,1140860,7,,,1,106,,1140859,7,,,1,269,,1140866,7,,,1,25,,1140861,7,,,1,100,,1140868,7,,,1,100,,1140865,7,,,1,100,,1140863,7,,,1,95,,1140856,7,,,1,100,,1140867,7,,,1
4301,'14',607,,1140877,7,,,1,95,,1140876,7,,,1,35,,1140872,7,,,1,71,,1140885,7,,,1,30,,1140874,7,,,1,99,,1140878,7,,,1,100,,1140887,7,,,1,100,,1140870,7,,,1,100,,1140879,7,,,1,100,,1140882,7,,,1,100,,1140880,7,,,1,106,,1140883,7,,,1,269,,1140888,7,,,1,25,,1140884,7,,,1,100,,1140875,7,,,1,100,,1140873,7,,,1,100,,1140871,7,,,1,95,,1140881,7,,,1,100,,1140886,7,,,1
4301,'15',607,,1140897,7,,,1,95,,1140893,7,,,1,35,,1140904,7,,,1,71,,1140907,7,,,1,30,,1140900,7,,,1,99,,1140894,7,,,1,100,,1140903,7,,,1,100,,1140895,7,,,1,100,,1140892,7,,,1,100,,1140896,7,,,1,100,,1140890,7,,,1,106,,1140901,7,,,1,269,,1140898,7,,,1,25,,1140889,7,,,1,100,,1140891,7,,,1,100,,1140905,7,,,1,100,,1140899,7,,,1,95,,1140906,7,,,1,100,,1140902,7,,,1
4301,'16',607,,1140913,7,,,1,95,,1140925,7,,,1,35,,1140910,7,,,1,71,,1140920,7,,,1,30,,1140911,7,,,1,99,,1140918,7,,,1,100,,1140914,7,,,1,100,,1140909,7,,,1,100,,1140908,7,,,1,100,,1057172,7,,,1,100,,1140916,7,,,1,106,,1140915,7,,,1,269,,1140922,7,,,1,25,,1140917,7,,,1,100,,1140924,7,,,1,100,,1140921,7,,,1,100,,1140919,7,,,1,95,,1140912,7,,,1,100,,1140923,7,,,1
4301,'5',607,,1140932,7,,,1,95,,1140931,7,,,1,35,,1140927,7,,,1,71,,1140940,7,,,1,30,,1140929,7,,,1,99,,1140933,7,,,1,100,,1140942,7,,,1,100,,1140926,7,,,1,100,,1140934,7,,,1,100,,1140937,7,,,1,100,,1140935,7,,,1,106,,1140938,7,,,1,269,,1140943,7,,,1,25,,1140939,7,,,1,100,,1140930,7,,,1,100,,1140928,7,,,1,100,,948464,7,,,1,95,,1140936,7,,,1,100,,1140941,7,,,1
4301,'6',607,,1140949,7,,,1,95,,1011556,7,,,1,35,,1140946,7,,,1,71,,1140955,7,,,1,30,,1140947,7,,,1,99,,1140953,7,,,1,100,,1140950,7,,,1,100,,1140944,7,,,1,100,,1062240,7,,,1,100,,1140945,7,,,1,100,,1013616,7,,,1,106,,1140951,7,,,1,269,,1068107,7,,,1,25,,1140952,7,,,1,100,,1140958,7,,,1,100,,1140956,7,,,1,100,,1140954,7,,,1,95,,1140948,7,,,1,100,,1140957,7,,,1
4301,'8',607,,1140965,7,,,1,95,,1140977,7,,,1,35,,1140962,7,,,1,71,,1140972,7,,,1,30,,1140963,7,,,1,99,,1140970,7,,,1,100,,1140966,7,,,1,100,,1140960,7,,,1,100,,1140959,7,,,1,100,,1140961,7,,,1,100,,1140968,7,,,1,106,,1140967,7,,,1,269,,1140974,7,,,1,25,,1140969,7,,,1,100,,1140976,7,,,1,100,,1140973,7,,,1,100,,1140971,7,,,1,95,,1140964,7,,,1,100,,1140975,7,,,1
4301,'9',607,,1140984,7,,,1,95,,1140983,7,,,1,35,,1140979,7,,,1,71,,1140992,7,,,1,30,,1140981,7,,,1,99,,1140985,7,,,1,100,,1140994,7,,,1,100,,1140978,7,,,1,100,,1140986,7,,,1,100,,1140989,7,,,1,100,,1140987,7,,,1,106,,1140990,7,,,1,269,,1140995,7,,,1,25,,1140991,7,,,1,100,,1140982,7,,,1,100,,1140980,7,,,1,100,,948412,7,,,1,95,,1140988,7,,,1,100,,1140993,7,,,1
64400,'1',837,,1199443,28,,,1,4,,1199444,28,,,1
64400,'10',837,,1199445,28,,,1,4,,1199446,28,,,1
64400,'11',837,,1199447,28,,,1,4,,1199448,28,,,1
64400,'12',837,,1078638,28,,,1,4,,1199449,28,,,1
64400,'14',837,,1199450,28,,,1,4,,1199451,28,,,1
64400,'15',837,,1199452,28,,,1,4,,1199453,28,,,1
64400,'16',837,,1199455,28,,,1,4,,1199454,28,,,1
64400,'5',837,,1199456,28,,,1,4,,1199457,28,,,1
64400,'6',837,,1199459,28,,,1,4,,1199458,28,,,1
64400,'8',837,,1199461,28,,,1,4,,1199460,28,,,1
64400,'9',837,,1199462,28,,,1,4,,1199463,28,,,1
64900,'1',824,,1199624,28,,,1
64900,'10',824,,1199625,28,,,1
64900,'11',824,,1199626,28,,,1
64900,'12',824,,1199627,28,,,1
64900,'14',824,,1199628,28,,,1
64900,'15',824,,1199629,28,,,1
64900,'16',824,,1199630,28,,,1
64900,'5',824,,1199631,28,,,1
64900,'6',824,,1199632,28,,,1
64900,'8',824,,1199633,28,,,1
64900,'9',824,,1199634,28,,,1
