8000,'1',623,,1166512,58,,,1,15,,1078717,58,0,19 20,1,15,,1166523,58,,,1,61,,1166477,58,0,19 20,1,18,,1166524,58,,,1,15,,1166475,58,0,19 20,1,58,,1166513,58,,,1,13,,1166476,58,0,19 20,1,17,,1166514,58,,,1,15,,1166479,58,0,19 20,1,56,,1166501,58,,,1,14,,1166504,58,0,19 20,1,16,,1023692,58,,,1,16,,1166496,58,0,19 20,1,56,,1166515,58,,,1,16,,1166490,58,0,19 20,1,15,,1166497,58,,,1,14,,1166511,58,0,19 20,1,54,,1166498,58,,,1,14,,1166494,58,0,19 20,1,14,,1166483,58,,,1,15,,1166505,58,0,19 20,1,55,,1166469,58,,,1,15,,1166480,58,0,19 20,1,15,,1166474,58,,,1,15,,1166482,58,0,19 20,1,56,,1166472,58,,,1,16,,1083895,58,0,19 20,1,15,,1166481,58,,,1,14,,1166516,58,0,19 20,1,54,,1166489,58,,,1,15,,1166510,58,0,19 20,1,15,,1096986,58,,,1,15,,1166509,58,0,19 20,1,7,,1088793,28,,,1,48,,1011661,58,,,1,13,,1166520,58,0,19 20,1,17,,1166517,58,,,1,16,,1166502,58,0,19 20,1,82,,1166491,58,0,19 20,1,15,,1166487,58,,,1,56,,1166518,58,0,19 20,1,15,,1166521,58,,,1,14,,1166508,58,0,19 20,1,19,,1166495,58,,,1,5,,1166500,58,0,19 20,1,56,,1166473,58,,,1,11,,872404,58,0,19 20,1,16,,1166486,58,,,1,10,,1166492,58,0,19 20,1,56,,1166484,58,,,1,14,,1166471,58,0,19 20,1,15,,1166470,58,,,1,70,,1166488,58,,,1,30,,1166519,58,,,1,70,,1166506,58,,,1,30,,1166493,58,,,1,70,,1074521,58,,,1,30,,1000726,58,,,1,70,,1166522,58,,,1,30,,996780,58,,,1,23,,1166499,58,,,1,69,,1166485,58,,,1,30,,1166503,58,,,1
8000,'10',623,,1166568,58,,,1,15,,1078453,58,0,19 20,1,15,,1166579,58,,,1,61,,1166533,58,0,19 20,1,18,,1166580,58,,,1,15,,1166531,58,0,19 20,1,58,,1166569,58,,,1,13,,1166532,58,0,19 20,1,17,,1166570,58,,,1,15,,1166535,58,0,19 20,1,56,,1166557,58,,,1,14,,1166560,58,0,19 20,1,16,,1023778,58,,,1,16,,1166552,58,0,19 20,1,56,,1166571,58,,,1,16,,1166546,58,0,19 20,1,15,,1166553,58,,,1,14,,1166567,58,0,19 20,1,54,,1166554,58,,,1,14,,1166550,58,0,19 20,1,14,,1166539,58,,,1,15,,1166561,58,0,19 20,1,55,,1166525,58,,,1,15,,1166536,58,0,19 20,1,15,,1166530,58,,,1,15,,1166538,58,0,19 20,1,56,,1166528,58,,,1,16,,1083743,58,0,19 20,1,15,,1166537,58,,,1,14,,1166572,58,0,19 20,1,54,,1166545,58,,,1,15,,1166566,58,0,19 20,1,15,,1096903,58,,,1,15,,1166565,58,0,19 20,1,7,,1088388,28,,,1,48,,1011738,58,,,1,13,,1166576,58,0,19 20,1,17,,1166573,58,,,1,16,,1166558,58,0,19 20,1,82,,1166547,58,0,19 20,1,15,,1166543,58,,,1,56,,1166574,58,0,19 20,1,15,,1166577,58,,,1,14,,1166564,58,0,19 20,1,19,,1166551,58,,,1,5,,1166556,58,0,19 20,1,56,,1166529,58,,,1,11,,872476,58,0,19 20,1,16,,1166542,58,,,1,10,,1166548,58,0,19 20,1,56,,1166540,58,,,1,14,,1166527,58,0,19 20,1,15,,1166526,58,,,1,70,,1166544,58,,,1,30,,1166575,58,,,1,70,,1166562,58,,,1,30,,1166549,58,,,1,70,,1074374,58,,,1,30,,1000874,58,,,1,70,,1166578,58,,,1,30,,996929,58,,,1,23,,1166555,58,,,1,69,,1166541,58,,,1,30,,1166559,58,,,1
8000,'11',623,,1166624,58,,,1,15,,1078797,58,0,19 20,1,15,,1166635,58,,,1,61,,1166589,58,0,19 20,1,18,,1166636,58,,,1,15,,1166587,58,0,19 20,1,58,,1166625,58,,,1,13,,1166588,58,0,19 20,1,17,,1166626,58,,,1,15,,1166591,58,0,19 20,1,56,,1166613,58,,,1,14,,1166616,58,0,19 20,1,16,,1023666,58,,,1,16,,1166608,58,0,19 20,1,56,,1166627,58,,,1,16,,1166602,58,0,19 20,1,15,,1166609,58,,,1,14,,1166623,58,0,19 20,1,54,,1166610,58,,,1,14,,1166606,58,0,19 20,1,14,,1166595,58,,,1,15,,1166617,58,0,19 20,1,55,,1166581,58,,,1,15,,1166592,58,0,19 20,1,15,,1166586,58,,,1,15,,1166594,58,0,19 20,1,56,,1166584,58,,,1,16,,1083938,58,0,19 20,1,15,,1166593,58,,,1,14,,1166628,58,0,19 20,1,54,,1166601,58,,,1,15,,1166622,58,0,19 20,1,15,,1097013,58,,,1,15,,1166621,58,0,19 20,1,7,,1088914,28,,,1,48,,1011640,58,,,1,13,,1166632,58,0,19 20,1,17,,1166629,58,,,1,16,,1166614,58,0,19 20,1,82,,1166603,58,0,19 20,1,15,,1166599,58,,,1,56,,1166630,58,0,19 20,1,15,,1166633,58,,,1,14,,1166620,58,0,19 20,1,19,,1166607,58,,,1,5,,1166612,58,0,19 20,1,56,,1166585,58,,,1,11,,872268,58,0,19 20,1,16,,1166598,58,,,1,10,,1166604,58,0,19 20,1,56,,1166596,58,,,1,14,,1166583,58,0,19 20,1,15,,1166582,58,,,1,70,,1166600,58,,,1,30,,1166631,58,,,1,70,,1166618,58,,,1,30,,1166605,58,,,1,70,,1074564,58,,,1,30,,1000684,58,,,1,70,,1166634,58,,,1,30,,996738,58,,,1,23,,1166611,58,,,1,69,,1166597,58,,,1,30,,1166615,58,,,1
8000,'12',623,,1166686,58,,,1,15,,1166655,58,0,19 20,1,15,,1166676,58,,,1,61,,1166681,58,0,19 20,1,18,,1166689,58,,,1,15,,1166672,58,0,19 20,1,58,,1166698,58,,,1,13,,1166683,58,0,19 20,1,17,,1087159,58,,,1,15,,1166673,58,0,19 20,1,56,,1166680,58,,,1,14,,1166646,58,0,19 20,1,16,,1166688,58,,,1,16,,1166679,58,0,19 20,1,56,,1166642,58,,,1,16,,1166638,58,0,19 20,1,15,,1166671,58,,,1,14,,1166661,58,0,19 20,1,54,,1166685,58,,,1,14,,1166690,58,0,19 20,1,14,,1166697,58,,,1,15,,1166687,58,0,19 20,1,55,,1166667,58,,,1,15,,1166660,58,0,19 20,1,15,,1089973,58,,,1,15,,1166658,58,0,19 20,1,56,,1166645,58,,,1,16,,1166647,58,0,19 20,1,15,,1166648,58,,,1,14,,1166643,58,0,19 20,1,54,,1166653,58,,,1,15,,1166649,58,0,19 20,1,15,,1166668,58,,,1,15,,1026009,58,0,19 20,1,7,,1166699,28,,,1,48,,1166691,58,,,1,13,,1002217,58,0,19 20,1,17,,1166637,58,,,1,16,,1166659,58,0,19 20,1,82,,1166644,58,0,19 20,1,15,,1166657,58,,,1,56,,1166639,58,0,19 20,1,15,,1166651,58,,,1,14,,1166670,58,0,19 20,1,19,,1166695,58,,,1,5,,1166678,58,0,19 20,1,56,,1166694,58,,,1,11,,1166656,58,0,19 20,1,16,,1166684,58,,,1,10,,1166696,58,0,19 20,1,56,,1166693,58,,,1,14,,1166662,58,0,19 20,1,15,,1166641,58,,,1,70,,1166669,58,,,1,30,,1166664,58,,,1,70,,1166665,58,,,1,30,,1166677,58,,,1,70,,1166663,58,,,1,30,,1166674,58,,,1,70,,1166654,58,,,1,30,,1166666,58,,,1,23,,1166675,58,,,1,69,,1166652,58,,,1,30,,1166682,58,,,1
8000,'13',745,,1166703,58,,,1,103,,1166708,58,,,1,100,,1166705,58,,,1,102,,1166706,58,,,1,70,,1166713,58,,,1,31,,1166704,58,,,1,70,,1166721,58,,,1,32,,1166712,58,,,1,70,,1166701,58,,,1,31,,1166719,58,,,1,70,,1166709,58,,,1,30,,1166707,58,,,1,70,,1166716,58,,,1,30,,1166715,58,,,1,69,,1166700,58,,,1,30,,1096667,58,,,1,69,,1166702,58,,,1,99,,1166720,58,,,1,98,,1166718,58,,,1,99,,1166717,58,,,1,98,,1166711,58,,,1,100,,1166710,58,,,1,104,,1166714,58,,,1
8000,'14',623,,1166773,58,,,1,15,,1166772,58,0,19 20,1,15,,1166787,58,,,1,61,,1166736,58,0,19 20,1,18,,1166788,58,,,1,15,,1166734,58,0,19 20,1,58,,1166774,58,,,1,13,,1166735,58,0,19 20,1,17,,1166775,58,,,1,15,,1166738,58,0,19 20,1,56,,1166760,58,,,1,14,,1166763,58,0,19 20,1,16,,1166725,58,,,1,16,,1166755,58,0,19 20,1,56,,1166776,58,,,1,16,,1166749,58,0,19 20,1,15,,1166756,58,,,1,14,,1166771,58,0,19 20,1,54,,1166757,58,,,1,14,,1166753,58,0,19 20,1,14,,1166742,58,,,1,15,,1166765,58,0,19 20,1,55,,1166722,58,,,1,15,,1166739,58,0,19 20,1,15,,1166733,58,,,1,15,,1166741,58,0,19 20,1,56,,1166729,58,,,1,16,,1166730,58,0,19 20,1,15,,1166740,58,,,1,14,,1166777,58,0,19 20,1,54,,1166748,58,,,1,15,,1166770,58,0,19 20,1,15,,1166764,58,,,1,15,,1166769,58,0,19 20,1,7,,1166779,28,,,1,48,,1166727,58,,,1,13,,1166782,58,0,19 20,1,17,,1166778,58,,,1,16,,1166761,58,0,19 20,1,82,,1166750,58,0,19 20,1,15,,1166746,58,,,1,56,,1166780,58,0,19 20,1,15,,1166785,58,,,1,14,,1166768,58,0,19 20,1,19,,1166754,58,,,1,5,,1166759,58,0,19 20,1,56,,1166732,58,,,1,11,,1166731,58,0,19 20,1,16,,1166745,58,,,1,10,,1166751,58,0,19 20,1,56,,1166743,58,,,1,14,,1166726,58,0,19 20,1,15,,1166723,58,,,1,70,,1166747,58,,,1,30,,1166781,58,,,1,70,,1166766,58,,,1,30,,1166752,58,,,1,70,,1166728,58,,,1,30,,1166784,58,,,1,70,,1166786,58,,,1,30,,1166783,58,,,1,23,,1166758,58,,,1,69,,1166744,58,,,1,30,,1166762,58,,,1
8000,'15',623,,1166806,58,,,1,15,,1166811,58,0,19 20,1,15,,1166819,58,,,1,61,,1166836,58,0,19 20,1,18,,1166851,58,,,1,15,,1166818,58,0,19 20,1,58,,1166816,58,,,1,13,,1166813,58,0,19 20,1,17,,1166841,58,,,1,15,,1166828,58,0,19 20,1,56,,1166846,58,,,1,14,,1166800,58,0,19 20,1,16,,1166825,58,,,1,16,,1166815,58,0,19 20,1,56,,1166844,58,,,1,16,,1166830,58,0,19 20,1,15,,1166850,58,,,1,14,,1166814,58,0,19 20,1,54,,1166847,58,,,1,14,,1166796,58,0,19 20,1,14,,1166803,58,,,1,15,,1166852,58,0,19 20,1,55,,1166804,58,,,1,15,,1166823,58,0,19 20,1,15,,1166848,58,,,1,15,,1166829,58,0,19 20,1,56,,1166805,58,,,1,16,,1166843,58,0,19 20,1,15,,1166849,58,,,1,14,,1166802,58,0,19 20,1,54,,1166834,58,,,1,15,,1166789,58,0,19 20,1,15,,1166798,58,,,1,15,,1166795,58,0,19 20,1,7,,1166854,28,,,1,48,,1166791,58,,,1,13,,1166822,58,0,19 20,1,17,,1166801,58,,,1,16,,1166808,58,0,19 20,1,82,,1166835,58,0,19 20,1,15,,1166809,58,,,1,56,,1166820,58,0,19 20,1,15,,1166837,58,,,1,14,,1166845,58,0,19 20,1,19,,1166855,58,,,1,5,,1166832,58,0,19 20,1,56,,1166827,58,,,1,11,,1166792,58,0,19 20,1,16,,1166799,58,,,1,10,,1166812,58,0,19 20,1,56,,1166793,58,,,1,14,,1166839,58,0,19 20,1,15,,1166840,58,,,1,70,,1166831,58,,,1,30,,1166790,58,,,1,70,,1166824,58,,,1,30,,1166853,58,,,1,70,,1166821,58,,,1,30,,1166826,58,,,1,70,,1166833,58,,,1,30,,1166797,58,,,1,23,,1166842,58,,,1,69,,1166807,58,,,1,30,,1166810,58,,,1
8000,'16',623,,1166905,58,,,1,15,,1166874,58,0,19 20,1,15,,1166895,58,,,1,61,,1166900,58,0,19 20,1,18,,1166908,58,,,1,15,,1166891,58,0,19 20,1,58,,1166918,58,,,1,13,,1166902,58,0,19 20,1,17,,1166866,58,,,1,15,,1166892,58,0,19 20,1,56,,1166899,58,,,1,14,,1166865,58,0,19 20,1,16,,1166907,58,,,1,16,,1166898,58,0,19 20,1,56,,1166861,58,,,1,16,,1166857,58,0,19 20,1,15,,1166890,58,,,1,14,,1166880,58,0,19 20,1,54,,1166904,58,,,1,14,,1166909,58,0,19 20,1,14,,1166915,58,,,1,15,,1166906,58,0,19 20,1,55,,1166886,58,,,1,15,,1166879,58,0,19 20,1,15,,1166917,58,,,1,15,,1166877,58,0,19 20,1,56,,1166864,58,,,1,16,,1081070,58,0,19 20,1,15,,1166867,58,,,1,14,,1166862,58,0,19 20,1,54,,1166872,58,,,1,15,,1166868,58,0,19 20,1,15,,1166887,58,,,1,15,,1166916,58,0,19 20,1,7,,1166919,28,,,1,48,,1166910,58,,,1,13,,1166856,58,0,19 20,1,17,,1097870,58,,,1,16,,1166878,58,0,19 20,1,82,,1166863,58,0,19 20,1,15,,1166876,58,,,1,56,,1166858,58,0,19 20,1,15,,1166870,58,,,1,14,,1166889,58,0,19 20,1,19,,1166913,58,,,1,5,,1166897,58,0,19 20,1,56,,1166912,58,,,1,11,,1166875,58,0,19 20,1,16,,1166903,58,,,1,10,,1166914,58,0,19 20,1,56,,1166911,58,,,1,14,,1166881,58,0,19 20,1,15,,1166860,58,,,1,70,,1166888,58,,,1,30,,1166883,58,,,1,70,,1166884,58,,,1,30,,1166896,58,,,1,70,,1166882,58,,,1,30,,1166893,58,,,1,70,,1166873,58,,,1,30,,1166885,58,,,1,23,,1166894,58,,,1,69,,1166871,58,,,1,30,,1166901,58,,,1
8000,'17',745,,1166923,58,,,1,103,,1166928,58,,,1,100,,1166925,58,,,1,102,,1166926,58,,,1,70,,1166933,58,,,1,31,,1166924,58,,,1,70,,1166941,58,,,1,32,,1166932,58,,,1,70,,1166921,58,,,1,31,,1166939,58,,,1,70,,1166929,58,,,1,30,,1166927,58,,,1,70,,1166936,58,,,1,30,,1166934,58,,,1,69,,1166920,58,,,1,30,,1166942,58,,,1,69,,1166922,58,,,1,99,,1166940,58,,,1,98,,1166938,58,,,1,99,,1166937,58,,,1,98,,1166931,58,,,1,100,,1166930,58,,,1,104,,1166935,58,,,1
8000,'2',636,,1166958,58,,,1,101,,1166947,58,,,1,77,,1166959,58,,,1,31,,1166972,58,,,1,70,,1166952,58,,,1,30,,1166956,58,,,1,71,,1166969,58,,,1,30,,1166954,58,,,1,71,,1166965,58,,,1,31,,1023594,58,,,1,70,,1166960,58,,,1,32,,1166953,58,,,1,70,,1166973,58,,,1,31,,1166955,58,,,1,70,,1166950,58,,,1,30,,1166968,58,,,1,70,,1166945,58,,,1,30,,1166967,58,,,1,69,,1166970,58,,,1,30,,1166948,58,,,1,69,,1166944,58,,,1,30,,1166951,58,,,1,69,,1166943,58,,,1,30,,1166946,58,,,1,68,,1166971,58,,,1,28,,1029742,58,,,1,71,,1166957,58,,,1,28,,1072220,58,,,1,65,,1166962,58,,,1,30,,1166949,58,,,1,70,,1166961,58,,,1,30,,1166966,58,,,1,69,,1166964,58,,,1,30,,1065637,58,,,1,70,,1166963,58,,,1,30,,1166974,58,,,1
8000,'3',745,,1166978,58,,,1,103,,1166983,58,,,1,100,,1166980,58,,,1,102,,1166981,58,,,1,70,,1166988,58,,,1,31,,1166979,58,,,1,70,,1166996,58,,,1,32,,1166987,58,,,1,70,,1166976,58,,,1,31,,1166994,58,,,1,70,,1166984,58,,,1,30,,1166982,58,,,1,70,,1166991,58,,,1,30,,1166989,58,,,1,69,,1166975,58,,,1,30,,1166997,58,,,1,69,,1166977,58,,,1,99,,1166995,58,,,1,98,,1166993,58,,,1,99,,1166992,58,,,1,98,,1166986,58,,,1,100,,1166985,58,,,1,104,,1166990,58,,,1
8000,'4',745,,1167006,58,,,1,103,,1167000,58,,,1,100,,1166999,58,,,1,102,,1167018,58,,,1,70,,1167005,58,,,1,31,,1167001,58,,,1,70,,1167017,58,,,1,32,,1167010,58,,,1,70,,1167002,58,,,1,31,,1167012,58,,,1,70,,1167014,58,,,1,30,,1167008,58,,,1,70,,1167016,58,,,1,30,,1051935,58,,,1,69,,1076546,58,,,1,30,,1167003,58,,,1,69,,1167013,58,,,1,99,,1167015,58,,,1,98,,1167009,58,,,1,99,,1166998,58,,,1,98,,1167007,58,,,1,100,,1167011,58,,,1,104,,1167004,58,,,1
8000,'5',623,,1167062,58,,,1,15,,1078669,58,0,19 20,1,15,,1167073,58,,,1,61,,1167027,58,0,19 20,1,18,,1167074,58,,,1,15,,1167025,58,0,19 20,1,58,,1167063,58,,,1,13,,1167026,58,0,19 20,1,17,,1167064,58,,,1,15,,1167029,58,0,19 20,1,56,,1167051,58,,,1,14,,1167054,58,0,19 20,1,16,,1023532,58,,,1,16,,1167046,58,0,19 20,1,56,,1167065,58,,,1,16,,1167040,58,0,19 20,1,15,,1167047,58,,,1,14,,1167061,58,0,19 20,1,54,,1167048,58,,,1,14,,1167044,58,0,19 20,1,14,,1167033,58,,,1,15,,1167055,58,0,19 20,1,55,,1167019,58,,,1,15,,1167030,58,0,19 20,1,15,,1167024,58,,,1,15,,1167032,58,0,19 20,1,56,,1167022,58,,,1,16,,1083873,58,0,19 20,1,15,,1167031,58,,,1,14,,1167066,58,0,19 20,1,54,,1167039,58,,,1,15,,1167060,58,0,19 20,1,15,,1096964,58,,,1,15,,1167059,58,0,19 20,1,7,,1088729,28,,,1,48,,1011510,58,,,1,13,,1167070,58,0,19 20,1,17,,1167067,58,,,1,16,,1167052,58,0,19 20,1,82,,1167041,58,0,19 20,1,15,,1167037,58,,,1,56,,1167068,58,0,19 20,1,15,,1167071,58,,,1,14,,1167058,58,0,19 20,1,19,,1167045,58,,,1,5,,1167050,58,0,19 20,1,56,,1167023,58,,,1,11,,872684,58,0,19 20,1,16,,1167036,58,,,1,10,,1167042,58,0,19 20,1,56,,1167034,58,,,1,14,,1167021,58,0,19 20,1,15,,1167020,58,,,1,70,,1167038,58,,,1,30,,1167069,58,,,1,70,,1167056,58,,,1,30,,1167043,58,,,1,70,,1074499,58,,,1,30,,1000478,58,,,1,70,,1167072,58,,,1,30,,996472,58,,,1,23,,1167049,58,,,1,69,,1167035,58,,,1,30,,1167053,58,,,1
8000,'6',623,,1167116,58,,,1,15,,1167088,58,0,19 20,1,15,,1167107,58,,,1,61,,1167111,58,0,19 20,1,18,,1167119,58,,,1,15,,1167103,58,0,19 20,1,58,,1078064,58,,,1,13,,1167113,58,0,19 20,1,17,,1167079,58,,,1,15,,1167104,58,0,19 20,1,56,,1167110,58,,,1,14,,1034284,58,0,19 20,1,16,,1167118,58,,,1,16,,1167109,58,0,19 20,1,56,,1167078,58,,,1,16,,1015636,58,0,19 20,1,15,,1167102,58,,,1,14,,1167093,58,0,19 20,1,54,,1167115,58,,,1,14,,1167120,58,0,19 20,1,14,,1167126,58,,,1,15,,1167117,58,0,19 20,1,55,,1167099,58,,,1,15,,1167092,58,0,19 20,1,15,,1167128,58,,,1,15,,1167091,58,0,19 20,1,56,,1100311,58,,,1,16,,1167080,58,0,19 20,1,15,,1167081,58,,,1,14,,1081759,58,0,19 20,1,54,,1167086,58,,,1,15,,1167082,58,0,19 20,1,15,,1167100,58,,,1,15,,1167127,58,0,19 20,1,7,,1071534,28,,,1,48,,1167121,58,,,1,13,,1167076,58,0,19 20,1,17,,1167075,58,,,1,16,,1004670,58,0,19 20,1,82,,994965,58,0,19 20,1,15,,1167090,58,,,1,56,,1167077,58,0,19 20,1,15,,1167084,58,,,1,14,,968929,58,0,19 20,1,19,,1167124,58,,,1,5,,1167108,58,0,19 20,1,56,,1167123,58,,,1,11,,1167089,58,0,19 20,1,16,,1167114,58,,,1,10,,1167125,58,0,19 20,1,56,,1031205,58,,,1,14,,1167094,58,0,19 20,1,15,,1100454,58,,,1,70,,1167101,58,,,1,30,,1167096,58,,,1,70,,1167097,58,,,1,30,,1038087,58,,,1,70,,1167095,58,,,1,30,,1167105,58,,,1,70,,1167087,58,,,1,30,,1167098,58,,,1,23,,1167106,58,,,1,69,,1167085,58,,,1,30,,1167112,58,,,1
8000,'7',636,,1167152,58,,,1,101,,1167158,58,,,1,77,,1167144,58,,,1,31,,1167160,58,,,1,70,,1167141,58,,,1,30,,1167143,58,,,1,71,,1167137,58,,,1,30,,1167138,58,,,1,71,,1167155,58,,,1,31,,1167163,58,,,1,70,,1167134,58,,,1,32,,1167154,58,,,1,70,,1167145,58,,,1,31,,1167147,58,,,1,70,,1167135,58,,,1,30,,1167153,58,,,1,70,,1167157,58,,,1,30,,1167149,58,,,1,69,,1167162,58,,,1,30,,1167156,58,,,1,69,,1167139,58,,,1,30,,1167136,58,,,1,69,,1167142,58,,,1,30,,1167150,58,,,1,68,,1167164,58,,,1,28,,1167140,58,,,1,71,,1167131,58,,,1,28,,1167129,58,,,1,65,,1167146,58,,,1,30,,1167159,58,,,1,70,,1167151,58,,,1,30,,1167132,58,,,1,69,,1167133,58,,,1,30,,1167130,58,,,1,70,,1167148,58,,,1,30,,1167161,58,,,1
8000,'8',623,,1167216,58,,,1,15,,1167185,58,0,19 20,1,15,,1167206,58,,,1,61,,1167211,58,0,19 20,1,18,,1167219,58,,,1,15,,1167202,58,0,19 20,1,58,,1167230,58,,,1,13,,1167213,58,0,19 20,1,17,,1167176,58,,,1,15,,1167203,58,0,19 20,1,56,,1167210,58,,,1,14,,1167175,58,0,19 20,1,16,,1167218,58,,,1,16,,1167209,58,0,19 20,1,56,,1167171,58,,,1,16,,1167167,58,0,19 20,1,15,,1167201,58,,,1,14,,1167191,58,0,19 20,1,54,,1167215,58,,,1,14,,1167220,58,0,19 20,1,14,,1167227,58,,,1,15,,1167217,58,0,19 20,1,55,,1167197,58,,,1,15,,1167190,58,0,19 20,1,15,,1167229,58,,,1,15,,1167188,58,0,19 20,1,56,,1167174,58,,,1,16,,1167177,58,0,19 20,1,15,,1167178,58,,,1,14,,1167172,58,0,19 20,1,54,,1167183,58,,,1,15,,1167179,58,0,19 20,1,15,,1167198,58,,,1,15,,1167228,58,0,19 20,1,7,,1167231,28,,,1,48,,1167221,58,,,1,13,,1167166,58,0,19 20,1,17,,1167165,58,,,1,16,,1167189,58,0,19 20,1,82,,1167173,58,0,19 20,1,15,,1167187,58,,,1,56,,1167168,58,0,19 20,1,15,,1167181,58,,,1,14,,1167200,58,0,19 20,1,19,,1167225,58,,,1,5,,1167208,58,0,19 20,1,56,,1167224,58,,,1,11,,1167186,58,0,19 20,1,16,,1167214,58,,,1,10,,1167226,58,0,19 20,1,56,,1167223,58,,,1,14,,1167192,58,0,19 20,1,15,,1167170,58,,,1,70,,1167199,58,,,1,30,,1167194,58,,,1,70,,1167195,58,,,1,30,,1167207,58,,,1,70,,1167193,58,,,1,30,,1167204,58,,,1,70,,1167184,58,,,1,30,,1167196,58,,,1,23,,1167205,58,,,1,69,,1167182,58,,,1,30,,1167212,58,,,1
8000,'9',623,,1167275,58,,,1,15,,1078534,58,0,19 20,1,15,,1167286,58,,,1,61,,1167240,58,0,19 20,1,18,,1167287,58,,,1,15,,1167238,58,0,19 20,1,58,,1167276,58,,,1,13,,1167239,58,0,19 20,1,17,,1167277,58,,,1,15,,1167242,58,0,19 20,1,56,,1167264,58,,,1,14,,1167267,58,0,19 20,1,16,,1023718,58,,,1,16,,1167259,58,0,19 20,1,56,,1167278,58,,,1,16,,1167253,58,0,19 20,1,15,,1167260,58,,,1,14,,1167274,58,0,19 20,1,54,,1167261,58,,,1,14,,1167257,58,0,19 20,1,14,,1167246,58,,,1,15,,1167268,58,0,19 20,1,55,,1167232,58,,,1,15,,1167243,58,0,19 20,1,15,,1167237,58,,,1,15,,1167245,58,0,19 20,1,56,,1167235,58,,,1,16,,1083788,58,0,19 20,1,15,,1167244,58,,,1,14,,1167279,58,0,19 20,1,54,,1167252,58,,,1,15,,1167273,58,0,19 20,1,15,,1096929,58,,,1,15,,1167272,58,0,19 20,1,7,,1088514,28,,,1,48,,1011682,58,,,1,13,,1167283,58,0,19 20,1,17,,1167280,58,,,1,16,,1167265,58,0,19 20,1,82,,1167254,58,0,19 20,1,15,,1167250,58,,,1,56,,1167281,58,0,19 20,1,15,,1167284,58,,,1,14,,1167271,58,0,19 20,1,19,,1167258,58,,,1,5,,1167263,58,0,19 20,1,56,,1167236,58,,,1,11,,872548,58,0,19 20,1,16,,1167249,58,,,1,10,,1167255,58,0,19 20,1,56,,1167247,58,,,1,14,,1167234,58,0,19 20,1,15,,1167233,58,,,1,70,,1167251,58,,,1,30,,1167282,58,,,1,70,,1167269,58,,,1,30,,1167256,58,,,1,70,,1074418,58,,,1,30,,1000768,58,,,1,70,,1167285,58,,,1,30,,996822,58,,,1,23,,1167262,58,,,1,69,,1167248,58,,,1,30,,1167266,58,,,1
27700,'1',557,,1197728,2,,,1,69,,1197730,2,,,1,29,,1197727,2,,,1,72,,1079553,2,,,1,30,,1197731,2,,,1,84,,1197729,2,,,1
27700,'10',557,,1197733,2,,,1,69,,1197735,2,,,1,29,,1197732,2,,,1,72,,1079361,2,,,1,30,,1197736,2,,,1,84,,1197734,2,,,1
27700,'11',557,,1197738,2,,,1,69,,1197740,2,,,1,29,,1197737,2,,,1,72,,1079612,2,,,1,30,,1197741,2,,,1,84,,1197739,2,,,1
27700,'12',557,,1197746,2,,,1,69,,1197744,2,,,1,29,,1197742,2,,,1,72,,1197743,2,,,1,30,,1197745,2,,,1,84,,1197747,2,,,1
27700,'14',557,,1197750,2,,,1,69,,1197752,2,,,1,29,,1197748,2,,,1,72,,1197749,2,,,1,30,,1197753,2,,,1,84,,1197751,2,,,1
27700,'15',557,,1197758,2,,,1,69,,1197754,2,,,1,29,,1197759,2,,,1,72,,1197756,2,,,1,30,,1197757,2,,,1,84,,1197755,2,,,1
27700,'16',557,,1197763,2,,,1,69,,1197762,2,,,1,29,,1197760,2,,,1,72,,1197761,2,,,1,30,,1083249,2,,,1,84,,1197764,2,,,1
27700,'5',557,,1197766,2,,,1,69,,1197768,2,,,1,29,,1197765,2,,,1,72,,1079519,2,,,1,30,,1197769,2,,,1,84,,1197767,2,,,1
27700,'6',557,,1197774,2,,,1,69,,1197772,2,,,1,29,,1197770,2,,,1,72,,1197771,2,,,1,30,,1197773,2,,,1,84,,1197775,2,,,1
27700,'8',557,,1197780,2,,,1,69,,1197778,2,,,1,29,,1197776,2,,,1,72,,1197777,2,,,1,30,,1197779,2,,,1,84,,1197781,2,,,1
27700,'9',557,,1197783,2,,,1,69,,1197785,2,,,1,29,,1197782,2,,,1,72,,1079420,2,,,1,30,,1197786,2,,,1,84,,1197784,2,,,1
65900,'1',813,,1199657,12,,,1,3,,969961,12,,,1,2,,1102880,12,,,1,3,,1199658,12,,,1
65900,'10',813,,1199659,12,,,1,3,,969732,12,,,1,2,,1102850,12,,,1,3,,1199660,12,,,1
65900,'11',813,,1199661,12,,,1,3,,969921,12,,,1,2,,1102890,12,,,1,3,,1199662,12,,,1
65900,'12',813,,1199665,12,,,1,3,,1199664,12,,,1,2,,1199663,12,,,1,3,,1199666,12,,,1
65900,'14',813,,1199668,12,,,1,3,,1199670,12,,,1,2,,1199667,12,,,1,3,,1199669,12,,,1
65900,'15',813,,1199674,12,,,1,3,,1199671,12,,,1,2,,1199672,12,,,1,3,,1199673,12,,,1
65900,'16',813,,1199676,12,,,1,3,,1199675,12,,,1,2,,1084477,12,,,1,3,,1074558,12,,,1
65900,'5',813,,1199677,12,,,1,3,,970080,12,,,1,2,,1102870,12,,,1,3,,1199678,12,,,1
65900,'6',813,,1199681,12,,,1,3,,1199680,12,,,1,2,,1199679,12,,,1,3,,1199682,12,,,1
65900,'8',813,,1199685,12,,,1,3,,1199684,12,,,1,2,,1199683,12,,,1,3,,1199686,12,,,1
65900,'9',813,,1199687,12,,,1,3,,970040,12,,,1,2,,1102860,12,,,1,3,,1199688,12,,,1
