5800,'1',612,,1151546,6,0,77 78,1,38,,1039044,6,,,1,71,,1151561,6,,,1,30,,1082914,6,,,1,70,,1151545,6,,,1,31,,1151572,6,0,77 78,1,53,,1151549,22,0,77 78,1,31,,1151563,22,0,77 78,1,70,,1151553,22,0,77 78,1,30,,1151565,22,0,77 78,1,70,,1151550,22,0,77 78,1,30,,1151558,22,0,77 78,1,70,,1151551,22,0,77 78,1,30,,1037699,22,0,77 78,1,70,,1151556,22,0,77 78,1,30,,1151562,22,0,77 78,1,70,,1151557,22,0,77 78,1,30,,1001282,22,0,77 78,1,70,,1151555,22,0,77 78,1,32,,1151547,22,,,1,70,,1151570,22,,,1,30,,1151569,22,,,1,70,,1063118,22,0,77 78,1,30,,1102375,22,0,77 78,1,70,,1151552,22,0,77 78,1,16,,1151554,6,0,77 78,1,29,,1151548,6,0,77 78,1,67,,1151560,6,0,77 78,1,30,,1151571,6,0,77 78,1,70,,1151568,6,0,77 78,1,30,,1151567,6,0,77 78,1,70,,1151544,6,0,77 78,1,29,,1151564,6,0,77 78,1,70,,1151566,6,0,77 78,1,99,,1151559,6,0,77 78,1
5800,'10',612,,1151575,6,0,77 78,1,38,,1039125,6,,,1,71,,1151590,6,,,1,30,,1082854,6,,,1,70,,1151574,6,,,1,31,,1151601,6,0,77 78,1,53,,1151578,22,0,77 78,1,31,,1151592,22,0,77 78,1,70,,1151582,22,0,77 78,1,30,,1151594,22,0,77 78,1,70,,1151579,22,0,77 78,1,30,,1151587,22,0,77 78,1,70,,1151580,22,0,77 78,1,30,,1037864,22,0,77 78,1,70,,1151585,22,0,77 78,1,30,,1151591,22,0,77 78,1,70,,1151586,22,0,77 78,1,30,,1001429,22,0,77 78,1,70,,1151584,22,0,77 78,1,32,,1151576,22,,,1,70,,1151599,22,,,1,30,,1151598,22,,,1,70,,1062776,22,0,77 78,1,30,,1102366,22,0,77 78,1,70,,1151581,22,0,77 78,1,16,,1151583,6,0,77 78,1,29,,1151577,6,0,77 78,1,67,,1151589,6,0,77 78,1,30,,1151600,6,0,77 78,1,70,,1151597,6,0,77 78,1,30,,1151596,6,0,77 78,1,70,,1151573,6,0,77 78,1,29,,1151593,6,0,77 78,1,70,,1151595,6,0,77 78,1,99,,1151588,6,0,77 78,1
5800,'11',612,,1151604,6,0,77 78,1,38,,1039021,6,,,1,71,,1151619,6,,,1,30,,1082934,6,,,1,70,,1151603,6,,,1,31,,1151630,6,0,77 78,1,53,,1151607,22,0,77 78,1,31,,1151621,22,0,77 78,1,70,,1151611,22,0,77 78,1,30,,1151623,22,0,77 78,1,70,,1151608,22,0,77 78,1,30,,1151616,22,0,77 78,1,70,,1151609,22,0,77 78,1,30,,1037650,22,0,77 78,1,70,,1151614,22,0,77 78,1,30,,1151620,22,0,77 78,1,70,,1151615,22,0,77 78,1,30,,1001241,22,0,77 78,1,70,,1151613,22,0,77 78,1,32,,1151605,22,,,1,70,,1151628,22,,,1,30,,1151627,22,,,1,70,,1063219,22,0,77 78,1,30,,1102378,22,0,77 78,1,70,,1151610,22,0,77 78,1,16,,1151612,6,0,77 78,1,29,,1151606,6,0,77 78,1,67,,1151618,6,0,77 78,1,30,,1151629,6,0,77 78,1,70,,1151626,6,0,77 78,1,30,,1151625,6,0,77 78,1,70,,1151602,6,0,77 78,1,29,,1151622,6,0,77 78,1,70,,1151624,6,0,77 78,1,99,,1151617,6,0,77 78,1
5800,'12',612,,1151651,6,0,77 78,1,38,,1151653,6,,,1,71,,1151640,6,,,1,30,,1151658,6,,,1,70,,1044543,6,,,1,31,,1151647,6,0,77 78,1,53,,1151649,22,0,77 78,1,31,,1151650,22,0,77 78,1,70,,1151643,22,0,77 78,1,30,,1151634,22,0,77 78,1,70,,1068307,22,0,77 78,1,30,,1151646,22,0,77 78,1,70,,1151635,22,0,77 78,1,30,,1151654,22,0,77 78,1,70,,1151633,22,0,77 78,1,30,,1151641,22,0,77 78,1,70,,1099989,22,0,77 78,1,30,,1151645,22,0,77 78,1,70,,1066898,22,0,77 78,1,32,,1151631,22,,,1,70,,1151652,22,,,1,30,,1151644,22,,,1,70,,1018696,22,0,77 78,1,30,,1151657,22,0,77 78,1,70,,1151655,22,0,77 78,1,16,,1151659,6,0,77 78,1,29,,1151638,6,0,77 78,1,67,,1151648,6,0,77 78,1,30,,1151637,6,0,77 78,1,70,,1151656,6,0,77 78,1,30,,1091853,6,0,77 78,1,70,,1151639,6,0,77 78,1,29,,1151642,6,0,77 78,1,70,,1151632,6,0,77 78,1,99,,1151636,6,0,77 78,1
5800,'13',933,,1151664,6,0,77 78,1,70,,1151666,22,0,77 78,1,30,,1151663,6,0,77 78,1,70,,1087930,22,0,77 78,1,30,,1151661,6,0,77 78,1,70,,1151671,22,0,77 78,1,30,,1151660,6,0,77 78,1,70,,1151672,22,0,77 78,1,30,,1151668,6,0,77 78,1,70,,1151677,22,0,77 78,1,30,,1151667,6,0,77 78,1,70,,1151678,22,0,77 78,1,30,,1151676,6,0,77 78,1,70,,1151669,22,0,77 78,1,30,,1151675,6,0,77 78,1,70,,1151670,22,0,77 78,1,30,,1151665,6,0,77 78,1,70,,1070230,22,0,77 78,1,30,,1151673,6,0,77 78,1,70,,1151662,22,0,77 78,1,30,,1151674,6,0,77 78,1
5800,'14',612,,1151683,6,0,77 78,1,38,,1151709,6,,,1,71,,1151699,6,,,1,30,,1151708,6,,,1,70,,1151680,6,,,1,31,,1151713,6,0,77 78,1,53,,1151687,22,0,77 78,1,31,,1151701,22,0,77 78,1,70,,1151691,22,0,77 78,1,30,,1151704,22,0,77 78,1,70,,1151688,22,0,77 78,1,30,,1151696,22,0,77 78,1,70,,1151689,22,0,77 78,1,30,,1151684,22,0,77 78,1,70,,1151694,22,0,77 78,1,30,,1151700,22,0,77 78,1,70,,1151695,22,0,77 78,1,30,,1151682,22,0,77 78,1,70,,1151693,22,0,77 78,1,32,,1151685,22,,,1,70,,1151711,22,,,1,30,,1151710,22,,,1,70,,1151702,22,0,77 78,1,30,,1151681,22,0,77 78,1,70,,1151690,22,0,77 78,1,16,,1151692,6,0,77 78,1,29,,1151686,6,0,77 78,1,67,,1151698,6,0,77 78,1,30,,1151712,6,0,77 78,1,70,,1151707,6,0,77 78,1,30,,1151706,6,0,77 78,1,70,,1151679,6,0,77 78,1,29,,1151703,6,0,77 78,1,70,,1151705,6,0,77 78,1,99,,1151697,6,0,77 78,1
5800,'15',612,,1151738,6,0,77 78,1,38,,1151726,6,,,1,71,,1151720,6,,,1,30,,1151741,6,,,1,70,,1151725,6,,,1,31,,1151727,6,0,77 78,1,53,,1151747,22,0,77 78,1,31,,1151748,22,0,77 78,1,70,,1151735,22,0,77 78,1,30,,1151729,22,0,77 78,1,70,,1151742,22,0,77 78,1,30,,1151739,22,0,77 78,1,70,,1151730,22,0,77 78,1,30,,1151728,22,0,77 78,1,70,,1151722,22,0,77 78,1,30,,1151719,22,0,77 78,1,70,,1151744,22,0,77 78,1,30,,1151723,22,0,77 78,1,70,,1151724,22,0,77 78,1,32,,1151736,22,,,1,70,,1151732,22,,,1,30,,1151715,22,,,1,70,,1151745,22,0,77 78,1,30,,1151714,22,0,77 78,1,70,,1151721,22,0,77 78,1,16,,1151743,6,0,77 78,1,29,,1151718,6,0,77 78,1,67,,1151734,6,0,77 78,1,30,,1151746,6,0,77 78,1,70,,1151717,6,0,77 78,1,30,,1151740,6,0,77 78,1,70,,1151731,6,0,77 78,1,29,,1151733,6,0,77 78,1,70,,1151737,6,0,77 78,1,99,,1151716,6,0,77 78,1
5800,'16',612,,1151767,6,0,77 78,1,38,,1151769,6,,,1,71,,1151756,6,,,1,30,,1151776,6,,,1,70,,1151757,6,,,1,31,,1151763,6,0,77 78,1,53,,1151765,22,0,77 78,1,31,,1151766,22,0,77 78,1,70,,1151760,22,0,77 78,1,30,,1151751,22,0,77 78,1,70,,1151774,22,0,77 78,1,30,,1151762,22,0,77 78,1,70,,1151752,22,0,77 78,1,30,,1151770,22,0,77 78,1,70,,1151750,22,0,77 78,1,30,,1151758,22,0,77 78,1,70,,1151754,22,0,77 78,1,30,,1151761,22,0,77 78,1,70,,1151779,22,0,77 78,1,32,,1151749,22,,,1,70,,1151768,22,,,1,30,,1030474,22,,,1,70,,1151772,22,0,77 78,1,30,,1151775,22,0,77 78,1,70,,1151771,22,0,77 78,1,16,,1151777,6,0,77 78,1,29,,1086073,6,0,77 78,1,67,,1151764,6,0,77 78,1,30,,1151755,6,0,77 78,1,70,,1151773,6,0,77 78,1,30,,1151778,6,0,77 78,1,70,,1079877,6,0,77 78,1,29,,1151759,6,0,77 78,1,70,,1092461,6,0,77 78,1,99,,1151753,6,0,77 78,1
5800,'17',933,,1151785,6,0,77 78,1,70,,1151787,22,0,77 78,1,30,,1151784,6,0,77 78,1,70,,1151795,22,0,77 78,1,30,,1151782,6,0,77 78,1,70,,1151792,22,0,77 78,1,30,,1151780,6,0,77 78,1,70,,1151793,22,0,77 78,1,30,,1151789,6,0,77 78,1,70,,1151799,22,0,77 78,1,30,,1151788,6,0,77 78,1,70,,1151800,22,0,77 78,1,30,,1151798,6,0,77 78,1,70,,1151790,22,0,77 78,1,30,,1151797,6,0,77 78,1,70,,1151791,22,0,77 78,1,30,,1151786,6,0,77 78,1,70,,1151781,22,0,77 78,1,30,,1151794,6,0,77 78,1,70,,1151783,22,0,77 78,1,30,,1151796,6,0,77 78,1
5800,'2',852,,1151801,6,0,77 78,1,68,,1151818,22,0,77 78,1,32,,1151814,6,0,77 78,1,68,,1151820,22,0,77 78,1,32,,1151825,6,0,77 78,1,70,,1151819,22,0,77 78,1,30,,1080877,6,0,77 78,1,70,,1151817,22,0,77 78,1,30,,1151822,6,0,77 78,1,70,,1151804,22,0,77 78,1,30,,1151815,6,0,77 78,1,70,,1151806,22,0,77 78,1,30,,1099091,6,0,77 78,1,70,,1151808,22,0,77 78,1,30,,1151816,6,0,77 78,1,70,,1151812,22,0,77 78,1,30,,1151821,6,0,77 78,1,70,,1040183,22,0,77 78,1,30,,1151811,6,0,77 78,1,68,,1151802,22,0,77 78,1,30,,1151826,6,0,77 78,1,70,,1151813,22,0,77 78,1,30,,1151810,6,0,77 78,1,70,,1151803,22,0,77 78,1,30,,1151824,6,0,77 78,1,70,,1151809,22,0,77 78,1,36,,1151807,6,0,77 78,1,89,,1151805,6,0,77 78,1,109,,1151823,6,0,77 78,1
5800,'3',933,,1151832,6,0,77 78,1,70,,1151834,22,0,77 78,1,30,,1151831,6,0,77 78,1,70,,1151842,22,0,77 78,1,30,,1151829,6,0,77 78,1,70,,1151839,22,0,77 78,1,30,,1151827,6,0,77 78,1,70,,1151840,22,0,77 78,1,30,,1151836,6,0,77 78,1,70,,1151846,22,0,77 78,1,30,,1151835,6,0,77 78,1,70,,1151847,22,0,77 78,1,30,,1151845,6,0,77 78,1,70,,1151837,22,0,77 78,1,30,,1151844,6,0,77 78,1,70,,1151838,22,0,77 78,1,30,,1151833,6,0,77 78,1,70,,1151828,22,0,77 78,1,30,,1151841,6,0,77 78,1,70,,1151830,22,0,77 78,1,30,,1151843,6,0,77 78,1
5800,'4',933,,1151866,6,0,77 78,1,70,,1151859,22,0,77 78,1,30,,1151857,6,0,77 78,1,70,,1151856,22,0,77 78,1,30,,1151854,6,0,77 78,1,70,,1151853,22,0,77 78,1,30,,1151858,6,0,77 78,1,70,,1151862,22,0,77 78,1,30,,1151867,6,0,77 78,1,70,,1151863,22,0,77 78,1,30,,1151848,6,0,77 78,1,70,,1151852,22,0,77 78,1,30,,1151865,6,0,77 78,1,70,,1099276,22,0,77 78,1,30,,1151864,6,0,77 78,1,70,,1151851,22,0,77 78,1,30,,1151855,6,0,77 78,1,70,,1151849,22,0,77 78,1,30,,1151860,6,0,77 78,1,70,,1151850,22,0,77 78,1,30,,1151861,6,0,77 78,1
5800,'5',612,,1151870,6,0,77 78,1,38,,1038893,6,,,1,71,,1151885,6,,,1,30,,1082894,6,,,1,70,,1151869,6,,,1,31,,1151896,6,0,77 78,1,53,,1151873,22,0,77 78,1,31,,1151887,22,0,77 78,1,70,,1151877,22,0,77 78,1,30,,1151889,22,0,77 78,1,70,,1151874,22,0,77 78,1,30,,1151882,22,0,77 78,1,70,,1151875,22,0,77 78,1,30,,1037448,22,0,77 78,1,70,,1151880,22,0,77 78,1,30,,1151886,22,0,77 78,1,70,,1151881,22,0,77 78,1,30,,1001022,22,0,77 78,1,70,,1151879,22,0,77 78,1,32,,1151871,22,,,1,70,,1151894,22,,,1,30,,1151893,22,,,1,70,,1063064,22,0,77 78,1,30,,1102372,22,0,77 78,1,70,,1151876,22,0,77 78,1,16,,1151878,6,0,77 78,1,29,,1151872,6,0,77 78,1,67,,1151884,6,0,77 78,1,30,,1151895,6,0,77 78,1,70,,1151892,6,0,77 78,1,30,,1151891,6,0,77 78,1,70,,1151868,6,0,77 78,1,29,,1151888,6,0,77 78,1,70,,1151890,6,0,77 78,1,99,,1151883,6,0,77 78,1
5800,'6',612,,1151914,6,0,77 78,1,38,,1151916,6,,,1,71,,1087316,6,,,1,30,,1030125,6,,,1,70,,1151903,6,,,1,31,,1151910,6,0,77 78,1,53,,1151912,22,0,77 78,1,31,,1151913,22,0,77 78,1,70,,1151906,22,0,77 78,1,30,,1021576,22,0,77 78,1,70,,1151919,22,0,77 78,1,30,,1151909,22,0,77 78,1,70,,1151898,22,0,77 78,1,30,,1151917,22,0,77 78,1,70,,1098913,22,0,77 78,1,30,,1151904,22,0,77 78,1,70,,1151899,22,0,77 78,1,30,,1151908,22,0,77 78,1,70,,1151922,22,0,77 78,1,32,,1031495,22,,,1,70,,1151915,22,,,1,30,,1151907,22,,,1,70,,1151918,22,0,77 78,1,30,,1151920,22,0,77 78,1,70,,1073695,22,0,77 78,1,16,,1088986,6,0,77 78,1,29,,1151901,6,0,77 78,1,67,,1151911,6,0,77 78,1,30,,1151900,6,0,77 78,1,70,,1092259,6,0,77 78,1,30,,1151921,6,0,77 78,1,70,,1151902,6,0,77 78,1,29,,1151905,6,0,77 78,1,70,,1151897,6,0,77 78,1,99,,1050607,6,0,77 78,1
5800,'7',852,,1151945,6,0,77 78,1,68,,1151940,22,0,77 78,1,32,,1151942,6,0,77 78,1,68,,1151947,22,0,77 78,1,32,,1151923,6,0,77 78,1,70,,1151935,22,0,77 78,1,30,,1151949,6,0,77 78,1,70,,1151926,22,0,77 78,1,30,,1151944,6,0,77 78,1,70,,1151936,22,0,77 78,1,30,,1151928,6,0,77 78,1,70,,1151933,22,0,77 78,1,30,,1151946,6,0,77 78,1,70,,1151931,22,0,77 78,1,30,,1151939,6,0,77 78,1,70,,1151950,22,0,77 78,1,30,,1151924,6,0,77 78,1,70,,1151948,22,0,77 78,1,30,,1151938,6,0,77 78,1,68,,1151930,22,0,77 78,1,30,,1151932,6,0,77 78,1,70,,1151927,22,0,77 78,1,30,,1151925,6,0,77 78,1,70,,1151951,22,0,77 78,1,30,,1151929,6,0,77 78,1,70,,1151943,22,0,77 78,1,36,,1151934,6,0,77 78,1,89,,1151937,6,0,77 78,1,109,,1151941,6,0,77 78,1
5800,'8',612,,1151974,6,0,77 78,1,38,,1151976,6,,,1,71,,1151962,6,,,1,30,,1151983,6,,,1,70,,1151963,6,,,1,31,,1151970,6,0,77 78,1,53,,1151972,22,0,77 78,1,31,,1151973,22,0,77 78,1,70,,1151966,22,0,77 78,1,30,,1151955,22,0,77 78,1,70,,1151981,22,0,77 78,1,30,,1151969,22,0,77 78,1,70,,1151956,22,0,77 78,1,30,,1151977,22,0,77 78,1,70,,1151954,22,0,77 78,1,30,,1151964,22,0,77 78,1,70,,1151958,22,0,77 78,1,30,,1151968,22,0,77 78,1,70,,1151986,22,0,77 78,1,32,,1151952,22,,,1,70,,1151975,22,,,1,30,,1151967,22,,,1,70,,1151979,22,0,77 78,1,30,,1151982,22,0,77 78,1,70,,1151978,22,0,77 78,1,16,,1151984,6,0,77 78,1,29,,1151960,6,0,77 78,1,67,,1151971,6,0,77 78,1,30,,1151959,6,0,77 78,1,70,,1151980,6,0,77 78,1,30,,1151985,6,0,77 78,1,70,,1151961,6,0,77 78,1,29,,1151965,6,0,77 78,1,70,,1151953,6,0,77 78,1,99,,1151957,6,0,77 78,1
5800,'9',612,,1151989,6,0,77 78,1,38,,1039067,6,,,1,71,,1152004,6,,,1,30,,1082874,6,,,1,70,,1151988,6,,,1,31,,1152015,6,0,77 78,1,53,,1151992,22,0,77 78,1,31,,1152006,22,0,77 78,1,70,,1151996,22,0,77 78,1,30,,1152008,22,0,77 78,1,70,,1151993,22,0,77 78,1,30,,1152001,22,0,77 78,1,70,,1151994,22,0,77 78,1,30,,1037748,22,0,77 78,1,70,,1151999,22,0,77 78,1,30,,1152005,22,0,77 78,1,70,,1152000,22,0,77 78,1,30,,1001323,22,0,77 78,1,70,,1151998,22,0,77 78,1,32,,1151990,22,,,1,70,,1152013,22,,,1,30,,1152012,22,,,1,70,,1062888,22,0,77 78,1,30,,1102369,22,0,77 78,1,70,,1151995,22,0,77 78,1,16,,1151997,6,0,77 78,1,29,,1151991,6,0,77 78,1,67,,1152003,6,0,77 78,1,30,,1152014,6,0,77 78,1,70,,1152011,6,0,77 78,1,30,,1152010,6,0,77 78,1,70,,1151987,6,0,77 78,1,29,,1152007,6,0,77 78,1,70,,1152009,6,0,77 78,1,99,,1152002,6,0,77 78,1
