8000,'1',504,,1092428,42,0,138,1,30,,1166507,42,0,138,1
8000,'10',504,,1092272,42,0,138,1,30,,1166563,42,0,138,1
8000,'11',504,,1092475,42,0,138,1,30,,1166619,42,0,138,1
8000,'12',504,,1166640,42,0,138,1,30,,1166692,42,0,138,1
8000,'14',504,,1166724,42,0,138,1,30,,1166767,42,0,138,1
8000,'15',504,,1166817,42,0,138,1,30,,1166794,42,0,138,1
8000,'16',504,,1166859,42,0,138,1,30,,1098400,42,0,138,1
8000,'5',504,,1092395,42,0,138,1,30,,1167057,42,0,138,1
8000,'6',504,,1093536,42,0,138,1,30,,1167122,42,0,138,1
8000,'8',504,,1167169,42,0,138,1,30,,1167222,42,0,138,1
8000,'9',504,,1092321,42,0,138,1,30,,1167270,42,0,138,1
8600,'1',634,,1172232,10,,,1,70,,1172259,10,,,1,32,,1172221,10,,,1,75,,1172249,10,,,1,31,,1172252,10,,,1,70,,1053134,10,,,1,600,,1172237,10,,,1,44,,1172234,10,,,1,72,,1172245,10,,,1,73,,1172260,10,,,1,29,,1172235,10,,,1,70,,1172219,10,,,1
8600,'10',634,,1172276,10,,,1,70,,1172303,10,,,1,32,,1172265,10,,,1,75,,1172293,10,,,1,31,,1172296,10,,,1,70,,1053180,10,,,1,600,,1172281,10,,,1,44,,1172278,10,,,1,72,,1172289,10,,,1,73,,1172304,10,,,1,29,,1172279,10,,,1,70,,1172263,10,,,1
8600,'11',634,,1172320,10,,,1,70,,1172347,10,,,1,32,,1172309,10,,,1,75,,1172337,10,,,1,31,,1172340,10,,,1,70,,1053123,10,,,1,600,,1172325,10,,,1,44,,1172322,10,,,1,72,,1172333,10,,,1,73,,1172348,10,,,1,29,,1172323,10,,,1,70,,1172307,10,,,1
8600,'12',634,,1172391,10,,,1,70,,1172361,10,,,1,32,,1172390,10,,,1,75,,1172373,10,,,1,31,,1172372,10,,,1,70,,1172395,10,,,1,600,,1172380,10,,,1,44,,1172393,10,,,1,72,,1172379,10,,,1,73,,1172370,10,,,1,29,,1172366,10,,,1,70,,1172374,10,,,1
8600,'14',634,,1172441,10,,,1,70,,1172468,10,,,1,32,,1172428,10,,,1,75,,1172458,10,,,1,31,,1172461,10,,,1,70,,1172429,10,,,1,600,,1172446,10,,,1,44,,1172443,10,,,1,72,,1172454,10,,,1,73,,1172469,10,,,1,29,,1172444,10,,,1,70,,1172424,10,,,1
8600,'15',634,,1172489,10,,,1,70,,1172490,10,,,1,32,,1172473,10,,,1,75,,1172512,10,,,1,31,,1172481,10,,,1,70,,1172506,10,,,1,600,,1172474,10,,,1,44,,1172478,10,,,1,72,,1172488,10,,,1,73,,1172520,10,,,1,29,,1172498,10,,,1,70,,1172479,10,,,1
8600,'16',634,,1172564,10,,,1,70,,1172533,10,,,1,32,,1172563,10,,,1,75,,1172545,10,,,1,31,,1172544,10,,,1,70,,1172569,10,,,1,600,,1172553,10,,,1,44,,1172566,10,,,1,72,,1172552,10,,,1,73,,1172542,10,,,1,29,,1172538,10,,,1,70,,1172546,10,,,1
8600,'5',634,,1172705,10,,,1,70,,1172732,10,,,1,32,,1172694,10,,,1,75,,1172722,10,,,1,31,,1172725,10,,,1,70,,1053047,10,,,1,600,,1172710,10,,,1,44,,1172707,10,,,1,72,,1172718,10,,,1,73,,1172733,10,,,1,29,,1172708,10,,,1,70,,1172692,10,,,1
8600,'6',634,,1078069,10,,,1,70,,1172742,10,,,1,32,,1007429,10,,,1,75,,1172754,10,,,1,31,,1172753,10,,,1,70,,1172774,10,,,1,600,,1172762,10,,,1,44,,1172772,10,,,1,72,,1172761,10,,,1,73,,1172751,10,,,1,29,,1172747,10,,,1,70,,1172755,10,,,1
8600,'8',634,,1172850,10,,,1,70,,1172819,10,,,1,32,,1172849,10,,,1,75,,1172831,10,,,1,31,,1172830,10,,,1,70,,1172855,10,,,1,600,,1172839,10,,,1,44,,1172852,10,,,1,72,,1172838,10,,,1,73,,1172828,10,,,1,29,,1172824,10,,,1,70,,1172832,10,,,1
8600,'9',634,,1172870,10,,,1,70,,1172897,10,,,1,32,,1172859,10,,,1,75,,1172887,10,,,1,31,,1172890,10,,,1,70,,1053145,10,,,1,600,,1172875,10,,,1,44,,1172872,10,,,1,72,,1172883,10,,,1,73,,1172898,10,,,1,29,,1172873,10,,,1,70,,1172857,10,,,1
18900,'1',535,,1195053,30,,,1,104,,1195038,30,,,1,70,,1195047,30,0,11 2 12,1,35,,1019539,30,,,1,70,,1195048,30,0,11 2 12,1,30,,1103420,30,,,1,66,,1195044,30,,,1,30,,1069826,30,,,1,70,,1195031,30,,,1,30,,1195039,30,,,1,70,,1195054,30,,,1,31,,1195040,30,,,1,70,,1195057,30,,,1,29,,1195034,30,,,1,70,,1087218,30,,,1,30,,1195043,30,,,1,70,,1195041,30,,,1,33,,1195052,30,,,1,70,,1195045,30,,,1,30,,1195036,30,,,1,70,,1195046,30,,,1,29,,1089223,30,,,1,70,,1195032,30,,,1,30,,1057758,30,,,1,70,,1195056,30,,,1,28,,1195050,30,,,1,70,,1195058,30,,,1,29,,1195035,30,,,1,70,,1064122,30,,,1,30,,1195051,30,,,1,70,,1195037,30,,,1,30,,1195033,30,,,1,70,,1080732,30,,,1,30,,1195049,30,,,1,67,,1195055,30,,,1,29,,1195042,30,,,1,100,,1195030,30,,,1
18900,'10',535,,1195082,30,,,1,104,,1195067,30,,,1,70,,1195076,30,0,11 2 12,1,35,,1019578,30,,,1,70,,1195077,30,0,11 2 12,1,30,,1103414,30,,,1,66,,1195073,30,,,1,30,,1069681,30,,,1,70,,1195060,30,,,1,30,,1195068,30,,,1,70,,1195083,30,,,1,31,,1195069,30,,,1,70,,1195086,30,,,1,29,,1195063,30,,,1,70,,1087027,30,,,1,30,,1195072,30,,,1,70,,1195070,30,,,1,33,,1195081,30,,,1,70,,1195074,30,,,1,30,,1195065,30,,,1,70,,1195075,30,,,1,29,,1089028,30,,,1,70,,1195061,30,,,1,30,,1057858,30,,,1,70,,1195085,30,,,1,28,,1195079,30,,,1,70,,1195087,30,,,1,29,,1195064,30,,,1,70,,1063809,30,,,1,30,,1195080,30,,,1,70,,1195066,30,,,1,30,,1195062,30,,,1,70,,1080559,30,,,1,30,,1195078,30,,,1,67,,1195084,30,,,1,29,,1195071,30,,,1,100,,1195059,30,,,1
18900,'11',535,,1195111,30,,,1,104,,1195096,30,,,1,70,,1195105,30,0,11 2 12,1,35,,1019529,30,,,1,70,,1195106,30,0,11 2 12,1,30,,1103422,30,,,1,66,,1195102,30,,,1,30,,1069870,30,,,1,70,,1195089,30,,,1,30,,1195097,30,,,1,70,,1195112,30,,,1,31,,1195098,30,,,1,70,,1195115,30,,,1,29,,1195092,30,,,1,70,,1087273,30,,,1,30,,1195101,30,,,1,70,,1195099,30,,,1,33,,1195110,30,,,1,70,,1195103,30,,,1,30,,1195094,30,,,1,70,,1195104,30,,,1,29,,1089278,30,,,1,70,,1195090,30,,,1,30,,1057727,30,,,1,70,,1195114,30,,,1,28,,1195108,30,,,1,70,,1195116,30,,,1,29,,1195093,30,,,1,70,,1064215,30,,,1,30,,1195109,30,,,1,70,,1195095,30,,,1,30,,1195091,30,,,1,70,,1080789,30,,,1,30,,1195107,30,,,1,67,,1195113,30,,,1,29,,1195100,30,,,1,100,,1195088,30,,,1
18900,'12',535,,1195120,30,,,1,104,,1195129,30,,,1,70,,1195132,30,0,11 2 12,1,35,,1195125,30,,,1,70,,1195133,30,0,11 2 12,1,30,,1195135,30,,,1,66,,1195148,30,,,1,30,,1195145,30,,,1,70,,1195142,30,,,1,30,,1195122,30,,,1,70,,1195136,30,,,1,31,,1195119,30,,,1,70,,1195143,30,,,1,29,,1195127,30,,,1,70,,1195139,30,,,1,30,,1195144,30,,,1,70,,1091556,30,,,1,33,,1195150,30,,,1,70,,1195118,30,,,1,30,,1195134,30,,,1,70,,1195149,30,,,1,29,,1195128,30,,,1,70,,1195117,30,,,1,30,,1195141,30,,,1,70,,1195121,30,,,1,28,,1195124,30,,,1,70,,1195126,30,,,1,29,,1195137,30,,,1,70,,1195147,30,,,1,30,,1195146,30,,,1,70,,1195138,30,,,1,30,,1195130,30,,,1,70,,1195131,30,,,1,30,,1089468,30,,,1,67,,1195140,30,,,1,29,,1195151,30,,,1,100,,1195123,30,,,1
18900,'13',719,,1195155,30,0,11 2 12,1,100,,1195157,30,0,11 2 12,1,101,,1195152,30,0,11 2 12,1,100,,1195156,30,0,11 2 12,1,100,,1195160,30,0,11 2 12,1,100,,1195164,30,0,11 2 12,1,102,,1195161,30,0,11 2 12,1,100,,1195159,30,0,11 2 12,1,100,,1101718,30,0,11 2 12,1,100,,1195163,30,0,11 2 12,1,100,,1195154,30,0,11 2 12,1,99,,1195158,30,0,11 2 12,1,100,,1195162,30,0,11 2 12,1,100,,1195153,30,0,11 2 12,1
18900,'14',535,,1195192,30,,,1,104,,1195176,30,,,1,70,,1195186,30,0,11 2 12,1,35,,1195173,30,,,1,70,,1195187,30,0,11 2 12,1,30,,1195199,30,,,1,66,,1195182,30,,,1,30,,1195183,30,,,1,70,,1195167,30,,,1,30,,1195177,30,,,1,70,,1195193,30,,,1,31,,1195178,30,,,1,70,,1195196,30,,,1,29,,1195171,30,,,1,70,,1195170,30,,,1,30,,1195181,30,,,1,70,,1195179,30,,,1,33,,1195191,30,,,1,70,,1195184,30,,,1,30,,1195174,30,,,1,70,,1195185,30,,,1,29,,1195201,30,,,1,70,,1195168,30,,,1,30,,1195197,30,,,1,70,,1195195,30,,,1,28,,1195189,30,,,1,70,,1195198,30,,,1,29,,1195172,30,,,1,70,,1195200,30,,,1,30,,1195190,30,,,1,70,,1195175,30,,,1,30,,1195169,30,,,1,70,,1195165,30,,,1,30,,1195188,30,,,1,67,,1195194,30,,,1,29,,1195180,30,,,1,100,,1195166,30,,,1
18900,'15',535,,1195216,30,,,1,104,,1195217,30,,,1,70,,1195215,30,0,11 2 12,1,35,,1195236,30,,,1,70,,1195226,30,0,11 2 12,1,30,,1195230,30,,,1,66,,1195238,30,,,1,30,,1195210,30,,,1,70,,1195223,30,,,1,30,,1195211,30,,,1,70,,1195213,30,,,1,31,,1195224,30,,,1,70,,1195228,30,,,1,29,,1195231,30,,,1,70,,1195234,30,,,1,30,,1195219,30,,,1,70,,1195221,30,,,1,33,,1195227,30,,,1,70,,1195207,30,,,1,30,,1195235,30,,,1,70,,1195220,30,,,1,29,,1195233,30,,,1,70,,1195203,30,,,1,30,,1195202,30,,,1,70,,1195205,30,,,1,28,,1195214,30,,,1,70,,1195232,30,,,1,29,,1195222,30,,,1,70,,1195212,30,,,1,30,,1195208,30,,,1,70,,1195218,30,,,1,30,,1195206,30,,,1,70,,1195229,30,,,1,30,,1195225,30,,,1,67,,1195237,30,,,1,29,,1195209,30,,,1,100,,1195204,30,,,1
18900,'16',535,,1037975,30,,,1,104,,1195249,30,,,1,70,,1195252,30,0,11 2 12,1,35,,1195245,30,,,1,70,,1195253,30,0,11 2 12,1,30,,1195255,30,,,1,66,,1090920,30,,,1,30,,1195265,30,,,1,70,,1195262,30,,,1,30,,1101200,30,,,1,70,,1195256,30,,,1,31,,1195242,30,,,1,70,,1195263,30,,,1,29,,1195247,30,,,1,70,,1195259,30,,,1,30,,1195264,30,,,1,70,,1195241,30,,,1,33,,1195269,30,,,1,70,,1195240,30,,,1,30,,1195254,30,,,1,70,,1195268,30,,,1,29,,1195248,30,,,1,70,,1195239,30,,,1,30,,1195261,30,,,1,70,,1195243,30,,,1,28,,1195244,30,,,1,70,,1195246,30,,,1,29,,1195257,30,,,1,70,,1195267,30,,,1,30,,1195266,30,,,1,70,,1195258,30,,,1,30,,1195250,30,,,1,70,,1195251,30,,,1,30,,1195270,30,,,1,67,,1195260,30,,,1,29,,1195271,30,,,1,100,,1093822,30,,,1
18900,'17',719,,1195276,30,0,11 2 12,1,100,,1195278,30,0,11 2 12,1,101,,1195273,30,0,11 2 12,1,100,,1195277,30,0,11 2 12,1,100,,1195281,30,0,11 2 12,1,100,,1195285,30,0,11 2 12,1,102,,1195282,30,0,11 2 12,1,100,,1195280,30,0,11 2 12,1,100,,1195272,30,0,11 2 12,1,100,,1195284,30,0,11 2 12,1,100,,1195275,30,0,11 2 12,1,99,,1195279,30,0,11 2 12,1,100,,1195283,30,0,11 2 12,1,100,,1195274,30,0,11 2 12,1
18900,'2',719,,1195292,30,0,11 2 12,1,100,,1195296,30,0,11 2 12,1,101,,1195288,30,0,11 2 12,1,100,,1087071,30,0,11 2 12,1,100,,1195295,30,0,11 2 12,1,100,,1195289,30,0,11 2 12,1,102,,1195290,30,0,11 2 12,1,100,,1195286,30,0,11 2 12,1,100,,1195291,30,0,11 2 12,1,100,,1195294,30,0,11 2 12,1,100,,1195287,30,0,11 2 12,1,99,,1074706,30,0,11 2 12,1,100,,1195293,30,0,11 2 12,1
18900,'3',719,,1195301,30,0,11 2 12,1,100,,1195303,30,0,11 2 12,1,101,,1195298,30,0,11 2 12,1,100,,1195302,30,0,11 2 12,1,100,,1195306,30,0,11 2 12,1,100,,1195310,30,0,11 2 12,1,102,,1195307,30,0,11 2 12,1,100,,1195305,30,0,11 2 12,1,100,,1195297,30,0,11 2 12,1,100,,1195309,30,0,11 2 12,1,100,,1195300,30,0,11 2 12,1,99,,1195304,30,0,11 2 12,1,100,,1195308,30,0,11 2 12,1,100,,1195299,30,0,11 2 12,1
18900,'4',719,,1195320,30,0,11 2 12,1,100,,1195318,30,0,11 2 12,1,101,,1195317,30,0,11 2 12,1,100,,1024840,30,0,11 2 12,1,100,,1195312,30,0,11 2 12,1,100,,1195316,30,0,11 2 12,1,102,,1195321,30,0,11 2 12,1,100,,1195314,30,0,11 2 12,1,100,,1195322,30,0,11 2 12,1,100,,1195323,30,0,11 2 12,1,100,,1195319,30,0,11 2 12,1,99,,1195311,30,0,11 2 12,1,100,,1195315,30,0,11 2 12,1,100,,1195313,30,0,11 2 12,1
18900,'5',535,,1195347,30,,,1,104,,1195332,30,,,1,70,,1195341,30,0,11 2 12,1,35,,1019483,30,,,1,70,,1195342,30,0,11 2 12,1,30,,1103418,30,,,1,66,,1195338,30,,,1,30,,1069803,30,,,1,70,,1195325,30,,,1,30,,1195333,30,,,1,70,,1195348,30,,,1,31,,1195334,30,,,1,70,,1195351,30,,,1,29,,1195328,30,,,1,70,,1087180,30,,,1,30,,1195337,30,,,1,70,,1195335,30,,,1,33,,1195346,30,,,1,70,,1195339,30,,,1,30,,1195330,30,,,1,70,,1195340,30,,,1,29,,1089185,30,,,1,70,,1195326,30,,,1,30,,1057608,30,,,1,70,,1195350,30,,,1,28,,1195344,30,,,1,70,,1195352,30,,,1,29,,1195329,30,,,1,70,,1064077,30,,,1,30,,1195345,30,,,1,70,,1195331,30,,,1,30,,1195327,30,,,1,70,,1080702,30,,,1,30,,1195343,30,,,1,67,,1195349,30,,,1,29,,1195336,30,,,1,100,,1195324,30,,,1
18900,'6',535,,1195356,30,,,1,104,,1195365,30,,,1,70,,1195368,30,0,11 2 12,1,35,,1195361,30,,,1,70,,1195369,30,0,11 2 12,1,30,,1195371,30,,,1,66,,1195383,30,,,1,30,,1195381,30,,,1,70,,1195378,30,,,1,30,,1195358,30,,,1,70,,1195372,30,,,1,31,,942562,30,,,1,70,,1195379,30,,,1,29,,1195363,30,,,1,70,,1195375,30,,,1,30,,1195380,30,,,1,70,,1195355,30,,,1,33,,1097591,30,,,1,70,,1195354,30,,,1,30,,1195370,30,,,1,70,,1062270,30,,,1,29,,1195364,30,,,1,70,,1195353,30,,,1,30,,1195377,30,,,1,70,,1195357,30,,,1,28,,1195360,30,,,1,70,,1195362,30,,,1,29,,1195373,30,,,1,70,,922086,30,,,1,30,,1195382,30,,,1,70,,1195374,30,,,1,30,,1195366,30,,,1,70,,1195367,30,,,1,30,,1195384,30,,,1,67,,1195376,30,,,1,29,,1195385,30,,,1,100,,1195359,30,,,1
18900,'7',719,,1195393,30,0,11 2 12,1,100,,1195391,30,0,11 2 12,1,101,,1195389,30,0,11 2 12,1,100,,1195394,30,0,11 2 12,1,100,,1195387,30,0,11 2 12,1,100,,1195398,30,0,11 2 12,1,102,,1195396,30,0,11 2 12,1,100,,1195390,30,0,11 2 12,1,100,,1195386,30,0,11 2 12,1,100,,1195388,30,0,11 2 12,1,100,,1195397,30,0,11 2 12,1,99,,1195395,30,0,11 2 12,1,100,,1195392,30,0,11 2 12,1
18900,'8',535,,1195403,30,,,1,104,,1195412,30,,,1,70,,1195415,30,0,11 2 12,1,35,,1195408,30,,,1,70,,1195416,30,0,11 2 12,1,30,,1195418,30,,,1,66,,1195431,30,,,1,30,,1195428,30,,,1,70,,1195425,30,,,1,30,,1195405,30,,,1,70,,1195419,30,,,1,31,,1195402,30,,,1,70,,1195426,30,,,1,29,,1195410,30,,,1,70,,1195422,30,,,1,30,,1195427,30,,,1,70,,1195401,30,,,1,33,,1195433,30,,,1,70,,1195400,30,,,1,30,,1195417,30,,,1,70,,1195432,30,,,1,29,,1195411,30,,,1,70,,1195399,30,,,1,30,,1195424,30,,,1,70,,1195404,30,,,1,28,,1195407,30,,,1,70,,1195409,30,,,1,29,,1195420,30,,,1,70,,1195430,30,,,1,30,,1195429,30,,,1,70,,1195421,30,,,1,30,,1195413,30,,,1,70,,1195414,30,,,1,30,,1195434,30,,,1,67,,1195423,30,,,1,29,,1195435,30,,,1,100,,1195406,30,,,1
18900,'9',535,,1195459,30,,,1,104,,1195444,30,,,1,70,,1195453,30,0,11 2 12,1,35,,1019549,30,,,1,70,,1195454,30,0,11 2 12,1,30,,1103416,30,,,1,66,,1195450,30,,,1,30,,1069727,30,,,1,70,,1195437,30,,,1,30,,1195445,30,,,1,70,,1195460,30,,,1,31,,1195446,30,,,1,70,,1195463,30,,,1,29,,1195440,30,,,1,70,,1087089,30,,,1,30,,1195449,30,,,1,70,,1195447,30,,,1,33,,1195458,30,,,1,70,,1195451,30,,,1,30,,1195442,30,,,1,70,,1195452,30,,,1,29,,1089091,30,,,1,70,,1195438,30,,,1,30,,1057789,30,,,1,70,,1195462,30,,,1,28,,1195456,30,,,1,70,,1195464,30,,,1,29,,1195441,30,,,1,70,,1063906,30,,,1,30,,1195457,30,,,1,70,,1195443,30,,,1,30,,1195439,30,,,1,70,,1080613,30,,,1,30,,1195455,30,,,1,67,,1195461,30,,,1,29,,1195448,30,,,1,100,,1195436,30,,,1
