27501,'1',1539,,1197658,10,,,1,68,,1197653,10,,,1,32,,1197655,10,,,1,70,,1197657,10,,,1,30,,1197652,10,,,1,70,,1197654,10,,,1,32,,1197656,10,,,1
27501,'10',1539,,1197665,10,,,1,68,,1197660,10,,,1,32,,1197662,10,,,1,70,,1197664,10,,,1,30,,1197659,10,,,1,70,,1197661,10,,,1,32,,1197663,10,,,1
27501,'11',1539,,1197672,10,,,1,68,,1197667,10,,,1,32,,1197669,10,,,1,70,,1197671,10,,,1,30,,1197666,10,,,1,70,,1197668,10,,,1,32,,1197670,10,,,1
27501,'12',1539,,1197678,10,,,1,68,,1197675,10,,,1,32,,1197674,10,,,1,70,,1197673,10,,,1,30,,1197679,10,,,1,70,,1197676,10,,,1,32,,1197677,10,,,1
27501,'14',1539,,1197686,10,,,1,68,,1197681,10,,,1,32,,1197683,10,,,1,70,,1197685,10,,,1,30,,1197680,10,,,1,70,,1197682,10,,,1,32,,1197684,10,,,1
27501,'15',1539,,1197692,10,,,1,68,,1197691,10,,,1,32,,1197687,10,,,1,70,,1197689,10,,,1,30,,1197690,10,,,1,70,,1197688,10,,,1,32,,1197693,10,,,1
27501,'16',1539,,1197699,10,,,1,68,,1197696,10,,,1,32,,1197695,10,,,1,70,,1197694,10,,,1,30,,1197700,10,,,1,70,,1197697,10,,,1,32,,1197698,10,,,1
27501,'5',1539,,1197707,10,,,1,68,,1197702,10,,,1,32,,1197704,10,,,1,70,,1197706,10,,,1,30,,1197701,10,,,1,70,,1197703,10,,,1,32,,1197705,10,,,1
27501,'6',1539,,1197712,10,,,1,68,,1197709,10,,,1,32,,1197708,10,,,1,70,,994387,10,,,1,30,,1055033,10,,,1,70,,1197710,10,,,1,32,,1197711,10,,,1
27501,'8',1539,,1197718,10,,,1,68,,1197715,10,,,1,32,,1197714,10,,,1,70,,1197713,10,,,1,30,,1197719,10,,,1,70,,1197716,10,,,1,32,,1197717,10,,,1
27501,'9',1539,,1197726,10,,,1,68,,1197721,10,,,1,32,,1197723,10,,,1,70,,1197725,10,,,1,30,,1197720,10,,,1,70,,1197722,10,,,1,32,,1197724,10,,,1
68400,'1',1516,,1200491,14,,,1,25,,1200492,14,,,1
68400,'10',1516,,1200493,14,,,1,25,,1200494,14,,,1
68400,'11',1516,,1200495,14,,,1,25,,1200496,14,,,1
68400,'12',1516,,1200497,14,,,1,25,,1200498,14,,,1
68400,'14',1516,,1200499,14,,,1,25,,1200500,14,,,1
68400,'15',1516,,1200502,14,,,1,25,,1200501,14,,,1
68400,'16',1516,,1200503,14,,,1,25,,1200504,14,,,1
68400,'5',1516,,1200505,14,,,1,25,,1200506,14,,,1
68400,'6',1516,,1103484,14,,,1,25,,1077141,14,,,1
68400,'8',1516,,1200507,14,,,1,25,,1200508,14,,,1
68400,'9',1516,,1200509,14,,,1,25,,1200510,14,,,1
