5700,'1',637,,1150275,31,0,15 16,1,71,,1150271,31,0,15 16,1,31,,1150270,31,0,15 16,1,70,,1100965,31,0,15 16,1,31,,1150300,31,0,15 16,1,73,,1150269,31,0,15 16,1,30,,1150293,31,0,15 16,1,70,,1150267,31,0,15 16,1,27,,1096441,31,0,15 16,1,70,,1081050,31,0,15 16,1,30,,1150294,31,0,15 16,1,70,,1150278,31,0,15 16,1,31,,1150302,31,0,15 16,1,70,,1150282,31,0,15 16,1,33,,1046258,31,0,15 16,1,70,,1150279,31,0,15 16,1,30,,1150287,31,0,15 16,1,70,,1150304,31,0,15 16,1,17,,1150289,31,0,15 16,1,15,,1150295,31,0,15 16,1,57,,1150286,31,0,15 16,1,14,,1150285,31,0,15 16,1,12,,1150281,31,0,15 16,1,16,,1150299,31,0,15 16,1,56,,1150298,31,0,15 16,1,15,,1150297,31,0,15 16,1,14,,1099529,31,0,15 16,1,16,,1150301,31,0,15 16,1,54,,1150274,31,0,15 16,1,15,,1150283,31,0,15 16,1,29,,1150265,31,0,15 16,1,70,,1150306,31,0,15 16,1,29,,1150305,31,0,15 16,1,65,,1150307,31,0,15 16,1,30,,972733,31,0,15 16,1,70,,1150268,31,0,15 16,1,28,,1150276,31,0,15 16,1,69,,1150290,31,0,15 16,1,27,,1150284,31,0,15 16,1,69,,1150292,31,0,15 16,1,33,,1150296,31,0,15 16,1,74,,1150266,31,0,15 16,1
5700,'10',637,,1150318,31,0,15 16,1,71,,1150314,31,0,15 16,1,31,,1150313,31,0,15 16,1,70,,1100804,31,0,15 16,1,31,,1150343,31,0,15 16,1,73,,1150312,31,0,15 16,1,30,,1150336,31,0,15 16,1,70,,1150310,31,0,15 16,1,27,,1096225,31,0,15 16,1,70,,1080868,31,0,15 16,1,30,,1150337,31,0,15 16,1,70,,1150321,31,0,15 16,1,31,,1150345,31,0,15 16,1,70,,1150325,31,0,15 16,1,33,,1046346,31,0,15 16,1,70,,1150322,31,0,15 16,1,30,,1150330,31,0,15 16,1,70,,1150347,31,0,15 16,1,17,,1150332,31,0,15 16,1,15,,1150338,31,0,15 16,1,57,,1150329,31,0,15 16,1,14,,1150328,31,0,15 16,1,12,,1150324,31,0,15 16,1,16,,1150342,31,0,15 16,1,56,,1150341,31,0,15 16,1,15,,1150340,31,0,15 16,1,14,,1099415,31,0,15 16,1,16,,1150344,31,0,15 16,1,54,,1150317,31,0,15 16,1,15,,1150326,31,0,15 16,1,29,,1150308,31,0,15 16,1,70,,1150349,31,0,15 16,1,29,,1150348,31,0,15 16,1,65,,1150350,31,0,15 16,1,30,,972240,31,0,15 16,1,70,,1150311,31,0,15 16,1,28,,1150319,31,0,15 16,1,69,,1150333,31,0,15 16,1,27,,1150327,31,0,15 16,1,69,,1150335,31,0,15 16,1,33,,1150339,31,0,15 16,1,74,,1150309,31,0,15 16,1
5700,'11',637,,1150361,31,0,15 16,1,71,,1150357,31,0,15 16,1,31,,1150356,31,0,15 16,1,70,,1101002,31,0,15 16,1,31,,1150386,31,0,15 16,1,73,,1150355,31,0,15 16,1,30,,1150379,31,0,15 16,1,70,,1150353,31,0,15 16,1,27,,1096500,31,0,15 16,1,70,,1081104,31,0,15 16,1,30,,1150380,31,0,15 16,1,70,,1150364,31,0,15 16,1,31,,1150388,31,0,15 16,1,70,,1150368,31,0,15 16,1,33,,1046232,31,0,15 16,1,70,,1150365,31,0,15 16,1,30,,1150373,31,0,15 16,1,70,,1150390,31,0,15 16,1,17,,1150375,31,0,15 16,1,15,,1150381,31,0,15 16,1,57,,1150372,31,0,15 16,1,14,,1150371,31,0,15 16,1,12,,1150367,31,0,15 16,1,16,,1150385,31,0,15 16,1,56,,1150384,31,0,15 16,1,15,,1150383,31,0,15 16,1,14,,1099565,31,0,15 16,1,16,,1150387,31,0,15 16,1,54,,1150360,31,0,15 16,1,15,,1150369,31,0,15 16,1,29,,1150351,31,0,15 16,1,70,,1150392,31,0,15 16,1,29,,1150391,31,0,15 16,1,65,,1150393,31,0,15 16,1,30,,972665,31,0,15 16,1,70,,1150354,31,0,15 16,1,28,,1150362,31,0,15 16,1,69,,1150376,31,0,15 16,1,27,,1150370,31,0,15 16,1,69,,1150378,31,0,15 16,1,33,,1150382,31,0,15 16,1,74,,1150352,31,0,15 16,1
5700,'12',637,,1150419,31,0,15 16,1,71,,1150437,31,0,15 16,1,31,,1150422,31,0,15 16,1,70,,1150429,31,0,15 16,1,31,,1150402,31,0,15 16,1,73,,1150416,31,0,15 16,1,30,,1150404,31,0,15 16,1,70,,1150435,31,0,15 16,1,27,,1150400,31,0,15 16,1,70,,1150434,31,0,15 16,1,30,,1150436,31,0,15 16,1,70,,1150395,31,0,15 16,1,31,,1150413,31,0,15 16,1,70,,1150427,31,0,15 16,1,33,,1150399,31,0,15 16,1,70,,1150430,31,0,15 16,1,30,,1150443,31,0,15 16,1,70,,1150397,31,0,15 16,1,17,,1150425,31,0,15 16,1,15,,1150394,31,0,15 16,1,57,,1150412,31,0,15 16,1,14,,1150411,31,0,15 16,1,12,,1150440,31,0,15 16,1,16,,1150406,31,0,15 16,1,56,,1150405,31,0,15 16,1,15,,1150423,31,0,15 16,1,14,,1150415,31,0,15 16,1,16,,1150428,31,0,15 16,1,54,,1150431,31,0,15 16,1,15,,1150420,31,0,15 16,1,29,,1150408,31,0,15 16,1,70,,1150396,31,0,15 16,1,29,,1150426,31,0,15 16,1,65,,1150414,31,0,15 16,1,30,,1150442,31,0,15 16,1,70,,1150407,31,0,15 16,1,28,,1084391,31,0,15 16,1,69,,1150398,31,0,15 16,1,27,,1150441,31,0,15 16,1,69,,1150409,31,0,15 16,1,33,,1150433,31,0,15 16,1,74,,1150410,31,0,15 16,1
5700,'13',926,,1150464,31,0,15 16,1,99,,1150460,31,0,15 16,1,101,,1150465,31,0,15 16,1,102,,1150444,31,0,15 16,1,100,,1150455,31,0,15 16,1,100,,1150446,31,0,15 16,1,100,,1150466,31,0,15 16,1,98,,1150454,31,0,15 16,1,100,,1150462,31,0,15 16,1,100,,1150450,31,0,15 16,1
5700,'14',637,,1150481,31,0,15 16,1,71,,1150477,31,0,15 16,1,31,,1150476,31,0,15 16,1,70,,1150470,31,0,15 16,1,31,,1150507,31,0,15 16,1,73,,1150474,31,0,15 16,1,30,,1150500,31,0,15 16,1,70,,1150472,31,0,15 16,1,27,,1150510,31,0,15 16,1,70,,1150512,31,0,15 16,1,30,,1150501,31,0,15 16,1,70,,1150484,31,0,15 16,1,31,,1150509,31,0,15 16,1,70,,1150488,31,0,15 16,1,33,,1150514,31,0,15 16,1,70,,1150485,31,0,15 16,1,30,,1150494,31,0,15 16,1,70,,1150513,31,0,15 16,1,17,,1150496,31,0,15 16,1,15,,1150502,31,0,15 16,1,57,,1150493,31,0,15 16,1,14,,1150492,31,0,15 16,1,12,,1150487,31,0,15 16,1,16,,1150506,31,0,15 16,1,56,,1150505,31,0,15 16,1,15,,1150504,31,0,15 16,1,14,,1150518,31,0,15 16,1,16,,1150508,31,0,15 16,1,54,,1150480,31,0,15 16,1,15,,1150490,31,0,15 16,1,29,,1150468,31,0,15 16,1,70,,1150516,31,0,15 16,1,29,,1150515,31,0,15 16,1,65,,1150517,31,0,15 16,1,30,,1150469,31,0,15 16,1,70,,1150473,31,0,15 16,1,28,,1150482,31,0,15 16,1,69,,1150497,31,0,15 16,1,27,,1150491,31,0,15 16,1,69,,1150499,31,0,15 16,1,33,,1150503,31,0,15 16,1,74,,1150471,31,0,15 16,1
5700,'15',637,,1150569,31,0,15 16,1,71,,1150541,31,0,15 16,1,31,,1150559,31,0,15 16,1,70,,1150540,31,0,15 16,1,31,,1150567,31,0,15 16,1,73,,1150542,31,0,15 16,1,30,,1150527,31,0,15 16,1,70,,1150528,31,0,15 16,1,27,,1150544,31,0,15 16,1,70,,1150534,31,0,15 16,1,30,,1150560,31,0,15 16,1,70,,1150526,31,0,15 16,1,31,,1150536,31,0,15 16,1,70,,1150549,31,0,15 16,1,33,,1150520,31,0,15 16,1,70,,1150550,31,0,15 16,1,30,,1150561,31,0,15 16,1,70,,1150556,31,0,15 16,1,17,,1150551,31,0,15 16,1,15,,1150554,31,0,15 16,1,57,,1150548,31,0,15 16,1,14,,1150532,31,0,15 16,1,12,,1150530,31,0,15 16,1,16,,1150568,31,0,15 16,1,56,,1150523,31,0,15 16,1,15,,1150524,31,0,15 16,1,14,,1150562,31,0,15 16,1,16,,1150563,31,0,15 16,1,54,,1150553,31,0,15 16,1,15,,1150565,31,0,15 16,1,29,,1150538,31,0,15 16,1,70,,1150555,31,0,15 16,1,29,,1150537,31,0,15 16,1,65,,1150539,31,0,15 16,1,30,,1150521,31,0,15 16,1,70,,1150545,31,0,15 16,1,28,,1150566,31,0,15 16,1,69,,1150529,31,0,15 16,1,27,,1150564,31,0,15 16,1,69,,1150543,31,0,15 16,1,33,,1150558,31,0,15 16,1,74,,1150547,31,0,15 16,1
5700,'16',637,,1150592,31,0,15 16,1,71,,1150608,31,0,15 16,1,31,,1077987,31,0,15 16,1,70,,1150601,31,0,15 16,1,31,,1150576,31,0,15 16,1,73,,1150589,31,0,15 16,1,30,,1150578,31,0,15 16,1,70,,1150607,31,0,15 16,1,27,,1150574,31,0,15 16,1,70,,1150606,31,0,15 16,1,30,,1063173,31,0,15 16,1,70,,1093436,31,0,15 16,1,31,,1150587,31,0,15 16,1,70,,1150599,31,0,15 16,1,33,,1150573,31,0,15 16,1,70,,1150602,31,0,15 16,1,30,,1070346,31,0,15 16,1,70,,1150571,31,0,15 16,1,17,,1150597,31,0,15 16,1,15,,1041250,31,0,15 16,1,57,,1150586,31,0,15 16,1,14,,1150585,31,0,15 16,1,12,,1150611,31,0,15 16,1,16,,1150580,31,0,15 16,1,56,,1150579,31,0,15 16,1,15,,1150595,31,0,15 16,1,14,,1150588,31,0,15 16,1,16,,1150600,31,0,15 16,1,54,,1150603,31,0,15 16,1,15,,1150593,31,0,15 16,1,29,,1150582,31,0,15 16,1,70,,945325,31,0,15 16,1,29,,1150598,31,0,15 16,1,65,,1063167,31,0,15 16,1,30,,1150613,31,0,15 16,1,70,,1150581,31,0,15 16,1,28,,1150570,31,0,15 16,1,69,,1150572,31,0,15 16,1,27,,1150612,31,0,15 16,1,69,,1150583,31,0,15 16,1,33,,1150605,31,0,15 16,1,74,,1150584,31,0,15 16,1
5700,'17',926,,1150634,31,0,15 16,1,99,,1150630,31,0,15 16,1,101,,1150635,31,0,15 16,1,102,,1150614,31,0,15 16,1,100,,1150625,31,0,15 16,1,100,,1150616,31,0,15 16,1,100,,1150636,31,0,15 16,1,98,,1150624,31,0,15 16,1,100,,1150632,31,0,15 16,1,100,,1150620,31,0,15 16,1
5700,'2',824,,1150656,26,0,15 16,1,99,,1150650,31,0,15 16,1,100,,1150646,31,0,15 16,1,100,,1150641,31,0,15 16,1,102,,1150652,31,0,15 16,1,100,,1078503,31,0,15 16,1,100,,1074399,31,0,15 16,1,100,,1150645,31,0,15 16,1,98,,1083770,31,0,15 16,1,100,,1150654,31,0,15 16,1,100,,1150649,31,0,15 16,1,99,,1067823,31,0,15 16,1,100,,980561,31,0,15 16,1,100,,1150639,31,0,15 16,1,99,,1150648,31,0,15 16,1
5700,'3',926,,1150677,31,0,15 16,1,99,,1150673,31,0,15 16,1,101,,1150678,31,0,15 16,1,102,,1150657,31,0,15 16,1,100,,1150668,31,0,15 16,1,100,,1150659,31,0,15 16,1,100,,1150679,31,0,15 16,1,98,,1150667,31,0,15 16,1,100,,1150675,31,0,15 16,1,100,,1150663,31,0,15 16,1
5700,'4',926,,1150702,31,0,15 16,1,99,,1150700,31,0,15 16,1,101,,1150687,31,0,15 16,1,102,,1150703,31,0,15 16,1,100,,1074015,31,0,15 16,1,100,,1150694,31,0,15 16,1,100,,1150692,31,0,15 16,1,98,,1150696,31,0,15 16,1,100,,1075841,31,0,15 16,1,100,,1150698,31,0,15 16,1
5700,'5',637,,1150714,31,0,15 16,1,71,,1150710,31,0,15 16,1,31,,1150709,31,0,15 16,1,70,,1100943,31,0,15 16,1,31,,1150739,31,0,15 16,1,73,,1150708,31,0,15 16,1,30,,1150732,31,0,15 16,1,70,,1150706,31,0,15 16,1,27,,1096414,31,0,15 16,1,70,,1081021,31,0,15 16,1,30,,1150733,31,0,15 16,1,70,,1150717,31,0,15 16,1,31,,1150741,31,0,15 16,1,70,,1150721,31,0,15 16,1,33,,1046104,31,0,15 16,1,70,,1150718,31,0,15 16,1,30,,1150726,31,0,15 16,1,70,,1150743,31,0,15 16,1,17,,1150728,31,0,15 16,1,15,,1150734,31,0,15 16,1,57,,1150725,31,0,15 16,1,14,,1150724,31,0,15 16,1,12,,1150720,31,0,15 16,1,16,,1150738,31,0,15 16,1,56,,1150737,31,0,15 16,1,15,,1150736,31,0,15 16,1,14,,1099506,31,0,15 16,1,16,,1150740,31,0,15 16,1,54,,1150713,31,0,15 16,1,15,,1150722,31,0,15 16,1,29,,1150704,31,0,15 16,1,70,,1150745,31,0,15 16,1,29,,1150744,31,0,15 16,1,65,,1150746,31,0,15 16,1,30,,972955,31,0,15 16,1,70,,1150707,31,0,15 16,1,28,,1150715,31,0,15 16,1,69,,1150729,31,0,15 16,1,27,,1150723,31,0,15 16,1,69,,1150731,31,0,15 16,1,33,,1150735,31,0,15 16,1,74,,1150705,31,0,15 16,1
5700,'6',637,,1150772,31,0,15 16,1,71,,1003312,31,0,15 16,1,31,,1150775,31,0,15 16,1,70,,1150782,31,0,15 16,1,31,,1150755,31,0,15 16,1,73,,1150769,31,0,15 16,1,30,,1150757,31,0,15 16,1,70,,1087011,31,0,15 16,1,27,,1150753,31,0,15 16,1,70,,1150786,31,0,15 16,1,30,,1150787,31,0,15 16,1,70,,1150748,31,0,15 16,1,31,,1150766,31,0,15 16,1,70,,1150780,31,0,15 16,1,33,,1150752,31,0,15 16,1,70,,1150783,31,0,15 16,1,30,,1150789,31,0,15 16,1,70,,1081450,31,0,15 16,1,17,,1150778,31,0,15 16,1,15,,1150747,31,0,15 16,1,57,,1150765,31,0,15 16,1,14,,1150764,31,0,15 16,1,12,,1016505,31,0,15 16,1,16,,1150759,31,0,15 16,1,56,,1150758,31,0,15 16,1,15,,1150776,31,0,15 16,1,14,,1150768,31,0,15 16,1,16,,1150781,31,0,15 16,1,54,,1150784,31,0,15 16,1,15,,1150773,31,0,15 16,1,29,,1150761,31,0,15 16,1,70,,1150750,31,0,15 16,1,29,,1150779,31,0,15 16,1,65,,1150767,31,0,15 16,1,30,,1086899,31,0,15 16,1,70,,1150760,31,0,15 16,1,28,,1150749,31,0,15 16,1,69,,1150751,31,0,15 16,1,27,,1150788,31,0,15 16,1,69,,1150762,31,0,15 16,1,33,,1150785,31,0,15 16,1,74,,1150763,31,0,15 16,1
5700,'7',824,,1150798,26,0,15 16,1,99,,1150802,31,0,15 16,1,100,,1150793,31,0,15 16,1,100,,1150801,31,0,15 16,1,102,,1150791,31,0,15 16,1,100,,1150799,31,0,15 16,1,100,,1150812,31,0,15 16,1,100,,1150796,31,0,15 16,1,98,,1150797,31,0,15 16,1,100,,1150804,31,0,15 16,1,100,,1150792,31,0,15 16,1,99,,1150803,31,0,15 16,1,100,,1150809,31,0,15 16,1,100,,1150813,31,0,15 16,1,99,,1150810,31,0,15 16,1
5700,'8',637,,1150840,31,0,15 16,1,71,,1150858,31,0,15 16,1,31,,1150843,31,0,15 16,1,70,,1150850,31,0,15 16,1,31,,1150823,31,0,15 16,1,73,,1150837,31,0,15 16,1,30,,1150825,31,0,15 16,1,70,,1150856,31,0,15 16,1,27,,1150821,31,0,15 16,1,70,,1150855,31,0,15 16,1,30,,1150857,31,0,15 16,1,70,,1150815,31,0,15 16,1,31,,1150834,31,0,15 16,1,70,,1150848,31,0,15 16,1,33,,1150820,31,0,15 16,1,70,,1150851,31,0,15 16,1,30,,1150864,31,0,15 16,1,70,,1150818,31,0,15 16,1,17,,1150846,31,0,15 16,1,15,,1150814,31,0,15 16,1,57,,1150833,31,0,15 16,1,14,,1150832,31,0,15 16,1,12,,1150861,31,0,15 16,1,16,,1150827,31,0,15 16,1,56,,1150826,31,0,15 16,1,15,,1150844,31,0,15 16,1,14,,1150836,31,0,15 16,1,16,,1150849,31,0,15 16,1,54,,1150852,31,0,15 16,1,15,,1150841,31,0,15 16,1,29,,1150829,31,0,15 16,1,70,,1150817,31,0,15 16,1,29,,1150847,31,0,15 16,1,65,,1150835,31,0,15 16,1,30,,1150863,31,0,15 16,1,70,,1150828,31,0,15 16,1,28,,1150816,31,0,15 16,1,69,,1150819,31,0,15 16,1,27,,1150862,31,0,15 16,1,69,,1150830,31,0,15 16,1,33,,1150854,31,0,15 16,1,74,,1150831,31,0,15 16,1
5700,'9',637,,1150875,31,0,15 16,1,71,,1150871,31,0,15 16,1,31,,1150870,31,0,15 16,1,70,,1100852,31,0,15 16,1,31,,1150900,31,0,15 16,1,73,,1150869,31,0,15 16,1,30,,1150893,31,0,15 16,1,70,,1150867,31,0,15 16,1,27,,1096287,31,0,15 16,1,70,,1080929,31,0,15 16,1,30,,1150894,31,0,15 16,1,70,,1150878,31,0,15 16,1,31,,1150902,31,0,15 16,1,70,,1150882,31,0,15 16,1,33,,1046284,31,0,15 16,1,70,,1150879,31,0,15 16,1,30,,1150887,31,0,15 16,1,70,,1150904,31,0,15 16,1,17,,1150889,31,0,15 16,1,15,,1150895,31,0,15 16,1,57,,1150886,31,0,15 16,1,14,,1150885,31,0,15 16,1,12,,1150881,31,0,15 16,1,16,,1150899,31,0,15 16,1,56,,1150898,31,0,15 16,1,15,,1150897,31,0,15 16,1,14,,1099446,31,0,15 16,1,16,,1150901,31,0,15 16,1,54,,1150874,31,0,15 16,1,15,,1150883,31,0,15 16,1,29,,1150865,31,0,15 16,1,70,,1150906,31,0,15 16,1,29,,1150905,31,0,15 16,1,65,,1150907,31,0,15 16,1,30,,972887,31,0,15 16,1,70,,1150868,31,0,15 16,1,28,,1150876,31,0,15 16,1,69,,1150890,31,0,15 16,1,27,,1150884,31,0,15 16,1,69,,1150892,31,0,15 16,1,33,,1150896,31,0,15 16,1,74,,1150866,31,0,15 16,1
6801,'1',453,,1095222,13,,,1,70,,1159245,13,,,1,32,,1159280,13,,,1,73,,1159287,13,,,1,22,,1159268,13,,,1,56,,1021166,13,,,1,15,,1159264,13,,,1,19,,1159249,13,,,1,65,,1159296,13,,,1,17,,1159246,13,,,1,21,,1159257,13,,,1,60,,1159288,13,,,1,20,,1159293,13,,,1,15,,1159275,13,,,1,16,,1063602,13,,,1,54,,1159299,13,,,1,15,,1159281,13,,,1,15,,1159294,13,,,1,15,,1159290,13,,,1,55,,1159284,13,,,1,15,,1159269,13,,,1,17,,1159250,13,,,1,15,,1159297,13,,,1,55,,1159258,13,,,1,15,,1159260,13,,,1,16,,1071505,13,,,1,16,,1159283,13,,,1,55,,1100248,13,,,1,15,,1159253,13,,,1,15,,1159276,13,,,1,15,,1159292,13,,,1,57,,1159286,13,,,1,5,,1159272,7,0,59 60,1,10,,1067410,13,,,1,13,,1159256,13,,,1,17,,1159259,13,,,1,55,,1081056,13,,,1,13,,1159303,13,,,1,24,,1159278,13,0,59 60,1,52,,1159302,13,,,1,11,,1159298,13,0,59 60,1,12,,1159270,13,,,1,12,,1159304,13,0,59 60,1,12,,1159277,13,,,1,52,,1159300,13,0,59 60,1,12,,1159301,13,,,1,12,,1159255,13,0,59 60,1,9,,1159291,13,,,1,12,,1159305,13,0,59 60,1,53,,1101608,13,,,1,11,,1159306,13,0,59 60,1,12,,1159266,13,,,1,12,,1159248,13,,,1,12,,1159282,13,,,1,59,,1159279,13,,,1,19,,1159289,13,,,1,19,,1159285,13,,,1,60,,1086696,13,,,1,20,,1159261,13,,,1,20,,1070933,13,,,1,60,,1159295,13,,,1,20,,1159254,13,,,1,20,,1159262,13,,,1,59,,1159267,13,,,1,18,,1159263,13,,,1,20,,1159271,13,,,1,60,,1093432,13,,,1,19,,1159247,13,,,1,25,,1159273,13,,,1,65,,1159265,13,,,1,30,,1159274,13,,,1,71,,1159251,13,,,1,29,,1159252,13,,,1
6801,'10',453,,1094976,13,,,1,70,,1159307,13,,,1,32,,1159342,13,,,1,73,,1159349,13,,,1,22,,1159330,13,,,1,56,,1021335,13,,,1,15,,1159326,13,,,1,19,,1159311,13,,,1,65,,1159358,13,,,1,17,,1159308,13,,,1,21,,1159319,13,,,1,60,,1159350,13,,,1,20,,1159355,13,,,1,15,,1159337,13,,,1,16,,1063298,13,,,1,54,,1159361,13,,,1,15,,1159343,13,,,1,15,,1159356,13,,,1,15,,1159352,13,,,1,55,,1159346,13,,,1,15,,1159331,13,,,1,17,,1159312,13,,,1,15,,1159359,13,,,1,55,,1159320,13,,,1,15,,1159322,13,,,1,16,,1071469,13,,,1,16,,1159345,13,,,1,55,,1100122,13,,,1,15,,1159315,13,,,1,15,,1159338,13,,,1,15,,1159354,13,,,1,57,,1159348,13,,,1,5,,1159334,7,0,59 60,1,10,,1067118,13,,,1,13,,1159318,13,,,1,17,,1159321,13,,,1,55,,1080874,13,,,1,13,,1159365,13,,,1,24,,1159340,13,0,59 60,1,52,,1159364,13,,,1,11,,1159360,13,0,59 60,1,12,,1159332,13,,,1,12,,1159366,13,0,59 60,1,12,,1159339,13,,,1,52,,1159362,13,0,59 60,1,12,,1159363,13,,,1,12,,1159317,13,0,59 60,1,9,,1159353,13,,,1,12,,1159367,13,0,59 60,1,53,,1101516,13,,,1,11,,1159368,13,0,59 60,1,12,,1159328,13,,,1,12,,1159310,13,,,1,12,,1159344,13,,,1,59,,1159341,13,,,1,19,,1159351,13,,,1,19,,1159347,13,,,1,60,,1086526,13,,,1,20,,1159323,13,,,1,20,,1070719,13,,,1,60,,1159357,13,,,1,20,,1159316,13,,,1,20,,1159324,13,,,1,59,,1159329,13,,,1,18,,1159325,13,,,1,20,,1159333,13,,,1,60,,1093116,13,,,1,19,,1159309,13,,,1,25,,1159335,13,,,1,65,,1159327,13,,,1,30,,1159336,13,,,1,71,,1159313,13,,,1,29,,1159314,13,,,1
6801,'11',453,,1095296,13,,,1,70,,1159369,13,,,1,32,,1159404,13,,,1,73,,1159411,13,,,1,22,,1159392,13,,,1,56,,1021118,13,,,1,15,,1159388,13,,,1,19,,1159373,13,,,1,65,,1159420,13,,,1,17,,1159370,13,,,1,21,,1159381,13,,,1,60,,1159412,13,,,1,20,,1159417,13,,,1,15,,1159399,13,,,1,16,,1063694,13,,,1,54,,1159423,13,,,1,15,,1159405,13,,,1,15,,1159418,13,,,1,15,,1159414,13,,,1,55,,1159408,13,,,1,15,,1159393,13,,,1,17,,1159374,13,,,1,15,,1159421,13,,,1,55,,1159382,13,,,1,15,,1159384,13,,,1,16,,1071517,13,,,1,16,,1159407,13,,,1,55,,1100285,13,,,1,15,,1159377,13,,,1,15,,1159400,13,,,1,15,,1159416,13,,,1,57,,1159410,13,,,1,5,,1159396,7,0,59 60,1,10,,1067492,13,,,1,13,,1159380,13,,,1,17,,1159383,13,,,1,55,,1081110,13,,,1,13,,1159427,13,,,1,24,,1159402,13,0,59 60,1,52,,1159426,13,,,1,11,,1159422,13,0,59 60,1,12,,1159394,13,,,1,12,,1159428,13,0,59 60,1,12,,1159401,13,,,1,52,,1159424,13,0,59 60,1,12,,1159425,13,,,1,12,,1159379,13,0,59 60,1,9,,1159415,13,,,1,12,,1159429,13,0,59 60,1,53,,1101636,13,,,1,11,,1159430,13,0,59 60,1,12,,1159390,13,,,1,12,,1159372,13,,,1,12,,1159406,13,,,1,59,,1159403,13,,,1,19,,1159413,13,,,1,19,,1159409,13,,,1,60,,1086751,13,,,1,20,,1159385,13,,,1,20,,1070998,13,,,1,60,,1159419,13,,,1,20,,1159378,13,,,1,20,,1159386,13,,,1,59,,1159391,13,,,1,18,,1159387,13,,,1,20,,1159395,13,,,1,60,,1093523,13,,,1,19,,1159371,13,,,1,25,,1159397,13,,,1,65,,1159389,13,,,1,30,,1159398,13,,,1,71,,1159375,13,,,1,29,,1159376,13,,,1
6801,'12',453,,1064022,13,,,1,70,,1074899,13,,,1,32,,1159431,13,,,1,73,,1159482,13,,,1,22,,1159458,13,,,1,56,,1159456,13,,,1,15,,1159489,13,,,1,19,,1159450,13,,,1,65,,1159464,13,,,1,17,,1159442,13,,,1,21,,1159479,13,,,1,60,,1098848,13,,,1,20,,1159452,13,,,1,15,,1159461,13,,,1,16,,1159444,13,,,1,54,,1159474,13,,,1,15,,1159447,13,,,1,15,,1159449,13,,,1,15,,1159481,13,,,1,55,,1159443,13,,,1,15,,1159451,13,,,1,17,,1159438,13,,,1,15,,1159457,13,,,1,55,,1159448,13,,,1,15,,1087164,13,,,1,16,,1159468,13,,,1,16,,1159434,13,,,1,55,,1159466,13,,,1,15,,1159490,13,,,1,15,,1159439,13,,,1,15,,1159454,13,,,1,57,,1159484,13,,,1,5,,1159487,7,0,59 60,1,10,,1159436,13,,,1,13,,1159433,13,,,1,17,,1159477,13,,,1,55,,1159470,13,,,1,13,,1071220,13,,,1,24,,1159491,13,0,59 60,1,52,,1159472,13,,,1,11,,1006881,13,0,59 60,1,12,,1159485,13,,,1,12,,1159486,13,0,59 60,1,12,,1159446,13,,,1,52,,945148,13,0,59 60,1,12,,1014591,13,,,1,12,,1159476,13,0,59 60,1,9,,1092377,13,,,1,12,,1159488,13,0,59 60,1,53,,1159478,13,,,1,11,,1159462,13,0,59 60,1,12,,1159483,13,,,1,12,,1011785,13,,,1,12,,1159441,13,,,1,59,,1159463,13,,,1,19,,1159460,13,,,1,19,,1159475,13,,,1,60,,1159465,13,,,1,20,,1159480,13,,,1,20,,1159453,13,,,1,60,,1159471,13,,,1,20,,1159459,13,,,1,20,,1030951,13,,,1,59,,1159473,13,,,1,18,,1159455,13,,,1,20,,1159437,13,,,1,60,,1159440,13,,,1,19,,1159445,13,,,1,25,,1159469,13,,,1,65,,1159435,13,,,1,30,,1159432,13,,,1,71,,1159467,13,,,1,29,,938901,13,,,1
6801,'13',647,,1159508,13,,,1,70,,1085435,13,,,1,30,,1159518,13,,,1,71,,1159525,13,,,1,30,,1159521,13,,,1,70,,1159502,13,,,1,30,,1159528,13,,,1,70,,1159527,13,,,1,30,,1159498,13,,,1,70,,1159501,13,,,1,21,,1090414,13,,,1,20,,1159524,13,,,1,60,,1159493,13,,,1,20,,1077834,13,,,1,20,,1159516,13,,,1,60,,1159500,13,,,1,20,,1159520,13,,,1,20,,1159496,13,,,1,60,,1159522,13,,,1,20,,1159529,13,,,1,20,,1159504,13,,,1,60,,1159506,13,,,1,20,,1159511,13,,,1,20,,1159515,13,,,1,60,,1159495,13,,,1,20,,1159494,13,,,1,20,,1159507,13,,,1,60,,1159499,13,,,1,20,,1159517,13,,,1,67,,1159510,13,,,1,30,,1159509,13,,,1,70,,1159526,13,,,1,30,,1159492,13,,,1,70,,1159519,13,,,1,30,,1159514,13,,,1,70,,1159497,13,,,1,30,,1087925,13,,,1,70,,1159503,13,,,1,29,,1159523,13,,,1,70,,1159512,13,,,1,30,,1159513,13,,,1,70,,1159505,13,,,1
6801,'14',453,,1159595,13,,,1,70,,1159530,13,,,1,32,,1159571,13,,,1,73,,1159578,13,,,1,22,,1159559,13,,,1,56,,1159543,13,,,1,15,,1159555,13,,,1,19,,1159537,13,,,1,65,,1159587,13,,,1,17,,1159532,13,,,1,21,,1159548,13,,,1,60,,1159579,13,,,1,20,,1159584,13,,,1,15,,1159566,13,,,1,16,,1159533,13,,,1,54,,1159590,13,,,1,15,,1159572,13,,,1,15,,1159585,13,,,1,15,,1159581,13,,,1,55,,1159575,13,,,1,15,,1159560,13,,,1,17,,1159539,13,,,1,15,,1159588,13,,,1,55,,1159549,13,,,1,15,,1159551,13,,,1,16,,1159544,13,,,1,16,,1159574,13,,,1,55,,1159535,13,,,1,15,,1159542,13,,,1,15,,1159567,13,,,1,15,,1159583,13,,,1,57,,1159577,13,,,1,5,,1159563,7,0,59 60,1,10,,1159593,13,,,1,13,,1159547,13,,,1,17,,1159550,13,,,1,55,,1159601,13,,,1,13,,1159597,13,,,1,24,,1159569,13,0,59 60,1,52,,1159596,13,,,1,11,,1159589,13,0,59 60,1,12,,1159561,13,,,1,12,,1159598,13,0,59 60,1,12,,1159568,13,,,1,52,,1159591,13,0,59 60,1,12,,1159592,13,,,1,12,,1159546,13,0,59 60,1,9,,1159582,13,,,1,12,,1159599,13,0,59 60,1,53,,1159531,13,,,1,11,,1159600,13,0,59 60,1,12,,1159557,13,,,1,12,,1159536,13,,,1,12,,1159573,13,,,1,59,,1159570,13,,,1,19,,1159580,13,,,1,19,,1159576,13,,,1,60,,1159594,13,,,1,20,,1159552,13,,,1,20,,1159538,13,,,1,60,,1159586,13,,,1,20,,1159545,13,,,1,20,,1159553,13,,,1,59,,1159558,13,,,1,18,,1159554,13,,,1,20,,1159562,13,,,1,60,,1159602,13,,,1,19,,1159534,13,,,1,25,,1159564,13,,,1,65,,1159556,13,,,1,30,,1159565,13,,,1,71,,1159540,13,,,1,29,,1159541,13,,,1
6801,'15',453,,1159645,13,,,1,70,,1159604,13,,,1,32,,1159668,13,,,1,73,,1159652,13,,,1,22,,1159616,13,,,1,56,,1159650,13,,,1,15,,1159658,13,,,1,19,,1159673,13,,,1,65,,1159640,13,,,1,17,,1159624,13,,,1,21,,1159637,13,,,1,60,,1159605,13,,,1,20,,1159622,13,,,1,15,,1159655,13,,,1,16,,1159663,13,,,1,54,,1159618,13,,,1,15,,1159660,13,,,1,15,,1159607,13,,,1,15,,1159647,13,,,1,55,,1159625,13,,,1,15,,1159621,13,,,1,17,,1159666,13,,,1,15,,1159661,13,,,1,55,,1159629,13,,,1,15,,1159646,13,,,1,16,,1159611,13,,,1,16,,1159644,13,,,1,55,,1159631,13,,,1,15,,1159669,13,,,1,15,,1159608,13,,,1,15,,1159619,13,,,1,57,,1159649,13,,,1,5,,1159627,7,0,59 60,1,10,,1159632,13,,,1,13,,1159653,13,,,1,17,,1159664,13,,,1,55,,1159617,13,,,1,13,,1159636,13,,,1,24,,1159656,13,0,59 60,1,52,,1159612,13,,,1,11,,1159672,13,0,59 60,1,12,,1159657,13,,,1,12,,1159638,13,0,59 60,1,12,,1159633,13,,,1,52,,1159630,13,0,59 60,1,12,,1159670,13,,,1,12,,1159654,13,0,59 60,1,9,,1159667,13,,,1,12,,1159641,13,0,59 60,1,53,,1159648,13,,,1,11,,1159671,13,0,59 60,1,12,,1159659,13,,,1,12,,1159626,13,,,1,12,,1159613,13,,,1,59,,1159665,13,,,1,19,,1159639,13,,,1,19,,1159609,13,,,1,60,,1159623,13,,,1,20,,1159662,13,,,1,20,,1159628,13,,,1,60,,1159651,13,,,1,20,,1159615,13,,,1,20,,1159642,13,,,1,59,,1159635,13,,,1,18,,1159675,13,,,1,20,,1159643,13,,,1,60,,1159674,13,,,1,19,,1159620,13,,,1,25,,1159614,13,,,1,65,,1159606,13,,,1,30,,1159610,13,,,1,71,,1159603,13,,,1,29,,1159634,13,,,1
6801,'16',453,,1159719,13,,,1,70,,1159687,13,,,1,32,,1075027,13,,,1,73,,1159728,13,,,1,22,,1159705,13,,,1,56,,1159703,13,,,1,15,,1159735,13,,,1,19,,1159695,13,,,1,65,,1159711,13,,,1,17,,1091332,13,,,1,21,,1159725,13,,,1,60,,1159738,13,,,1,20,,1159698,13,,,1,15,,1159708,13,,,1,16,,1159689,13,,,1,54,,1091340,13,,,1,15,,1159692,13,,,1,15,,1159694,13,,,1,15,,1159727,13,,,1,55,,1073876,13,,,1,15,,1159697,13,,,1,17,,1159682,13,,,1,15,,1159704,13,,,1,55,,1159693,13,,,1,15,,1159736,13,,,1,16,,1159715,13,,,1,16,,1159679,13,,,1,55,,1159713,13,,,1,15,,1091656,13,,,1,15,,1088180,13,,,1,15,,1159700,13,,,1,57,,1159731,13,,,1,5,,1063176,7,0,59 60,1,10,,1065487,13,,,1,13,,1159678,13,,,1,17,,978188,13,,,1,55,,1159717,13,,,1,13,,1159729,13,,,1,24,,1052163,13,0,59 60,1,52,,1159720,13,,,1,11,,1159696,13,0,59 60,1,12,,1159732,13,,,1,12,,1159733,13,0,59 60,1,12,,1159691,13,,,1,52,,1159737,13,0,59 60,1,12,,1159688,13,,,1,12,,1159723,13,0,59 60,1,9,,1159686,13,,,1,12,,1159734,13,0,59 60,1,53,,1159724,13,,,1,11,,1159709,13,0,59 60,1,12,,1159730,13,,,1,12,,1159702,13,,,1,12,,1159685,13,,,1,59,,1159710,13,,,1,19,,1159707,13,,,1,19,,1159722,13,,,1,60,,1159712,13,,,1,20,,1159726,13,,,1,20,,1159699,13,,,1,60,,1159718,13,,,1,20,,1159706,13,,,1,20,,1159676,13,,,1,59,,1159721,13,,,1,18,,1159701,13,,,1,20,,1159681,13,,,1,60,,1159684,13,,,1,19,,1159690,13,,,1,25,,1159716,13,,,1,65,,1159680,13,,,1,30,,1159677,13,,,1,71,,1159714,13,,,1,29,,1159683,13,,,1
6801,'17',647,,1159758,13,,,1,70,,1159741,13,,,1,30,,1159768,13,,,1,71,,1159775,13,,,1,30,,1159771,13,,,1,70,,1159752,13,,,1,30,,1159779,13,,,1,70,,1159777,13,,,1,30,,1159748,13,,,1,70,,1159751,13,,,1,21,,1159778,13,,,1,20,,1159774,13,,,1,60,,1159742,13,,,1,20,,1159740,13,,,1,20,,1159766,13,,,1,60,,1159750,13,,,1,20,,1159770,13,,,1,20,,1159746,13,,,1,60,,1159772,13,,,1,20,,1159780,13,,,1,20,,1159754,13,,,1,60,,1159756,13,,,1,20,,1159761,13,,,1,20,,1159765,13,,,1,60,,1159745,13,,,1,20,,1159743,13,,,1,20,,1159757,13,,,1,60,,1159749,13,,,1,20,,1159767,13,,,1,67,,1159760,13,,,1,30,,1159759,13,,,1,70,,1159776,13,,,1,30,,1159739,13,,,1,70,,1159769,13,,,1,30,,1159764,13,,,1,70,,1159747,13,,,1,30,,1159744,13,,,1,70,,1159753,13,,,1,29,,1159773,13,,,1,70,,1159762,13,,,1,30,,1159763,13,,,1,70,,1159755,13,,,1
6801,'2',650,,1159792,13,,,1,70,,1159824,13,,,1,30,,1159820,13,,,1,71,,1159825,13,,,1,31,,1159815,13,,,1,70,,1159811,13,,,1,30,,1159800,13,,,1,70,,1159822,13,,,1,31,,1159814,13,,,1,71,,1159812,13,,,1,30,,1159810,13,,,1,55,,1159781,13,,,1,15,,1159802,13,,,1,15,,1159786,13,,,1,15,,1159799,13,,,1,55,,1159793,13,,,1,15,,1019764,13,,,1,15,,1159809,13,,,1,15,,1159805,13,,,1,55,,1159808,13,,,1,15,,1159794,13,,,1,15,,1159803,13,,,1,15,,1159804,13,,,1,55,,1067144,13,,,1,15,,1159813,13,,,1,15,,1159823,13,,,1,15,,1159796,13,,,1,55,,1159818,13,,,1,15,,1159783,13,,,1,15,,1159782,13,,,1,15,,1036726,13,,,1,55,,1159821,13,,,1,15,,1073325,13,,,1,15,,1159798,13,,,1,15,,1159787,13,,,1,55,,1159788,13,,,1,15,,1159785,13,,,1,15,,1159797,13,,,1,15,,1159817,13,,,1,70,,1159791,13,,,1,30,,1159806,13,,,1,70,,1076125,13,,,1,30,,1159789,13,,,1,70,,1159819,13,,,1,30,,1159807,13,,,1,69,,1159801,13,,,1,30,,1159816,13,,,1,70,,1159790,13,,,1,30,,1068747,13,,,1,70,,1159784,13,,,1,30,,1159795,13,,,1
6801,'3',647,,1159845,13,,,1,70,,1159828,13,,,1,30,,1159855,13,,,1,71,,1159862,13,,,1,30,,1159858,13,,,1,70,,1159839,13,,,1,30,,1159866,13,,,1,70,,1159864,13,,,1,30,,1159835,13,,,1,70,,1159838,13,,,1,21,,1159865,13,,,1,20,,1159861,13,,,1,60,,1159829,13,,,1,20,,1159827,13,,,1,20,,1159853,13,,,1,60,,1159837,13,,,1,20,,1159857,13,,,1,20,,1159833,13,,,1,60,,1159859,13,,,1,20,,1159867,13,,,1,20,,1159841,13,,,1,60,,1159843,13,,,1,20,,1159848,13,,,1,20,,1159852,13,,,1,60,,1159832,13,,,1,20,,1159830,13,,,1,20,,1159844,13,,,1,60,,1159836,13,,,1,20,,1159854,13,,,1,67,,1159847,13,,,1,30,,1159846,13,,,1,70,,1159863,13,,,1,30,,1159826,13,,,1,70,,1159856,13,,,1,30,,1159851,13,,,1,70,,1159834,13,,,1,30,,1159831,13,,,1,70,,1159840,13,,,1,29,,1159860,13,,,1,70,,1159849,13,,,1,30,,1159850,13,,,1,70,,1159842,13,,,1
6801,'4',647,,1060793,13,,,1,70,,1159876,13,,,1,30,,1088617,13,,,1,71,,1063969,13,,,1,30,,1159880,13,,,1,70,,1159897,13,,,1,30,,1159883,13,,,1,70,,1159882,13,,,1,30,,1159873,13,,,1,70,,1159879,13,,,1,21,,1159885,13,,,1,20,,1159881,13,,,1,60,,1159896,13,,,1,20,,1047805,13,,,1,20,,1159893,13,,,1,60,,1159878,13,,,1,20,,1159892,13,,,1,20,,1159877,13,,,1,60,,1159887,13,,,1,20,,1159870,13,,,1,20,,1159898,13,,,1,60,,1159884,13,,,1,20,,1159888,13,,,1,20,,1159868,13,,,1,60,,1159875,13,,,1,20,,1159872,13,,,1,20,,1057682,13,,,1,60,,1159900,13,,,1,20,,1159894,13,,,1,67,,1159902,13,,,1,30,,1159874,13,,,1,70,,1159899,13,,,1,30,,1159889,13,,,1,70,,1159890,13,,,1,30,,1159901,13,,,1,70,,1069759,13,,,1,30,,1159871,13,,,1,70,,1159869,13,,,1,29,,1159886,13,,,1,70,,1159895,13,,,1,30,,1159891,13,,,1,70,,1059060,13,,,1
6801,'5',453,,1095174,13,,,1,70,,1159903,13,,,1,32,,1159938,13,,,1,73,,1159945,13,,,1,22,,1159926,13,,,1,56,,1020882,13,,,1,15,,1159922,13,,,1,19,,1159907,13,,,1,65,,1159954,13,,,1,17,,1159904,13,,,1,21,,1159915,13,,,1,60,,1159946,13,,,1,20,,1159951,13,,,1,15,,1159933,13,,,1,16,,1063562,13,,,1,54,,1159957,13,,,1,15,,1159939,13,,,1,15,,1159952,13,,,1,15,,1159948,13,,,1,55,,1159942,13,,,1,15,,1159927,13,,,1,17,,1159908,13,,,1,15,,1159955,13,,,1,55,,1159916,13,,,1,15,,1159918,13,,,1,16,,1071493,13,,,1,16,,1159941,13,,,1,55,,1100228,13,,,1,15,,1159911,13,,,1,15,,1159934,13,,,1,15,,1159950,13,,,1,57,,1159944,13,,,1,5,,1159930,7,0,59 60,1,10,,1067368,13,,,1,13,,1159914,13,,,1,17,,1159917,13,,,1,55,,1081027,13,,,1,13,,1159961,13,,,1,24,,1159936,13,0,59 60,1,52,,1159960,13,,,1,11,,1159956,13,0,59 60,1,12,,1159928,13,,,1,12,,1159962,13,0,59 60,1,12,,1159935,13,,,1,52,,1159958,13,0,59 60,1,12,,1159959,13,,,1,12,,1159913,13,0,59 60,1,9,,1159949,13,,,1,12,,1159963,13,0,59 60,1,53,,1101591,13,,,1,11,,1159964,13,0,59 60,1,12,,1159924,13,,,1,12,,1159906,13,,,1,12,,1159940,13,,,1,59,,1159937,13,,,1,19,,1159947,13,,,1,19,,1159943,13,,,1,60,,1086670,13,,,1,20,,1159919,13,,,1,20,,1070894,13,,,1,60,,1159953,13,,,1,20,,1159912,13,,,1,20,,1159920,13,,,1,59,,1159925,13,,,1,18,,1159921,13,,,1,20,,1159929,13,,,1,60,,1093377,13,,,1,19,,1159905,13,,,1,25,,1159931,13,,,1,65,,1159923,13,,,1,30,,1159932,13,,,1,71,,1159909,13,,,1,29,,1159910,13,,,1
6801,'6',453,,1160006,13,,,1,70,,1159974,13,,,1,32,,1159965,13,,,1,73,,1160017,13,,,1,22,,1159992,13,,,1,56,,1159990,13,,,1,15,,1088983,13,,,1,19,,1159982,13,,,1,65,,1159998,13,,,1,17,,1159971,13,,,1,21,,1160014,13,,,1,60,,1160025,13,,,1,20,,1159985,13,,,1,15,,1159995,13,,,1,16,,1159976,13,,,1,54,,1160009,13,,,1,15,,1159979,13,,,1,15,,1159981,13,,,1,15,,1160016,13,,,1,55,,1159973,13,,,1,15,,1159984,13,,,1,17,,1038908,13,,,1,15,,1159991,13,,,1,55,,1159980,13,,,1,15,,1160023,13,,,1,16,,1160002,13,,,1,16,,1071751,13,,,1,55,,1160000,13,,,1,15,,1160026,13,,,1,15,,1159969,13,,,1,15,,1159987,13,,,1,57,,1160020,13,,,1,5,,1160022,7,0,59 60,1,10,,1159968,13,,,1,13,,1043190,13,,,1,17,,1160012,13,,,1,55,,1160004,13,,,1,13,,1160018,13,,,1,24,,1160027,13,0,59 60,1,52,,1160007,13,,,1,11,,1159983,13,0,59 60,1,12,,1160021,13,,,1,12,,998987,13,0,59 60,1,12,,1159978,13,,,1,52,,1160024,13,0,59 60,1,12,,1159975,13,,,1,12,,1160011,13,0,59 60,1,9,,1159972,13,,,1,12,,1068501,13,0,59 60,1,53,,1160013,13,,,1,11,,1159996,13,0,59 60,1,12,,1160019,13,,,1,12,,1159989,13,,,1,12,,1026125,13,,,1,59,,1159997,13,,,1,19,,1159994,13,,,1,19,,1160010,13,,,1,60,,1159999,13,,,1,20,,1160015,13,,,1,20,,1159986,13,,,1,60,,1160005,13,,,1,20,,1159993,13,,,1,20,,1159966,13,,,1,59,,1160008,13,,,1,18,,1159988,13,,,1,20,,1073682,13,,,1,60,,1101657,13,,,1,19,,1159977,13,,,1,25,,1160003,13,,,1,65,,988787,13,,,1,30,,1159967,13,,,1,71,,1160001,13,,,1,29,,1159970,13,,,1
6801,'7',650,,1160048,13,,,1,70,,1160044,13,,,1,30,,1160057,13,,,1,71,,1160046,13,,,1,31,,1160028,13,,,1,70,,1160069,13,,,1,30,,1160040,13,,,1,70,,1160042,13,,,1,31,,1160039,13,,,1,71,,1160060,13,,,1,30,,1160054,13,,,1,55,,1160050,13,,,1,15,,1160032,13,,,1,15,,1160062,13,,,1,15,,1160077,13,,,1,55,,1160053,13,,,1,15,,1160056,13,,,1,15,,1160068,13,,,1,15,,1160038,13,,,1,55,,1160078,13,,,1,15,,1160058,13,,,1,15,,1160041,13,,,1,15,,1160067,13,,,1,55,,1160035,13,,,1,15,,1160037,13,,,1,15,,1160073,13,,,1,15,,1160031,13,,,1,55,,1160047,13,,,1,15,,1160034,13,,,1,15,,1160071,13,,,1,15,,1160049,13,,,1,55,,1160064,13,,,1,15,,1160075,13,,,1,15,,1160076,13,,,1,15,,1160059,13,,,1,55,,1160065,13,,,1,15,,1160029,13,,,1,15,,1160036,13,,,1,15,,1160070,13,,,1,70,,1160072,13,,,1,30,,1160066,13,,,1,70,,1160061,13,,,1,30,,1160055,13,,,1,70,,1160030,13,,,1,30,,1160074,13,,,1,69,,1160051,13,,,1,30,,1160063,13,,,1,70,,1160052,13,,,1,30,,1160033,13,,,1,70,,1160043,13,,,1,30,,1160045,13,,,1
6801,'8',453,,1160127,13,,,1,70,,1160095,13,,,1,32,,1160079,13,,,1,73,,1160138,13,,,1,22,,1160113,13,,,1,56,,1160111,13,,,1,15,,1160146,13,,,1,19,,1160103,13,,,1,65,,1160119,13,,,1,17,,1160092,13,,,1,21,,1160135,13,,,1,60,,1160149,13,,,1,20,,1160106,13,,,1,15,,1160116,13,,,1,16,,1160097,13,,,1,54,,1160130,13,,,1,15,,1160100,13,,,1,15,,1160102,13,,,1,15,,1160137,13,,,1,55,,1160094,13,,,1,15,,1160105,13,,,1,17,,1160087,13,,,1,15,,1160112,13,,,1,55,,1160101,13,,,1,15,,1160147,13,,,1,16,,1160123,13,,,1,16,,1160083,13,,,1,55,,1160121,13,,,1,15,,1160150,13,,,1,15,,1160088,13,,,1,15,,1160108,13,,,1,57,,1160141,13,,,1,5,,1160144,7,0,59 60,1,10,,1160085,13,,,1,13,,1160082,13,,,1,17,,1160133,13,,,1,55,,1160125,13,,,1,13,,1160139,13,,,1,24,,1160151,13,0,59 60,1,52,,1160128,13,,,1,11,,1160104,13,0,59 60,1,12,,1160142,13,,,1,12,,1160143,13,0,59 60,1,12,,1160099,13,,,1,52,,1160148,13,0,59 60,1,12,,1160096,13,,,1,12,,1160132,13,0,59 60,1,9,,1160093,13,,,1,12,,1160145,13,0,59 60,1,53,,1160134,13,,,1,11,,1160117,13,0,59 60,1,12,,1160140,13,,,1,12,,1160110,13,,,1,12,,1160091,13,,,1,59,,1160118,13,,,1,19,,1160115,13,,,1,19,,1160131,13,,,1,60,,1160120,13,,,1,20,,1160136,13,,,1,20,,1160107,13,,,1,60,,1160126,13,,,1,20,,1160114,13,,,1,20,,1160080,13,,,1,59,,1160129,13,,,1,18,,1160109,13,,,1,20,,1160086,13,,,1,60,,1160090,13,,,1,19,,1160098,13,,,1,25,,1160124,13,,,1,65,,1160084,13,,,1,30,,1160081,13,,,1,71,,1160122,13,,,1,29,,1160089,13,,,1
6801,'9',453,,1095050,13,,,1,70,,1160152,13,,,1,32,,1160187,13,,,1,73,,1160194,13,,,1,22,,1160175,13,,,1,56,,1021214,13,,,1,15,,1160171,13,,,1,19,,1160156,13,,,1,65,,1160203,13,,,1,17,,1160153,13,,,1,21,,1160164,13,,,1,60,,1160195,13,,,1,20,,1160200,13,,,1,15,,1160182,13,,,1,16,,1063391,13,,,1,54,,1160206,13,,,1,15,,1160188,13,,,1,15,,1160201,13,,,1,15,,1160197,13,,,1,55,,1160191,13,,,1,15,,1160176,13,,,1,17,,1160157,13,,,1,15,,1160204,13,,,1,55,,1160165,13,,,1,15,,1160167,13,,,1,16,,1071481,13,,,1,16,,1160190,13,,,1,55,,1100160,13,,,1,15,,1160160,13,,,1,15,,1160183,13,,,1,15,,1160199,13,,,1,57,,1160193,13,,,1,5,,1160179,7,0,59 60,1,10,,1067210,13,,,1,13,,1160163,13,,,1,17,,1160166,13,,,1,55,,1080935,13,,,1,13,,1160210,13,,,1,24,,1160185,13,0,59 60,1,52,,1160209,13,,,1,11,,1160205,13,0,59 60,1,12,,1160177,13,,,1,12,,1160211,13,0,59 60,1,12,,1160184,13,,,1,52,,1160207,13,0,59 60,1,12,,1160208,13,,,1,12,,1160162,13,0,59 60,1,9,,1160198,13,,,1,12,,1160212,13,0,59 60,1,53,,1101543,13,,,1,11,,1160213,13,0,59 60,1,12,,1160173,13,,,1,12,,1160155,13,,,1,12,,1160189,13,,,1,59,,1160186,13,,,1,19,,1160196,13,,,1,19,,1160192,13,,,1,60,,1086582,13,,,1,20,,1160168,13,,,1,20,,1070786,13,,,1,60,,1160202,13,,,1,20,,1160161,13,,,1,20,,1160169,13,,,1,59,,1160174,13,,,1,18,,1160170,13,,,1,20,,1160178,13,,,1,60,,1093221,13,,,1,19,,1160154,13,,,1,25,,1160180,13,,,1,65,,1160172,13,,,1,30,,1160181,13,,,1,71,,1160158,13,,,1,29,,1160159,13,,,1
8801,'1',449,,1175943,42,0,76,1,70,,891210,42,0,76,1,31,,1049769,42,0,76,1,72,,1175957,42,0,76,1,18,,1175981,42,0,76,1,14,,1175991,42,0,76,1,57,,1175985,43,0,76,1,10,,1175970,43,0,76,1,12,,1175999,43,0,76,1,12,,1175946,43,0,76,1,8,,1175976,43,0,76,1,50,,1175996,43,0,76,1,14,,1175964,43,0,76,1,7,,1175961,43,0,76,1,12,,1175956,43,0,76,1,12,,1175983,43,0,76,1,56,,1175990,43,0,76,1,27,,1175947,43,0,76,1,28,,1175952,43,0,76,1,69,,1175955,43,0,76,1,30,,1069344,43,0,76,1,70,,1175980,43,0,76,1,30,,1095237,43,0,76,1,70,,1175982,43,0,76,1,31,,1175969,43,0,76,1,72,,1176010,43,0,76,1,71,,1175965,43,0,76,1,17,,1175944,7,0,76,1,15,,1175992,43,0,76,1,68,,1175989,43,0,76,1,8,,1175984,43,0,76,1,10,,1176001,43,0,76,1,13,,1097484,43,0,76,1,10,,1175942,43,0,76,1,11,,1176006,43,0,76,1,60,,1175994,43,0,76,1,15,,1175978,43,0,76,1,7,,1175986,43,0,76,1,10,,1175941,43,0,76,1,10,,1176011,43,0,76,1,50,,1176002,43,0,76,1,10,,1175972,43,0,76,1,10,,1176003,43,0,76,1,8,,1175993,43,0,76,1,10,,1175988,43,0,76,1,13,,1176005,43,0,76,1,53,,1176009,43,0,76,1,14,,1175971,43,0,76,1,13,,1175962,43,0,76,1,14,,1175963,43,0,76,1,54,,1175997,43,0,76,1,15,,1175974,43,0,76,1,14,,1067628,43,0,76,1,19,,1175979,43,0,76,1,59,,1175945,43,0,76,1,21,,1175973,43,0,76,1,19,,1175995,43,0,76,1,59,,1175958,43,0,76,1,18,,1176000,43,0,76,1,22,,1175966,43,0,76,1,60,,1175953,43,0,76,1,20,,1176004,43,0,76,1,20,,1175950,43,0,76,1,56,,1060640,42,0,76,1,28,,1176007,42,0,76,1,69,,1175951,42,0,76,1,29,,1032821,42,0,76,1,70,,1175967,42,0,76,1,30,,1175948,42,0,76,1
8801,'10',449,,1176014,42,0,76,1,70,,891258,42,0,76,1,31,,1049883,42,0,76,1,72,,1176028,42,0,76,1,18,,1176052,42,0,76,1,14,,1176062,42,0,76,1,57,,1176056,43,0,76,1,10,,1176041,43,0,76,1,12,,1176070,43,0,76,1,12,,1176017,43,0,76,1,8,,1176047,43,0,76,1,50,,1176067,43,0,76,1,14,,1176035,43,0,76,1,7,,1176032,43,0,76,1,12,,1176027,43,0,76,1,12,,1176054,43,0,76,1,56,,1176061,43,0,76,1,27,,1176018,43,0,76,1,28,,1176023,43,0,76,1,69,,1176026,43,0,76,1,30,,1069187,43,0,76,1,70,,1176051,43,0,76,1,30,,1094991,43,0,76,1,70,,1176053,43,0,76,1,31,,1176040,43,0,76,1,72,,1176081,43,0,76,1,71,,1176036,43,0,76,1,17,,1176015,7,0,76,1,15,,1176063,43,0,76,1,68,,1176060,43,0,76,1,8,,1176055,43,0,76,1,10,,1176072,43,0,76,1,13,,1097247,43,0,76,1,10,,1176013,43,0,76,1,11,,1176077,43,0,76,1,60,,1176065,43,0,76,1,15,,1176049,43,0,76,1,7,,1176057,43,0,76,1,10,,1176012,43,0,76,1,10,,1176082,43,0,76,1,50,,1176073,43,0,76,1,10,,1176043,43,0,76,1,10,,1176074,43,0,76,1,8,,1176064,43,0,76,1,10,,1176059,43,0,76,1,13,,1176076,43,0,76,1,53,,1176080,43,0,76,1,14,,1176042,43,0,76,1,13,,1176033,43,0,76,1,14,,1176034,43,0,76,1,54,,1176068,43,0,76,1,15,,1176045,43,0,76,1,14,,1067559,43,0,76,1,19,,1176050,43,0,76,1,59,,1176016,43,0,76,1,21,,1176044,43,0,76,1,19,,1176066,43,0,76,1,59,,1176029,43,0,76,1,18,,1176071,43,0,76,1,22,,1176037,43,0,76,1,60,,1176024,43,0,76,1,20,,1176075,43,0,76,1,20,,1176021,43,0,76,1,56,,1060650,42,0,76,1,28,,1176078,42,0,76,1,69,,1176022,42,0,76,1,29,,1032998,42,0,76,1,70,,1176038,42,0,76,1,30,,1176019,42,0,76,1
8801,'11',449,,1176085,42,0,76,1,70,,891114,42,0,76,1,31,,1049736,42,0,76,1,72,,1176099,42,0,76,1,18,,1176123,42,0,76,1,14,,1176133,42,0,76,1,57,,1176127,43,0,76,1,10,,1176112,43,0,76,1,12,,1176141,43,0,76,1,12,,1176088,43,0,76,1,8,,1176118,43,0,76,1,50,,1176138,43,0,76,1,14,,1176106,43,0,76,1,7,,1176103,43,0,76,1,12,,1176098,43,0,76,1,12,,1176125,43,0,76,1,56,,1176132,43,0,76,1,27,,1176089,43,0,76,1,28,,1176094,43,0,76,1,69,,1176097,43,0,76,1,30,,1069383,43,0,76,1,70,,1176122,43,0,76,1,30,,1095311,43,0,76,1,70,,1176124,43,0,76,1,31,,1176111,43,0,76,1,72,,1176152,43,0,76,1,71,,1176107,43,0,76,1,17,,1176086,7,0,76,1,15,,1176134,43,0,76,1,68,,1176131,43,0,76,1,8,,1176126,43,0,76,1,10,,1176143,43,0,76,1,13,,1097553,43,0,76,1,10,,1176084,43,0,76,1,11,,1176148,43,0,76,1,60,,1176136,43,0,76,1,15,,1176120,43,0,76,1,7,,1176128,43,0,76,1,10,,1176083,43,0,76,1,10,,1176153,43,0,76,1,50,,1176144,43,0,76,1,10,,1176114,43,0,76,1,10,,1176145,43,0,76,1,8,,1176135,43,0,76,1,10,,1176130,43,0,76,1,13,,1176147,43,0,76,1,53,,1176151,43,0,76,1,14,,1176113,43,0,76,1,13,,1176104,43,0,76,1,14,,1176105,43,0,76,1,54,,1176139,43,0,76,1,15,,1176116,43,0,76,1,14,,1067651,43,0,76,1,19,,1176121,43,0,76,1,59,,1176087,43,0,76,1,21,,1176115,43,0,76,1,19,,1176137,43,0,76,1,59,,1176100,43,0,76,1,18,,1176142,43,0,76,1,22,,1176108,43,0,76,1,60,,1176095,43,0,76,1,20,,1176146,43,0,76,1,20,,1176092,43,0,76,1,56,,1060637,42,0,76,1,28,,1176149,42,0,76,1,69,,1176093,42,0,76,1,29,,1032769,42,0,76,1,70,,1176109,42,0,76,1,30,,1176090,42,0,76,1
8801,'12',449,,1176178,42,0,76,1,70,,1176170,42,0,76,1,31,,1176172,42,0,76,1,72,,1176202,42,0,76,1,18,,1176196,42,0,76,1,14,,930563,42,0,76,1,57,,1069534,43,0,76,1,10,,1176156,43,0,76,1,12,,1176176,43,0,76,1,12,,1176217,43,0,76,1,8,,1176165,43,0,76,1,50,,1084685,43,0,76,1,14,,1176193,43,0,76,1,7,,1176194,43,0,76,1,12,,1176158,43,0,76,1,12,,1100937,43,0,76,1,56,,1176171,43,0,76,1,27,,1176219,43,0,76,1,28,,1176159,43,0,76,1,69,,1176192,43,0,76,1,30,,1020762,43,0,76,1,70,,1176221,43,0,76,1,30,,1176154,43,0,76,1,70,,1176169,43,0,76,1,31,,1176179,43,0,76,1,72,,1176209,43,0,76,1,71,,1079071,43,0,76,1,17,,1176225,7,0,76,1,15,,1176210,43,0,76,1,68,,1176206,43,0,76,1,8,,1176203,43,0,76,1,10,,1176184,43,0,76,1,13,,1176191,43,0,76,1,10,,1176215,43,0,76,1,11,,1058639,43,0,76,1,60,,1176186,43,0,76,1,15,,1176223,43,0,76,1,7,,1176160,43,0,76,1,10,,1176207,43,0,76,1,10,,1176173,43,0,76,1,50,,1176214,43,0,76,1,10,,1176167,43,0,76,1,10,,1176222,43,0,76,1,8,,1176190,43,0,76,1,10,,1176216,43,0,76,1,13,,1176200,43,0,76,1,53,,1176211,43,0,76,1,14,,1176220,43,0,76,1,13,,1176189,43,0,76,1,14,,1176174,43,0,76,1,54,,1176195,43,0,76,1,15,,1176177,43,0,76,1,14,,1176168,43,0,76,1,19,,1176224,43,0,76,1,59,,1176163,43,0,76,1,21,,1176180,43,0,76,1,19,,1176213,43,0,76,1,59,,1176197,43,0,76,1,18,,1176162,43,0,76,1,22,,1176155,43,0,76,1,60,,1176205,43,0,76,1,20,,1176183,43,0,76,1,20,,1090203,43,0,76,1,56,,1176185,42,0,76,1,28,,1176157,42,0,76,1,69,,1176212,42,0,76,1,29,,1176161,42,0,76,1,70,,1176201,42,0,76,1,30,,1176181,42,0,76,1
8801,'13',643,,1176245,42,0,76,1,70,,1176257,42,0,76,1,30,,1176242,42,0,76,1,70,,1176248,42,0,76,1,32,,1176228,42,0,76,1,70,,1176227,42,0,76,1,30,,1176263,42,0,76,1,70,,1176255,42,0,76,1,32,,1176229,42,0,76,1,70,,1176251,42,0,76,1,22,,1176238,42,0,76,1,20,,1176252,42,0,76,1,60,,1100506,42,0,76,1,20,,1176241,42,0,76,1,20,,1176235,42,0,76,1,60,,1176265,42,0,76,1,20,,1176226,42,0,76,1,20,,1099784,42,0,76,1,60,,1176259,42,0,76,1,20,,1176247,42,0,76,1,20,,1176234,42,0,76,1,60,,1176244,42,0,76,1,20,,1176232,42,0,76,1,20,,1176231,42,0,76,1,60,,1176240,42,0,76,1,20,,1176249,42,0,76,1,20,,1176250,42,0,76,1,60,,1176243,42,0,76,1,20,,1176262,42,0,76,1,66,,1176233,42,0,76,1,30,,1176230,42,0,76,1,70,,1176253,42,0,76,1,30,,1176256,42,0,76,1,70,,1176261,42,0,76,1,30,,1176236,42,0,76,1,68,,1176258,42,0,76,1,30,,1176254,42,0,76,1,70,,1176237,42,0,76,1,30,,1176264,42,0,76,1,69,,1176246,42,0,76,1,30,,1176239,42,0,76,1,98,,1176260,42,0,76,1
8801,'14',449,,1176269,42,0,76,1,70,,1176339,42,0,76,1,31,,1176267,42,0,76,1,72,,1176286,42,0,76,1,18,,1176313,42,0,76,1,14,,1176323,42,0,76,1,57,,1176317,43,0,76,1,10,,1176300,43,0,76,1,12,,1176332,43,0,76,1,12,,1176274,43,0,76,1,8,,1176307,43,0,76,1,50,,1176329,43,0,76,1,14,,1176294,43,0,76,1,7,,1176291,43,0,76,1,12,,1176285,43,0,76,1,12,,1176315,43,0,76,1,56,,1176322,43,0,76,1,27,,1176275,43,0,76,1,28,,1176281,43,0,76,1,69,,1176284,43,0,76,1,30,,1176270,43,0,76,1,70,,1176311,43,0,76,1,30,,1176347,43,0,76,1,70,,1176314,43,0,76,1,31,,1176299,43,0,76,1,72,,1176344,43,0,76,1,71,,1176295,43,0,76,1,17,,1176271,7,0,76,1,15,,1176324,43,0,76,1,68,,1176321,43,0,76,1,8,,1176316,43,0,76,1,10,,1176334,43,0,76,1,13,,1176346,43,0,76,1,10,,1176268,43,0,76,1,11,,1176340,43,0,76,1,60,,1176326,43,0,76,1,15,,1176309,43,0,76,1,7,,1176318,43,0,76,1,10,,1176266,43,0,76,1,10,,1176345,43,0,76,1,50,,1176335,43,0,76,1,10,,1176302,43,0,76,1,10,,1176336,43,0,76,1,8,,1176325,43,0,76,1,10,,1176320,43,0,76,1,13,,1176338,43,0,76,1,53,,1176343,43,0,76,1,14,,1176301,43,0,76,1,13,,1176292,43,0,76,1,14,,1176293,43,0,76,1,54,,1176330,43,0,76,1,15,,1176305,43,0,76,1,14,,1176304,43,0,76,1,19,,1176310,43,0,76,1,59,,1176272,43,0,76,1,21,,1176303,43,0,76,1,19,,1176328,43,0,76,1,59,,1176288,43,0,76,1,18,,1176333,43,0,76,1,22,,1176296,43,0,76,1,60,,1176282,43,0,76,1,20,,1176337,43,0,76,1,20,,1176279,43,0,76,1,56,,1176278,42,0,76,1,28,,1176341,42,0,76,1,69,,1176280,42,0,76,1,29,,1176287,42,0,76,1,70,,1176297,42,0,76,1,30,,1176276,42,0,76,1
8801,'15',449,,1176402,42,0,76,1,70,,1176376,42,0,76,1,31,,1176351,42,0,76,1,72,,1176360,42,0,76,1,18,,1176407,42,0,76,1,14,,1176350,42,0,76,1,57,,1176417,43,0,76,1,10,,1176370,43,0,76,1,12,,1176410,43,0,76,1,12,,1176352,43,0,76,1,8,,1176368,43,0,76,1,50,,1176415,43,0,76,1,14,,1176386,43,0,76,1,7,,1176424,43,0,76,1,12,,1176389,43,0,76,1,12,,1176427,43,0,76,1,56,,1176374,43,0,76,1,27,,1176356,43,0,76,1,28,,1176401,43,0,76,1,69,,1176372,43,0,76,1,30,,1176398,43,0,76,1,70,,1176371,43,0,76,1,30,,1176406,43,0,76,1,70,,1176414,43,0,76,1,31,,1176409,43,0,76,1,72,,1176413,43,0,76,1,71,,1176397,43,0,76,1,17,,1176359,7,0,76,1,15,,1176388,43,0,76,1,68,,1176375,43,0,76,1,8,,1176421,43,0,76,1,10,,1176361,43,0,76,1,13,,1176387,43,0,76,1,10,,1176363,43,0,76,1,11,,1176378,43,0,76,1,60,,1176399,43,0,76,1,15,,1176392,43,0,76,1,7,,1176367,43,0,76,1,10,,1176390,43,0,76,1,10,,1176358,43,0,76,1,50,,1176364,43,0,76,1,10,,1176354,43,0,76,1,10,,1176381,43,0,76,1,8,,1176429,43,0,76,1,10,,1176373,43,0,76,1,13,,1176428,43,0,76,1,53,,1176396,43,0,76,1,14,,1176419,43,0,76,1,13,,1176425,43,0,76,1,14,,1176403,43,0,76,1,54,,1176353,43,0,76,1,15,,1176379,43,0,76,1,14,,1176395,43,0,76,1,19,,1176423,43,0,76,1,59,,1176349,43,0,76,1,21,,1176369,43,0,76,1,19,,1176405,43,0,76,1,59,,1176365,43,0,76,1,18,,1176416,43,0,76,1,22,,1176400,43,0,76,1,60,,1176366,43,0,76,1,20,,1176420,43,0,76,1,20,,1176408,43,0,76,1,56,,1176362,42,0,76,1,28,,1176383,42,0,76,1,69,,1176380,42,0,76,1,29,,1176391,42,0,76,1,70,,1176412,42,0,76,1,30,,1176382,42,0,76,1
8801,'16',449,,1176456,42,0,76,1,70,,1176448,42,0,76,1,31,,1176450,42,0,76,1,72,,1176479,42,0,76,1,18,,1176473,42,0,76,1,14,,1176494,42,0,76,1,57,,1176432,43,0,76,1,10,,1176433,43,0,76,1,12,,1176454,43,0,76,1,12,,1064719,43,0,76,1,8,,1176443,43,0,76,1,50,,1176438,43,0,76,1,14,,1176470,43,0,76,1,7,,1176471,43,0,76,1,12,,1176434,43,0,76,1,12,,1176495,43,0,76,1,56,,1176449,43,0,76,1,27,,1176497,43,0,76,1,28,,1176435,43,0,76,1,69,,1176469,43,0,76,1,30,,1176440,43,0,76,1,70,,1176499,43,0,76,1,30,,1176430,43,0,76,1,70,,1176447,43,0,76,1,31,,1176457,43,0,76,1,72,,1176486,43,0,76,1,71,,1176498,43,0,76,1,17,,1176504,7,0,76,1,15,,1176487,43,0,76,1,68,,1176483,43,0,76,1,8,,1176480,43,0,76,1,10,,1176462,43,0,76,1,13,,1092929,43,0,76,1,10,,1176492,43,0,76,1,11,,1176501,43,0,76,1,60,,1176464,43,0,76,1,15,,1176502,43,0,76,1,7,,1176436,43,0,76,1,10,,1176484,43,0,76,1,10,,1176451,43,0,76,1,50,,1176491,43,0,76,1,10,,1176445,43,0,76,1,10,,1176500,43,0,76,1,8,,1176468,43,0,76,1,10,,1066996,43,0,76,1,13,,1176477,43,0,76,1,53,,1176488,43,0,76,1,14,,1026037,43,0,76,1,13,,1176467,43,0,76,1,14,,1176452,43,0,76,1,54,,1176472,43,0,76,1,15,,1176455,43,0,76,1,14,,1176446,43,0,76,1,19,,1176503,43,0,76,1,59,,1176439,43,0,76,1,21,,1176458,43,0,76,1,19,,1176490,43,0,76,1,59,,1176474,43,0,76,1,18,,1093442,43,0,76,1,22,,1088811,43,0,76,1,60,,1176482,43,0,76,1,20,,1176461,43,0,76,1,20,,1176493,43,0,76,1,56,,1176463,42,0,76,1,28,,924331,42,0,76,1,69,,1176489,42,0,76,1,29,,1176437,42,0,76,1,70,,1176478,42,0,76,1,30,,1176459,42,0,76,1
8801,'17',643,,1176526,42,0,76,1,70,,1176538,42,0,76,1,30,,1176523,42,0,76,1,70,,1176529,42,0,76,1,32,,1176508,42,0,76,1,70,,1176507,42,0,76,1,30,,1176544,42,0,76,1,70,,1176536,42,0,76,1,32,,1176510,42,0,76,1,70,,1176532,42,0,76,1,22,,1176519,42,0,76,1,20,,1176533,42,0,76,1,60,,1176505,42,0,76,1,20,,1176522,42,0,76,1,20,,1176516,42,0,76,1,60,,1176546,42,0,76,1,20,,1176506,42,0,76,1,20,,1176509,42,0,76,1,60,,1176540,42,0,76,1,20,,1176528,42,0,76,1,20,,1176515,42,0,76,1,60,,1176525,42,0,76,1,20,,1176513,42,0,76,1,20,,1176512,42,0,76,1,60,,1176521,42,0,76,1,20,,1176530,42,0,76,1,20,,1176531,42,0,76,1,60,,1176524,42,0,76,1,20,,1176543,42,0,76,1,66,,1176514,42,0,76,1,30,,1176511,42,0,76,1,70,,1176534,42,0,76,1,30,,1176537,42,0,76,1,70,,1176542,42,0,76,1,30,,1176517,42,0,76,1,68,,1176539,42,0,76,1,30,,1176535,42,0,76,1,70,,1176518,42,0,76,1,30,,1176545,42,0,76,1,69,,1176527,42,0,76,1,30,,1176520,42,0,76,1,98,,1176541,42,0,76,1
8801,'2',649,,1088412,42,0,76,1,70,,1176554,42,0,76,1,30,,1176599,42,0,76,1,70,,1176563,42,0,76,1,32,,1176572,42,0,76,1,70,,1176596,42,0,76,1,30,,1176598,42,0,76,1,70,,1176587,42,0,76,1,33,,893928,42,0,76,1,70,,1176600,42,0,76,1,30,,1176589,42,0,76,1,70,,1176553,42,0,76,1,30,,1176588,42,0,76,1,70,,1176556,42,0,76,1,30,,1065966,42,0,76,1,70,,1176592,42,0,76,1,30,,1176550,42,0,76,1,70,,1176584,42,0,76,1,30,,1176586,42,0,76,1,70,,1176561,42,0,76,1,30,,1176580,42,0,76,1,70,,1176593,42,0,76,1,30,,1176595,42,0,76,1,70,,1176566,42,0,76,1,30,,1176565,42,0,76,1,70,,1176547,42,0,76,1,30,,1176590,42,0,76,1,70,,1079707,42,0,76,1,29,,1176569,42,0,76,1,69,,1176564,42,0,76,1,30,,1176576,42,0,76,1,70,,1176577,42,0,76,1,29,,1176581,42,0,76,1,70,,1176594,42,0,76,1,30,,1176549,42,0,76,1,70,,1176601,42,0,76,1,30,,1176557,42,0,76,1
8801,'3',643,,1176623,42,0,76,1,70,,1176635,42,0,76,1,30,,1176620,42,0,76,1,70,,1176626,42,0,76,1,32,,1176605,42,0,76,1,70,,1176604,42,0,76,1,30,,1176641,42,0,76,1,70,,1176633,42,0,76,1,32,,1176607,42,0,76,1,70,,1176629,42,0,76,1,22,,1176616,42,0,76,1,20,,1176630,42,0,76,1,60,,1176602,42,0,76,1,20,,1176619,42,0,76,1,20,,1176613,42,0,76,1,60,,1176643,42,0,76,1,20,,1176603,42,0,76,1,20,,1176606,42,0,76,1,60,,1176637,42,0,76,1,20,,1176625,42,0,76,1,20,,1176612,42,0,76,1,60,,1176622,42,0,76,1,20,,1176610,42,0,76,1,20,,1176609,42,0,76,1,60,,1176618,42,0,76,1,20,,1176627,42,0,76,1,20,,1176628,42,0,76,1,60,,1176621,42,0,76,1,20,,1176640,42,0,76,1,66,,1176611,42,0,76,1,30,,1176608,42,0,76,1,70,,1176631,42,0,76,1,30,,1176634,42,0,76,1,70,,1176639,42,0,76,1,30,,1176614,42,0,76,1,68,,1176636,42,0,76,1,30,,1176632,42,0,76,1,70,,1176615,42,0,76,1,30,,1176642,42,0,76,1,69,,1176624,42,0,76,1,30,,1176617,42,0,76,1,98,,1176638,42,0,76,1
8801,'4',643,,1176668,42,0,76,1,70,,1176675,42,0,76,1,30,,1176665,42,0,76,1,70,,1176647,42,0,76,1,32,,1176670,42,0,76,1,70,,1078210,42,0,76,1,30,,1176672,42,0,76,1,70,,1176679,42,0,76,1,32,,1176646,42,0,76,1,70,,1176678,42,0,76,1,22,,1176658,42,0,76,1,20,,1176650,42,0,76,1,60,,1176649,42,0,76,1,20,,1176660,42,0,76,1,20,,1176659,42,0,76,1,60,,1176656,42,0,76,1,20,,1176657,42,0,76,1,20,,1176653,42,0,76,1,60,,1176664,42,0,76,1,20,,1176644,42,0,76,1,20,,1176652,42,0,76,1,60,,1176655,42,0,76,1,20,,1176673,42,0,76,1,20,,1176680,42,0,76,1,60,,1176667,42,0,76,1,20,,1176677,42,0,76,1,20,,1176681,42,0,76,1,60,,1071203,42,0,76,1,20,,1176666,42,0,76,1,66,,1176676,42,0,76,1,30,,1176669,42,0,76,1,70,,1176654,42,0,76,1,30,,1176651,42,0,76,1,70,,1176674,42,0,76,1,30,,1176645,42,0,76,1,68,,1176648,42,0,76,1,30,,1176662,42,0,76,1,70,,1176671,42,0,76,1,30,,1176661,42,0,76,1,69,,1176663,42,0,76,1,30,,1176682,42,0,76,1,98,,1032687,42,0,76,1
8801,'5',449,,1176685,42,0,76,1,70,,891408,42,0,76,1,31,,1049553,42,0,76,1,72,,1176699,42,0,76,1,18,,1176723,42,0,76,1,14,,1176733,42,0,76,1,57,,1176727,43,0,76,1,10,,1176712,43,0,76,1,12,,1176741,43,0,76,1,12,,1176688,43,0,76,1,8,,1176718,43,0,76,1,50,,1176738,43,0,76,1,14,,1176706,43,0,76,1,7,,1176703,43,0,76,1,12,,1176698,43,0,76,1,12,,1176725,43,0,76,1,56,,1176732,43,0,76,1,27,,1176689,43,0,76,1,28,,1176694,43,0,76,1,69,,1176697,43,0,76,1,30,,1069320,43,0,76,1,70,,1176722,43,0,76,1,30,,1095189,43,0,76,1,70,,1176724,43,0,76,1,31,,1176711,43,0,76,1,72,,1176752,43,0,76,1,71,,1176707,43,0,76,1,17,,1176686,7,0,76,1,15,,1176734,43,0,76,1,68,,1176731,43,0,76,1,8,,1176726,43,0,76,1,10,,1176743,43,0,76,1,13,,1097438,43,0,76,1,10,,1176684,43,0,76,1,11,,1176748,43,0,76,1,60,,1176736,43,0,76,1,15,,1176720,43,0,76,1,7,,1176728,43,0,76,1,10,,1176683,43,0,76,1,10,,1176753,43,0,76,1,50,,1176744,43,0,76,1,10,,1176714,43,0,76,1,10,,1176745,43,0,76,1,8,,1176735,43,0,76,1,10,,1176730,43,0,76,1,13,,1176747,43,0,76,1,53,,1176751,43,0,76,1,14,,1176713,43,0,76,1,13,,1176704,43,0,76,1,14,,1176705,43,0,76,1,54,,1176739,43,0,76,1,15,,1176716,43,0,76,1,14,,1067605,43,0,76,1,19,,1176721,43,0,76,1,59,,1176687,43,0,76,1,21,,1176715,43,0,76,1,19,,1176737,43,0,76,1,59,,1176700,43,0,76,1,18,,1176742,43,0,76,1,22,,1176708,43,0,76,1,60,,1176695,43,0,76,1,20,,1176746,43,0,76,1,20,,1176692,43,0,76,1,56,,1060630,42,0,76,1,28,,1176749,42,0,76,1,69,,1176693,42,0,76,1,29,,1032519,42,0,76,1,70,,1176709,42,0,76,1,30,,1176690,42,0,76,1
8801,'6',449,,1176779,42,0,76,1,70,,1176771,42,0,76,1,31,,1176773,42,0,76,1,72,,1176801,42,0,76,1,18,,1176797,42,0,76,1,14,,1176816,42,0,76,1,57,,1176756,43,0,76,1,10,,1176757,43,0,76,1,12,,1176777,43,0,76,1,12,,1176817,43,0,76,1,8,,1176766,43,0,76,1,50,,1176763,43,0,76,1,14,,1176794,43,0,76,1,7,,1176795,43,0,76,1,12,,1176759,43,0,76,1,12,,1176818,43,0,76,1,56,,1176772,43,0,76,1,27,,1176819,43,0,76,1,28,,1176760,43,0,76,1,69,,1176793,43,0,76,1,30,,1176764,43,0,76,1,70,,1034596,43,0,76,1,30,,1025192,43,0,76,1,70,,1176770,43,0,76,1,31,,1176780,43,0,76,1,72,,1005861,43,0,76,1,71,,1176821,43,0,76,1,17,,1030596,7,0,76,1,15,,1176808,43,0,76,1,68,,1176805,43,0,76,1,8,,1176802,43,0,76,1,10,,1176785,43,0,76,1,13,,1176792,43,0,76,1,10,,1176813,43,0,76,1,11,,1176822,43,0,76,1,60,,1176787,43,0,76,1,15,,1055032,43,0,76,1,7,,1068940,43,0,76,1,10,,1176806,43,0,76,1,10,,1176774,43,0,76,1,50,,1176812,43,0,76,1,10,,1176768,43,0,76,1,10,,1086779,43,0,76,1,8,,1176791,43,0,76,1,10,,1176814,43,0,76,1,13,,1076409,43,0,76,1,53,,1176809,43,0,76,1,14,,1176820,43,0,76,1,13,,1176790,43,0,76,1,14,,1176775,43,0,76,1,54,,1176796,43,0,76,1,15,,1176778,43,0,76,1,14,,1176769,43,0,76,1,19,,1176823,43,0,76,1,59,,1061847,43,0,76,1,21,,1176781,43,0,76,1,19,,1176811,43,0,76,1,59,,1176798,43,0,76,1,18,,1176762,43,0,76,1,22,,1176755,43,0,76,1,60,,1176804,43,0,76,1,20,,1176784,43,0,76,1,20,,1176815,43,0,76,1,56,,1176786,42,0,76,1,28,,1176758,42,0,76,1,69,,1176810,42,0,76,1,29,,1176761,42,0,76,1,70,,1038559,42,0,76,1,30,,1176782,42,0,76,1
8801,'7',649,,1176838,42,0,76,1,70,,1176876,42,0,76,1,30,,1176878,42,0,76,1,70,,1176869,42,0,76,1,32,,1176877,42,0,76,1,70,,1176842,42,0,76,1,30,,1176880,42,0,76,1,70,,1176858,42,0,76,1,33,,1176831,42,0,76,1,70,,1176854,42,0,76,1,30,,1176835,42,0,76,1,70,,1176845,42,0,76,1,30,,1176851,42,0,76,1,70,,1176843,42,0,76,1,30,,1176826,42,0,76,1,70,,1176839,42,0,76,1,30,,1176883,42,0,76,1,70,,1176833,42,0,76,1,30,,1176840,42,0,76,1,70,,1176861,42,0,76,1,30,,1176837,42,0,76,1,70,,1176874,42,0,76,1,30,,1176860,42,0,76,1,70,,1176847,42,0,76,1,30,,1176859,42,0,76,1,70,,1176870,42,0,76,1,30,,1176882,42,0,76,1,70,,1176844,42,0,76,1,29,,1176846,42,0,76,1,69,,1176853,42,0,76,1,30,,1176879,42,0,76,1,70,,1176865,42,0,76,1,29,,1176884,42,0,76,1,70,,1176868,42,0,76,1,30,,1176850,42,0,76,1,70,,1176871,42,0,76,1,30,,1176834,42,0,76,1
8801,'8',449,,1176914,42,0,76,1,70,,1176906,42,0,76,1,31,,1176908,42,0,76,1,72,,1176938,42,0,76,1,18,,1176932,42,0,76,1,14,,1176954,42,0,76,1,57,,1176888,43,0,76,1,10,,1176889,43,0,76,1,12,,1176912,43,0,76,1,12,,1176955,43,0,76,1,8,,1176901,43,0,76,1,50,,1176896,43,0,76,1,14,,1176929,43,0,76,1,7,,1176930,43,0,76,1,12,,1176891,43,0,76,1,12,,1176956,43,0,76,1,56,,1176907,43,0,76,1,27,,1176958,43,0,76,1,28,,1176892,43,0,76,1,69,,1176928,43,0,76,1,30,,1176898,43,0,76,1,70,,1176961,43,0,76,1,30,,1176885,43,0,76,1,70,,1176905,43,0,76,1,31,,1176915,43,0,76,1,72,,1176945,43,0,76,1,71,,1176960,43,0,76,1,17,,1176966,7,0,76,1,15,,1176946,43,0,76,1,68,,1176942,43,0,76,1,8,,1176939,43,0,76,1,10,,1176920,43,0,76,1,13,,1176927,43,0,76,1,10,,1176951,43,0,76,1,11,,1176963,43,0,76,1,60,,1176922,43,0,76,1,15,,1176964,43,0,76,1,7,,1176893,43,0,76,1,10,,1176943,43,0,76,1,10,,1176909,43,0,76,1,50,,1176950,43,0,76,1,10,,1176903,43,0,76,1,10,,1176962,43,0,76,1,8,,1176926,43,0,76,1,10,,1176952,43,0,76,1,13,,1176936,43,0,76,1,53,,1176947,43,0,76,1,14,,1176959,43,0,76,1,13,,1176925,43,0,76,1,14,,1176910,43,0,76,1,54,,1176931,43,0,76,1,15,,1176913,43,0,76,1,14,,1176904,43,0,76,1,19,,1176965,43,0,76,1,59,,1176897,43,0,76,1,21,,1176916,43,0,76,1,19,,1176949,43,0,76,1,59,,1176933,43,0,76,1,18,,1176895,43,0,76,1,22,,1176887,43,0,76,1,60,,1176941,43,0,76,1,20,,1176919,43,0,76,1,20,,1176953,43,0,76,1,56,,1176921,42,0,76,1,28,,1176890,42,0,76,1,69,,1176948,42,0,76,1,29,,1176894,42,0,76,1,70,,1176937,42,0,76,1,30,,1176917,42,0,76,1
8801,'9',449,,1176969,42,0,76,1,70,,891306,42,0,76,1,31,,1049802,42,0,76,1,72,,1176983,42,0,76,1,18,,1177007,42,0,76,1,14,,1177017,42,0,76,1,57,,1177011,43,0,76,1,10,,1176996,43,0,76,1,12,,1177025,43,0,76,1,12,,1176972,43,0,76,1,8,,1177002,43,0,76,1,50,,1177022,43,0,76,1,14,,1176990,43,0,76,1,7,,1176987,43,0,76,1,12,,1176982,43,0,76,1,12,,1177009,43,0,76,1,56,,1177016,43,0,76,1,27,,1176973,43,0,76,1,28,,1176978,43,0,76,1,69,,1176981,43,0,76,1,30,,1069235,43,0,76,1,70,,1177006,43,0,76,1,30,,1095065,43,0,76,1,70,,1177008,43,0,76,1,31,,1176995,43,0,76,1,72,,1177036,43,0,76,1,71,,1176991,43,0,76,1,17,,1176970,7,0,76,1,15,,1177018,43,0,76,1,68,,1177015,43,0,76,1,8,,1177010,43,0,76,1,10,,1177027,43,0,76,1,13,,1097322,43,0,76,1,10,,1176968,43,0,76,1,11,,1177032,43,0,76,1,60,,1177020,43,0,76,1,15,,1177004,43,0,76,1,7,,1177012,43,0,76,1,10,,1176967,43,0,76,1,10,,1177037,43,0,76,1,50,,1177028,43,0,76,1,10,,1176998,43,0,76,1,10,,1177029,43,0,76,1,8,,1177019,43,0,76,1,10,,1177014,43,0,76,1,13,,1177031,43,0,76,1,53,,1177035,43,0,76,1,14,,1176997,43,0,76,1,13,,1176988,43,0,76,1,14,,1176989,43,0,76,1,54,,1177023,43,0,76,1,15,,1177000,43,0,76,1,14,,1067582,43,0,76,1,19,,1177005,43,0,76,1,59,,1176971,43,0,76,1,21,,1176999,43,0,76,1,19,,1177021,43,0,76,1,59,,1176984,43,0,76,1,18,,1177026,43,0,76,1,22,,1176992,43,0,76,1,60,,1176979,43,0,76,1,20,,1177030,43,0,76,1,20,,1176976,43,0,76,1,56,,1060643,42,0,76,1,28,,1177033,42,0,76,1,69,,1176977,42,0,76,1,29,,1032873,42,0,76,1,70,,1176993,42,0,76,1,30,,1176974,42,0,76,1
