4701,'1',1202,,1144669,13,,,1,310,,1144664,13,,,1,31,,1070606,13,,,1,69,,978409,13,,,1,30,,1144665,13,,,1,65,,1144666,13,,,1,34,,1144667,13,,,1,60,,1144668,13,,,1
4701,'10',1202,,1144675,13,,,1,310,,1144670,13,,,1,31,,1070420,13,,,1,69,,978050,13,,,1,30,,1144671,13,,,1,65,,1144672,13,,,1,34,,1144673,13,,,1,60,,1144674,13,,,1
4701,'11',1202,,1144681,13,,,1,310,,1144676,13,,,1,31,,1070660,13,,,1,69,,978350,13,,,1,30,,1144677,13,,,1,65,,1144678,13,,,1,34,,1144679,13,,,1,60,,1144680,13,,,1
4701,'12',1202,,1144684,13,,,1,310,,1144683,13,,,1,31,,1144686,13,,,1,69,,1144687,13,,,1,30,,1069300,13,,,1,65,,1144682,13,,,1,34,,1144685,13,,,1,60,,1073806,13,,,1
4701,'13',1203,,1144688,13,,,1
4701,'14',1202,,1144695,13,,,1,310,,1144690,13,,,1,31,,1144696,13,,,1,69,,1144689,13,,,1,30,,1144691,13,,,1,65,,1144692,13,,,1,34,,1144693,13,,,1,60,,1144694,13,,,1
4701,'15',1202,,1144701,13,,,1,310,,1144703,13,,,1,31,,1144702,13,,,1,69,,1144697,13,,,1,30,,1144698,13,,,1,65,,1144700,13,,,1,34,,1144699,13,,,1,60,,1144704,13,,,1
4701,'16',1202,,1144709,13,,,1,310,,1144708,13,,,1,31,,1144711,13,,,1,69,,1144712,13,,,1,30,,1144707,13,,,1,65,,1144705,13,,,1,34,,1144710,13,,,1,60,,1144706,13,,,1
4701,'17',1203,,1144713,13,,,1
4701,'2',1203,,1144714,13,,,1
4701,'3',1203,,1144715,13,,,1
4701,'4',1203,,1144716,13,,,1
4701,'5',1202,,1144722,13,,,1,310,,1144717,13,,,1,31,,1070570,13,,,1,69,,978600,13,,,1,30,,1144718,13,,,1,65,,1144719,13,,,1,34,,1144720,13,,,1,60,,1144721,13,,,1
4701,'6',1202,,1144726,13,,,1,310,,1144725,13,,,1,31,,1144728,13,,,1,69,,1050059,13,,,1,30,,1144724,13,,,1,65,,1070091,13,,,1,34,,1144727,13,,,1,60,,1144723,13,,,1
4701,'7',1203,,1144729,13,,,1
4701,'8',1202,,1144734,13,,,1,310,,1144733,13,,,1,31,,1144736,13,,,1,69,,1144737,13,,,1,30,,1144732,13,,,1,65,,1144730,13,,,1,34,,1144735,13,,,1,60,,1144731,13,,,1
4701,'9',1202,,1144743,13,,,1,310,,1144738,13,,,1,31,,1070479,13,,,1,69,,978541,13,,,1,30,,1144739,13,,,1,65,,1144740,13,,,1,34,,1144741,13,,,1,60,,1144742,13,,,1
