16200,'1',638,,1190735,15,,,1,70,,1190746,15,,,1,29,,1190748,15,,,1,71,,1190736,15,,,1,30,,1190747,15,,,1,70,,1190743,15,,,1,100,,1190752,15,,,1,100,,1190737,15,,,1,100,,1190733,15,,,1,100,,1190732,15,,,1,100,,1190740,15,,,1,103,,1093396,15,,,1,30,,1190739,15,,,1,10,,1190744,28,,,1,58,,1190734,15,,,1,32,,1190750,15,,,1,70,,1190742,15,,,1,30,,1095626,15,,,1,70,,1190745,15,,,1,100,,1190741,15,,,1,97,,1190751,15,,,1,100,,1190738,15,,,1,100,,1190749,15,,,1
16200,'10',638,,1190756,15,,,1,70,,1190767,15,,,1,29,,1190769,15,,,1,71,,1190757,15,,,1,30,,1190768,15,,,1,70,,1190764,15,,,1,100,,1190773,15,,,1,100,,1190758,15,,,1,100,,1190754,15,,,1,100,,1190753,15,,,1,100,,1190761,15,,,1,103,,1093080,15,,,1,30,,1190760,15,,,1,10,,1190765,28,,,1,58,,1190755,15,,,1,32,,1190771,15,,,1,70,,1190763,15,,,1,30,,1095392,15,,,1,70,,1190766,15,,,1,100,,1190762,15,,,1,97,,1190772,15,,,1,100,,1190759,15,,,1,100,,1190770,15,,,1
16200,'11',638,,1190777,15,,,1,70,,1190788,15,,,1,29,,1190790,15,,,1,71,,1190778,15,,,1,30,,1190789,15,,,1,70,,1190785,15,,,1,100,,1190794,15,,,1,100,,1190779,15,,,1,100,,1190775,15,,,1,100,,1190774,15,,,1,100,,1190782,15,,,1,103,,1093487,15,,,1,30,,1190781,15,,,1,10,,1190786,28,,,1,58,,1190776,15,,,1,32,,1190792,15,,,1,70,,1190784,15,,,1,30,,1095699,15,,,1,70,,1190787,15,,,1,100,,1190783,15,,,1,97,,1190793,15,,,1,100,,1190780,15,,,1,100,,1190791,15,,,1
16200,'12',638,,1190808,15,,,1,70,,1190809,15,,,1,29,,1190806,15,,,1,71,,1190807,15,,,1,30,,1190804,15,,,1,70,,1190801,15,,,1,100,,1190802,15,,,1,100,,1190816,15,,,1,100,,1190811,15,,,1,100,,1190803,15,,,1,100,,1190796,15,,,1,103,,1190797,15,,,1,30,,1190814,15,,,1,10,,1190812,28,,,1,58,,1190800,15,,,1,32,,1190799,15,,,1,70,,1190815,15,,,1,30,,1190810,15,,,1,70,,1062998,15,,,1,100,,1190798,15,,,1,97,,1190805,15,,,1,100,,1190813,15,,,1,100,,1190795,15,,,1
16200,'13',808,,1190827,15,,,1,100,,1190829,15,,,1,100,,1190828,15,,,1,100,,1190823,15,,,1,100,,1190826,15,,,1,100,,1081561,15,,,1,100,,1190824,15,,,1,100,,1190821,15,,,1,100,,1072964,15,,,1,100,,1190817,15,,,1,100,,1190822,15,,,1,100,,1190825,15,,,1,100,,1190820,15,,,1,100,,1190818,15,,,1,100,,1082577,15,,,1,100,,1190819,15,,,1
16200,'14',638,,1190834,15,,,1,70,,1190846,15,,,1,29,,1190848,15,,,1,71,,1190835,15,,,1,30,,1190847,15,,,1,70,,1190843,15,,,1,100,,1190852,15,,,1,100,,1190836,15,,,1,100,,1190831,15,,,1,100,,1190830,15,,,1,100,,1190840,15,,,1,103,,1190832,15,,,1,30,,1190839,15,,,1,10,,1190844,28,,,1,58,,1190833,15,,,1,32,,1190850,15,,,1,70,,1190842,15,,,1,30,,1190837,15,,,1,70,,1190845,15,,,1,100,,1190841,15,,,1,97,,1190851,15,,,1,100,,1190838,15,,,1,100,,1190849,15,,,1
16200,'15',638,,1190855,15,,,1,70,,1190861,15,,,1,29,,1190866,15,,,1,71,,1190862,15,,,1,30,,1190853,15,,,1,70,,1190860,15,,,1,100,,1190871,15,,,1,100,,1190863,15,,,1,100,,1190874,15,,,1,100,,1190867,15,,,1,100,,1190857,15,,,1,103,,1190868,15,,,1,30,,1190865,15,,,1,10,,1190869,28,,,1,58,,1190875,15,,,1,32,,1190854,15,,,1,70,,1190872,15,,,1,30,,1190859,15,,,1,70,,1190858,15,,,1,100,,1190870,15,,,1,97,,1190873,15,,,1,100,,1190856,15,,,1,100,,1190864,15,,,1
16200,'16',638,,1190889,15,,,1,70,,1190890,15,,,1,29,,1190887,15,,,1,71,,1190888,15,,,1,30,,1190885,15,,,1,70,,1190882,15,,,1,100,,1190883,15,,,1,100,,1190896,15,,,1,100,,1190892,15,,,1,100,,1190884,15,,,1,100,,1099535,15,,,1,103,,1190878,15,,,1,30,,1100280,15,,,1,10,,1190893,28,,,1,58,,1190881,15,,,1,32,,1190880,15,,,1,70,,1190895,15,,,1,30,,1190891,15,,,1,70,,1190877,15,,,1,100,,1190879,15,,,1,97,,1190886,15,,,1,100,,1190894,15,,,1,100,,1190876,15,,,1
16200,'17',808,,1190910,15,,,1,100,,1190912,15,,,1,100,,1190911,15,,,1,100,,1190906,15,,,1,100,,1190909,15,,,1,100,,1190897,15,,,1,100,,1190907,15,,,1,100,,1190904,15,,,1,100,,1190898,15,,,1,100,,1190900,15,,,1,100,,1190905,15,,,1,100,,1190908,15,,,1,100,,1190903,15,,,1,100,,1190901,15,,,1,100,,1190899,15,,,1,100,,1190902,15,,,1
16200,'2',738,,1190926,15,,,1,100,,1190929,15,,,1,100,,1190922,15,,,1,100,,1190915,15,,,1,100,,1190920,15,,,1,100,,1190925,15,,,1,100,,1190916,15,,,1,100,,1190917,15,,,1,100,,1190913,15,,,1,100,,1190927,15,,,1,100,,1190921,15,,,1,100,,1190923,15,,,1,100,,1190919,15,,,1,100,,1190914,15,,,1,100,,1190928,15,,,1,83,,1190918,15,,,1,79,,1190924,15,,,1
16200,'3',808,,1190943,15,,,1,100,,1190945,15,,,1,100,,1190944,15,,,1,100,,1190939,15,,,1,100,,1190942,15,,,1,100,,1190930,15,,,1,100,,1190940,15,,,1,100,,1190937,15,,,1,100,,1190931,15,,,1,100,,1190933,15,,,1,100,,1190938,15,,,1,100,,1190941,15,,,1,100,,1190936,15,,,1,100,,1190934,15,,,1,100,,1190932,15,,,1,100,,1190935,15,,,1
16200,'4',808,,1190952,15,,,1,100,,1190960,15,,,1,100,,1190953,15,,,1,100,,1190959,15,,,1,100,,1190949,15,,,1,100,,1190947,15,,,1,100,,1190951,15,,,1,100,,1190955,15,,,1,100,,1190948,15,,,1,100,,1190956,15,,,1,100,,1190950,15,,,1,100,,1190954,15,,,1,100,,1190946,15,,,1,100,,1190958,15,,,1,100,,1100687,15,,,1,100,,1190957,15,,,1
16200,'5',638,,1190964,15,,,1,70,,1190975,15,,,1,29,,1190977,15,,,1,71,,1190965,15,,,1,30,,1190976,15,,,1,70,,1190972,15,,,1,100,,1190981,15,,,1,100,,1190966,15,,,1,100,,1190962,15,,,1,100,,1190961,15,,,1,100,,1190969,15,,,1,103,,1093341,15,,,1,30,,1190968,15,,,1,10,,1190973,28,,,1,58,,1190963,15,,,1,32,,1190979,15,,,1,70,,1190971,15,,,1,30,,1095579,15,,,1,70,,1190974,15,,,1,100,,1190970,15,,,1,97,,1190980,15,,,1,100,,1190967,15,,,1,100,,1190978,15,,,1
16200,'6',638,,1190993,15,,,1,70,,1190994,15,,,1,29,,1190991,15,,,1,71,,1190992,15,,,1,30,,1190989,15,,,1,70,,1190986,15,,,1,100,,1190987,15,,,1,100,,1045339,15,,,1,100,,1190996,15,,,1,100,,1190988,15,,,1,100,,1190983,15,,,1,103,,1103382,15,,,1,30,,1190999,15,,,1,10,,1190997,28,,,1,58,,1190985,15,,,1,32,,1190984,15,,,1,70,,1065576,15,,,1,30,,1190995,15,,,1,70,,1190982,15,,,1,100,,1086487,15,,,1,97,,1190990,15,,,1,100,,1190998,15,,,1,100,,1091969,15,,,1
16200,'7',738,,1191006,15,,,1,100,,1191007,15,,,1,100,,1191010,15,,,1,100,,1191004,15,,,1,100,,1191005,15,,,1,100,,1191003,15,,,1,100,,1191012,15,,,1,100,,1191000,15,,,1,100,,1191015,15,,,1,100,,1191009,15,,,1,100,,1191002,15,,,1,100,,1191011,15,,,1,100,,1191008,15,,,1,100,,1191013,15,,,1,100,,1191014,15,,,1,83,,1191016,15,,,1,79,,1191001,15,,,1
16200,'8',638,,1191031,15,,,1,70,,1191032,15,,,1,29,,1191029,15,,,1,71,,1191030,15,,,1,30,,1191027,15,,,1,70,,1191024,15,,,1,100,,1191025,15,,,1,100,,1191039,15,,,1,100,,1191034,15,,,1,100,,1191026,15,,,1,100,,1191019,15,,,1,103,,1191020,15,,,1,30,,1191037,15,,,1,10,,1191035,28,,,1,58,,1191023,15,,,1,32,,1191022,15,,,1,70,,1191038,15,,,1,30,,1191033,15,,,1,70,,1191018,15,,,1,100,,1191021,15,,,1,97,,1191028,15,,,1,100,,1191036,15,,,1,100,,1191017,15,,,1
16200,'9',638,,1191043,15,,,1,70,,1191054,15,,,1,29,,1191056,15,,,1,71,,1191044,15,,,1,30,,1191055,15,,,1,70,,1191051,15,,,1,100,,1191060,15,,,1,100,,1191045,15,,,1,100,,1191041,15,,,1,100,,1191040,15,,,1,100,,1191048,15,,,1,103,,1093185,15,,,1,30,,1191047,15,,,1,10,,1191052,28,,,1,58,,1191042,15,,,1,32,,1191058,15,,,1,70,,1191050,15,,,1,30,,1095467,15,,,1,70,,1191053,15,,,1,100,,1191049,15,,,1,97,,1191059,15,,,1,100,,1191046,15,,,1,100,,1191057,15,,,1
