11701,'1',1555,,1188914,23,,,1,70,,1093378,23,,,1,30,,1188912,23,,,1,70,,1188913,23,,,1,29,,1062138,23,,,1
11701,'10',1555,,1188917,23,,,1,70,,1093062,23,,,1,30,,1188915,23,,,1,70,,1188916,23,,,1,29,,1061905,23,,,1
11701,'11',1555,,1188920,23,,,1,70,,1093469,23,,,1,30,,1188918,23,,,1,70,,1188919,23,,,1,29,,1062213,23,,,1
11701,'12',1555,,1188921,23,,,1,70,,1188924,23,,,1,30,,1188922,23,,,1,70,,1188925,23,,,1,29,,1188923,23,,,1
11701,'14',1555,,1188930,23,,,1,70,,1188926,23,,,1,30,,1188927,23,,,1,70,,1188929,23,,,1,29,,1188928,23,,,1
11701,'15',1555,,1188934,23,,,1,70,,1188931,23,,,1,30,,1188933,23,,,1,70,,1188935,23,,,1,29,,1188932,23,,,1
11701,'16',1555,,1188936,23,,,1,70,,1188939,23,,,1,30,,1188937,23,,,1,70,,1188940,23,,,1,29,,1188938,23,,,1
11701,'5',1555,,1188943,23,,,1,70,,1093323,23,,,1,30,,1188941,23,,,1,70,,1188942,23,,,1,29,,1062090,23,,,1
11701,'6',1555,,1188944,23,,,1,70,,1188947,23,,,1,30,,1188945,23,,,1,70,,1068952,23,,,1,29,,1188946,23,,,1
11701,'8',1555,,1188948,23,,,1,70,,1188951,23,,,1,30,,1188949,23,,,1,70,,1188952,23,,,1,29,,1188950,23,,,1
11701,'9',1555,,1188955,23,,,1,70,,1093167,23,,,1,30,,1188953,23,,,1,70,,1188954,23,,,1,29,,1061979,23,,,1
61701,'1',1535,,1199016,18,,,1
61701,'10',1535,,1199017,18,,,1
61701,'11',1535,,1199018,18,,,1
61701,'12',1535,,1101880,18,,,1
61701,'14',1535,,1199019,18,,,1
61701,'15',1535,,1199020,18,,,1
61701,'16',1535,,1199021,18,,,1
61701,'5',1535,,1199022,18,,,1
61701,'6',1535,,1199023,18,,,1
61701,'8',1535,,1199024,18,,,1
61701,'9',1535,,1199025,18,,,1
68700,'1',731,,1200532,27,,,1
68700,'10',731,,1200533,27,,,1
68700,'11',731,,1200534,27,,,1
68700,'12',731,,1200535,27,,,1
68700,'14',731,,1200536,27,,,1
68700,'15',731,,1200537,27,,,1
68700,'16',731,,1200538,27,,,1
68700,'5',731,,1200539,27,,,1
68700,'6',731,,1200540,27,,,1
68700,'8',731,,1200541,27,,,1
68700,'9',731,,1200542,27,,,1
68701,'1',1445,,1200543,16,,,1
68701,'10',1445,,1200544,16,,,1
68701,'11',1445,,1200545,16,,,1
68701,'12',1445,,1200546,16,,,1
68701,'14',1445,,1200547,16,,,1
68701,'15',1445,,1200548,16,,,1
68701,'16',1445,,1200549,16,,,1
68701,'5',1445,,1200550,16,,,1
68701,'6',1445,,1200551,16,,,1
68701,'8',1445,,1200552,16,,,1
68701,'9',1445,,1200553,16,,,1
