22200,'1',615,,1196386,16,,,1,33,,1196387,16,,,1,68,,1196385,16,,,1
22200,'10',615,,1196389,16,,,1,33,,1196390,16,,,1,68,,1196388,16,,,1
22200,'11',615,,1196392,16,,,1,33,,1196393,16,,,1,68,,1196391,16,,,1
22200,'12',615,,1196394,16,,,1,33,,1196396,16,,,1,68,,1196395,16,,,1
22200,'14',615,,1196398,16,,,1,33,,1196399,16,,,1,68,,1196397,16,,,1
22200,'15',615,,1196401,16,,,1,33,,1196402,16,,,1,68,,1196400,16,,,1
22200,'16',615,,1196403,16,,,1,33,,1196405,16,,,1,68,,1196404,16,,,1
22200,'5',615,,1196407,16,,,1,33,,1196408,16,,,1,68,,1196406,16,,,1
22200,'6',615,,1088294,16,,,1,33,,1196410,16,,,1,68,,1196409,16,,,1
22200,'8',615,,1196411,16,,,1,33,,1196413,16,,,1,68,,1196412,16,,,1
22200,'9',615,,1196415,16,,,1,33,,1196416,16,,,1,68,,1196414,16,,,1
