4401,'1',519,,1141878,38,,,1,35,,1141864,38,,,1,70,,1068024,38,,,1,15,,1141869,38,,,1,15,,1141853,38,,,1,57,,1096781,38,,,1,15,,1141867,38,,,1,15,,1141863,38,,,1,14,,1141873,38,,,1,59,,1141875,38,,,1,15,,1141843,38,,,1,15,,1141882,38,,,1,13,,1141854,38,,,1,55,,1141887,38,,,1,14,,1141888,38,,,1,15,,1078308,38,,,1,15,,1141866,38,,,1,55,,1092443,38,,,1,15,,1141856,38,,,1,15,,1095623,38,,,1,15,,1141880,38,,,1,55,,1141871,38,,,1,15,,1141886,38,,,1,15,,1141860,38,,,1,15,,1141872,38,,,1,55,,1141858,38,,,1,15,,1141842,38,,,1,15,,1141881,38,,,1,15,,1141848,38,,,1,55,,1141879,38,,,1,15,,1141840,38,,,1,15,,1141876,38,,,1,15,,1095234,38,,,1,55,,1141855,38,,,1,15,,1052647,38,,,1,15,,1141865,38,,,1,59,,1141883,38,,,1,2,,1141889,21,,,1,13,,1141845,38,,,1,13,,1141850,38,,,1,17,,1141838,38,,,1,13,,961534,38,,,1,57,,973343,38,,,1,13,,1141857,38,,,1,17,,1141844,38,,,1,14,,1141862,38,,,1,55,,1141861,38,,,1,15,,1141877,38,,,1,15,,1141885,38,,,1,15,,1141868,38,,,1,55,,1141839,38,,,1,15,,1141851,38,,,1,11,,1022954,38,,,1,15,,1141846,38,,,1,55,,1141841,38,,,1,15,,1141859,38,,,1,29,,1141884,38,,,1,70,,1141849,38,,,1,30,,1141837,38,,,1,70,,1141847,38,,,1,30,,1141874,38,,,1,70,,1082790,38,,,1,28,,1141836,38,,,1,70,,1141852,38,,,1,30,,1141870,38,,,1,79,,1061743,38,,,1
4401,'10',519,,1141932,38,,,1,35,,1141918,38,,,1,70,,1067808,38,,,1,15,,1141923,38,,,1,15,,1141907,38,,,1,57,,1096548,38,,,1,15,,1141921,38,,,1,15,,1141917,38,,,1,14,,1141927,38,,,1,59,,1141929,38,,,1,15,,1141897,38,,,1,15,,1141936,38,,,1,13,,1141908,38,,,1,55,,1141941,38,,,1,14,,1141942,38,,,1,15,,1078096,38,,,1,15,,1141920,38,,,1,55,,1092287,38,,,1,15,,1141910,38,,,1,15,,1095389,38,,,1,15,,1141934,38,,,1,55,,1141925,38,,,1,15,,1141940,38,,,1,15,,1141914,38,,,1,15,,1141926,38,,,1,55,,1141912,38,,,1,15,,1141896,38,,,1,15,,1141935,38,,,1,15,,1141902,38,,,1,55,,1141933,38,,,1,15,,1141894,38,,,1,15,,1141930,38,,,1,15,,1094988,38,,,1,55,,1141909,38,,,1,15,,1052693,38,,,1,15,,1141919,38,,,1,59,,1141937,38,,,1,2,,1141943,21,,,1,13,,1141899,38,,,1,13,,1141904,38,,,1,17,,1141892,38,,,1,13,,961349,38,,,1,57,,973085,38,,,1,13,,1141911,38,,,1,17,,1141898,38,,,1,14,,1141916,38,,,1,55,,1141915,38,,,1,15,,1141931,38,,,1,15,,1141939,38,,,1,15,,1141922,38,,,1,55,,1141893,38,,,1,15,,1141905,38,,,1,11,,1023068,38,,,1,15,,1141900,38,,,1,55,,1141895,38,,,1,15,,1141913,38,,,1,29,,1141938,38,,,1,70,,1141903,38,,,1,30,,1141891,38,,,1,70,,1141901,38,,,1,30,,1141928,38,,,1,70,,1082730,38,,,1,28,,1141890,38,,,1,70,,1141906,38,,,1,30,,1141924,38,,,1,79,,1061518,38,,,1
4401,'11',519,,1141986,38,,,1,35,,1141972,38,,,1,70,,1068078,38,,,1,15,,1141977,38,,,1,15,,1141961,38,,,1,57,,1096847,38,,,1,15,,1141975,38,,,1,15,,1141971,38,,,1,14,,1141981,38,,,1,59,,1141983,38,,,1,15,,1141951,38,,,1,15,,1141990,38,,,1,13,,1141962,38,,,1,55,,1141995,38,,,1,14,,1141996,38,,,1,15,,1078370,38,,,1,15,,1141974,38,,,1,55,,1092490,38,,,1,15,,1141964,38,,,1,15,,1095696,38,,,1,15,,1141988,38,,,1,55,,1141979,38,,,1,15,,1141994,38,,,1,15,,1141968,38,,,1,15,,1141980,38,,,1,55,,1141966,38,,,1,15,,1141950,38,,,1,15,,1141989,38,,,1,15,,1141956,38,,,1,55,,1141987,38,,,1,15,,1141948,38,,,1,15,,1141984,38,,,1,15,,1095308,38,,,1,55,,1141963,38,,,1,15,,1052634,38,,,1,15,,1141973,38,,,1,59,,1141991,38,,,1,2,,1141997,21,,,1,13,,1141953,38,,,1,13,,1141958,38,,,1,17,,1141946,38,,,1,13,,961504,38,,,1,57,,973291,38,,,1,13,,1141965,38,,,1,17,,1141952,38,,,1,14,,1141970,38,,,1,55,,1141969,38,,,1,15,,1141985,38,,,1,15,,1141993,38,,,1,15,,1141976,38,,,1,55,,1141947,38,,,1,15,,1141959,38,,,1,11,,1022921,38,,,1,15,,1141954,38,,,1,55,,1141949,38,,,1,15,,1141967,38,,,1,29,,1141992,38,,,1,70,,1141957,38,,,1,30,,1141945,38,,,1,70,,1141955,38,,,1,30,,1141982,38,,,1,70,,1082810,38,,,1,28,,1141944,38,,,1,70,,1141960,38,,,1,30,,1141978,38,,,1,79,,1061810,38,,,1
4401,'12',519,,1142034,38,,,1,35,,1072796,38,,,1,70,,1142027,38,,,1,15,,1073202,38,,,1,15,,1142030,38,,,1,57,,1142021,38,,,1,15,,1142040,38,,,1,15,,1142008,38,,,1,14,,1019478,38,,,1,59,,1142011,38,,,1,15,,1142009,38,,,1,15,,1142028,38,,,1,13,,1142039,38,,,1,55,,999232,38,,,1,14,,1087163,38,,,1,15,,1142041,38,,,1,15,,1092766,38,,,1,55,,1142001,38,,,1,15,,1142024,38,,,1,15,,1142043,38,,,1,15,,1142032,38,,,1,55,,1090206,38,,,1,15,,1142003,38,,,1,15,,1142014,38,,,1,15,,1142016,38,,,1,55,,1142019,38,,,1,15,,1142002,38,,,1,15,,1142038,38,,,1,15,,1142007,38,,,1,55,,1142037,38,,,1,15,,1141998,38,,,1,15,,1142051,38,,,1,15,,1142017,38,,,1,55,,1142020,38,,,1,15,,1142047,38,,,1,15,,1142026,38,,,1,59,,1142050,38,,,1,2,,1141999,21,,,1,13,,1142031,38,,,1,13,,1081306,38,,,1,17,,1142013,38,,,1,13,,1142029,38,,,1,57,,1142010,38,,,1,13,,1071647,38,,,1,17,,1142025,38,,,1,14,,1142042,38,,,1,55,,1142023,38,,,1,15,,1142005,38,,,1,15,,1142045,38,,,1,15,,1142036,38,,,1,55,,1142022,38,,,1,15,,1080688,38,,,1,11,,1142012,38,,,1,15,,1142006,38,,,1,55,,1142000,38,,,1,15,,1142015,38,,,1,29,,1142004,38,,,1,70,,1142035,38,,,1,30,,1142049,38,,,1,70,,1142052,38,,,1,30,,1142018,38,,,1,70,,1142044,38,,,1,28,,984618,38,,,1,70,,1142046,38,,,1,30,,1142033,38,,,1,79,,1142048,38,,,1
4401,'13',621,,1142074,38,,,1,98,,1142068,38,,,1,102,,1142082,38,,,1,30,,1142061,38,,,1,70,,1142053,38,,,1,30,,1142080,38,,,1,70,,1142081,38,,,1,30,,1142071,38,,,1,70,,1142060,38,,,1,30,,1081572,38,,,1,70,,1090168,38,,,1,31,,1142069,38,,,1,70,,1142062,38,,,1,30,,1142057,38,,,1,70,,1142066,38,,,1,30,,1142076,38,,,1,70,,1142064,38,,,1,30,,1142077,38,,,1,70,,1142078,38,,,1,30,,1142073,38,,,1,70,,1142065,38,,,1,30,,993896,38,,,1,70,,1142072,38,,,1,30,,1142063,38,,,1,70,,1142067,38,,,1,30,,1142056,38,,,1,70,,1142054,38,,,1,29,,1142055,38,,,1,70,,1142070,38,,,1,30,,1142079,38,,,1,70,,1142075,38,,,1,29,,1142059,38,,,1,70,,1142058,38,,,1
4401,'14',519,,1142132,38,,,1,35,,1142117,38,,,1,70,,1142141,38,,,1,15,,1142122,38,,,1,15,,1142105,38,,,1,57,,1142093,38,,,1,15,,1142120,38,,,1,15,,1142115,38,,,1,14,,1142126,38,,,1,59,,1142129,38,,,1,15,,1142094,38,,,1,15,,1142136,38,,,1,13,,1142106,38,,,1,55,,1142142,38,,,1,14,,1142145,38,,,1,15,,1142100,38,,,1,15,,1142119,38,,,1,55,,1142128,38,,,1,15,,1142108,38,,,1,15,,1142090,38,,,1,15,,1142134,38,,,1,55,,1142124,38,,,1,15,,1142140,38,,,1,15,,1142112,38,,,1,15,,1142125,38,,,1,55,,1142110,38,,,1,15,,1142092,38,,,1,15,,1142135,38,,,1,15,,1142099,38,,,1,55,,1142133,38,,,1,15,,1142088,38,,,1,15,,1142130,38,,,1,15,,1142148,38,,,1,55,,1142107,38,,,1,15,,1142144,38,,,1,15,,1142118,38,,,1,59,,1142137,38,,,1,2,,1142147,21,,,1,13,,1142096,38,,,1,13,,1142102,38,,,1,17,,1142085,38,,,1,13,,1142086,38,,,1,57,,1142143,38,,,1,13,,1142109,38,,,1,17,,1142095,38,,,1,14,,1142114,38,,,1,55,,1142113,38,,,1,15,,1142131,38,,,1,15,,1142139,38,,,1,15,,1142121,38,,,1,55,,1142087,38,,,1,15,,1142103,38,,,1,11,,1142146,38,,,1,15,,1142097,38,,,1,55,,1142089,38,,,1,15,,1142111,38,,,1,29,,1142138,38,,,1,70,,1142101,38,,,1,30,,1142084,38,,,1,70,,1142098,38,,,1,30,,1142127,38,,,1,70,,1142116,38,,,1,28,,1142083,38,,,1,70,,1142104,38,,,1,30,,1142123,38,,,1,79,,1142091,38,,,1
4401,'15',519,,1142165,38,,,1,35,,1142168,38,,,1,70,,1142198,38,,,1,15,,1142158,38,,,1,15,,1142211,38,,,1,57,,1142184,38,,,1,15,,1142166,38,,,1,15,,1142160,38,,,1,14,,1142161,38,,,1,59,,1142201,38,,,1,15,,1142194,38,,,1,15,,1142208,38,,,1,13,,1142185,38,,,1,55,,1142150,38,,,1,14,,1142172,38,,,1,15,,1142178,38,,,1,15,,1142193,38,,,1,55,,1142154,38,,,1,15,,1142159,38,,,1,15,,1142196,38,,,1,15,,1142176,38,,,1,55,,1142180,38,,,1,15,,1142209,38,,,1,15,,1142202,38,,,1,15,,1142173,38,,,1,55,,1142210,38,,,1,15,,1142151,38,,,1,15,,1142190,38,,,1,15,,1142203,38,,,1,55,,1142181,38,,,1,15,,1142170,38,,,1,15,,1142171,38,,,1,15,,1142187,38,,,1,55,,1142169,38,,,1,15,,1142162,38,,,1,15,,1142192,38,,,1,59,,1142152,38,,,1,2,,1142188,21,,,1,13,,1142182,38,,,1,13,,1142167,38,,,1,17,,1142179,38,,,1,13,,1142175,38,,,1,57,,1142189,38,,,1,13,,1142195,38,,,1,17,,1142156,38,,,1,14,,1142199,38,,,1,55,,1142149,38,,,1,15,,1142157,38,,,1,15,,1142205,38,,,1,15,,1142213,38,,,1,55,,1142177,38,,,1,15,,1142212,38,,,1,11,,1142214,38,,,1,15,,1142174,38,,,1,55,,1142153,38,,,1,15,,1142164,38,,,1,29,,1142207,38,,,1,70,,1142191,38,,,1,30,,1142197,38,,,1,70,,1142204,38,,,1,30,,1142206,38,,,1,70,,1142200,38,,,1,28,,1142186,38,,,1,70,,1142183,38,,,1,30,,1142155,38,,,1,79,,1142163,38,,,1
4401,'16',519,,1142257,38,,,1,35,,1142216,38,,,1,70,,1142250,38,,,1,15,,1142272,38,,,1,15,,1142253,38,,,1,57,,1142244,38,,,1,15,,1142263,38,,,1,15,,1142231,38,,,1,14,,1142277,38,,,1,59,,1142234,38,,,1,15,,1142232,38,,,1,15,,1142251,38,,,1,13,,1142262,38,,,1,55,,1142227,38,,,1,14,,1142271,38,,,1,15,,1142264,38,,,1,15,,1142215,38,,,1,55,,1142222,38,,,1,15,,1142247,38,,,1,15,,1142266,38,,,1,15,,1142255,38,,,1,55,,1142276,38,,,1,15,,1142224,38,,,1,15,,1142237,38,,,1,15,,1142239,38,,,1,55,,1142242,38,,,1,15,,1142223,38,,,1,15,,1142261,38,,,1,15,,1142230,38,,,1,55,,1142260,38,,,1,15,,1142219,38,,,1,15,,1142275,38,,,1,15,,1142240,38,,,1,55,,1142243,38,,,1,15,,1142269,38,,,1,15,,1142249,38,,,1,59,,1142274,38,,,1,2,,1142220,21,,,1,13,,1142254,38,,,1,13,,1142279,38,,,1,17,,1142236,38,,,1,13,,1142252,38,,,1,57,,1142233,38,,,1,13,,1142218,38,,,1,17,,1142248,38,,,1,14,,1142265,38,,,1,55,,1142246,38,,,1,15,,1142228,38,,,1,15,,1142268,38,,,1,15,,1142259,38,,,1,55,,1142245,38,,,1,15,,1142225,38,,,1,11,,1142235,38,,,1,15,,1142229,38,,,1,55,,1142221,38,,,1,15,,1142238,38,,,1,29,,1142226,38,,,1,70,,1142258,38,,,1,30,,1142273,38,,,1,70,,1142278,38,,,1,30,,1142241,38,,,1,70,,1142267,38,,,1,28,,1142217,38,,,1,70,,1071723,38,,,1,30,,1142256,38,,,1,79,,1142270,38,,,1
4401,'17',621,,1142302,38,,,1,98,,1142296,38,,,1,102,,1142312,38,,,1,30,,1142289,38,,,1,70,,1142280,38,,,1,30,,1142308,38,,,1,70,,1142309,38,,,1,30,,1142299,38,,,1,70,,1142288,38,,,1,30,,1142310,38,,,1,70,,1142284,38,,,1,31,,1142297,38,,,1,70,,1142290,38,,,1,30,,1142285,38,,,1,70,,1142294,38,,,1,30,,1142304,38,,,1,70,,1142292,38,,,1,30,,1142305,38,,,1,70,,1142306,38,,,1,30,,1142301,38,,,1,70,,1142293,38,,,1,30,,1142311,38,,,1,70,,1142300,38,,,1,30,,1142291,38,,,1,70,,1142295,38,,,1,30,,1142283,38,,,1,70,,1142281,38,,,1,29,,1142282,38,,,1,70,,1142298,38,,,1,30,,1142307,38,,,1,70,,1142303,38,,,1,29,,1142287,38,,,1,70,,1142286,38,,,1
4401,'2',613,,1142338,38,,,1,27,,1142313,38,,,1,70,,1142321,38,,,1,30,,1142320,38,,,1,72,,1142344,38,,,1,30,,1142325,38,,,1,70,,1142331,38,,,1,22,,1142317,38,,,1,70,,1142336,38,,,1,30,,1098622,38,,,1,70,,1142314,38,,,1,30,,1142341,38,,,1,70,,1142343,38,,,1,30,,1142333,38,,,1,71,,1142318,38,,,1,30,,1142328,38,,,1,70,,1142332,38,,,1,30,,1142329,38,,,1,70,,1142315,38,,,1,30,,1142342,38,,,1,70,,1142322,38,,,1,30,,1142345,38,,,1,70,,1142337,38,,,1,30,,1142340,38,,,1,70,,1142335,38,,,1,29,,1142346,38,,,1,70,,1142324,38,,,1,30,,1142323,38,,,1,70,,1142330,38,,,1,30,,1142326,38,,,1,69,,1142316,38,,,1,30,,1142334,38,,,1,70,,1142348,38,,,1,30,,1142339,38,,,1,69,,1072720,38,,,1,30,,1142347,38,,,1,70,,1142327,38,,,1,38,,1142319,38,,,1
4401,'3',621,,1142371,38,,,1,98,,1142365,38,,,1,102,,1142381,38,,,1,30,,1142358,38,,,1,70,,1142349,38,,,1,30,,1142377,38,,,1,70,,1142378,38,,,1,30,,1142368,38,,,1,70,,1142357,38,,,1,30,,1142379,38,,,1,70,,1142353,38,,,1,31,,1142366,38,,,1,70,,1142359,38,,,1,30,,1142354,38,,,1,70,,1142363,38,,,1,30,,1142373,38,,,1,70,,1142361,38,,,1,30,,1142374,38,,,1,70,,1142375,38,,,1,30,,1142370,38,,,1,70,,1142362,38,,,1,30,,1142380,38,,,1,70,,1142369,38,,,1,30,,1142360,38,,,1,70,,1142364,38,,,1,30,,1142352,38,,,1,70,,1142350,38,,,1,29,,1142351,38,,,1,70,,1142367,38,,,1,30,,1142376,38,,,1,70,,1142372,38,,,1,29,,1142356,38,,,1,70,,1142355,38,,,1
4401,'4',621,,1142388,38,,,1,98,,1099978,38,,,1,102,,1142383,38,,,1,30,,1142390,38,,,1,70,,1142407,38,,,1,30,,1142400,38,,,1,70,,1142411,38,,,1,30,,1142384,38,,,1,70,,1142404,38,,,1,30,,1142395,38,,,1,70,,1142408,38,,,1,31,,1142382,38,,,1,70,,1142409,38,,,1,30,,1142387,38,,,1,70,,1072982,38,,,1,30,,1142398,38,,,1,70,,1142399,38,,,1,30,,1142392,38,,,1,70,,1142394,38,,,1,30,,1142406,38,,,1,70,,1142402,38,,,1,30,,1142389,38,,,1,70,,1142405,38,,,1,30,,1142410,38,,,1,70,,1142386,38,,,1,30,,1142397,38,,,1,70,,1142396,38,,,1,29,,1142403,38,,,1,70,,1142385,38,,,1,30,,1142412,38,,,1,70,,1142393,38,,,1,29,,1142391,38,,,1,70,,1142401,38,,,1
4401,'5',519,,1142455,38,,,1,35,,1142441,38,,,1,70,,1067991,38,,,1,15,,1142446,38,,,1,15,,1142430,38,,,1,57,,1096749,38,,,1,15,,1142444,38,,,1,15,,1142440,38,,,1,14,,1142450,38,,,1,59,,1142452,38,,,1,15,,1142420,38,,,1,15,,1142459,38,,,1,13,,1142431,38,,,1,55,,1142464,38,,,1,14,,1142465,38,,,1,15,,1078270,38,,,1,15,,1142443,38,,,1,55,,1092410,38,,,1,15,,1142433,38,,,1,15,,1095576,38,,,1,15,,1142457,38,,,1,55,,1142448,38,,,1,15,,1142463,38,,,1,15,,1142437,38,,,1,15,,1142449,38,,,1,55,,1142435,38,,,1,15,,1142419,38,,,1,15,,1142458,38,,,1,15,,1142425,38,,,1,55,,1142456,38,,,1,15,,1142417,38,,,1,15,,1142453,38,,,1,15,,1095186,38,,,1,55,,1142432,38,,,1,15,,1052551,38,,,1,15,,1142442,38,,,1,59,,1142460,38,,,1,2,,1142466,21,,,1,13,,1142422,38,,,1,13,,1142427,38,,,1,17,,1142415,38,,,1,13,,961619,38,,,1,57,,973506,38,,,1,13,,1142434,38,,,1,17,,1142421,38,,,1,14,,1142439,38,,,1,55,,1142438,38,,,1,15,,1142454,38,,,1,15,,1142462,38,,,1,15,,1142445,38,,,1,55,,1142416,38,,,1,15,,1142428,38,,,1,11,,1022752,38,,,1,15,,1142423,38,,,1,55,,1142418,38,,,1,15,,1142436,38,,,1,29,,1142461,38,,,1,70,,1142426,38,,,1,30,,1142414,38,,,1,70,,1142424,38,,,1,30,,1142451,38,,,1,70,,1082770,38,,,1,28,,1142413,38,,,1,70,,1142429,38,,,1,30,,1142447,38,,,1,79,,1061701,38,,,1
4401,'6',519,,1142501,38,,,1,35,,1142468,38,,,1,70,,1142494,38,,,1,15,,1142516,38,,,1,15,,1142497,38,,,1,57,,1142489,38,,,1,15,,1142507,38,,,1,15,,1029723,38,,,1,14,,1142519,38,,,1,59,,1142481,38,,,1,15,,1142479,38,,,1,15,,1142495,38,,,1,13,,1142506,38,,,1,55,,1142475,38,,,1,14,,1142515,38,,,1,15,,1142508,38,,,1,15,,1142467,38,,,1,55,,1142471,38,,,1,15,,1142492,38,,,1,15,,1142510,38,,,1,15,,1142499,38,,,1,55,,1142518,38,,,1,15,,1142473,38,,,1,15,,1142483,38,,,1,15,,1142485,38,,,1,55,,1142487,38,,,1,15,,1142472,38,,,1,15,,1142505,38,,,1,15,,1142478,38,,,1,55,,1142504,38,,,1,15,,1083309,38,,,1,15,,1004209,38,,,1,15,,1101505,38,,,1,55,,1142488,38,,,1,15,,1014808,38,,,1,15,,1142493,38,,,1,59,,1142517,38,,,1,2,,1079248,21,,,1,13,,1142498,38,,,1,13,,1142521,38,,,1,17,,1142482,38,,,1,13,,1142496,38,,,1,57,,1142480,38,,,1,13,,1142470,38,,,1,17,,1026133,38,,,1,14,,1142509,38,,,1,55,,1142491,38,,,1,15,,1142476,38,,,1,15,,1142512,38,,,1,15,,1142503,38,,,1,55,,1142490,38,,,1,15,,1142474,38,,,1,11,,1103585,38,,,1,15,,1142477,38,,,1,55,,1093023,38,,,1,15,,1142484,38,,,1,29,,1053260,38,,,1,70,,1142502,38,,,1,30,,1066646,38,,,1,70,,1142520,38,,,1,30,,1142486,38,,,1,70,,1142511,38,,,1,28,,1142469,38,,,1,70,,1142513,38,,,1,30,,1142500,38,,,1,79,,1142514,38,,,1
4401,'7',613,,1142554,38,,,1,27,,1142523,38,,,1,70,,1142531,38,,,1,30,,1142549,38,,,1,72,,1142534,38,,,1,30,,1142532,38,,,1,70,,1142551,38,,,1,22,,1142538,38,,,1,70,,1142527,38,,,1,30,,1142540,38,,,1,70,,1142529,38,,,1,30,,1142559,38,,,1,70,,1142541,38,,,1,30,,1142543,38,,,1,71,,1142556,38,,,1,30,,1142533,38,,,1,70,,1142558,38,,,1,30,,1142535,38,,,1,70,,1142528,38,,,1,30,,1142542,38,,,1,70,,1142555,38,,,1,30,,1142522,38,,,1,70,,1142550,38,,,1,30,,1142525,38,,,1,70,,1142524,38,,,1,29,,1142539,38,,,1,70,,1142552,38,,,1,30,,1142530,38,,,1,70,,1142553,38,,,1,30,,1142526,38,,,1,69,,1142557,38,,,1,30,,1142547,38,,,1,70,,1142536,38,,,1,30,,1142544,38,,,1,69,,1142537,38,,,1,30,,1142546,38,,,1,70,,1142548,38,,,1,38,,1142545,38,,,1
4401,'8',519,,1142602,38,,,1,35,,1142561,38,,,1,70,,1142595,38,,,1,15,,1142618,38,,,1,15,,1142598,38,,,1,57,,1142589,38,,,1,15,,1142608,38,,,1,15,,1142576,38,,,1,14,,1142623,38,,,1,59,,1142579,38,,,1,15,,1142577,38,,,1,15,,1142596,38,,,1,13,,1142607,38,,,1,55,,1142572,38,,,1,14,,1142617,38,,,1,15,,1142609,38,,,1,15,,1142560,38,,,1,55,,1142567,38,,,1,15,,1142592,38,,,1,15,,1142611,38,,,1,15,,1142600,38,,,1,55,,1142622,38,,,1,15,,1142569,38,,,1,15,,1142582,38,,,1,15,,1142584,38,,,1,55,,1142587,38,,,1,15,,1142568,38,,,1,15,,1142606,38,,,1,15,,1142575,38,,,1,55,,1142605,38,,,1,15,,1142564,38,,,1,15,,1142621,38,,,1,15,,1142585,38,,,1,55,,1142588,38,,,1,15,,1142615,38,,,1,15,,1142594,38,,,1,59,,1142620,38,,,1,2,,1142565,21,,,1,13,,1142599,38,,,1,13,,1142625,38,,,1,17,,1142581,38,,,1,13,,1142597,38,,,1,57,,1142578,38,,,1,13,,1142563,38,,,1,17,,1142593,38,,,1,14,,1142610,38,,,1,55,,1142591,38,,,1,15,,1142573,38,,,1,15,,1142613,38,,,1,15,,1142604,38,,,1,55,,1142590,38,,,1,15,,1142570,38,,,1,11,,1142580,38,,,1,15,,1142574,38,,,1,55,,1142566,38,,,1,15,,1142583,38,,,1,29,,1142571,38,,,1,70,,1142603,38,,,1,30,,1142619,38,,,1,70,,1142624,38,,,1,30,,1142586,38,,,1,70,,1142612,38,,,1,28,,1142562,38,,,1,70,,1142614,38,,,1,30,,1142601,38,,,1,79,,1142616,38,,,1
4401,'9',519,,1142668,38,,,1,35,,1142654,38,,,1,70,,1067880,38,,,1,15,,1142659,38,,,1,15,,1142643,38,,,1,57,,1096616,38,,,1,15,,1142657,38,,,1,15,,1142653,38,,,1,14,,1142663,38,,,1,59,,1142665,38,,,1,15,,1142633,38,,,1,15,,1142672,38,,,1,13,,1142644,38,,,1,55,,1142677,38,,,1,14,,1142678,38,,,1,15,,1078166,38,,,1,15,,1142656,38,,,1,55,,1092336,38,,,1,15,,1142646,38,,,1,15,,1095464,38,,,1,15,,1142670,38,,,1,55,,1142661,38,,,1,15,,1142676,38,,,1,15,,1142650,38,,,1,15,,1142662,38,,,1,55,,1142648,38,,,1,15,,1142632,38,,,1,15,,1142671,38,,,1,15,,1142638,38,,,1,55,,1142669,38,,,1,15,,1142630,38,,,1,15,,1142666,38,,,1,15,,1095062,38,,,1,55,,1142645,38,,,1,15,,1052660,38,,,1,15,,1142655,38,,,1,59,,1142673,38,,,1,2,,1142679,21,,,1,13,,1142635,38,,,1,13,,1142640,38,,,1,17,,1142628,38,,,1,13,,961589,38,,,1,57,,973454,38,,,1,13,,1142647,38,,,1,17,,1142634,38,,,1,14,,1142652,38,,,1,55,,1142651,38,,,1,15,,1142667,38,,,1,15,,1142675,38,,,1,15,,1142658,38,,,1,55,,1142629,38,,,1,15,,1142641,38,,,1,11,,1022987,38,,,1,15,,1142636,38,,,1,55,,1142631,38,,,1,15,,1142649,38,,,1,29,,1142674,38,,,1,70,,1142639,38,,,1,30,,1142627,38,,,1,70,,1142637,38,,,1,30,,1142664,38,,,1,70,,1082750,38,,,1,28,,1142626,38,,,1,70,,1142642,38,,,1,30,,1142660,38,,,1,79,,1061586,38,,,1
