4701,'1',1218,,1144669,37,,,1,310,,1144664,37,,,1,73,,1070606,37,,,1,29,,978409,37,,,1,28,,1144665,37,,,1,65,,1144666,37,,,1,34,,1144667,37,,,1,58,,1144668,37,,,1
4701,'10',1218,,1144675,37,,,1,310,,1144670,37,,,1,73,,1070420,37,,,1,29,,978050,37,,,1,28,,1144671,37,,,1,65,,1144672,37,,,1,34,,1144673,37,,,1,58,,1144674,37,,,1
4701,'11',1218,,1144681,37,,,1,310,,1144676,37,,,1,73,,1070660,37,,,1,29,,978350,37,,,1,28,,1144677,37,,,1,65,,1144678,37,,,1,34,,1144679,37,,,1,58,,1144680,37,,,1
4701,'12',1218,,1144684,37,,,1,310,,1144683,37,,,1,73,,1144686,37,,,1,29,,1144687,37,,,1,28,,1069300,37,,,1,65,,1144682,37,,,1,34,,1144685,37,,,1,58,,1073806,37,,,1
4701,'13',1219,,1144688,37,,,1
4701,'14',1218,,1144695,37,,,1,310,,1144690,37,,,1,73,,1144696,37,,,1,29,,1144689,37,,,1,28,,1144691,37,,,1,65,,1144692,37,,,1,34,,1144693,37,,,1,58,,1144694,37,,,1
4701,'15',1218,,1144701,37,,,1,310,,1144703,37,,,1,73,,1144702,37,,,1,29,,1144697,37,,,1,28,,1144698,37,,,1,65,,1144700,37,,,1,34,,1144699,37,,,1,58,,1144704,37,,,1
4701,'16',1218,,1144709,37,,,1,310,,1144708,37,,,1,73,,1144711,37,,,1,29,,1144712,37,,,1,28,,1144707,37,,,1,65,,1144705,37,,,1,34,,1144710,37,,,1,58,,1144706,37,,,1
4701,'17',1219,,1144713,37,,,1
4701,'2',1219,,1144714,37,,,1
4701,'3',1219,,1144715,37,,,1
4701,'4',1219,,1144716,37,,,1
4701,'5',1218,,1144722,37,,,1,310,,1144717,37,,,1,73,,1070570,37,,,1,29,,978600,37,,,1,28,,1144718,37,,,1,65,,1144719,37,,,1,34,,1144720,37,,,1,58,,1144721,37,,,1
4701,'6',1218,,1144726,37,,,1,310,,1144725,37,,,1,73,,1144728,37,,,1,29,,1050059,37,,,1,28,,1144724,37,,,1,65,,1070091,37,,,1,34,,1144727,37,,,1,58,,1144723,37,,,1
4701,'7',1219,,1144729,37,,,1
4701,'8',1218,,1144734,37,,,1,310,,1144733,37,,,1,73,,1144736,37,,,1,29,,1144737,37,,,1,28,,1144732,37,,,1,65,,1144730,37,,,1,34,,1144735,37,,,1,58,,1144731,37,,,1
4701,'9',1218,,1144743,37,,,1,310,,1144738,37,,,1,73,,1070479,37,,,1,29,,978541,37,,,1,28,,1144739,37,,,1,65,,1144740,37,,,1,34,,1144741,37,,,1,58,,1144742,37,,,1
