7000,'1',600,,1160248,43,,,1,36,,1160243,43,,,1,15,,1160247,43,,,1,54,,1160244,43,,,1,15,,1160216,43,,,1,15,,1160224,43,,,1,15,,1160228,43,,,1,54,,1160215,43,,,1,15,,1160252,43,,,1,15,,1088754,43,,,1,17,,1160214,43,,,1,53,,1160219,43,,,1,31,,1062610,43,,,1,70,,1160227,43,,,1,30,,1160238,43,,,1,70,,1160253,43,,,1,30,,1160246,43,,,1,70,,969079,43,,,1,30,,1160218,43,,,1,70,,1160239,43,,,1,30,,1160251,43,,,1,70,,1160222,43,,,1,29,,1160245,43,,,1,70,,1160235,43,,,1,29,,1160237,43,,,1,71,,1160240,43,,,1,15,,1160249,43,,,1,15,,1160233,43,,,1,15,,995209,43,,,1,55,,1084453,43,,,1,15,,1160250,43,,,1,15,,1094143,43,,,1,15,,1160229,43,,,1,55,,1160232,43,,,1,15,,1032084,43,,,1,15,,1160225,43,,,1,17,,1160236,43,,,1,54,,1160231,43,,,1,14,,1160226,43,,,1,17,,1160241,43,,,1,70,,1160242,43,,,1,30,,1005617,43,,,1,72,,1160221,43,,,1,30,,1160220,43,,,1,70,,1160234,43,,,1,100,,1038250,43,,,1
7000,'10',600,,1160288,43,,,1,36,,1160283,43,,,1,15,,1160287,43,,,1,54,,1160284,43,,,1,15,,1160256,43,,,1,15,,1160264,43,,,1,15,,1160268,43,,,1,54,,1160255,43,,,1,15,,1160292,43,,,1,15,,1088349,43,,,1,17,,1160254,43,,,1,53,,1160259,43,,,1,31,,1062300,43,,,1,70,,1160267,43,,,1,30,,1160278,43,,,1,70,,1160293,43,,,1,30,,1160286,43,,,1,70,,968753,43,,,1,30,,1160258,43,,,1,70,,1160279,43,,,1,30,,1160291,43,,,1,70,,1160262,43,,,1,29,,1160285,43,,,1,70,,1160275,43,,,1,29,,1160277,43,,,1,71,,1160280,43,,,1,15,,1160289,43,,,1,15,,1160273,43,,,1,15,,995378,43,,,1,55,,1084269,43,,,1,15,,1160290,43,,,1,15,,1093923,43,,,1,15,,1160269,43,,,1,55,,1160272,43,,,1,15,,1032263,43,,,1,15,,1160265,43,,,1,17,,1160276,43,,,1,54,,1160271,43,,,1,14,,1160266,43,,,1,17,,1160281,43,,,1,70,,1160282,43,,,1,30,,1005704,43,,,1,72,,1160261,43,,,1,30,,1160260,43,,,1,70,,1160274,43,,,1,100,,1038382,43,,,1
7000,'11',600,,1160328,43,,,1,36,,1160323,43,,,1,15,,1160327,43,,,1,54,,1160324,43,,,1,15,,1160296,43,,,1,15,,1160304,43,,,1,15,,1160308,43,,,1,54,,1160295,43,,,1,15,,1160332,43,,,1,15,,1088875,43,,,1,17,,1160294,43,,,1,53,,1160299,43,,,1,31,,1062688,43,,,1,70,,1160307,43,,,1,30,,1160318,43,,,1,70,,1160333,43,,,1,30,,1160326,43,,,1,70,,969027,43,,,1,30,,1160298,43,,,1,70,,1160319,43,,,1,30,,1160331,43,,,1,70,,1160302,43,,,1,29,,1160325,43,,,1,70,,1160315,43,,,1,29,,1160317,43,,,1,71,,1160320,43,,,1,15,,1160329,43,,,1,15,,1160313,43,,,1,15,,995161,43,,,1,55,,1084509,43,,,1,15,,1160330,43,,,1,15,,1094206,43,,,1,15,,1160309,43,,,1,55,,1160312,43,,,1,15,,1032030,43,,,1,15,,1160305,43,,,1,17,,1160316,43,,,1,54,,1160311,43,,,1,14,,1160306,43,,,1,17,,1160321,43,,,1,70,,1160322,43,,,1,30,,1005592,43,,,1,72,,1160301,43,,,1,30,,1160300,43,,,1,70,,1160314,43,,,1,100,,1038216,43,,,1
7000,'12',600,,1160368,43,,,1,36,,1160362,43,,,1,15,,1160339,43,,,1,54,,1160355,43,,,1,15,,1160356,43,,,1,15,,1160345,43,,,1,15,,1160352,43,,,1,54,,1160369,43,,,1,15,,1160350,43,,,1,15,,1160374,43,,,1,17,,1070273,43,,,1,53,,1160372,43,,,1,31,,1160375,43,,,1,70,,1160365,43,,,1,30,,1160337,43,,,1,70,,1160343,43,,,1,30,,1160379,43,,,1,70,,1160334,43,,,1,30,,1160349,43,,,1,70,,1160378,43,,,1,30,,1160347,43,,,1,70,,1160344,43,,,1,29,,1098529,43,,,1,70,,1160370,43,,,1,29,,1160341,43,,,1,71,,1160351,43,,,1,15,,1160367,43,,,1,15,,1160340,43,,,1,15,,1160359,43,,,1,55,,1160361,43,,,1,15,,1087158,43,,,1,15,,1160348,43,,,1,15,,1160342,43,,,1,55,,1160376,43,,,1,15,,1160335,43,,,1,15,,1160371,43,,,1,17,,1160357,43,,,1,54,,1160346,43,,,1,14,,1160373,43,,,1,17,,1160364,43,,,1,70,,1160338,43,,,1,30,,1160353,43,,,1,72,,1160363,43,,,1,30,,1160336,43,,,1,70,,1160354,43,,,1,100,,1160377,43,,,1
7000,'13',433,,1160402,11,,,1,70,,1160393,11,,,1,54,,1160404,11,,,1,70,,1160388,11,,,1,30,,1160386,11,,,1,96,,1160383,43,,,1,100,,1160392,43,,,1,102,,1079465,43,,,1,70,,1160405,43,,,1,30,,1160387,43,,,1,70,,1160400,43,,,1,30,,1160406,43,,,1,70,,1160399,43,,,1,30,,1160395,43,,,1,70,,1160390,43,,,1,30,,1160381,43,,,1,70,,1160408,43,,,1,30,,1160397,43,,,1,70,,1160398,43,,,1,30,,1160385,43,,,1,70,,1077439,43,,,1,30,,1160391,43,,,1,70,,1160389,43,,,1,30,,1160407,43,,,1,70,,1160396,43,,,1,30,,1160403,43,,,1,70,,1082590,43,,,1,30,,1160394,43,,,1,70,,1160382,43,,,1,100,,1160384,43,,,1,99,,1160401,43,,,1,105,,1160380,43,,,1
7000,'14',600,,1160451,43,,,1,36,,1160444,43,,,1,15,,1160449,43,,,1,54,,1160445,43,,,1,15,,1160414,43,,,1,15,,1160424,43,,,1,15,,1160429,43,,,1,54,,1160411,43,,,1,15,,1160455,43,,,1,15,,1160416,43,,,1,17,,1160410,43,,,1,53,,1160419,43,,,1,31,,1160450,43,,,1,70,,1160428,43,,,1,30,,1160439,43,,,1,70,,1160457,43,,,1,30,,1160448,43,,,1,70,,1160409,43,,,1,30,,1160418,43,,,1,70,,1160440,43,,,1,30,,1160454,43,,,1,70,,1160422,43,,,1,29,,1160447,43,,,1,70,,1160436,43,,,1,29,,1160438,43,,,1,71,,1160441,43,,,1,15,,1160452,43,,,1,15,,1160434,43,,,1,15,,1160412,43,,,1,55,,1160446,43,,,1,15,,1160453,43,,,1,15,,1160425,43,,,1,15,,1160430,43,,,1,55,,1160433,43,,,1,15,,1160413,43,,,1,15,,1160426,43,,,1,17,,1160437,43,,,1,54,,1160432,43,,,1,14,,1160427,43,,,1,17,,1160442,43,,,1,70,,1160443,43,,,1,30,,1160456,43,,,1,72,,1160421,43,,,1,30,,1160420,43,,,1,70,,1160435,43,,,1,100,,1160417,43,,,1
7000,'15',600,,1160504,43,,,1,36,,1160469,43,,,1,15,,1160477,43,,,1,54,,1160486,43,,,1,15,,1160496,43,,,1,15,,1160500,43,,,1,15,,1160474,43,,,1,54,,1160505,43,,,1,15,,1160462,43,,,1,15,,1160484,43,,,1,17,,1160503,43,,,1,53,,1160461,43,,,1,31,,1160487,43,,,1,70,,1160497,43,,,1,30,,1160502,43,,,1,70,,1160485,43,,,1,30,,1160471,43,,,1,70,,1160464,43,,,1,30,,1160499,43,,,1,70,,1160480,43,,,1,30,,1160490,43,,,1,70,,1160478,43,,,1,29,,1160470,43,,,1,70,,1160463,43,,,1,29,,1160458,43,,,1,71,,1160495,43,,,1,15,,1160472,43,,,1,15,,1160494,43,,,1,15,,1160479,43,,,1,55,,1160489,43,,,1,15,,1160460,43,,,1,15,,1160482,43,,,1,15,,1160467,43,,,1,55,,1160506,43,,,1,15,,1160465,43,,,1,15,,1160491,43,,,1,17,,1160476,43,,,1,54,,1160468,43,,,1,14,,1160488,43,,,1,17,,1160498,43,,,1,70,,1160475,43,,,1,30,,1160492,43,,,1,72,,1160501,43,,,1,30,,1160473,43,,,1,70,,1160481,43,,,1,100,,1160459,43,,,1
7000,'16',600,,1160539,43,,,1,36,,1160534,43,,,1,15,,1160512,43,,,1,54,,1016356,43,,,1,15,,1160528,43,,,1,15,,1160519,43,,,1,15,,1160525,43,,,1,54,,1160540,43,,,1,15,,1160523,43,,,1,15,,1160545,43,,,1,17,,1160513,43,,,1,53,,1160543,43,,,1,31,,1160547,43,,,1,70,,1088843,43,,,1,30,,1160510,43,,,1,70,,1160517,43,,,1,30,,1076345,43,,,1,70,,1160507,43,,,1,30,,1160522,43,,,1,70,,1076343,43,,,1,30,,1075063,43,,,1,70,,1160518,43,,,1,29,,1160546,43,,,1,70,,1160541,43,,,1,29,,1160515,43,,,1,71,,1160524,43,,,1,15,,1160538,43,,,1,15,,1067427,43,,,1,15,,1160531,43,,,1,55,,1160533,43,,,1,15,,1160514,43,,,1,15,,1160521,43,,,1,15,,1160516,43,,,1,55,,1160548,43,,,1,15,,1160508,43,,,1,15,,1160542,43,,,1,17,,1160529,43,,,1,54,,1160520,43,,,1,14,,1160544,43,,,1,17,,1160536,43,,,1,70,,1160511,43,,,1,30,,1160526,43,,,1,72,,1160535,43,,,1,30,,1160509,43,,,1,70,,1160527,43,,,1,100,,1160549,43,,,1
7000,'17',433,,1160573,11,,,1,70,,1160564,11,,,1,54,,1160575,11,,,1,70,,1160559,11,,,1,30,,1160557,11,,,1,96,,1160553,43,,,1,100,,1160563,43,,,1,102,,1160556,43,,,1,70,,1160576,43,,,1,30,,1160558,43,,,1,70,,1160571,43,,,1,30,,1160577,43,,,1,70,,1160570,43,,,1,30,,1160566,43,,,1,70,,1160561,43,,,1,30,,1160551,43,,,1,70,,1160579,43,,,1,30,,1160568,43,,,1,70,,1160569,43,,,1,30,,1160555,43,,,1,70,,1160581,43,,,1,30,,1160562,43,,,1,70,,1160560,43,,,1,30,,1160578,43,,,1,70,,1160567,43,,,1,30,,1160574,43,,,1,70,,1160580,43,,,1,30,,1160565,43,,,1,70,,1160552,43,,,1,100,,1160554,43,,,1,99,,1160572,43,,,1,105,,1160550,43,,,1
7000,'2',438,,1098018,11,,,1,70,,1160590,11,,,1,98,,1160599,43,,,1,30,,1072505,43,,,1,70,,1160603,43,,,1,30,,1069924,43,,,1,100,,1160586,43,,,1,102,,1160606,43,,,1,70,,1160597,43,,,1,30,,1160591,43,,,1,70,,1160598,43,,,1,30,,1160595,43,,,1,70,,1160605,43,,,1,30,,1160582,43,,,1,70,,1160585,43,,,1,30,,1064808,43,,,1,70,,1160583,43,,,1,30,,1160589,43,,,1,70,,1160587,43,,,1,30,,1160584,43,,,1,70,,1080366,43,,,1,30,,1160609,43,,,1,70,,1160588,43,,,1,30,,1160592,43,,,1,70,,1088433,43,,,1,30,,1160608,43,,,1,70,,1160601,43,,,1,30,,1160596,43,,,1,70,,1160604,43,,,1,30,,1160594,43,,,1,70,,1160593,43,,,1,29,,1160600,43,,,1,100,,1160602,43,,,1,100,,1160607,43,,,1
7000,'3',433,,1160633,11,,,1,70,,1160624,11,,,1,54,,1160635,11,,,1,70,,1160619,11,,,1,30,,1160617,11,,,1,96,,1160613,43,,,1,100,,1160623,43,,,1,102,,1160616,43,,,1,70,,1160636,43,,,1,30,,1160618,43,,,1,70,,1160631,43,,,1,30,,1160637,43,,,1,70,,1160630,43,,,1,30,,1160626,43,,,1,70,,1160621,43,,,1,30,,1160611,43,,,1,70,,1160639,43,,,1,30,,1160628,43,,,1,70,,1160629,43,,,1,30,,1160615,43,,,1,70,,1160641,43,,,1,30,,1160622,43,,,1,70,,1160620,43,,,1,30,,1160638,43,,,1,70,,1160627,43,,,1,30,,1160634,43,,,1,70,,1160640,43,,,1,30,,1160625,43,,,1,70,,1160612,43,,,1,100,,1160614,43,,,1,99,,1160632,43,,,1,105,,1160610,43,,,1
7000,'4',433,,1160657,11,,,1,70,,1160644,11,,,1,54,,1160647,11,,,1,70,,1160654,11,,,1,30,,1160650,11,,,1,96,,1160661,43,,,1,100,,1160648,43,,,1,102,,1160645,43,,,1,70,,1160655,43,,,1,30,,1049681,43,,,1,70,,1160656,43,,,1,30,,1160649,43,,,1,70,,1160665,43,,,1,30,,1160668,43,,,1,70,,1160658,43,,,1,30,,1160666,43,,,1,70,,1160659,43,,,1,30,,1160643,43,,,1,70,,1160670,43,,,1,30,,1160669,43,,,1,70,,1160671,43,,,1,30,,1160667,43,,,1,70,,1160660,43,,,1,30,,1160652,43,,,1,70,,1160651,43,,,1,30,,1015761,43,,,1,70,,1160653,43,,,1,30,,1160642,43,,,1,70,,1160664,43,,,1,100,,1160646,43,,,1,99,,1160663,43,,,1,105,,1160662,43,,,1
7000,'5',600,,1160706,43,,,1,36,,1160701,43,,,1,15,,1160705,43,,,1,54,,1160702,43,,,1,15,,1160674,43,,,1,15,,1160682,43,,,1,15,,1160686,43,,,1,54,,1160673,43,,,1,15,,1160710,43,,,1,15,,1088690,43,,,1,17,,1160672,43,,,1,53,,1160677,43,,,1,31,,1062571,43,,,1,70,,1160685,43,,,1,30,,1160696,43,,,1,70,,1160711,43,,,1,30,,1160704,43,,,1,70,,969250,43,,,1,30,,1160676,43,,,1,70,,1160697,43,,,1,30,,1160709,43,,,1,70,,1160680,43,,,1,29,,1160703,43,,,1,70,,1160693,43,,,1,29,,1160695,43,,,1,71,,1160698,43,,,1,15,,1160707,43,,,1,15,,1160691,43,,,1,15,,994904,43,,,1,55,,1084420,43,,,1,15,,1160708,43,,,1,15,,1094104,43,,,1,15,,1160687,43,,,1,55,,1160690,43,,,1,15,,1031777,43,,,1,15,,1160683,43,,,1,17,,1160694,43,,,1,54,,1160689,43,,,1,14,,1160684,43,,,1,17,,1160699,43,,,1,70,,1160700,43,,,1,30,,1005451,43,,,1,72,,1160679,43,,,1,30,,1160678,43,,,1,70,,1160692,43,,,1,100,,1038021,43,,,1
7000,'6',600,,1160737,43,,,1,36,,1160731,43,,,1,15,,1021577,43,,,1,54,,1160724,43,,,1,15,,1160725,43,,,1,15,,1160716,43,,,1,15,,1095336,43,,,1,54,,1160738,43,,,1,15,,1160720,43,,,1,15,,995740,43,,,1,17,,1160712,43,,,1,53,,1160741,43,,,1,31,,1160744,43,,,1,70,,1160734,43,,,1,30,,1073080,43,,,1,70,,1053670,43,,,1,30,,1160746,43,,,1,70,,1088281,43,,,1,30,,1160719,43,,,1,70,,1160745,43,,,1,30,,1160718,43,,,1,70,,1160715,43,,,1,29,,1160743,43,,,1,70,,1160739,43,,,1,29,,1091977,43,,,1,71,,1160721,43,,,1,15,,1160736,43,,,1,15,,1160713,43,,,1,15,,1160728,43,,,1,55,,1160730,43,,,1,15,,1160714,43,,,1,15,,1084829,43,,,1,15,,993750,43,,,1,55,,1061868,43,,,1,15,,1098912,43,,,1,15,,1160740,43,,,1,17,,1160726,43,,,1,54,,1160717,43,,,1,14,,1160742,43,,,1,17,,1160733,43,,,1,70,,1065881,43,,,1,30,,1160722,43,,,1,72,,1160732,43,,,1,30,,1087663,43,,,1,70,,1160723,43,,,1,100,,1065910,43,,,1
7000,'7',438,,1160753,11,,,1,70,,1160757,11,,,1,98,,1160771,43,,,1,30,,1160765,43,,,1,70,,1160777,43,,,1,30,,1160754,43,,,1,100,,1160763,43,,,1,102,,1160768,43,,,1,70,,1160770,43,,,1,30,,1160759,43,,,1,70,,1160762,43,,,1,30,,1160760,43,,,1,70,,1160748,43,,,1,30,,1160747,43,,,1,70,,1160773,43,,,1,30,,1160761,43,,,1,70,,1160756,43,,,1,30,,1160758,43,,,1,70,,1160769,43,,,1,30,,1160778,43,,,1,70,,1160749,43,,,1,30,,1160776,43,,,1,70,,1160752,43,,,1,30,,1160755,43,,,1,70,,1160751,43,,,1,30,,1160750,43,,,1,70,,1160780,43,,,1,30,,1160779,43,,,1,70,,1160766,43,,,1,30,,1160775,43,,,1,70,,1160774,43,,,1,29,,1160772,43,,,1,100,,1160767,43,,,1,100,,1160764,43,,,1
7000,'8',600,,1160817,43,,,1,36,,1160811,43,,,1,15,,1160786,43,,,1,54,,1160804,43,,,1,15,,1160805,43,,,1,15,,1160794,43,,,1,15,,1160801,43,,,1,54,,1160818,43,,,1,15,,1160799,43,,,1,15,,1160823,43,,,1,17,,1160787,43,,,1,53,,1160821,43,,,1,31,,1160825,43,,,1,70,,1160814,43,,,1,30,,1160784,43,,,1,70,,1160792,43,,,1,30,,1160829,43,,,1,70,,1160781,43,,,1,30,,1160798,43,,,1,70,,1160828,43,,,1,30,,1160796,43,,,1,70,,1160793,43,,,1,29,,1160824,43,,,1,70,,1160819,43,,,1,29,,1160790,43,,,1,71,,1160800,43,,,1,15,,1160816,43,,,1,15,,1160788,43,,,1,15,,1160808,43,,,1,55,,1160810,43,,,1,15,,1160789,43,,,1,15,,1160797,43,,,1,15,,1160791,43,,,1,55,,1160826,43,,,1,15,,1160782,43,,,1,15,,1160820,43,,,1,17,,1160806,43,,,1,54,,1160795,43,,,1,14,,1160822,43,,,1,17,,1160813,43,,,1,70,,1160785,43,,,1,30,,1160802,43,,,1,72,,1160812,43,,,1,30,,1160783,43,,,1,70,,1160803,43,,,1,100,,1160827,43,,,1
7000,'9',600,,1160864,43,,,1,36,,1160859,43,,,1,15,,1160863,43,,,1,54,,1160860,43,,,1,15,,1160832,43,,,1,15,,1160840,43,,,1,15,,1160844,43,,,1,54,,1160831,43,,,1,15,,1160868,43,,,1,15,,1088475,43,,,1,17,,1160830,43,,,1,53,,1160835,43,,,1,31,,1062399,43,,,1,70,,1160843,43,,,1,30,,1160854,43,,,1,70,,1160869,43,,,1,30,,1160862,43,,,1,70,,969198,43,,,1,30,,1160834,43,,,1,70,,1160855,43,,,1,30,,1160867,43,,,1,70,,1160838,43,,,1,29,,1160861,43,,,1,70,,1160851,43,,,1,29,,1160853,43,,,1,71,,1160856,43,,,1,15,,1160865,43,,,1,15,,1160849,43,,,1,15,,995257,43,,,1,55,,1084330,43,,,1,15,,1160866,43,,,1,15,,1093993,43,,,1,15,,1160845,43,,,1,55,,1160848,43,,,1,15,,1032138,43,,,1,15,,1160841,43,,,1,17,,1160852,43,,,1,54,,1160847,43,,,1,14,,1160842,43,,,1,17,,1160857,43,,,1,70,,1160858,43,,,1,30,,1005642,43,,,1,72,,1160837,43,,,1,30,,1160836,43,,,1,70,,1160850,43,,,1,100,,1038284,43,,,1
67900,'1',723,,1093800,18,,,1,5,,1200368,18,,,1,5,,1072340,18,,,1
67900,'10',723,,1093600,18,,,1,5,,1200369,18,,,1,5,,1072194,18,,,1
67900,'11',723,,1093860,18,,,1,5,,1200370,18,,,1,5,,1072376,18,,,1
67900,'12',723,,1200372,18,,,1,5,,1200371,18,,,1,5,,1200373,18,,,1
67900,'14',723,,1200375,18,,,1,5,,1200376,18,,,1,5,,1200374,18,,,1
67900,'15',723,,1200377,18,,,1,5,,1200378,18,,,1,5,,1200379,18,,,1
67900,'16',723,,1200381,18,,,1,5,,1200380,18,,,1,5,,1200382,18,,,1
67900,'5',723,,1093765,18,,,1,5,,1200383,18,,,1,5,,1072319,18,,,1
67900,'6',723,,1200384,18,,,1,5,,1103688,18,,,1,5,,1200385,18,,,1
67900,'8',723,,1200387,18,,,1,5,,1200386,18,,,1,5,,1200388,18,,,1
67900,'9',723,,1093656,18,,,1,5,,1200389,18,,,1,5,,1072241,18,,,1
