1201,'1',404,,1116410,5,0,68,1,20,,1116366,5,0,68,1,32,,1116392,5,0,68,1,70,,1116404,5,0,68,1,25,,1090007,5,,,1,61,,1116377,5,,,1,15,,1116407,5,,,1,15,,1116397,5,,,1,14,,976291,5,,,1,55,,1116374,5,,,1,16,,1116381,5,,,1,14,,1116413,5,,,1,15,,1116387,5,,,1,56,,1116408,5,,,1,14,,893678,5,,,1,14,,1116382,5,,,1,15,,1042447,5,,,1,55,,1076304,5,,,1,15,,1081667,5,,,1,15,,1054849,5,,,1,15,,1116390,5,,,1,54,,1116412,5,,,1,14,,1116394,5,,,1,14,,1116368,5,,,1,14,,1116369,5,,,1,55,,1116395,5,,,1,15,,1057410,5,,,1,15,,1116358,5,,,1,16,,1116352,5,,,1,56,,1116398,5,,,1,16,,1116384,5,,,1,16,,1116406,5,,,1,16,,1116375,5,,,1,54,,1116376,5,,,1,15,,1116414,5,,,1,15,,989764,5,,,1,15,,954769,5,,,1,55,,1116356,5,,,1,15,,1116405,5,,,1,15,,1116402,5,,,1,68,,1116378,5,,,1,19,,1116389,5,,,1,16,,1116399,5,,,1,16,,1071432,5,,,1,55,,1116386,5,,,1,15,,1116367,5,,,1,16,,1116362,5,,,1,14,,1116360,5,,,1,55,,975108,5,,,1,15,,1116400,5,,,1,15,,1116372,5,0,68,1,15,,1116361,5,,,1,55,,1116370,5,0,68,1,15,,1116380,5,,,1,14,,1116411,5,0,68,1,15,,1116393,5,,,1,54,,1116359,5,0,68,1,14,,1070595,5,,,1,15,,1116385,5,0,68,1,14,,1116391,5,,,1,55,,1116355,5,0,68,1,15,,1116379,5,,,1,15,,1116403,5,0,68,1,15,,1116388,5,,,1,55,,1116354,5,0,68,1,15,,1116401,5,,,1,15,,1116396,5,0,68,1,14,,1116365,5,,,1,55,,1116371,5,0,68,1,15,,1116383,5,,,1,19,,1116363,5,0,68,1,60,,1116364,5,0,68,1,29,,1116409,5,0,68,1,71,,1116357,5,0,68,1,30,,1116373,5,0,68,1,80,,1116353,5,0,68,1
1201,'10',404,,1116473,5,0,68,1,20,,1116429,5,0,68,1,32,,1116455,5,0,68,1,70,,1116467,5,0,68,1,25,,1089865,5,,,1,61,,1116440,5,,,1,15,,1116470,5,,,1,15,,1116460,5,,,1,14,,975964,5,,,1,55,,1116437,5,,,1,16,,1116444,5,,,1,14,,1116476,5,,,1,15,,1116450,5,,,1,56,,1116471,5,,,1,14,,893718,5,,,1,14,,1116445,5,,,1,15,,1042572,5,,,1,55,,1076093,5,,,1,15,,1081475,5,,,1,15,,1054915,5,,,1,15,,1116453,5,,,1,54,,1116475,5,,,1,14,,1116457,5,,,1,14,,1116431,5,,,1,14,,1116432,5,,,1,55,,1116458,5,,,1,15,,1057501,5,,,1,15,,1116421,5,,,1,16,,1116415,5,,,1,56,,1116461,5,,,1,16,,1116447,5,,,1,16,,1116469,5,,,1,16,,1116438,5,,,1,54,,1116439,5,,,1,15,,1116477,5,,,1,15,,989584,5,,,1,15,,954326,5,,,1,55,,1116419,5,,,1,15,,1116468,5,,,1,15,,1116465,5,,,1,68,,1116441,5,,,1,19,,1116452,5,,,1,16,,1116462,5,,,1,16,,1071396,5,,,1,55,,1116449,5,,,1,15,,1116430,5,,,1,16,,1116425,5,,,1,14,,1116423,5,,,1,55,,974918,5,,,1,15,,1116463,5,,,1,15,,1116435,5,0,68,1,15,,1116424,5,,,1,55,,1116433,5,0,68,1,15,,1116443,5,,,1,14,,1116474,5,0,68,1,15,,1116456,5,,,1,54,,1116422,5,0,68,1,14,,1070409,5,,,1,15,,1116448,5,0,68,1,14,,1116454,5,,,1,55,,1116418,5,0,68,1,15,,1116442,5,,,1,15,,1116466,5,0,68,1,15,,1116451,5,,,1,55,,1116417,5,0,68,1,15,,1116464,5,,,1,15,,1116459,5,0,68,1,14,,1116428,5,,,1,55,,1116434,5,0,68,1,15,,1116446,5,,,1,19,,1116426,5,0,68,1,60,,1116427,5,0,68,1,29,,1116472,5,0,68,1,71,,1116420,5,0,68,1,30,,1116436,5,0,68,1,80,,1116416,5,0,68,1
1201,'11',404,,1116536,5,0,68,1,20,,1116492,5,0,68,1,32,,1116518,5,0,68,1,70,,1116530,5,0,68,1,25,,1090050,5,,,1,61,,1116503,5,,,1,15,,1116533,5,,,1,15,,1116523,5,,,1,14,,976243,5,,,1,55,,1116500,5,,,1,16,,1116507,5,,,1,14,,1116539,5,,,1,15,,1116513,5,,,1,56,,1116534,5,,,1,14,,893606,5,,,1,14,,1116508,5,,,1,15,,1042411,5,,,1,55,,1076369,5,,,1,15,,1081724,5,,,1,15,,1054832,5,,,1,15,,1116516,5,,,1,54,,1116538,5,,,1,14,,1116520,5,,,1,14,,1116494,5,,,1,14,,1116495,5,,,1,55,,1116521,5,,,1,15,,1057383,5,,,1,15,,1116484,5,,,1,16,,1116478,5,,,1,56,,1116524,5,,,1,16,,1116510,5,,,1,16,,1116532,5,,,1,16,,1116501,5,,,1,54,,1116502,5,,,1,15,,1116540,5,,,1,15,,989739,5,,,1,15,,954706,5,,,1,55,,1116482,5,,,1,15,,1116531,5,,,1,15,,1116528,5,,,1,68,,1116504,5,,,1,19,,1116515,5,,,1,16,,1116525,5,,,1,16,,1071444,5,,,1,55,,1116512,5,,,1,15,,1116493,5,,,1,16,,1116488,5,,,1,14,,1116486,5,,,1,55,,975080,5,,,1,15,,1116526,5,,,1,15,,1116498,5,0,68,1,15,,1116487,5,,,1,55,,1116496,5,0,68,1,15,,1116506,5,,,1,14,,1116537,5,0,68,1,15,,1116519,5,,,1,54,,1116485,5,0,68,1,14,,1070649,5,,,1,15,,1116511,5,0,68,1,14,,1116517,5,,,1,55,,1116481,5,0,68,1,15,,1116505,5,,,1,15,,1116529,5,0,68,1,15,,1116514,5,,,1,55,,1116480,5,0,68,1,15,,1116527,5,,,1,15,,1116522,5,0,68,1,14,,1116491,5,,,1,55,,1116497,5,0,68,1,15,,1116509,5,,,1,19,,1116489,5,0,68,1,60,,1116490,5,0,68,1,29,,1116535,5,0,68,1,71,,1116483,5,0,68,1,30,,1116499,5,0,68,1,80,,1116479,5,0,68,1
1201,'12',404,,1116571,5,0,68,1,20,,1116584,5,0,68,1,32,,1075864,5,0,68,1,70,,1116557,5,0,68,1,25,,1116608,5,,,1,61,,1116560,5,,,1,15,,1116543,5,,,1,15,,1116582,5,,,1,14,,1116549,5,,,1,55,,1116585,5,,,1,16,,1116554,5,,,1,14,,1116576,5,,,1,15,,1116555,5,,,1,56,,1116594,5,,,1,14,,1116607,5,,,1,14,,1116597,5,,,1,15,,1116598,5,,,1,55,,1116573,5,,,1,15,,1116567,5,,,1,15,,1116559,5,,,1,15,,1116605,5,,,1,54,,1088671,5,,,1,14,,1116591,5,,,1,14,,1116587,5,,,1,14,,1116564,5,,,1,55,,1116583,5,,,1,15,,1116606,5,,,1,15,,1091570,5,,,1,16,,1116604,5,,,1,56,,1116572,5,,,1,16,,1116589,5,,,1,16,,1116596,5,,,1,16,,1116558,5,,,1,54,,1116602,5,,,1,15,,1073605,5,,,1,15,,1116541,5,,,1,15,,1116588,5,,,1,55,,1116579,5,,,1,15,,1116599,5,,,1,15,,1116600,5,,,1,68,,1072586,5,,,1,19,,1025522,5,,,1,16,,1116578,5,,,1,16,,1116556,5,,,1,55,,1116601,5,,,1,15,,1116593,5,,,1,16,,1116581,5,,,1,14,,1116580,5,,,1,55,,1116551,5,,,1,15,,1116609,5,,,1,15,,1116553,5,0,68,1,15,,1116544,5,,,1,55,,1116566,5,0,68,1,15,,1116590,5,,,1,14,,1116561,5,0,68,1,15,,1116548,5,,,1,54,,1116586,5,0,68,1,14,,1116542,5,,,1,15,,1116565,5,0,68,1,14,,1116574,5,,,1,55,,1116547,5,0,68,1,15,,1116570,5,,,1,15,,1116577,5,0,68,1,15,,1116550,5,,,1,55,,1116603,5,0,68,1,15,,1116545,5,,,1,15,,1116568,5,0,68,1,14,,1116569,5,,,1,55,,1116552,5,0,68,1,15,,1116595,5,,,1,19,,1116563,5,0,68,1,60,,1116610,5,0,68,1,29,,1116592,5,0,68,1,71,,1116546,5,0,68,1,30,,1116562,5,0,68,1,80,,1116575,5,0,68,1
1201,'13',557,,1116656,5,0,68,1,70,,1075374,5,0,68,1,30,,1116622,5,0,68,1,70,,1039695,5,0,68,1,30,,1073168,5,,,1,71,,1116652,5,,,1,23,,1116651,5,,,1,55,,1067911,5,0,68,1,15,,1116639,5,,,1,15,,1116653,5,0,68,1,15,,1116659,5,,,1,55,,1116632,5,0,68,1,15,,1116643,5,,,1,15,,1116658,5,0,68,1,15,,1116634,5,,,1,55,,1116646,5,0,68,1,15,,1116633,5,,,1,15,,1116619,5,0,68,1,15,,1116635,5,,,1,55,,1116618,5,0,68,1,15,,1116614,5,,,1,15,,1116611,5,0,68,1,15,,1116616,5,,,1,55,,1116625,5,0,68,1,15,,1116657,5,,,1,15,,1116648,5,0,68,1,15,,1116629,5,,,1,55,,1116654,5,0,68,1,15,,1116647,5,,,1,15,,1116644,5,0,68,1,15,,1116623,5,,,1,55,,1116615,5,0,68,1,15,,1116655,5,,,1,15,,1066416,5,0,68,1,15,,1116638,5,,,1,55,,1116612,5,0,68,1,15,,1116630,5,,,1,15,,1116627,5,0,68,1,15,,1116640,5,,,1,55,,1116624,5,0,68,1,15,,1116636,5,,,1,15,,1116649,5,0,68,1,70,,1116645,5,,,1,30,,1116641,5,0,68,1,70,,1116628,5,0,68,1,30,,1116621,5,0,68,1,69,,1116613,5,0,68,1,30,,1095842,5,0,68,1,70,,1116637,5,0,68,1,30,,1116620,5,0,68,1,70,,1116617,5,0,68,1,30,,1116642,5,0,68,1,70,,1116650,5,0,68,1,30,,1116626,5,0,68,1,80,,1116631,5,0,68,1
1201,'14',404,,1116728,5,0,68,1,20,,1116684,5,0,68,1,32,,1116710,5,0,68,1,70,,1116722,5,0,68,1,25,,1116665,5,,,1,61,,1116695,5,,,1,15,,1116725,5,,,1,15,,1116715,5,,,1,14,,1116735,5,,,1,55,,1116692,5,,,1,16,,1116699,5,,,1,14,,1116731,5,,,1,15,,1116705,5,,,1,56,,1116726,5,,,1,14,,1116670,5,,,1,14,,1116700,5,,,1,15,,1116733,5,,,1,55,,1116676,5,,,1,15,,1116663,5,,,1,15,,1116732,5,,,1,15,,1116708,5,,,1,54,,1116730,5,,,1,14,,1116712,5,,,1,14,,1116686,5,,,1,14,,1116687,5,,,1,55,,1116713,5,,,1,15,,1116664,5,,,1,15,,1116674,5,,,1,16,,1116660,5,,,1,56,,1116716,5,,,1,16,,1116702,5,,,1,16,,1116724,5,,,1,16,,1116693,5,,,1,54,,1116694,5,,,1,15,,1116734,5,,,1,15,,1116668,5,,,1,15,,1116671,5,,,1,55,,1116667,5,,,1,15,,1116723,5,,,1,15,,1116720,5,,,1,68,,1116696,5,,,1,19,,1116707,5,,,1,16,,1116717,5,,,1,16,,1116675,5,,,1,55,,1116704,5,,,1,15,,1116685,5,,,1,16,,1116680,5,,,1,14,,1116678,5,,,1,55,,1116669,5,,,1,15,,1116718,5,,,1,15,,1116690,5,0,68,1,15,,1116679,5,,,1,55,,1116688,5,0,68,1,15,,1116698,5,,,1,14,,1116729,5,0,68,1,15,,1116711,5,,,1,54,,1116677,5,0,68,1,14,,1116672,5,,,1,15,,1116703,5,0,68,1,14,,1116709,5,,,1,55,,1116666,5,0,68,1,15,,1116697,5,,,1,15,,1116721,5,0,68,1,15,,1116706,5,,,1,55,,1116662,5,0,68,1,15,,1116719,5,,,1,15,,1116714,5,0,68,1,14,,1116683,5,,,1,55,,1116689,5,0,68,1,15,,1116701,5,,,1,19,,1116681,5,0,68,1,60,,1116682,5,0,68,1,29,,1116727,5,0,68,1,71,,1116673,5,0,68,1,30,,1116691,5,0,68,1,80,,1116661,5,0,68,1
1201,'15',404,,1116740,5,0,68,1,20,,1116807,5,0,68,1,32,,1116788,5,0,68,1,70,,1116802,5,0,68,1,25,,1116760,5,,,1,61,,1116781,5,,,1,15,,1116751,5,,,1,15,,1116800,5,,,1,14,,1116757,5,,,1,55,,1116741,5,,,1,16,,1116749,5,,,1,14,,1116773,5,,,1,15,,1116803,5,,,1,56,,1116748,5,,,1,14,,1116780,5,,,1,14,,1116776,5,,,1,15,,1116810,5,,,1,55,,1116801,5,,,1,15,,1116805,5,,,1,15,,1116797,5,,,1,15,,1116786,5,,,1,54,,1116743,5,,,1,14,,1116755,5,,,1,14,,1116753,5,,,1,14,,1116758,5,,,1,55,,1116738,5,,,1,15,,1116795,5,,,1,15,,1116746,5,,,1,16,,1116787,5,,,1,56,,1116762,5,,,1,16,,1116771,5,,,1,16,,1116792,5,,,1,16,,1116784,5,,,1,54,,1116747,5,,,1,15,,1116782,5,,,1,15,,1116763,5,,,1,15,,1116794,5,,,1,55,,1116806,5,,,1,15,,1116811,5,,,1,15,,1116791,5,,,1,68,,1116774,5,,,1,19,,1116775,5,,,1,16,,1116737,5,,,1,16,,1116777,5,,,1,55,,1116766,5,,,1,15,,1116789,5,,,1,16,,1116790,5,,,1,14,,1116793,5,,,1,55,,1116756,5,,,1,15,,1116804,5,,,1,15,,1116772,5,0,68,1,15,,1116799,5,,,1,55,,1116796,5,0,68,1,15,,1116739,5,,,1,14,,1116750,5,0,68,1,15,,1116768,5,,,1,54,,1116765,5,0,68,1,14,,1116759,5,,,1,15,,1116764,5,0,68,1,14,,1116779,5,,,1,55,,1116783,5,0,68,1,15,,1116761,5,,,1,15,,1116785,5,0,68,1,15,,1116744,5,,,1,55,,1116809,5,0,68,1,15,,1116752,5,,,1,15,,1116745,5,0,68,1,14,,1116778,5,,,1,55,,1116736,5,0,68,1,15,,1116767,5,,,1,19,,1116742,5,0,68,1,60,,1116770,5,0,68,1,29,,1116808,5,0,68,1,71,,1116769,5,0,68,1,30,,1116754,5,0,68,1,80,,1116798,5,0,68,1
1201,'16',404,,1116839,5,0,68,1,20,,1116852,5,0,68,1,32,,1116820,5,0,68,1,70,,1116825,5,0,68,1,25,,1101440,5,,,1,61,,1116828,5,,,1,15,,1116813,5,,,1,15,,1116850,5,,,1,14,,1084479,5,,,1,55,,1116853,5,,,1,16,,1116822,5,,,1,14,,1116844,5,,,1,15,,1116823,5,,,1,56,,1116862,5,,,1,14,,1116876,5,,,1,14,,1116865,5,,,1,15,,1116866,5,,,1,55,,1116841,5,,,1,15,,1116835,5,,,1,15,,1116827,5,,,1,15,,1116874,5,,,1,54,,1116878,5,,,1,14,,1116859,5,,,1,14,,1116855,5,,,1,14,,1116832,5,,,1,55,,1116851,5,,,1,15,,1116875,5,,,1,15,,1116879,5,,,1,16,,1116873,5,,,1,56,,1116840,5,,,1,16,,1116857,5,,,1,16,,1116864,5,,,1,16,,1116826,5,,,1,54,,1116871,5,,,1,15,,1116877,5,,,1,15,,1116812,5,,,1,15,,1116856,5,,,1,55,,1116847,5,,,1,15,,1116867,5,,,1,15,,1116868,5,,,1,68,,1116870,5,,,1,19,,1116816,5,,,1,16,,1116846,5,,,1,16,,1116824,5,,,1,55,,1116869,5,,,1,15,,1116861,5,,,1,16,,1116849,5,,,1,14,,1116848,5,,,1,55,,999253,5,,,1,15,,1098579,5,,,1,15,,1116821,5,0,68,1,15,,1116814,5,,,1,55,,1116834,5,0,68,1,15,,1116858,5,,,1,14,,1116829,5,0,68,1,15,,1053943,5,,,1,54,,1116854,5,0,68,1,14,,1082663,5,,,1,15,,1116833,5,0,68,1,14,,1116842,5,,,1,55,,1116817,5,0,68,1,15,,1116838,5,,,1,15,,1116845,5,0,68,1,15,,1116818,5,,,1,55,,1116872,5,0,68,1,15,,1116815,5,,,1,15,,1116836,5,0,68,1,14,,1116837,5,,,1,55,,1116819,5,0,68,1,15,,1116863,5,,,1,19,,1116831,5,0,68,1,60,,1070070,5,0,68,1,29,,1116860,5,0,68,1,71,,1071303,5,0,68,1,30,,1116830,5,0,68,1,80,,1116843,5,0,68,1
1201,'17',557,,1116926,5,0,68,1,70,,1116929,5,0,68,1,30,,1116891,5,0,68,1,70,,1116930,5,0,68,1,30,,1116900,5,,,1,71,,1116922,5,,,1,23,,1116921,5,,,1,55,,1116933,5,0,68,1,15,,1116909,5,,,1,15,,1116923,5,0,68,1,15,,1116931,5,,,1,55,,1116902,5,0,68,1,15,,1116913,5,,,1,15,,1116928,5,0,68,1,15,,1116904,5,,,1,55,,1116916,5,0,68,1,15,,1116903,5,,,1,15,,1116888,5,0,68,1,15,,1116905,5,,,1,55,,1116887,5,0,68,1,15,,1116883,5,,,1,15,,1116880,5,0,68,1,15,,1116885,5,,,1,55,,1116894,5,0,68,1,15,,1116927,5,,,1,15,,1116918,5,0,68,1,15,,1116898,5,,,1,55,,1116924,5,0,68,1,15,,1116917,5,,,1,15,,1116914,5,0,68,1,15,,1116892,5,,,1,55,,1116884,5,0,68,1,15,,1116925,5,,,1,15,,1116934,5,0,68,1,15,,1116908,5,,,1,55,,1116881,5,0,68,1,15,,1116899,5,,,1,15,,1116896,5,0,68,1,15,,1116910,5,,,1,55,,1116893,5,0,68,1,15,,1116906,5,,,1,15,,1116919,5,0,68,1,70,,1116915,5,,,1,30,,1116911,5,0,68,1,70,,1116897,5,0,68,1,30,,1116890,5,0,68,1,69,,1116882,5,0,68,1,30,,1116932,5,0,68,1,70,,1116907,5,0,68,1,30,,1116889,5,0,68,1,70,,1116886,5,0,68,1,30,,1116912,5,0,68,1,70,,1116920,5,0,68,1,30,,1116895,5,0,68,1,80,,1116901,5,0,68,1
1201,'2',446,,1116936,5,0,68,1,70,,1116971,5,0,68,1,30,,1116962,5,0,68,1,70,,1116960,5,0,68,1,30,,1116959,5,0,68,1,70,,1116991,5,,,1,30,,1116976,5,,,1,54,,1116988,5,0,68,1,15,,1072226,5,,,1,14,,1116957,5,0,68,1,15,,1116964,5,,,1,15,,1116956,5,0,68,1,55,,1116958,5,,,1,15,,1093949,5,0,68,1,15,,1116967,5,,,1,15,,1116978,5,0,68,1,55,,1116947,5,,,1,15,,1116963,5,0,68,1,15,,1116985,5,,,1,15,,1116990,5,0,68,1,55,,1116973,5,,,1,15,,1116982,5,0,68,1,15,,1116993,5,,,1,15,,1116987,5,0,68,1,55,,1116951,5,,,1,15,,1116997,5,0,68,1,15,,1116972,5,,,1,15,,1116986,5,0,68,1,55,,1116977,5,,,1,15,,1116950,5,0,68,1,15,,1116955,5,,,1,15,,1116938,5,0,68,1,55,,1116965,5,,,1,15,,1116974,5,0,68,1,15,,1116940,5,,,1,15,,1116966,5,0,68,1,55,,1116949,5,,,1,15,,1116981,5,0,68,1,15,,1116942,5,,,1,15,,1116953,5,0,68,1,52,,1116970,5,,,1,18,,1116946,5,0,68,1,15,,1116996,5,,,1,15,,1116995,5,0,68,1,55,,1116992,5,,,1,15,,1116975,5,0,68,1,15,,1116979,5,,,1,15,,1116944,5,0,68,1,55,,1116948,5,,,1,15,,1116939,5,0,68,1,15,,1116935,5,,,1,15,,1116969,5,0,68,1,55,,1116980,5,,,1,15,,1116937,5,0,68,1,15,,1094454,5,,,1,15,,1116954,5,0,68,1,54,,1116941,5,,,1,15,,1116994,5,0,68,1,18,,1116945,5,,,1,70,,1116943,5,0,68,1,30,,1116989,5,,,1,70,,1116984,5,0,68,1,30,,1116952,5,,,1,70,,1116983,5,0,68,1,30,,1116961,5,0,68,1,70,,1095783,5,0,68,1,30,,1116968,5,0,68,1
1201,'3',557,,1117044,5,0,68,1,70,,1117047,5,0,68,1,30,,1117009,5,0,68,1,70,,1117048,5,0,68,1,30,,1117018,5,,,1,71,,1117040,5,,,1,23,,1117039,5,,,1,55,,1117051,5,0,68,1,15,,1117027,5,,,1,15,,1117041,5,0,68,1,15,,1117049,5,,,1,55,,1117020,5,0,68,1,15,,1117031,5,,,1,15,,1117046,5,0,68,1,15,,1117022,5,,,1,55,,1117034,5,0,68,1,15,,1117021,5,,,1,15,,1117006,5,0,68,1,15,,1117023,5,,,1,55,,1117005,5,0,68,1,15,,1117001,5,,,1,15,,1116998,5,0,68,1,15,,1117003,5,,,1,55,,1117012,5,0,68,1,15,,1117045,5,,,1,15,,1117036,5,0,68,1,15,,1117016,5,,,1,55,,1117042,5,0,68,1,15,,1117035,5,,,1,15,,1117032,5,0,68,1,15,,1117010,5,,,1,55,,1117002,5,0,68,1,15,,1117043,5,,,1,15,,1117052,5,0,68,1,15,,1117026,5,,,1,55,,1116999,5,0,68,1,15,,1117017,5,,,1,15,,1117014,5,0,68,1,15,,1117028,5,,,1,55,,1117011,5,0,68,1,15,,1117024,5,,,1,15,,1117037,5,0,68,1,70,,1117033,5,,,1,30,,1117029,5,0,68,1,70,,1117015,5,0,68,1,30,,1117008,5,0,68,1,69,,1117000,5,0,68,1,30,,1117050,5,0,68,1,70,,1117025,5,0,68,1,30,,1117007,5,0,68,1,70,,1117004,5,0,68,1,30,,1117030,5,0,68,1,70,,1117038,5,0,68,1,30,,1117013,5,0,68,1,80,,1117019,5,0,68,1
1201,'4',557,,1117062,5,0,68,1,70,,1117073,5,0,68,1,30,,1117097,5,0,68,1,70,,1117089,5,0,68,1,30,,1094044,5,,,1,71,,1117098,5,,,1,23,,1117099,5,,,1,55,,1117090,5,0,68,1,15,,1117094,5,,,1,15,,1117060,5,0,68,1,15,,1117058,5,,,1,55,,1117057,5,0,68,1,15,,1117093,5,,,1,15,,1117065,5,0,68,1,15,,1117080,5,,,1,55,,1065378,5,0,68,1,15,,1117054,5,,,1,15,,1092374,5,0,68,1,15,,1117053,5,,,1,55,,1117103,5,0,68,1,15,,1117087,5,,,1,15,,1117074,5,0,68,1,15,,1117102,5,,,1,55,,1117061,5,0,68,1,15,,1117082,5,,,1,15,,1117100,5,0,68,1,15,,1117086,5,,,1,55,,1117072,5,0,68,1,15,,1117064,5,,,1,15,,1117095,5,0,68,1,15,,1117077,5,,,1,55,,1117078,5,0,68,1,15,,999048,5,,,1,15,,1117059,5,0,68,1,15,,1117085,5,,,1,55,,1117096,5,0,68,1,15,,1117071,5,,,1,15,,1117088,5,0,68,1,15,,1117084,5,,,1,55,,1117091,5,0,68,1,15,,1117079,5,,,1,15,,1117101,5,0,68,1,70,,1117055,5,,,1,30,,1117067,5,0,68,1,70,,1117069,5,0,68,1,30,,1117056,5,0,68,1,69,,1117081,5,0,68,1,30,,1117070,5,0,68,1,70,,1117076,5,0,68,1,30,,1117068,5,0,68,1,70,,1117083,5,0,68,1,30,,1117066,5,0,68,1,70,,1117092,5,0,68,1,30,,1117063,5,0,68,1,80,,1117075,5,0,68,1
1201,'5',404,,1117162,5,0,68,1,20,,1117118,5,0,68,1,32,,1117144,5,0,68,1,70,,1117156,5,0,68,1,25,,1089985,5,,,1,61,,1117129,5,,,1,15,,1117159,5,,,1,15,,1117149,5,,,1,14,,976446,5,,,1,55,,1117126,5,,,1,16,,1117133,5,,,1,14,,1117165,5,,,1,15,,1117139,5,,,1,56,,1117160,5,,,1,14,,893840,5,,,1,14,,1117134,5,,,1,15,,1042260,5,,,1,55,,1076268,5,,,1,15,,1081634,5,,,1,15,,1054716,5,,,1,15,,1117142,5,,,1,54,,1117164,5,,,1,14,,1117146,5,,,1,14,,1117120,5,,,1,14,,1117121,5,,,1,55,,1117147,5,,,1,15,,1057275,5,,,1,15,,1117110,5,,,1,16,,1117104,5,,,1,56,,1117150,5,,,1,16,,1117136,5,,,1,16,,1117158,5,,,1,16,,1117127,5,,,1,54,,1117128,5,,,1,15,,1117166,5,,,1,15,,989843,5,,,1,15,,954964,5,,,1,55,,1117108,5,,,1,15,,1117157,5,,,1,15,,1117154,5,,,1,68,,1117130,5,,,1,19,,1117141,5,,,1,16,,1117151,5,,,1,16,,1071420,5,,,1,55,,1117138,5,,,1,15,,1117119,5,,,1,16,,1117114,5,,,1,14,,1117112,5,,,1,55,,975199,5,,,1,15,,1117152,5,,,1,15,,1117124,5,0,68,1,15,,1117113,5,,,1,55,,1117122,5,0,68,1,15,,1117132,5,,,1,14,,1117163,5,0,68,1,15,,1117145,5,,,1,54,,1117111,5,0,68,1,14,,1070559,5,,,1,15,,1117137,5,0,68,1,14,,1117143,5,,,1,55,,1117107,5,0,68,1,15,,1117131,5,,,1,15,,1117155,5,0,68,1,15,,1117140,5,,,1,55,,1117106,5,0,68,1,15,,1117153,5,,,1,15,,1117148,5,0,68,1,14,,1117117,5,,,1,55,,1117123,5,0,68,1,15,,1117135,5,,,1,19,,1117115,5,0,68,1,60,,1117116,5,0,68,1,29,,1117161,5,0,68,1,71,,1117109,5,0,68,1,30,,1117125,5,0,68,1,80,,1117105,5,0,68,1
1201,'6',404,,1117193,5,0,68,1,20,,1117206,5,0,68,1,32,,1117174,5,0,68,1,70,,1117179,5,0,68,1,25,,1117232,5,,,1,61,,1117182,5,,,1,15,,1093016,5,,,1,15,,1117204,5,,,1,14,,1117172,5,,,1,55,,1117207,5,,,1,16,,1117176,5,,,1,14,,1117198,5,,,1,15,,1117177,5,,,1,56,,1117216,5,,,1,14,,1083967,5,,,1,14,,1117219,5,,,1,15,,1117220,5,,,1,55,,1117195,5,,,1,15,,1117189,5,,,1,15,,1117181,5,,,1,15,,1117228,5,,,1,54,,1117230,5,,,1,14,,1117213,5,,,1,14,,1117209,5,,,1,14,,1117186,5,,,1,55,,1117205,5,,,1,15,,1005092,5,,,1,15,,1117231,5,,,1,16,,1117227,5,,,1,56,,1117194,5,,,1,16,,1117211,5,,,1,16,,1117218,5,,,1,16,,1117180,5,,,1,54,,1117225,5,,,1,15,,1117229,5,,,1,15,,1102121,5,,,1,15,,1117210,5,,,1,55,,1117201,5,,,1,15,,1117221,5,,,1,15,,1117222,5,,,1,68,,1117224,5,,,1,19,,1117169,5,,,1,16,,1117200,5,,,1,16,,1117178,5,,,1,55,,1117223,5,,,1,15,,1117215,5,,,1,16,,1117203,5,,,1,14,,1117202,5,,,1,55,,1117173,5,,,1,15,,1117233,5,,,1,15,,1117175,5,0,68,1,15,,1117168,5,,,1,55,,1117188,5,0,68,1,15,,1117212,5,,,1,14,,1117183,5,0,68,1,15,,1117171,5,,,1,54,,1117208,5,0,68,1,14,,1117167,5,,,1,15,,1117187,5,0,68,1,14,,1117196,5,,,1,55,,1057626,5,0,68,1,15,,1117192,5,,,1,15,,1117199,5,0,68,1,15,,1025649,5,,,1,55,,1117226,5,0,68,1,15,,1086762,5,,,1,15,,1117190,5,0,68,1,14,,1117191,5,,,1,55,,1103346,5,0,68,1,15,,1117217,5,,,1,19,,1117185,5,0,68,1,60,,1117234,5,0,68,1,29,,1117214,5,0,68,1,71,,1117170,5,0,68,1,30,,1117184,5,0,68,1,80,,1117197,5,0,68,1
1201,'7',446,,1117248,5,0,68,1,70,,1117285,5,0,68,1,30,,1117258,5,0,68,1,70,,1117296,5,0,68,1,30,,1117251,5,0,68,1,70,,1117286,5,,,1,30,,1117255,5,,,1,54,,1117294,5,0,68,1,15,,1117242,5,,,1,14,,1117290,5,0,68,1,15,,1117282,5,,,1,15,,1117295,5,0,68,1,55,,1117284,5,,,1,15,,1117276,5,0,68,1,15,,1117254,5,,,1,15,,1117292,5,0,68,1,55,,1117238,5,,,1,15,,1117235,5,0,68,1,15,,1117261,5,,,1,15,,1117241,5,0,68,1,55,,1117278,5,,,1,15,,1117297,5,0,68,1,15,,1117273,5,,,1,15,,1117264,5,0,68,1,55,,1117236,5,,,1,15,,1117281,5,0,68,1,15,,1117245,5,,,1,15,,1117263,5,0,68,1,55,,1117291,5,,,1,15,,1117269,5,0,68,1,15,,1117287,5,,,1,15,,1117244,5,0,68,1,55,,1117288,5,,,1,15,,1117289,5,0,68,1,15,,1117250,5,,,1,15,,1117275,5,0,68,1,55,,1117299,5,,,1,15,,1117240,5,0,68,1,15,,1117277,5,,,1,15,,1117270,5,0,68,1,52,,1117300,5,,,1,18,,1117246,5,0,68,1,15,,1117301,5,,,1,15,,1117272,5,0,68,1,55,,1117247,5,,,1,15,,1117267,5,0,68,1,15,,1117274,5,,,1,15,,1117262,5,0,68,1,55,,1117266,5,,,1,15,,1117256,5,0,68,1,15,,1117257,5,,,1,15,,1117279,5,0,68,1,55,,1117237,5,,,1,15,,1117243,5,0,68,1,15,,1117271,5,,,1,15,,1117280,5,0,68,1,54,,1117249,5,,,1,15,,1117268,5,0,68,1,18,,1117283,5,,,1,70,,1117253,5,0,68,1,30,,1117293,5,,,1,70,,1117259,5,0,68,1,30,,1117239,5,,,1,70,,1117252,5,0,68,1,30,,1117265,5,0,68,1,70,,1117260,5,0,68,1,30,,1117298,5,0,68,1
1201,'8',404,,1117334,5,0,68,1,20,,1117347,5,0,68,1,32,,1117315,5,0,68,1,70,,1117320,5,0,68,1,25,,1117375,5,,,1,61,,1117323,5,,,1,15,,1117304,5,,,1,15,,1117345,5,,,1,14,,1117311,5,,,1,55,,1117348,5,,,1,16,,1117317,5,,,1,14,,1117339,5,,,1,15,,1117318,5,,,1,56,,1117357,5,,,1,14,,1117371,5,,,1,14,,1117360,5,,,1,15,,1117361,5,,,1,55,,1117336,5,,,1,15,,1117330,5,,,1,15,,1117322,5,,,1,15,,1117369,5,,,1,54,,1117373,5,,,1,14,,1117354,5,,,1,14,,1117350,5,,,1,14,,1117327,5,,,1,55,,1117346,5,,,1,15,,1117370,5,,,1,15,,1117374,5,,,1,16,,1117368,5,,,1,56,,1117335,5,,,1,16,,1117352,5,,,1,16,,1117359,5,,,1,16,,1117321,5,,,1,54,,1117366,5,,,1,15,,1117372,5,,,1,15,,1117302,5,,,1,15,,1117351,5,,,1,55,,1117342,5,,,1,15,,1117362,5,,,1,15,,1117363,5,,,1,68,,1117365,5,,,1,19,,1117307,5,,,1,16,,1117341,5,,,1,16,,1117319,5,,,1,55,,1117364,5,,,1,15,,1117356,5,,,1,16,,1117344,5,,,1,14,,1117343,5,,,1,55,,1117313,5,,,1,15,,1117376,5,,,1,15,,1117316,5,0,68,1,15,,1117305,5,,,1,55,,1117329,5,0,68,1,15,,1117353,5,,,1,14,,1117324,5,0,68,1,15,,1117310,5,,,1,54,,1117349,5,0,68,1,14,,1117303,5,,,1,15,,1117328,5,0,68,1,14,,1117337,5,,,1,55,,1117309,5,0,68,1,15,,1117333,5,,,1,15,,1117340,5,0,68,1,15,,1117312,5,,,1,55,,1117367,5,0,68,1,15,,1117306,5,,,1,15,,1117331,5,0,68,1,14,,1117332,5,,,1,55,,1117314,5,0,68,1,15,,1117358,5,,,1,19,,1117326,5,0,68,1,60,,1117377,5,0,68,1,29,,1117355,5,0,68,1,71,,1117308,5,0,68,1,30,,1117325,5,0,68,1,80,,1117338,5,0,68,1
1201,'9',404,,1117436,5,0,68,1,20,,1117392,5,0,68,1,32,,1117418,5,0,68,1,70,,1117430,5,0,68,1,25,,1089910,5,,,1,61,,1117403,5,,,1,15,,1117433,5,,,1,15,,1117423,5,,,1,14,,976398,5,,,1,55,,1117400,5,,,1,16,,1117407,5,,,1,14,,1117439,5,,,1,15,,1117413,5,,,1,56,,1117434,5,,,1,14,,893758,5,,,1,14,,1117408,5,,,1,15,,1042483,5,,,1,55,,1076157,5,,,1,15,,1081532,5,,,1,15,,1054866,5,,,1,15,,1117416,5,,,1,54,,1117438,5,,,1,14,,1117420,5,,,1,14,,1117394,5,,,1,14,,1117395,5,,,1,55,,1117421,5,,,1,15,,1057437,5,,,1,15,,1117384,5,,,1,16,,1117378,5,,,1,56,,1117424,5,,,1,16,,1117410,5,,,1,16,,1117432,5,,,1,16,,1117401,5,,,1,54,,1117402,5,,,1,15,,1117440,5,,,1,15,,989818,5,,,1,15,,954901,5,,,1,55,,1117382,5,,,1,15,,1117431,5,,,1,15,,1117428,5,,,1,68,,1117404,5,,,1,19,,1117415,5,,,1,16,,1117425,5,,,1,16,,1071408,5,,,1,55,,1117412,5,,,1,15,,1117393,5,,,1,16,,1117388,5,,,1,14,,1117386,5,,,1,55,,975171,5,,,1,15,,1117426,5,,,1,15,,1117398,5,0,68,1,15,,1117387,5,,,1,55,,1117396,5,0,68,1,15,,1117406,5,,,1,14,,1117437,5,0,68,1,15,,1117419,5,,,1,54,,1117385,5,0,68,1,14,,1070468,5,,,1,15,,1117411,5,0,68,1,14,,1117417,5,,,1,55,,1117381,5,0,68,1,15,,1117405,5,,,1,15,,1117429,5,0,68,1,15,,1117414,5,,,1,55,,1117380,5,0,68,1,15,,1117427,5,,,1,15,,1117422,5,0,68,1,14,,1117391,5,,,1,55,,1117397,5,0,68,1,15,,1117409,5,,,1,19,,1117389,5,0,68,1,60,,1117390,5,0,68,1,29,,1117435,5,0,68,1,71,,1117383,5,0,68,1,30,,1117399,5,0,68,1,80,,1117379,5,0,68,1
2400,'1',537,,1078711,17,,,1,86,,1103602,17,0,135,1,15,,1123570,17,,,1,16,,1123550,17,0,135,1,56,,1123543,17,,,1,13,,1072142,17,0,135,1,17,,1123566,17,,,1,15,,1123534,17,0,135,1,54,,1063630,17,,,1,18,,1123569,17,0,135,1,7,,1123537,6,0,70 71,1,6,,1123561,17,,,1,12,,1123553,17,0,72,1,4,,1123544,17,0,135,1,48,,1123571,17,0,72,1,5,,1123547,17,,,1,30,,1123549,17,,,1,70,,1123538,17,,,1,30,,1123546,17,,,1,70,,1123540,17,,,1,30,,1123555,17,,,1,70,,1123557,17,,,1,30,,1123542,17,,,1,70,,1075524,17,,,1,32,,1123568,17,,,1,70,,1123532,17,,,1,29,,1123558,17,,,1,69,,1123567,17,0,135,1,25,,1123539,17,0,135,1,19,,1123564,17,0,135,1,69,,1123562,17,0,135,1,15,,1123536,17,0,135,1,16,,1123533,17,0,135,1,54,,1123556,17,0,135,1,16,,1002712,17,0,135,1,14,,971917,17,0,135,1,16,,1077010,17,0,135,1,54,,1123541,17,0,135,1,22,,1123545,17,0,135,1,30,,1123535,17,,,1,70,,1123548,17,0,135,1,25,,1123563,17,,,1,73,,1123551,17,0,135,1,31,,1123554,17,,,1,72,,1123565,17,0,135,1,71,,1123559,17,,,1,100,,1123560,17,,,1,28,,1123552,17,0,135,1
2400,'10',537,,1078447,17,,,1,86,,1103599,17,0,135,1,15,,1123610,17,,,1,16,,1123590,17,0,135,1,56,,1123583,17,,,1,13,,1072022,17,0,135,1,17,,1123606,17,,,1,15,,1123574,17,0,135,1,54,,1063326,17,,,1,18,,1123609,17,0,135,1,7,,1123577,6,0,70 71,1,6,,1123601,17,,,1,12,,1123593,17,0,72,1,4,,1123584,17,0,135,1,48,,1123611,17,0,72,1,5,,1123587,17,,,1,30,,1123589,17,,,1,70,,1123578,17,,,1,30,,1123586,17,,,1,70,,1123580,17,,,1,30,,1123595,17,,,1,70,,1123597,17,,,1,30,,1123582,17,,,1,70,,1075188,17,,,1,32,,1123608,17,,,1,70,,1123572,17,,,1,29,,1123598,17,,,1,69,,1123607,17,0,135,1,25,,1123579,17,0,135,1,19,,1123604,17,0,135,1,69,,1123602,17,0,135,1,15,,1123576,17,0,135,1,16,,1123573,17,0,135,1,54,,1123596,17,0,135,1,16,,1002882,17,0,135,1,14,,971434,17,0,135,1,16,,1076786,17,0,135,1,54,,1123581,17,0,135,1,22,,1123585,17,0,135,1,30,,1123575,17,,,1,70,,1123588,17,0,135,1,25,,1123603,17,,,1,73,,1123591,17,0,135,1,31,,1123594,17,,,1,72,,1123605,17,0,135,1,71,,1123599,17,,,1,100,,1123600,17,,,1,28,,1123592,17,0,135,1
2400,'11',537,,1078791,17,,,1,86,,1103603,17,0,135,1,15,,1123650,17,,,1,16,,1123630,17,0,135,1,56,,1123623,17,,,1,13,,1072174,17,0,135,1,17,,1123646,17,,,1,15,,1123614,17,0,135,1,54,,1063722,17,,,1,18,,1123649,17,0,135,1,7,,1123617,6,0,70 71,1,6,,1123641,17,,,1,12,,1123633,17,0,72,1,4,,1123624,17,0,135,1,48,,1123651,17,0,72,1,5,,1123627,17,,,1,30,,1123629,17,,,1,70,,1123618,17,,,1,30,,1123626,17,,,1,70,,1123620,17,,,1,30,,1123635,17,,,1,70,,1123637,17,,,1,30,,1123622,17,,,1,70,,1075616,17,,,1,32,,1123648,17,,,1,70,,1123612,17,,,1,29,,1123638,17,,,1,69,,1123647,17,0,135,1,25,,1123619,17,0,135,1,19,,1123644,17,0,135,1,69,,1123642,17,0,135,1,15,,1123616,17,0,135,1,16,,1123613,17,0,135,1,54,,1123636,17,0,135,1,16,,1002665,17,0,135,1,14,,971847,17,0,135,1,16,,1077076,17,0,135,1,54,,1123621,17,0,135,1,22,,1123625,17,0,135,1,30,,1123615,17,,,1,70,,1123628,17,0,135,1,25,,1123643,17,,,1,73,,1123631,17,0,135,1,31,,1123634,17,,,1,72,,1123645,17,0,135,1,71,,1123639,17,,,1,100,,1123640,17,,,1,28,,1123632,17,0,135,1
2400,'12',537,,1123656,17,,,1,86,,942851,17,0,135,1,15,,1123680,17,,,1,16,,1123663,17,0,135,1,56,,1084401,17,,,1,13,,1123670,17,0,135,1,17,,1123675,17,,,1,15,,1123677,17,0,135,1,54,,1123665,17,,,1,18,,1098675,17,0,135,1,7,,1123668,6,0,70 71,1,6,,1123662,17,,,1,12,,1123659,17,0,72,1,4,,1123652,17,0,135,1,48,,1123688,17,0,72,1,5,,1123673,17,,,1,30,,1123666,17,,,1,70,,1123686,17,,,1,30,,1123657,17,,,1,70,,1123672,17,,,1,30,,1123689,17,,,1,70,,1123664,17,,,1,30,,1123669,17,,,1,70,,1123681,17,,,1,32,,1123667,17,,,1,70,,959719,17,,,1,29,,1123653,17,,,1,69,,1123671,17,0,135,1,25,,1123693,17,0,135,1,19,,1123654,17,0,135,1,69,,1123655,17,0,135,1,15,,1123687,17,0,135,1,16,,1078239,17,0,135,1,54,,1123691,17,0,135,1,16,,1123661,17,0,135,1,14,,1123690,17,0,135,1,16,,1123658,17,0,135,1,54,,1123660,17,0,135,1,22,,1123682,17,0,135,1,30,,1123684,17,,,1,70,,1123674,17,0,135,1,25,,1123685,17,,,1,73,,1123676,17,0,135,1,31,,952761,17,,,1,72,,1123692,17,0,135,1,71,,1123679,17,,,1,100,,1123678,17,,,1,28,,1123683,17,0,135,1
2400,'13',824,,1123702,17,0,135,1,100,,1123715,17,0,69,1,99,,1123694,17,0,69,1,30,,1123695,17,0,69,1,70,,1123707,17,0,69,1,30,,1123717,17,0,69,1,72,,1123698,17,0,69,1,30,,1123705,17,0,69,1,70,,1123709,17,0,69,1,30,,1123708,17,0,69,1,70,,1082143,17,0,69,1,30,,1123696,17,0,69,1,70,,1123703,17,0,69,1,30,,1123704,17,0,69,1,70,,1123713,17,0,69,1,30,,1123701,17,0,69,1,70,,1123711,17,0,69,1,30,,1123706,17,0,69,1,68,,1123699,17,0,69,1,30,,1123714,17,0,135,1,70,,1123710,17,0,135,1,30,,1123700,17,0,135,1,99,,1123697,6,0,135,1,100,,1123712,6,0,135,1,100,,1123716,6,0,135,1
2400,'14',537,,1123730,17,,,1,86,,1123764,17,0,135,1,15,,1123763,17,,,1,16,,1123741,17,0,135,1,56,,1123733,17,,,1,13,,1123758,17,0,135,1,17,,1123757,17,,,1,15,,1123721,17,0,135,1,54,,1123761,17,,,1,18,,1123762,17,0,135,1,7,,1123726,6,0,70 71,1,6,,1123752,17,,,1,12,,1123744,17,0,72,1,4,,1123735,17,0,135,1,48,,1123765,17,0,72,1,5,,1123738,17,,,1,30,,1123740,17,,,1,70,,1123727,17,,,1,30,,1123737,17,,,1,70,,1123729,17,,,1,30,,1123746,17,,,1,70,,1123748,17,,,1,30,,1123732,17,,,1,70,,1123719,17,,,1,32,,1123760,17,,,1,70,,1123718,17,,,1,29,,1123749,17,,,1,69,,1123759,17,0,135,1,25,,1123728,17,0,135,1,19,,1123755,17,0,135,1,69,,1123753,17,0,135,1,15,,1123724,17,0,135,1,16,,1123720,17,0,135,1,54,,1123747,17,0,135,1,16,,1123723,17,0,135,1,14,,1123734,17,0,135,1,16,,1123725,17,0,135,1,54,,1123731,17,0,135,1,22,,1123736,17,0,135,1,30,,1123722,17,,,1,70,,1123739,17,0,135,1,25,,1123754,17,,,1,73,,1123742,17,0,135,1,31,,1123745,17,,,1,72,,1123756,17,0,135,1,71,,1123750,17,,,1,100,,1123751,17,,,1,28,,1123743,17,0,135,1
2400,'15',537,,1123810,17,,,1,86,,1123804,17,0,135,1,15,,1123811,17,,,1,16,,1123782,17,0,135,1,56,,1123813,17,,,1,13,,1123803,17,0,135,1,17,,1123780,17,,,1,15,,1123805,17,0,135,1,54,,1123797,17,,,1,18,,1123777,17,0,135,1,7,,1123801,6,0,70 71,1,6,,1123784,17,,,1,12,,1123802,17,0,72,1,4,,1123790,17,0,135,1,48,,1123809,17,0,72,1,5,,1123768,17,,,1,30,,1123779,17,,,1,70,,1123812,17,,,1,30,,1123793,17,,,1,70,,1123794,17,,,1,30,,1123772,17,,,1,70,,1123771,17,,,1,30,,1123791,17,,,1,70,,1123785,17,,,1,32,,1123786,17,,,1,70,,1123767,17,,,1,29,,1123795,17,,,1,69,,1123766,17,0,135,1,25,,1123773,17,0,135,1,19,,1123807,17,0,135,1,69,,1123776,17,0,135,1,15,,1123808,17,0,135,1,16,,1123770,17,0,135,1,54,,1123796,17,0,135,1,16,,1123775,17,0,135,1,14,,1123806,17,0,135,1,16,,1123781,17,0,135,1,54,,1123769,17,0,135,1,22,,1123799,17,0,135,1,30,,1123774,17,,,1,70,,1123789,17,0,135,1,25,,1123800,17,,,1,73,,1123778,17,0,135,1,31,,1123798,17,,,1,72,,1123787,17,0,135,1,71,,1123788,17,,,1,100,,1123783,17,,,1,28,,1123792,17,0,135,1
2400,'16',537,,1123819,17,,,1,86,,1123857,17,0,135,1,15,,1123842,17,,,1,16,,901619,17,0,135,1,56,,1123856,17,,,1,13,,1123833,17,0,135,1,17,,1025560,17,,,1,15,,1123839,17,0,135,1,54,,1123828,17,,,1,18,,1123853,17,0,135,1,7,,1123831,6,0,70 71,1,6,,1004624,17,,,1,12,,1123823,17,0,72,1,4,,1123814,17,0,135,1,48,,1123850,17,0,72,1,5,,1123836,17,,,1,30,,1123829,17,,,1,70,,1123848,17,,,1,30,,1123820,17,,,1,70,,1123835,17,,,1,30,,1123851,17,,,1,70,,1123827,17,,,1,30,,1123832,17,,,1,70,,1123843,17,,,1,32,,1123830,17,,,1,70,,1123818,17,,,1,29,,1123815,17,,,1,69,,1123834,17,0,135,1,25,,1077992,17,0,135,1,19,,1123816,17,0,135,1,69,,1123817,17,0,135,1,15,,1123849,17,0,135,1,16,,1123822,17,0,135,1,54,,1123854,17,0,135,1,16,,1123825,17,0,135,1,14,,1123852,17,0,135,1,16,,1123821,17,0,135,1,54,,1123824,17,0,135,1,22,,1123844,17,0,135,1,30,,1123846,17,,,1,70,,1123837,17,0,135,1,25,,1123847,17,,,1,73,,1123838,17,0,135,1,31,,1123826,17,,,1,72,,1123855,17,0,135,1,71,,1123841,17,,,1,100,,1123840,17,,,1,28,,1123845,17,0,135,1
2400,'17',824,,1123867,17,0,135,1,100,,1123880,17,0,69,1,99,,1123858,17,0,69,1,30,,1123859,17,0,69,1,70,,1123872,17,0,69,1,30,,1123882,17,0,69,1,72,,1123863,17,0,69,1,30,,1123870,17,0,69,1,70,,1123874,17,0,69,1,30,,1123873,17,0,69,1,70,,1123861,17,0,69,1,30,,1123860,17,0,69,1,70,,1123868,17,0,69,1,30,,1123869,17,0,69,1,70,,1123878,17,0,69,1,30,,1123866,17,0,69,1,70,,1123876,17,0,69,1,30,,1123871,17,0,69,1,68,,1123864,17,0,69,1,30,,1123879,17,0,135,1,70,,1123875,17,0,135,1,30,,1123865,17,0,135,1,99,,1123862,6,0,135,1,100,,1123877,6,0,135,1,100,,1123881,6,0,135,1
2400,'2',652,,1123884,17,0,69,1,100,,1123885,17,0,69,1,71,,1123899,17,0,69,1,30,,1123905,17,0,69,1,70,,1123896,17,0,69,1,30,,1123889,17,0,69,1,71,,1123887,17,0,69,1,30,,1123894,17,0,69,1,70,,1123910,17,0,69,1,30,,1123886,17,0,69,1,72,,1123902,17,0,69,1,30,,1123904,17,0,69,1,70,,1123895,17,0,69,1,30,,1123898,17,0,69,1,71,,1123901,17,0,69,1,29,,1123890,17,0,69,1,70,,1123883,17,0,69,1,30,,1089358,17,0,69,1,70,,1123903,17,0,69,1,30,,1123909,17,0,69,1,70,,1123906,17,0,69,1,30,,1123897,17,0,69,1,68,,1123900,17,0,69,1,30,,1078926,17,0,69,1,71,,1123891,17,0,69,1,29,,1123893,17,0,69,1,69,,1123888,17,0,69,1,30,,1123908,6,0,69,1,100,,1072216,6,0,69,1,100,,1123907,6,0,69,1,100,,1123892,6,0,69,1
2400,'3',824,,1123920,17,0,135,1,100,,1123933,17,0,69,1,99,,1123911,17,0,69,1,30,,1123912,17,0,69,1,70,,1123925,17,0,69,1,30,,1123935,17,0,69,1,72,,1123916,17,0,69,1,30,,1123923,17,0,69,1,70,,1123927,17,0,69,1,30,,1123926,17,0,69,1,70,,1123914,17,0,69,1,30,,1123913,17,0,69,1,70,,1123921,17,0,69,1,30,,1123922,17,0,69,1,70,,1123931,17,0,69,1,30,,1123919,17,0,69,1,70,,1123929,17,0,69,1,30,,1123924,17,0,69,1,68,,1123917,17,0,69,1,30,,1123932,17,0,135,1,70,,1123928,17,0,135,1,30,,1123918,17,0,135,1,99,,1123915,6,0,135,1,100,,1123930,6,0,135,1,100,,1123934,6,0,135,1
2400,'4',824,,1123946,17,0,135,1,100,,1123947,17,0,69,1,99,,1123952,17,0,69,1,30,,1123941,17,0,69,1,70,,1123945,17,0,69,1,30,,1123937,17,0,69,1,72,,1123951,17,0,69,1,30,,1123949,17,0,69,1,70,,1123939,17,0,69,1,30,,1123956,17,0,69,1,70,,1123936,17,0,69,1,30,,1123944,17,0,69,1,70,,1123955,17,0,69,1,30,,1123948,17,0,69,1,70,,1123957,17,0,69,1,30,,1074010,17,0,69,1,70,,1123953,17,0,69,1,30,,1123942,17,0,69,1,68,,1123943,17,0,69,1,30,,1123950,17,0,135,1,70,,1123938,17,0,135,1,30,,1076561,17,0,135,1,99,,1123940,6,0,135,1,100,,1123954,6,0,135,1,100,,1065727,6,0,135,1
2400,'5',537,,1078663,17,,,1,86,,1103601,17,0,135,1,15,,1123996,17,,,1,16,,1123976,17,0,135,1,56,,1123969,17,,,1,13,,1072128,17,0,135,1,17,,1123992,17,,,1,15,,1123960,17,0,135,1,54,,1063590,17,,,1,18,,1123995,17,0,135,1,7,,1123963,6,0,70 71,1,6,,1123987,17,,,1,12,,1123979,17,0,72,1,4,,1123970,17,0,135,1,48,,1123997,17,0,72,1,5,,1123973,17,,,1,30,,1123975,17,,,1,70,,1123964,17,,,1,30,,1123972,17,,,1,70,,1123966,17,,,1,30,,1123981,17,,,1,70,,1123983,17,,,1,30,,1123968,17,,,1,70,,1075482,17,,,1,32,,1123994,17,,,1,70,,1123958,17,,,1,29,,1123984,17,,,1,69,,1123993,17,0,135,1,25,,1123965,17,0,135,1,19,,1123990,17,0,135,1,69,,1123988,17,0,135,1,15,,1123962,17,0,135,1,16,,1123959,17,0,135,1,54,,1123982,17,0,135,1,16,,1002393,17,0,135,1,14,,972134,17,0,135,1,16,,1076966,17,0,135,1,54,,1123967,17,0,135,1,22,,1123971,17,0,135,1,30,,1123961,17,,,1,70,,1123974,17,0,135,1,25,,1123989,17,,,1,73,,1123977,17,0,135,1,31,,1123980,17,,,1,72,,1123991,17,0,135,1,71,,1123985,17,,,1,100,,1123986,17,,,1,28,,1123978,17,0,135,1
2400,'6',537,,1124002,17,,,1,86,,1124037,17,0,135,1,15,,1124023,17,,,1,16,,1124006,17,0,135,1,56,,1124036,17,,,1,13,,1124013,17,0,135,1,17,,1124018,17,,,1,15,,1124020,17,0,135,1,54,,1124009,17,,,1,18,,1124034,17,0,135,1,7,,1124011,6,0,70 71,1,6,,1124005,17,,,1,12,,1008311,17,0,72,1,4,,1123998,17,0,135,1,48,,1124031,17,0,72,1,5,,1124016,17,,,1,30,,1099131,17,,,1,70,,1124029,17,,,1,30,,1044709,17,,,1,70,,1124015,17,,,1,30,,1124032,17,,,1,70,,1124008,17,,,1,30,,1124012,17,,,1,70,,1124024,17,,,1,32,,1124010,17,,,1,70,,1124001,17,,,1,29,,1123999,17,,,1,69,,1124014,17,0,135,1,25,,1124038,17,0,135,1,19,,1124000,17,0,135,1,69,,1003568,17,0,135,1,15,,1124030,17,0,135,1,16,,1124003,17,0,135,1,54,,1124035,17,0,135,1,16,,1066631,17,0,135,1,14,,1124033,17,0,135,1,16,,1088299,17,0,135,1,54,,1124004,17,0,135,1,22,,1124025,17,0,135,1,30,,1124027,17,,,1,70,,1124017,17,0,135,1,25,,1124028,17,,,1,73,,1124019,17,0,135,1,31,,1124007,17,,,1,72,,1027709,17,0,135,1,71,,1124022,17,,,1,100,,1124021,17,,,1,28,,1124026,17,0,135,1
2400,'7',652,,1124058,17,0,69,1,100,,1124059,17,0,69,1,71,,1124045,17,0,69,1,30,,1124050,17,0,69,1,70,,1124052,17,0,69,1,30,,1124048,17,0,69,1,71,,1124055,17,0,69,1,30,,1124040,17,0,69,1,70,,1124049,17,0,69,1,30,,1124044,17,0,69,1,72,,1124043,17,0,69,1,30,,1124067,17,0,69,1,70,,1124066,17,0,69,1,30,,1124065,17,0,69,1,71,,1124062,17,0,69,1,29,,1124069,17,0,69,1,70,,1124046,17,0,69,1,30,,1124064,17,0,69,1,70,,1124057,17,0,69,1,30,,1124051,17,0,69,1,70,,1124061,17,0,69,1,30,,1124060,17,0,69,1,68,,1124056,17,0,69,1,30,,1124041,17,0,69,1,71,,1124068,17,0,69,1,29,,1124042,17,0,69,1,69,,1124063,17,0,69,1,30,,1124047,6,0,69,1,100,,1124053,6,0,69,1,100,,1124039,6,0,69,1,100,,1124054,6,0,69,1
2400,'8',537,,1124075,17,,,1,86,,1124116,17,0,135,1,15,,1124101,17,,,1,16,,1124083,17,0,135,1,56,,1124115,17,,,1,13,,1124091,17,0,135,1,17,,1124096,17,,,1,15,,1124098,17,0,135,1,54,,1124086,17,,,1,18,,1124112,17,0,135,1,7,,1124089,6,0,70 71,1,6,,1124082,17,,,1,12,,1124079,17,0,72,1,4,,1124070,17,0,135,1,48,,1124109,17,0,72,1,5,,1124094,17,,,1,30,,1124087,17,,,1,70,,1124107,17,,,1,30,,1124076,17,,,1,70,,1124093,17,,,1,30,,1124110,17,,,1,70,,1124085,17,,,1,30,,1124090,17,,,1,70,,1124102,17,,,1,32,,1124088,17,,,1,70,,1124074,17,,,1,29,,1124071,17,,,1,69,,1124092,17,0,135,1,25,,1124117,17,0,135,1,19,,1124072,17,0,135,1,69,,1124073,17,0,135,1,15,,1124108,17,0,135,1,16,,1124078,17,0,135,1,54,,1124113,17,0,135,1,16,,1124081,17,0,135,1,14,,1124111,17,0,135,1,16,,1124077,17,0,135,1,54,,1124080,17,0,135,1,22,,1124103,17,0,135,1,30,,1124105,17,,,1,70,,1124095,17,0,135,1,25,,1124106,17,,,1,73,,1124097,17,0,135,1,31,,1124084,17,,,1,72,,1124114,17,0,135,1,71,,1124100,17,,,1,100,,1124099,17,,,1,28,,1124104,17,0,135,1
2400,'9',537,,1078528,17,,,1,86,,1103600,17,0,135,1,15,,1124156,17,,,1,16,,1124136,17,0,135,1,56,,1124129,17,,,1,13,,1072058,17,0,135,1,17,,1124152,17,,,1,15,,1124120,17,0,135,1,54,,1063419,17,,,1,18,,1124155,17,0,135,1,7,,1124123,6,0,70 71,1,6,,1124147,17,,,1,12,,1124139,17,0,72,1,4,,1124130,17,0,135,1,48,,1124157,17,0,72,1,5,,1124133,17,,,1,30,,1124135,17,,,1,70,,1124124,17,,,1,30,,1124132,17,,,1,70,,1124126,17,,,1,30,,1124141,17,,,1,70,,1124143,17,,,1,30,,1124128,17,,,1,70,,1075286,17,,,1,32,,1124154,17,,,1,70,,1124118,17,,,1,29,,1124144,17,,,1,69,,1124153,17,0,135,1,25,,1124125,17,0,135,1,19,,1124150,17,0,135,1,69,,1124148,17,0,135,1,15,,1124122,17,0,135,1,16,,1124119,17,0,135,1,54,,1124142,17,0,135,1,16,,1002759,17,0,135,1,14,,972064,17,0,135,1,16,,1076861,17,0,135,1,54,,1124127,17,0,135,1,22,,1124131,17,0,135,1,30,,1124121,17,,,1,70,,1124134,17,0,135,1,25,,1124149,17,,,1,73,,1124137,17,0,135,1,31,,1124140,17,,,1,72,,1124151,17,0,135,1,71,,1124145,17,,,1,100,,1124146,17,,,1,28,,1124138,17,0,135,1
2601,'1',825,,1126642,24,,,1
2601,'10',825,,1126657,24,,,1
2601,'11',825,,1126672,24,,,1
2601,'12',825,,1126688,24,,,1
2601,'14',825,,1126704,24,,,1
2601,'15',825,,1126734,24,,,1
2601,'16',825,,1126740,24,,,1
2601,'5',825,,1126756,24,,,1
2601,'6',825,,1062723,24,,,1
2601,'8',825,,1126785,24,,,1
2601,'9',825,,1126801,24,,,1
3500,'1',849,,1131003,39,,,1
3500,'10',849,,1131031,39,,,1
3500,'11',849,,1131059,39,,,1
3500,'12',849,,1131107,39,,,1
3500,'14',849,,1131144,39,,,1
3500,'15',849,,1131172,39,,,1
3500,'16',849,,1131232,39,,,1
3500,'5',849,,1131341,39,,,1
3500,'6',849,,1131384,39,,,1
3500,'8',849,,1131447,39,,,1
3500,'9',849,,1131462,39,,,1
61900,'1',806,,1084855,5,,,1,5,,1199063,5,,,1
61900,'10',806,,1084843,5,,,1,5,,1199064,5,,,1
61900,'11',806,,1084859,5,,,1,5,,1199065,5,,,1
61900,'12',806,,1199067,5,,,1,5,,1199066,5,,,1
61900,'14',806,,1199069,5,,,1,5,,1199068,5,,,1
61900,'15',806,,1199070,5,,,1,5,,1199071,5,,,1
61900,'16',806,,1199073,5,,,1,5,,1199072,5,,,1
61900,'5',806,,1084851,5,,,1,5,,1199074,5,,,1
61900,'6',806,,1199076,5,,,1,5,,1199075,5,,,1
61900,'8',806,,1199078,5,,,1,5,,1199077,5,,,1
61900,'9',806,,1084847,5,,,1,5,,1199079,5,,,1
62200,'1',810,,1077035,41,0,83 84 85,1,41,,1199100,41,,,1
62200,'10',810,,1076811,41,0,83 84 85,1,41,,1199101,41,,,1
62200,'11',810,,1077101,41,0,83 84 85,1,41,,1199102,41,,,1
62200,'12',810,,1199104,41,0,83 84 85,1,41,,1199103,41,,,1
62200,'14',810,,1199106,41,0,83 84 85,1,41,,1199105,41,,,1
62200,'15',810,,1199108,41,0,83 84 85,1,41,,1199107,41,,,1
62200,'16',810,,1199110,41,0,83 84 85,1,41,,1199109,41,,,1
62200,'5',810,,1076991,41,0,83 84 85,1,41,,1199111,41,,,1
62200,'6',810,,1077124,41,0,83 84 85,1,41,,1092519,41,,,1
62200,'8',810,,1199113,41,0,83 84 85,1,41,,1199112,41,,,1
62200,'9',810,,1076886,41,0,83 84 85,1,41,,1199114,41,,,1
62400,'1',847,,1199136,43,,,1
62400,'10',847,,1199137,43,,,1
62400,'11',847,,1199138,43,,,1
62400,'12',847,,1199139,43,,,1
62400,'14',847,,1199140,43,,,1
62400,'15',847,,1199141,43,,,1
62400,'16',847,,1199142,43,,,1
62400,'5',847,,1199143,43,,,1
62400,'6',847,,1199144,43,,,1
62400,'8',847,,1199145,43,,,1
62400,'9',847,,1199146,43,,,1
63000,'1',847,,1199276,39,,,1
63000,'10',847,,1199278,39,,,1
63000,'11',847,,1199280,39,,,1
63000,'12',847,,1199282,39,,,1
63000,'14',847,,1199284,39,,,1
63000,'15',847,,1199286,39,,,1
63000,'16',847,,1199288,39,,,1
63000,'5',847,,1199290,39,,,1
63000,'6',847,,1199292,39,,,1
63000,'8',847,,1199294,39,,,1
63000,'9',847,,1199296,39,,,1
63100,'1',855,,1199308,32,,,1
63100,'10',855,,1199309,32,,,1
63100,'11',855,,1199310,32,,,1
63100,'12',855,,1199311,32,,,1
63100,'14',855,,1199312,32,,,1
63100,'15',855,,1199313,32,,,1
63100,'16',855,,1199314,32,,,1
63100,'5',855,,1199315,32,,,1
63100,'6',855,,1199316,32,,,1
63100,'8',855,,1199317,32,,,1
63100,'9',855,,1199318,32,,,1
63300,'1',825,,1199330,22,,,1
63300,'10',825,,1199331,22,,,1
63300,'11',825,,1199332,22,,,1
63300,'12',825,,1199333,22,,,1
63300,'14',825,,1199334,22,,,1
63300,'15',825,,1199335,22,,,1
63300,'16',825,,1199336,22,,,1
63300,'5',825,,1199337,22,,,1
63300,'6',825,,1199338,22,,,1
63300,'8',825,,1199339,22,,,1
63300,'9',825,,1199340,22,,,1
