3901,'1',342,,1135282,11,0,137 26,1,70,,1057405,11,0,137 26,1,25,,1091611,11,0,137 26,1,2108,,1135259,11,0,73,1,73,,1135288,11,0,73,1,30,,1135294,11,0,73,1,70,,1135309,11,0,73,1
3901,'10',342,,1135342,11,0,137 26,1,70,,1057496,11,0,137 26,1,25,,1091442,11,0,137 26,1,2108,,1135319,11,0,73,1,73,,1135348,11,0,73,1,30,,1135354,11,0,73,1,70,,1135369,11,0,73,1
3901,'11',342,,1135402,11,0,137 26,1,70,,1057378,11,0,137 26,1,25,,1091668,11,0,137 26,1,2108,,1135379,11,0,73,1,73,,1135408,11,0,73,1,30,,1135414,11,0,73,1,70,,1135429,11,0,73,1
3901,'12',342,,1135471,11,0,137 26,1,70,,1135450,11,0,137 26,1,25,,1135490,11,0,137 26,1,2108,,1135468,11,0,73,1,73,,1135495,11,0,73,1,30,,1083858,11,0,73,1,70,,1135463,11,0,73,1
3901,'13',347,,1135561,11,0,137 26,1,70,,1135518,11,0,137 26,1,30,,1135575,11,0,137 26,1,70,,1135512,11,0,137 26,1,30,,1135511,11,0,137 26,1,70,,1135536,11,0,137 26,1,31,,1135527,11,0,137 26,1,70,,1135529,11,0,137 26,1,30,,1135554,11,0,137 26,1,59,,1135565,11,0,137 26,1,1549,,1135522,11,0,137 26,1,70,,1135525,11,0,137 26,1,30,,1135539,11,0,137 26,1,70,,1135566,11,0,137 26,1,30,,1135533,11,0,137 26,1,70,,1135572,11,0,137 26,1,30,,1135537,11,0,137 26,1
3901,'14',342,,1135619,11,0,137 26,1,70,,1135582,11,0,137 26,1,25,,1135595,11,0,137 26,1,2108,,1135585,11,0,73,1,73,,1135625,11,0,73,1,30,,1135631,11,0,73,1,70,,1135646,11,0,73,1
3901,'15',342,,1135683,11,0,137 26,1,70,,1135728,11,0,137 26,1,25,,1135704,11,0,137 26,1,2108,,1135732,11,0,73,1,73,,1135673,11,0,73,1,30,,1135710,11,0,73,1,70,,1135725,11,0,73,1
3901,'16',342,,1135772,11,0,137 26,1,70,,1135754,11,0,137 26,1,25,,1135791,11,0,137 26,1,2108,,1135769,11,0,73,1,73,,1135797,11,0,73,1,30,,1135808,11,0,73,1,70,,1135764,11,0,73,1
3901,'17',347,,1135867,11,0,137 26,1,70,,1135820,11,0,137 26,1,30,,1135881,11,0,137 26,1,70,,1135814,11,0,137 26,1,30,,1135812,11,0,137 26,1,70,,1135842,11,0,137 26,1,31,,1135832,11,0,137 26,1,70,,1135835,11,0,137 26,1,30,,1135860,11,0,137 26,1,59,,1135871,11,0,137 26,1,1549,,1135827,11,0,137 26,1,70,,1135830,11,0,137 26,1,30,,1135845,11,0,137 26,1,70,,1135872,11,0,137 26,1,30,,1135839,11,0,137 26,1,70,,1135878,11,0,137 26,1,30,,1135843,11,0,137 26,1
3901,'2',349,,1135916,11,0,137 26,1,70,,1135933,11,0,137 26,1,30,,1135894,11,0,137 26,1,70,,1135906,11,0,137 26,1,30,,1135895,11,0,137 26,1,2089,,1135922,11,0,137 26,1,71,,1135926,11,0,137 26,1
3901,'3',347,,1136011,11,0,137 26,1,70,,1135964,11,0,137 26,1,30,,1136025,11,0,137 26,1,70,,1135958,11,0,137 26,1,30,,1135956,11,0,137 26,1,70,,1135986,11,0,137 26,1,31,,1135976,11,0,137 26,1,70,,1135979,11,0,137 26,1,30,,1136004,11,0,137 26,1,59,,1136015,11,0,137 26,1,1549,,1135971,11,0,137 26,1,70,,1135974,11,0,137 26,1,30,,1135989,11,0,137 26,1,70,,1136016,11,0,137 26,1,30,,1135983,11,0,137 26,1,70,,1136022,11,0,137 26,1,30,,1135987,11,0,137 26,1
3901,'4',347,,1136037,11,0,137 26,1,70,,1136031,11,0,137 26,1,30,,1136085,11,0,137 26,1,70,,1136074,11,0,137 26,1,30,,1096069,11,0,137 26,1,70,,1053723,11,0,137 26,1,31,,1136059,11,0,137 26,1,70,,1136055,11,0,137 26,1,30,,1136044,11,0,137 26,1,59,,1136061,11,0,137 26,1,1549,,1136042,11,0,137 26,1,70,,1097746,11,0,137 26,1,30,,1069982,11,0,137 26,1,70,,1136090,11,0,137 26,1,30,,1136041,11,0,137 26,1,70,,1136064,11,0,137 26,1,30,,1136070,11,0,137 26,1
3901,'5',342,,1136117,11,0,137 26,1,70,,1057270,11,0,137 26,1,25,,1091582,11,0,137 26,1,2108,,1136094,11,0,73,1,73,,1136123,11,0,73,1,30,,1136129,11,0,73,1,70,,1136144,11,0,73,1
3901,'6',342,,1136177,11,0,137 26,1,70,,1136159,11,0,137 26,1,25,,1136196,11,0,137 26,1,2108,,1136174,11,0,73,1,73,,1136200,11,0,73,1,30,,1136206,11,0,73,1,70,,1136170,11,0,73,1
3901,'7',349,,1136266,11,0,137 26,1,70,,1136241,11,0,137 26,1,30,,1136280,11,0,137 26,1,70,,1136247,11,0,137 26,1,30,,1136256,11,0,137 26,1,2089,,1136244,11,0,137 26,1,71,,1136239,11,0,137 26,1
3901,'8',342,,1136326,11,0,137 26,1,70,,1136305,11,0,137 26,1,25,,1136345,11,0,137 26,1,2108,,1136323,11,0,73,1,73,,1136351,11,0,73,1,30,,1136362,11,0,73,1,70,,1136318,11,0,73,1
3901,'9',342,,1136394,11,0,137 26,1,70,,1057432,11,0,137 26,1,25,,1091493,11,0,137 26,1,2108,,1136371,11,0,73,1,73,,1136400,11,0,73,1,30,,1136406,11,0,73,1,70,,1136421,11,0,73,1
10501,'1',514,,903657,21,,,1,38,,1183981,29,,,1,68,,1074529,29,,,1,27,,1183984,21,,,1,72,,1183973,21,,,1,35,,1183969,21,,,1,68,,1183986,21,,,1,32,,1183975,21,,,1,68,,1183959,21,,,1,30,,1183966,21,,,1,83,,1183993,21,,,1,70,,1183989,21,,,1,30,,1079559,21,,,1,70,,1183985,21,,,1,30,,1183994,21,,,1,72,,1183979,21,,,1,28,,1092178,21,,,1,70,,1183958,21,,,1,30,,1183983,21,,,1,70,,1051485,21,,,1,30,,1183991,21,,,1,17,,1183964,21,,,1,71,,1183963,21,,,1,30,,1183976,21,,,1,70,,1183980,21,,,1,30,,1183990,21,,,1,75,,1183970,21,,,1,30,,1183992,21,,,1,70,,1183974,21,,,1,26,,1064095,21,,,1,70,,1183972,21,,,1,30,,1183962,21,,,1,75,,991714,21,,,1,28,,1183982,21,,,1,70,,1051997,21,,,1,29,,1183965,21,,,1,70,,1183987,21,,,1,75,,1183971,21,,,1,26,,1183960,21,,,1,28,,1183961,21,,,1,57,,1183988,21,,,1
10501,'10',514,,903707,21,,,1,38,,1184018,29,,,1,68,,1074382,29,,,1,27,,1184021,21,,,1,72,,1184010,21,,,1,35,,1184006,21,,,1,68,,1184023,21,,,1,32,,1184012,21,,,1,68,,1183996,21,,,1,30,,1184003,21,,,1,83,,1184030,21,,,1,70,,1184026,21,,,1,30,,1079367,21,,,1,70,,1184022,21,,,1,30,,1184031,21,,,1,72,,1184016,21,,,1,28,,1092017,21,,,1,70,,1183995,21,,,1,30,,1184020,21,,,1,70,,1051664,21,,,1,30,,1184028,21,,,1,17,,1184001,21,,,1,71,,1184000,21,,,1,30,,1184013,21,,,1,70,,1184017,21,,,1,30,,1184027,21,,,1,75,,1184007,21,,,1,30,,1184029,21,,,1,70,,1184011,21,,,1,26,,1063782,21,,,1,70,,1184009,21,,,1,30,,1183999,21,,,1,75,,991696,21,,,1,28,,1184019,21,,,1,70,,1052076,21,,,1,29,,1184002,21,,,1,70,,1184024,21,,,1,75,,1184008,21,,,1,26,,1183997,21,,,1,28,,1183998,21,,,1,57,,1184025,21,,,1
10501,'11',514,,903557,21,,,1,38,,1184055,29,,,1,68,,1074572,29,,,1,27,,1184058,21,,,1,72,,1184047,21,,,1,35,,1184043,21,,,1,68,,1184060,21,,,1,32,,1184049,21,,,1,68,,1184033,21,,,1,30,,1184040,21,,,1,83,,1184067,21,,,1,70,,1184063,21,,,1,30,,1079618,21,,,1,70,,1184059,21,,,1,30,,1184068,21,,,1,72,,1184053,21,,,1,28,,1092223,21,,,1,70,,1184032,21,,,1,30,,1184057,21,,,1,70,,1051432,21,,,1,30,,1184065,21,,,1,17,,1184038,21,,,1,71,,1184037,21,,,1,30,,1184050,21,,,1,70,,1184054,21,,,1,30,,1184064,21,,,1,75,,1184044,21,,,1,30,,1184066,21,,,1,70,,1184048,21,,,1,26,,1064188,21,,,1,70,,1184046,21,,,1,30,,1184036,21,,,1,75,,991708,21,,,1,28,,1184056,21,,,1,70,,1051975,21,,,1,29,,1184039,21,,,1,70,,1184061,21,,,1,75,,1184045,21,,,1,26,,1184034,21,,,1,28,,1184035,21,,,1,57,,1184062,21,,,1
10501,'12',514,,1184104,21,,,1,38,,1184105,29,,,1,68,,1184100,29,,,1,27,,1184069,21,,,1,72,,1070007,21,,,1,35,,1184099,21,,,1,68,,1184086,21,,,1,32,,1093304,21,,,1,68,,1184074,21,,,1,30,,1184081,21,,,1,83,,1184098,21,,,1,70,,1184108,21,,,1,30,,1184084,21,,,1,70,,1184107,21,,,1,30,,1184071,21,,,1,72,,1184080,21,,,1,28,,1184073,21,,,1,70,,1184070,21,,,1,30,,1184090,21,,,1,70,,1061661,21,,,1,30,,1184085,21,,,1,17,,1184106,21,,,1,71,,1184088,21,,,1,30,,1016271,21,,,1,70,,1099984,21,,,1,30,,1076573,21,,,1,75,,1184087,21,,,1,30,,1184097,21,,,1,70,,1021431,21,,,1,26,,1184082,21,,,1,70,,1184078,21,,,1,30,,1184091,21,,,1,75,,1184096,21,,,1,28,,1184103,21,,,1,70,,1184072,21,,,1,29,,1184102,21,,,1,70,,1184079,21,,,1,75,,1184095,21,,,1,26,,1184077,21,,,1,28,,1184089,21,,,1,57,,1184101,21,,,1
10501,'13',815,,1184134,21,,,1,17,,1184145,21,,,1,71,,1184142,21,,,1,30,,1184132,21,,,1,70,,1184113,21,,,1,31,,1184112,21,,,1,70,,1031571,21,,,1,30,,1184140,21,,,1,70,,1184109,21,,,1,30,,1184116,21,,,1,70,,1184150,21,,,1,30,,1184131,21,,,1,70,,1184129,21,,,1,30,,1184139,21,,,1,70,,1184118,21,,,1,30,,1184149,21,,,1,70,,1184121,21,,,1,30,,1184146,21,,,1,70,,1184137,21,,,1,30,,1100195,21,,,1,70,,1184141,21,,,1,30,,1184151,21,,,1,70,,1184119,21,,,1,29,,1184120,21,,,1,70,,1184136,21,,,1,29,,1184148,21,,,1,69,,1098643,21,,,1,30,,1184114,21,,,1,70,,1184122,21,,,1,30,,1184152,21,,,1,70,,1184125,21,,,1
10501,'14',514,,1184163,21,,,1,38,,1184186,29,,,1,68,,1184179,29,,,1,27,,1184189,21,,,1,72,,1184177,21,,,1,35,,1184173,21,,,1,68,,1184191,21,,,1,32,,1184180,21,,,1,68,,1184160,21,,,1,30,,1184170,21,,,1,83,,1184200,21,,,1,70,,1184194,21,,,1,30,,1184162,21,,,1,70,,1184190,21,,,1,30,,1184201,21,,,1,72,,1184184,21,,,1,28,,1184195,21,,,1,70,,1184157,21,,,1,30,,1184188,21,,,1,70,,1184159,21,,,1,30,,1184197,21,,,1,17,,1184168,21,,,1,71,,1184167,21,,,1,30,,1184181,21,,,1,70,,1184185,21,,,1,30,,1184196,21,,,1,75,,1184174,21,,,1,30,,1184199,21,,,1,70,,1184178,21,,,1,26,,1184156,21,,,1,70,,1184176,21,,,1,30,,1184166,21,,,1,75,,1184154,21,,,1,28,,1184187,21,,,1,70,,1184155,21,,,1,29,,1184169,21,,,1,70,,1184192,21,,,1,75,,1184175,21,,,1,26,,1184161,21,,,1,28,,1184164,21,,,1,57,,1184193,21,,,1
10501,'15',514,,1184212,21,,,1,38,,1184210,29,,,1,68,,1184235,29,,,1,27,,1184220,21,,,1,72,,1184240,21,,,1,35,,1184237,21,,,1,68,,1184226,21,,,1,32,,1184202,21,,,1,68,,1184228,21,,,1,30,,1184225,21,,,1,83,,1184221,21,,,1,70,,1184209,21,,,1,30,,1184223,21,,,1,70,,1184232,21,,,1,30,,1184248,21,,,1,72,,1184244,21,,,1,28,,1184231,21,,,1,70,,1184204,21,,,1,30,,1184222,21,,,1,70,,1184207,21,,,1,30,,1184214,21,,,1,17,,1184241,21,,,1,71,,1184215,21,,,1,30,,1184236,21,,,1,70,,1184213,21,,,1,30,,1184245,21,,,1,75,,1184239,21,,,1,30,,1184249,21,,,1,70,,1184230,21,,,1,26,,1184238,21,,,1,70,,1184243,21,,,1,30,,1184234,21,,,1,75,,1184219,21,,,1,28,,1184224,21,,,1,70,,1184242,21,,,1,29,,1184205,21,,,1,70,,1184227,21,,,1,75,,1184211,21,,,1,26,,1184216,21,,,1,28,,1184203,21,,,1,57,,1184233,21,,,1
10501,'16',514,,1184289,21,,,1,38,,1184290,29,,,1,68,,1184285,29,,,1,27,,1075033,21,,,1,72,,1184291,21,,,1,35,,1184284,21,,,1,68,,1184271,21,,,1,32,,1184259,21,,,1,68,,1184258,21,,,1,30,,1184266,21,,,1,83,,1184283,21,,,1,70,,1184295,21,,,1,30,,1184269,21,,,1,70,,1184294,21,,,1,30,,1184255,21,,,1,72,,1184265,21,,,1,28,,1184256,21,,,1,70,,1184254,21,,,1,30,,1184275,21,,,1,70,,1184251,21,,,1,30,,1184270,21,,,1,17,,1184293,21,,,1,71,,1184273,21,,,1,30,,1184253,21,,,1,70,,1184252,21,,,1,30,,1184257,21,,,1,75,,1184272,21,,,1,30,,1184282,21,,,1,70,,1184292,21,,,1,26,,1184267,21,,,1,70,,1184263,21,,,1,30,,1184276,21,,,1,75,,1184281,21,,,1,28,,1184288,21,,,1,70,,1093439,21,,,1,29,,1184287,21,,,1,70,,1184264,21,,,1,75,,1184280,21,,,1,26,,1184262,21,,,1,28,,1184274,21,,,1,57,,1184286,21,,,1
10501,'17',815,,1184323,21,,,1,17,,1184335,21,,,1,71,,1184332,21,,,1,30,,1184321,21,,,1,70,,1184302,21,,,1,31,,1184301,21,,,1,70,,1184296,21,,,1,30,,1184330,21,,,1,70,,1184297,21,,,1,30,,1184305,21,,,1,70,,1184341,21,,,1,30,,1184320,21,,,1,70,,1184318,21,,,1,30,,1184329,21,,,1,70,,1184307,21,,,1,30,,1184339,21,,,1,70,,1184310,21,,,1,30,,1184336,21,,,1,70,,1184326,21,,,1,30,,1184340,21,,,1,70,,1184331,21,,,1,30,,1184342,21,,,1,70,,1184308,21,,,1,29,,1184309,21,,,1,70,,1184325,21,,,1,29,,1184338,21,,,1,69,,1184299,21,,,1,30,,1184303,21,,,1,70,,1184311,21,,,1,30,,1184343,21,,,1,70,,1184314,21,,,1
10501,'2',623,,1184352,21,,,1,30,,1184385,21,,,1,70,,1184372,21,,,1,30,,1087405,21,,,1,70,,1184360,21,,,1,30,,1184346,21,,,1,70,,1049099,21,,,1,30,,1184354,21,,,1,70,,1022821,21,,,1,31,,1184358,21,,,1,70,,1184373,21,,,1,30,,1184371,21,,,1,70,,1184368,21,,,1,30,,1184363,21,,,1,70,,1184370,21,,,1,30,,1184375,21,,,1,70,,1184345,21,,,1,30,,1184380,21,,,1,70,,1184376,21,,,1,30,,1184364,21,,,1,70,,1097075,21,,,1,30,,1184366,21,,,1,70,,1184381,21,,,1,30,,1184379,21,,,1,70,,1184348,21,,,1,30,,1184350,21,,,1,70,,1184367,21,,,1,29,,1184353,21,,,1,70,,1184361,21,,,1,30,,1184351,21,,,1,68,,1184374,21,,,1,30,,1184359,21,,,1,70,,1184356,21,,,1,29,,1184355,21,,,1,70,,1184382,21,,,1,30,,1184365,21,,,1,70,,1184378,21,,,1,30,,1068754,21,,,1,70,,1184357,21,,,1,30,,1184377,21,,,1
10501,'3',815,,1184413,21,,,1,17,,1184425,21,,,1,71,,1184422,21,,,1,30,,1184411,21,,,1,70,,1184392,21,,,1,31,,1184391,21,,,1,70,,1184386,21,,,1,30,,1184420,21,,,1,70,,1184387,21,,,1,30,,1184395,21,,,1,70,,1184431,21,,,1,30,,1184410,21,,,1,70,,1184408,21,,,1,30,,1184419,21,,,1,70,,1184397,21,,,1,30,,1184429,21,,,1,70,,1184400,21,,,1,30,,1184426,21,,,1,70,,1184416,21,,,1,30,,1184430,21,,,1,70,,1184421,21,,,1,30,,1184432,21,,,1,70,,1184398,21,,,1,29,,1184399,21,,,1,70,,1184415,21,,,1,29,,1184428,21,,,1,69,,1184389,21,,,1,30,,1184393,21,,,1,70,,1184401,21,,,1,30,,1184433,21,,,1,70,,1184404,21,,,1
10501,'4',815,,1184470,21,,,1,17,,1184449,21,,,1,71,,1184463,21,,,1,30,,1184438,21,,,1,70,,1184440,21,,,1,31,,1184441,21,,,1,70,,1184436,21,,,1,30,,1184474,21,,,1,70,,1069045,21,,,1,30,,1184448,21,,,1,70,,1184443,21,,,1,30,,1184462,21,,,1,70,,1184446,21,,,1,30,,1184459,21,,,1,70,,1184442,21,,,1,30,,1074459,21,,,1,70,,1184467,21,,,1,30,,1045974,21,,,1,70,,1184468,21,,,1,30,,1184466,21,,,1,70,,1184439,21,,,1,30,,1184472,21,,,1,70,,1184464,21,,,1,29,,1184437,21,,,1,70,,1184458,21,,,1,29,,1184465,21,,,1,69,,1083833,21,,,1,30,,1184460,21,,,1,70,,1094056,21,,,1,30,,1184452,21,,,1,70,,1184461,21,,,1
10501,'5',514,,903861,21,,,1,38,,1184500,29,,,1,68,,1074507,29,,,1,27,,1184503,21,,,1,72,,1184492,21,,,1,35,,1184488,21,,,1,68,,1184505,21,,,1,32,,1184494,21,,,1,68,,1184478,21,,,1,30,,1184485,21,,,1,83,,1184512,21,,,1,70,,1184508,21,,,1,30,,1079525,21,,,1,70,,1184504,21,,,1,30,,1184513,21,,,1,72,,1184498,21,,,1,28,,1092145,21,,,1,70,,1184477,21,,,1,30,,1184502,21,,,1,70,,1051202,21,,,1,30,,1184510,21,,,1,17,,1184483,21,,,1,71,,1184482,21,,,1,30,,1184495,21,,,1,70,,1184499,21,,,1,30,,1184509,21,,,1,75,,1184489,21,,,1,30,,1184511,21,,,1,70,,1184493,21,,,1,26,,1064050,21,,,1,70,,1184491,21,,,1,30,,1184481,21,,,1,75,,991732,21,,,1,28,,1184501,21,,,1,70,,1051840,21,,,1,29,,1184484,21,,,1,70,,1184506,21,,,1,75,,1184490,21,,,1,26,,1184479,21,,,1,28,,1184480,21,,,1,57,,1184507,21,,,1
10501,'6',514,,1184550,21,,,1,38,,1184551,29,,,1,68,,1184546,29,,,1,27,,1184518,21,,,1,72,,1184552,21,,,1,35,,1184545,21,,,1,68,,1184533,21,,,1,32,,1184522,21,,,1,68,,1080829,21,,,1,30,,1184528,21,,,1,83,,1184544,21,,,1,70,,1184555,21,,,1,30,,1184531,21,,,1,70,,1084249,21,,,1,30,,976065,21,,,1,72,,1184527,21,,,1,28,,944148,21,,,1,70,,1184519,21,,,1,30,,1184537,21,,,1,70,,1184515,21,,,1,30,,1184532,21,,,1,17,,1184554,21,,,1,71,,1184535,21,,,1,30,,1184517,21,,,1,70,,1184516,21,,,1,30,,1184521,21,,,1,75,,1184534,21,,,1,30,,1184543,21,,,1,70,,1184553,21,,,1,26,,1184529,21,,,1,70,,1184525,21,,,1,30,,1184538,21,,,1,75,,1002463,21,,,1,28,,1184549,21,,,1,70,,1184520,21,,,1,29,,1184548,21,,,1,70,,1184526,21,,,1,75,,1184542,21,,,1,26,,1184524,21,,,1,28,,1184536,21,,,1,57,,1184547,21,,,1
10501,'7',623,,1184591,21,,,1,30,,1184602,21,,,1,70,,1184584,21,,,1,30,,1184596,21,,,1,70,,1184594,21,,,1,30,,1184567,21,,,1,70,,1184577,21,,,1,30,,1184560,21,,,1,70,,1184566,21,,,1,31,,1184578,21,,,1,70,,1184564,21,,,1,30,,1184586,21,,,1,70,,1184601,21,,,1,30,,1184562,21,,,1,70,,1184585,21,,,1,30,,1184579,21,,,1,70,,1184575,21,,,1,30,,1184588,21,,,1,70,,1184593,21,,,1,30,,1184587,21,,,1,70,,1184573,21,,,1,30,,1184576,21,,,1,70,,1184581,21,,,1,30,,1184595,21,,,1,70,,1184559,21,,,1,30,,1184599,21,,,1,70,,1184603,21,,,1,29,,1184557,21,,,1,70,,1184597,21,,,1,30,,1184569,21,,,1,68,,1184589,21,,,1,30,,1184583,21,,,1,70,,1184598,21,,,1,29,,1184565,21,,,1,70,,1184568,21,,,1,30,,1184561,21,,,1,70,,1184572,21,,,1,30,,1184558,21,,,1,70,,1184563,21,,,1,30,,1184574,21,,,1
10501,'8',514,,1184645,21,,,1,38,,1184646,29,,,1,68,,1184641,29,,,1,27,,1184608,21,,,1,72,,1184647,21,,,1,35,,1184640,21,,,1,68,,1184627,21,,,1,32,,1184615,21,,,1,68,,1184614,21,,,1,30,,1184622,21,,,1,83,,1184639,21,,,1,70,,1184651,21,,,1,30,,1184625,21,,,1,70,,1184650,21,,,1,30,,1184610,21,,,1,72,,1184621,21,,,1,28,,1184612,21,,,1,70,,1184609,21,,,1,30,,1184631,21,,,1,70,,1184605,21,,,1,30,,1184626,21,,,1,17,,1184649,21,,,1,71,,1184629,21,,,1,30,,1184607,21,,,1,70,,1184606,21,,,1,30,,1184613,21,,,1,75,,1184628,21,,,1,30,,1184638,21,,,1,70,,1184648,21,,,1,26,,1184623,21,,,1,70,,1184619,21,,,1,30,,1184632,21,,,1,75,,1184637,21,,,1,28,,1184644,21,,,1,70,,1184611,21,,,1,29,,1184643,21,,,1,70,,1184620,21,,,1,75,,1184636,21,,,1,26,,1184618,21,,,1,28,,1184630,21,,,1,57,,1184642,21,,,1
10501,'9',514,,903757,21,,,1,38,,1184675,29,,,1,68,,1074426,29,,,1,27,,1184678,21,,,1,72,,1184667,21,,,1,35,,1184663,21,,,1,68,,1184680,21,,,1,32,,1184669,21,,,1,68,,1184653,21,,,1,30,,1184660,21,,,1,83,,1184687,21,,,1,70,,1184683,21,,,1,30,,1079426,21,,,1,70,,1184679,21,,,1,30,,1184688,21,,,1,72,,1184673,21,,,1,28,,1092071,21,,,1,70,,1184652,21,,,1,30,,1184677,21,,,1,70,,1051538,21,,,1,30,,1184685,21,,,1,17,,1184658,21,,,1,71,,1184657,21,,,1,30,,1184670,21,,,1,70,,1184674,21,,,1,30,,1184684,21,,,1,75,,1184664,21,,,1,30,,1184686,21,,,1,70,,1184668,21,,,1,26,,1063879,21,,,1,70,,1184666,21,,,1,30,,1184656,21,,,1,75,,991726,21,,,1,28,,1184676,21,,,1,70,,1052019,21,,,1,29,,1184659,21,,,1,70,,1184681,21,,,1,75,,1184665,21,,,1,26,,1184654,21,,,1,28,,1184655,21,,,1,57,,1184682,21,,,1
