3801,'1',624,,1133487,27,,,1,87,,1133505,27,,,1,32,,1133494,27,,,1,69,,1133508,27,,,1,32,,1133485,27,,,1,68,,1133500,27,,,1,28,,1095617,27,,,1,70,,1133499,27,,,1,30,,1021151,27,,,1,71,,1133504,27,,,1,30,,1133501,27,,,1,70,,1133502,27,,,1,30,,1133491,27,,,1,70,,1074991,27,,,1,31,,1133506,27,,,1,71,,1133493,27,,,1,31,,1133492,27,,,1,62,,1133488,18,,,1,6,,1133509,27,,,1,28,,1082916,23,,,1,71,,1133490,23,,,1,30,,1046841,23,,,1,70,,1133507,23,,,1,30,,1133497,23,,,1,70,,1133495,23,,,1,48,,1080473,27,,,1,70,,1079837,27,,,1,29,,1133486,27,,,1,70,,1133496,27,,,1,30,,1133489,27,,,1,70,,980647,27,,,1,30,,1133498,27,,,1,70,,1090867,27,,,1,97,,1133503,27,,,1
3801,'10',624,,1133512,27,,,1,87,,1133530,27,,,1,32,,1133519,27,,,1,69,,1133533,27,,,1,32,,1133510,27,,,1,68,,1133525,27,,,1,28,,1095383,27,,,1,70,,1133524,27,,,1,30,,1021320,27,,,1,71,,1133529,27,,,1,30,,1133526,27,,,1,70,,1133527,27,,,1,30,,1133516,27,,,1,70,,1074619,27,,,1,31,,1133531,27,,,1,71,,1133518,27,,,1,31,,1133517,27,,,1,62,,1133513,18,,,1,6,,1133534,27,,,1,28,,1082856,23,,,1,71,,1133515,23,,,1,30,,1046853,23,,,1,70,,1133532,23,,,1,30,,1133522,23,,,1,70,,1133520,23,,,1,48,,1080327,27,,,1,70,,1079674,27,,,1,29,,1133511,27,,,1,70,,1133521,27,,,1,30,,1133514,27,,,1,70,,980449,27,,,1,30,,1133523,27,,,1,70,,1090626,27,,,1,97,,1133528,27,,,1
3801,'11',624,,1133537,27,,,1,87,,1133555,27,,,1,32,,1133544,27,,,1,69,,1133558,27,,,1,32,,1133535,27,,,1,68,,1133550,27,,,1,28,,1095690,27,,,1,70,,1133549,27,,,1,30,,1021103,27,,,1,71,,1133554,27,,,1,30,,1133551,27,,,1,70,,1133552,27,,,1,30,,1133541,27,,,1,70,,1075097,27,,,1,31,,1133556,27,,,1,71,,1133543,27,,,1,31,,1133542,27,,,1,62,,1133538,18,,,1,6,,1133559,27,,,1,28,,1082936,23,,,1,71,,1133540,23,,,1,30,,1046838,23,,,1,70,,1133557,23,,,1,30,,1133547,23,,,1,70,,1133545,23,,,1,48,,1080517,27,,,1,70,,1079883,27,,,1,29,,1133536,27,,,1,70,,1133546,27,,,1,30,,1133539,27,,,1,70,,980622,27,,,1,30,,1133548,27,,,1,70,,1090938,27,,,1,97,,1133553,27,,,1
3801,'12',624,,1133581,27,,,1,87,,1133587,27,,,1,32,,1133580,27,,,1,69,,1133584,27,,,1,32,,1133561,27,,,1,68,,1133574,27,,,1,28,,1133562,27,,,1,70,,1133586,27,,,1,30,,1053423,27,,,1,71,,1133589,27,,,1,30,,1133575,27,,,1,70,,1133583,27,,,1,30,,1133568,27,,,1,70,,1133560,27,,,1,31,,1133569,27,,,1,71,,1133578,27,,,1,31,,1133577,27,,,1,62,,1133573,18,,,1,6,,1060599,27,,,1,28,,1133566,23,,,1,71,,1133588,23,,,1,30,,944332,23,,,1,70,,1133585,23,,,1,30,,1133579,23,,,1,70,,1020184,23,,,1,48,,1133571,27,,,1,70,,1133572,27,,,1,29,,1133564,27,,,1,70,,1133576,27,,,1,30,,1133567,27,,,1,70,,1133582,27,,,1,30,,1133563,27,,,1,70,,1133570,27,,,1,97,,1133565,27,,,1
3801,'13',902,,1133602,27,,,1,30,,1133604,27,,,1,70,,1133593,27,,,1,30,,1133598,27,,,1,70,,1133611,27,,,1,30,,1133609,27,,,1,70,,1133613,27,,,1,30,,1133600,27,,,1,70,,1133607,27,,,1,30,,1133592,27,,,1,70,,1133610,27,,,1,30,,1133595,27,,,1,70,,1133591,27,,,1,30,,1133603,27,,,1,70,,1133590,27,,,1,30,,1133612,27,,,1,70,,1133597,27,,,1,30,,1133599,27,,,1,70,,1093226,27,,,1,30,,1133605,27,,,1,70,,1133594,27,,,1,30,,1133601,27,,,1,70,,1133608,27,,,1,29,,1133596,27,,,1,100,,1133606,27,,,1
3801,'14',624,,1133623,27,,,1,87,,1133642,27,,,1,32,,1133631,27,,,1,69,,1133645,27,,,1,32,,1133615,27,,,1,68,,1133637,27,,,1,28,,1133622,27,,,1,70,,1133636,27,,,1,30,,1133616,27,,,1,71,,1133641,27,,,1,30,,1133638,27,,,1,70,,1133639,27,,,1,30,,1133628,27,,,1,70,,1133618,27,,,1,31,,1133643,27,,,1,71,,1133630,27,,,1,31,,1133629,27,,,1,62,,1133625,18,,,1,6,,1133646,27,,,1,28,,1133647,23,,,1,71,,1133627,23,,,1,30,,1133624,23,,,1,70,,1133644,23,,,1,30,,1133634,23,,,1,70,,1133632,23,,,1,48,,1133617,27,,,1,70,,1133614,27,,,1,29,,1133621,27,,,1,70,,1133633,27,,,1,30,,1133626,27,,,1,70,,1133620,27,,,1,30,,1133635,27,,,1,70,,1133619,27,,,1,97,,1133640,27,,,1
3801,'15',624,,1133654,27,,,1,87,,1133666,27,,,1,32,,1133671,27,,,1,69,,1133658,27,,,1,32,,1133678,27,,,1,68,,1133652,27,,,1,28,,1133670,27,,,1,70,,1133674,27,,,1,30,,1133657,27,,,1,71,,1133649,27,,,1,30,,1133669,27,,,1,70,,1133667,27,,,1,30,,1133664,27,,,1,70,,1133659,27,,,1,31,,1133651,27,,,1,71,,1133677,27,,,1,31,,1133661,27,,,1,62,,1133662,18,,,1,6,,1133648,27,,,1,28,,1133665,23,,,1,71,,1133656,23,,,1,30,,1133672,23,,,1,70,,1133653,23,,,1,30,,1133675,23,,,1,70,,1133676,23,,,1,48,,1133679,27,,,1,70,,1133668,27,,,1,29,,1133673,27,,,1,70,,1133660,27,,,1,30,,1133681,27,,,1,70,,1133663,27,,,1,30,,1133655,27,,,1,70,,1133650,27,,,1,97,,1133680,27,,,1
3801,'16',624,,1133703,27,,,1,87,,1133709,27,,,1,32,,1068418,27,,,1,69,,1133706,27,,,1,32,,1133683,27,,,1,68,,1133697,27,,,1,28,,1133686,27,,,1,70,,1133708,27,,,1,30,,1133685,27,,,1,71,,1091657,27,,,1,30,,1133698,27,,,1,70,,1133705,27,,,1,30,,1133691,27,,,1,70,,1133682,27,,,1,31,,1133692,27,,,1,71,,1133701,27,,,1,31,,1133700,27,,,1,62,,1133696,18,,,1,6,,1133710,27,,,1,28,,1133689,23,,,1,71,,1133711,23,,,1,30,,1133684,23,,,1,70,,1133707,23,,,1,30,,1133702,23,,,1,70,,1133712,23,,,1,48,,1133694,27,,,1,70,,1133695,27,,,1,29,,1133687,27,,,1,70,,1133699,27,,,1,30,,1133690,27,,,1,70,,1133704,27,,,1,30,,1076676,27,,,1,70,,1133693,27,,,1,97,,1133688,27,,,1
3801,'17',902,,1133726,27,,,1,30,,1133728,27,,,1,70,,1133717,27,,,1,30,,1133722,27,,,1,70,,1133735,27,,,1,30,,1133733,27,,,1,70,,1133737,27,,,1,30,,1133724,27,,,1,70,,1133731,27,,,1,30,,1133716,27,,,1,70,,1133734,27,,,1,30,,1133719,27,,,1,70,,1133715,27,,,1,30,,1133727,27,,,1,70,,1133714,27,,,1,30,,1133736,27,,,1,70,,1133721,27,,,1,30,,1133723,27,,,1,70,,1133713,27,,,1,30,,1133729,27,,,1,70,,1133718,27,,,1,30,,1133725,27,,,1,70,,1133732,27,,,1,29,,1133720,27,,,1,100,,1133730,27,,,1
3801,'2',646,,1063852,27,,,1,100,,1133755,27,,,1,70,,1133757,27,,,1,31,,1133746,27,,,1,70,,1133767,27,,,1,30,,1133763,27,,,1,70,,1133766,27,,,1,30,,1133740,27,,,1,70,,1133762,27,,,1,30,,1133750,27,,,1,70,,1072037,27,,,1,30,,1133754,27,,,1,70,,1133761,27,,,1,30,,1133752,27,,,1,70,,1133748,27,,,1,30,,1133739,27,,,1,70,,1133758,27,,,1,30,,1094705,27,,,1,70,,1133759,27,,,1,30,,1133760,27,,,1,70,,1133745,27,,,1,30,,1133742,27,,,1,70,,1133741,27,,,1,30,,1133738,27,,,1,70,,1133749,27,,,1,30,,1133743,27,,,1,70,,1133764,27,,,1,29,,1008357,27,,,1,70,,1133753,27,,,1,30,,1133765,27,,,1,70,,1133756,27,,,1
3801,'3',902,,1133781,27,,,1,30,,1133783,27,,,1,70,,1133772,27,,,1,30,,1133777,27,,,1,70,,1133790,27,,,1,30,,1133788,27,,,1,70,,1133792,27,,,1,30,,1133779,27,,,1,70,,1133786,27,,,1,30,,1133771,27,,,1,70,,1133789,27,,,1,30,,1133774,27,,,1,70,,1133770,27,,,1,30,,1133782,27,,,1,70,,1133769,27,,,1,30,,1133791,27,,,1,70,,1133776,27,,,1,30,,1133778,27,,,1,70,,1133768,27,,,1,30,,1133784,27,,,1,70,,1133773,27,,,1,30,,1133780,27,,,1,70,,1133787,27,,,1,29,,1133775,27,,,1,100,,1133785,27,,,1
3801,'4',902,,1133806,27,,,1,30,,1133811,27,,,1,70,,1133799,27,,,1,30,,1133808,27,,,1,70,,1133804,27,,,1,30,,1081889,27,,,1,70,,1133798,27,,,1,30,,1133807,27,,,1,70,,1133815,27,,,1,30,,1133795,27,,,1,70,,1133793,27,,,1,30,,1133814,27,,,1,70,,1100680,27,,,1,30,,1133800,27,,,1,70,,1133802,27,,,1,30,,1133813,27,,,1,70,,1133794,27,,,1,30,,1133810,27,,,1,70,,1133809,27,,,1,30,,1133796,27,,,1,70,,1133805,27,,,1,30,,1133797,27,,,1,70,,1133803,27,,,1,29,,1133812,27,,,1,100,,1133801,27,,,1
3801,'5',624,,1133818,27,,,1,87,,1133836,27,,,1,32,,1133825,27,,,1,69,,1133839,27,,,1,32,,1133816,27,,,1,68,,1133831,27,,,1,28,,1095570,27,,,1,70,,1133830,27,,,1,30,,1020867,27,,,1,71,,1133835,27,,,1,30,,1133832,27,,,1,70,,1133833,27,,,1,30,,1133822,27,,,1,70,,1074939,27,,,1,31,,1133837,27,,,1,71,,1133824,27,,,1,31,,1133823,27,,,1,62,,1133819,18,,,1,6,,1133840,27,,,1,28,,1082896,23,,,1,71,,1133821,23,,,1,30,,1046825,23,,,1,70,,1133838,23,,,1,30,,1133828,23,,,1,70,,1133826,23,,,1,48,,1080451,27,,,1,70,,1079814,27,,,1,29,,1133817,27,,,1,70,,1133827,27,,,1,30,,1133820,27,,,1,70,,980730,27,,,1,30,,1133829,27,,,1,70,,1090833,27,,,1,97,,1133834,27,,,1
3801,'6',624,,1133862,27,,,1,87,,1016501,27,,,1,32,,1133861,27,,,1,69,,1133865,27,,,1,32,,1133841,27,,,1,68,,1133855,27,,,1,28,,1089601,27,,,1,70,,1133867,27,,,1,30,,1133843,27,,,1,71,,1133869,27,,,1,30,,1133856,27,,,1,70,,1133864,27,,,1,30,,1133849,27,,,1,70,,956652,27,,,1,31,,1133850,27,,,1,71,,1133859,27,,,1,31,,1133858,27,,,1,62,,1133854,18,,,1,6,,1133868,27,,,1,28,,1133847,23,,,1,71,,1059779,23,,,1,30,,1133842,23,,,1,70,,1133866,23,,,1,30,,1133860,23,,,1,70,,1133870,23,,,1,48,,1133852,27,,,1,70,,1133853,27,,,1,29,,1133845,27,,,1,70,,1133857,27,,,1,30,,1133848,27,,,1,70,,1133863,27,,,1,30,,1133844,27,,,1,70,,1133851,27,,,1,97,,1133846,27,,,1
3801,'7',646,,1133903,27,,,1,100,,1133899,27,,,1,70,,1133875,27,,,1,31,,1133890,27,,,1,70,,1133885,27,,,1,30,,1133901,27,,,1,70,,1133887,27,,,1,30,,1133882,27,,,1,70,,1133879,27,,,1,30,,1133900,27,,,1,70,,1133876,27,,,1,30,,1133897,27,,,1,70,,1133896,27,,,1,30,,1133874,27,,,1,70,,1133895,27,,,1,30,,1133880,27,,,1,70,,1133891,27,,,1,30,,1133873,27,,,1,70,,1133884,27,,,1,30,,1133872,27,,,1,70,,1133892,27,,,1,30,,1133898,27,,,1,70,,1133904,27,,,1,30,,1133878,27,,,1,70,,1133894,27,,,1,30,,1133886,27,,,1,70,,1133881,27,,,1,29,,1133883,27,,,1,70,,1133902,27,,,1,30,,1133889,27,,,1,70,,1133871,27,,,1
3801,'8',624,,1133928,27,,,1,87,,1133934,27,,,1,32,,1133927,27,,,1,69,,1133931,27,,,1,32,,1133906,27,,,1,68,,1133921,27,,,1,28,,1133909,27,,,1,70,,1133933,27,,,1,30,,1133908,27,,,1,71,,1133937,27,,,1,30,,1133922,27,,,1,70,,1133930,27,,,1,30,,1133915,27,,,1,70,,1133905,27,,,1,31,,1133916,27,,,1,71,,1133925,27,,,1,31,,1133924,27,,,1,62,,1133920,18,,,1,6,,1133935,27,,,1,28,,1133913,23,,,1,71,,1133936,23,,,1,30,,1133907,23,,,1,70,,1133932,23,,,1,30,,1133926,23,,,1,70,,1133938,23,,,1,48,,1133918,27,,,1,70,,1133919,27,,,1,29,,1133911,27,,,1,70,,1133923,27,,,1,30,,1133914,27,,,1,70,,1133929,27,,,1,30,,1133910,27,,,1,70,,1133917,27,,,1,97,,1133912,27,,,1
3801,'9',624,,1133941,27,,,1,87,,1133959,27,,,1,32,,1133948,27,,,1,69,,1133962,27,,,1,32,,1133939,27,,,1,68,,1133954,27,,,1,28,,1095458,27,,,1,70,,1133953,27,,,1,30,,1021199,27,,,1,71,,1133958,27,,,1,30,,1133955,27,,,1,70,,1133956,27,,,1,30,,1133945,27,,,1,70,,1074733,27,,,1,31,,1133960,27,,,1,71,,1133947,27,,,1,31,,1133946,27,,,1,62,,1133942,18,,,1,6,,1133963,27,,,1,28,,1082876,23,,,1,71,,1133944,23,,,1,30,,1046844,23,,,1,70,,1133961,23,,,1,30,,1133951,23,,,1,70,,1133949,23,,,1,48,,1080378,27,,,1,70,,1079725,27,,,1,29,,1133940,27,,,1,70,,1133950,27,,,1,30,,1133943,27,,,1,70,,980705,27,,,1,30,,1133952,27,,,1,70,,1090698,27,,,1,97,,1133957,27,,,1
