26501,'1',1610,,1197442,24,,,1,32,,1197443,24,,,1,70,,1197444,24,,,1,30,,1197441,24,,,1,71,,1197445,24,,,1,29,,1066958,24,,,1,68,,1197446,24,,,1
26501,'10',1610,,1197448,24,,,1,32,,1197449,24,,,1,70,,1197450,24,,,1,30,,1197447,24,,,1,71,,1197451,24,,,1,29,,1066675,24,,,1,68,,1197452,24,,,1
26501,'11',1610,,1197454,24,,,1,32,,1197455,24,,,1,70,,1197456,24,,,1,30,,1197453,24,,,1,71,,1197457,24,,,1,29,,1067034,24,,,1,68,,1197458,24,,,1
26501,'12',1610,,1197462,24,,,1,32,,1197465,24,,,1,70,,1197459,24,,,1,30,,1197461,24,,,1,71,,1197460,24,,,1,29,,1197464,24,,,1,68,,1197463,24,,,1
26501,'14',1610,,1197467,24,,,1,32,,1197468,24,,,1,70,,1197469,24,,,1,30,,1197466,24,,,1,71,,1197470,24,,,1,29,,1197472,24,,,1,68,,1197471,24,,,1
26501,'15',1610,,1197477,24,,,1,32,,1197473,24,,,1,70,,1197479,24,,,1,30,,1197475,24,,,1,71,,1197474,24,,,1,29,,1197478,24,,,1,68,,1197476,24,,,1
26501,'16',1610,,1197483,24,,,1,32,,1197486,24,,,1,70,,1197480,24,,,1,30,,1197482,24,,,1,71,,1197481,24,,,1,29,,1197485,24,,,1,68,,1197484,24,,,1
26501,'5',1610,,1197488,24,,,1,32,,1197489,24,,,1,70,,1197490,24,,,1,30,,1197487,24,,,1,71,,1197491,24,,,1,29,,1066922,24,,,1,68,,1197492,24,,,1
26501,'6',1610,,1197496,24,,,1,32,,1097198,24,,,1,70,,1197493,24,,,1,30,,1197495,24,,,1,71,,1197494,24,,,1,29,,1197498,24,,,1,68,,1197497,24,,,1
26501,'8',1610,,1197502,24,,,1,32,,1197505,24,,,1,70,,1197499,24,,,1,30,,1197501,24,,,1,71,,1197500,24,,,1,29,,1197504,24,,,1,68,,1197503,24,,,1
26501,'9',1610,,1197507,24,,,1,32,,1197508,24,,,1,70,,1197509,24,,,1,30,,1197506,24,,,1,71,,1197510,24,,,1,29,,1066761,24,,,1,68,,1197511,24,,,1
66301,'1',1504,,1199804,11,,,1,10,,1199802,11,,,1,1,,1199805,11,,,1
66301,'10',1504,,1199809,11,,,1,10,,1199807,11,,,1,1,,1199810,11,,,1
66301,'11',1504,,1199814,11,,,1,10,,1199812,11,,,1,1,,1199815,11,,,1
66301,'12',1504,,1199817,11,,,1,10,,1199820,11,,,1,1,,1199819,11,,,1
66301,'14',1504,,1199824,11,,,1,10,,1199822,11,,,1,1,,1199825,11,,,1
66301,'15',1504,,1199827,11,,,1,10,,1199829,11,,,1,1,,1199830,11,,,1
66301,'16',1504,,1199832,11,,,1,10,,1199835,11,,,1,1,,1199834,11,,,1
66301,'5',1504,,1199839,11,,,1,10,,1199837,11,,,1,1,,1199840,11,,,1
66301,'6',1504,,1199842,11,,,1,10,,1199845,11,,,1,1,,1199844,11,,,1
66301,'8',1504,,1199847,11,,,1,10,,1199850,11,,,1,1,,1199849,11,,,1
66301,'9',1504,,1199854,11,,,1,10,,1199852,11,,,1,1,,1199855,11,,,1
