2400,'1',550,,1078711,45,,,1,90,,1103602,45,0,135,1,13,,1123570,45,,,1,58,,1123550,45,0,135,1,14,,1123543,45,,,1,16,,1072142,45,0,135,1,15,,1123566,45,,,1,58,,1123534,45,0,135,1,12,,1063630,45,,,1,18,,1123569,45,0,135,1,12,,1123561,45,,,1,57,,1123544,45,0,135,1,12,,1123547,45,,,1,30,,1123549,45,,,1,70,,1123538,45,,,1,30,,1123546,45,,,1,70,,1123540,45,,,1,30,,1123555,45,,,1,70,,1123557,45,,,1,30,,1123542,45,,,1,70,,1075524,45,,,1,32,,1123568,45,,,1,70,,1123532,45,,,1,28,,1123558,45,,,1,71,,1123567,45,0,135,1,25,,1123539,45,0,135,1,59,,1123564,45,0,135,1,29,,1123562,45,0,135,1,15,,1123536,45,0,135,1,56,,1123533,45,0,135,1,14,,1123556,45,0,135,1,15,,1002712,45,0,135,1,14,,971917,45,0,135,1,56,,1077010,45,0,135,1,14,,1123541,45,0,135,1,22,,1123545,45,0,135,1,69,,1123535,45,,,1,31,,1123548,45,0,135,1,64,,1123563,45,,,1,33,,1123551,45,0,135,1,70,,1123554,45,,,1,33,,1123565,45,0,135,1,68,,1123559,45,,,1,100,,1123560,45,,,1,29,,1123552,45,0,135,1
2400,'10',550,,1078447,45,,,1,90,,1103599,45,0,135,1,13,,1123610,45,,,1,58,,1123590,45,0,135,1,14,,1123583,45,,,1,16,,1072022,45,0,135,1,15,,1123606,45,,,1,58,,1123574,45,0,135,1,12,,1063326,45,,,1,18,,1123609,45,0,135,1,12,,1123601,45,,,1,57,,1123584,45,0,135,1,12,,1123587,45,,,1,30,,1123589,45,,,1,70,,1123578,45,,,1,30,,1123586,45,,,1,70,,1123580,45,,,1,30,,1123595,45,,,1,70,,1123597,45,,,1,30,,1123582,45,,,1,70,,1075188,45,,,1,32,,1123608,45,,,1,70,,1123572,45,,,1,28,,1123598,45,,,1,71,,1123607,45,0,135,1,25,,1123579,45,0,135,1,59,,1123604,45,0,135,1,29,,1123602,45,0,135,1,15,,1123576,45,0,135,1,56,,1123573,45,0,135,1,14,,1123596,45,0,135,1,15,,1002882,45,0,135,1,14,,971434,45,0,135,1,56,,1076786,45,0,135,1,14,,1123581,45,0,135,1,22,,1123585,45,0,135,1,69,,1123575,45,,,1,31,,1123588,45,0,135,1,64,,1123603,45,,,1,33,,1123591,45,0,135,1,70,,1123594,45,,,1,33,,1123605,45,0,135,1,68,,1123599,45,,,1,100,,1123600,45,,,1,29,,1123592,45,0,135,1
2400,'11',550,,1078791,45,,,1,90,,1103603,45,0,135,1,13,,1123650,45,,,1,58,,1123630,45,0,135,1,14,,1123623,45,,,1,16,,1072174,45,0,135,1,15,,1123646,45,,,1,58,,1123614,45,0,135,1,12,,1063722,45,,,1,18,,1123649,45,0,135,1,12,,1123641,45,,,1,57,,1123624,45,0,135,1,12,,1123627,45,,,1,30,,1123629,45,,,1,70,,1123618,45,,,1,30,,1123626,45,,,1,70,,1123620,45,,,1,30,,1123635,45,,,1,70,,1123637,45,,,1,30,,1123622,45,,,1,70,,1075616,45,,,1,32,,1123648,45,,,1,70,,1123612,45,,,1,28,,1123638,45,,,1,71,,1123647,45,0,135,1,25,,1123619,45,0,135,1,59,,1123644,45,0,135,1,29,,1123642,45,0,135,1,15,,1123616,45,0,135,1,56,,1123613,45,0,135,1,14,,1123636,45,0,135,1,15,,1002665,45,0,135,1,14,,971847,45,0,135,1,56,,1077076,45,0,135,1,14,,1123621,45,0,135,1,22,,1123625,45,0,135,1,69,,1123615,45,,,1,31,,1123628,45,0,135,1,64,,1123643,45,,,1,33,,1123631,45,0,135,1,70,,1123634,45,,,1,33,,1123645,45,0,135,1,68,,1123639,45,,,1,100,,1123640,45,,,1,29,,1123632,45,0,135,1
2400,'12',550,,1123656,45,,,1,90,,942851,45,0,135,1,13,,1123680,45,,,1,58,,1123663,45,0,135,1,14,,1084401,45,,,1,16,,1123670,45,0,135,1,15,,1123675,45,,,1,58,,1123677,45,0,135,1,12,,1123665,45,,,1,18,,1098675,45,0,135,1,12,,1123662,45,,,1,57,,1123652,45,0,135,1,12,,1123673,45,,,1,30,,1123666,45,,,1,70,,1123686,45,,,1,30,,1123657,45,,,1,70,,1123672,45,,,1,30,,1123689,45,,,1,70,,1123664,45,,,1,30,,1123669,45,,,1,70,,1123681,45,,,1,32,,1123667,45,,,1,70,,959719,45,,,1,28,,1123653,45,,,1,71,,1123671,45,0,135,1,25,,1123693,45,0,135,1,59,,1123654,45,0,135,1,29,,1123655,45,0,135,1,15,,1123687,45,0,135,1,56,,1078239,45,0,135,1,14,,1123691,45,0,135,1,15,,1123661,45,0,135,1,14,,1123690,45,0,135,1,56,,1123658,45,0,135,1,14,,1123660,45,0,135,1,22,,1123682,45,0,135,1,69,,1123684,45,,,1,31,,1123674,45,0,135,1,64,,1123685,45,,,1,33,,1123676,45,0,135,1,70,,952761,45,,,1,33,,1123692,45,0,135,1,68,,1123679,45,,,1,100,,1123678,45,,,1,29,,1123683,45,0,135,1
2400,'13',839,,1123702,45,0,135,1,98,,1123715,45,0,69,1,101,,1123694,45,0,69,1,70,,1123695,45,0,69,1,30,,1123707,45,0,69,1,70,,1123717,45,0,69,1,32,,1123698,45,0,69,1,70,,1123705,45,0,69,1,30,,1123709,45,0,69,1,70,,1123708,45,0,69,1,30,,1082143,45,0,69,1,70,,1123696,45,0,69,1,30,,1123703,45,0,69,1,70,,1123704,45,0,69,1,30,,1123713,45,0,69,1,70,,1123701,45,0,69,1,30,,1123711,45,0,69,1,70,,1123706,45,0,69,1,27,,1123699,45,0,69,1,72,,1123714,45,0,135,1,30,,1123710,45,0,135,1,70,,1123700,45,0,135,1,97,,1123697,34,0,135,1,100,,1123712,34,0,135,1,100,,1123716,34,0,135,1
2400,'14',550,,1123730,45,,,1,90,,1123764,45,0,135,1,13,,1123763,45,,,1,58,,1123741,45,0,135,1,14,,1123733,45,,,1,16,,1123758,45,0,135,1,15,,1123757,45,,,1,58,,1123721,45,0,135,1,12,,1123761,45,,,1,18,,1123762,45,0,135,1,12,,1123752,45,,,1,57,,1123735,45,0,135,1,12,,1123738,45,,,1,30,,1123740,45,,,1,70,,1123727,45,,,1,30,,1123737,45,,,1,70,,1123729,45,,,1,30,,1123746,45,,,1,70,,1123748,45,,,1,30,,1123732,45,,,1,70,,1123719,45,,,1,32,,1123760,45,,,1,70,,1123718,45,,,1,28,,1123749,45,,,1,71,,1123759,45,0,135,1,25,,1123728,45,0,135,1,59,,1123755,45,0,135,1,29,,1123753,45,0,135,1,15,,1123724,45,0,135,1,56,,1123720,45,0,135,1,14,,1123747,45,0,135,1,15,,1123723,45,0,135,1,14,,1123734,45,0,135,1,56,,1123725,45,0,135,1,14,,1123731,45,0,135,1,22,,1123736,45,0,135,1,69,,1123722,45,,,1,31,,1123739,45,0,135,1,64,,1123754,45,,,1,33,,1123742,45,0,135,1,70,,1123745,45,,,1,33,,1123756,45,0,135,1,68,,1123750,45,,,1,100,,1123751,45,,,1,29,,1123743,45,0,135,1
2400,'15',550,,1123810,45,,,1,90,,1123804,45,0,135,1,13,,1123811,45,,,1,58,,1123782,45,0,135,1,14,,1123813,45,,,1,16,,1123803,45,0,135,1,15,,1123780,45,,,1,58,,1123805,45,0,135,1,12,,1123797,45,,,1,18,,1123777,45,0,135,1,12,,1123784,45,,,1,57,,1123790,45,0,135,1,12,,1123768,45,,,1,30,,1123779,45,,,1,70,,1123812,45,,,1,30,,1123793,45,,,1,70,,1123794,45,,,1,30,,1123772,45,,,1,70,,1123771,45,,,1,30,,1123791,45,,,1,70,,1123785,45,,,1,32,,1123786,45,,,1,70,,1123767,45,,,1,28,,1123795,45,,,1,71,,1123766,45,0,135,1,25,,1123773,45,0,135,1,59,,1123807,45,0,135,1,29,,1123776,45,0,135,1,15,,1123808,45,0,135,1,56,,1123770,45,0,135,1,14,,1123796,45,0,135,1,15,,1123775,45,0,135,1,14,,1123806,45,0,135,1,56,,1123781,45,0,135,1,14,,1123769,45,0,135,1,22,,1123799,45,0,135,1,69,,1123774,45,,,1,31,,1123789,45,0,135,1,64,,1123800,45,,,1,33,,1123778,45,0,135,1,70,,1123798,45,,,1,33,,1123787,45,0,135,1,68,,1123788,45,,,1,100,,1123783,45,,,1,29,,1123792,45,0,135,1
2400,'16',550,,1123819,45,,,1,90,,1123857,45,0,135,1,13,,1123842,45,,,1,58,,901619,45,0,135,1,14,,1123856,45,,,1,16,,1123833,45,0,135,1,15,,1025560,45,,,1,58,,1123839,45,0,135,1,12,,1123828,45,,,1,18,,1123853,45,0,135,1,12,,1004624,45,,,1,57,,1123814,45,0,135,1,12,,1123836,45,,,1,30,,1123829,45,,,1,70,,1123848,45,,,1,30,,1123820,45,,,1,70,,1123835,45,,,1,30,,1123851,45,,,1,70,,1123827,45,,,1,30,,1123832,45,,,1,70,,1123843,45,,,1,32,,1123830,45,,,1,70,,1123818,45,,,1,28,,1123815,45,,,1,71,,1123834,45,0,135,1,25,,1077992,45,0,135,1,59,,1123816,45,0,135,1,29,,1123817,45,0,135,1,15,,1123849,45,0,135,1,56,,1123822,45,0,135,1,14,,1123854,45,0,135,1,15,,1123825,45,0,135,1,14,,1123852,45,0,135,1,56,,1123821,45,0,135,1,14,,1123824,45,0,135,1,22,,1123844,45,0,135,1,69,,1123846,45,,,1,31,,1123837,45,0,135,1,64,,1123847,45,,,1,33,,1123838,45,0,135,1,70,,1123826,45,,,1,33,,1123855,45,0,135,1,68,,1123841,45,,,1,100,,1123840,45,,,1,29,,1123845,45,0,135,1
2400,'17',839,,1123867,45,0,135,1,98,,1123880,45,0,69,1,101,,1123858,45,0,69,1,70,,1123859,45,0,69,1,30,,1123872,45,0,69,1,70,,1123882,45,0,69,1,32,,1123863,45,0,69,1,70,,1123870,45,0,69,1,30,,1123874,45,0,69,1,70,,1123873,45,0,69,1,30,,1123861,45,0,69,1,70,,1123860,45,0,69,1,30,,1123868,45,0,69,1,70,,1123869,45,0,69,1,30,,1123878,45,0,69,1,70,,1123866,45,0,69,1,30,,1123876,45,0,69,1,70,,1123871,45,0,69,1,27,,1123864,45,0,69,1,72,,1123879,45,0,135,1,30,,1123875,45,0,135,1,70,,1123865,45,0,135,1,97,,1123862,34,0,135,1,100,,1123877,34,0,135,1,100,,1123881,34,0,135,1
2400,'2',705,,1123884,45,0,69,1,100,,1123885,45,0,69,1,31,,1123899,45,0,69,1,70,,1123905,45,0,69,1,30,,1123896,45,0,69,1,70,,1123889,45,0,69,1,33,,1123887,45,0,69,1,70,,1123894,45,0,69,1,30,,1123910,45,0,69,1,70,,1123886,45,0,69,1,32,,1123902,45,0,69,1,70,,1123904,45,0,69,1,30,,1123895,45,0,69,1,70,,1123898,45,0,69,1,31,,1123901,45,0,69,1,69,,1123890,45,0,69,1,30,,1123883,45,0,69,1,70,,1089358,45,0,69,1,30,,1123903,45,0,69,1,70,,1123909,45,0,69,1,30,,1123906,45,0,69,1,70,,1123897,45,0,69,1,27,,1123900,45,0,69,1,70,,1078926,45,0,69,1,31,,1123891,45,0,69,1,69,,1123893,45,0,69,1,28,,1123888,45,0,69,1,70,,1123908,34,0,69,1,100,,1072216,34,0,69,1,100,,1123907,34,0,69,1,100,,1123892,34,0,69,1
2400,'3',839,,1123920,45,0,135,1,98,,1123933,45,0,69,1,101,,1123911,45,0,69,1,70,,1123912,45,0,69,1,30,,1123925,45,0,69,1,70,,1123935,45,0,69,1,32,,1123916,45,0,69,1,70,,1123923,45,0,69,1,30,,1123927,45,0,69,1,70,,1123926,45,0,69,1,30,,1123914,45,0,69,1,70,,1123913,45,0,69,1,30,,1123921,45,0,69,1,70,,1123922,45,0,69,1,30,,1123931,45,0,69,1,70,,1123919,45,0,69,1,30,,1123929,45,0,69,1,70,,1123924,45,0,69,1,27,,1123917,45,0,69,1,72,,1123932,45,0,135,1,30,,1123928,45,0,135,1,70,,1123918,45,0,135,1,97,,1123915,34,0,135,1,100,,1123930,34,0,135,1,100,,1123934,34,0,135,1
2400,'4',839,,1123946,45,0,135,1,98,,1123947,45,0,69,1,101,,1123952,45,0,69,1,70,,1123941,45,0,69,1,30,,1123945,45,0,69,1,70,,1123937,45,0,69,1,32,,1123951,45,0,69,1,70,,1123949,45,0,69,1,30,,1123939,45,0,69,1,70,,1123956,45,0,69,1,30,,1123936,45,0,69,1,70,,1123944,45,0,69,1,30,,1123955,45,0,69,1,70,,1123948,45,0,69,1,30,,1123957,45,0,69,1,70,,1074010,45,0,69,1,30,,1123953,45,0,69,1,70,,1123942,45,0,69,1,27,,1123943,45,0,69,1,72,,1123950,45,0,135,1,30,,1123938,45,0,135,1,70,,1076561,45,0,135,1,97,,1123940,34,0,135,1,100,,1123954,34,0,135,1,100,,1065727,34,0,135,1
2400,'5',550,,1078663,45,,,1,90,,1103601,45,0,135,1,13,,1123996,45,,,1,58,,1123976,45,0,135,1,14,,1123969,45,,,1,16,,1072128,45,0,135,1,15,,1123992,45,,,1,58,,1123960,45,0,135,1,12,,1063590,45,,,1,18,,1123995,45,0,135,1,12,,1123987,45,,,1,57,,1123970,45,0,135,1,12,,1123973,45,,,1,30,,1123975,45,,,1,70,,1123964,45,,,1,30,,1123972,45,,,1,70,,1123966,45,,,1,30,,1123981,45,,,1,70,,1123983,45,,,1,30,,1123968,45,,,1,70,,1075482,45,,,1,32,,1123994,45,,,1,70,,1123958,45,,,1,28,,1123984,45,,,1,71,,1123993,45,0,135,1,25,,1123965,45,0,135,1,59,,1123990,45,0,135,1,29,,1123988,45,0,135,1,15,,1123962,45,0,135,1,56,,1123959,45,0,135,1,14,,1123982,45,0,135,1,15,,1002393,45,0,135,1,14,,972134,45,0,135,1,56,,1076966,45,0,135,1,14,,1123967,45,0,135,1,22,,1123971,45,0,135,1,69,,1123961,45,,,1,31,,1123974,45,0,135,1,64,,1123989,45,,,1,33,,1123977,45,0,135,1,70,,1123980,45,,,1,33,,1123991,45,0,135,1,68,,1123985,45,,,1,100,,1123986,45,,,1,29,,1123978,45,0,135,1
2400,'6',550,,1124002,45,,,1,90,,1124037,45,0,135,1,13,,1124023,45,,,1,58,,1124006,45,0,135,1,14,,1124036,45,,,1,16,,1124013,45,0,135,1,15,,1124018,45,,,1,58,,1124020,45,0,135,1,12,,1124009,45,,,1,18,,1124034,45,0,135,1,12,,1124005,45,,,1,57,,1123998,45,0,135,1,12,,1124016,45,,,1,30,,1099131,45,,,1,70,,1124029,45,,,1,30,,1044709,45,,,1,70,,1124015,45,,,1,30,,1124032,45,,,1,70,,1124008,45,,,1,30,,1124012,45,,,1,70,,1124024,45,,,1,32,,1124010,45,,,1,70,,1124001,45,,,1,28,,1123999,45,,,1,71,,1124014,45,0,135,1,25,,1124038,45,0,135,1,59,,1124000,45,0,135,1,29,,1003568,45,0,135,1,15,,1124030,45,0,135,1,56,,1124003,45,0,135,1,14,,1124035,45,0,135,1,15,,1066631,45,0,135,1,14,,1124033,45,0,135,1,56,,1088299,45,0,135,1,14,,1124004,45,0,135,1,22,,1124025,45,0,135,1,69,,1124027,45,,,1,31,,1124017,45,0,135,1,64,,1124028,45,,,1,33,,1124019,45,0,135,1,70,,1124007,45,,,1,33,,1027709,45,0,135,1,68,,1124022,45,,,1,100,,1124021,45,,,1,29,,1124026,45,0,135,1
2400,'7',705,,1124058,45,0,69,1,100,,1124059,45,0,69,1,31,,1124045,45,0,69,1,70,,1124050,45,0,69,1,30,,1124052,45,0,69,1,70,,1124048,45,0,69,1,33,,1124055,45,0,69,1,70,,1124040,45,0,69,1,30,,1124049,45,0,69,1,70,,1124044,45,0,69,1,32,,1124043,45,0,69,1,70,,1124067,45,0,69,1,30,,1124066,45,0,69,1,70,,1124065,45,0,69,1,31,,1124062,45,0,69,1,69,,1124069,45,0,69,1,30,,1124046,45,0,69,1,70,,1124064,45,0,69,1,30,,1124057,45,0,69,1,70,,1124051,45,0,69,1,30,,1124061,45,0,69,1,70,,1124060,45,0,69,1,27,,1124056,45,0,69,1,70,,1124041,45,0,69,1,31,,1124068,45,0,69,1,69,,1124042,45,0,69,1,28,,1124063,45,0,69,1,70,,1124047,34,0,69,1,100,,1124053,34,0,69,1,100,,1124039,34,0,69,1,100,,1124054,34,0,69,1
2400,'8',550,,1124075,45,,,1,90,,1124116,45,0,135,1,13,,1124101,45,,,1,58,,1124083,45,0,135,1,14,,1124115,45,,,1,16,,1124091,45,0,135,1,15,,1124096,45,,,1,58,,1124098,45,0,135,1,12,,1124086,45,,,1,18,,1124112,45,0,135,1,12,,1124082,45,,,1,57,,1124070,45,0,135,1,12,,1124094,45,,,1,30,,1124087,45,,,1,70,,1124107,45,,,1,30,,1124076,45,,,1,70,,1124093,45,,,1,30,,1124110,45,,,1,70,,1124085,45,,,1,30,,1124090,45,,,1,70,,1124102,45,,,1,32,,1124088,45,,,1,70,,1124074,45,,,1,28,,1124071,45,,,1,71,,1124092,45,0,135,1,25,,1124117,45,0,135,1,59,,1124072,45,0,135,1,29,,1124073,45,0,135,1,15,,1124108,45,0,135,1,56,,1124078,45,0,135,1,14,,1124113,45,0,135,1,15,,1124081,45,0,135,1,14,,1124111,45,0,135,1,56,,1124077,45,0,135,1,14,,1124080,45,0,135,1,22,,1124103,45,0,135,1,69,,1124105,45,,,1,31,,1124095,45,0,135,1,64,,1124106,45,,,1,33,,1124097,45,0,135,1,70,,1124084,45,,,1,33,,1124114,45,0,135,1,68,,1124100,45,,,1,100,,1124099,45,,,1,29,,1124104,45,0,135,1
2400,'9',550,,1078528,45,,,1,90,,1103600,45,0,135,1,13,,1124156,45,,,1,58,,1124136,45,0,135,1,14,,1124129,45,,,1,16,,1072058,45,0,135,1,15,,1124152,45,,,1,58,,1124120,45,0,135,1,12,,1063419,45,,,1,18,,1124155,45,0,135,1,12,,1124147,45,,,1,57,,1124130,45,0,135,1,12,,1124133,45,,,1,30,,1124135,45,,,1,70,,1124124,45,,,1,30,,1124132,45,,,1,70,,1124126,45,,,1,30,,1124141,45,,,1,70,,1124143,45,,,1,30,,1124128,45,,,1,70,,1075286,45,,,1,32,,1124154,45,,,1,70,,1124118,45,,,1,28,,1124144,45,,,1,71,,1124153,45,0,135,1,25,,1124125,45,0,135,1,59,,1124150,45,0,135,1,29,,1124148,45,0,135,1,15,,1124122,45,0,135,1,56,,1124119,45,0,135,1,14,,1124142,45,0,135,1,15,,1002759,45,0,135,1,14,,972064,45,0,135,1,56,,1076861,45,0,135,1,14,,1124127,45,0,135,1,22,,1124131,45,0,135,1,69,,1124121,45,,,1,31,,1124134,45,0,135,1,64,,1124149,45,,,1,33,,1124137,45,0,135,1,70,,1124140,45,,,1,33,,1124151,45,0,135,1,68,,1124145,45,,,1,100,,1124146,45,,,1,29,,1124138,45,0,135,1
