22100,'1',627,,1083219,2,,,1,28,,1196315,39,,,1,70,,1086684,39,,,1,32,,1055581,2,,,1
22100,'10',627,,1082986,2,,,1,28,,1196316,39,,,1,70,,1086514,39,,,1,32,,1055636,2,,,1
22100,'11',627,,1083294,2,,,1,28,,1196317,39,,,1,70,,1086739,39,,,1,32,,1055566,2,,,1
22100,'12',627,,1099991,2,,,1,28,,1196318,39,,,1,70,,1196320,39,,,1,32,,1196319,2,,,1
22100,'14',627,,1196323,2,,,1,28,,1196322,39,,,1,70,,1196321,39,,,1,32,,1196324,2,,,1
22100,'15',627,,1196328,2,,,1,28,,1196327,39,,,1,70,,1196325,39,,,1,32,,1196326,2,,,1
22100,'16',627,,1196329,2,,,1,28,,1038841,39,,,1,70,,1196331,39,,,1,32,,1196330,2,,,1
22100,'5',627,,1083179,2,,,1,28,,1196332,39,,,1,70,,1086658,39,,,1,32,,1055476,2,,,1
22100,'6',627,,1196333,2,,,1,28,,1196334,39,,,1,70,,1196336,39,,,1,32,,1196335,2,,,1
22100,'8',627,,1196337,2,,,1,28,,1196338,39,,,1,70,,1196340,39,,,1,32,,1196339,2,,,1
22100,'9',627,,1083055,2,,,1,28,,1196341,39,,,1,70,,1086570,39,,,1,32,,1055596,2,,,1
