4701,'1',1203,,1144669,15,,,1,310,,1144664,15,,,1,32,,1070606,15,,,1,69,,978409,15,,,1,29,,1144665,15,,,1,65,,1144666,15,,,1,34,,1144667,15,,,1,60,,1144668,15,,,1
4701,'10',1203,,1144675,15,,,1,310,,1144670,15,,,1,32,,1070420,15,,,1,69,,978050,15,,,1,29,,1144671,15,,,1,65,,1144672,15,,,1,34,,1144673,15,,,1,60,,1144674,15,,,1
4701,'11',1203,,1144681,15,,,1,310,,1144676,15,,,1,32,,1070660,15,,,1,69,,978350,15,,,1,29,,1144677,15,,,1,65,,1144678,15,,,1,34,,1144679,15,,,1,60,,1144680,15,,,1
4701,'12',1203,,1144684,15,,,1,310,,1144683,15,,,1,32,,1144686,15,,,1,69,,1144687,15,,,1,29,,1069300,15,,,1,65,,1144682,15,,,1,34,,1144685,15,,,1,60,,1073806,15,,,1
4701,'13',1204,,1144688,15,,,1
4701,'14',1203,,1144695,15,,,1,310,,1144690,15,,,1,32,,1144696,15,,,1,69,,1144689,15,,,1,29,,1144691,15,,,1,65,,1144692,15,,,1,34,,1144693,15,,,1,60,,1144694,15,,,1
4701,'15',1203,,1144701,15,,,1,310,,1144703,15,,,1,32,,1144702,15,,,1,69,,1144697,15,,,1,29,,1144698,15,,,1,65,,1144700,15,,,1,34,,1144699,15,,,1,60,,1144704,15,,,1
4701,'16',1203,,1144709,15,,,1,310,,1144708,15,,,1,32,,1144711,15,,,1,69,,1144712,15,,,1,29,,1144707,15,,,1,65,,1144705,15,,,1,34,,1144710,15,,,1,60,,1144706,15,,,1
4701,'17',1204,,1144713,15,,,1
4701,'2',1204,,1144714,15,,,1
4701,'3',1204,,1144715,15,,,1
4701,'4',1204,,1144716,15,,,1
4701,'5',1203,,1144722,15,,,1,310,,1144717,15,,,1,32,,1070570,15,,,1,69,,978600,15,,,1,29,,1144718,15,,,1,65,,1144719,15,,,1,34,,1144720,15,,,1,60,,1144721,15,,,1
4701,'6',1203,,1144726,15,,,1,310,,1144725,15,,,1,32,,1144728,15,,,1,69,,1050059,15,,,1,29,,1144724,15,,,1,65,,1070091,15,,,1,34,,1144727,15,,,1,60,,1144723,15,,,1
4701,'7',1204,,1144729,15,,,1
4701,'8',1203,,1144734,15,,,1,310,,1144733,15,,,1,32,,1144736,15,,,1,69,,1144737,15,,,1,29,,1144732,15,,,1,65,,1144730,15,,,1,34,,1144735,15,,,1,60,,1144731,15,,,1
4701,'9',1203,,1144743,15,,,1,310,,1144738,15,,,1,32,,1070479,15,,,1,69,,978541,15,,,1,29,,1144739,15,,,1,65,,1144740,15,,,1,34,,1144741,15,,,1,60,,1144742,15,,,1
