801,'1',606,,1110434,4,,,1,30,,1110418,4,,,1,70,,1077610,4,,,1,30,,1110426,4,,,1,70,,1110416,4,,,1,33,,1110411,4,,,1,68,,1110421,4,,,1,28,,1110422,4,,,1,70,,1110419,4,,,1,30,,1110439,4,,,1,70,,1110438,4,,,1,30,,1110414,4,,,1,70,,1110413,4,,,1,30,,1110423,4,,,1,71,,1082229,4,,,1,30,,1110427,4,,,1,70,,1060661,4,,,1,31,,1110428,4,,,1,72,,1110410,4,,,1,30,,1110432,4,,,1,70,,1064090,4,,,1,30,,1110415,4,,,1,70,,1085037,4,,,1,30,,1110425,4,,,1,70,,1110430,4,,,1,27,,1110433,4,,,1,69,,1110420,4,,,1,30,,1110436,4,,,1
801,'10',606,,1110465,4,,,1,30,,1110449,4,,,1,70,,1077568,4,,,1,30,,1110457,4,,,1,70,,1110447,4,,,1,33,,1110442,4,,,1,68,,1110452,4,,,1,28,,1110453,4,,,1,70,,1110450,4,,,1,30,,1110470,4,,,1,70,,1110469,4,,,1,30,,1110445,4,,,1,70,,1110444,4,,,1,30,,1110454,4,,,1,71,,1082066,4,,,1,30,,1110458,4,,,1,70,,1060670,4,,,1,31,,1110459,4,,,1,72,,1110441,4,,,1,30,,1110463,4,,,1,70,,1063777,4,,,1,30,,1110446,4,,,1,70,,1084912,4,,,1,30,,1110456,4,,,1,70,,1110461,4,,,1,27,,1110464,4,,,1,69,,1110451,4,,,1,30,,1110467,4,,,1
801,'11',606,,1110496,4,,,1,30,,1110480,4,,,1,70,,1077624,4,,,1,30,,1110488,4,,,1,70,,1110478,4,,,1,33,,1110473,4,,,1,68,,1110483,4,,,1,28,,1110484,4,,,1,70,,1110481,4,,,1,30,,1110501,4,,,1,70,,1110500,4,,,1,30,,1110476,4,,,1,70,,1110475,4,,,1,30,,1110485,4,,,1,71,,1082282,4,,,1,30,,1110489,4,,,1,70,,1060658,4,,,1,31,,1110490,4,,,1,72,,1110472,4,,,1,30,,1110494,4,,,1,70,,1064183,4,,,1,30,,1110477,4,,,1,70,,1085071,4,,,1,30,,1110487,4,,,1,70,,1110492,4,,,1,27,,1110495,4,,,1,69,,1110482,4,,,1,30,,1110498,4,,,1
801,'12',606,,1110514,4,,,1,30,,1110527,4,,,1,70,,1110530,4,,,1,30,,1110522,4,,,1,70,,1110523,4,,,1,33,,1110525,4,,,1,68,,1110509,4,,,1,28,,1110520,4,,,1,70,,1110532,4,,,1,30,,1110505,4,,,1,70,,1110537,4,,,1,30,,1110510,4,,,1,70,,1110516,4,,,1,30,,1110515,4,,,1,71,,1110504,4,,,1,30,,1110517,4,,,1,70,,1110513,4,,,1,31,,1110524,4,,,1,72,,1110531,4,,,1,30,,1110521,4,,,1,70,,1110536,4,,,1,30,,1075458,4,,,1,70,,1110526,4,,,1,30,,1110538,4,,,1,70,,1110528,4,,,1,27,,1110512,4,,,1,69,,1110518,4,,,1,30,,1110534,4,,,1
801,'13',707,,1110553,4,,,1,50,,1110547,4,,,1,86,,1110559,4,,,1,70,,1110543,4,,,1,30,,1110561,4,,,1,71,,1110556,4,,,1,30,,1110541,4,,,1,70,,1110540,4,,,1,30,,1110562,4,,,1,70,,1110564,4,,,1,30,,1110554,4,,,1,70,,1110558,4,,,1,30,,1110546,4,,,1,70,,1089932,4,,,1,30,,1110551,4,,,1,70,,1110555,4,,,1,30,,1110544,4,,,1,70,,1069270,4,,,1,30,,1110548,4,,,1,70,,1110542,4,,,1,30,,1110545,4,,,1,69,,1098829,4,,,1,30,,1110552,4,,,1,70,,1110550,4,,,1,30,,1110539,4,,,1,70,,1110563,4,,,1
801,'14',606,,1110592,4,,,1,30,,1110575,4,,,1,70,,1110600,4,,,1,30,,1110583,4,,,1,70,,1110573,4,,,1,33,,1110567,4,,,1,68,,1110578,4,,,1,28,,1110579,4,,,1,70,,1110576,4,,,1,30,,1110601,4,,,1,70,,1110597,4,,,1,30,,1110571,4,,,1,70,,1110570,4,,,1,30,,1110580,4,,,1,71,,1110595,4,,,1,30,,1110584,4,,,1,70,,1110585,4,,,1,31,,1110586,4,,,1,72,,1110566,4,,,1,30,,1110590,4,,,1,70,,1110568,4,,,1,30,,1110572,4,,,1,70,,1110598,4,,,1,30,,1110582,4,,,1,70,,1110588,4,,,1,27,,1110591,4,,,1,69,,1110577,4,,,1,30,,1110594,4,,,1
801,'15',606,,1110639,4,,,1,30,,1110640,4,,,1,70,,1110614,4,,,1,30,,1110634,4,,,1,70,,1110630,4,,,1,33,,1110635,4,,,1,68,,1110625,4,,,1,28,,1110626,4,,,1,70,,1110627,4,,,1,30,,1110632,4,,,1,70,,1110608,4,,,1,30,,1110615,4,,,1,70,,1110611,4,,,1,30,,1110607,4,,,1,71,,1110623,4,,,1,30,,1110628,4,,,1,70,,1110617,4,,,1,31,,1110605,4,,,1,72,,1110609,4,,,1,30,,1110619,4,,,1,70,,1110621,4,,,1,30,,1110633,4,,,1,70,,1110624,4,,,1,30,,1110620,4,,,1,70,,1110637,4,,,1,27,,1110604,4,,,1,69,,1110622,4,,,1,30,,1110641,4,,,1
801,'16',606,,1110655,4,,,1,30,,1110668,4,,,1,70,,1110671,4,,,1,30,,1110663,4,,,1,70,,1110664,4,,,1,33,,1110666,4,,,1,68,,1110649,4,,,1,28,,1110661,4,,,1,70,,1110673,4,,,1,30,,1110645,4,,,1,70,,1012831,4,,,1,30,,1110650,4,,,1,70,,1110657,4,,,1,30,,1110656,4,,,1,71,,1110644,4,,,1,30,,1110658,4,,,1,70,,1110653,4,,,1,31,,1110665,4,,,1,72,,1110672,4,,,1,30,,1110662,4,,,1,70,,1015495,4,,,1,30,,1110654,4,,,1,70,,1110667,4,,,1,30,,1110677,4,,,1,70,,1110669,4,,,1,27,,1110652,4,,,1,69,,1110659,4,,,1,30,,1110675,4,,,1
801,'17',707,,1110694,4,,,1,50,,1110688,4,,,1,86,,1110700,4,,,1,70,,1110683,4,,,1,30,,1110703,4,,,1,71,,1110697,4,,,1,30,,1110680,4,,,1,70,,1110679,4,,,1,30,,1110704,4,,,1,70,,1110706,4,,,1,30,,1110695,4,,,1,70,,1110699,4,,,1,30,,1110687,4,,,1,70,,1110682,4,,,1,30,,1110692,4,,,1,70,,1110696,4,,,1,30,,1110685,4,,,1,70,,1110707,4,,,1,30,,1110689,4,,,1,70,,1110681,4,,,1,30,,1110686,4,,,1,69,,1110702,4,,,1,30,,1110693,4,,,1,70,,1110691,4,,,1,30,,1110678,4,,,1,70,,1110705,4,,,1
801,'2',603,,1110714,4,,,1,100,,1110731,4,,,1,100,,1098266,4,,,1,30,,1110728,4,,,1,70,,1110711,4,,,1,30,,1110719,4,,,1,71,,1110722,4,,,1,30,,1110733,4,,,1,70,,1095418,4,,,1,30,,1110740,4,,,1,70,,1110717,4,,,1,30,,1110739,4,,,1,70,,1110736,4,,,1,30,,1110735,4,,,1,70,,1110713,4,,,1,30,,1110725,4,,,1,70,,1078920,4,,,1,30,,1110720,4,,,1,70,,1110726,4,,,1,30,,1110738,4,,,1,70,,1110709,4,,,1,30,,1110724,4,,,1,69,,1110727,4,,,1,30,,1110721,4,,,1,70,,1110730,4,,,1,30,,1110716,4,,,1,70,,1083767,4,,,1
801,'3',707,,1110757,4,,,1,50,,1110751,4,,,1,86,,1110763,4,,,1,70,,1110746,4,,,1,30,,1110766,4,,,1,71,,1110760,4,,,1,30,,1110743,4,,,1,70,,1110742,4,,,1,30,,1110767,4,,,1,70,,1110769,4,,,1,30,,1110758,4,,,1,70,,1110762,4,,,1,30,,1110750,4,,,1,70,,1110745,4,,,1,30,,1110755,4,,,1,70,,1110759,4,,,1,30,,1110748,4,,,1,70,,1110770,4,,,1,30,,1110752,4,,,1,70,,1110744,4,,,1,30,,1110749,4,,,1,69,,1110765,4,,,1,30,,1110756,4,,,1,70,,1110754,4,,,1,30,,1110741,4,,,1,70,,1110768,4,,,1
801,'4',707,,1110778,4,,,1,50,,1110773,4,,,1,86,,1022862,4,,,1,70,,1110788,4,,,1,30,,1110777,4,,,1,71,,1110787,4,,,1,30,,1110790,4,,,1,70,,1110798,4,,,1,30,,1024801,4,,,1,70,,1110784,4,,,1,30,,1110783,4,,,1,70,,1110793,4,,,1,30,,1110791,4,,,1,70,,1094051,4,,,1,30,,1110776,4,,,1,70,,1110786,4,,,1,30,,1110797,4,,,1,70,,1110794,4,,,1,30,,1110775,4,,,1,70,,1110796,4,,,1,30,,1110792,4,,,1,69,,1110795,4,,,1,30,,1110789,4,,,1,70,,1110799,4,,,1,30,,1110785,4,,,1,70,,1110780,4,,,1
801,'5',606,,1110824,4,,,1,30,,1110808,4,,,1,70,,1077596,4,,,1,30,,1110816,4,,,1,70,,1110806,4,,,1,33,,1110801,4,,,1,68,,1110811,4,,,1,28,,1110812,4,,,1,70,,1110809,4,,,1,30,,1110829,4,,,1,70,,1110828,4,,,1,30,,1110804,4,,,1,70,,1110803,4,,,1,30,,1110813,4,,,1,71,,1082199,4,,,1,30,,1110817,4,,,1,70,,1060655,4,,,1,31,,1110818,4,,,1,72,,1110800,4,,,1,30,,1110822,4,,,1,70,,1064045,4,,,1,30,,1110805,4,,,1,70,,1085017,4,,,1,30,,1110815,4,,,1,70,,1110820,4,,,1,27,,1110823,4,,,1,69,,1110810,4,,,1,30,,1110826,4,,,1
801,'6',606,,1110843,4,,,1,30,,1110855,4,,,1,70,,1110858,4,,,1,30,,1110850,4,,,1,70,,1110851,4,,,1,33,,1110853,4,,,1,68,,1110837,4,,,1,28,,1110848,4,,,1,70,,1110860,4,,,1,30,,1110833,4,,,1,70,,1110863,4,,,1,30,,1110838,4,,,1,70,,1110845,4,,,1,30,,1110844,4,,,1,71,,1110832,4,,,1,30,,1110846,4,,,1,70,,1110841,4,,,1,31,,1110852,4,,,1,72,,1110859,4,,,1,30,,1110849,4,,,1,70,,1110862,4,,,1,30,,1110842,4,,,1,70,,1110854,4,,,1,30,,1110864,4,,,1,70,,1110856,4,,,1,27,,1110840,4,,,1,69,,1110847,4,,,1,30,,1082318,4,,,1
801,'7',603,,1110897,4,,,1,100,,1110895,4,,,1,100,,1110883,4,,,1,30,,1110899,4,,,1,70,,1110886,4,,,1,30,,1110891,4,,,1,71,,1110884,4,,,1,30,,1110868,4,,,1,70,,1110887,4,,,1,30,,1110880,4,,,1,70,,1110875,4,,,1,30,,1110894,4,,,1,70,,1110881,4,,,1,30,,1110869,4,,,1,70,,1110876,4,,,1,30,,1110882,4,,,1,70,,1110870,4,,,1,30,,1110874,4,,,1,70,,1110866,4,,,1,30,,1110885,4,,,1,70,,1110879,4,,,1,30,,1110865,4,,,1,69,,1110889,4,,,1,30,,1110890,4,,,1,70,,1110871,4,,,1,30,,1110896,4,,,1,70,,1110892,4,,,1
801,'8',606,,1110914,4,,,1,30,,1110927,4,,,1,70,,1110930,4,,,1,30,,1110922,4,,,1,70,,1110923,4,,,1,33,,1110925,4,,,1,68,,1110908,4,,,1,28,,1110920,4,,,1,70,,1110932,4,,,1,30,,1110904,4,,,1,70,,1110937,4,,,1,30,,1110909,4,,,1,70,,1110916,4,,,1,30,,1110915,4,,,1,71,,1110903,4,,,1,30,,1110917,4,,,1,70,,1110912,4,,,1,31,,1110924,4,,,1,72,,1110931,4,,,1,30,,1110921,4,,,1,70,,1110936,4,,,1,30,,1110913,4,,,1,70,,1110926,4,,,1,30,,1110938,4,,,1,70,,1110928,4,,,1,27,,1110911,4,,,1,69,,1110918,4,,,1,30,,1110934,4,,,1
801,'9',606,,1110963,4,,,1,30,,1110947,4,,,1,70,,1077582,4,,,1,30,,1110955,4,,,1,70,,1110945,4,,,1,33,,1110940,4,,,1,68,,1110950,4,,,1,28,,1110951,4,,,1,70,,1110948,4,,,1,30,,1110968,4,,,1,70,,1110967,4,,,1,30,,1110943,4,,,1,70,,1110942,4,,,1,30,,1110952,4,,,1,71,,1082117,4,,,1,30,,1110956,4,,,1,70,,1060664,4,,,1,31,,1110957,4,,,1,72,,1110939,4,,,1,30,,1110961,4,,,1,70,,1063874,4,,,1,30,,1110944,4,,,1,70,,1084950,4,,,1,30,,1110954,4,,,1,70,,1110959,4,,,1,27,,1110962,4,,,1,69,,1110949,4,,,1,30,,1110965,4,,,1
1301,'1',615,,1117828,2,,,1,13,,1117825,2,,,1,12,,1117823,2,,,1,17,,1117832,2,,,1,55,,1117830,2,,,1,15,,1117824,2,,,1,15,,919315,2,,,1,15,,1117829,2,,,1,55,,1117842,2,,,1,16,,1117841,2,,,1,15,,1117833,2,,,1,15,,1117844,2,,,1,55,,1117831,2,,,1,14,,1101899,2,,,1,529,,1102521,2,,,1,52,,1117843,2,,,1,14,,1117839,2,,,1,16,,1117826,2,,,1,15,,1117836,2,,,1,55,,1117840,2,,,1,15,,1117827,2,,,1,15,,1117837,2,,,1,15,,1117835,2,,,1,55,,1117821,2,,,1,15,,1117834,2,,,1,16,,1117838,2,,,1,16,,1086056,2,,,1,56,,1117820,2,,,1,15,,1027508,2,,,1,30,,1117822,2,,,1
1301,'10',615,,1117853,2,,,1,13,,1117850,2,,,1,12,,1117848,2,,,1,17,,1117857,2,,,1,55,,1117855,2,,,1,15,,1117849,2,,,1,15,,919365,2,,,1,15,,1117854,2,,,1,55,,1117867,2,,,1,16,,1117866,2,,,1,15,,1117858,2,,,1,15,,1117869,2,,,1,55,,1117856,2,,,1,14,,1101844,2,,,1,529,,1102506,2,,,1,52,,1117868,2,,,1,14,,1117864,2,,,1,16,,1117851,2,,,1,15,,1117861,2,,,1,55,,1117865,2,,,1,15,,1117852,2,,,1,15,,1117862,2,,,1,15,,1117860,2,,,1,55,,1117846,2,,,1,15,,1117859,2,,,1,16,,1117863,2,,,1,16,,1085772,2,,,1,56,,1117845,2,,,1,15,,1027590,2,,,1,30,,1117847,2,,,1
1301,'11',615,,1117878,2,,,1,13,,1117875,2,,,1,12,,1117873,2,,,1,17,,1117882,2,,,1,55,,1117880,2,,,1,15,,1117874,2,,,1,15,,919183,2,,,1,15,,1117879,2,,,1,55,,1117892,2,,,1,16,,1117891,2,,,1,15,,1117883,2,,,1,15,,1117894,2,,,1,55,,1117881,2,,,1,14,,1101916,2,,,1,529,,1102526,2,,,1,52,,1117893,2,,,1,14,,1117889,2,,,1,16,,1117876,2,,,1,15,,1117886,2,,,1,55,,1117890,2,,,1,15,,1117877,2,,,1,15,,1117887,2,,,1,15,,1117885,2,,,1,55,,1117871,2,,,1,15,,1117884,2,,,1,16,,1117888,2,,,1,16,,1086138,2,,,1,56,,1117870,2,,,1,15,,1027484,2,,,1,30,,1117872,2,,,1
1301,'12',615,,1117914,2,,,1,13,,1117919,2,,,1,12,,1117916,2,,,1,17,,1117905,2,,,1,55,,1117908,2,,,1,15,,1117895,2,,,1,15,,1095541,2,,,1,15,,1117920,2,,,1,55,,1117898,2,,,1,16,,1117915,2,,,1,15,,1117911,2,,,1,15,,1117918,2,,,1,55,,1117903,2,,,1,14,,1117897,2,,,1,529,,1117909,2,,,1,52,,1117913,2,,,1,14,,1117904,2,,,1,16,,1066460,2,,,1,15,,1117921,2,,,1,55,,1117902,2,,,1,15,,1117901,2,,,1,15,,1117912,2,,,1,15,,1117899,2,,,1,55,,1117896,2,,,1,15,,1117900,2,,,1,16,,1117910,2,,,1,16,,1117922,2,,,1,56,,1117906,2,,,1,15,,1117907,2,,,1,30,,1117917,2,,,1
1301,'14',615,,1117932,2,,,1,13,,1117929,2,,,1,12,,1117926,2,,,1,17,,1117936,2,,,1,55,,1117934,2,,,1,15,,1117928,2,,,1,15,,1117940,2,,,1,15,,1117933,2,,,1,55,,1117948,2,,,1,16,,1117947,2,,,1,15,,1117937,2,,,1,15,,1117951,2,,,1,55,,1117935,2,,,1,14,,1117943,2,,,1,529,,1117950,2,,,1,52,,1117949,2,,,1,14,,1117945,2,,,1,16,,1117930,2,,,1,15,,1117941,2,,,1,55,,1117946,2,,,1,15,,1117931,2,,,1,15,,1117942,2,,,1,15,,1117939,2,,,1,55,,1117924,2,,,1,15,,1117938,2,,,1,16,,1117944,2,,,1,16,,1117952,2,,,1,56,,1117923,2,,,1,15,,1117927,2,,,1,30,,1117925,2,,,1
1301,'15',615,,1117968,2,,,1,13,,1117967,2,,,1,12,,1117965,2,,,1,17,,1117957,2,,,1,55,,1117959,2,,,1,15,,1117979,2,,,1,15,,1117969,2,,,1,15,,1117956,2,,,1,55,,1117964,2,,,1,16,,1117982,2,,,1,15,,1117971,2,,,1,15,,1117970,2,,,1,55,,1117958,2,,,1,14,,1117977,2,,,1,529,,1117975,2,,,1,52,,1117972,2,,,1,14,,1117976,2,,,1,16,,1117960,2,,,1,15,,1117961,2,,,1,55,,1117955,2,,,1,15,,1117978,2,,,1,15,,1117963,2,,,1,15,,1117953,2,,,1,55,,1117966,2,,,1,15,,1117981,2,,,1,16,,1117974,2,,,1,16,,1117962,2,,,1,56,,1117973,2,,,1,15,,1117980,2,,,1,30,,1117954,2,,,1
1301,'16',615,,1117999,2,,,1,13,,1118005,2,,,1,12,,1118001,2,,,1,17,,1117991,2,,,1,55,,1117994,2,,,1,15,,1063147,2,,,1,15,,1118002,2,,,1,15,,1072163,2,,,1,55,,1085619,2,,,1,16,,1118000,2,,,1,15,,1117997,2,,,1,15,,1118004,2,,,1,55,,1117989,2,,,1,14,,1071301,2,,,1,529,,1117995,2,,,1,52,,1062170,2,,,1,14,,1117990,2,,,1,16,,1117987,2,,,1,15,,1118006,2,,,1,55,,1117988,2,,,1,15,,1117986,2,,,1,15,,1117998,2,,,1,15,,1117984,2,,,1,55,,1117983,2,,,1,15,,1117985,2,,,1,16,,1117996,2,,,1,16,,1118007,2,,,1,56,,1117992,2,,,1,15,,1117993,2,,,1,30,,1118003,2,,,1
1301,'5',615,,1118016,2,,,1,13,,1118013,2,,,1,12,,1118011,2,,,1,17,,1118020,2,,,1,55,,1118018,2,,,1,15,,1118012,2,,,1,15,,919555,2,,,1,15,,1118017,2,,,1,55,,1118030,2,,,1,16,,1118029,2,,,1,15,,1118021,2,,,1,15,,1118032,2,,,1,55,,1118019,2,,,1,14,,1101891,2,,,1,529,,1102516,2,,,1,52,,1118031,2,,,1,14,,1118027,2,,,1,16,,1118014,2,,,1,15,,1118024,2,,,1,55,,1118028,2,,,1,15,,1118015,2,,,1,15,,1118025,2,,,1,15,,1118023,2,,,1,55,,1118009,2,,,1,15,,1118022,2,,,1,16,,1118026,2,,,1,16,,1086005,2,,,1,56,,1118008,2,,,1,15,,1027365,2,,,1,30,,1118010,2,,,1
1301,'6',615,,1118052,2,,,1,13,,1118058,2,,,1,12,,1118054,2,,,1,17,,1118043,2,,,1,55,,1118046,2,,,1,15,,1118033,2,,,1,15,,1118055,2,,,1,15,,1118059,2,,,1,55,,1118036,2,,,1,16,,1118053,2,,,1,15,,1118049,2,,,1,15,,1118057,2,,,1,55,,1118041,2,,,1,14,,1118035,2,,,1,529,,1118047,2,,,1,52,,1118051,2,,,1,14,,1118042,2,,,1,16,,1118039,2,,,1,15,,1118060,2,,,1,55,,1118040,2,,,1,15,,1118038,2,,,1,15,,1118050,2,,,1,15,,1085704,2,,,1,55,,1118034,2,,,1,15,,1118037,2,,,1,16,,1118048,2,,,1,16,,1003095,2,,,1,56,,1118044,2,,,1,15,,1118045,2,,,1,30,,1118056,2,,,1
1301,'8',615,,1118081,2,,,1,13,,1118087,2,,,1,12,,1118083,2,,,1,17,,1118072,2,,,1,55,,1118075,2,,,1,15,,1118061,2,,,1,15,,1118084,2,,,1,15,,1118088,2,,,1,55,,1118064,2,,,1,16,,1118082,2,,,1,15,,1118078,2,,,1,15,,1118086,2,,,1,55,,1118070,2,,,1,14,,1118063,2,,,1,529,,1118076,2,,,1,52,,1118080,2,,,1,14,,1118071,2,,,1,16,,1118068,2,,,1,15,,1118089,2,,,1,55,,1118069,2,,,1,15,,1118067,2,,,1,15,,1118079,2,,,1,15,,1118065,2,,,1,55,,1118062,2,,,1,15,,1118066,2,,,1,16,,1118077,2,,,1,16,,1118090,2,,,1,56,,1118073,2,,,1,15,,1118074,2,,,1,30,,1118085,2,,,1
1301,'9',615,,1118099,2,,,1,13,,1118096,2,,,1,12,,1118094,2,,,1,17,,1118103,2,,,1,55,,1118101,2,,,1,15,,1118095,2,,,1,15,,919415,2,,,1,15,,1118100,2,,,1,55,,1118113,2,,,1,16,,1118112,2,,,1,15,,1118104,2,,,1,15,,1118115,2,,,1,55,,1118102,2,,,1,14,,1101861,2,,,1,529,,1102511,2,,,1,52,,1118114,2,,,1,14,,1118110,2,,,1,16,,1118097,2,,,1,15,,1118107,2,,,1,55,,1118111,2,,,1,15,,1118098,2,,,1,15,,1118108,2,,,1,15,,1118106,2,,,1,55,,1118092,2,,,1,15,,1118105,2,,,1,16,,1118109,2,,,1,16,,1085859,2,,,1,56,,1118091,2,,,1,15,,1027532,2,,,1,30,,1118093,2,,,1
