16101,'1',547,,1054365,38,0,9 10,1,67,,1190287,50,0,9 10,1,30,,938231,50,0,9 10,1,70,,1190283,50,0,9 10,1,30,,1190278,50,0,9 10,1,68,,1190285,50,0,9 10,1,31,,1190272,50,0,9 10,1,73,,1190276,38,0,9 10,1,29,,1190280,38,0,9 10,1,70,,1190284,38,0,9 10,1,30,,1190288,38,0,9 10,1,70,,1084748,38,0,9 10,1,30,,1190277,38,0,9 10,1,70,,1190289,38,0,9 10,1,30,,1190291,38,0,9 10,1,70,,1190286,38,0,9 10,1,30,,1190298,38,0,9 10,1,70,,1190295,38,0,9 10,1,30,,1190294,38,0,9 10,1,70,,1190271,38,0,9 10,1,33,,1190299,38,0,9 10,1,70,,1190274,38,0,9 10,1,28,,1190270,38,0,9 10,1,72,,1190282,38,0,9 10,1,30,,1190297,38,0,9 10,1,70,,1190301,38,0,9 10,1,28,,1190281,38,0,9 10,1,70,,1190273,38,0,9 10,1,29,,1190292,38,0,9 10,1,70,,1190279,38,0,9 10,1,30,,1052367,38,0,9 10,1,70,,1190293,38,0,9 10,1,30,,1190296,38,0,9 10,1,70,,1190290,38,0,9 10,1,31,,1190300,38,0,9 10,1
16101,'10',547,,1054422,38,0,9 10,1,67,,1190319,50,0,9 10,1,30,,937863,50,0,9 10,1,70,,1190315,50,0,9 10,1,30,,1190310,50,0,9 10,1,68,,1190317,50,0,9 10,1,31,,1190304,50,0,9 10,1,73,,1190308,38,0,9 10,1,29,,1190312,38,0,9 10,1,70,,1190316,38,0,9 10,1,30,,1190320,38,0,9 10,1,70,,1084577,38,0,9 10,1,30,,1190309,38,0,9 10,1,70,,1190321,38,0,9 10,1,30,,1190323,38,0,9 10,1,70,,1190318,38,0,9 10,1,30,,1190330,38,0,9 10,1,70,,1190327,38,0,9 10,1,30,,1190326,38,0,9 10,1,70,,1190303,38,0,9 10,1,33,,1190331,38,0,9 10,1,70,,1190306,38,0,9 10,1,28,,1190302,38,0,9 10,1,72,,1190314,38,0,9 10,1,30,,1190329,38,0,9 10,1,70,,1190333,38,0,9 10,1,28,,1190313,38,0,9 10,1,70,,1190305,38,0,9 10,1,29,,1190324,38,0,9 10,1,70,,1190311,38,0,9 10,1,30,,1052447,38,0,9 10,1,70,,1190325,38,0,9 10,1,30,,1190328,38,0,9 10,1,70,,1190322,38,0,9 10,1,31,,1190332,38,0,9 10,1
16101,'11',547,,1054348,38,0,9 10,1,67,,1190351,50,0,9 10,1,30,,938185,50,0,9 10,1,70,,1190347,50,0,9 10,1,30,,1190342,50,0,9 10,1,68,,1190349,50,0,9 10,1,31,,1190336,50,0,9 10,1,73,,1190340,38,0,9 10,1,29,,1190344,38,0,9 10,1,70,,1190348,38,0,9 10,1,30,,1190352,38,0,9 10,1,70,,1084801,38,0,9 10,1,30,,1190341,38,0,9 10,1,70,,1190353,38,0,9 10,1,30,,1190355,38,0,9 10,1,70,,1190350,38,0,9 10,1,30,,1190362,38,0,9 10,1,70,,1190359,38,0,9 10,1,30,,1190358,38,0,9 10,1,70,,1190335,38,0,9 10,1,33,,1190363,38,0,9 10,1,70,,1190338,38,0,9 10,1,28,,1190334,38,0,9 10,1,72,,1190346,38,0,9 10,1,30,,1190361,38,0,9 10,1,70,,1190365,38,0,9 10,1,28,,1190345,38,0,9 10,1,70,,1190337,38,0,9 10,1,29,,1190356,38,0,9 10,1,70,,1190343,38,0,9 10,1,30,,1052345,38,0,9 10,1,70,,1190357,38,0,9 10,1,30,,1190360,38,0,9 10,1,70,,1190354,38,0,9 10,1,31,,1190364,38,0,9 10,1
16101,'12',547,,1190375,38,0,9 10,1,67,,1190393,50,0,9 10,1,30,,1190388,50,0,9 10,1,70,,1048151,50,0,9 10,1,30,,1190380,50,0,9 10,1,68,,1083534,50,0,9 10,1,31,,1190390,50,0,9 10,1,73,,1190394,38,0,9 10,1,29,,1190377,38,0,9 10,1,70,,1190391,38,0,9 10,1,30,,1190371,38,0,9 10,1,70,,1190395,38,0,9 10,1,30,,1190396,38,0,9 10,1,70,,1190392,38,0,9 10,1,30,,1190382,38,0,9 10,1,70,,1190376,38,0,9 10,1,30,,1190367,38,0,9 10,1,70,,1190385,38,0,9 10,1,30,,1190389,38,0,9 10,1,70,,1190386,38,0,9 10,1,33,,1190378,38,0,9 10,1,70,,1190366,38,0,9 10,1,28,,1190373,38,0,9 10,1,72,,1190372,38,0,9 10,1,30,,1190383,38,0,9 10,1,70,,1190379,38,0,9 10,1,28,,1190369,38,0,9 10,1,70,,1190374,38,0,9 10,1,29,,1190384,38,0,9 10,1,70,,1018671,38,0,9 10,1,30,,1190387,38,0,9 10,1,70,,1085192,38,0,9 10,1,30,,1190368,38,0,9 10,1,70,,984656,38,0,9 10,1,31,,1190381,38,0,9 10,1
16101,'13',705,,1190402,38,0,9 10,1,100,,1190399,38,0,9 10,1,100,,1190401,38,0,9 10,1,100,,1190409,38,0,9 10,1,102,,1190404,38,0,9 10,1,100,,1190400,38,0,9 10,1,101,,1032720,38,0,9 10,1,100,,1190410,38,0,9 10,1,100,,1090174,38,0,9 10,1,100,,1190398,38,0,9 10,1,100,,1190408,38,0,9 10,1,100,,1190407,38,0,9 10,1,99,,1095843,38,0,9 10,1,100,,1190405,38,0,9 10,1,100,,1190411,38,0,9 10,1,98,,1190403,38,0,9 10,1,100,,1190406,38,0,9 10,1,100,,1190397,38,0,9 10,1
16101,'14',547,,1190414,38,0,9 10,1,67,,1190431,50,0,9 10,1,30,,1190425,50,0,9 10,1,70,,1190427,50,0,9 10,1,30,,1190421,50,0,9 10,1,68,,1190429,50,0,9 10,1,31,,1190415,50,0,9 10,1,73,,1190419,38,0,9 10,1,29,,1190423,38,0,9 10,1,70,,1190428,38,0,9 10,1,30,,1190432,38,0,9 10,1,70,,1190436,38,0,9 10,1,30,,1190420,38,0,9 10,1,70,,1190433,38,0,9 10,1,30,,1190435,38,0,9 10,1,70,,1190430,38,0,9 10,1,30,,1190443,38,0,9 10,1,70,,1190440,38,0,9 10,1,30,,1190439,38,0,9 10,1,70,,1190413,38,0,9 10,1,33,,1190444,38,0,9 10,1,70,,1190417,38,0,9 10,1,28,,1190412,38,0,9 10,1,72,,1190426,38,0,9 10,1,30,,1190442,38,0,9 10,1,70,,1190446,38,0,9 10,1,28,,1190424,38,0,9 10,1,70,,1190416,38,0,9 10,1,29,,1190437,38,0,9 10,1,70,,1190422,38,0,9 10,1,30,,1190447,38,0,9 10,1,70,,1190438,38,0,9 10,1,30,,1190441,38,0,9 10,1,70,,1190434,38,0,9 10,1,31,,1190445,38,0,9 10,1
16101,'15',547,,1190471,38,0,9 10,1,67,,1190468,50,0,9 10,1,30,,1190467,50,0,9 10,1,70,,1190470,50,0,9 10,1,30,,1190477,50,0,9 10,1,68,,1190448,50,0,9 10,1,31,,1190482,50,0,9 10,1,73,,1190462,38,0,9 10,1,29,,1190461,38,0,9 10,1,70,,1190454,38,0,9 10,1,30,,1190483,38,0,9 10,1,70,,1190449,38,0,9 10,1,30,,1190456,38,0,9 10,1,70,,1190469,38,0,9 10,1,30,,1190464,38,0,9 10,1,70,,1190473,38,0,9 10,1,30,,1190480,38,0,9 10,1,70,,1190465,38,0,9 10,1,30,,1190451,38,0,9 10,1,70,,1190455,38,0,9 10,1,33,,1190463,38,0,9 10,1,70,,1190458,38,0,9 10,1,28,,1190459,38,0,9 10,1,72,,1190475,38,0,9 10,1,30,,1190478,38,0,9 10,1,70,,1190460,38,0,9 10,1,28,,1190450,38,0,9 10,1,70,,1190457,38,0,9 10,1,29,,1190476,38,0,9 10,1,70,,1190479,38,0,9 10,1,30,,1190472,38,0,9 10,1,70,,1190453,38,0,9 10,1,30,,1190474,38,0,9 10,1,70,,1190466,38,0,9 10,1,31,,1190452,38,0,9 10,1
16101,'16',547,,1190493,38,0,9 10,1,67,,1190513,50,0,9 10,1,30,,1190508,50,0,9 10,1,70,,1190486,50,0,9 10,1,30,,1190499,50,0,9 10,1,68,,1190498,50,0,9 10,1,31,,1190510,50,0,9 10,1,73,,1190514,38,0,9 10,1,29,,1190495,38,0,9 10,1,70,,1190511,38,0,9 10,1,30,,1064139,38,0,9 10,1,70,,1061781,38,0,9 10,1,30,,1063688,38,0,9 10,1,70,,1190512,38,0,9 10,1,30,,1190501,38,0,9 10,1,70,,1190494,38,0,9 10,1,30,,1073247,38,0,9 10,1,70,,1190504,38,0,9 10,1,30,,1190509,38,0,9 10,1,70,,1190505,38,0,9 10,1,33,,1190496,38,0,9 10,1,70,,1190484,38,0,9 10,1,28,,1190491,38,0,9 10,1,72,,1190488,38,0,9 10,1,30,,1190502,38,0,9 10,1,70,,1190497,38,0,9 10,1,28,,1190487,38,0,9 10,1,70,,1190492,38,0,9 10,1,29,,1190503,38,0,9 10,1,70,,1190489,38,0,9 10,1,30,,1190507,38,0,9 10,1,70,,1190490,38,0,9 10,1,30,,1190485,38,0,9 10,1,70,,1190506,38,0,9 10,1,31,,1190500,38,0,9 10,1
16101,'17',705,,1190521,38,0,9 10,1,100,,1190517,38,0,9 10,1,100,,1190520,38,0,9 10,1,100,,1190529,38,0,9 10,1,102,,1190523,38,0,9 10,1,100,,1190519,38,0,9 10,1,101,,1190518,38,0,9 10,1,100,,1190531,38,0,9 10,1,100,,1190526,38,0,9 10,1,100,,1190516,38,0,9 10,1,100,,1190528,38,0,9 10,1,100,,1190527,38,0,9 10,1,99,,1190530,38,0,9 10,1,100,,1190524,38,0,9 10,1,100,,1190532,38,0,9 10,1,98,,1190522,38,0,9 10,1,100,,1190525,38,0,9 10,1,100,,1190515,38,0,9 10,1
16101,'2',704,,1100623,38,0,9 10,1,100,,1190536,38,0,9 10,1,100,,1190537,38,0,9 10,1,100,,1190533,38,0,9 10,1,102,,1190540,38,0,9 10,1,100,,1190548,38,0,9 10,1,101,,1190546,38,0,9 10,1,100,,1190535,38,0,9 10,1,100,,1190542,38,0,9 10,1,100,,1190543,38,0,9 10,1,100,,1190545,38,0,9 10,1,100,,1190538,38,0,9 10,1,99,,1190539,38,0,9 10,1,100,,1190541,38,0,9 10,1,100,,1190547,38,0,9 10,1,98,,1190544,38,0,9 10,1,100,,1190534,38,0,9 10,1
16101,'3',705,,1190555,38,0,9 10,1,100,,1190551,38,0,9 10,1,100,,1190554,38,0,9 10,1,100,,1190563,38,0,9 10,1,102,,1190557,38,0,9 10,1,100,,1190553,38,0,9 10,1,101,,1190552,38,0,9 10,1,100,,1190565,38,0,9 10,1,100,,1190560,38,0,9 10,1,100,,1190550,38,0,9 10,1,100,,1190562,38,0,9 10,1,100,,1190561,38,0,9 10,1,99,,1190564,38,0,9 10,1,100,,1190558,38,0,9 10,1,100,,1190566,38,0,9 10,1,98,,1190556,38,0,9 10,1,100,,1190559,38,0,9 10,1,100,,1190549,38,0,9 10,1
16101,'4',705,,1190579,38,0,9 10,1,100,,1190575,38,0,9 10,1,100,,1190570,38,0,9 10,1,100,,1067921,38,0,9 10,1,102,,1190568,38,0,9 10,1,100,,1190577,38,0,9 10,1,101,,1190576,38,0,9 10,1,100,,1190567,38,0,9 10,1,100,,1190583,38,0,9 10,1,100,,1190569,38,0,9 10,1,100,,1190572,38,0,9 10,1,100,,1190578,38,0,9 10,1,99,,1190573,38,0,9 10,1,100,,1190571,38,0,9 10,1,100,,1190580,38,0,9 10,1,98,,1190582,38,0,9 10,1,100,,1190574,38,0,9 10,1,100,,1190581,38,0,9 10,1
16101,'5',547,,1054267,38,0,9 10,1,67,,1190601,50,0,9 10,1,30,,938387,50,0,9 10,1,70,,1190597,50,0,9 10,1,30,,1190592,50,0,9 10,1,68,,1190599,50,0,9 10,1,31,,1190586,50,0,9 10,1,73,,1190590,38,0,9 10,1,29,,1190594,38,0,9 10,1,70,,1190598,38,0,9 10,1,30,,1190602,38,0,9 10,1,70,,1084719,38,0,9 10,1,30,,1190591,38,0,9 10,1,70,,1190603,38,0,9 10,1,30,,1190605,38,0,9 10,1,70,,1190600,38,0,9 10,1,30,,1190612,38,0,9 10,1,70,,1190609,38,0,9 10,1,30,,1190608,38,0,9 10,1,70,,1190585,38,0,9 10,1,33,,1190613,38,0,9 10,1,70,,1190588,38,0,9 10,1,28,,1190584,38,0,9 10,1,72,,1190596,38,0,9 10,1,30,,1190611,38,0,9 10,1,70,,1190615,38,0,9 10,1,28,,1190595,38,0,9 10,1,70,,1190587,38,0,9 10,1,29,,1190606,38,0,9 10,1,70,,1190593,38,0,9 10,1,30,,1052215,38,0,9 10,1,70,,1190607,38,0,9 10,1,30,,1190610,38,0,9 10,1,70,,1190604,38,0,9 10,1,31,,1190614,38,0,9 10,1
16101,'6',547,,1190623,38,0,9 10,1,67,,1190643,50,0,9 10,1,30,,1190638,50,0,9 10,1,70,,1190617,50,0,9 10,1,30,,1190629,50,0,9 10,1,68,,1190628,50,0,9 10,1,31,,1190640,50,0,9 10,1,73,,1190644,38,0,9 10,1,29,,1190625,38,0,9 10,1,70,,1190641,38,0,9 10,1,30,,1190619,38,0,9 10,1,70,,1190645,38,0,9 10,1,30,,1190646,38,0,9 10,1,70,,1190642,38,0,9 10,1,30,,1190631,38,0,9 10,1,70,,1190624,38,0,9 10,1,30,,1190616,38,0,9 10,1,70,,1190634,38,0,9 10,1,30,,1190639,38,0,9 10,1,70,,1190635,38,0,9 10,1,33,,1190626,38,0,9 10,1,70,,1093004,38,0,9 10,1,28,,1005085,38,0,9 10,1,72,,1190620,38,0,9 10,1,30,,1190632,38,0,9 10,1,70,,1190627,38,0,9 10,1,28,,1101826,38,0,9 10,1,70,,1099378,38,0,9 10,1,29,,1190633,38,0,9 10,1,70,,1190621,38,0,9 10,1,30,,1190637,38,0,9 10,1,70,,1190622,38,0,9 10,1,30,,1069162,38,0,9 10,1,70,,1190636,38,0,9 10,1,31,,1190630,38,0,9 10,1
16101,'7',704,,1190647,38,0,9 10,1,100,,1190651,38,0,9 10,1,100,,1190648,38,0,9 10,1,100,,1190661,38,0,9 10,1,102,,1190650,38,0,9 10,1,100,,1190649,38,0,9 10,1,101,,1190656,38,0,9 10,1,100,,1190659,38,0,9 10,1,100,,1190662,38,0,9 10,1,100,,1190658,38,0,9 10,1,100,,1190653,38,0,9 10,1,100,,1190663,38,0,9 10,1,99,,1190654,38,0,9 10,1,100,,1190660,38,0,9 10,1,100,,1190655,38,0,9 10,1,98,,1190652,38,0,9 10,1,100,,1190657,38,0,9 10,1
16101,'8',547,,1190676,38,0,9 10,1,67,,1190696,50,0,9 10,1,30,,1190691,50,0,9 10,1,70,,1190667,50,0,9 10,1,30,,1190682,50,0,9 10,1,68,,1190681,50,0,9 10,1,31,,1190693,50,0,9 10,1,73,,1190697,38,0,9 10,1,29,,1190678,38,0,9 10,1,70,,1190694,38,0,9 10,1,30,,1190670,38,0,9 10,1,70,,1190698,38,0,9 10,1,30,,1190699,38,0,9 10,1,70,,1190695,38,0,9 10,1,30,,1190684,38,0,9 10,1,70,,1190677,38,0,9 10,1,30,,1190665,38,0,9 10,1,70,,1190687,38,0,9 10,1,30,,1190692,38,0,9 10,1,70,,1190688,38,0,9 10,1,33,,1190679,38,0,9 10,1,70,,1190664,38,0,9 10,1,28,,1190674,38,0,9 10,1,72,,1190671,38,0,9 10,1,30,,1190685,38,0,9 10,1,70,,1190680,38,0,9 10,1,28,,1190668,38,0,9 10,1,70,,1190675,38,0,9 10,1,29,,1190686,38,0,9 10,1,70,,1190672,38,0,9 10,1,30,,1190690,38,0,9 10,1,70,,1190673,38,0,9 10,1,30,,1190666,38,0,9 10,1,70,,1190689,38,0,9 10,1,31,,1190683,38,0,9 10,1
16101,'9',547,,1054382,38,0,9 10,1,67,,1190717,50,0,9 10,1,30,,938341,50,0,9 10,1,70,,1190713,50,0,9 10,1,30,,1190708,50,0,9 10,1,68,,1190715,50,0,9 10,1,31,,1190702,50,0,9 10,1,73,,1190706,38,0,9 10,1,29,,1190710,38,0,9 10,1,70,,1190714,38,0,9 10,1,30,,1190718,38,0,9 10,1,70,,1084631,38,0,9 10,1,30,,1190707,38,0,9 10,1,70,,1190719,38,0,9 10,1,30,,1190721,38,0,9 10,1,70,,1190716,38,0,9 10,1,30,,1190728,38,0,9 10,1,70,,1190725,38,0,9 10,1,30,,1190724,38,0,9 10,1,70,,1190701,38,0,9 10,1,33,,1190729,38,0,9 10,1,70,,1190704,38,0,9 10,1,28,,1190700,38,0,9 10,1,72,,1190712,38,0,9 10,1,30,,1190727,38,0,9 10,1,70,,1190731,38,0,9 10,1,28,,1190711,38,0,9 10,1,70,,1190703,38,0,9 10,1,29,,1190722,38,0,9 10,1,70,,1190709,38,0,9 10,1,30,,1052389,38,0,9 10,1,70,,1190723,38,0,9 10,1,30,,1190726,38,0,9 10,1,70,,1190720,38,0,9 10,1,31,,1190730,38,0,9 10,1
16501,'1',530,,1192548,8,,,1,96,,1027153,8,,,1,30,,1192551,8,,,1,70,,1192563,8,,,1,28,,1192562,8,,,1,72,,1036007,8,,,1,30,,1091278,8,,,1,69,,1192555,8,,,1,30,,1063601,8,,,1,100,,1192553,8,,,1,100,,1192545,8,,,1,100,,1192546,8,,,1,100,,1072627,8,,,1,99,,1192549,8,,,1,72,,1192564,8,,,1,32,,1192561,8,,,1,68,,1192558,8,,,1,30,,1192556,8,,,1,70,,1192560,8,,,1,30,,1192552,8,,,1,70,,1192557,8,,,1,100,,1192554,8,,,1,100,,1192559,8,,,1,100,,1192550,8,,,1,100,,1192547,8,,,1
16501,'10',530,,1192568,8,,,1,96,,1027246,8,,,1,30,,1192571,8,,,1,70,,1192583,8,,,1,28,,1192582,8,,,1,72,,1036225,8,,,1,30,,1091001,8,,,1,69,,1192575,8,,,1,30,,1063297,8,,,1,100,,1192573,8,,,1,100,,1192565,8,,,1,100,,1192566,8,,,1,100,,1072480,8,,,1,99,,1192569,8,,,1,72,,1192584,8,,,1,32,,1192581,8,,,1,68,,1192578,8,,,1,30,,1192576,8,,,1,70,,1192580,8,,,1,30,,1192572,8,,,1,70,,1192577,8,,,1,100,,1192574,8,,,1,100,,1192579,8,,,1,100,,1192570,8,,,1,100,,1192567,8,,,1
16501,'11',530,,1192588,8,,,1,96,,1027124,8,,,1,30,,1192591,8,,,1,70,,1192603,8,,,1,28,,1192602,8,,,1,72,,1035944,8,,,1,30,,1091352,8,,,1,69,,1192595,8,,,1,30,,1063693,8,,,1,100,,1192593,8,,,1,100,,1192585,8,,,1,100,,1192586,8,,,1,100,,1072668,8,,,1,99,,1192589,8,,,1,72,,1192604,8,,,1,32,,1192601,8,,,1,68,,1192598,8,,,1,30,,1192596,8,,,1,70,,1192600,8,,,1,30,,1192592,8,,,1,70,,1192597,8,,,1,100,,1192594,8,,,1,100,,1192599,8,,,1,100,,1192590,8,,,1,100,,1192587,8,,,1
16501,'12',530,,1192612,8,,,1,96,,1192613,8,,,1,30,,1192619,8,,,1,70,,1192620,8,,,1,28,,1192618,8,,,1,72,,1192606,8,,,1,30,,1192617,8,,,1,69,,1192607,8,,,1,30,,1192622,8,,,1,100,,1192615,8,,,1,100,,1192605,8,,,1,100,,1192609,8,,,1,100,,1192611,8,,,1,99,,1192623,8,,,1,72,,973406,8,,,1,32,,1192614,8,,,1,68,,1192616,8,,,1,30,,1053204,8,,,1,70,,1075879,8,,,1,30,,1081295,8,,,1,70,,1030445,8,,,1,100,,1192621,8,,,1,100,,1192624,8,,,1,100,,1192608,8,,,1,100,,1192610,8,,,1
16501,'13',827,,1192626,8,,,1,100,,1192629,8,,,1,101,,1192628,8,,,1,100,,1192627,8,,,1,100,,1192633,8,,,1,100,,1192630,8,,,1,100,,1192636,8,,,1,100,,1192625,8,,,1,100,,1192635,8,,,1,100,,1192632,8,,,1,100,,1192631,8,,,1,100,,1192634,8,,,1
16501,'14',530,,1192643,8,,,1,96,,1192639,8,,,1,30,,1192647,8,,,1,70,,1192659,8,,,1,28,,1192658,8,,,1,72,,1192644,8,,,1,30,,1192640,8,,,1,69,,1192651,8,,,1,30,,1192642,8,,,1,100,,1192649,8,,,1,100,,1192637,8,,,1,100,,1192638,8,,,1,100,,1192660,8,,,1,99,,1192645,8,,,1,72,,1192661,8,,,1,32,,1192657,8,,,1,68,,1192654,8,,,1,30,,1192652,8,,,1,70,,1192656,8,,,1,30,,1192648,8,,,1,70,,1192653,8,,,1,100,,1192650,8,,,1,100,,1192655,8,,,1,100,,1192646,8,,,1,100,,1192641,8,,,1
16501,'15',530,,1192662,8,,,1,96,,1192667,8,,,1,30,,1192670,8,,,1,70,,1192681,8,,,1,28,,1192664,8,,,1,72,,1192665,8,,,1,30,,1192676,8,,,1,69,,1192685,8,,,1,30,,1192680,8,,,1,100,,1192673,8,,,1,100,,1192677,8,,,1,100,,1192675,8,,,1,100,,1192679,8,,,1,99,,1192686,8,,,1,72,,1192666,8,,,1,32,,1192669,8,,,1,68,,1192672,8,,,1,30,,1192674,8,,,1,70,,1192671,8,,,1,30,,1192668,8,,,1,70,,1192684,8,,,1,100,,1192678,8,,,1,100,,1192683,8,,,1,100,,1192682,8,,,1,100,,1192663,8,,,1
16501,'16',530,,1088197,8,,,1,96,,1192695,8,,,1,30,,1192702,8,,,1,70,,1192703,8,,,1,28,,1192701,8,,,1,72,,1192688,8,,,1,30,,1192700,8,,,1,69,,1192689,8,,,1,30,,1192705,8,,,1,100,,1192697,8,,,1,100,,1066976,8,,,1,100,,1192692,8,,,1,100,,1192694,8,,,1,99,,1081711,8,,,1,72,,1192706,8,,,1,32,,1192696,8,,,1,68,,1192698,8,,,1,30,,1192690,8,,,1,70,,1192707,8,,,1,30,,1192687,8,,,1,70,,1192699,8,,,1,100,,1192704,8,,,1,100,,1192708,8,,,1,100,,1192691,8,,,1,100,,1192693,8,,,1
16501,'17',827,,1192710,8,,,1,100,,1192713,8,,,1,101,,1192712,8,,,1,100,,1192711,8,,,1,100,,1192717,8,,,1,100,,1192714,8,,,1,100,,1192720,8,,,1,100,,1192709,8,,,1,100,,1192719,8,,,1,100,,1192716,8,,,1,100,,1192715,8,,,1,100,,1192718,8,,,1
16501,'2',639,,1192725,8,,,1,100,,1192721,8,,,1,100,,1192723,8,,,1,100,,1087804,8,,,1,101,,1192732,8,,,1,100,,1091065,8,,,1,100,,1192729,8,,,1,100,,1192724,8,,,1,100,,1192731,8,,,1,100,,1192733,8,,,1,100,,1192726,8,,,1,100,,1192727,8,,,1,100,,1192722,8,,,1,100,,1192728,8,,,1,100,,1192730,8,,,1,99,,1192734,8,,,1
16501,'3',827,,1192736,8,,,1,100,,1192739,8,,,1,101,,1192738,8,,,1,100,,1192737,8,,,1,100,,1192743,8,,,1,100,,1192740,8,,,1,100,,1192746,8,,,1,100,,1192735,8,,,1,100,,1192745,8,,,1,100,,1192742,8,,,1,100,,1192741,8,,,1,100,,1192744,8,,,1
16501,'4',827,,1192747,8,,,1,100,,1049155,8,,,1,101,,1192748,8,,,1,100,,1097749,8,,,1,100,,1192752,8,,,1,100,,1192749,8,,,1,100,,1192756,8,,,1,100,,1192750,8,,,1,100,,1192754,8,,,1,100,,1192755,8,,,1,100,,1192753,8,,,1,100,,1192751,8,,,1
16501,'5',530,,1192760,8,,,1,96,,1026994,8,,,1,30,,1192763,8,,,1,70,,1192775,8,,,1,28,,1192774,8,,,1,72,,1035600,8,,,1,30,,1091235,8,,,1,69,,1192767,8,,,1,30,,1063561,8,,,1,100,,1192765,8,,,1,100,,1192757,8,,,1,100,,1192758,8,,,1,100,,1072605,8,,,1,99,,1192761,8,,,1,72,,1192776,8,,,1,32,,1192773,8,,,1,68,,1192770,8,,,1,30,,1192768,8,,,1,70,,1192772,8,,,1,30,,1192764,8,,,1,70,,1192769,8,,,1,100,,1192766,8,,,1,100,,1192771,8,,,1,100,,1192762,8,,,1,100,,1192759,8,,,1
16501,'6',530,,1192784,8,,,1,96,,1192785,8,,,1,30,,1192792,8,,,1,70,,1024757,8,,,1,28,,1192791,8,,,1,72,,1018266,8,,,1,30,,1192790,8,,,1,69,,1016489,8,,,1,30,,1079284,8,,,1,100,,1192787,8,,,1,100,,1192777,8,,,1,100,,1192781,8,,,1,100,,1192783,8,,,1,99,,1192794,8,,,1,72,,1192795,8,,,1,32,,1192786,8,,,1,68,,1192788,8,,,1,30,,1192779,8,,,1,70,,1192796,8,,,1,30,,1192778,8,,,1,70,,1192789,8,,,1,100,,1192793,8,,,1,100,,1192797,8,,,1,100,,1192780,8,,,1,100,,1192782,8,,,1
16501,'7',639,,1192801,8,,,1,100,,1192808,8,,,1,100,,1192800,8,,,1,100,,1192812,8,,,1,101,,1192813,8,,,1,100,,1192799,8,,,1,100,,1192809,8,,,1,100,,1192803,8,,,1,100,,1192811,8,,,1,100,,1192805,8,,,1,100,,1192802,8,,,1,100,,1192804,8,,,1,100,,1192798,8,,,1,100,,1192807,8,,,1,100,,1192810,8,,,1,99,,1192806,8,,,1
16501,'8',530,,1192823,8,,,1,96,,1192824,8,,,1,30,,1192831,8,,,1,70,,1192832,8,,,1,28,,1192830,8,,,1,72,,1192816,8,,,1,30,,1192829,8,,,1,69,,1192817,8,,,1,30,,1192834,8,,,1,100,,1192826,8,,,1,100,,1192814,8,,,1,100,,1192820,8,,,1,100,,1192822,8,,,1,99,,1192835,8,,,1,72,,1192836,8,,,1,32,,1192825,8,,,1,68,,1192827,8,,,1,30,,1192818,8,,,1,70,,1192837,8,,,1,30,,1192815,8,,,1,70,,1192828,8,,,1,100,,1192833,8,,,1,100,,1192838,8,,,1,100,,1192819,8,,,1,100,,1192821,8,,,1
16501,'9',530,,1192842,8,,,1,96,,1027182,8,,,1,30,,1192845,8,,,1,70,,1192857,8,,,1,28,,1192856,8,,,1,72,,1036070,8,,,1,30,,1091085,8,,,1,69,,1192849,8,,,1,30,,1063390,8,,,1,100,,1192847,8,,,1,100,,1192839,8,,,1,100,,1192840,8,,,1,100,,1072528,8,,,1,99,,1192843,8,,,1,72,,1192858,8,,,1,32,,1192855,8,,,1,68,,1192852,8,,,1,30,,1192850,8,,,1,70,,1192854,8,,,1,30,,1192846,8,,,1,70,,1192851,8,,,1,100,,1192848,8,,,1,100,,1192853,8,,,1,100,,1192844,8,,,1,100,,1192841,8,,,1
