9000,'1',625,,1177074,15,0,41,1,30,,1177089,15,0,41,1,55,,1177092,15,0,41,1,15,,1177049,15,0,41,1,15,,1177090,15,0,41,1,14,,1177082,15,0,41,1,55,,1177058,15,0,41,1,15,,1177087,15,0,41,1,15,,1177070,15,0,41,1,15,,1177073,15,0,41,1,55,,1177075,15,0,41,1,15,,1177076,15,0,41,1,17,,1012330,15,0,41,1,15,,1177045,15,0,41,1,55,,1177065,15,0,41,1,15,,1177059,15,0,41,1,15,,1177054,15,0,41,1,15,,1177053,15,0,41,1,55,,1177051,15,0,41,1,15,,1177086,15,0,41,1,15,,1177050,15,0,41,1,15,,1080755,15,0,41,1,55,,1177091,15,0,41,1,15,,1177079,15,0,41,1,15,,1177046,15,0,41,1,15,,1177088,15,0,41,1,55,,1177083,15,0,41,1,15,,1177081,15,0,41,1,15,,1177084,15,0,41,1,15,,1177042,15,0,41,1,55,,1177048,15,0,41,1,15,,1177077,15,0,41,1,16,,1177061,15,0,41,1,70,,1045867,15,0,41,1,17,,1177072,15,0,41,1,13,,1177052,15,0,41,1,17,,1177062,15,0,41,1,53,,1177043,15,0,41,1,17,,1177041,15,0,41,1,15,,1177057,15,0,41,1,15,,1177044,15,0,41,1,55,,1177063,15,0,41,1,13,,1177039,15,0,41,1,14,,1177040,15,0,41,1,14,,1177066,15,0,41,1,54,,1177038,15,0,41,1,14,,1177071,15,0,41,1,13,,1177047,15,0,41,1,70,,1177060,15,0,41,1,30,,1177068,15,0,41,1,70,,1177080,15,0,41,1,30,,1177085,15,0,41,1,70,,1177078,15,0,41,1,30,,1071925,15,0,41,1,70,,1081660,15,0,41,1,30,,1177069,15,0,41,1,70,,1177055,15,0,41,1,32,,957167,15,0,41,1,70,,1177056,15,0,41,1,30,,1177067,15,0,41,1
9000,'10',625,,1177129,15,0,41,1,30,,1177144,15,0,41,1,55,,1177147,15,0,41,1,15,,1177104,15,0,41,1,15,,1177145,15,0,41,1,14,,1177137,15,0,41,1,55,,1177113,15,0,41,1,15,,1177142,15,0,41,1,15,,1177125,15,0,41,1,15,,1177128,15,0,41,1,55,,1177130,15,0,41,1,15,,1177131,15,0,41,1,17,,1012413,15,0,41,1,15,,1177100,15,0,41,1,55,,1177120,15,0,41,1,15,,1177114,15,0,41,1,15,,1177109,15,0,41,1,15,,1177108,15,0,41,1,55,,1177106,15,0,41,1,15,,1177141,15,0,41,1,15,,1177105,15,0,41,1,15,,1080582,15,0,41,1,55,,1177146,15,0,41,1,15,,1177134,15,0,41,1,15,,1177101,15,0,41,1,15,,1177143,15,0,41,1,55,,1177138,15,0,41,1,15,,1177136,15,0,41,1,15,,1177139,15,0,41,1,15,,1177097,15,0,41,1,55,,1177103,15,0,41,1,15,,1177132,15,0,41,1,16,,1177116,15,0,41,1,70,,1045910,15,0,41,1,17,,1177127,15,0,41,1,13,,1177107,15,0,41,1,17,,1177117,15,0,41,1,53,,1177098,15,0,41,1,17,,1177096,15,0,41,1,15,,1177112,15,0,41,1,15,,1177099,15,0,41,1,55,,1177118,15,0,41,1,13,,1177094,15,0,41,1,14,,1177095,15,0,41,1,14,,1177121,15,0,41,1,54,,1177093,15,0,41,1,14,,1177126,15,0,41,1,13,,1177102,15,0,41,1,70,,1177115,15,0,41,1,30,,1177123,15,0,41,1,70,,1177135,15,0,41,1,30,,1177140,15,0,41,1,70,,1177133,15,0,41,1,30,,1071779,15,0,41,1,70,,1081468,15,0,41,1,30,,1177124,15,0,41,1,70,,1177110,15,0,41,1,32,,957021,15,0,41,1,70,,1177111,15,0,41,1,30,,1177122,15,0,41,1
9000,'11',625,,1177184,15,0,41,1,30,,1177199,15,0,41,1,55,,1177202,15,0,41,1,15,,1177159,15,0,41,1,15,,1177200,15,0,41,1,14,,1177192,15,0,41,1,55,,1177168,15,0,41,1,15,,1177197,15,0,41,1,15,,1177180,15,0,41,1,15,,1177183,15,0,41,1,55,,1177185,15,0,41,1,15,,1177186,15,0,41,1,17,,1012307,15,0,41,1,15,,1177155,15,0,41,1,55,,1177175,15,0,41,1,15,,1177169,15,0,41,1,15,,1177164,15,0,41,1,15,,1177163,15,0,41,1,55,,1177161,15,0,41,1,15,,1177196,15,0,41,1,15,,1177160,15,0,41,1,15,,1080812,15,0,41,1,55,,1177201,15,0,41,1,15,,1177189,15,0,41,1,15,,1177156,15,0,41,1,15,,1177198,15,0,41,1,55,,1177193,15,0,41,1,15,,1177191,15,0,41,1,15,,1177194,15,0,41,1,15,,1177152,15,0,41,1,55,,1177158,15,0,41,1,15,,1177187,15,0,41,1,16,,1177171,15,0,41,1,70,,1045856,15,0,41,1,17,,1177182,15,0,41,1,13,,1177162,15,0,41,1,17,,1177172,15,0,41,1,53,,1177153,15,0,41,1,17,,1177151,15,0,41,1,15,,1177167,15,0,41,1,15,,1177154,15,0,41,1,55,,1177173,15,0,41,1,13,,1177149,15,0,41,1,14,,1177150,15,0,41,1,14,,1177176,15,0,41,1,54,,1177148,15,0,41,1,14,,1177181,15,0,41,1,13,,1177157,15,0,41,1,70,,1177170,15,0,41,1,30,,1177178,15,0,41,1,70,,1177190,15,0,41,1,30,,1177195,15,0,41,1,70,,1177188,15,0,41,1,30,,1071971,15,0,41,1,70,,1081717,15,0,41,1,30,,1177179,15,0,41,1,70,,1177165,15,0,41,1,32,,957146,15,0,41,1,70,,1177166,15,0,41,1,30,,1177177,15,0,41,1
9000,'12',625,,1177208,15,0,41,1,30,,1177236,15,0,41,1,55,,1177239,15,0,41,1,15,,1177234,15,0,41,1,15,,1177245,15,0,41,1,14,,1177251,15,0,41,1,55,,1177228,15,0,41,1,15,,1177217,15,0,41,1,15,,1085926,15,0,41,1,15,,1177223,15,0,41,1,55,,1177237,15,0,41,1,15,,1177241,15,0,41,1,17,,1177238,15,0,41,1,15,,1177248,15,0,41,1,55,,1177250,15,0,41,1,15,,1177246,15,0,41,1,15,,1177226,15,0,41,1,15,,1094079,15,0,41,1,55,,1177215,15,0,41,1,15,,1001500,15,0,41,1,15,,1177218,15,0,41,1,15,,1177242,15,0,41,1,55,,1177229,15,0,41,1,15,,1177225,15,0,41,1,15,,1177233,15,0,41,1,15,,1177205,15,0,41,1,55,,1177206,15,0,41,1,15,,1080439,15,0,41,1,15,,1177211,15,0,41,1,15,,1177219,15,0,41,1,55,,1177207,15,0,41,1,15,,1096099,15,0,41,1,16,,1072801,15,0,41,1,70,,1100209,15,0,41,1,17,,1177255,15,0,41,1,13,,1177203,15,0,41,1,17,,1177232,15,0,41,1,53,,1177230,15,0,41,1,17,,1177224,15,0,41,1,15,,1177243,15,0,41,1,15,,1177227,15,0,41,1,55,,1177247,15,0,41,1,13,,1177210,15,0,41,1,14,,1177204,15,0,41,1,14,,1177214,15,0,41,1,54,,1177253,15,0,41,1,14,,1177254,15,0,41,1,13,,1177252,15,0,41,1,70,,1177220,15,0,41,1,30,,1177209,15,0,41,1,70,,1177244,15,0,41,1,30,,1177231,15,0,41,1,70,,1177249,15,0,41,1,30,,1177240,15,0,41,1,70,,1177235,15,0,41,1,30,,1177222,15,0,41,1,70,,1008172,15,0,41,1,32,,1177213,15,0,41,1,70,,1177216,15,0,41,1,30,,1177212,15,0,41,1
9000,'13',712,,1177272,15,0,41,1,30,,1177261,15,0,41,1,70,,1177259,15,0,41,1,30,,1177269,15,0,41,1,70,,1024002,15,0,41,1,30,,1177257,15,0,41,1,71,,1177281,15,0,41,1,30,,1177274,15,0,41,1,70,,1177278,15,0,41,1,30,,1177263,15,0,41,1,70,,1177265,15,0,41,1,30,,1177273,15,0,41,1,70,,1177267,15,0,41,1,30,,1177280,15,0,41,1,70,,1177282,15,0,41,1,30,,1177271,15,0,41,1,70,,1030204,15,0,41,1,30,,1101325,15,0,41,1,70,,1044844,15,0,41,1,30,,1177264,15,0,41,1,70,,1177275,15,0,41,1,30,,1177260,15,0,41,1,70,,1177268,15,0,41,1,30,,1177270,15,0,41,1,70,,1177258,15,0,41,1,30,,1177266,15,0,41,1,70,,1177277,15,0,41,1,30,,1177276,15,0,41,1,70,,1177283,15,0,41,1,30,,1073560,15,0,41,1,70,,1177256,15,0,41,1,30,,1177262,15,0,41,1,70,,1177279,15,0,41,1
9000,'14',625,,1177323,15,0,41,1,30,,1177338,15,0,41,1,55,,1177344,15,0,41,1,15,,1177298,15,0,41,1,15,,1177340,15,0,41,1,14,,1177331,15,0,41,1,55,,1177307,15,0,41,1,15,,1177336,15,0,41,1,15,,1177319,15,0,41,1,15,,1177322,15,0,41,1,55,,1177324,15,0,41,1,15,,1177325,15,0,41,1,17,,1177339,15,0,41,1,15,,1177294,15,0,41,1,55,,1177314,15,0,41,1,15,,1177308,15,0,41,1,15,,1177303,15,0,41,1,15,,1177302,15,0,41,1,55,,1177300,15,0,41,1,15,,1177335,15,0,41,1,15,,1177299,15,0,41,1,15,,1177342,15,0,41,1,55,,1177341,15,0,41,1,15,,1177328,15,0,41,1,15,,1177295,15,0,41,1,15,,1177337,15,0,41,1,55,,1177332,15,0,41,1,15,,1177330,15,0,41,1,15,,1177333,15,0,41,1,15,,1177291,15,0,41,1,55,,1177297,15,0,41,1,15,,1177326,15,0,41,1,16,,1177310,15,0,41,1,70,,1177284,15,0,41,1,17,,1177321,15,0,41,1,13,,1177301,15,0,41,1,17,,1177311,15,0,41,1,53,,1177292,15,0,41,1,17,,1177289,15,0,41,1,15,,1177306,15,0,41,1,15,,1177293,15,0,41,1,55,,1177312,15,0,41,1,13,,1177287,15,0,41,1,14,,1177288,15,0,41,1,14,,1177315,15,0,41,1,54,,1177286,15,0,41,1,14,,1177320,15,0,41,1,13,,1177296,15,0,41,1,70,,1177309,15,0,41,1,30,,1177317,15,0,41,1,70,,1177329,15,0,41,1,30,,1177334,15,0,41,1,70,,1177327,15,0,41,1,30,,1177290,15,0,41,1,70,,1177285,15,0,41,1,30,,1177318,15,0,41,1,70,,1177304,15,0,41,1,32,,1177343,15,0,41,1,70,,1177305,15,0,41,1,30,,1177316,15,0,41,1
9000,'15',625,,1177402,15,0,41,1,30,,1177404,15,0,41,1,55,,1177368,15,0,41,1,15,,1177367,15,0,41,1,15,,1177359,15,0,41,1,14,,1177348,15,0,41,1,55,,1177371,15,0,41,1,15,,1177384,15,0,41,1,15,,1177387,15,0,41,1,15,,1177365,15,0,41,1,55,,1177354,15,0,41,1,15,,1177388,15,0,41,1,17,,1177378,15,0,41,1,15,,1177351,15,0,41,1,55,,1177375,15,0,41,1,15,,1177345,15,0,41,1,15,,1177366,15,0,41,1,15,,1177397,15,0,41,1,55,,1177390,15,0,41,1,15,,1177373,15,0,41,1,15,,1177396,15,0,41,1,15,,1177398,15,0,41,1,55,,1177353,15,0,41,1,15,,1177380,15,0,41,1,15,,1177355,15,0,41,1,15,,1177401,15,0,41,1,55,,1177395,15,0,41,1,15,,1177377,15,0,41,1,15,,1177352,15,0,41,1,15,,1177403,15,0,41,1,55,,1177358,15,0,41,1,15,,1177383,15,0,41,1,16,,1177405,15,0,41,1,70,,1177389,15,0,41,1,17,,1177346,15,0,41,1,13,,1177372,15,0,41,1,17,,1177399,15,0,41,1,53,,1177386,15,0,41,1,17,,1177369,15,0,41,1,15,,1177361,15,0,41,1,15,,1177381,15,0,41,1,55,,1177376,15,0,41,1,13,,1177394,15,0,41,1,14,,1177362,15,0,41,1,14,,1177379,15,0,41,1,54,,1177347,15,0,41,1,14,,1177349,15,0,41,1,13,,1177391,15,0,41,1,70,,1177393,15,0,41,1,30,,1177392,15,0,41,1,70,,1177370,15,0,41,1,30,,1177363,15,0,41,1,70,,1177374,15,0,41,1,30,,1177364,15,0,41,1,70,,1177385,15,0,41,1,30,,1177400,15,0,41,1,70,,1177350,15,0,41,1,32,,1177357,15,0,41,1,70,,1177360,15,0,41,1,30,,1177382,15,0,41,1
9000,'16',625,,1177414,15,0,41,1,30,,1177439,15,0,41,1,55,,1177443,15,0,41,1,15,,1177437,15,0,41,1,15,,1177449,15,0,41,1,14,,1177455,15,0,41,1,55,,1064155,15,0,41,1,15,,1177421,15,0,41,1,15,,1177406,15,0,41,1,15,,1177427,15,0,41,1,55,,1177440,15,0,41,1,15,,1177445,15,0,41,1,17,,1177441,15,0,41,1,15,,1177452,15,0,41,1,55,,1177454,15,0,41,1,15,,1177450,15,0,41,1,15,,1177430,15,0,41,1,15,,1177442,15,0,41,1,55,,1177419,15,0,41,1,15,,1177410,15,0,41,1,15,,1177422,15,0,41,1,15,,1177446,15,0,41,1,55,,1177432,15,0,41,1,15,,1177429,15,0,41,1,15,,1177436,15,0,41,1,15,,1079869,15,0,41,1,55,,1177412,15,0,41,1,15,,1177415,15,0,41,1,15,,956132,15,0,41,1,15,,1177423,15,0,41,1,55,,1177413,15,0,41,1,15,,1177460,15,0,41,1,16,,1177411,15,0,41,1,70,,1177409,15,0,41,1,17,,1177459,15,0,41,1,13,,1068408,15,0,41,1,17,,1177435,15,0,41,1,53,,1177433,15,0,41,1,17,,1177428,15,0,41,1,15,,1177447,15,0,41,1,15,,1177431,15,0,41,1,55,,1177451,15,0,41,1,13,,1177417,15,0,41,1,14,,1177408,15,0,41,1,14,,1072645,15,0,41,1,54,,1177457,15,0,41,1,14,,1177458,15,0,41,1,13,,1177456,15,0,41,1,70,,1177424,15,0,41,1,30,,1177416,15,0,41,1,70,,1177448,15,0,41,1,30,,1177434,15,0,41,1,70,,1177453,15,0,41,1,30,,1177444,15,0,41,1,70,,1177438,15,0,41,1,30,,1177426,15,0,41,1,70,,1177407,15,0,41,1,32,,1076678,15,0,41,1,70,,1177420,15,0,41,1,30,,1177418,15,0,41,1
9000,'17',712,,1177481,15,0,41,1,30,,1177469,15,0,41,1,70,,1177467,15,0,41,1,30,,1177478,15,0,41,1,70,,1177461,15,0,41,1,30,,1177465,15,0,41,1,71,,1177490,15,0,41,1,30,,1177483,15,0,41,1,70,,1177487,15,0,41,1,30,,1177471,15,0,41,1,70,,1177473,15,0,41,1,30,,1177482,15,0,41,1,70,,1177476,15,0,41,1,30,,1177489,15,0,41,1,70,,1177491,15,0,41,1,30,,1177480,15,0,41,1,70,,1177462,15,0,41,1,30,,1177474,15,0,41,1,70,,1177492,15,0,41,1,30,,1177472,15,0,41,1,70,,1177484,15,0,41,1,30,,1177468,15,0,41,1,70,,1177477,15,0,41,1,30,,1177479,15,0,41,1,70,,1177466,15,0,41,1,30,,1177475,15,0,41,1,70,,1177486,15,0,41,1,30,,1177485,15,0,41,1,70,,1177493,15,0,41,1,30,,1177463,15,0,41,1,70,,1177464,15,0,41,1,30,,1177470,15,0,41,1,70,,1177488,15,0,41,1
9000,'2',733,,1177495,15,0,41,1,70,,1177517,15,0,41,1,30,,1073739,15,0,41,1,70,,1177510,15,0,41,1,30,,1177503,15,0,41,1,70,,1177506,15,0,41,1,32,,1177518,15,0,41,1,70,,1177520,15,0,41,1,30,,1177497,15,0,41,1,70,,1177523,15,0,41,1,30,,1177507,15,0,41,1,70,,1177498,15,0,41,1,30,,1177522,15,0,41,1,70,,1100844,15,0,41,1,30,,1177513,15,0,41,1,70,,1177519,15,0,41,1,30,,1177496,15,0,41,1,70,,1177502,15,0,41,1,30,,1177509,15,0,41,1,70,,1177521,15,0,41,1,30,,1177501,15,0,41,1,70,,1177508,15,0,41,1,30,,1177504,15,0,41,1,70,,1021648,15,0,41,1,30,,1177524,15,0,41,1,70,,1177516,15,0,41,1,30,,1177499,15,0,41,1,70,,1177511,15,0,41,1,30,,1177505,15,0,41,1,70,,1177500,15,0,41,1,30,,1177514,15,0,41,1,70,,1177512,15,0,41,1,30,,1177494,15,0,41,1,70,,1177515,15,0,41,1
9000,'3',712,,1177545,15,0,41,1,30,,1177533,15,0,41,1,70,,1177531,15,0,41,1,30,,1177542,15,0,41,1,70,,1177525,15,0,41,1,30,,1177529,15,0,41,1,71,,1177554,15,0,41,1,30,,1177547,15,0,41,1,70,,1177551,15,0,41,1,30,,1177535,15,0,41,1,70,,1177537,15,0,41,1,30,,1177546,15,0,41,1,70,,1177540,15,0,41,1,30,,1177553,15,0,41,1,70,,1177555,15,0,41,1,30,,1177544,15,0,41,1,70,,1177526,15,0,41,1,30,,1177538,15,0,41,1,70,,1177556,15,0,41,1,30,,1177536,15,0,41,1,70,,1177548,15,0,41,1,30,,1177532,15,0,41,1,70,,1177541,15,0,41,1,30,,1177543,15,0,41,1,70,,1177530,15,0,41,1,30,,1177539,15,0,41,1,70,,1177550,15,0,41,1,30,,1177549,15,0,41,1,70,,1177557,15,0,41,1,30,,1177527,15,0,41,1,70,,1177528,15,0,41,1,30,,1177534,15,0,41,1,70,,1177552,15,0,41,1
9000,'4',712,,1177571,15,0,41,1,30,,1177574,15,0,41,1,70,,1177572,15,0,41,1,30,,1177563,15,0,41,1,70,,1177564,15,0,41,1,30,,1177569,15,0,41,1,71,,1177579,15,0,41,1,30,,1177580,15,0,41,1,70,,1177576,15,0,41,1,30,,1177559,15,0,41,1,70,,995812,15,0,41,1,30,,1177570,15,0,41,1,70,,1177568,15,0,41,1,30,,1055317,15,0,41,1,70,,1177566,15,0,41,1,30,,1177578,15,0,41,1,70,,1177582,15,0,41,1,30,,1037593,15,0,41,1,70,,1177558,15,0,41,1,30,,1177565,15,0,41,1,70,,1177577,15,0,41,1,30,,1177584,15,0,41,1,70,,1177575,15,0,41,1,30,,1177560,15,0,41,1,70,,1177583,15,0,41,1,30,,997298,15,0,41,1,70,,996619,15,0,41,1,30,,1177573,15,0,41,1,70,,1177567,15,0,41,1,30,,1177581,15,0,41,1,70,,1177562,15,0,41,1,30,,1177561,15,0,41,1,70,,1177585,15,0,41,1
9000,'5',625,,1177622,15,0,41,1,30,,1177637,15,0,41,1,55,,1177640,15,0,41,1,15,,1177597,15,0,41,1,15,,1177638,15,0,41,1,14,,1177630,15,0,41,1,55,,1177606,15,0,41,1,15,,1177635,15,0,41,1,15,,1177618,15,0,41,1,15,,1177621,15,0,41,1,55,,1177623,15,0,41,1,15,,1177624,15,0,41,1,17,,1012186,15,0,41,1,15,,1177593,15,0,41,1,55,,1177613,15,0,41,1,15,,1177607,15,0,41,1,15,,1177602,15,0,41,1,15,,1177601,15,0,41,1,55,,1177599,15,0,41,1,15,,1177634,15,0,41,1,15,,1177598,15,0,41,1,15,,1080725,15,0,41,1,55,,1177639,15,0,41,1,15,,1177627,15,0,41,1,15,,1177594,15,0,41,1,15,,1177636,15,0,41,1,55,,1177631,15,0,41,1,15,,1177629,15,0,41,1,15,,1177632,15,0,41,1,15,,1177590,15,0,41,1,55,,1177596,15,0,41,1,15,,1177625,15,0,41,1,16,,1177609,15,0,41,1,70,,1045813,15,0,41,1,17,,1177620,15,0,41,1,13,,1177600,15,0,41,1,17,,1177610,15,0,41,1,53,,1177591,15,0,41,1,17,,1177589,15,0,41,1,15,,1177605,15,0,41,1,15,,1177592,15,0,41,1,55,,1177611,15,0,41,1,13,,1177587,15,0,41,1,14,,1177588,15,0,41,1,14,,1177614,15,0,41,1,54,,1177586,15,0,41,1,14,,1177619,15,0,41,1,13,,1177595,15,0,41,1,70,,1177608,15,0,41,1,30,,1177616,15,0,41,1,70,,1177628,15,0,41,1,30,,1177633,15,0,41,1,70,,1177626,15,0,41,1,30,,1071901,15,0,41,1,70,,1081627,15,0,41,1,30,,1177617,15,0,41,1,70,,1177603,15,0,41,1,32,,957239,15,0,41,1,70,,1177604,15,0,41,1,30,,1177615,15,0,41,1
9000,'6',625,,1040112,15,0,41,1,30,,1177674,15,0,41,1,55,,1177678,15,0,41,1,15,,1177672,15,0,41,1,15,,1177684,15,0,41,1,14,,1177690,15,0,41,1,55,,1177666,15,0,41,1,15,,1177656,15,0,41,1,15,,1177641,15,0,41,1,15,,1096522,15,0,41,1,55,,1177675,15,0,41,1,15,,1177680,15,0,41,1,17,,1177676,15,0,41,1,15,,1177687,15,0,41,1,55,,1177689,15,0,41,1,15,,1177685,15,0,41,1,15,,1177664,15,0,41,1,15,,1177677,15,0,41,1,55,,1177654,15,0,41,1,15,,1177646,15,0,41,1,15,,1177657,15,0,41,1,15,,1177681,15,0,41,1,55,,1177667,15,0,41,1,15,,1177663,15,0,41,1,15,,1177671,15,0,41,1,15,,1177644,15,0,41,1,55,,1177648,15,0,41,1,15,,1177649,15,0,41,1,15,,1177651,15,0,41,1,15,,1177658,15,0,41,1,55,,1003580,15,0,41,1,15,,1177695,15,0,41,1,16,,1177647,15,0,41,1,70,,1177645,15,0,41,1,17,,1177694,15,0,41,1,13,,1177642,15,0,41,1,17,,1177670,15,0,41,1,53,,1177668,15,0,41,1,17,,1177662,15,0,41,1,15,,1177682,15,0,41,1,15,,1177665,15,0,41,1,55,,1177686,15,0,41,1,13,,1073486,15,0,41,1,14,,1083316,15,0,41,1,14,,1177653,15,0,41,1,54,,1177692,15,0,41,1,14,,1177693,15,0,41,1,13,,1177691,15,0,41,1,70,,1177659,15,0,41,1,30,,1177650,15,0,41,1,70,,1177683,15,0,41,1,30,,1177669,15,0,41,1,70,,1177688,15,0,41,1,30,,1177679,15,0,41,1,70,,1177673,15,0,41,1,30,,1177661,15,0,41,1,70,,1177643,15,0,41,1,32,,1177652,15,0,41,1,70,,1177655,15,0,41,1,30,,1004815,15,0,41,1
9000,'7',733,,1177714,15,0,41,1,70,,1177729,15,0,41,1,30,,1177704,15,0,41,1,70,,1177725,15,0,41,1,30,,1177712,15,0,41,1,70,,1177696,15,0,41,1,32,,1177703,15,0,41,1,70,,1177717,15,0,41,1,30,,1177702,15,0,41,1,70,,1177707,15,0,41,1,30,,1177727,15,0,41,1,70,,1177719,15,0,41,1,30,,1177726,15,0,41,1,70,,1177722,15,0,41,1,30,,1177701,15,0,41,1,70,,1177728,15,0,41,1,30,,1177700,15,0,41,1,70,,1177721,15,0,41,1,30,,1177705,15,0,41,1,70,,1177710,15,0,41,1,30,,1177715,15,0,41,1,70,,1177698,15,0,41,1,30,,1177718,15,0,41,1,70,,1177716,15,0,41,1,30,,1177720,15,0,41,1,70,,1177711,15,0,41,1,30,,1177708,15,0,41,1,70,,1177713,15,0,41,1,30,,1177706,15,0,41,1,70,,1177723,15,0,41,1,30,,1177697,15,0,41,1,70,,1177699,15,0,41,1,30,,1177724,15,0,41,1,70,,1177709,15,0,41,1
9000,'8',625,,1177740,15,0,41,1,30,,1177769,15,0,41,1,55,,1177773,15,0,41,1,15,,1177767,15,0,41,1,15,,1177779,15,0,41,1,14,,1177785,15,0,41,1,55,,1177761,15,0,41,1,15,,1177750,15,0,41,1,15,,1177730,15,0,41,1,15,,1177756,15,0,41,1,55,,1177770,15,0,41,1,15,,1177775,15,0,41,1,17,,1177771,15,0,41,1,15,,1177782,15,0,41,1,55,,1177784,15,0,41,1,15,,1177780,15,0,41,1,15,,1177759,15,0,41,1,15,,1177772,15,0,41,1,55,,1177748,15,0,41,1,15,,1177736,15,0,41,1,15,,1177751,15,0,41,1,15,,1177776,15,0,41,1,55,,1177762,15,0,41,1,15,,1177758,15,0,41,1,15,,1177766,15,0,41,1,15,,1177734,15,0,41,1,55,,1177738,15,0,41,1,15,,1177741,15,0,41,1,15,,1177744,15,0,41,1,15,,1177752,15,0,41,1,55,,1177739,15,0,41,1,15,,1177790,15,0,41,1,16,,1177737,15,0,41,1,70,,1177735,15,0,41,1,17,,1177789,15,0,41,1,13,,1177731,15,0,41,1,17,,1177765,15,0,41,1,53,,1177763,15,0,41,1,17,,1177757,15,0,41,1,15,,1177777,15,0,41,1,15,,1177760,15,0,41,1,55,,1177781,15,0,41,1,13,,1177743,15,0,41,1,14,,1177733,15,0,41,1,14,,1177747,15,0,41,1,54,,1177787,15,0,41,1,14,,1177788,15,0,41,1,13,,1177786,15,0,41,1,70,,1177753,15,0,41,1,30,,1177742,15,0,41,1,70,,1177778,15,0,41,1,30,,1177764,15,0,41,1,70,,1177783,15,0,41,1,30,,1177774,15,0,41,1,70,,1177768,15,0,41,1,30,,1177755,15,0,41,1,70,,1177732,15,0,41,1,32,,1177746,15,0,41,1,70,,1177749,15,0,41,1,30,,1177745,15,0,41,1
9000,'9',625,,1177827,15,0,41,1,30,,1177842,15,0,41,1,55,,1177845,15,0,41,1,15,,1177802,15,0,41,1,15,,1177843,15,0,41,1,14,,1177835,15,0,41,1,55,,1177811,15,0,41,1,15,,1177840,15,0,41,1,15,,1177823,15,0,41,1,15,,1177826,15,0,41,1,55,,1177828,15,0,41,1,15,,1177829,15,0,41,1,17,,1012353,15,0,41,1,15,,1177798,15,0,41,1,55,,1177818,15,0,41,1,15,,1177812,15,0,41,1,15,,1177807,15,0,41,1,15,,1177806,15,0,41,1,55,,1177804,15,0,41,1,15,,1177839,15,0,41,1,15,,1177803,15,0,41,1,15,,1080636,15,0,41,1,55,,1177844,15,0,41,1,15,,1177832,15,0,41,1,15,,1177799,15,0,41,1,15,,1177841,15,0,41,1,55,,1177836,15,0,41,1,15,,1177834,15,0,41,1,15,,1177837,15,0,41,1,15,,1177795,15,0,41,1,55,,1177801,15,0,41,1,15,,1177830,15,0,41,1,16,,1177814,15,0,41,1,70,,1045878,15,0,41,1,17,,1177825,15,0,41,1,13,,1177805,15,0,41,1,17,,1177815,15,0,41,1,53,,1177796,15,0,41,1,17,,1177794,15,0,41,1,15,,1177810,15,0,41,1,15,,1177797,15,0,41,1,55,,1177816,15,0,41,1,13,,1177792,15,0,41,1,14,,1177793,15,0,41,1,14,,1177819,15,0,41,1,54,,1177791,15,0,41,1,14,,1177824,15,0,41,1,13,,1177800,15,0,41,1,70,,1177813,15,0,41,1,30,,1177821,15,0,41,1,70,,1177833,15,0,41,1,30,,1177838,15,0,41,1,70,,1177831,15,0,41,1,30,,1071829,15,0,41,1,70,,1081525,15,0,41,1,30,,1177822,15,0,41,1,70,,1177808,15,0,41,1,32,,957218,15,0,41,1,70,,1177809,15,0,41,1,30,,1177820,15,0,41,1
64001,'1',1517,,1199401,4,,,1
64001,'10',1517,,1199403,4,,,1
64001,'11',1517,,1199405,4,,,1
64001,'12',1517,,1199407,4,,,1
64001,'14',1517,,1199409,4,,,1
64001,'15',1517,,1199411,4,,,1
64001,'16',1517,,1199413,4,,,1
64001,'5',1517,,1199415,4,,,1
64001,'6',1517,,1199417,4,,,1
64001,'8',1517,,1199419,4,,,1
64001,'9',1517,,1199421,4,,,1
