67401,'1',1457,,1200197,34,,,1,45,,1200199,34,,,1
67401,'10',1457,,1200203,34,,,1,45,,1200205,34,,,1
67401,'11',1457,,1200209,34,,,1,45,,1200211,34,,,1
67401,'12',1457,,1200217,34,,,1,45,,1200218,34,,,1
67401,'14',1457,,1200223,34,,,1,45,,1200225,34,,,1
67401,'15',1457,,1200230,34,,,1,45,,1200232,34,,,1
67401,'16',1457,,1200237,34,,,1,45,,1200238,34,,,1
67401,'5',1457,,1200242,34,,,1,45,,1200244,34,,,1
67401,'6',1457,,1200250,34,,,1,45,,1062268,34,,,1
67401,'8',1457,,1200256,34,,,1,45,,1200257,34,,,1
67401,'9',1457,,1200261,34,,,1,45,,1200263,34,,,1
