3101,'1',631,,1128363,46,,,1,78,,1128375,46,,,1,30,,1128372,46,,,1,70,,1128367,46,,,1,33,,1128369,46,,,1,67,,1128366,46,,,1,26,,1128364,46,,,1,70,,1128357,46,,,1,30,,1128358,46,,,1,70,,1128352,46,,,1,30,,1128377,46,,,1,70,,1128359,46,,,1,31,,1128379,46,,,1,70,,1128374,46,,,1,30,,1128378,46,,,1,70,,1128362,46,,,1,30,,1128376,46,,,1,73,,1128350,46,,,1,103,,1128353,46,,,1,29,,1128380,46,,,1,71,,1128355,46,,,1,29,,1001979,46,,,1,70,,1128373,46,,,1,27,,1128354,46,,,1,67,,1128360,46,,,1,27,,1066953,46,,,1,70,,1128361,46,,,1,28,,1128370,46,,,1,70,,1128351,46,,,1,29,,1128356,46,,,1,30,,1128368,46,,,1,63,,1128365,46,,,1
3101,'10',631,,1128394,46,,,1,78,,1128406,46,,,1,30,,1128403,46,,,1,70,,1128398,46,,,1,33,,1128400,46,,,1,67,,1128397,46,,,1,26,,1128395,46,,,1,70,,1128388,46,,,1,30,,1128389,46,,,1,70,,1128383,46,,,1,30,,1128408,46,,,1,70,,1128390,46,,,1,31,,1128410,46,,,1,70,,1128405,46,,,1,30,,1128409,46,,,1,70,,1128393,46,,,1,30,,1128407,46,,,1,73,,1128381,46,,,1,103,,1128384,46,,,1,29,,1128411,46,,,1,71,,1128386,46,,,1,29,,1002160,46,,,1,70,,1128404,46,,,1,27,,1128385,46,,,1,67,,1128391,46,,,1,27,,1066670,46,,,1,70,,1128392,46,,,1,28,,1128401,46,,,1,70,,1128382,46,,,1,29,,1128387,46,,,1,30,,1128399,46,,,1,63,,1128396,46,,,1
3101,'11',631,,1128425,46,,,1,78,,1128437,46,,,1,30,,1128434,46,,,1,70,,1128429,46,,,1,33,,1128431,46,,,1,67,,1128428,46,,,1,26,,1128426,46,,,1,70,,1128419,46,,,1,30,,1128420,46,,,1,70,,1128414,46,,,1,30,,1128439,46,,,1,70,,1128421,46,,,1,31,,1128441,46,,,1,70,,1128436,46,,,1,30,,1128440,46,,,1,70,,1128424,46,,,1,30,,1128438,46,,,1,73,,1128412,46,,,1,103,,1128415,46,,,1,29,,1128442,46,,,1,71,,1128417,46,,,1,29,,1001926,46,,,1,70,,1128435,46,,,1,27,,1128416,46,,,1,67,,1128422,46,,,1,27,,1067029,46,,,1,70,,1128423,46,,,1,28,,1128432,46,,,1,70,,1128413,46,,,1,29,,1128418,46,,,1,30,,1128430,46,,,1,63,,1128427,46,,,1
3101,'12',631,,1128445,46,,,1,78,,1128464,46,,,1,30,,1128452,46,,,1,70,,1128456,46,,,1,33,,1128453,46,,,1,67,,1128470,46,,,1,26,,1128459,46,,,1,70,,1128469,46,,,1,30,,1128461,46,,,1,70,,1128462,46,,,1,30,,1128448,46,,,1,70,,1128455,46,,,1,31,,1128471,46,,,1,70,,1128463,46,,,1,30,,1128458,46,,,1,70,,1128457,46,,,1,30,,1128460,46,,,1,73,,1128467,46,,,1,103,,1079788,46,,,1,29,,1128451,46,,,1,71,,1128446,46,,,1,29,,1128465,46,,,1,70,,1128444,46,,,1,27,,1128468,46,,,1,67,,1128466,46,,,1,27,,1023834,46,,,1,70,,1128454,46,,,1,28,,1083524,46,,,1,70,,1075851,46,,,1,29,,1128443,46,,,1,30,,1128447,46,,,1,63,,1128472,46,,,1
3101,'13',839,,1128479,46,,,1,101,,1128485,46,,,1,100,,1128495,46,,,1,72,,1128476,46,,,1,30,,1128478,46,,,1,70,,1128480,46,,,1,31,,1128473,46,,,1,70,,1128494,46,,,1,30,,1128482,46,,,1,70,,1128484,46,,,1,30,,1128493,46,,,1,70,,1128474,46,,,1,30,,1128496,46,,,1,70,,1101868,46,,,1,30,,1128487,46,,,1,70,,1128492,46,,,1,30,,1128483,46,,,1,70,,1128475,46,,,1,27,,1128489,46,,,1,70,,1128477,46,,,1,30,,1128481,46,,,1,99,,1128486,46,,,1,100,,1128490,46,,,1,100,,1128491,46,,,1,100,,1128488,46,,,1
3101,'14',631,,1128510,46,,,1,78,,1128523,46,,,1,30,,1128520,46,,,1,70,,1128514,46,,,1,33,,1128516,46,,,1,67,,1128513,46,,,1,26,,1128511,46,,,1,70,,1128504,46,,,1,30,,1128505,46,,,1,70,,1128499,46,,,1,30,,1128525,46,,,1,70,,1128506,46,,,1,31,,1128528,46,,,1,70,,1128522,46,,,1,30,,1128526,46,,,1,70,,1128509,46,,,1,30,,1128524,46,,,1,73,,1128497,46,,,1,103,,1128500,46,,,1,29,,1128529,46,,,1,71,,1128502,46,,,1,29,,1128527,46,,,1,70,,1128521,46,,,1,27,,1128501,46,,,1,67,,1128507,46,,,1,27,,1128517,46,,,1,70,,1128508,46,,,1,28,,1128518,46,,,1,70,,1128498,46,,,1,29,,1128503,46,,,1,30,,1128515,46,,,1,63,,1128512,46,,,1
3101,'15',631,,1128542,46,,,1,78,,1128552,46,,,1,30,,1128553,46,,,1,70,,1128538,46,,,1,33,,1128563,46,,,1,67,,1128559,46,,,1,26,,1128560,46,,,1,70,,1128539,46,,,1,30,,1128534,46,,,1,70,,1128558,46,,,1,30,,1128554,46,,,1,70,,1128544,46,,,1,31,,1128532,46,,,1,70,,1128545,46,,,1,30,,1128540,46,,,1,70,,1128548,46,,,1,30,,1128561,46,,,1,73,,1128541,46,,,1,103,,1128533,46,,,1,29,,1128562,46,,,1,71,,1128531,46,,,1,29,,1128546,46,,,1,70,,1128537,46,,,1,27,,1128555,46,,,1,67,,1128551,46,,,1,27,,1128556,46,,,1,70,,1128543,46,,,1,28,,1128550,46,,,1,70,,1128536,46,,,1,29,,1128557,46,,,1,30,,1128549,46,,,1,63,,1128535,46,,,1
3101,'16',631,,1073248,46,,,1,78,,1128587,46,,,1,30,,1128575,46,,,1,70,,1128579,46,,,1,33,,1128576,46,,,1,67,,1128593,46,,,1,26,,1128582,46,,,1,70,,1128592,46,,,1,30,,1128584,46,,,1,70,,1128585,46,,,1,30,,1128571,46,,,1,70,,1128578,46,,,1,31,,1128594,46,,,1,70,,1128586,46,,,1,30,,1128581,46,,,1,70,,1128580,46,,,1,30,,1128583,46,,,1,73,,1128590,46,,,1,103,,1128565,46,,,1,29,,1128574,46,,,1,71,,1128570,46,,,1,29,,1128588,46,,,1,70,,1128567,46,,,1,27,,1128591,46,,,1,67,,1128589,46,,,1,27,,1128569,46,,,1,70,,1128577,46,,,1,28,,1128568,46,,,1,70,,1128566,46,,,1,29,,1083909,46,,,1,30,,1018715,46,,,1,63,,1070630,46,,,1
3101,'17',839,,1128602,46,,,1,101,,1128608,46,,,1,100,,1128618,46,,,1,72,,1128598,46,,,1,30,,1128601,46,,,1,70,,1128603,46,,,1,31,,1128595,46,,,1,70,,1128617,46,,,1,30,,1128605,46,,,1,70,,1128607,46,,,1,30,,1128616,46,,,1,70,,1128596,46,,,1,30,,1128619,46,,,1,70,,1128599,46,,,1,30,,1128610,46,,,1,70,,1128615,46,,,1,30,,1128606,46,,,1,70,,1128597,46,,,1,27,,1128612,46,,,1,70,,1128600,46,,,1,30,,1128604,46,,,1,99,,1128609,46,,,1,100,,1128613,46,,,1,100,,1128614,46,,,1,100,,1128611,46,,,1
3101,'2',704,,1128643,46,,,1,30,,1128637,46,,,1,70,,1128620,46,,,1,30,,1128628,46,,,1,71,,1128652,46,,,1,30,,1128632,46,,,1,70,,1128633,46,,,1,30,,1128646,46,,,1,72,,1128634,46,,,1,30,,1128622,46,,,1,70,,1128629,46,,,1,39,,1128636,46,,,1,62,,1128650,46,,,1,30,,1128644,46,,,1,70,,1128639,46,,,1,30,,1128640,46,,,1,70,,1128653,46,,,1,30,,1128625,46,,,1,78,,1128642,46,,,1,22,,1128635,46,,,1,70,,1128631,46,,,1,30,,1128630,46,,,1,70,,1128649,46,,,1,27,,1128645,46,,,1,70,,1128621,46,,,1,30,,1128624,46,,,1,70,,1128648,46,,,1,29,,1128651,46,,,1,70,,1128627,46,,,1,30,,1128626,46,,,1,70,,1128623,46,,,1,30,,1128647,46,,,1,70,,1128641,46,,,1,100,,1128638,46,,,1
3101,'3',839,,1128661,46,,,1,101,,1128667,46,,,1,100,,1128677,46,,,1,72,,1128657,46,,,1,30,,1128660,46,,,1,70,,1128662,46,,,1,31,,1128654,46,,,1,70,,1128676,46,,,1,30,,1128664,46,,,1,70,,1128666,46,,,1,30,,1128675,46,,,1,70,,1128655,46,,,1,30,,1128678,46,,,1,70,,1128658,46,,,1,30,,1128669,46,,,1,70,,1128674,46,,,1,30,,1128665,46,,,1,70,,1128656,46,,,1,27,,1128671,46,,,1,70,,1128659,46,,,1,30,,1128663,46,,,1,99,,1128668,46,,,1,100,,1128672,46,,,1,100,,1128673,46,,,1,100,,1128670,46,,,1
3101,'4',839,,1128694,46,,,1,101,,1128697,46,,,1,100,,1128688,46,,,1,72,,1128680,46,,,1,30,,1128701,46,,,1,70,,1128684,46,,,1,31,,1128687,46,,,1,70,,1009676,46,,,1,30,,1128685,46,,,1,70,,1128690,46,,,1,30,,1128699,46,,,1,70,,1128686,46,,,1,30,,1128702,46,,,1,70,,1128682,46,,,1,30,,1128698,46,,,1,70,,1128693,46,,,1,30,,1128692,46,,,1,70,,1128681,46,,,1,27,,1128700,46,,,1,70,,1128696,46,,,1,30,,1128689,46,,,1,99,,1128691,46,,,1,100,,1128695,46,,,1,100,,1128683,46,,,1,100,,1128679,46,,,1
3101,'5',631,,1128716,46,,,1,78,,1128728,46,,,1,30,,1128725,46,,,1,70,,1128720,46,,,1,33,,1128722,46,,,1,67,,1128719,46,,,1,26,,1128717,46,,,1,70,,1128710,46,,,1,30,,1128711,46,,,1,70,,1128705,46,,,1,30,,1128730,46,,,1,70,,1128712,46,,,1,31,,1128732,46,,,1,70,,1128727,46,,,1,30,,1128731,46,,,1,70,,1128715,46,,,1,30,,1128729,46,,,1,73,,1128703,46,,,1,103,,1128706,46,,,1,29,,1128733,46,,,1,71,,1128708,46,,,1,29,,1001652,46,,,1,70,,1128726,46,,,1,27,,1128707,46,,,1,67,,1128713,46,,,1,27,,1066917,46,,,1,70,,1128714,46,,,1,28,,1128723,46,,,1,70,,1128704,46,,,1,29,,1128709,46,,,1,30,,1128721,46,,,1,63,,1128718,46,,,1
3101,'6',631,,1128739,46,,,1,78,,1128756,46,,,1,30,,1128745,46,,,1,70,,1128749,46,,,1,33,,1128746,46,,,1,67,,1128762,46,,,1,26,,1128751,46,,,1,70,,1128761,46,,,1,30,,1128753,46,,,1,70,,1128754,46,,,1,30,,1128742,46,,,1,70,,1128748,46,,,1,31,,1066276,46,,,1,70,,1128755,46,,,1,30,,1074595,46,,,1,70,,1128750,46,,,1,30,,1128752,46,,,1,73,,1128759,46,,,1,103,,1128734,46,,,1,29,,1043987,46,,,1,71,,1128740,46,,,1,29,,1128757,46,,,1,70,,1065880,46,,,1,27,,1128760,46,,,1,67,,1128758,46,,,1,27,,1128738,46,,,1,70,,1128747,46,,,1,28,,1128737,46,,,1,70,,1128736,46,,,1,29,,1128735,46,,,1,30,,1128741,46,,,1,63,,1128763,46,,,1
3101,'7',704,,1128780,46,,,1,30,,1128783,46,,,1,70,,1128777,46,,,1,30,,1128768,46,,,1,71,,1128779,46,,,1,30,,1128791,46,,,1,70,,1128775,46,,,1,30,,1128785,46,,,1,72,,1128771,46,,,1,30,,1128778,46,,,1,70,,1128788,46,,,1,39,,1128786,46,,,1,62,,1128794,46,,,1,30,,1128784,46,,,1,70,,1128767,46,,,1,30,,1128789,46,,,1,70,,1128792,46,,,1,30,,1128764,46,,,1,78,,1128796,46,,,1,22,,1128770,46,,,1,70,,1128787,46,,,1,30,,1128769,46,,,1,70,,1128782,46,,,1,27,,1128774,46,,,1,70,,1128766,46,,,1,30,,1128790,46,,,1,70,,1128781,46,,,1,29,,1128795,46,,,1,70,,1128773,46,,,1,30,,1128776,46,,,1,70,,1128797,46,,,1,30,,1128793,46,,,1,70,,1128765,46,,,1,100,,1128772,46,,,1
3101,'8',631,,1128804,46,,,1,78,,1128823,46,,,1,30,,1128811,46,,,1,70,,1128815,46,,,1,33,,1128812,46,,,1,67,,1128829,46,,,1,26,,1128818,46,,,1,70,,1128828,46,,,1,30,,1128820,46,,,1,70,,1128821,46,,,1,30,,1128807,46,,,1,70,,1128814,46,,,1,31,,1128830,46,,,1,70,,1128822,46,,,1,30,,1128817,46,,,1,70,,1128816,46,,,1,30,,1128819,46,,,1,73,,1128826,46,,,1,103,,1128798,46,,,1,29,,1128810,46,,,1,71,,1128805,46,,,1,29,,1128824,46,,,1,70,,1128801,46,,,1,27,,1128827,46,,,1,67,,1128825,46,,,1,27,,1128803,46,,,1,70,,1128813,46,,,1,28,,1128802,46,,,1,70,,1128800,46,,,1,29,,1128799,46,,,1,30,,1128806,46,,,1,63,,1128831,46,,,1
3101,'9',631,,1128845,46,,,1,78,,1128857,46,,,1,30,,1128854,46,,,1,70,,1128849,46,,,1,33,,1128851,46,,,1,67,,1128848,46,,,1,26,,1128846,46,,,1,70,,1128839,46,,,1,30,,1128840,46,,,1,70,,1128834,46,,,1,30,,1128859,46,,,1,70,,1128841,46,,,1,31,,1128861,46,,,1,70,,1128856,46,,,1,30,,1128860,46,,,1,70,,1128844,46,,,1,30,,1128858,46,,,1,73,,1128832,46,,,1,103,,1128835,46,,,1,29,,1128862,46,,,1,71,,1128837,46,,,1,29,,1002032,46,,,1,70,,1128855,46,,,1,27,,1128836,46,,,1,67,,1128842,46,,,1,27,,1066756,46,,,1,70,,1128843,46,,,1,28,,1128852,46,,,1,70,,1128833,46,,,1,29,,1128838,46,,,1,30,,1128850,46,,,1,63,,1128847,46,,,1
3901,'1',2335,,1135313,11,0,73,1,70,,1135305,11,0,73,1,30,,1071284,11,0,73,1,72,,1003818,11,0,73,1,30,,1135263,11,0,73,1,75,,1135259,39,0,73,1,33,,1135288,39,0,73,1,70,,1135294,39,0,73,1,30,,1135309,39,0,73,1
3901,'10',2335,,1135373,11,0,73,1,70,,1135365,11,0,73,1,30,,1071087,11,0,73,1,72,,1003975,11,0,73,1,30,,1135323,11,0,73,1,75,,1135319,39,0,73,1,33,,1135348,39,0,73,1,70,,1135354,39,0,73,1,30,,1135369,39,0,73,1
3901,'11',2335,,1135433,11,0,73,1,70,,1135425,11,0,73,1,30,,1071346,11,0,73,1,72,,1003770,11,0,73,1,30,,1135383,11,0,73,1,75,,1135379,39,0,73,1,33,,1135408,39,0,73,1,70,,1135414,39,0,73,1,30,,1135429,39,0,73,1
3901,'12',2335,,1135462,11,0,73,1,70,,1135444,11,0,73,1,30,,959729,11,0,73,1,72,,1135458,11,0,73,1,30,,1135470,11,0,73,1,75,,1135468,39,0,73,1,33,,1135495,39,0,73,1,70,,1083858,39,0,73,1,30,,1135463,39,0,73,1
3901,'13',2422,,1135522,39,0,137 26,1,30,,1135525,39,0,137 26,1,70,,1135539,39,0,137 26,1,30,,1135566,39,0,137 26,1,70,,1135533,39,0,137 26,1,30,,1135572,39,0,137 26,1,70,,1135537,39,0,137 26,1
3901,'14',2335,,1135655,11,0,73,1,70,,1135642,11,0,73,1,30,,1135651,11,0,73,1,72,,1135648,11,0,73,1,30,,1135591,11,0,73,1,75,,1135585,39,0,73,1,33,,1135625,39,0,73,1,70,,1135631,39,0,73,1,30,,1135646,39,0,73,1
3901,'15',2335,,1135720,11,0,73,1,70,,1135688,11,0,73,1,30,,1135679,11,0,73,1,72,,1135705,11,0,73,1,30,,1135664,11,0,73,1,75,,1135732,39,0,73,1,33,,1135673,39,0,73,1,70,,1135710,39,0,73,1,30,,1135725,39,0,73,1
3901,'16',2335,,1135763,11,0,73,1,70,,1135746,11,0,73,1,30,,1135752,11,0,73,1,72,,1135759,11,0,73,1,30,,1135771,11,0,73,1,75,,1135769,39,0,73,1,33,,1135797,39,0,73,1,70,,1135808,39,0,73,1,30,,1135764,39,0,73,1
3901,'17',2422,,1135827,39,0,137 26,1,30,,1135830,39,0,137 26,1,70,,1135845,39,0,137 26,1,30,,1135872,39,0,137 26,1,70,,1135839,39,0,137 26,1,30,,1135878,39,0,137 26,1,70,,1135843,39,0,137 26,1
3901,'2',2420,,1135944,11,0,137 26,1,30,,1135947,11,0,137 26,1,70,,1135900,11,0,137 26,1,30,,1135943,11,0,137 26,1,70,,1008927,11,0,137 26,1,84,,1135922,39,0,137 26,1,31,,1135926,39,0,137 26,1
3901,'3',2422,,1135971,39,0,137 26,1,30,,1135974,39,0,137 26,1,70,,1135989,39,0,137 26,1,30,,1136016,39,0,137 26,1,70,,1135983,39,0,137 26,1,30,,1136022,39,0,137 26,1,70,,1135987,39,0,137 26,1
3901,'4',2422,,1136042,39,0,137 26,1,30,,1097746,39,0,137 26,1,70,,1069982,39,0,137 26,1,30,,1136090,39,0,137 26,1,70,,1136041,39,0,137 26,1,30,,1136064,39,0,137 26,1,70,,1136070,39,0,137 26,1
3901,'5',2335,,1136148,11,0,73,1,70,,1136140,11,0,73,1,30,,1071250,11,0,73,1,72,,1003549,11,0,73,1,30,,1136098,11,0,73,1,75,,1136094,39,0,73,1,33,,1136123,39,0,73,1,70,,1136129,39,0,73,1,30,,1136144,39,0,73,1
3901,'6',2335,,1136169,11,0,73,1,70,,1136156,11,0,73,1,30,,1136157,11,0,73,1,72,,1136165,11,0,73,1,30,,1136176,11,0,73,1,75,,1136174,39,0,73,1,33,,1136200,39,0,73,1,70,,1136206,39,0,73,1,30,,1136170,39,0,73,1
3901,'7',2420,,1136210,11,0,137 26,1,30,,1136277,11,0,137 26,1,70,,1136211,11,0,137 26,1,30,,1136274,11,0,137 26,1,70,,1136255,11,0,137 26,1,84,,1136244,39,0,137 26,1,31,,1136239,39,0,137 26,1
3901,'8',2335,,1136317,11,0,73,1,70,,1136297,11,0,73,1,30,,1136303,11,0,73,1,72,,1136313,11,0,73,1,30,,1136325,11,0,73,1,75,,1136323,39,0,73,1,33,,1136351,39,0,73,1,70,,1136362,39,0,73,1,30,,1136318,39,0,73,1
3901,'9',2335,,1136425,11,0,73,1,70,,1136417,11,0,73,1,30,,1071149,11,0,73,1,72,,1003866,11,0,73,1,30,,1136375,11,0,73,1,75,,1136371,39,0,73,1,33,,1136400,39,0,73,1,70,,1136406,39,0,73,1,30,,1136421,39,0,73,1
13800,'1',620,,1188958,18,,,1,30,,1188965,18,,,1,72,,1188967,18,,,1,30,,1188962,18,,,1,70,,1188966,18,,,1,28,,1188970,18,,,1,70,,1188973,18,,,1,95,,1188964,18,,,1,100,,1188963,18,,,1,100,,1188974,18,,,1,100,,1068880,18,,,1,100,,1188968,18,,,1,107,,1188975,21,,,1,30,,1188960,21,,,1,70,,989460,21,,,1,30,,1188959,21,,,1,70,,1188972,21,,,1,30,,1188976,21,,,1,70,,1188956,18,,,1,98,,1188961,18,,,1,97,,1101496,18,,,1,95,,1188957,18,,,1,100,,1188971,18,,,1,100,,1188969,18,,,1
13800,'10',620,,1188979,18,,,1,30,,1188986,18,,,1,72,,1188988,18,,,1,30,,1188983,18,,,1,70,,1188987,18,,,1,28,,1188991,18,,,1,70,,1188994,18,,,1,95,,1188985,18,,,1,100,,1188984,18,,,1,100,,1188995,18,,,1,100,,1068735,18,,,1,100,,1188989,18,,,1,107,,1188996,21,,,1,30,,1188981,21,,,1,70,,989272,21,,,1,30,,1188980,21,,,1,70,,1188993,21,,,1,30,,1188997,21,,,1,70,,1188977,18,,,1,98,,1188982,18,,,1,97,,1101484,18,,,1,95,,1188978,18,,,1,100,,1188992,18,,,1,100,,1188990,18,,,1
13800,'11',620,,1189000,18,,,1,30,,1189007,18,,,1,72,,1189009,18,,,1,30,,1189004,18,,,1,70,,1189008,18,,,1,28,,1189012,18,,,1,70,,1189015,18,,,1,95,,1189006,18,,,1,100,,1189005,18,,,1,100,,1189016,18,,,1,100,,1068922,18,,,1,100,,1189010,18,,,1,107,,1189017,21,,,1,30,,1189002,21,,,1,70,,989432,21,,,1,30,,1189001,21,,,1,70,,1189014,21,,,1,30,,1189018,21,,,1,70,,1188998,18,,,1,98,,1189003,18,,,1,97,,1101500,18,,,1,95,,1188999,18,,,1,100,,1189013,18,,,1,100,,1189011,18,,,1
13800,'12',620,,1189028,18,,,1,30,,1189020,18,,,1,72,,1189019,18,,,1,30,,1189035,18,,,1,70,,964967,18,,,1,28,,1189031,18,,,1,70,,1189022,18,,,1,95,,1189033,18,,,1,100,,1189034,18,,,1,100,,1189029,18,,,1,100,,1189021,18,,,1,100,,1100688,18,,,1,107,,1189023,21,,,1,30,,1189030,21,,,1,70,,1189039,21,,,1,30,,1189037,21,,,1,70,,1189024,21,,,1,30,,1189027,21,,,1,70,,1094791,18,,,1,98,,1189032,18,,,1,97,,1189036,18,,,1,95,,1189038,18,,,1,100,,1189026,18,,,1,100,,1189025,18,,,1
13800,'13',914,,1189042,18,,,1,119,,1189051,18,,,1,100,,1189040,18,,,1,101,,1189049,18,,,1,100,,1189041,18,,,1,100,,1189048,18,,,1,100,,1189043,18,,,1,100,,1189047,18,,,1,100,,1189044,18,,,1,103,,1189050,18,,,1,97,,1189046,18,,,1,100,,1189045,18,,,1
13800,'14',620,,1189056,18,,,1,30,,1189063,18,,,1,72,,1189066,18,,,1,30,,1189060,18,,,1,70,,1189065,18,,,1,28,,1189069,18,,,1,70,,1189072,18,,,1,95,,1189062,18,,,1,100,,1189061,18,,,1,100,,1189073,18,,,1,100,,1189055,18,,,1,100,,1189067,18,,,1,107,,1189074,21,,,1,30,,1189058,21,,,1,70,,1189064,21,,,1,30,,1189057,21,,,1,70,,1189071,21,,,1,30,,1189075,21,,,1,70,,1189052,18,,,1,98,,1189059,18,,,1,97,,1189053,18,,,1,95,,1189054,18,,,1,100,,1189070,18,,,1,100,,1189068,18,,,1
13800,'15',620,,1189097,18,,,1,30,,1189096,18,,,1,72,,1189090,18,,,1,30,,1189094,18,,,1,70,,1189092,18,,,1,28,,1189080,18,,,1,70,,1189078,18,,,1,95,,1189076,18,,,1,100,,1189083,18,,,1,100,,1189093,18,,,1,100,,1189088,18,,,1,100,,1189095,18,,,1,107,,1189082,21,,,1,30,,1189087,21,,,1,70,,1189098,21,,,1,30,,1189077,21,,,1,70,,1189081,21,,,1,30,,1189079,21,,,1,70,,1189099,18,,,1,98,,1189091,18,,,1,97,,1189085,18,,,1,95,,1189089,18,,,1,100,,1189084,18,,,1,100,,1189086,18,,,1
13800,'16',620,,1189111,18,,,1,30,,1189103,18,,,1,72,,1189101,18,,,1,30,,1189118,18,,,1,70,,1189120,18,,,1,28,,1189114,18,,,1,70,,1189105,18,,,1,95,,1189116,18,,,1,100,,1189117,18,,,1,100,,1189112,18,,,1,100,,1189104,18,,,1,100,,1189100,18,,,1,107,,1189106,21,,,1,30,,1189113,21,,,1,70,,1189123,21,,,1,30,,1189121,21,,,1,70,,1189107,21,,,1,30,,1189110,21,,,1,70,,1189102,18,,,1,98,,1189115,18,,,1,97,,1189119,18,,,1,95,,1189122,18,,,1,100,,1189109,18,,,1,100,,1189108,18,,,1
13800,'17',914,,1189126,18,,,1,119,,1189135,18,,,1,100,,1189124,18,,,1,101,,1189133,18,,,1,100,,1189125,18,,,1,100,,1189132,18,,,1,100,,1189127,18,,,1,100,,1189131,18,,,1,100,,1189128,18,,,1,103,,1189134,18,,,1,97,,1189130,18,,,1,100,,1189129,18,,,1
13800,'2',732,,1189138,18,,,1,100,,1067176,18,,,1,100,,1189141,18,,,1,101,,1189139,18,,,1,100,,1189145,18,,,1,101,,1189136,18,,,1,100,,1189142,18,,,1,100,,1189148,18,,,1,100,,1189143,18,,,1,100,,1189144,18,,,1,100,,1005490,18,,,1,100,,1189146,18,,,1,100,,1189140,18,,,1,100,,1189137,18,,,1,98,,1189149,18,,,1,100,,1189147,18,,,1
13800,'3',914,,1189152,18,,,1,119,,1189161,18,,,1,100,,1189150,18,,,1,101,,1189159,18,,,1,100,,1189151,18,,,1,100,,1189158,18,,,1,100,,1189153,18,,,1,100,,1189157,18,,,1,100,,1189154,18,,,1,103,,1189160,18,,,1,97,,1189156,18,,,1,100,,1189155,18,,,1
13800,'4',914,,1189168,18,,,1,119,,997331,18,,,1,100,,1189172,18,,,1,101,,1189167,18,,,1,100,,1189162,18,,,1,100,,1189171,18,,,1,100,,1189164,18,,,1,100,,1189166,18,,,1,100,,1189170,18,,,1,103,,1189165,18,,,1,97,,1189169,18,,,1,100,,1189163,18,,,1
13800,'5',620,,1189175,18,,,1,30,,1189182,18,,,1,72,,1189184,18,,,1,30,,1189179,18,,,1,70,,1189183,18,,,1,28,,1189187,18,,,1,70,,1189190,18,,,1,95,,1189181,18,,,1,100,,1189180,18,,,1,100,,1189191,18,,,1,100,,1068860,18,,,1,100,,1189185,18,,,1,107,,1189192,21,,,1,30,,1189177,21,,,1,70,,989547,21,,,1,30,,1189176,21,,,1,70,,1189189,21,,,1,30,,1189193,21,,,1,70,,1189173,18,,,1,98,,1189178,18,,,1,97,,1101492,18,,,1,95,,1189174,18,,,1,100,,1189188,18,,,1,100,,1189186,18,,,1
13800,'6',620,,1189204,18,,,1,30,,1189196,18,,,1,72,,1090974,18,,,1,30,,1189211,18,,,1,70,,1189212,18,,,1,28,,1189207,18,,,1,70,,1189198,18,,,1,95,,1189209,18,,,1,100,,1189210,18,,,1,100,,1189205,18,,,1,100,,1189197,18,,,1,100,,1189194,18,,,1,107,,1189199,21,,,1,30,,1189206,21,,,1,70,,1078862,21,,,1,30,,1058546,21,,,1,70,,1189200,21,,,1,30,,1189203,21,,,1,70,,1189195,18,,,1,98,,1189208,18,,,1,97,,1026606,18,,,1,95,,1030129,18,,,1,100,,1189202,18,,,1,100,,1189201,18,,,1
13800,'7',732,,1189216,18,,,1,100,,1189215,18,,,1,100,,1189221,18,,,1,101,,1189213,18,,,1,100,,1189214,18,,,1,101,,1189223,18,,,1,100,,1189222,18,,,1,100,,1189218,18,,,1,100,,1189225,18,,,1,100,,1189226,18,,,1,100,,1189220,18,,,1,100,,1189227,18,,,1,100,,1189217,18,,,1,100,,1189224,18,,,1,98,,1189228,18,,,1,100,,1189219,18,,,1
13800,'8',620,,1189240,18,,,1,30,,1189232,18,,,1,72,,1189230,18,,,1,30,,1189247,18,,,1,70,,1189249,18,,,1,28,,1189243,18,,,1,70,,1189234,18,,,1,95,,1189245,18,,,1,100,,1189246,18,,,1,100,,1189241,18,,,1,100,,1189233,18,,,1,100,,1189229,18,,,1,107,,1189235,21,,,1,30,,1189242,21,,,1,70,,1189252,21,,,1,30,,1189250,21,,,1,70,,1189236,21,,,1,30,,1189239,21,,,1,70,,1189231,18,,,1,98,,1189244,18,,,1,97,,1189248,18,,,1,95,,1189251,18,,,1,100,,1189238,18,,,1,100,,1189237,18,,,1
13800,'9',620,,1189255,18,,,1,30,,1189262,18,,,1,72,,1189264,18,,,1,30,,1189259,18,,,1,70,,1189263,18,,,1,28,,1189267,18,,,1,70,,1189270,18,,,1,95,,1189261,18,,,1,100,,1189260,18,,,1,100,,1189271,18,,,1,100,,1068778,18,,,1,100,,1189265,18,,,1,107,,1189272,21,,,1,30,,1189257,21,,,1,70,,989519,21,,,1,30,,1189256,21,,,1,70,,1189269,21,,,1,30,,1189273,21,,,1,70,,1189253,18,,,1,98,,1189258,18,,,1,97,,1101488,18,,,1,95,,1189254,18,,,1,100,,1189268,18,,,1,100,,1189266,18,,,1
63401,'1',1454,,1199362,38,,,1
63401,'10',1454,,1199363,38,,,1
63401,'11',1454,,1199364,38,,,1
63401,'12',1454,,1064009,38,,,1
63401,'14',1454,,1199365,38,,,1
63401,'15',1454,,1199366,38,,,1
63401,'16',1454,,1199367,38,,,1
63401,'5',1454,,1199368,38,,,1
63401,'6',1454,,1199369,38,,,1
63401,'8',1454,,1199370,38,,,1
63401,'9',1454,,1199371,38,,,1
63701,'1',1512,,1063600,21,,,1
63701,'10',1512,,1063296,21,,,1
63701,'11',1512,,1063692,21,,,1
63701,'12',1512,,1199383,21,,,1
63701,'14',1512,,1199384,21,,,1
63701,'15',1512,,1199385,21,,,1
63701,'16',1512,,1199386,21,,,1
63701,'5',1512,,1063560,21,,,1
63701,'6',1512,,1199387,21,,,1
63701,'8',1512,,1199388,21,,,1
63701,'9',1512,,1063389,21,,,1
67801,'1',1520,,1200358,23,,,1
67801,'10',1520,,1200359,23,,,1
67801,'11',1520,,1200360,23,,,1
67801,'12',1520,,1200361,23,,,1
67801,'14',1520,,1200362,23,,,1
67801,'15',1520,,1200363,23,,,1
67801,'16',1520,,1073863,23,,,1
67801,'5',1520,,1200364,23,,,1
67801,'6',1520,,1200365,23,,,1
67801,'8',1520,,1200366,23,,,1
67801,'9',1520,,1200367,23,,,1
