1000,'1',613,,1111997,12,,,1,32,,1111998,12,,,1,71,,1067741,12,,,1,33,,1112008,12,,,1,69,,1112018,12,,,1,32,,1112041,12,,,1,70,,1063122,12,,,1,28,,1112010,12,,,1,68,,1112042,12,,,1,31,,1112017,12,,,1,70,,1112003,12,,,1,30,,1112038,12,,,1,70,,1112022,12,,,1,31,,1112033,12,,,1,70,,1111996,12,,,1,30,,1112028,12,,,1,71,,1112000,12,,,1,21,,1112013,1,0,105,1,7,,1112012,12,,,1,3,,1075540,11,0,82,1,72,,1112005,12,,,1,32,,1112021,12,,,1,72,,1112006,12,,,1,30,,1112016,12,,,1,69,,1112035,12,,,1,29,,1112029,12,,,1,69,,1112020,12,,,1,32,,1112027,12,,,1,66,,1112011,12,,,1,30,,1112019,12,,,1,68,,1112034,12,,,1,30,,1111994,12,,,1,70,,1112014,12,,,1,30,,1111992,12,,,1,70,,1112025,12,,,1,30,,1112004,12,,,1,65,,1112023,12,,,1
1000,'10',613,,1112049,12,,,1,32,,1112050,12,,,1,71,,1067690,12,,,1,33,,1112060,12,,,1,69,,1112070,12,,,1,32,,1112093,12,,,1,70,,1062780,12,,,1,28,,1112062,12,,,1,68,,1112094,12,,,1,31,,1112069,12,,,1,70,,1112055,12,,,1,30,,1112090,12,,,1,70,,1112074,12,,,1,31,,1112085,12,,,1,70,,1112048,12,,,1,30,,1112080,12,,,1,71,,1112052,12,,,1,21,,1112065,1,0,105,1,7,,1112064,12,,,1,3,,1075204,11,0,82,1,72,,1112057,12,,,1,32,,1112073,12,,,1,72,,1112058,12,,,1,30,,1112068,12,,,1,69,,1112087,12,,,1,29,,1112081,12,,,1,69,,1112072,12,,,1,32,,1112079,12,,,1,66,,1112063,12,,,1,30,,1112071,12,,,1,68,,1112086,12,,,1,30,,1112046,12,,,1,70,,1112066,12,,,1,30,,1112044,12,,,1,70,,1112077,12,,,1,30,,1112056,12,,,1,65,,1112075,12,,,1
1000,'11',613,,1112101,12,,,1,32,,1112102,12,,,1,71,,1067758,12,,,1,33,,1112112,12,,,1,69,,1112122,12,,,1,32,,1112145,12,,,1,70,,1063223,12,,,1,28,,1112114,12,,,1,68,,1112146,12,,,1,31,,1112121,12,,,1,70,,1112107,12,,,1,30,,1112142,12,,,1,70,,1112126,12,,,1,31,,1112137,12,,,1,70,,1112100,12,,,1,30,,1112132,12,,,1,71,,1112104,12,,,1,21,,1112117,1,0,105,1,7,,1112116,12,,,1,3,,1075632,11,0,82,1,72,,1112109,12,,,1,32,,1112125,12,,,1,72,,1112110,12,,,1,30,,1112120,12,,,1,69,,1112139,12,,,1,29,,1112133,12,,,1,69,,1112124,12,,,1,32,,1112131,12,,,1,66,,1112115,12,,,1,30,,1112123,12,,,1,68,,1112138,12,,,1,30,,1112098,12,,,1,70,,1112118,12,,,1,30,,1112096,12,,,1,70,,1112129,12,,,1,30,,1112108,12,,,1,65,,1112127,12,,,1
1000,'12',613,,1112192,12,,,1,32,,1112180,12,,,1,71,,1112176,12,,,1,33,,1112148,12,,,1,69,,1112175,12,,,1,32,,1112167,12,,,1,70,,1002218,12,,,1,28,,1112169,12,,,1,68,,1112149,12,,,1,31,,1112183,12,,,1,70,,1112200,12,,,1,30,,1112157,12,,,1,70,,1112198,12,,,1,31,,1112159,12,,,1,70,,1112150,12,,,1,30,,1112196,12,,,1,71,,1112187,12,,,1,21,,1112189,1,0,105,1,7,,1112151,12,,,1,3,,1112174,11,0,82,1,72,,1112188,12,,,1,32,,1112164,12,,,1,72,,1112166,12,,,1,30,,1112177,12,,,1,69,,1112194,12,,,1,29,,1112156,12,,,1,69,,1023118,12,,,1,32,,1112170,12,,,1,66,,1112199,12,,,1,30,,1112201,12,,,1,68,,1060814,12,,,1,30,,1112161,12,,,1,70,,1087160,12,,,1,30,,1112162,12,,,1,70,,1112152,12,,,1,30,,1067952,12,,,1,65,,1112160,12,,,1
1000,'13',747,,1048726,12,,,1,70,,1112209,12,,,1,30,,1112226,12,,,1,70,,1112202,12,,,1,30,,1112204,12,,,1,70,,1084664,12,,,1,30,,1112207,12,,,1,70,,1112214,12,,,1,30,,1112225,12,,,1,70,,1112232,12,,,1,30,,1064845,12,,,1,70,,1067888,12,,,1,30,,1112231,12,,,1,70,,1112228,12,,,1,30,,1112216,12,,,1,70,,1112223,12,,,1,30,,1112221,12,,,1,70,,1063463,12,,,1,30,,1112229,12,,,1,70,,1112222,12,,,1,30,,1112215,12,,,1,70,,1074443,12,,,1
1000,'14',613,,1112244,12,,,1,32,,1112245,12,,,1,71,,1112246,12,,,1,33,,1112256,12,,,1,69,,1112266,12,,,1,32,,1112290,12,,,1,70,,1112285,12,,,1,28,,1112258,12,,,1,68,,1112291,12,,,1,31,,1112265,12,,,1,70,,1112251,12,,,1,30,,1112287,12,,,1,70,,1112270,12,,,1,31,,1112281,12,,,1,70,,1112243,12,,,1,30,,1112276,12,,,1,71,,1112248,12,,,1,21,,1112261,1,0,105,1,7,,1112260,12,,,1,3,,1112237,11,0,82,1,72,,1112253,12,,,1,32,,1112269,12,,,1,72,,1112254,12,,,1,30,,1112264,12,,,1,69,,1112283,12,,,1,29,,1112277,12,,,1,69,,1112268,12,,,1,32,,1112275,12,,,1,66,,1112259,12,,,1,30,,1112267,12,,,1,68,,1112282,12,,,1,30,,1112241,12,,,1,70,,1112262,12,,,1,30,,1112233,12,,,1,70,,1112273,12,,,1,30,,1112252,12,,,1,65,,1112271,12,,,1
1000,'15',613,,1112300,12,,,1,32,,1112314,12,,,1,71,,1112341,12,,,1,33,,1112318,12,,,1,69,,1112339,12,,,1,32,,1112337,12,,,1,70,,1112326,12,,,1,28,,1112333,12,,,1,68,,1112310,12,,,1,31,,1112334,12,,,1,70,,1112313,12,,,1,30,,1112328,12,,,1,70,,1112322,12,,,1,31,,1112335,12,,,1,70,,1112308,12,,,1,30,,1112295,12,,,1,71,,1112355,12,,,1,21,,1112352,1,0,105,1,7,,1112332,12,,,1,3,,1112312,11,0,82,1,72,,1112303,12,,,1,32,,1112344,12,,,1,72,,1112324,12,,,1,30,,1112315,12,,,1,69,,1112351,12,,,1,29,,1112317,12,,,1,69,,1112338,12,,,1,32,,1112306,12,,,1,66,,1112320,12,,,1,30,,1112348,12,,,1,68,,1112347,12,,,1,30,,1112340,12,,,1,70,,1112307,12,,,1,30,,1112299,12,,,1,70,,1112298,12,,,1,30,,1112304,12,,,1,65,,1112297,12,,,1
1000,'16',613,,1112408,12,,,1,32,,1112395,12,,,1,71,,1112391,12,,,1,33,,1112359,12,,,1,69,,1112390,12,,,1,32,,1112382,12,,,1,70,,1112357,12,,,1,28,,1112384,12,,,1,68,,1112360,12,,,1,31,,1112398,12,,,1,70,,1112415,12,,,1,30,,1112371,12,,,1,70,,1112414,12,,,1,31,,1112373,12,,,1,70,,1112361,12,,,1,30,,1112412,12,,,1,71,,1112402,12,,,1,21,,1112405,1,0,105,1,7,,1112364,12,,,1,3,,1112389,11,0,82,1,72,,1112403,12,,,1,32,,1112379,12,,,1,72,,1112381,12,,,1,30,,1112392,12,,,1,69,,1112410,12,,,1,29,,1112370,12,,,1,69,,1112404,12,,,1,32,,1112385,12,,,1,66,,1000396,12,,,1,30,,1112416,12,,,1,68,,1112368,12,,,1,30,,1112375,12,,,1,70,,1112378,12,,,1,30,,1112376,12,,,1,70,,1112365,12,,,1,30,,1112367,12,,,1,65,,1112374,12,,,1
1000,'17',747,,1112421,12,,,1,70,,1112427,12,,,1,30,,1112444,12,,,1,70,,1112418,12,,,1,30,,1112420,12,,,1,70,,1112454,12,,,1,30,,1112425,12,,,1,70,,1112432,12,,,1,30,,1112443,12,,,1,70,,1112452,12,,,1,30,,1112448,12,,,1,70,,1112417,12,,,1,30,,1112451,12,,,1,70,,1112447,12,,,1,30,,1112434,12,,,1,70,,1112441,12,,,1,30,,1112439,12,,,1,70,,1112446,12,,,1,30,,1112449,12,,,1,70,,1112440,12,,,1,30,,1112433,12,,,1,70,,1112422,12,,,1
1000,'2',742,,1112483,12,,,1,70,,1112477,12,,,1,30,,1112484,12,,,1,70,,1011566,12,,,1,30,,1112478,12,,,1,70,,1112455,12,,,1,30,,1078927,12,,,1,70,,1112463,12,,,1,30,,1112462,12,,,1,70,,1112490,12,,,1,30,,1112485,12,,,1,70,,1112491,12,,,1,30,,1112488,12,,,1,70,,1112487,12,,,1,30,,1112474,12,,,1,70,,1017772,12,,,1,30,,1112480,12,,,1,70,,1112473,12,,,1,30,,1112467,12,,,1,70,,1112489,12,,,1,30,,1072927,12,,,1,70,,1112482,12,,,1,30,,1112469,12,,,1,70,,1112459,12,,,1,30,,1112481,12,,,1,70,,1112457,12,,,1,30,,1112479,12,,,1,70,,1112471,12,,,1,30,,1112475,12,,,1,70,,1112486,12,,,1,30,,1112466,12,,,1,70,,1112461,12,,,1
1000,'3',747,,1112496,12,,,1,70,,1112502,12,,,1,30,,1112519,12,,,1,70,,1112493,12,,,1,30,,1112495,12,,,1,70,,1112529,12,,,1,30,,1112500,12,,,1,70,,1112507,12,,,1,30,,1112518,12,,,1,70,,1112527,12,,,1,30,,1112523,12,,,1,70,,1112492,12,,,1,30,,1112526,12,,,1,70,,1112522,12,,,1,30,,1112509,12,,,1,70,,1112516,12,,,1,30,,1112514,12,,,1,70,,1112521,12,,,1,30,,1112524,12,,,1,70,,1112515,12,,,1,30,,1112508,12,,,1,70,,1112497,12,,,1
1000,'4',747,,1112531,12,,,1,70,,1112550,12,,,1,30,,1112561,12,,,1,70,,1112562,12,,,1,30,,1112566,12,,,1,70,,1112539,12,,,1,30,,1112537,12,,,1,70,,1112543,12,,,1,30,,1112534,12,,,1,70,,1112535,12,,,1,30,,1112547,12,,,1,70,,1112557,12,,,1,30,,1112565,12,,,1,70,,1112563,12,,,1,30,,1112546,12,,,1,70,,1112554,12,,,1,30,,1112555,12,,,1,70,,1112549,12,,,1,30,,1112560,12,,,1,70,,1112542,12,,,1,30,,1112544,12,,,1,70,,1112559,12,,,1
1000,'5',613,,1112572,12,,,1,32,,1112573,12,,,1,71,,1067724,12,,,1,33,,1112583,12,,,1,69,,1112593,12,,,1,32,,1112616,12,,,1,70,,1063068,12,,,1,28,,1112585,12,,,1,68,,1112617,12,,,1,31,,1112592,12,,,1,70,,1112578,12,,,1,30,,1112613,12,,,1,70,,1112597,12,,,1,31,,1112608,12,,,1,70,,1112571,12,,,1,30,,1112603,12,,,1,71,,1112575,12,,,1,21,,1112588,1,0,105,1,7,,1112587,12,,,1,3,,1075498,11,0,82,1,72,,1112580,12,,,1,32,,1112596,12,,,1,72,,1112581,12,,,1,30,,1112591,12,,,1,69,,1112610,12,,,1,29,,1112604,12,,,1,69,,1112595,12,,,1,32,,1112602,12,,,1,66,,1112586,12,,,1,30,,1112594,12,,,1,68,,1112609,12,,,1,30,,1112569,12,,,1,70,,1112589,12,,,1,30,,1112567,12,,,1,70,,1112600,12,,,1,30,,1112579,12,,,1,65,,1112598,12,,,1
1000,'6',613,,1112662,12,,,1,32,,1112650,12,,,1,71,,1112646,12,,,1,33,,1102992,12,,,1,69,,1112645,12,,,1,32,,1112637,12,,,1,70,,1112619,12,,,1,28,,1112639,12,,,1,68,,1005076,12,,,1,31,,1112652,12,,,1,70,,1112667,12,,,1,30,,1112626,12,,,1,70,,1081459,12,,,1,31,,1112628,12,,,1,70,,929183,12,,,1,30,,1088319,12,,,1,71,,1112656,12,,,1,21,,1112659,1,0,105,1,7,,1100099,12,,,1,3,,1112644,11,0,82,1,72,,1112657,12,,,1,32,,1112634,12,,,1,72,,1112636,12,,,1,30,,1112647,12,,,1,69,,1112664,12,,,1,29,,1068101,12,,,1,69,,1112658,12,,,1,32,,1112640,12,,,1,66,,1112666,12,,,1,30,,1027716,12,,,1,68,,1112625,12,,,1,30,,1112630,12,,,1,70,,1112633,12,,,1,30,,1112631,12,,,1,70,,1061840,12,,,1,30,,1112624,12,,,1,65,,1112629,12,,,1
1000,'7',742,,1112698,12,,,1,70,,1112675,12,,,1,30,,1112689,12,,,1,70,,1112691,12,,,1,30,,1112692,12,,,1,70,,1112686,12,,,1,30,,1112668,12,,,1,70,,1112684,12,,,1,30,,1112705,12,,,1,70,,1112707,12,,,1,30,,1112694,12,,,1,70,,1112704,12,,,1,30,,1112687,12,,,1,70,,1112671,12,,,1,30,,1112697,12,,,1,70,,1112669,12,,,1,30,,1112670,12,,,1,70,,1112682,12,,,1,30,,1112696,12,,,1,70,,1112688,12,,,1,30,,1112703,12,,,1,70,,1112708,12,,,1,30,,1112685,12,,,1,70,,1112699,12,,,1,30,,1112672,12,,,1,70,,1112700,12,,,1,30,,1112679,12,,,1,70,,1112673,12,,,1,30,,1112695,12,,,1,70,,1112681,12,,,1,30,,1112677,12,,,1,70,,1112680,12,,,1
1000,'8',613,,1112761,12,,,1,32,,1112748,12,,,1,71,,1112744,12,,,1,33,,1112711,12,,,1,69,,1112743,12,,,1,32,,1112735,12,,,1,70,,1112709,12,,,1,28,,1112737,12,,,1,68,,1112712,12,,,1,31,,1112751,12,,,1,70,,1112769,12,,,1,30,,1112724,12,,,1,70,,1112767,12,,,1,31,,1112726,12,,,1,70,,1112713,12,,,1,30,,1112765,12,,,1,71,,1112755,12,,,1,21,,1112758,1,0,105,1,7,,1112716,12,,,1,3,,1112742,11,0,82,1,72,,1112756,12,,,1,32,,1112732,12,,,1,72,,1112734,12,,,1,30,,1112745,12,,,1,69,,1112763,12,,,1,29,,1112723,12,,,1,69,,1112757,12,,,1,32,,1112738,12,,,1,66,,1112768,12,,,1,30,,1112770,12,,,1,68,,1112721,12,,,1,30,,1112728,12,,,1,70,,1112731,12,,,1,30,,1112729,12,,,1,70,,1112717,12,,,1,30,,1112720,12,,,1,65,,1112727,12,,,1
1000,'9',613,,1112776,12,,,1,32,,1112777,12,,,1,71,,1067707,12,,,1,33,,1112787,12,,,1,69,,1112797,12,,,1,32,,1112820,12,,,1,70,,1062892,12,,,1,28,,1112789,12,,,1,68,,1112821,12,,,1,31,,1112796,12,,,1,70,,1112782,12,,,1,30,,1112817,12,,,1,70,,1112801,12,,,1,31,,1112812,12,,,1,70,,1112775,12,,,1,30,,1112807,12,,,1,71,,1112779,12,,,1,21,,1112792,1,0,105,1,7,,1112791,12,,,1,3,,1075302,11,0,82,1,72,,1112784,12,,,1,32,,1112800,12,,,1,72,,1112785,12,,,1,30,,1112795,12,,,1,69,,1112814,12,,,1,29,,1112808,12,,,1,69,,1112799,12,,,1,32,,1112806,12,,,1,66,,1112790,12,,,1,30,,1112798,12,,,1,68,,1112813,12,,,1,30,,1112773,12,,,1,70,,1112793,12,,,1,30,,1112771,12,,,1,70,,1112804,12,,,1,30,,1112783,12,,,1,65,,1112802,12,,,1
