1101,'1',454,,1114478,12,0,56 57,1,68,,1114464,12,0,56 57,1,33,,1090499,12,0,56 57,1,68,,1114434,12,0,56 57,1,15,,1114458,12,0,56 57,1,19,,1037703,12,0,56 57,1,56,,1114444,12,0,56 57,1,18,,1114449,12,0,56 57,1,17,,1114433,12,,,1,61,,1074518,12,0,56 57,1,20,,1114439,12,,,1,16,,1114459,12,0,56 57,1,61,,1114448,12,,,1,15,,1114461,12,0,56 57,1,15,,1114475,12,,,1,11,,1114428,12,0,56 57,1,55,,1079127,12,,,1,8,,1114460,12,,,1,13,,1114432,12,0,56 57,1,14,,1102945,12,0,56 57,1,16,,1114469,12,,,1,54,,1114470,12,0,56 57,1,17,,1114465,12,,,1,15,,1114454,12,0,56 57,1,15,,1114447,12,,,1,58,,1114477,12,0,56 57,1,15,,1114430,12,,,1,18,,1114438,12,0,56 57,1,13,,1114435,12,,,1,54,,1114474,12,0,56 57,1,14,,1114441,12,,,1,14,,1095223,12,0,56 57,1,15,,1073857,12,,,1,56,,1114457,12,0,56 57,1,14,,1027522,12,,,1,17,,1114468,12,0,56 57,1,15,,1114453,12,,,1,58,,1114451,12,0,56 57,1,14,,1114429,12,,,1,15,,1114455,12,0,56 57,1,75,,1114437,12,0,56 57,1,10,,867169,12,,,1,19,,1114436,12,0,56 57,1,54,,1114471,12,,,1,13,,1079572,12,0,56 57,1,16,,1114452,12,,,1,11,,1114463,12,0,56 57,1,15,,1114466,12,,,1,54,,1114462,12,0,56 57,1,15,,1114456,12,0,56 57,1,11,,1114467,12,,,1,16,,1114442,12,,,1,64,,956790,12,,,1,28,,1114440,12,,,1,65,,1114443,12,,,1,25,,1114473,12,0,56 57,1,70,,1114472,12,0,56 57,1,26,,1114431,12,0,56 57,1,26,,1114450,12,0,56 57,1,70,,1114476,12,0,56 57,1,31,,1073225,12,0,56 57,1,70,,1114446,12,0,56 57,1,29,,1114445,12,0,56 57,1,70,,1114427,12,0,56 57,1,31,,1081966,12,0,56 57,1
1101,'10',454,,1114530,12,0,56 57,1,68,,1114516,12,0,56 57,1,33,,1090342,12,0,56 57,1,68,,1114486,12,0,56 57,1,15,,1114510,12,0,56 57,1,19,,1037868,12,0,56 57,1,56,,1114496,12,0,56 57,1,18,,1114501,12,0,56 57,1,17,,1114485,12,,,1,61,,1074371,12,0,56 57,1,20,,1114491,12,,,1,16,,1114511,12,0,56 57,1,61,,1114500,12,,,1,15,,1114513,12,0,56 57,1,15,,1114527,12,,,1,11,,1114480,12,0,56 57,1,55,,1078873,12,,,1,8,,1114512,12,,,1,13,,1114484,12,0,56 57,1,14,,1102939,12,0,56 57,1,16,,1114521,12,,,1,54,,1114522,12,0,56 57,1,17,,1114517,12,,,1,15,,1114506,12,0,56 57,1,15,,1114499,12,,,1,58,,1114529,12,0,56 57,1,15,,1114482,12,,,1,18,,1114490,12,0,56 57,1,13,,1114487,12,,,1,54,,1114526,12,0,56 57,1,14,,1114493,12,,,1,14,,1094977,12,0,56 57,1,15,,1073716,12,,,1,56,,1114509,12,0,56 57,1,14,,1027604,12,,,1,17,,1114520,12,0,56 57,1,15,,1114505,12,,,1,58,,1114503,12,0,56 57,1,14,,1114481,12,,,1,15,,1114507,12,0,56 57,1,75,,1114489,12,0,56 57,1,10,,867234,12,,,1,19,,1114488,12,0,56 57,1,54,,1114523,12,,,1,13,,1079380,12,0,56 57,1,16,,1114504,12,,,1,11,,1114515,12,0,56 57,1,15,,1114518,12,,,1,54,,1114514,12,0,56 57,1,15,,1114508,12,0,56 57,1,11,,1114519,12,,,1,16,,1114494,12,,,1,64,,956527,12,,,1,28,,1114492,12,,,1,65,,1114495,12,,,1,25,,1114525,12,0,56 57,1,70,,1114524,12,0,56 57,1,26,,1114483,12,0,56 57,1,26,,1114502,12,0,56 57,1,70,,1114528,12,0,56 57,1,31,,1073097,12,0,56 57,1,70,,1114498,12,0,56 57,1,29,,1114497,12,0,56 57,1,70,,1114479,12,0,56 57,1,31,,1081806,12,0,56 57,1
1101,'11',454,,1114582,12,0,56 57,1,68,,1114568,12,0,56 57,1,33,,1090542,12,0,56 57,1,68,,1114538,12,0,56 57,1,15,,1114562,12,0,56 57,1,19,,1037654,12,0,56 57,1,56,,1114548,12,0,56 57,1,18,,1114553,12,0,56 57,1,17,,1114537,12,,,1,61,,1074561,12,0,56 57,1,20,,1114543,12,,,1,16,,1114563,12,0,56 57,1,61,,1114552,12,,,1,15,,1114565,12,0,56 57,1,15,,1114579,12,,,1,11,,1114532,12,0,56 57,1,55,,1079207,12,,,1,8,,1114564,12,,,1,13,,1114536,12,0,56 57,1,14,,1102947,12,0,56 57,1,16,,1114573,12,,,1,54,,1114574,12,0,56 57,1,17,,1114569,12,,,1,15,,1114558,12,0,56 57,1,15,,1114551,12,,,1,58,,1114581,12,0,56 57,1,15,,1114534,12,,,1,18,,1114542,12,0,56 57,1,13,,1114539,12,,,1,54,,1114578,12,0,56 57,1,14,,1114545,12,,,1,14,,1095297,12,0,56 57,1,15,,1073906,12,,,1,56,,1114561,12,0,56 57,1,14,,1027498,12,,,1,17,,1114572,12,0,56 57,1,15,,1114557,12,,,1,58,,1114555,12,0,56 57,1,14,,1114533,12,,,1,15,,1114559,12,0,56 57,1,75,,1114541,12,0,56 57,1,10,,867038,12,,,1,19,,1114540,12,0,56 57,1,54,,1114575,12,,,1,13,,1079631,12,0,56 57,1,16,,1114556,12,,,1,11,,1114567,12,0,56 57,1,15,,1114570,12,,,1,54,,1114566,12,0,56 57,1,15,,1114560,12,0,56 57,1,11,,1114571,12,,,1,16,,1114546,12,,,1,64,,956741,12,,,1,28,,1114544,12,,,1,65,,1114547,12,,,1,25,,1114577,12,0,56 57,1,70,,1114576,12,0,56 57,1,26,,1114535,12,0,56 57,1,26,,1114554,12,0,56 57,1,70,,1114580,12,0,56 57,1,31,,1073261,12,0,56 57,1,70,,1114550,12,0,56 57,1,29,,1114549,12,0,56 57,1,70,,1114531,12,0,56 57,1,31,,1082011,12,0,56 57,1
1101,'12',454,,1114635,12,0,56 57,1,68,,1114599,12,0,56 57,1,33,,1114616,12,0,56 57,1,68,,1114623,12,0,56 57,1,15,,1114620,12,0,56 57,1,19,,1114600,12,0,56 57,1,56,,938904,12,0,56 57,1,18,,1114603,12,0,56 57,1,17,,1114613,12,,,1,61,,1114585,12,0,56 57,1,20,,915086,12,,,1,16,,1114612,12,0,56 57,1,61,,1114633,12,,,1,15,,1114588,12,0,56 57,1,15,,1114617,12,,,1,11,,1114596,12,0,56 57,1,55,,1114601,12,,,1,8,,1114619,12,,,1,13,,1114592,12,0,56 57,1,14,,1114608,12,0,56 57,1,16,,1114597,12,,,1,54,,1018120,12,0,56 57,1,17,,1114587,12,,,1,15,,1114593,12,0,56 57,1,15,,1114624,12,,,1,58,,1114605,12,0,56 57,1,15,,1114606,12,,,1,18,,1114625,12,0,56 57,1,13,,1114590,12,,,1,54,,1114638,12,0,56 57,1,14,,1114589,12,,,1,14,,1114584,12,0,56 57,1,15,,1114604,12,,,1,56,,1114598,12,0,56 57,1,14,,1114609,12,,,1,17,,1114607,12,0,56 57,1,15,,1074025,12,,,1,58,,1114618,12,0,56 57,1,14,,1114611,12,,,1,15,,1114627,12,0,56 57,1,75,,1114631,12,0,56 57,1,10,,1114595,12,,,1,19,,1114641,12,0,56 57,1,54,,1114614,12,,,1,13,,1114636,12,0,56 57,1,16,,1052710,12,,,1,11,,1114628,12,0,56 57,1,15,,1114583,12,,,1,54,,1114634,12,0,56 57,1,15,,1114621,12,0,56 57,1,11,,1114602,12,,,1,16,,1114610,12,,,1,64,,1114591,12,,,1,28,,1114637,12,,,1,65,,1114629,12,,,1,25,,1114622,12,0,56 57,1,70,,1114630,12,0,56 57,1,26,,1114632,12,0,56 57,1,26,,1114615,12,0,56 57,1,70,,1114626,12,0,56 57,1,31,,1114586,12,0,56 57,1,70,,1087502,12,0,56 57,1,29,,1114594,12,0,56 57,1,70,,1114639,12,0,56 57,1,31,,1114640,12,0,56 57,1
1101,'13',700,,1114670,12,0,56 57,1,30,,1003737,12,0,56 57,1,70,,1114650,12,0,56 57,1,31,,1114652,12,,,1,70,,1114659,12,,,1,30,,1055334,12,,,1,70,,1114663,12,,,1,30,,1114644,12,,,1,70,,1114651,12,,,1,30,,1114643,12,,,1,70,,1114667,12,,,1,30,,1114661,12,,,1,70,,1069261,12,,,1,30,,1114664,12,,,1,70,,1114653,12,,,1,30,,1114662,12,,,1,70,,1114671,12,,,1,30,,1114656,12,,,1,70,,1114672,12,,,1,30,,1114673,12,,,1,70,,1114657,12,,,1,30,,1114649,12,,,1,70,,1114669,12,0,56 57,1,30,,1114647,12,0,56 57,1,70,,1114674,12,0,56 57,1,30,,1114665,12,0,56 57,1,27,,1114655,12,0,56 57,1,73,,1114642,12,0,56 57,1,70,,1114668,12,0,56 57,1,30,,1114645,12,0,56 57,1,70,,1114646,12,0,56 57,1,30,,1114658,12,0,56 57,1,70,,1114654,12,0,56 57,1,30,,1114660,12,0,56 57,1,70,,1114666,12,0,56 57,1,30,,1114648,12,0,56 57,1
1101,'14',454,,1114737,12,0,56 57,1,68,,1114719,12,0,56 57,1,33,,1114739,12,0,56 57,1,68,,1114687,12,0,56 57,1,15,,1114713,12,0,56 57,1,19,,1114690,12,0,56 57,1,56,,1114699,12,0,56 57,1,18,,1114704,12,0,56 57,1,17,,1114686,12,,,1,61,,1114679,12,0,56 57,1,20,,1114694,12,,,1,16,,1114714,12,0,56 57,1,61,,1114703,12,,,1,15,,1114716,12,0,56 57,1,15,,1114730,12,,,1,11,,1114676,12,0,56 57,1,55,,1114683,12,,,1,8,,1114715,12,,,1,13,,1114685,12,0,56 57,1,14,,1114692,12,0,56 57,1,16,,1114724,12,,,1,54,,1114725,12,0,56 57,1,17,,1114720,12,,,1,15,,1114709,12,0,56 57,1,15,,1114702,12,,,1,58,,1114735,12,0,56 57,1,15,,1114681,12,,,1,18,,1114693,12,0,56 57,1,13,,1114688,12,,,1,54,,1114729,12,0,56 57,1,14,,1114696,12,,,1,14,,1114733,12,0,56 57,1,15,,1114732,12,,,1,56,,1114712,12,0,56 57,1,14,,1114736,12,,,1,17,,1114723,12,0,56 57,1,15,,1114708,12,,,1,58,,1114706,12,0,56 57,1,14,,1114677,12,,,1,15,,1114710,12,0,56 57,1,75,,1114691,12,0,56 57,1,10,,1114678,12,,,1,19,,1114689,12,0,56 57,1,54,,1114726,12,,,1,13,,1114731,12,0,56 57,1,16,,1114707,12,,,1,11,,1114718,12,0,56 57,1,15,,1114721,12,,,1,54,,1114717,12,0,56 57,1,15,,1114711,12,0,56 57,1,11,,1114722,12,,,1,16,,1114697,12,,,1,64,,1114682,12,,,1,28,,1114695,12,,,1,65,,1114698,12,,,1,25,,1114728,12,0,56 57,1,70,,1114727,12,0,56 57,1,26,,1114684,12,0,56 57,1,26,,1114705,12,0,56 57,1,70,,1114734,12,0,56 57,1,31,,1114680,12,0,56 57,1,70,,1114701,12,0,56 57,1,29,,1114700,12,0,56 57,1,70,,1114675,12,0,56 57,1,31,,1114738,12,0,56 57,1
1101,'15',454,,1114796,12,0,56 57,1,68,,1114743,12,0,56 57,1,33,,1114790,12,0,56 57,1,68,,1114792,12,0,56 57,1,15,,1114789,12,0,56 57,1,19,,1114763,12,0,56 57,1,56,,1114793,12,0,56 57,1,18,,1114767,12,0,56 57,1,17,,1114769,12,,,1,61,,1114778,12,0,56 57,1,20,,1114756,12,,,1,16,,1114780,12,0,56 57,1,61,,1114750,12,,,1,15,,1114758,12,0,56 57,1,15,,1114741,12,,,1,11,,1114786,12,0,56 57,1,55,,1114751,12,,,1,8,,1114784,12,,,1,13,,1114766,12,0,56 57,1,14,,1114779,12,0,56 57,1,16,,1114745,12,,,1,54,,1114770,12,0,56 57,1,17,,1114798,12,,,1,15,,1114783,12,0,56 57,1,15,,1114801,12,,,1,58,,1114740,12,0,56 57,1,15,,1114800,12,,,1,18,,1114744,12,0,56 57,1,13,,1114754,12,,,1,54,,1114785,12,0,56 57,1,14,,1114762,12,,,1,14,,1114777,12,0,56 57,1,15,,1114753,12,,,1,56,,1114794,12,0,56 57,1,14,,1114803,12,,,1,17,,1114755,12,0,56 57,1,15,,1114765,12,,,1,58,,1114782,12,0,56 57,1,14,,1114746,12,,,1,15,,1114781,12,0,56 57,1,75,,1114775,12,0,56 57,1,10,,1114791,12,,,1,19,,1114774,12,0,56 57,1,54,,1114771,12,,,1,13,,1114776,12,0,56 57,1,16,,1114752,12,,,1,11,,1114747,12,0,56 57,1,15,,1114772,12,,,1,54,,1114757,12,0,56 57,1,15,,1114797,12,0,56 57,1,11,,1114764,12,,,1,16,,1114748,12,,,1,64,,1114799,12,,,1,28,,1114804,12,,,1,65,,1114749,12,,,1,25,,1114759,12,0,56 57,1,70,,1114795,12,0,56 57,1,26,,1114787,12,0,56 57,1,26,,1114788,12,0,56 57,1,70,,1114760,12,0,56 57,1,31,,1114761,12,0,56 57,1,70,,1114742,12,0,56 57,1,29,,1114768,12,0,56 57,1,70,,1114773,12,0,56 57,1,31,,1114802,12,0,56 57,1
1101,'16',454,,1114856,12,0,56 57,1,68,,1114820,12,0,56 57,1,33,,1114837,12,0,56 57,1,68,,1114844,12,0,56 57,1,15,,1114841,12,0,56 57,1,19,,1114821,12,0,56 57,1,56,,1114813,12,0,56 57,1,18,,1114825,12,0,56 57,1,17,,1006572,12,,,1,61,,1114809,12,0,56 57,1,20,,1114863,12,,,1,16,,1114834,12,0,56 57,1,61,,1114854,12,,,1,15,,1114811,12,0,56 57,1,15,,1114838,12,,,1,11,,1114817,12,0,56 57,1,55,,1114823,12,,,1,8,,1114840,12,,,1,13,,1114814,12,0,56 57,1,14,,1114830,12,0,56 57,1,16,,1114818,12,,,1,54,,1114822,12,0,56 57,1,17,,1114810,12,,,1,15,,1114815,12,0,56 57,1,15,,1114845,12,,,1,58,,1114827,12,0,56 57,1,15,,1114828,12,,,1,18,,1114846,12,0,56 57,1,13,,1097882,12,,,1,54,,1114859,12,0,56 57,1,14,,1092919,12,,,1,14,,1114808,12,0,56 57,1,15,,1114826,12,,,1,56,,1114819,12,0,56 57,1,14,,1114831,12,,,1,17,,1114829,12,0,56 57,1,15,,1114807,12,,,1,58,,1114839,12,0,56 57,1,14,,1114833,12,,,1,15,,1114848,12,0,56 57,1,75,,1114852,12,0,56 57,1,10,,1114816,12,,,1,19,,1071316,12,0,56 57,1,54,,1114835,12,,,1,13,,1114857,12,0,56 57,1,16,,1114806,12,,,1,11,,1114849,12,0,56 57,1,15,,1114805,12,,,1,54,,1114855,12,0,56 57,1,15,,1114842,12,0,56 57,1,11,,1114824,12,,,1,16,,1114832,12,,,1,64,,1114812,12,,,1,28,,1114858,12,,,1,65,,1114850,12,,,1,25,,1114843,12,0,56 57,1,70,,1114851,12,0,56 57,1,26,,1114853,12,0,56 57,1,26,,1114836,12,0,56 57,1,70,,1114847,12,0,56 57,1,31,,1094174,12,0,56 57,1,70,,1114862,12,0,56 57,1,29,,1075060,12,0,56 57,1,70,,1114860,12,0,56 57,1,31,,1114861,12,0,56 57,1
1101,'17',700,,1114893,12,0,56 57,1,30,,1114899,12,0,56 57,1,70,,1114873,12,0,56 57,1,31,,1114875,12,,,1,70,,1114882,12,,,1,30,,1114898,12,,,1,70,,1114886,12,,,1,30,,1114866,12,,,1,70,,1114874,12,,,1,30,,1114865,12,,,1,70,,1114890,12,,,1,30,,1114884,12,,,1,70,,1114871,12,,,1,30,,1114887,12,,,1,70,,1114876,12,,,1,30,,1114885,12,,,1,70,,1114894,12,,,1,30,,1114879,12,,,1,70,,1114895,12,,,1,30,,1114896,12,,,1,70,,1114880,12,,,1,30,,1114872,12,,,1,70,,1114892,12,0,56 57,1,30,,1114869,12,0,56 57,1,70,,1114897,12,0,56 57,1,30,,1114888,12,0,56 57,1,27,,1114878,12,0,56 57,1,73,,1114864,12,0,56 57,1,70,,1114891,12,0,56 57,1,30,,1114867,12,0,56 57,1,70,,1114868,12,0,56 57,1,30,,1114881,12,0,56 57,1,70,,1114877,12,0,56 57,1,30,,1114883,12,0,56 57,1,70,,1114889,12,0,56 57,1,30,,1114870,12,0,56 57,1
1101,'2',531,,1114927,12,0,56 57,1,70,,1114916,12,0,56 57,1,30,,1114906,12,0,56 57,1,70,,1024798,12,0,56 57,1,30,,1114910,12,0,56 57,1,70,,1114902,12,,,1,31,,1114908,12,,,1,70,,1114923,12,,,1,30,,1114920,12,,,1,70,,1114917,12,,,1,30,,1114912,12,,,1,71,,1114918,12,,,1,31,,1114911,12,,,1,70,,1114931,12,,,1,30,,1114913,12,,,1,70,,1114907,12,,,1,30,,1114929,12,,,1,70,,1114903,12,,,1,30,,997854,12,,,1,70,,1114905,12,,,1,30,,1114901,12,,,1,70,,1098457,12,,,1,30,,1114904,12,,,1,70,,1114926,12,,,1,30,,1114928,12,,,1,70,,1114922,12,,,1,30,,1114924,12,,,1,70,,1114914,12,,,1,30,,1114930,12,,,1,75,,1068981,12,0,56 57,1,30,,1114900,12,0,56 57,1,72,,1114915,12,0,56 57,1,31,,1114932,12,0,56 57,1,71,,1046150,12,0,56 57,1,31,,1081513,12,0,56 57,1,71,,1114925,12,0,56 57,1,31,,1114909,12,0,56 57,1,71,,1114921,12,0,56 57,1,31,,1114919,12,0,56 57,1,70,,935590,12,0,56 57,1
1101,'3',700,,1114962,12,0,56 57,1,30,,1114968,12,0,56 57,1,70,,1114942,12,0,56 57,1,31,,1114944,12,,,1,70,,1114951,12,,,1,30,,1114967,12,,,1,70,,1114955,12,,,1,30,,1114935,12,,,1,70,,1114943,12,,,1,30,,1114934,12,,,1,70,,1114959,12,,,1,30,,1114953,12,,,1,70,,1114940,12,,,1,30,,1114956,12,,,1,70,,1114945,12,,,1,30,,1114954,12,,,1,70,,1114963,12,,,1,30,,1114948,12,,,1,70,,1114964,12,,,1,30,,1114965,12,,,1,70,,1114949,12,,,1,30,,1114941,12,,,1,70,,1114961,12,0,56 57,1,30,,1114938,12,0,56 57,1,70,,1114966,12,0,56 57,1,30,,1114957,12,0,56 57,1,27,,1114947,12,0,56 57,1,73,,1114933,12,0,56 57,1,70,,1114960,12,0,56 57,1,30,,1114936,12,0,56 57,1,70,,1114937,12,0,56 57,1,30,,1114950,12,0,56 57,1,70,,1114946,12,0,56 57,1,30,,1114952,12,0,56 57,1,70,,1114958,12,0,56 57,1,30,,1114939,12,0,56 57,1
1101,'4',700,,1115002,12,0,56 57,1,30,,1114985,12,0,56 57,1,70,,1114971,12,0,56 57,1,31,,1114993,12,,,1,70,,1114989,12,,,1,30,,1114995,12,,,1,70,,1114975,12,,,1,30,,1114969,12,,,1,70,,1114972,12,,,1,30,,1114997,12,,,1,70,,1114992,12,,,1,30,,1114999,12,,,1,70,,1114978,12,,,1,30,,1114987,12,,,1,70,,1115003,12,,,1,30,,1114996,12,,,1,70,,1114974,12,,,1,30,,1114984,12,,,1,70,,1114998,12,,,1,30,,1115004,12,,,1,70,,1114976,12,,,1,30,,1114988,12,,,1,70,,1114983,12,0,56 57,1,30,,1114986,12,0,56 57,1,70,,1114979,12,0,56 57,1,30,,1115001,12,0,56 57,1,27,,1114982,12,0,56 57,1,73,,1114977,12,0,56 57,1,70,,1114970,12,0,56 57,1,30,,1114973,12,0,56 57,1,70,,1114991,12,0,56 57,1,30,,1114990,12,0,56 57,1,70,,1114994,12,0,56 57,1,30,,1115000,12,0,56 57,1,70,,1114980,12,0,56 57,1,30,,1114981,12,0,56 57,1
1101,'5',454,,1115056,12,0,56 57,1,68,,1115042,12,0,56 57,1,33,,1090475,12,0,56 57,1,68,,1115012,12,0,56 57,1,15,,1115036,12,0,56 57,1,19,,1037452,12,0,56 57,1,56,,1115022,12,0,56 57,1,18,,1115027,12,0,56 57,1,17,,1115011,12,,,1,61,,1074496,12,0,56 57,1,20,,1115017,12,,,1,16,,1115037,12,0,56 57,1,61,,1115026,12,,,1,15,,1115039,12,0,56 57,1,15,,1115053,12,,,1,11,,1115006,12,0,56 57,1,55,,1079082,12,,,1,8,,1115038,12,,,1,13,,1115010,12,0,56 57,1,14,,1102943,12,0,56 57,1,16,,1115047,12,,,1,54,,1115048,12,0,56 57,1,17,,1115043,12,,,1,15,,1115032,12,0,56 57,1,15,,1115025,12,,,1,58,,1115055,12,0,56 57,1,15,,1115008,12,,,1,18,,1115016,12,0,56 57,1,13,,1115013,12,,,1,54,,1115052,12,0,56 57,1,14,,1115019,12,,,1,14,,1095175,12,0,56 57,1,15,,1073833,12,,,1,56,,1115035,12,0,56 57,1,14,,1027379,12,,,1,17,,1115046,12,0,56 57,1,15,,1115031,12,,,1,58,,1115029,12,0,56 57,1,14,,1115007,12,,,1,15,,1115033,12,0,56 57,1,75,,1115015,12,0,56 57,1,10,,867430,12,,,1,19,,1115014,12,0,56 57,1,54,,1115049,12,,,1,13,,1079538,12,0,56 57,1,16,,1115030,12,,,1,11,,1115041,12,0,56 57,1,15,,1115044,12,,,1,54,,1115040,12,0,56 57,1,15,,1115034,12,0,56 57,1,11,,1115045,12,,,1,16,,1115020,12,,,1,64,,956943,12,,,1,28,,1115018,12,,,1,65,,1115021,12,,,1,25,,1115051,12,0,56 57,1,70,,1115050,12,0,56 57,1,26,,1115009,12,0,56 57,1,26,,1115028,12,0,56 57,1,70,,1115054,12,0,56 57,1,31,,1073205,12,0,56 57,1,70,,1115024,12,0,56 57,1,29,,1115023,12,0,56 57,1,70,,1115005,12,0,56 57,1,31,,1081936,12,0,56 57,1
1101,'6',454,,1115104,12,0,56 57,1,68,,1115070,12,0,56 57,1,33,,1115087,12,0,56 57,1,68,,1115093,12,0,56 57,1,15,,1115091,12,0,56 57,1,19,,1115071,12,0,56 57,1,56,,1115064,12,0,56 57,1,18,,1115074,12,0,56 57,1,17,,1115084,12,,,1,61,,1043208,12,0,56 57,1,20,,1115112,12,,,1,16,,1115083,12,0,56 57,1,61,,1115102,12,,,1,15,,1080541,12,0,56 57,1,15,,1115088,12,,,1,11,,1115067,12,0,56 57,1,55,,1115073,12,,,1,8,,1115090,12,,,1,13,,1102220,12,0,56 57,1,14,,1115079,12,0,56 57,1,16,,1115068,12,,,1,54,,1115072,12,0,56 57,1,17,,1115061,12,,,1,15,,1077119,12,0,56 57,1,15,,1115094,12,,,1,58,,1115076,12,0,56 57,1,15,,1115077,12,,,1,18,,1115095,12,0,56 57,1,13,,1115063,12,,,1,54,,1115107,12,0,56 57,1,14,,1115062,12,,,1,14,,1115059,12,0,56 57,1,15,,1115075,12,,,1,56,,1115069,12,0,56 57,1,14,,1115080,12,,,1,17,,1115078,12,0,56 57,1,15,,1115058,12,,,1,58,,1115089,12,0,56 57,1,14,,1115082,12,,,1,15,,1115097,12,0,56 57,1,75,,1115101,12,0,56 57,1,10,,1115066,12,,,1,19,,1115110,12,0,56 57,1,54,,1115085,12,,,1,13,,1115105,12,0,56 57,1,16,,1115057,12,,,1,11,,1115098,12,0,56 57,1,15,,1073680,12,,,1,54,,1115103,12,0,56 57,1,15,,1028235,12,0,56 57,1,11,,1052230,12,,,1,16,,1115081,12,,,1,64,,1022774,12,,,1,28,,1115106,12,,,1,65,,1115099,12,,,1,25,,1115092,12,0,56 57,1,70,,1115100,12,0,56 57,1,26,,1001096,12,0,56 57,1,26,,1115086,12,0,56 57,1,70,,1115096,12,0,56 57,1,31,,1115060,12,0,56 57,1,70,,1115111,12,0,56 57,1,29,,1115065,12,0,56 57,1,70,,1115108,12,0,56 57,1,31,,1115109,12,0,56 57,1
1101,'7',531,,1115139,12,0,56 57,1,70,,1115113,12,0,56 57,1,30,,1115152,12,0,56 57,1,70,,1115148,12,0,56 57,1,30,,1115142,12,0,56 57,1,70,,1115130,12,,,1,31,,1115140,12,,,1,70,,1115129,12,,,1,30,,1115141,12,,,1,70,,1115121,12,,,1,30,,1115146,12,,,1,71,,1115143,12,,,1,31,,1115132,12,,,1,70,,1115117,12,,,1,30,,1115149,12,,,1,70,,1115124,12,,,1,30,,1115123,12,,,1,70,,1115122,12,,,1,30,,1115138,12,,,1,70,,1115128,12,,,1,30,,1115119,12,,,1,70,,1115125,12,,,1,30,,1115114,12,,,1,70,,1115134,12,,,1,30,,1115137,12,,,1,70,,1115127,12,,,1,30,,1115120,12,,,1,70,,1115115,12,,,1,30,,1115126,12,,,1,75,,1115147,12,0,56 57,1,30,,1115133,12,0,56 57,1,72,,1115131,12,0,56 57,1,31,,1115116,12,0,56 57,1,71,,1115145,12,0,56 57,1,31,,1115151,12,0,56 57,1,71,,1115150,12,0,56 57,1,31,,1115144,12,0,56 57,1,71,,1115135,12,0,56 57,1,31,,1115118,12,0,56 57,1,70,,1115136,12,0,56 57,1
1101,'8',454,,1115209,12,0,56 57,1,68,,1115172,12,0,56 57,1,33,,1115190,12,0,56 57,1,68,,1115197,12,0,56 57,1,15,,1115194,12,0,56 57,1,19,,1115173,12,0,56 57,1,56,,1115164,12,0,56 57,1,18,,1115177,12,0,56 57,1,17,,1115187,12,,,1,61,,1115157,12,0,56 57,1,20,,1115217,12,,,1,16,,1115186,12,0,56 57,1,61,,1115207,12,,,1,15,,1115160,12,0,56 57,1,15,,1115191,12,,,1,11,,1115169,12,0,56 57,1,55,,1115175,12,,,1,8,,1115193,12,,,1,13,,1115165,12,0,56 57,1,14,,1115182,12,0,56 57,1,16,,1115170,12,,,1,54,,1115174,12,0,56 57,1,17,,1115159,12,,,1,15,,1115166,12,0,56 57,1,15,,1115198,12,,,1,58,,1115179,12,0,56 57,1,15,,1115180,12,,,1,18,,1115199,12,0,56 57,1,13,,1115162,12,,,1,54,,1115212,12,0,56 57,1,14,,1115161,12,,,1,14,,1115156,12,0,56 57,1,15,,1115178,12,,,1,56,,1115171,12,0,56 57,1,14,,1115183,12,,,1,17,,1115181,12,0,56 57,1,15,,1115155,12,,,1,58,,1115192,12,0,56 57,1,14,,1115185,12,,,1,15,,1115201,12,0,56 57,1,75,,1115205,12,0,56 57,1,10,,1115168,12,,,1,19,,1115215,12,0,56 57,1,54,,1115188,12,,,1,13,,1115210,12,0,56 57,1,16,,1115154,12,,,1,11,,1115202,12,0,56 57,1,15,,1115153,12,,,1,54,,1115208,12,0,56 57,1,15,,1115195,12,0,56 57,1,11,,1115176,12,,,1,16,,1115184,12,,,1,64,,1115163,12,,,1,28,,1115211,12,,,1,65,,1115203,12,,,1,25,,1115196,12,0,56 57,1,70,,1115204,12,0,56 57,1,26,,1115206,12,0,56 57,1,26,,1115189,12,0,56 57,1,70,,1115200,12,0,56 57,1,31,,1115158,12,0,56 57,1,70,,1115216,12,0,56 57,1,29,,1115167,12,0,56 57,1,70,,1115213,12,0,56 57,1,31,,1115214,12,0,56 57,1
1101,'9',454,,1115269,12,0,56 57,1,68,,1115255,12,0,56 57,1,33,,1090393,12,0,56 57,1,68,,1115225,12,0,56 57,1,15,,1115249,12,0,56 57,1,19,,1037752,12,0,56 57,1,56,,1115235,12,0,56 57,1,18,,1115240,12,0,56 57,1,17,,1115224,12,,,1,61,,1074415,12,0,56 57,1,20,,1115230,12,,,1,16,,1115250,12,0,56 57,1,61,,1115239,12,,,1,15,,1115252,12,0,56 57,1,15,,1115266,12,,,1,11,,1115219,12,0,56 57,1,55,,1078949,12,,,1,8,,1115251,12,,,1,13,,1115223,12,0,56 57,1,14,,1102941,12,0,56 57,1,16,,1115260,12,,,1,54,,1115261,12,0,56 57,1,17,,1115256,12,,,1,15,,1115245,12,0,56 57,1,15,,1115238,12,,,1,58,,1115268,12,0,56 57,1,15,,1115221,12,,,1,18,,1115229,12,0,56 57,1,13,,1115226,12,,,1,54,,1115265,12,0,56 57,1,14,,1115232,12,,,1,14,,1095051,12,0,56 57,1,15,,1073760,12,,,1,56,,1115248,12,0,56 57,1,14,,1027546,12,,,1,17,,1115259,12,0,56 57,1,15,,1115244,12,,,1,58,,1115242,12,0,56 57,1,14,,1115220,12,,,1,15,,1115246,12,0,56 57,1,75,,1115228,12,0,56 57,1,10,,867299,12,,,1,19,,1115227,12,0,56 57,1,54,,1115262,12,,,1,13,,1079439,12,0,56 57,1,16,,1115243,12,,,1,11,,1115254,12,0,56 57,1,15,,1115257,12,,,1,54,,1115253,12,0,56 57,1,15,,1115247,12,0,56 57,1,11,,1115258,12,,,1,16,,1115233,12,,,1,64,,956894,12,,,1,28,,1115231,12,,,1,65,,1115234,12,,,1,25,,1115264,12,0,56 57,1,70,,1115263,12,0,56 57,1,26,,1115222,12,0,56 57,1,26,,1115241,12,0,56 57,1,70,,1115267,12,0,56 57,1,31,,1073136,12,0,56 57,1,70,,1115237,12,0,56 57,1,29,,1115236,12,0,56 57,1,70,,1115218,12,0,56 57,1,31,,1081855,12,0,56 57,1
