4701,'1',1207,,1144669,22,,,1,310,,1144664,22,,,1,32,,1070606,22,,,1,69,,978409,22,,,1,29,,1144665,22,,,1,65,,1144666,22,,,1,34,,1144667,22,,,1,60,,1144668,22,,,1
4701,'10',1207,,1144675,22,,,1,310,,1144670,22,,,1,32,,1070420,22,,,1,69,,978050,22,,,1,29,,1144671,22,,,1,65,,1144672,22,,,1,34,,1144673,22,,,1,60,,1144674,22,,,1
4701,'11',1207,,1144681,22,,,1,310,,1144676,22,,,1,32,,1070660,22,,,1,69,,978350,22,,,1,29,,1144677,22,,,1,65,,1144678,22,,,1,34,,1144679,22,,,1,60,,1144680,22,,,1
4701,'12',1207,,1144684,22,,,1,310,,1144683,22,,,1,32,,1144686,22,,,1,69,,1144687,22,,,1,29,,1069300,22,,,1,65,,1144682,22,,,1,34,,1144685,22,,,1,60,,1073806,22,,,1
4701,'13',1208,,1144688,22,,,1
4701,'14',1207,,1144695,22,,,1,310,,1144690,22,,,1,32,,1144696,22,,,1,69,,1144689,22,,,1,29,,1144691,22,,,1,65,,1144692,22,,,1,34,,1144693,22,,,1,60,,1144694,22,,,1
4701,'15',1207,,1144701,22,,,1,310,,1144703,22,,,1,32,,1144702,22,,,1,69,,1144697,22,,,1,29,,1144698,22,,,1,65,,1144700,22,,,1,34,,1144699,22,,,1,60,,1144704,22,,,1
4701,'16',1207,,1144709,22,,,1,310,,1144708,22,,,1,32,,1144711,22,,,1,69,,1144712,22,,,1,29,,1144707,22,,,1,65,,1144705,22,,,1,34,,1144710,22,,,1,60,,1144706,22,,,1
4701,'17',1208,,1144713,22,,,1
4701,'2',1208,,1144714,22,,,1
4701,'3',1208,,1144715,22,,,1
4701,'4',1208,,1144716,22,,,1
4701,'5',1207,,1144722,22,,,1,310,,1144717,22,,,1,32,,1070570,22,,,1,69,,978600,22,,,1,29,,1144718,22,,,1,65,,1144719,22,,,1,34,,1144720,22,,,1,60,,1144721,22,,,1
4701,'6',1207,,1144726,22,,,1,310,,1144725,22,,,1,32,,1144728,22,,,1,69,,1050059,22,,,1,29,,1144724,22,,,1,65,,1070091,22,,,1,34,,1144727,22,,,1,60,,1144723,22,,,1
4701,'7',1208,,1144729,22,,,1
4701,'8',1207,,1144734,22,,,1,310,,1144733,22,,,1,32,,1144736,22,,,1,69,,1144737,22,,,1,29,,1144732,22,,,1,65,,1144730,22,,,1,34,,1144735,22,,,1,60,,1144731,22,,,1
4701,'9',1207,,1144743,22,,,1,310,,1144738,22,,,1,32,,1070479,22,,,1,69,,978541,22,,,1,29,,1144739,22,,,1,65,,1144740,22,,,1,34,,1144741,22,,,1,60,,1144742,22,,,1
