6301,'1',534,,1156552,25,,,1,73,,1156571,25,,,1,15,,1085596,25,,,1,13,,1038680,25,,,1,15,,1156547,25,,,1,54,,1156568,25,,,1,12,,1156554,25,,,1,15,,1156538,25,,,1,13,,1156573,25,,,1,57,,1156549,25,,,1,15,,1156532,25,,,1,15,,1156541,25,,,1,15,,1156533,25,,,1,55,,1156537,25,,,1,29,,1156551,25,,,1,70,,1156569,25,,,1,29,,1156565,25,,,1,30,,1156559,25,,,1,69,,1077012,25,,,1,29,,1093381,25,,,1,69,,1156544,25,,,1,30,,1156555,25,,,1,70,,1156570,25,,,1,32,,1080758,25,,,1,69,,1156556,25,,,1
6301,'10',534,,1156597,25,,,1,73,,1156616,25,,,1,15,,1085339,25,,,1,13,,1038768,25,,,1,15,,1156592,25,,,1,54,,1156613,25,,,1,12,,1156599,25,,,1,15,,1156583,25,,,1,13,,1156618,25,,,1,57,,1156594,25,,,1,15,,1156577,25,,,1,15,,1156586,25,,,1,15,,1156578,25,,,1,55,,1156582,25,,,1,29,,1156596,25,,,1,70,,1156614,25,,,1,29,,1156610,25,,,1,30,,1156604,25,,,1,69,,1076788,25,,,1,29,,1093065,25,,,1,69,,1156589,25,,,1,30,,1156600,25,,,1,70,,1156615,25,,,1,32,,1080585,25,,,1,69,,1156601,25,,,1
6301,'11',534,,1156642,25,,,1,73,,1156661,25,,,1,15,,1085676,25,,,1,13,,1038654,25,,,1,15,,1156637,25,,,1,54,,1156658,25,,,1,12,,1156644,25,,,1,15,,1156628,25,,,1,13,,1156663,25,,,1,57,,1156639,25,,,1,15,,1156622,25,,,1,15,,1156631,25,,,1,15,,1156623,25,,,1,55,,1156627,25,,,1,29,,1156641,25,,,1,70,,1156659,25,,,1,29,,1156655,25,,,1,30,,1156649,25,,,1,69,,1077078,25,,,1,29,,1093472,25,,,1,69,,1156634,25,,,1,30,,1156645,25,,,1,70,,1156660,25,,,1,32,,1080815,25,,,1,69,,1156646,25,,,1
6301,'12',534,,1156671,25,,,1,73,,1156697,25,,,1,15,,1156702,25,,,1,13,,1156683,25,,,1,15,,1156680,25,,,1,54,,1156706,25,,,1,12,,1156687,25,,,1,15,,1075441,25,,,1,13,,1156684,25,,,1,57,,1025524,25,,,1,15,,1156681,25,,,1,15,,1156670,25,,,1,15,,1156703,25,,,1,55,,1156708,25,,,1,29,,1156682,25,,,1,70,,1156668,25,,,1,29,,1156700,25,,,1,30,,1156699,25,,,1,69,,1156679,25,,,1,29,,1156678,25,,,1,69,,1156701,25,,,1,30,,1156694,25,,,1,70,,1156692,25,,,1,32,,1156665,25,,,1,69,,1156693,25,,,1
6301,'13',727,,1040927,25,,,1,100,,1156727,25,,,1,100,,1156732,25,,,1,102,,1156731,25,,,1,30,,1156737,25,,,1,70,,1156728,25,,,1,30,,1156734,25,,,1,70,,1156722,25,,,1,30,,1156730,25,,,1,70,,1156723,25,,,1,30,,1156714,25,,,1,70,,1156716,25,,,1,30,,1156736,25,,,1,70,,1156711,25,,,1,30,,1156733,25,,,1,70,,1156720,25,,,1,30,,1156718,25,,,1,70,,1156725,25,,,1,30,,1156726,25,,,1,70,,1156715,25,,,1,30,,1156713,25,,,1,69,,1156721,25,,,1,30,,1156729,25,,,1,70,,1156712,25,,,1,30,,1156717,25,,,1,70,,1156724,25,,,1,30,,1156719,25,,,1,70,,1075809,25,,,1,100,,1156735,25,,,1
6301,'14',534,,1156765,25,,,1,73,,1156786,25,,,1,15,,1156777,25,,,1,13,,1156745,25,,,1,15,,1156760,25,,,1,54,,1156782,25,,,1,12,,1156767,25,,,1,15,,1156751,25,,,1,13,,1156789,25,,,1,57,,1156762,25,,,1,15,,1156743,25,,,1,15,,1156754,25,,,1,15,,1156744,25,,,1,55,,1156750,25,,,1,29,,1156764,25,,,1,70,,1156783,25,,,1,29,,1156779,25,,,1,30,,1156772,25,,,1,69,,1156746,25,,,1,29,,1156738,25,,,1,69,,1156757,25,,,1,30,,1156768,25,,,1,70,,1156784,25,,,1,32,,1156790,25,,,1,69,,1156769,25,,,1
6301,'15',534,,1156819,25,,,1,73,,1156803,25,,,1,15,,1156817,25,,,1,13,,1156839,25,,,1,15,,1156813,25,,,1,54,,1156822,25,,,1,12,,1156836,25,,,1,15,,1156843,25,,,1,13,,1156841,25,,,1,57,,1156837,25,,,1,15,,1156793,25,,,1,15,,1156821,25,,,1,15,,1156812,25,,,1,55,,1156811,25,,,1,29,,1156802,25,,,1,70,,1156792,25,,,1,29,,1156805,25,,,1,30,,1156795,25,,,1,69,,1156824,25,,,1,29,,1156845,25,,,1,69,,1156830,25,,,1,30,,1156810,25,,,1,70,,1156844,25,,,1,32,,1156818,25,,,1,69,,1156815,25,,,1
6301,'16',534,,1156854,25,,,1,73,,1156881,25,,,1,15,,1156887,25,,,1,13,,1156866,25,,,1,15,,1156863,25,,,1,54,,1156892,25,,,1,12,,1156870,25,,,1,15,,1156847,25,,,1,13,,1156867,25,,,1,57,,1156848,25,,,1,15,,1156864,25,,,1,15,,1156853,25,,,1,15,,1156888,25,,,1,55,,1156894,25,,,1,29,,1156865,25,,,1,70,,1156852,25,,,1,29,,1156885,25,,,1,30,,1156884,25,,,1,69,,1156862,25,,,1,29,,1156861,25,,,1,69,,1156886,25,,,1,30,,1156876,25,,,1,70,,1156875,25,,,1,32,,1156849,25,,,1,69,,1093826,25,,,1
6301,'17',727,,1156898,25,,,1,100,,1156914,25,,,1,100,,1156919,25,,,1,102,,1156918,25,,,1,30,,1156924,25,,,1,70,,1156915,25,,,1,30,,1156921,25,,,1,70,,1156909,25,,,1,30,,1156917,25,,,1,70,,1156910,25,,,1,30,,1156901,25,,,1,70,,1156903,25,,,1,30,,1156923,25,,,1,70,,1156896,25,,,1,30,,1156920,25,,,1,70,,1156907,25,,,1,30,,1156905,25,,,1,70,,1156912,25,,,1,30,,1156913,25,,,1,70,,1156902,25,,,1,30,,1156900,25,,,1,69,,1156908,25,,,1,30,,1156916,25,,,1,70,,1156899,25,,,1,30,,1156904,25,,,1,70,,1156911,25,,,1,30,,1156906,25,,,1,70,,1156897,25,,,1,100,,1156922,25,,,1
6301,'2',728,,1156930,25,,,1,77,,1156931,25,,,1,30,,1077787,25,,,1,70,,1156953,25,,,1,30,,1156939,25,,,1,70,,1156941,25,,,1,31,,1156938,25,,,1,71,,1077786,25,,,1,30,,1156952,25,,,1,70,,1156947,25,,,1,30,,1156948,25,,,1,70,,1156944,25,,,1,30,,1156954,25,,,1,70,,1156933,25,,,1,30,,1156925,25,,,1,70,,1156935,25,,,1,30,,1156943,25,,,1,70,,1156945,25,,,1,30,,1156928,25,,,1,70,,1156929,25,,,1,30,,1075748,25,,,1,70,,1156955,25,,,1,30,,1156932,25,,,1,70,,1156936,25,,,1,29,,1156950,25,,,1,70,,1156927,25,,,1,30,,1156949,25,,,1,70,,1156951,25,,,1,30,,1156937,25,,,1,70,,1156940,25,,,1,30,,1156926,25,,,1,70,,1156934,25,,,1,30,,1156942,25,,,1,70,,1156946,25,,,1
6301,'3',727,,1156958,25,,,1,100,,1156974,25,,,1,100,,1156979,25,,,1,102,,1156978,25,,,1,30,,1156984,25,,,1,70,,1156975,25,,,1,30,,1156981,25,,,1,70,,1156969,25,,,1,30,,1156977,25,,,1,70,,1156970,25,,,1,30,,1156961,25,,,1,70,,1156963,25,,,1,30,,1156983,25,,,1,70,,1156956,25,,,1,30,,1156980,25,,,1,70,,1156967,25,,,1,30,,1156965,25,,,1,70,,1156972,25,,,1,30,,1156973,25,,,1,70,,1156962,25,,,1,30,,1156960,25,,,1,69,,1156968,25,,,1,30,,1156976,25,,,1,70,,1156959,25,,,1,30,,1156964,25,,,1,70,,1156971,25,,,1,30,,1156966,25,,,1,70,,1156957,25,,,1,100,,1156982,25,,,1
6301,'4',727,,1156995,25,,,1,100,,1157007,25,,,1,100,,1157002,25,,,1,102,,1156993,25,,,1,30,,1156991,25,,,1,70,,1007910,25,,,1,30,,1156987,25,,,1,70,,1156994,25,,,1,30,,1036777,25,,,1,70,,1157005,25,,,1,30,,1156989,25,,,1,70,,1156996,25,,,1,30,,1156988,25,,,1,70,,1156998,25,,,1,30,,994471,25,,,1,70,,1156999,25,,,1,30,,1062970,25,,,1,70,,1157001,25,,,1,30,,1156990,25,,,1,70,,1157006,25,,,1,30,,1157008,25,,,1,69,,1157003,25,,,1,30,,1156985,25,,,1,70,,1157000,25,,,1,30,,1156992,25,,,1,70,,1101121,25,,,1,30,,1156997,25,,,1,70,,1156986,25,,,1,100,,1157004,25,,,1
6301,'5',534,,1157032,25,,,1,73,,1157051,25,,,1,15,,1085552,25,,,1,13,,1038525,25,,,1,15,,1157027,25,,,1,54,,1157048,25,,,1,12,,1157034,25,,,1,15,,1157018,25,,,1,13,,1157053,25,,,1,57,,1157029,25,,,1,15,,1157012,25,,,1,15,,1157021,25,,,1,15,,1157013,25,,,1,55,,1157017,25,,,1,29,,1157031,25,,,1,70,,1157049,25,,,1,29,,1157045,25,,,1,30,,1157039,25,,,1,69,,1076968,25,,,1,29,,1093326,25,,,1,69,,1157024,25,,,1,30,,1157035,25,,,1,70,,1157050,25,,,1,32,,1080728,25,,,1,69,,1157036,25,,,1
6301,'6',534,,1157058,25,,,1,73,,1157085,25,,,1,15,,1157090,25,,,1,13,,1157070,25,,,1,15,,1157067,25,,,1,54,,1051288,25,,,1,12,,1157074,25,,,1,15,,1157055,25,,,1,13,,1157071,25,,,1,57,,1157056,25,,,1,15,,1157068,25,,,1,15,,1039255,25,,,1,15,,1157091,25,,,1,55,,1157095,25,,,1,29,,1157069,25,,,1,70,,1088301,25,,,1,29,,1157088,25,,,1,30,,1157087,25,,,1,69,,1157066,25,,,1,29,,1157065,25,,,1,69,,1157089,25,,,1,30,,1157080,25,,,1,70,,1053263,25,,,1,32,,1071759,25,,,1,69,,1157079,25,,,1
6301,'7',728,,1157109,25,,,1,77,,1157118,25,,,1,30,,1157119,25,,,1,70,,1157130,25,,,1,30,,1157111,25,,,1,70,,1157103,25,,,1,31,,1157116,25,,,1,71,,1157117,25,,,1,30,,1157107,25,,,1,70,,1157106,25,,,1,30,,1157125,25,,,1,70,,1157115,25,,,1,30,,1157112,25,,,1,70,,1157128,25,,,1,30,,1157098,25,,,1,70,,1157127,25,,,1,30,,1157113,25,,,1,70,,1157110,25,,,1,30,,1157108,25,,,1,70,,1157102,25,,,1,30,,1157101,25,,,1,70,,1157104,25,,,1,30,,1157105,25,,,1,70,,1157123,25,,,1,29,,1157100,25,,,1,70,,1157124,25,,,1,30,,1157122,25,,,1,70,,1157129,25,,,1,30,,1157120,25,,,1,70,,1157121,25,,,1,30,,1157114,25,,,1,70,,1157126,25,,,1,30,,1157097,25,,,1,70,,1157099,25,,,1
6301,'8',534,,1157140,25,,,1,73,,1157168,25,,,1,15,,1157174,25,,,1,13,,1157152,25,,,1,15,,1157149,25,,,1,54,,1157180,25,,,1,12,,1157156,25,,,1,15,,1157132,25,,,1,13,,1157153,25,,,1,57,,1157133,25,,,1,15,,1157150,25,,,1,15,,1157139,25,,,1,15,,1157175,25,,,1,55,,1157182,25,,,1,29,,1157151,25,,,1,70,,1157137,25,,,1,29,,1157172,25,,,1,30,,1157171,25,,,1,69,,1157148,25,,,1,29,,1157147,25,,,1,69,,1157173,25,,,1,30,,1157163,25,,,1,70,,1157161,25,,,1,32,,1157134,25,,,1,69,,1157162,25,,,1
6301,'9',534,,1157208,25,,,1,73,,1157227,25,,,1,15,,1085421,25,,,1,13,,1038706,25,,,1,15,,1157203,25,,,1,54,,1157224,25,,,1,12,,1157210,25,,,1,15,,1157194,25,,,1,13,,1157229,25,,,1,57,,1157205,25,,,1,15,,1157188,25,,,1,15,,1157197,25,,,1,15,,1157189,25,,,1,55,,1157193,25,,,1,29,,1157207,25,,,1,70,,1157225,25,,,1,29,,1157221,25,,,1,30,,1157215,25,,,1,69,,1076863,25,,,1,29,,1093170,25,,,1,69,,1157200,25,,,1,30,,1157211,25,,,1,70,,1157226,25,,,1,32,,1080639,25,,,1,69,,1157212,25,,,1
56300,'1',657,,1198458,5,,,1
56300,'10',657,,1198459,5,,,1
56300,'11',657,,1198460,5,,,1
56300,'12',657,,1198461,5,,,1
56300,'14',657,,1198462,5,,,1
56300,'15',657,,1198463,5,,,1
56300,'16',657,,1198464,5,,,1
56300,'5',657,,1198465,5,,,1
56300,'6',657,,1068479,5,,,1
56300,'8',657,,1198466,5,,,1
56300,'9',657,,1198467,5,,,1
67400,'1',736,,1069115,22,,,1,10,,1200144,22,,,1
67400,'10',736,,1068970,22,,,1,10,,1200148,22,,,1
67400,'11',736,,1069157,22,,,1,10,,1200152,22,,,1
67400,'12',736,,1200158,22,,,1,10,,1200157,22,,,1
67400,'14',736,,1200164,22,,,1,10,,1200163,22,,,1
67400,'15',736,,1200167,22,,,1,10,,1200170,22,,,1
67400,'16',736,,1200173,22,,,1,10,,1097157,22,,,1
67400,'5',736,,1069095,22,,,1,10,,1200177,22,,,1
67400,'6',736,,1200183,22,,,1,10,,1200182,22,,,1
67400,'8',736,,1200189,22,,,1,10,,1200188,22,,,1
67400,'9',736,,1069011,22,,,1,10,,1200193,22,,,1
68800,'1',707,,1064436,6,,,1
68800,'10',707,,1064275,6,,,1
68800,'11',707,,1064488,6,,,1
68800,'12',707,,1200557,6,,,1
68800,'14',707,,1200560,6,,,1
68800,'15',707,,1200562,6,,,1
68800,'16',707,,1200563,6,,,1
68800,'5',707,,1064411,6,,,1
68800,'6',707,,1103781,6,,,1
68800,'8',707,,1200567,6,,,1
68800,'9',707,,1064322,6,,,1
