11001,'1',555,,1185035,57,0,35,1,76,,1185058,57,0,35,1,70,,1185047,57,0,35,1,30,,1185051,57,0,35,1,70,,1185040,57,0,35,1,33,,1185053,57,0,35,1,70,,1185044,57,0,35,1,30,,1185039,57,0,35,1,66,,1185056,57,0,35,1,27,,1185061,57,0,35,1,30,,1063087,57,0,35,1,74,,1185048,57,0,35,1,70,,1185037,57,0,35,1,30,,1185059,57,0,35,1,28,,1185054,57,0,35,1,70,,1185049,57,0,35,1,71,,1185034,57,0,35,1,30,,1036958,57,0,35,1,70,,1185033,57,0,35,1,30,,1185052,57,0,35,1,77,,1185031,57,0,35,1,34,,1185046,57,0,35,1,73,,1185060,57,0,35,1,25,,1185041,57,0,35,1,70,,1185050,57,0,35,1,28,,1185057,57,0,35,1,66,,1185042,57,0,35,1,27,,1185043,57,0,35,1,22,,1185036,57,0,35,1,70,,1185055,57,0,35,1,30,,1185045,57,0,35,1
11001,'10',555,,1185066,57,0,35,1,76,,1185089,57,0,35,1,70,,1185078,57,0,35,1,30,,1185082,57,0,35,1,70,,1185071,57,0,35,1,33,,1185084,57,0,35,1,70,,1185075,57,0,35,1,30,,1185070,57,0,35,1,66,,1185087,57,0,35,1,27,,1185092,57,0,35,1,30,,1062745,57,0,35,1,74,,1185079,57,0,35,1,70,,1185068,57,0,35,1,30,,1185090,57,0,35,1,28,,1185085,57,0,35,1,70,,1185080,57,0,35,1,71,,1185065,57,0,35,1,30,,1037188,57,0,35,1,70,,1185064,57,0,35,1,30,,1185083,57,0,35,1,77,,1185062,57,0,35,1,34,,1185077,57,0,35,1,73,,1185091,57,0,35,1,25,,1185072,57,0,35,1,70,,1185081,57,0,35,1,28,,1185088,57,0,35,1,66,,1185073,57,0,35,1,27,,1185074,57,0,35,1,22,,1185067,57,0,35,1,70,,1185086,57,0,35,1,30,,1185076,57,0,35,1
11001,'11',555,,1185097,57,0,35,1,76,,1185120,57,0,35,1,70,,1185109,57,0,35,1,30,,1185113,57,0,35,1,70,,1185102,57,0,35,1,33,,1185115,57,0,35,1,70,,1185106,57,0,35,1,30,,1185101,57,0,35,1,66,,1185118,57,0,35,1,27,,1185123,57,0,35,1,30,,1063188,57,0,35,1,74,,1185110,57,0,35,1,70,,1185099,57,0,35,1,30,,1185121,57,0,35,1,28,,1185116,57,0,35,1,70,,1185111,57,0,35,1,71,,1185096,57,0,35,1,30,,1036891,57,0,35,1,70,,1185095,57,0,35,1,30,,1185114,57,0,35,1,77,,1185093,57,0,35,1,34,,1185108,57,0,35,1,73,,1185122,57,0,35,1,25,,1185103,57,0,35,1,70,,1185112,57,0,35,1,28,,1185119,57,0,35,1,66,,1185104,57,0,35,1,27,,1185105,57,0,35,1,22,,1185098,57,0,35,1,70,,1185117,57,0,35,1,30,,1185107,57,0,35,1
11001,'12',555,,936978,57,0,35,1,76,,1185127,57,0,35,1,70,,1185128,57,0,35,1,30,,1185125,57,0,35,1,70,,1185153,57,0,35,1,33,,1185143,57,0,35,1,70,,1185134,57,0,35,1,30,,1185150,57,0,35,1,66,,1185145,57,0,35,1,27,,1185137,57,0,35,1,30,,1185140,57,0,35,1,74,,1185147,57,0,35,1,70,,1185146,57,0,35,1,30,,1100693,57,0,35,1,28,,1185136,57,0,35,1,70,,1185152,57,0,35,1,71,,1185149,57,0,35,1,30,,1185135,57,0,35,1,70,,1185126,57,0,35,1,30,,1185131,57,0,35,1,77,,1185133,57,0,35,1,34,,1185132,57,0,35,1,73,,1185141,57,0,35,1,25,,1185129,57,0,35,1,70,,1185144,57,0,35,1,28,,1185142,57,0,35,1,66,,1185124,57,0,35,1,27,,1185138,57,0,35,1,22,,1185130,57,0,35,1,70,,1185139,57,0,35,1,30,,1094066,57,0,35,1
11001,'13',629,,1185158,58,0,35,1,30,,1185156,58,0,35,1,1071,,1185155,58,0,35,1,70,,1185159,58,0,35,1
11001,'14',555,,1185166,57,0,35,1,76,,1185189,57,0,35,1,70,,1185178,57,0,35,1,30,,1185182,57,0,35,1,70,,1185171,57,0,35,1,33,,1185184,57,0,35,1,70,,1185175,57,0,35,1,30,,1185170,57,0,35,1,66,,1185187,57,0,35,1,27,,1185192,57,0,35,1,30,,1185160,57,0,35,1,74,,1185179,57,0,35,1,70,,1185168,57,0,35,1,30,,1185190,57,0,35,1,28,,1185185,57,0,35,1,70,,1185180,57,0,35,1,71,,1185164,57,0,35,1,30,,1185165,57,0,35,1,70,,1185163,57,0,35,1,30,,1185183,57,0,35,1,77,,1185161,57,0,35,1,34,,1185177,57,0,35,1,73,,1185191,57,0,35,1,25,,1185172,57,0,35,1,70,,1185181,57,0,35,1,28,,1185188,57,0,35,1,66,,1185173,57,0,35,1,27,,1185174,57,0,35,1,22,,1185167,57,0,35,1,70,,1185186,57,0,35,1,30,,1185176,57,0,35,1
11001,'15',555,,1185218,57,0,35,1,76,,1185225,57,0,35,1,70,,1185207,57,0,35,1,30,,1185195,57,0,35,1,70,,1185200,57,0,35,1,33,,1185209,57,0,35,1,70,,1185194,57,0,35,1,30,,1185196,57,0,35,1,66,,1185212,57,0,35,1,27,,1185199,57,0,35,1,30,,1185205,57,0,35,1,74,,1185223,57,0,35,1,70,,1185215,57,0,35,1,30,,1185214,57,0,35,1,28,,1185211,57,0,35,1,70,,1185201,57,0,35,1,71,,1185197,57,0,35,1,30,,1185202,57,0,35,1,70,,1185217,57,0,35,1,30,,1185224,57,0,35,1,77,,1185204,57,0,35,1,34,,1185210,57,0,35,1,73,,1185216,57,0,35,1,25,,1185206,57,0,35,1,70,,1185213,57,0,35,1,28,,1185219,57,0,35,1,66,,1185193,57,0,35,1,27,,1185222,57,0,35,1,22,,1185220,57,0,35,1,70,,1185198,57,0,35,1,30,,1185221,57,0,35,1
11001,'16',555,,1185256,57,0,35,1,76,,1083917,57,0,35,1,70,,1185231,57,0,35,1,30,,1185228,57,0,35,1,70,,894323,57,0,35,1,33,,1185246,57,0,35,1,70,,1185237,57,0,35,1,30,,1185253,57,0,35,1,66,,1185248,57,0,35,1,27,,1185240,57,0,35,1,30,,1185243,57,0,35,1,74,,1185250,57,0,35,1,70,,1185249,57,0,35,1,30,,1185230,57,0,35,1,28,,1185239,57,0,35,1,70,,1185255,57,0,35,1,71,,1185252,57,0,35,1,30,,1185238,57,0,35,1,70,,1185229,57,0,35,1,30,,1185234,57,0,35,1,77,,1185236,57,0,35,1,34,,1185235,57,0,35,1,73,,1185244,57,0,35,1,25,,1185232,57,0,35,1,70,,1185247,57,0,35,1,28,,1185245,57,0,35,1,66,,1185227,57,0,35,1,27,,1185241,57,0,35,1,22,,1185233,57,0,35,1,70,,1185242,57,0,35,1,30,,1185226,57,0,35,1
11001,'17',629,,1185261,58,0,35,1,30,,1185259,58,0,35,1,1071,,1185258,58,0,35,1,70,,1185262,58,0,35,1
11001,'2',629,,1185265,58,0,35,1,30,,1185268,58,0,35,1,1071,,1185266,58,0,35,1,70,,1185267,58,0,35,1
11001,'3',629,,1185273,58,0,35,1,30,,1185271,58,0,35,1,1071,,1185270,58,0,35,1,70,,1185274,58,0,35,1
11001,'4',629,,1185277,58,0,35,1,30,,1185279,58,0,35,1,1071,,1185278,58,0,35,1,70,,1185275,58,0,35,1
11001,'5',555,,1185285,57,0,35,1,76,,1185308,57,0,35,1,70,,1185297,57,0,35,1,30,,1185301,57,0,35,1,70,,1185290,57,0,35,1,33,,1185303,57,0,35,1,70,,1185294,57,0,35,1,30,,1185289,57,0,35,1,66,,1185306,57,0,35,1,27,,1185311,57,0,35,1,30,,1063033,57,0,35,1,74,,1185298,57,0,35,1,70,,1185287,57,0,35,1,30,,1185309,57,0,35,1,28,,1185304,57,0,35,1,70,,1185299,57,0,35,1,71,,1185284,57,0,35,1,30,,1036543,57,0,35,1,70,,1185283,57,0,35,1,30,,1185302,57,0,35,1,77,,1185281,57,0,35,1,34,,1185296,57,0,35,1,73,,1185310,57,0,35,1,25,,1185291,57,0,35,1,70,,1185300,57,0,35,1,28,,1185307,57,0,35,1,66,,1185292,57,0,35,1,27,,1185293,57,0,35,1,22,,1185286,57,0,35,1,70,,1185305,57,0,35,1,30,,1185295,57,0,35,1
11001,'6',555,,1185333,57,0,35,1,76,,1185314,57,0,35,1,70,,1086771,57,0,35,1,30,,1043192,57,0,35,1,70,,1185334,57,0,35,1,33,,1185325,57,0,35,1,70,,1185318,57,0,35,1,30,,1080836,57,0,35,1,66,,1185327,57,0,35,1,27,,1185320,57,0,35,1,30,,1185323,57,0,35,1,74,,1185329,57,0,35,1,70,,1185328,57,0,35,1,30,,1185313,57,0,35,1,28,,1060066,57,0,35,1,70,,1070393,57,0,35,1,71,,1185331,57,0,35,1,30,,1185319,57,0,35,1,70,,947726,57,0,35,1,30,,1185315,57,0,35,1,77,,1185317,57,0,35,1,34,,1185316,57,0,35,1,73,,1101477,57,0,35,1,25,,1102787,57,0,35,1,70,,1185326,57,0,35,1,28,,1185324,57,0,35,1,66,,1026581,57,0,35,1,27,,1185321,57,0,35,1,22,,1085083,57,0,35,1,70,,1185322,57,0,35,1,30,,1185312,57,0,35,1
11001,'7',629,,1185339,58,0,35,1,30,,1185336,58,0,35,1,1071,,1185335,58,0,35,1,70,,1185338,58,0,35,1
11001,'8',555,,1185372,57,0,35,1,76,,1185346,57,0,35,1,70,,1185347,57,0,35,1,30,,1185343,57,0,35,1,70,,1185373,57,0,35,1,33,,1185362,57,0,35,1,70,,1185353,57,0,35,1,30,,1185369,57,0,35,1,66,,1185364,57,0,35,1,27,,1185356,57,0,35,1,30,,1185359,57,0,35,1,74,,1185366,57,0,35,1,70,,1185365,57,0,35,1,30,,1185345,57,0,35,1,28,,1185355,57,0,35,1,70,,1185371,57,0,35,1,71,,1185368,57,0,35,1,30,,1185354,57,0,35,1,70,,1185344,57,0,35,1,30,,1185350,57,0,35,1,77,,1185352,57,0,35,1,34,,1185351,57,0,35,1,73,,1185360,57,0,35,1,25,,1185348,57,0,35,1,70,,1185363,57,0,35,1,28,,1185361,57,0,35,1,66,,1185342,57,0,35,1,27,,1185357,57,0,35,1,22,,1185349,57,0,35,1,70,,1185358,57,0,35,1,30,,1185341,57,0,35,1
11001,'9',555,,1185378,57,0,35,1,76,,1185401,57,0,35,1,70,,1185390,57,0,35,1,30,,1185394,57,0,35,1,70,,1185383,57,0,35,1,33,,1185396,57,0,35,1,70,,1185387,57,0,35,1,30,,1185382,57,0,35,1,66,,1185399,57,0,35,1,27,,1185404,57,0,35,1,30,,1062857,57,0,35,1,74,,1185391,57,0,35,1,70,,1185380,57,0,35,1,30,,1185402,57,0,35,1,28,,1185397,57,0,35,1,70,,1185392,57,0,35,1,71,,1185377,57,0,35,1,30,,1037025,57,0,35,1,70,,1185376,57,0,35,1,30,,1185395,57,0,35,1,77,,1185374,57,0,35,1,34,,1185389,57,0,35,1,73,,1185403,57,0,35,1,25,,1185384,57,0,35,1,70,,1185393,57,0,35,1,28,,1185400,57,0,35,1,66,,1185385,57,0,35,1,27,,1185386,57,0,35,1,22,,1185379,57,0,35,1,70,,1185398,57,0,35,1,30,,1185388,57,0,35,1
16800,'1',533,,1192869,28,,,1,70,,1192863,28,,,1,28,,1192874,28,,,1,70,,1017304,28,,,1,29,,1192881,28,,,1,70,,1083600,28,,,1,30,,1012320,28,,,1,70,,1192859,28,,,1,31,,1192883,28,,,1,70,,942790,28,,,1,30,,1192867,28,,,1,70,,1192871,28,,,1,30,,1192861,28,,,1,70,,1192878,28,,,1,30,,1192860,28,,,1,70,,1192884,28,,,1,31,,1031308,28,,,1,70,,1192879,28,,,1,30,,1192864,28,,,1,69,,1192882,28,,,1,31,,1192872,28,,,1,71,,1192868,28,,,1,30,,1192862,28,,,1,70,,1192877,28,,,1,29,,1078721,28,,,1,69,,1192866,28,,,1,29,,1022454,28,,,1,29,,1012322,28,,,1,70,,1192875,28,,,1,30,,1090236,28,,,1,69,,1192870,28,,,1,29,,1192873,28,,,1,70,,1192865,28,,,1,104,,1192880,28,,,1,119,,1192876,28,,,1
16800,'10',533,,1192895,28,,,1,70,,1192889,28,,,1,28,,1192900,28,,,1,70,,1017472,28,,,1,29,,1192907,28,,,1,70,,1083361,28,,,1,30,,1012403,28,,,1,70,,1192885,28,,,1,31,,1192909,28,,,1,70,,942427,28,,,1,30,,1192893,28,,,1,70,,1192897,28,,,1,30,,1192887,28,,,1,70,,1192904,28,,,1,30,,1192886,28,,,1,70,,1192910,28,,,1,31,,1031392,28,,,1,70,,1192905,28,,,1,30,,1192890,28,,,1,69,,1192908,28,,,1,31,,1192898,28,,,1,71,,1192894,28,,,1,30,,1192888,28,,,1,70,,1192903,28,,,1,29,,1078457,28,,,1,69,,1192892,28,,,1,29,,1022581,28,,,1,29,,1012405,28,,,1,70,,1192901,28,,,1,30,,1090092,28,,,1,69,,1192896,28,,,1,29,,1192899,28,,,1,70,,1192891,28,,,1,104,,1192906,28,,,1,119,,1192902,28,,,1
16800,'11',533,,1192921,28,,,1,70,,1192915,28,,,1,28,,1192926,28,,,1,70,,1017253,28,,,1,29,,1192933,28,,,1,70,,1083670,28,,,1,30,,1012297,28,,,1,70,,1192911,28,,,1,31,,1192935,28,,,1,70,,942734,28,,,1,30,,1192919,28,,,1,70,,1192923,28,,,1,30,,1192913,28,,,1,70,,1192930,28,,,1,30,,1192912,28,,,1,70,,1192936,28,,,1,31,,1031282,28,,,1,70,,1192931,28,,,1,30,,1192916,28,,,1,69,,1192934,28,,,1,31,,1192924,28,,,1,71,,1192920,28,,,1,30,,1192914,28,,,1,70,,1192929,28,,,1,29,,1078801,28,,,1,69,,1192918,28,,,1,29,,1022415,28,,,1,29,,1012299,28,,,1,70,,1192927,28,,,1,30,,1090280,28,,,1,69,,1192922,28,,,1,29,,1192925,28,,,1,70,,1192917,28,,,1,104,,1192932,28,,,1,119,,1192928,28,,,1
16800,'12',533,,1192960,28,,,1,70,,1192942,28,,,1,28,,1192948,28,,,1,70,,1192954,28,,,1,29,,1192953,28,,,1,70,,1192963,28,,,1,30,,1192941,28,,,1,70,,1192951,28,,,1,31,,1192943,28,,,1,70,,1192959,28,,,1,30,,1037950,28,,,1,70,,1192961,28,,,1,30,,1192945,28,,,1,70,,1192947,28,,,1,30,,1192955,28,,,1,70,,1192938,28,,,1,31,,1192952,28,,,1,70,,1192962,28,,,1,30,,1192946,28,,,1,69,,1192950,28,,,1,31,,1052122,28,,,1,71,,1101373,28,,,1,30,,1192964,28,,,1,70,,942200,28,,,1,29,,1192944,28,,,1,69,,1192937,28,,,1,29,,1192958,28,,,1,29,,1192940,28,,,1,70,,1192957,28,,,1,30,,1192939,28,,,1,69,,1060551,28,,,1,29,,1192956,28,,,1,70,,1068847,28,,,1,104,,1192949,28,,,1,119,,1192965,28,,,1
16800,'13',648,,1080180,28,,,1,100,,1192969,28,,,1,100,,1192982,28,,,1,70,,1192966,28,,,1,31,,1192973,28,,,1,72,,1192987,28,,,1,30,,1192984,28,,,1,70,,1192970,28,,,1,30,,1192975,28,,,1,70,,1192983,28,,,1,30,,1192980,28,,,1,70,,1192985,28,,,1,30,,1192981,28,,,1,70,,1084963,28,,,1,30,,1192967,28,,,1,70,,1192971,28,,,1,30,,1192990,28,,,1,70,,1192979,28,,,1,30,,1192976,28,,,1,70,,1192974,28,,,1,30,,1192988,28,,,1,70,,1192972,28,,,1,30,,1192986,28,,,1,100,,1192968,28,,,1,97,,1064338,28,,,1,100,,1192989,28,,,1,100,,1192978,28,,,1,153,,1192977,28,,,1
16800,'14',533,,1193008,28,,,1,70,,1193002,28,,,1,28,,1193013,28,,,1,70,,1192992,28,,,1,29,,1193020,28,,,1,70,,1192999,28,,,1,30,,1192996,28,,,1,70,,1192991,28,,,1,31,,1193024,28,,,1,70,,1193022,28,,,1,30,,1193006,28,,,1,70,,1193010,28,,,1,30,,1192998,28,,,1,70,,1193017,28,,,1,30,,1192994,28,,,1,70,,1193025,28,,,1,31,,1193001,28,,,1,70,,1193018,28,,,1,30,,1193003,28,,,1,69,,1193023,28,,,1,31,,1193011,28,,,1,71,,1193007,28,,,1,30,,1193000,28,,,1,70,,1193016,28,,,1,29,,1193021,28,,,1,69,,1193005,28,,,1,29,,1192993,28,,,1,29,,1192997,28,,,1,70,,1193014,28,,,1,30,,1192995,28,,,1,69,,1193009,28,,,1,29,,1193012,28,,,1,70,,1193004,28,,,1,104,,1193019,28,,,1,119,,1193015,28,,,1
16800,'15',533,,1193033,28,,,1,70,,1193037,28,,,1,28,,1193046,28,,,1,70,,1193041,28,,,1,29,,1193047,28,,,1,70,,1193048,28,,,1,30,,1193032,28,,,1,70,,1193028,28,,,1,31,,1193038,28,,,1,70,,1193058,28,,,1,30,,1193060,28,,,1,70,,1193055,28,,,1,30,,1193059,28,,,1,70,,1193031,28,,,1,30,,1193036,28,,,1,70,,1193029,28,,,1,31,,1193030,28,,,1,70,,1193054,28,,,1,30,,1193045,28,,,1,69,,1193057,28,,,1,31,,1193052,28,,,1,71,,1193039,28,,,1,30,,1193027,28,,,1,70,,1193056,28,,,1,29,,1193050,28,,,1,69,,1193051,28,,,1,29,,1193053,28,,,1,29,,1193044,28,,,1,70,,1193043,28,,,1,30,,1193040,28,,,1,69,,1193042,28,,,1,29,,1193049,28,,,1,70,,1193034,28,,,1,104,,1193026,28,,,1,119,,1193035,28,,,1
16800,'16',533,,1090270,28,,,1,70,,1193070,28,,,1,28,,1193076,28,,,1,70,,1193082,28,,,1,29,,1193081,28,,,1,70,,1193092,28,,,1,30,,1193069,28,,,1,70,,1193079,28,,,1,31,,1193071,28,,,1,70,,1193087,28,,,1,30,,1193068,28,,,1,70,,1193088,28,,,1,30,,1193073,28,,,1,70,,1193075,28,,,1,30,,1193083,28,,,1,70,,1193064,28,,,1,31,,1193080,28,,,1,70,,1193089,28,,,1,30,,1193074,28,,,1,69,,1193078,28,,,1,31,,1193062,28,,,1,71,,1193090,28,,,1,30,,1083927,28,,,1,70,,1193061,28,,,1,29,,1193072,28,,,1,69,,1193063,28,,,1,29,,1193086,28,,,1,29,,1193067,28,,,1,70,,1193085,28,,,1,30,,1193066,28,,,1,69,,1193065,28,,,1,29,,1193084,28,,,1,70,,1193091,28,,,1,104,,1193077,28,,,1,119,,1193093,28,,,1
16800,'17',648,,1193097,28,,,1,100,,1193099,28,,,1,100,,1193112,28,,,1,70,,1193095,28,,,1,31,,1193103,28,,,1,72,,1193118,28,,,1,30,,1193115,28,,,1,70,,1193100,28,,,1,30,,1193105,28,,,1,70,,1193113,28,,,1,30,,1193110,28,,,1,70,,1193116,28,,,1,30,,1193111,28,,,1,70,,1193114,28,,,1,30,,1193096,28,,,1,70,,1193101,28,,,1,30,,1193121,28,,,1,70,,1193109,28,,,1,30,,1193106,28,,,1,70,,1193104,28,,,1,30,,1193119,28,,,1,70,,1193102,28,,,1,30,,1193117,28,,,1,100,,1193098,28,,,1,97,,1193094,28,,,1,100,,1193120,28,,,1,100,,1193108,28,,,1,153,,1193107,28,,,1
16800,'2',650,,1193127,28,,,1,100,,1193141,28,,,1,70,,1193132,28,,,1,30,,1193147,28,,,1,70,,1193142,28,,,1,30,,1193136,28,,,1,73,,1193124,28,,,1,30,,1193123,28,,,1,70,,1193149,28,,,1,30,,1193139,28,,,1,70,,1037542,28,,,1,30,,1193130,28,,,1,70,,1193126,28,,,1,30,,1193143,28,,,1,70,,1193145,28,,,1,30,,1193128,28,,,1,70,,1193144,28,,,1,30,,1193125,28,,,1,70,,1193133,28,,,1,30,,1193135,28,,,1,70,,1193140,28,,,1,30,,1193134,28,,,1,70,,1193131,28,,,1,30,,1090115,28,,,1,70,,1193129,28,,,1,30,,1086560,28,,,1,67,,1193137,28,,,1,30,,1193146,28,,,1,70,,1193150,28,,,1,30,,1193138,28,,,1,100,,1193122,28,,,1,160,,1193148,28,,,1
16800,'3',648,,1193154,28,,,1,100,,1193156,28,,,1,100,,1193169,28,,,1,70,,1193152,28,,,1,31,,1193160,28,,,1,72,,1193175,28,,,1,30,,1193172,28,,,1,70,,1193157,28,,,1,30,,1193162,28,,,1,70,,1193170,28,,,1,30,,1193167,28,,,1,70,,1193173,28,,,1,30,,1193168,28,,,1,70,,1193171,28,,,1,30,,1193153,28,,,1,70,,1193158,28,,,1,30,,1193178,28,,,1,70,,1193166,28,,,1,30,,1193163,28,,,1,70,,1193161,28,,,1,30,,1193176,28,,,1,70,,1193159,28,,,1,30,,1193174,28,,,1,100,,1193155,28,,,1,97,,1193151,28,,,1,100,,1193177,28,,,1,100,,1193165,28,,,1,153,,1193164,28,,,1
16800,'4',648,,1193184,28,,,1,100,,1193187,28,,,1,100,,1193192,28,,,1,70,,1193189,28,,,1,31,,1193198,28,,,1,72,,1193199,28,,,1,30,,1193190,28,,,1,70,,1193204,28,,,1,30,,1193201,28,,,1,70,,1193182,28,,,1,30,,1193203,28,,,1,70,,1193205,28,,,1,30,,1193194,28,,,1,70,,1193186,28,,,1,30,,1193181,28,,,1,70,,1193179,28,,,1,30,,1193193,28,,,1,70,,1193185,28,,,1,30,,1193180,28,,,1,70,,1193183,28,,,1,30,,1193196,28,,,1,70,,1193188,28,,,1,30,,1076211,28,,,1,100,,1193197,28,,,1,97,,1193200,28,,,1,100,,1193202,28,,,1,100,,1193195,28,,,1,153,,1193191,28,,,1
16800,'5',533,,1193216,28,,,1,70,,1193210,28,,,1,28,,1193221,28,,,1,70,,1017037,28,,,1,29,,1193228,28,,,1,70,,1083561,28,,,1,30,,1012176,28,,,1,70,,1193206,28,,,1,31,,1193230,28,,,1,70,,942962,28,,,1,30,,1193214,28,,,1,70,,1193218,28,,,1,30,,1193208,28,,,1,70,,1193225,28,,,1,30,,1193207,28,,,1,70,,1193231,28,,,1,31,,1031178,28,,,1,70,,1193226,28,,,1,30,,1193211,28,,,1,69,,1193229,28,,,1,31,,1193219,28,,,1,71,,1193215,28,,,1,30,,1193209,28,,,1,70,,1193224,28,,,1,29,,1078673,28,,,1,69,,1193213,28,,,1,29,,1022251,28,,,1,29,,1012178,28,,,1,70,,1193222,28,,,1,30,,1090213,28,,,1,69,,1193217,28,,,1,29,,1193220,28,,,1,70,,1193212,28,,,1,104,,1193227,28,,,1,119,,1193223,28,,,1
16800,'6',533,,1193255,28,,,1,70,,1193239,28,,,1,28,,1193243,28,,,1,70,,1193249,28,,,1,29,,1193248,28,,,1,70,,1102563,28,,,1,30,,1193238,28,,,1,70,,1193246,28,,,1,31,,1193240,28,,,1,70,,1193254,28,,,1,30,,1193237,28,,,1,70,,1041385,28,,,1,30,,1193241,28,,,1,70,,1193242,28,,,1,30,,1193250,28,,,1,70,,1193234,28,,,1,31,,1193247,28,,,1,70,,1020954,28,,,1,30,,972494,28,,,1,69,,1193245,28,,,1,31,,1193233,28,,,1,71,,1193256,28,,,1,30,,1193258,28,,,1,70,,1193232,28,,,1,29,,1092252,28,,,1,69,,1071758,28,,,1,29,,1193253,28,,,1,29,,1193236,28,,,1,70,,1193252,28,,,1,30,,1039604,28,,,1,69,,1193235,28,,,1,29,,1193251,28,,,1,70,,1193257,28,,,1,104,,1193244,28,,,1,119,,1042741,28,,,1
16800,'7',650,,1193277,28,,,1,100,,1193283,28,,,1,70,,1193270,28,,,1,30,,1193273,28,,,1,70,,1193271,28,,,1,30,,1193287,28,,,1,73,,1193265,28,,,1,30,,1193268,28,,,1,70,,1193286,28,,,1,30,,1193260,28,,,1,70,,1193282,28,,,1,30,,1193288,28,,,1,70,,1193272,28,,,1,30,,1193261,28,,,1,70,,1193259,28,,,1,30,,1193290,28,,,1,70,,1193285,28,,,1,30,,1193262,28,,,1,70,,1193267,28,,,1,30,,1193275,28,,,1,70,,1193280,28,,,1,30,,1193281,28,,,1,70,,1193289,28,,,1,30,,1193263,28,,,1,70,,1193266,28,,,1,30,,1193269,28,,,1,67,,1193284,28,,,1,30,,1193274,28,,,1,70,,1193264,28,,,1,30,,1193276,28,,,1,100,,1193279,28,,,1,160,,1193278,28,,,1
16800,'8',533,,1193318,28,,,1,70,,1193300,28,,,1,28,,1193306,28,,,1,70,,1193312,28,,,1,29,,1193311,28,,,1,70,,1193323,28,,,1,30,,1193299,28,,,1,70,,1193309,28,,,1,31,,1193301,28,,,1,70,,1193317,28,,,1,30,,1193298,28,,,1,70,,1193319,28,,,1,30,,1193303,28,,,1,70,,1193305,28,,,1,30,,1193313,28,,,1,70,,1193294,28,,,1,31,,1193310,28,,,1,70,,1193320,28,,,1,30,,1193304,28,,,1,69,,1193308,28,,,1,31,,1193292,28,,,1,71,,1193321,28,,,1,30,,1193324,28,,,1,70,,1193291,28,,,1,29,,1193302,28,,,1,69,,1193293,28,,,1,29,,1193316,28,,,1,29,,1193297,28,,,1,70,,1193315,28,,,1,30,,1193296,28,,,1,69,,1193295,28,,,1,29,,1193314,28,,,1,70,,1193322,28,,,1,104,,1193307,28,,,1,119,,1193325,28,,,1
16800,'9',533,,1193336,28,,,1,70,,1193330,28,,,1,28,,1193341,28,,,1,70,,1017355,28,,,1,29,,1193348,28,,,1,70,,1083432,28,,,1,30,,1012343,28,,,1,70,,1193326,28,,,1,31,,1193350,28,,,1,70,,942906,28,,,1,30,,1193334,28,,,1,70,,1193338,28,,,1,30,,1193328,28,,,1,70,,1193345,28,,,1,30,,1193327,28,,,1,70,,1193351,28,,,1,31,,1031334,28,,,1,70,,1193346,28,,,1,30,,1193331,28,,,1,69,,1193349,28,,,1,31,,1193339,28,,,1,71,,1193335,28,,,1,30,,1193329,28,,,1,70,,1193344,28,,,1,29,,1078538,28,,,1,69,,1193333,28,,,1,29,,1022493,28,,,1,29,,1012345,28,,,1,70,,1193342,28,,,1,30,,1090140,28,,,1,69,,1193337,28,,,1,29,,1193340,28,,,1,70,,1193332,28,,,1,104,,1193347,28,,,1,119,,1193343,28,,,1
25600,'1',516,,1196954,8,,,1,36,,1196960,8,,,1,68,,1196953,8,,,1,13,,1196956,8,,,1,13,,1196955,8,,,1,55,,1070319,8,,,1,15,,1196957,8,,,1,29,,995248,8,,,1,8,,1196959,8,,,1,67,,1196958,8,,,1
25600,'10',516,,1196962,8,,,1,36,,1196968,8,,,1,68,,1196961,8,,,1,13,,1196964,8,,,1,13,,1196963,8,,,1,55,,1070170,8,,,1,15,,1196965,8,,,1,29,,995417,8,,,1,8,,1196967,8,,,1,67,,1196966,8,,,1
25600,'11',516,,1196970,8,,,1,36,,1196976,8,,,1,68,,1196969,8,,,1,13,,1196972,8,,,1,13,,1196971,8,,,1,55,,1070362,8,,,1,15,,1196973,8,,,1,29,,995200,8,,,1,8,,1196975,8,,,1,67,,1196974,8,,,1
25600,'12',516,,1196984,8,,,1,36,,1196980,8,,,1,68,,1196981,8,,,1,13,,1196979,8,,,1,13,,1196983,8,,,1,55,,1196977,8,,,1,15,,1196986,8,,,1,29,,1196978,8,,,1,8,,1196985,8,,,1,67,,1196982,8,,,1
25600,'14',516,,1196988,8,,,1,36,,1196995,8,,,1,68,,1196987,8,,,1,13,,1196990,8,,,1,13,,1196989,8,,,1,55,,1196991,8,,,1,15,,1196992,8,,,1,29,,1196996,8,,,1,8,,1196994,8,,,1,67,,1196993,8,,,1
25600,'15',516,,1196999,8,,,1,36,,1196998,8,,,1,68,,1197002,8,,,1,26,,1197004,8,,,1,70,,1197003,8,,,1,29,,1197000,8,,,1,8,,1196997,8,,,1,67,,1197001,8,,,1
25600,'16',516,,1197012,8,,,1,36,,1197008,8,,,1,68,,1197009,8,,,1,13,,1197007,8,,,1,13,,1197011,8,,,1,55,,1197005,8,,,1,15,,1197014,8,,,1,29,,1197006,8,,,1,8,,1197013,8,,,1,67,,1197010,8,,,1
25600,'5',516,,1197016,8,,,1,36,,1197022,8,,,1,68,,1197015,8,,,1,13,,1197018,8,,,1,13,,1197017,8,,,1,55,,1070295,8,,,1,15,,1197019,8,,,1,29,,994943,8,,,1,8,,1197021,8,,,1,67,,1197020,8,,,1
25600,'6',516,,1197027,8,,,1,36,,1036633,8,,,1,68,,1197024,8,,,1,13,,1035663,8,,,1,13,,1197026,8,,,1,55,,1084812,8,,,1,15,,1197029,8,,,1,29,,1197023,8,,,1,8,,1197028,8,,,1,67,,1197025,8,,,1
25600,'8',516,,1197037,8,,,1,36,,1197033,8,,,1,68,,1197034,8,,,1,13,,1197032,8,,,1,13,,1197036,8,,,1,55,,1197030,8,,,1,15,,1197039,8,,,1,29,,1197031,8,,,1,8,,1197038,8,,,1,67,,1197035,8,,,1
25600,'9',516,,1197041,8,,,1,36,,1197047,8,,,1,68,,1197040,8,,,1,13,,1197043,8,,,1,13,,1197042,8,,,1,55,,1070220,8,,,1,15,,1197044,8,,,1,29,,995296,8,,,1,8,,1197046,8,,,1,67,,1197045,8,,,1
66701,'1',1438,,1084459,25,,,1,7,,1199965,25,,,1
66701,'10',1438,,1084275,25,,,1,7,,1199967,25,,,1
66701,'11',1438,,1084515,25,,,1,7,,1199969,25,,,1
66701,'12',1438,,1199973,25,,,1,7,,1036341,25,,,1
66701,'14',1438,,1199977,25,,,1,7,,1199974,25,,,1
66701,'15',1438,,1199981,25,,,1,7,,1199979,25,,,1
66701,'16',1438,,1199985,25,,,1,7,,1199982,25,,,1
66701,'5',1438,,1084426,25,,,1,7,,1199986,25,,,1
66701,'6',1438,,1199991,25,,,1,7,,1199988,25,,,1
66701,'8',1438,,1199995,25,,,1,7,,1199992,25,,,1
66701,'9',1438,,1084336,25,,,1,7,,1199996,25,,,1
