8100,'1',549,,1168098,25,,,1,75,,1168121,25,,,1,30,,1168128,25,,,1,70,,1168120,25,,,1,26,,1168107,25,,,1,75,,1168113,25,,,1,30,,1168109,25,,,1,70,,1168104,25,,,1,30,,1071436,25,,,1,70,,1168100,25,,,1,30,,1019926,25,,,1,70,,1168122,25,,,1,30,,1168118,25,,,1,70,,1168124,25,,,1,30,,1168105,25,,,1,70,,1168114,25,,,1,30,,1168117,25,,,1,71,,1068647,25,,,1,31,,1168103,25,,,1,71,,1168108,25,,,1,73,,1168102,25,,,1,31,,1168099,25,,,1,69,,1168116,25,,,1,30,,1168106,25,,,1,69,,1168111,25,,,1,26,,1168112,25,,,1,26,,1001951,25,,,1,69,,1168125,25,,,1,30,,1168127,25,,,1,70,,1096123,25,,,1,29,,1168123,25,,,1,70,,1168126,25,,,1,29,,1168115,25,,,1,70,,1168119,25,,,1,100,,1168110,25,,,1,89,,1168101,25,,,1
8100,'10',549,,1168129,25,,,1,75,,1168152,25,,,1,30,,1168159,25,,,1,70,,1168151,25,,,1,26,,1168138,25,,,1,75,,1168144,25,,,1,30,,1168140,25,,,1,70,,1168135,25,,,1,30,,1071400,25,,,1,70,,1168131,25,,,1,30,,1020090,25,,,1,70,,1168153,25,,,1,30,,1168149,25,,,1,70,,1168155,25,,,1,30,,1168136,25,,,1,70,,1168145,25,,,1,30,,1168148,25,,,1,71,,1068602,25,,,1,31,,1168134,25,,,1,71,,1168139,25,,,1,73,,1168133,25,,,1,31,,1168130,25,,,1,69,,1168147,25,,,1,30,,1168137,25,,,1,69,,1168142,25,,,1,26,,1168143,25,,,1,26,,1002132,25,,,1,69,,1168156,25,,,1,30,,1168158,25,,,1,70,,1095980,25,,,1,29,,1168154,25,,,1,70,,1168157,25,,,1,29,,1168146,25,,,1,70,,1168150,25,,,1,100,,1168141,25,,,1,89,,1168132,25,,,1
8100,'11',549,,1168160,25,,,1,75,,1168183,25,,,1,30,,1168190,25,,,1,70,,1168182,25,,,1,26,,1168169,25,,,1,75,,1168175,25,,,1,30,,1168171,25,,,1,70,,1168166,25,,,1,30,,1071448,25,,,1,70,,1168162,25,,,1,30,,1019877,25,,,1,70,,1168184,25,,,1,30,,1168180,25,,,1,70,,1168186,25,,,1,30,,1168167,25,,,1,70,,1168176,25,,,1,30,,1168179,25,,,1,71,,1068662,25,,,1,31,,1168165,25,,,1,71,,1168170,25,,,1,73,,1168164,25,,,1,31,,1168161,25,,,1,69,,1168178,25,,,1,30,,1168168,25,,,1,69,,1168173,25,,,1,26,,1168174,25,,,1,26,,1001898,25,,,1,69,,1168187,25,,,1,30,,1168189,25,,,1,70,,1096166,25,,,1,29,,1168185,25,,,1,70,,1168188,25,,,1,29,,1168177,25,,,1,70,,1168181,25,,,1,100,,1168172,25,,,1,89,,1168163,25,,,1
8100,'12',549,,1168218,25,,,1,75,,1168200,25,,,1,30,,1009563,25,,,1,70,,1168202,25,,,1,26,,1168209,25,,,1,75,,1092792,25,,,1,30,,1168221,25,,,1,70,,1168191,25,,,1,30,,1168220,25,,,1,70,,1168192,25,,,1,30,,1168215,25,,,1,70,,1168213,25,,,1,30,,1168194,25,,,1,70,,1168199,25,,,1,30,,1168210,25,,,1,70,,1168219,25,,,1,30,,1168195,25,,,1,71,,1168197,25,,,1,31,,1168207,25,,,1,71,,1168201,25,,,1,73,,1168222,25,,,1,31,,1168205,25,,,1,69,,1168208,25,,,1,30,,1168211,25,,,1,69,,1074892,25,,,1,26,,1168206,25,,,1,26,,1168203,25,,,1,69,,1168193,25,,,1,30,,1168204,25,,,1,70,,1168223,25,,,1,29,,1168198,25,,,1,70,,1168217,25,,,1,29,,1168216,25,,,1,70,,1168196,25,,,1,100,,1168214,25,,,1,89,,1168212,25,,,1
8100,'13',738,,1168232,25,,,1,70,,1065343,25,,,1,30,,1168234,25,,,1,70,,1168246,25,,,1,30,,1168226,25,,,1,70,,1168236,25,,,1,32,,1168231,25,,,1,70,,1168241,25,,,1,30,,1168228,25,,,1,70,,1168227,25,,,1,30,,1168244,25,,,1,70,,1168235,25,,,1,30,,1168229,25,,,1,70,,1168242,25,,,1,30,,1168245,25,,,1,70,,1168239,25,,,1,30,,1168240,25,,,1,70,,1168224,25,,,1,30,,1091807,25,,,1,70,,1168230,25,,,1,30,,1168238,25,,,1,70,,1168237,25,,,1,30,,1168233,25,,,1,100,,1091517,25,,,1,100,,1168243,25,,,1,98,,1168247,25,,,1,100,,1168225,25,,,1
8100,'14',549,,1168248,25,,,1,75,,1168274,25,,,1,30,,1168282,25,,,1,70,,1168273,25,,,1,26,,1168259,25,,,1,75,,1168265,25,,,1,30,,1168261,25,,,1,70,,1168256,25,,,1,30,,1168280,25,,,1,70,,1168252,25,,,1,30,,1168269,25,,,1,70,,1168275,25,,,1,30,,1168271,25,,,1,70,,1168277,25,,,1,30,,1168257,25,,,1,70,,1168266,25,,,1,30,,1168270,25,,,1,71,,1168283,25,,,1,31,,1168255,25,,,1,71,,1168260,25,,,1,73,,1168254,25,,,1,31,,1168251,25,,,1,69,,1168268,25,,,1,30,,1168258,25,,,1,69,,1168263,25,,,1,26,,1168264,25,,,1,26,,1168250,25,,,1,69,,1168278,25,,,1,30,,1168281,25,,,1,70,,1168249,25,,,1,29,,1168276,25,,,1,70,,1168279,25,,,1,29,,1168267,25,,,1,70,,1168272,25,,,1,100,,1168262,25,,,1,89,,1168253,25,,,1
8100,'15',549,,1168297,25,,,1,75,,1168300,25,,,1,30,,1168306,25,,,1,70,,1168301,25,,,1,26,,1168299,25,,,1,75,,1168303,25,,,1,30,,1168314,25,,,1,70,,1168291,25,,,1,30,,1168286,25,,,1,70,,1168284,25,,,1,30,,1168295,25,,,1,70,,1168290,25,,,1,30,,1168304,25,,,1,70,,1168313,25,,,1,30,,1168296,25,,,1,70,,1168289,25,,,1,30,,1168294,25,,,1,71,,1168317,25,,,1,31,,1168298,25,,,1,71,,1168293,25,,,1,73,,1168292,25,,,1,31,,1168307,25,,,1,69,,1168287,25,,,1,30,,1168319,25,,,1,69,,1168302,25,,,1,26,,1168312,25,,,1,26,,1168308,25,,,1,69,,1168310,25,,,1,30,,1168315,25,,,1,70,,1168285,25,,,1,29,,1168311,25,,,1,70,,1168288,25,,,1,29,,1168305,25,,,1,70,,1168318,25,,,1,100,,1168316,25,,,1,89,,1168309,25,,,1
8100,'16',549,,1168347,25,,,1,75,,1168329,25,,,1,30,,1168352,25,,,1,70,,1168331,25,,,1,26,,1168338,25,,,1,75,,1168348,25,,,1,30,,1168349,25,,,1,70,,1097491,25,,,1,30,,1093830,25,,,1,70,,1168320,25,,,1,30,,1168344,25,,,1,70,,1168342,25,,,1,30,,1168323,25,,,1,70,,1168328,25,,,1,30,,1168339,25,,,1,70,,1084777,25,,,1,30,,1168324,25,,,1,71,,1168326,25,,,1,31,,1168336,25,,,1,71,,1168330,25,,,1,73,,1168350,25,,,1,31,,1168334,25,,,1,69,,1168337,25,,,1,30,,1168340,25,,,1,69,,1168322,25,,,1,26,,1168335,25,,,1,26,,1168332,25,,,1,69,,1168321,25,,,1,30,,1168333,25,,,1,70,,1168351,25,,,1,29,,1168327,25,,,1,70,,1168346,25,,,1,29,,1168345,25,,,1,70,,1168325,25,,,1,100,,1168343,25,,,1,89,,1168341,25,,,1
8100,'17',738,,1168363,25,,,1,70,,1168371,25,,,1,30,,1168365,25,,,1,70,,1168378,25,,,1,30,,1168357,25,,,1,70,,1168367,25,,,1,32,,1168362,25,,,1,70,,1168373,25,,,1,30,,1168359,25,,,1,70,,1168358,25,,,1,30,,1168376,25,,,1,70,,1168366,25,,,1,30,,1168360,25,,,1,70,,1168374,25,,,1,30,,1168377,25,,,1,70,,1168370,25,,,1,30,,1168372,25,,,1,70,,1168353,25,,,1,30,,1168356,25,,,1,70,,1168361,25,,,1,30,,1168369,25,,,1,70,,1168368,25,,,1,30,,1168364,25,,,1,100,,1168355,25,,,1,100,,1168375,25,,,1,98,,1168379,25,,,1,100,,1168354,25,,,1
8100,'2',741,,1096574,25,,,1,70,,1168403,25,,,1,30,,1168393,25,,,1,70,,1168380,25,,,1,30,,1096022,25,,,1,70,,1168400,25,,,1,32,,1168384,25,,,1,70,,1168405,25,,,1,30,,1168389,25,,,1,70,,1168395,25,,,1,30,,1168392,25,,,1,70,,1168383,25,,,1,30,,1168385,25,,,1,70,,1168394,25,,,1,30,,1168381,25,,,1,70,,1168401,25,,,1,30,,1168397,25,,,1,70,,1168382,25,,,1,30,,1168387,25,,,1,70,,1168404,25,,,1,30,,1168396,25,,,1,70,,1168391,25,,,1,30,,1168390,25,,,1,70,,1168399,25,,,1,30,,1168386,25,,,1,100,,1055301,25,,,1,98,,1168398,25,,,1,100,,1168402,25,,,1,100,,1168388,25,,,1
8100,'3',738,,1168416,25,,,1,70,,1168424,25,,,1,30,,1168418,25,,,1,70,,1168431,25,,,1,30,,1168410,25,,,1,70,,1168420,25,,,1,32,,1168415,25,,,1,70,,1168426,25,,,1,30,,1168412,25,,,1,70,,1168411,25,,,1,30,,1168429,25,,,1,70,,1168419,25,,,1,30,,1168413,25,,,1,70,,1168427,25,,,1,30,,1168430,25,,,1,70,,1168423,25,,,1,30,,1168425,25,,,1,70,,1168406,25,,,1,30,,1168409,25,,,1,70,,1168414,25,,,1,30,,1168422,25,,,1,70,,1168421,25,,,1,30,,1168417,25,,,1,100,,1168408,25,,,1,100,,1168428,25,,,1,98,,1168432,25,,,1,100,,1168407,25,,,1
8100,'4',738,,1168454,25,,,1,70,,1168448,25,,,1,30,,1168440,25,,,1,70,,1168452,25,,,1,30,,1168444,25,,,1,70,,1101134,25,,,1,32,,1168445,25,,,1,70,,1168433,25,,,1,30,,1168449,25,,,1,70,,1168450,25,,,1,30,,1168443,25,,,1,70,,1168442,25,,,1,30,,1168447,25,,,1,70,,1168435,25,,,1,30,,1168453,25,,,1,70,,1168438,25,,,1,30,,1168439,25,,,1,70,,1168436,25,,,1,30,,1083106,25,,,1,70,,1168441,25,,,1,30,,1168456,25,,,1,70,,1168455,25,,,1,30,,1168446,25,,,1,100,,1074230,25,,,1,100,,1168434,25,,,1,98,,1168451,25,,,1,100,,1168437,25,,,1
8100,'5',549,,1168457,25,,,1,75,,1168480,25,,,1,30,,1168487,25,,,1,70,,1168479,25,,,1,26,,1168466,25,,,1,75,,1168472,25,,,1,30,,1168468,25,,,1,70,,1168463,25,,,1,30,,1071424,25,,,1,70,,1168459,25,,,1,30,,1019655,25,,,1,70,,1168481,25,,,1,30,,1168477,25,,,1,70,,1168483,25,,,1,30,,1168464,25,,,1,70,,1168473,25,,,1,30,,1168476,25,,,1,71,,1068632,25,,,1,31,,1168462,25,,,1,71,,1168467,25,,,1,73,,1168461,25,,,1,31,,1168458,25,,,1,69,,1168475,25,,,1,30,,1168465,25,,,1,69,,1168470,25,,,1,26,,1168471,25,,,1,26,,1001624,25,,,1,69,,1168484,25,,,1,30,,1168486,25,,,1,70,,1096103,25,,,1,29,,1168482,25,,,1,70,,1168485,25,,,1,29,,1168474,25,,,1,70,,1168478,25,,,1,100,,1168469,25,,,1,89,,1168460,25,,,1
8100,'6',549,,1168512,25,,,1,75,,1168495,25,,,1,30,,1168517,25,,,1,70,,1168497,25,,,1,26,,1168503,25,,,1,75,,1168513,25,,,1,30,,1168516,25,,,1,70,,1168488,25,,,1,30,,1168515,25,,,1,70,,1075142,25,,,1,30,,1168509,25,,,1,70,,1168507,25,,,1,30,,1048642,25,,,1,70,,1168494,25,,,1,30,,1168504,25,,,1,70,,1168514,25,,,1,30,,1168491,25,,,1,71,,1077363,25,,,1,31,,1168501,25,,,1,71,,1168496,25,,,1,73,,1082958,25,,,1,31,,1168499,25,,,1,69,,1168502,25,,,1,30,,1168505,25,,,1,69,,1168490,25,,,1,26,,1168500,25,,,1,26,,1168498,25,,,1,69,,1168489,25,,,1,30,,1091981,25,,,1,70,,1094683,25,,,1,29,,1168493,25,,,1,70,,1168511,25,,,1,29,,1168510,25,,,1,70,,1168492,25,,,1,100,,1168508,25,,,1,89,,1168506,25,,,1
8100,'7',741,,1168525,25,,,1,70,,1168524,25,,,1,30,,1168545,25,,,1,70,,1168534,25,,,1,30,,1168533,25,,,1,70,,1168521,25,,,1,32,,1168527,25,,,1,70,,1168526,25,,,1,30,,1168542,25,,,1,70,,1168541,25,,,1,30,,1168531,25,,,1,70,,1168540,25,,,1,30,,1168530,25,,,1,70,,1168523,25,,,1,30,,1168529,25,,,1,70,,1168518,25,,,1,30,,1168535,25,,,1,70,,1168539,25,,,1,30,,1168537,25,,,1,70,,1168519,25,,,1,30,,1168522,25,,,1,70,,1168532,25,,,1,30,,1168528,25,,,1,70,,1168520,25,,,1,30,,1168546,25,,,1,100,,1168536,25,,,1,98,,1168544,25,,,1,100,,1168538,25,,,1,100,,1168543,25,,,1
8100,'8',549,,1168575,25,,,1,75,,1168557,25,,,1,30,,1168582,25,,,1,70,,1168559,25,,,1,26,,1168566,25,,,1,75,,1168576,25,,,1,30,,1168579,25,,,1,70,,1168547,25,,,1,30,,1168578,25,,,1,70,,1168548,25,,,1,30,,1168572,25,,,1,70,,1168570,25,,,1,30,,1168551,25,,,1,70,,1168556,25,,,1,30,,1168567,25,,,1,70,,1168577,25,,,1,30,,1168552,25,,,1,71,,1168554,25,,,1,31,,1168564,25,,,1,71,,1168558,25,,,1,73,,1168580,25,,,1,31,,1168562,25,,,1,69,,1168565,25,,,1,30,,1168568,25,,,1,69,,1168550,25,,,1,26,,1168563,25,,,1,26,,1168560,25,,,1,69,,1168549,25,,,1,30,,1168561,25,,,1,70,,1168581,25,,,1,29,,1168555,25,,,1,70,,1168574,25,,,1,29,,1168573,25,,,1,70,,1168553,25,,,1,100,,1168571,25,,,1,89,,1168569,25,,,1
8100,'9',549,,1168583,25,,,1,75,,1168606,25,,,1,30,,1168613,25,,,1,70,,1168605,25,,,1,26,,1168592,25,,,1,75,,1168598,25,,,1,30,,1168594,25,,,1,70,,1168589,25,,,1,30,,1071412,25,,,1,70,,1168585,25,,,1,30,,1019975,25,,,1,70,,1168607,25,,,1,30,,1168603,25,,,1,70,,1168609,25,,,1,30,,1168590,25,,,1,70,,1168599,25,,,1,30,,1168602,25,,,1,71,,1068617,25,,,1,31,,1168588,25,,,1,71,,1168593,25,,,1,73,,1168587,25,,,1,31,,1168584,25,,,1,69,,1168601,25,,,1,30,,1168591,25,,,1,69,,1168596,25,,,1,26,,1168597,25,,,1,26,,1002004,25,,,1,69,,1168610,25,,,1,30,,1168612,25,,,1,70,,1096026,25,,,1,29,,1168608,25,,,1,70,,1168611,25,,,1,29,,1168600,25,,,1,70,,1168604,25,,,1,100,,1168595,25,,,1,89,,1168586,25,,,1
