9401,'1',1600,,1180171,6,,,1,32,,1180169,6,,,1,71,,1180172,6,,,1,30,,1180173,6,,,1,70,,1180174,6,,,1,30,,1180170,6,,,1
9401,'10',1600,,1180177,6,,,1,32,,1180175,6,,,1,71,,1180178,6,,,1,30,,1180179,6,,,1,70,,1180180,6,,,1,30,,1180176,6,,,1
9401,'11',1600,,1180183,6,,,1,32,,1180181,6,,,1,71,,1180184,6,,,1,30,,1180185,6,,,1,70,,1180186,6,,,1,30,,1180182,6,,,1
9401,'12',1600,,1081608,6,,,1,32,,1180187,6,,,1,71,,1180188,6,,,1,30,,1180189,6,,,1,70,,1180190,6,,,1,30,,1180191,6,,,1
9401,'14',1600,,1180194,6,,,1,32,,1180192,6,,,1,71,,1180195,6,,,1,30,,1180196,6,,,1,70,,1180197,6,,,1,30,,1180193,6,,,1
9401,'15',1600,,1180199,6,,,1,32,,1180200,6,,,1,71,,1180203,6,,,1,30,,1180202,6,,,1,70,,1180201,6,,,1,30,,1180198,6,,,1
9401,'16',1600,,1180204,6,,,1,32,,1180205,6,,,1,71,,1180206,6,,,1,30,,1180207,6,,,1,70,,1180208,6,,,1,30,,1180209,6,,,1
9401,'5',1600,,1180212,6,,,1,32,,1180210,6,,,1,71,,1180213,6,,,1,30,,1180214,6,,,1,70,,1180215,6,,,1,30,,1180211,6,,,1
9401,'6',1600,,1180216,6,,,1,32,,1180217,6,,,1,71,,1180218,6,,,1,30,,1180219,6,,,1,70,,1099583,6,,,1,30,,1050301,6,,,1
9401,'8',1600,,1180220,6,,,1,32,,1180221,6,,,1,71,,1180222,6,,,1,30,,1180223,6,,,1,70,,1180224,6,,,1,30,,1180225,6,,,1
9401,'9',1600,,1180228,6,,,1,32,,1180226,6,,,1,71,,1180229,6,,,1,30,,1180230,6,,,1,70,,1180231,6,,,1,30,,1180227,6,,,1
