2001,'1',539,,1122929,51,,,1,103,,1122931,51,,,1,77,,1122921,51,,,1,31,,1122910,51,,,1,75,,1066961,51,,,1,33,,1122923,51,,,1,72,,1122918,51,,,1,70,,1122924,51,,,1,28,,1122908,51,,,1,31,,1122932,51,,,1,70,,1086034,51,,,1,71,,1122919,51,,,1,30,,1122928,51,,,1,29,,1122912,51,,,1,71,,1122917,51,,,1,70,,1122913,51,,,1,32,,1122909,51,,,1,72,,1096765,51,,,1,34,,1122906,51,,,1,75,,1032080,51,,,1,104,,1122930,51,,,1,30,,1122911,51,,,1,68,,1122922,51,,,1,23,,1122927,51,,,1,89,,1103068,51,,,1,26,,1122915,51,,,1,64,,1122926,51,,,1,28,,1122920,51,,,1,70,,1122905,51,,,1,28,,1122925,51,,,1,69,,1122914,51,,,1,30,,1122907,51,,,1,97,,1122916,51,,,1
2001,'10',539,,1122957,51,,,1,103,,1122959,51,,,1,77,,1122949,51,,,1,31,,1122938,51,,,1,75,,1066678,51,,,1,33,,1122951,51,,,1,72,,1122946,51,,,1,70,,1122952,51,,,1,28,,1122936,51,,,1,31,,1122960,51,,,1,70,,1085750,51,,,1,71,,1122947,51,,,1,30,,1122956,51,,,1,29,,1122940,51,,,1,71,,1122945,51,,,1,70,,1122941,51,,,1,32,,1122937,51,,,1,72,,1096532,51,,,1,34,,1122934,51,,,1,75,,1032259,51,,,1,104,,1122958,51,,,1,30,,1122939,51,,,1,68,,1122950,51,,,1,23,,1122955,51,,,1,89,,1103059,51,,,1,26,,1122943,51,,,1,64,,1122954,51,,,1,28,,1122948,51,,,1,70,,1122933,51,,,1,28,,1122953,51,,,1,69,,1122942,51,,,1,30,,1122935,51,,,1,97,,1122944,51,,,1
2001,'11',539,,1122985,51,,,1,103,,1122987,51,,,1,77,,1122977,51,,,1,31,,1122966,51,,,1,75,,1067037,51,,,1,33,,1122979,51,,,1,72,,1122974,51,,,1,70,,1122980,51,,,1,28,,1122964,51,,,1,31,,1122988,51,,,1,70,,1086116,51,,,1,71,,1122975,51,,,1,30,,1122984,51,,,1,29,,1122968,51,,,1,71,,1122973,51,,,1,70,,1122969,51,,,1,32,,1122965,51,,,1,72,,1096831,51,,,1,34,,1122962,51,,,1,75,,1032026,51,,,1,104,,1122986,51,,,1,30,,1122967,51,,,1,68,,1122978,51,,,1,23,,1122983,51,,,1,89,,1103071,51,,,1,26,,1122971,51,,,1,64,,1122982,51,,,1,28,,1122976,51,,,1,70,,1122961,51,,,1,28,,1122981,51,,,1,69,,1122970,51,,,1,30,,1122963,51,,,1,97,,1122972,51,,,1
2001,'12',539,,1123015,51,,,1,103,,1123018,51,,,1,77,,1091206,51,,,1,31,,1123004,51,,,1,75,,1122996,51,,,1,33,,1083846,51,,,1,72,,1123000,51,,,1,70,,1123008,51,,,1,28,,1122992,51,,,1,31,,1123003,51,,,1,70,,1123005,51,,,1,71,,1123017,51,,,1,30,,1123013,51,,,1,29,,1122999,51,,,1,71,,1122995,51,,,1,70,,1123011,51,,,1,32,,1122989,51,,,1,72,,1123016,51,,,1,34,,1123009,51,,,1,75,,1123010,51,,,1,104,,1122990,51,,,1,30,,1122998,51,,,1,68,,1123007,51,,,1,23,,1123001,51,,,1,89,,1123002,51,,,1,26,,1122993,51,,,1,64,,1122997,51,,,1,28,,1122994,51,,,1,70,,1123012,51,,,1,28,,1083131,51,,,1,69,,1122991,51,,,1,30,,1123014,51,,,1,97,,1123006,51,,,1
2001,'13',913,,1123033,51,,,1,30,,1123025,51,,,1,70,,1123037,51,,,1,33,,1123026,51,,,1,70,,1123035,51,,,1,30,,1123030,51,,,1,70,,1123036,51,,,1,30,,1123028,51,,,1,70,,1123023,51,,,1,30,,1123034,51,,,1,70,,1123039,51,,,1,30,,1123029,51,,,1,70,,1123031,51,,,1,30,,1123041,51,,,1,70,,1123043,51,,,1,30,,1123020,51,,,1,70,,1123042,51,,,1,30,,1123024,51,,,1,70,,1123038,51,,,1,30,,1123027,51,,,1,69,,1123040,51,,,1,30,,1123019,51,,,1,70,,1100889,51,,,1,29,,1123032,51,,,1,98,,1123022,51,,,1,100,,1123021,51,,,1,99,,1123044,51,,,1
2001,'14',539,,1123073,51,,,1,103,,1123075,51,,,1,77,,1123065,51,,,1,31,,1123053,51,,,1,75,,1123077,51,,,1,33,,1123067,51,,,1,72,,1123062,51,,,1,70,,1123068,51,,,1,28,,1123050,51,,,1,31,,1123076,51,,,1,70,,1123051,51,,,1,71,,1123063,51,,,1,30,,1123072,51,,,1,29,,1123055,51,,,1,71,,1123061,51,,,1,70,,1123056,51,,,1,32,,1123052,51,,,1,72,,1123046,51,,,1,34,,1123048,51,,,1,75,,1123047,51,,,1,104,,1123074,51,,,1,30,,1123054,51,,,1,68,,1123066,51,,,1,23,,1123071,51,,,1,89,,1123057,51,,,1,26,,1123059,51,,,1,64,,1123070,51,,,1,28,,1123064,51,,,1,70,,1123045,51,,,1,28,,1123069,51,,,1,69,,1123058,51,,,1,30,,1123049,51,,,1,97,,1123060,51,,,1
2001,'15',539,,1123082,51,,,1,103,,1123103,51,,,1,77,,1123099,51,,,1,31,,1123086,51,,,1,75,,1123102,51,,,1,33,,1123085,51,,,1,72,,1123091,51,,,1,70,,1123093,51,,,1,28,,1123097,51,,,1,31,,1123101,51,,,1,70,,1123088,51,,,1,71,,1123110,51,,,1,30,,1123109,51,,,1,29,,1123080,51,,,1,71,,1123096,51,,,1,70,,1123084,51,,,1,32,,1123098,51,,,1,72,,1123078,51,,,1,34,,1123083,51,,,1,75,,1123092,51,,,1,104,,1123104,51,,,1,30,,1123106,51,,,1,68,,1123105,51,,,1,23,,1123100,51,,,1,89,,1123090,51,,,1,26,,1123089,51,,,1,64,,1123107,51,,,1,28,,1123087,51,,,1,70,,1123094,51,,,1,28,,1123079,51,,,1,69,,1123095,51,,,1,30,,1123108,51,,,1,97,,1123081,51,,,1
2001,'16',539,,1123140,51,,,1,103,,1123143,51,,,1,77,,1123117,51,,,1,31,,1123129,51,,,1,75,,1123121,51,,,1,33,,1123112,51,,,1,72,,1123125,51,,,1,70,,1123133,51,,,1,28,,1123115,51,,,1,31,,1123128,51,,,1,70,,1123130,51,,,1,71,,1123142,51,,,1,30,,1123138,51,,,1,29,,1123124,51,,,1,71,,1123120,51,,,1,70,,1123136,51,,,1,32,,1123111,51,,,1,72,,1123141,51,,,1,34,,1123134,51,,,1,75,,1123135,51,,,1,104,,1123113,51,,,1,30,,1123123,51,,,1,68,,1123132,51,,,1,23,,1123126,51,,,1,89,,1123127,51,,,1,26,,1123116,51,,,1,64,,1123122,51,,,1,28,,1123119,51,,,1,70,,1123137,51,,,1,28,,1123118,51,,,1,69,,1123114,51,,,1,30,,1123139,51,,,1,97,,1123131,51,,,1
2001,'17',913,,1123158,51,,,1,30,,1123150,51,,,1,70,,1123162,51,,,1,33,,1123151,51,,,1,70,,1123160,51,,,1,30,,1123155,51,,,1,70,,1123161,51,,,1,30,,1123153,51,,,1,70,,1123148,51,,,1,30,,1123159,51,,,1,70,,1123164,51,,,1,30,,1123154,51,,,1,70,,1123156,51,,,1,30,,1123166,51,,,1,70,,1123168,51,,,1,30,,1123145,51,,,1,70,,1123167,51,,,1,30,,1123149,51,,,1,70,,1123163,51,,,1,30,,1123152,51,,,1,69,,1123165,51,,,1,30,,1123144,51,,,1,70,,1123170,51,,,1,29,,1123157,51,,,1,98,,1123147,51,,,1,100,,1123146,51,,,1,99,,1123169,51,,,1
2001,'2',843,,1123185,51,,,1,70,,1123195,51,,,1,30,,1123175,51,,,1,70,,1123173,51,,,1,33,,1123183,51,,,1,70,,1123189,51,,,1,30,,1123197,51,,,1,70,,1123176,51,,,1,30,,1123193,51,,,1,70,,1123179,51,,,1,30,,1123171,51,,,1,70,,1123190,51,,,1,30,,1123187,51,,,1,70,,1123181,51,,,1,30,,1098017,51,,,1,70,,1123178,51,,,1,30,,1123188,51,,,1,70,,1123174,51,,,1,30,,1123186,51,,,1,70,,1123180,51,,,1,30,,1123177,51,,,1,69,,1123196,51,,,1,30,,1123194,51,,,1,70,,1072493,51,,,1,29,,1123191,51,,,1,70,,1123182,51,,,1,28,,1123172,51,,,1,100,,1092047,51,,,1,100,,1123184,51,,,1,100,,1123192,51,,,1
2001,'3',913,,1123212,51,,,1,30,,1123204,51,,,1,70,,1123216,51,,,1,33,,1123205,51,,,1,70,,1123214,51,,,1,30,,1123209,51,,,1,70,,1123215,51,,,1,30,,1123207,51,,,1,70,,1123202,51,,,1,30,,1123213,51,,,1,70,,1123218,51,,,1,30,,1123208,51,,,1,70,,1123210,51,,,1,30,,1123220,51,,,1,70,,1123222,51,,,1,30,,1123199,51,,,1,70,,1123221,51,,,1,30,,1123203,51,,,1,70,,1123217,51,,,1,30,,1123206,51,,,1,69,,1123219,51,,,1,30,,1123198,51,,,1,70,,1123224,51,,,1,29,,1123211,51,,,1,98,,1123201,51,,,1,100,,1123200,51,,,1,99,,1123223,51,,,1
2001,'4',913,,961713,51,,,1,30,,1123236,51,,,1,70,,1028326,51,,,1,33,,1123229,51,,,1,70,,1027080,51,,,1,30,,1123243,51,,,1,70,,1123239,51,,,1,30,,1123230,51,,,1,70,,1123226,51,,,1,30,,1123242,51,,,1,70,,1123241,51,,,1,30,,1123240,51,,,1,70,,1067920,51,,,1,30,,1123237,51,,,1,70,,1123235,51,,,1,30,,1123233,51,,,1,70,,1123227,51,,,1,30,,1123228,51,,,1,70,,1123225,51,,,1,30,,1123238,51,,,1,69,,1039306,51,,,1,30,,1123231,51,,,1,70,,1123232,51,,,1,29,,1074835,51,,,1,98,,1076557,51,,,1,100,,1123234,51,,,1,99,,1081282,51,,,1
2001,'5',539,,1123268,51,,,1,103,,1123270,51,,,1,77,,1123260,51,,,1,31,,1123249,51,,,1,75,,1066925,51,,,1,33,,1123262,51,,,1,72,,1123257,51,,,1,70,,1123263,51,,,1,28,,1123247,51,,,1,31,,1123271,51,,,1,70,,1085983,51,,,1,71,,1123258,51,,,1,30,,1123267,51,,,1,29,,1123251,51,,,1,71,,1123256,51,,,1,70,,1123252,51,,,1,32,,1123248,51,,,1,72,,1096733,51,,,1,34,,1123245,51,,,1,75,,1031773,51,,,1,104,,1123269,51,,,1,30,,1123250,51,,,1,68,,1123261,51,,,1,23,,1123266,51,,,1,89,,1103065,51,,,1,26,,1123254,51,,,1,64,,1123265,51,,,1,28,,1123259,51,,,1,70,,1123244,51,,,1,28,,1123264,51,,,1,69,,1123253,51,,,1,30,,1123246,51,,,1,97,,1123255,51,,,1
2001,'6',539,,1123297,51,,,1,103,,1123298,51,,,1,77,,1123277,51,,,1,31,,1123287,51,,,1,75,,1123280,51,,,1,33,,1123272,51,,,1,72,,1123283,51,,,1,70,,1123290,51,,,1,28,,1123275,51,,,1,31,,1123286,51,,,1,70,,983590,51,,,1,71,,1001709,51,,,1,30,,1123295,51,,,1,29,,1123282,51,,,1,71,,1123279,51,,,1,70,,1123293,51,,,1,32,,1082018,51,,,1,72,,1092536,51,,,1,34,,1123291,51,,,1,75,,1123292,51,,,1,104,,1123273,51,,,1,30,,1123281,51,,,1,68,,1123289,51,,,1,23,,1123284,51,,,1,89,,1123285,51,,,1,26,,1123276,51,,,1,64,,1012900,51,,,1,28,,1098211,51,,,1,70,,1123294,51,,,1,28,,1123278,51,,,1,69,,1123274,51,,,1,30,,1123296,51,,,1,97,,1123288,51,,,1
2001,'7',843,,1123302,51,,,1,70,,1123319,51,,,1,30,,1123312,51,,,1,70,,1123310,51,,,1,33,,1123309,51,,,1,70,,1123316,51,,,1,30,,1123313,51,,,1,70,,1123314,51,,,1,30,,1123326,51,,,1,70,,1123303,51,,,1,30,,1123321,51,,,1,70,,1123328,51,,,1,30,,1123320,51,,,1,70,,1123318,51,,,1,30,,1123327,51,,,1,70,,1123307,51,,,1,30,,1123306,51,,,1,70,,1123324,51,,,1,30,,1123315,51,,,1,70,,1123317,51,,,1,30,,1123308,51,,,1,69,,1123299,51,,,1,30,,1123305,51,,,1,70,,1123304,51,,,1,29,,1123322,51,,,1,70,,1123323,51,,,1,28,,1123311,51,,,1,100,,1123301,51,,,1,100,,1123325,51,,,1,100,,1123300,51,,,1
2001,'8',539,,1123358,51,,,1,103,,1123361,51,,,1,77,,1123335,51,,,1,31,,1123347,51,,,1,75,,1123339,51,,,1,33,,1123330,51,,,1,72,,1123343,51,,,1,70,,1123351,51,,,1,28,,1123333,51,,,1,31,,1123346,51,,,1,70,,1123348,51,,,1,71,,1123360,51,,,1,30,,1123356,51,,,1,29,,1123342,51,,,1,71,,1123338,51,,,1,70,,1123354,51,,,1,32,,1123329,51,,,1,72,,1123359,51,,,1,34,,1123352,51,,,1,75,,1123353,51,,,1,104,,1123331,51,,,1,30,,1123341,51,,,1,68,,1123350,51,,,1,23,,1123344,51,,,1,89,,1123345,51,,,1,26,,1123334,51,,,1,64,,1123340,51,,,1,28,,1123337,51,,,1,70,,1123355,51,,,1,28,,1123336,51,,,1,69,,1123332,51,,,1,30,,1123357,51,,,1,97,,1123349,51,,,1
2001,'9',539,,1123386,51,,,1,103,,1123388,51,,,1,77,,1123378,51,,,1,31,,1123367,51,,,1,75,,1066764,51,,,1,33,,1123380,51,,,1,72,,1123375,51,,,1,70,,1123381,51,,,1,28,,1123365,51,,,1,31,,1123389,51,,,1,70,,1085837,51,,,1,71,,1123376,51,,,1,30,,1123385,51,,,1,29,,1123369,51,,,1,71,,1123374,51,,,1,70,,1123370,51,,,1,32,,1123366,51,,,1,72,,1096600,51,,,1,34,,1123363,51,,,1,75,,1032134,51,,,1,104,,1123387,51,,,1,30,,1123368,51,,,1,68,,1123379,51,,,1,23,,1123384,51,,,1,89,,1103062,51,,,1,26,,1123372,51,,,1,64,,1123383,51,,,1,28,,1123377,51,,,1,70,,1123362,51,,,1,28,,1123382,51,,,1,69,,1123371,51,,,1,30,,1123364,51,,,1,97,,1123373,51,,,1
