26501,'1',1607,,1197442,20,,,1,32,,1197443,20,,,1,70,,1197444,20,,,1,30,,1197441,20,,,1,71,,1197445,20,,,1,29,,1066958,20,,,1,68,,1197446,20,,,1
26501,'10',1607,,1197448,20,,,1,32,,1197449,20,,,1,70,,1197450,20,,,1,30,,1197447,20,,,1,71,,1197451,20,,,1,29,,1066675,20,,,1,68,,1197452,20,,,1
26501,'11',1607,,1197454,20,,,1,32,,1197455,20,,,1,70,,1197456,20,,,1,30,,1197453,20,,,1,71,,1197457,20,,,1,29,,1067034,20,,,1,68,,1197458,20,,,1
26501,'12',1607,,1197462,20,,,1,32,,1197465,20,,,1,70,,1197459,20,,,1,30,,1197461,20,,,1,71,,1197460,20,,,1,29,,1197464,20,,,1,68,,1197463,20,,,1
26501,'14',1607,,1197467,20,,,1,32,,1197468,20,,,1,70,,1197469,20,,,1,30,,1197466,20,,,1,71,,1197470,20,,,1,29,,1197472,20,,,1,68,,1197471,20,,,1
26501,'15',1607,,1197477,20,,,1,32,,1197473,20,,,1,70,,1197479,20,,,1,30,,1197475,20,,,1,71,,1197474,20,,,1,29,,1197478,20,,,1,68,,1197476,20,,,1
26501,'16',1607,,1197483,20,,,1,32,,1197486,20,,,1,70,,1197480,20,,,1,30,,1197482,20,,,1,71,,1197481,20,,,1,29,,1197485,20,,,1,68,,1197484,20,,,1
26501,'5',1607,,1197488,20,,,1,32,,1197489,20,,,1,70,,1197490,20,,,1,30,,1197487,20,,,1,71,,1197491,20,,,1,29,,1066922,20,,,1,68,,1197492,20,,,1
26501,'6',1607,,1197496,20,,,1,32,,1097198,20,,,1,70,,1197493,20,,,1,30,,1197495,20,,,1,71,,1197494,20,,,1,29,,1197498,20,,,1,68,,1197497,20,,,1
26501,'8',1607,,1197502,20,,,1,32,,1197505,20,,,1,70,,1197499,20,,,1,30,,1197501,20,,,1,71,,1197500,20,,,1,29,,1197504,20,,,1,68,,1197503,20,,,1
26501,'9',1607,,1197507,20,,,1,32,,1197508,20,,,1,70,,1197509,20,,,1,30,,1197506,20,,,1,71,,1197510,20,,,1,29,,1066761,20,,,1,68,,1197511,20,,,1
66301,'1',1502,,1199804,7,,,1,10,,1199802,7,,,1,1,,1199805,7,,,1
66301,'10',1502,,1199809,7,,,1,10,,1199807,7,,,1,1,,1199810,7,,,1
66301,'11',1502,,1199814,7,,,1,10,,1199812,7,,,1,1,,1199815,7,,,1
66301,'12',1502,,1199817,7,,,1,10,,1199820,7,,,1,1,,1199819,7,,,1
66301,'14',1502,,1199824,7,,,1,10,,1199822,7,,,1,1,,1199825,7,,,1
66301,'15',1502,,1199827,7,,,1,10,,1199829,7,,,1,1,,1199830,7,,,1
66301,'16',1502,,1199832,7,,,1,10,,1199835,7,,,1,1,,1199834,7,,,1
66301,'5',1502,,1199839,7,,,1,10,,1199837,7,,,1,1,,1199840,7,,,1
66301,'6',1502,,1199842,7,,,1,10,,1199845,7,,,1,1,,1199844,7,,,1
66301,'8',1502,,1199847,7,,,1,10,,1199850,7,,,1,1,,1199849,7,,,1
66301,'9',1502,,1199854,7,,,1,10,,1199852,7,,,1,1,,1199855,7,,,1
