5100,'1',536,,1146508,5,,,1,99,,1146518,5,,,1,67,,954026,5,,,1,39,,1146513,5,,,1,70,,1068009,5,,,1,31,,1146514,5,,,1,70,,1146503,5,,,1,30,,1091282,5,,,1,77,,1146505,5,,,1,30,,1146502,5,,,1,70,,983735,5,,,1,30,,1146526,5,,,1,72,,1082793,5,,,1,30,,1146512,5,,,1,70,,1146507,5,,,1,30,,1146519,5,,,1,71,,1146510,5,,,1,98,,1146520,5,,,1,32,,1146501,5,,,1,73,,1146517,5,,,1,31,,1146515,5,,,1,73,,1146521,5,,,1,30,,1146523,5,,,1,67,,1146506,5,,,1,29,,1146511,5,,,1,66,,1146525,5,,,1,28,,1146527,5,,,1,68,,1146509,5,,,1,30,,1045542,5,,,1,70,,1146504,5,,,1,25,,1146516,5,,,1,70,,1146522,5,,,1
5100,'10',536,,1146536,5,,,1,99,,1146546,5,,,1,67,,953554,5,,,1,39,,1146541,5,,,1,70,,1067793,5,,,1,31,,1146542,5,,,1,70,,1146531,5,,,1,30,,1091005,5,,,1,77,,1146533,5,,,1,30,,1146530,5,,,1,70,,983449,5,,,1,30,,1146554,5,,,1,72,,1082733,5,,,1,30,,1146540,5,,,1,70,,1146535,5,,,1,30,,1146547,5,,,1,71,,1146538,5,,,1,98,,1146548,5,,,1,32,,1146529,5,,,1,73,,1146545,5,,,1,31,,1146543,5,,,1,73,,1146549,5,,,1,30,,1146551,5,,,1,67,,1146534,5,,,1,29,,1146539,5,,,1,66,,1146553,5,,,1,28,,1146555,5,,,1,68,,1146537,5,,,1,30,,1045705,5,,,1,70,,1146532,5,,,1,25,,1146544,5,,,1,70,,1146550,5,,,1
5100,'11',536,,1146564,5,,,1,99,,1146574,5,,,1,67,,953959,5,,,1,39,,1146569,5,,,1,70,,1068063,5,,,1,31,,1146570,5,,,1,70,,1146559,5,,,1,30,,1091356,5,,,1,77,,1146561,5,,,1,30,,1146558,5,,,1,70,,983699,5,,,1,30,,1146582,5,,,1,72,,1082813,5,,,1,30,,1146568,5,,,1,70,,1146563,5,,,1,30,,1146575,5,,,1,71,,1146566,5,,,1,98,,1146576,5,,,1,32,,1146557,5,,,1,73,,1146573,5,,,1,31,,1146571,5,,,1,73,,1146577,5,,,1,30,,1146579,5,,,1,67,,1146562,5,,,1,29,,1146567,5,,,1,66,,1146581,5,,,1,28,,1146583,5,,,1,68,,1146565,5,,,1,30,,1045493,5,,,1,70,,1146560,5,,,1,25,,1146572,5,,,1,70,,1146578,5,,,1
5100,'12',536,,1146595,5,,,1,99,,1146602,5,,,1,67,,1146614,5,,,1,39,,1146592,5,,,1,70,,1146598,5,,,1,31,,1146611,5,,,1,70,,1146610,5,,,1,30,,1146589,5,,,1,77,,1146593,5,,,1,30,,1010636,5,,,1,70,,1066452,5,,,1,30,,1146612,5,,,1,72,,1146607,5,,,1,30,,1146613,5,,,1,70,,1079329,5,,,1,30,,1146601,5,,,1,71,,1146590,5,,,1,98,,1146591,5,,,1,32,,1146596,5,,,1,73,,1146609,5,,,1,31,,1093316,5,,,1,73,,1146599,5,,,1,30,,1146587,5,,,1,67,,1146605,5,,,1,29,,1146588,5,,,1,66,,1146585,5,,,1,28,,1146606,5,,,1,68,,1146597,5,,,1,30,,1146600,5,,,1,70,,1146594,5,,,1,25,,1146603,5,,,1,70,,1146608,5,,,1
5100,'13',803,,1146635,5,,,1,100,,1146621,5,,,1,30,,1146630,5,,,1,70,,1078989,5,,,1,30,,1146631,5,,,1,70,,1146616,5,,,1,30,,1146633,5,,,1,70,,1146624,5,,,1,30,,998336,5,,,1,70,,1077842,5,,,1,30,,1146623,5,,,1,70,,1146619,5,,,1,30,,1146636,5,,,1,70,,1146622,5,,,1,30,,1146632,5,,,1,70,,1146637,5,,,1,30,,1062014,5,,,1,70,,1146615,5,,,1,30,,1146618,5,,,1,70,,1146627,5,,,1,30,,1146634,5,,,1,70,,1146617,5,,,1,30,,1146628,5,,,1,70,,1146620,5,,,1,100,,1146626,5,,,1,100,,1146629,5,,,1,100,,1146625,5,,,1
5100,'14',536,,1146648,5,,,1,99,,1146658,5,,,1,67,,1146662,5,,,1,39,,1146653,5,,,1,70,,1146645,5,,,1,31,,1146654,5,,,1,70,,1146641,5,,,1,30,,1146640,5,,,1,77,,1146644,5,,,1,30,,1146639,5,,,1,70,,1146643,5,,,1,30,,1146667,5,,,1,72,,1146668,5,,,1,30,,1146652,5,,,1,70,,1146647,5,,,1,30,,1146659,5,,,1,71,,1146650,5,,,1,98,,1146660,5,,,1,32,,1146638,5,,,1,73,,1146657,5,,,1,31,,1146655,5,,,1,73,,1146661,5,,,1,30,,1146664,5,,,1,67,,1146646,5,,,1,29,,1146651,5,,,1,66,,1146666,5,,,1,28,,1146670,5,,,1,68,,1146649,5,,,1,30,,1146669,5,,,1,70,,1146642,5,,,1,25,,1146656,5,,,1,70,,1146663,5,,,1
5100,'15',536,,1146672,5,,,1,99,,1146680,5,,,1,67,,1146684,5,,,1,39,,1146677,5,,,1,70,,1146699,5,,,1,31,,1146678,5,,,1,70,,1146687,5,,,1,30,,1146700,5,,,1,77,,1146685,5,,,1,30,,1146673,5,,,1,70,,1146705,5,,,1,30,,1146682,5,,,1,72,,1146694,5,,,1,30,,1146689,5,,,1,70,,1146703,5,,,1,30,,1146674,5,,,1,71,,1146676,5,,,1,98,,1146695,5,,,1,32,,1146683,5,,,1,73,,1146701,5,,,1,31,,1146704,5,,,1,73,,1146679,5,,,1,30,,1146675,5,,,1,67,,1146691,5,,,1,29,,1146688,5,,,1,66,,1146692,5,,,1,28,,1146686,5,,,1,68,,1146702,5,,,1,30,,1146690,5,,,1,70,,1146696,5,,,1,25,,1146697,5,,,1,70,,1146698,5,,,1
5100,'16',536,,1146718,5,,,1,99,,1146724,5,,,1,67,,1146735,5,,,1,39,,1146715,5,,,1,70,,1070973,5,,,1,31,,1146732,5,,,1,70,,1077514,5,,,1,30,,1146712,5,,,1,77,,1146716,5,,,1,30,,1146709,5,,,1,70,,1146708,5,,,1,30,,1146733,5,,,1,72,,1146729,5,,,1,30,,1146734,5,,,1,70,,1146737,5,,,1,30,,1146723,5,,,1,71,,1146713,5,,,1,98,,1146714,5,,,1,32,,1146719,5,,,1,73,,1146731,5,,,1,31,,1146736,5,,,1,73,,1146721,5,,,1,30,,1146710,5,,,1,67,,1146727,5,,,1,29,,1146711,5,,,1,66,,1146706,5,,,1,28,,1146728,5,,,1,68,,1146720,5,,,1,30,,1146722,5,,,1,70,,1146717,5,,,1,25,,1146725,5,,,1,70,,1146730,5,,,1
5100,'17',803,,1146761,5,,,1,100,,1146746,5,,,1,30,,1146756,5,,,1,70,,1146740,5,,,1,30,,1146757,5,,,1,70,,1146741,5,,,1,30,,1146759,5,,,1,70,,1146750,5,,,1,30,,1146763,5,,,1,70,,1146747,5,,,1,30,,1146749,5,,,1,70,,1146744,5,,,1,30,,1146762,5,,,1,70,,1146748,5,,,1,30,,1146758,5,,,1,70,,1146765,5,,,1,30,,1146764,5,,,1,70,,1146739,5,,,1,30,,1146743,5,,,1,70,,1146753,5,,,1,30,,1146760,5,,,1,70,,1146742,5,,,1,30,,1146754,5,,,1,70,,1146745,5,,,1,100,,1146752,5,,,1,100,,1146755,5,,,1,100,,1146751,5,,,1
5100,'2',638,,1146783,5,,,1,100,,1146794,5,,,1,70,,1146785,5,,,1,30,,1146779,5,,,1,70,,1146774,5,,,1,30,,1146769,5,,,1,70,,1146770,5,,,1,30,,1146773,5,,,1,70,,1146784,5,,,1,30,,1146772,5,,,1,70,,1146771,5,,,1,30,,1146767,5,,,1,70,,1146780,5,,,1,30,,1146792,5,,,1,70,,1146789,5,,,1,30,,1064550,5,,,1,70,,1146793,5,,,1,30,,1146776,5,,,1,70,,1146768,5,,,1,30,,1146766,5,,,1,70,,1146791,5,,,1,30,,1146786,5,,,1,70,,1146777,5,,,1,30,,1146788,5,,,1,100,,1146782,5,,,1,100,,1146795,5,,,1,100,,1146778,5,,,1,102,,1146790,5,,,1
5100,'3',803,,1146819,5,,,1,100,,1146804,5,,,1,30,,1146814,5,,,1,70,,1146798,5,,,1,30,,1146815,5,,,1,70,,1146799,5,,,1,30,,1146817,5,,,1,70,,1146808,5,,,1,30,,1146821,5,,,1,70,,1146805,5,,,1,30,,1146807,5,,,1,70,,1146802,5,,,1,30,,1146820,5,,,1,70,,1146806,5,,,1,30,,1146816,5,,,1,70,,1146823,5,,,1,30,,1146822,5,,,1,70,,1146797,5,,,1,30,,1146801,5,,,1,70,,1146811,5,,,1,30,,1146818,5,,,1,70,,1146800,5,,,1,30,,1146812,5,,,1,70,,1146803,5,,,1,100,,1146810,5,,,1,100,,1146813,5,,,1,100,,1146809,5,,,1
5100,'4',803,,1146839,5,,,1,100,,1146836,5,,,1,30,,1146848,5,,,1,70,,1146845,5,,,1,30,,1146847,5,,,1,70,,1146838,5,,,1,30,,1146846,5,,,1,70,,1146840,5,,,1,30,,1146841,5,,,1,70,,1146831,5,,,1,30,,1146830,5,,,1,70,,1146824,5,,,1,30,,1146849,5,,,1,70,,1146833,5,,,1,30,,1146832,5,,,1,70,,1146826,5,,,1,30,,1146842,5,,,1,70,,1069526,5,,,1,30,,1146837,5,,,1,70,,1146829,5,,,1,30,,1146850,5,,,1,70,,1146834,5,,,1,30,,1146825,5,,,1,70,,1146844,5,,,1,100,,1146828,5,,,1,100,,1146827,5,,,1,100,,1146843,5,,,1
5100,'5',536,,1146858,5,,,1,99,,1146868,5,,,1,67,,954229,5,,,1,39,,1146863,5,,,1,70,,1067976,5,,,1,31,,1146864,5,,,1,70,,1146853,5,,,1,30,,1091239,5,,,1,77,,1146855,5,,,1,30,,1146852,5,,,1,70,,983850,5,,,1,30,,1146876,5,,,1,72,,1082773,5,,,1,30,,1146862,5,,,1,70,,1146857,5,,,1,30,,1146869,5,,,1,71,,1146860,5,,,1,98,,1146870,5,,,1,32,,1146851,5,,,1,73,,1146867,5,,,1,31,,1146865,5,,,1,73,,1146871,5,,,1,30,,1146873,5,,,1,67,,1146856,5,,,1,29,,1146861,5,,,1,66,,1146875,5,,,1,28,,1146877,5,,,1,68,,1146859,5,,,1,30,,1045276,5,,,1,70,,1146854,5,,,1,25,,1146866,5,,,1,70,,1146872,5,,,1
5100,'6',536,,1103508,5,,,1,99,,1146895,5,,,1,67,,1034059,5,,,1,39,,1146886,5,,,1,70,,1146891,5,,,1,31,,1146903,5,,,1,70,,1146902,5,,,1,30,,1146883,5,,,1,77,,1146887,5,,,1,30,,1146880,5,,,1,70,,1146879,5,,,1,30,,1026605,5,,,1,72,,1146900,5,,,1,30,,1146904,5,,,1,70,,1146906,5,,,1,30,,1146894,5,,,1,71,,1146884,5,,,1,98,,1146885,5,,,1,32,,1146889,5,,,1,73,,1033211,5,,,1,31,,1146905,5,,,1,73,,1146892,5,,,1,30,,1146881,5,,,1,67,,1146898,5,,,1,29,,1146882,5,,,1,66,,1062232,5,,,1,28,,1146899,5,,,1,68,,1146890,5,,,1,30,,1146893,5,,,1,70,,1146888,5,,,1,25,,1146896,5,,,1,70,,1146901,5,,,1
5100,'7',638,,1146910,5,,,1,100,,1146926,5,,,1,70,,1146935,5,,,1,30,,1146918,5,,,1,70,,1146933,5,,,1,30,,1146912,5,,,1,70,,1146929,5,,,1,30,,1146915,5,,,1,70,,1146934,5,,,1,30,,1146921,5,,,1,70,,1146916,5,,,1,30,,1146931,5,,,1,70,,1146909,5,,,1,30,,1146923,5,,,1,70,,1146919,5,,,1,30,,1146927,5,,,1,70,,1146925,5,,,1,30,,1146924,5,,,1,70,,1146920,5,,,1,30,,1146930,5,,,1,70,,1146928,5,,,1,30,,1146937,5,,,1,70,,1146917,5,,,1,30,,1146936,5,,,1,100,,1146914,5,,,1,100,,1146908,5,,,1,100,,1146913,5,,,1,102,,1146911,5,,,1
5100,'8',536,,1146950,5,,,1,99,,1146957,5,,,1,67,,1146969,5,,,1,39,,1146947,5,,,1,70,,1146953,5,,,1,31,,1146966,5,,,1,70,,1146965,5,,,1,30,,1146944,5,,,1,77,,1146948,5,,,1,30,,1146941,5,,,1,70,,1146940,5,,,1,30,,1146967,5,,,1,72,,1146962,5,,,1,30,,1146968,5,,,1,70,,1146971,5,,,1,30,,1146956,5,,,1,71,,1146945,5,,,1,98,,1146946,5,,,1,32,,1146951,5,,,1,73,,1146964,5,,,1,31,,1146970,5,,,1,73,,1146954,5,,,1,30,,1146942,5,,,1,67,,1146960,5,,,1,29,,1146943,5,,,1,66,,1146938,5,,,1,28,,1146961,5,,,1,68,,1146952,5,,,1,30,,1146955,5,,,1,70,,1146949,5,,,1,25,,1146958,5,,,1,70,,1146963,5,,,1
5100,'9',536,,1146979,5,,,1,99,,1146989,5,,,1,67,,954162,5,,,1,39,,1146984,5,,,1,70,,1067865,5,,,1,31,,1146985,5,,,1,70,,1146974,5,,,1,30,,1091089,5,,,1,77,,1146976,5,,,1,30,,1146973,5,,,1,70,,983814,5,,,1,30,,1146997,5,,,1,72,,1082753,5,,,1,30,,1146983,5,,,1,70,,1146978,5,,,1,30,,1146990,5,,,1,71,,1146981,5,,,1,98,,1146991,5,,,1,32,,1146972,5,,,1,73,,1146988,5,,,1,31,,1146986,5,,,1,73,,1146992,5,,,1,30,,1146994,5,,,1,67,,1146977,5,,,1,29,,1146982,5,,,1,66,,1146996,5,,,1,28,,1146998,5,,,1,68,,1146980,5,,,1,30,,1045591,5,,,1,70,,1146975,5,,,1,25,,1146987,5,,,1,70,,1146993,5,,,1
