2600,'1',559,,1095608,7,,,1,141,,1126466,7,,,1,30,,1126468,7,,,1,71,,1126456,7,,,1,30,,1126469,7,,,1,70,,1126463,7,,,1,52,,1126464,7,,,1,102,,1126461,7,,,1,100,,1126460,7,,,1,103,,993970,7,,,1,252,,1126458,7,,,1,12,,1126470,15,,,1,18,,1126457,7,,,1,70,,1126462,7,,,1,30,,1126465,7,,,1,70,,1126467,7,,,1,29,,1126459,7,,,1,70,,1023417,7,,,1
2600,'10',559,,1095374,7,,,1,141,,1126481,7,,,1,30,,1126483,7,,,1,71,,1126471,7,,,1,30,,1126484,7,,,1,70,,1126478,7,,,1,52,,1126479,7,,,1,102,,1126476,7,,,1,100,,1126475,7,,,1,103,,994152,7,,,1,252,,1126473,7,,,1,12,,1126485,15,,,1,18,,1126472,7,,,1,70,,1126477,7,,,1,30,,1126480,7,,,1,70,,1126482,7,,,1,29,,1126474,7,,,1,70,,1023462,7,,,1
2600,'11',559,,1095681,7,,,1,141,,1126496,7,,,1,30,,1126498,7,,,1,71,,1126486,7,,,1,30,,1126499,7,,,1,70,,1126493,7,,,1,52,,1126494,7,,,1,102,,1126491,7,,,1,100,,1126490,7,,,1,103,,993914,7,,,1,252,,1126488,7,,,1,12,,1126500,15,,,1,18,,1126487,7,,,1,70,,1126492,7,,,1,30,,1126495,7,,,1,70,,1126497,7,,,1,29,,1126489,7,,,1,70,,1023404,7,,,1
2600,'12',559,,1126517,7,,,1,141,,1126501,7,,,1,30,,1126515,7,,,1,71,,1060226,7,,,1,30,,1126510,7,,,1,70,,1126511,7,,,1,52,,1126505,7,,,1,102,,1126503,7,,,1,100,,1126509,7,,,1,103,,1094070,7,,,1,252,,1126502,7,,,1,12,,1126516,15,,,1,18,,1126513,7,,,1,70,,1126504,7,,,1,30,,1126514,7,,,1,70,,1126507,7,,,1,29,,1126512,7,,,1,70,,1126506,7,,,1
2600,'14',559,,1126520,7,,,1,141,,1126532,7,,,1,30,,1126534,7,,,1,71,,1126518,7,,,1,30,,1126535,7,,,1,70,,1126529,7,,,1,52,,1126530,7,,,1,102,,1126527,7,,,1,100,,1126526,7,,,1,103,,1126521,7,,,1,252,,1126524,7,,,1,12,,1126536,15,,,1,18,,1126522,7,,,1,70,,1126528,7,,,1,30,,1126531,7,,,1,70,,1126533,7,,,1,29,,1126525,7,,,1,70,,1126519,7,,,1
2600,'15',559,,1126540,7,,,1,141,,1126537,7,,,1,30,,1126542,7,,,1,71,,1126549,7,,,1,30,,1126546,7,,,1,70,,1126552,7,,,1,52,,1126553,7,,,1,102,,1126541,7,,,1,100,,1126548,7,,,1,103,,1126551,7,,,1,252,,1126550,7,,,1,12,,1126547,15,,,1,18,,1126555,7,,,1,70,,1126554,7,,,1,30,,1126544,7,,,1,70,,1126538,7,,,1,29,,1126539,7,,,1,70,,1126545,7,,,1
2600,'16',559,,1091649,7,,,1,141,,1126556,7,,,1,30,,1126572,7,,,1,71,,1126559,7,,,1,30,,1126567,7,,,1,70,,1126568,7,,,1,52,,1126562,7,,,1,102,,1126560,7,,,1,100,,1126566,7,,,1,103,,1126557,7,,,1,252,,1126558,7,,,1,12,,1126573,15,,,1,18,,1126570,7,,,1,70,,1126561,7,,,1,30,,1126571,7,,,1,70,,1126564,7,,,1,29,,1126569,7,,,1,70,,1126563,7,,,1
2600,'5',559,,1095561,7,,,1,141,,1126584,7,,,1,30,,1126586,7,,,1,71,,1126574,7,,,1,30,,1126587,7,,,1,70,,1126581,7,,,1,52,,1126582,7,,,1,102,,1126579,7,,,1,100,,1126578,7,,,1,103,,993686,7,,,1,252,,1126576,7,,,1,12,,1126588,15,,,1,18,,1126575,7,,,1,70,,1126580,7,,,1,30,,1126583,7,,,1,70,,1126585,7,,,1,29,,1126577,7,,,1,70,,1023342,7,,,1
2600,'6',559,,1126606,7,,,1,141,,1077627,7,,,1,30,,1126604,7,,,1,71,,1126591,7,,,1,30,,1126599,7,,,1,70,,1126600,7,,,1,52,,1126594,7,,,1,102,,1126592,7,,,1,100,,1126598,7,,,1,103,,1126589,7,,,1,252,,1126590,7,,,1,12,,1126605,15,,,1,18,,1126602,7,,,1,70,,1126593,7,,,1,30,,1126603,7,,,1,70,,1126596,7,,,1,29,,1126601,7,,,1,70,,1126595,7,,,1
2600,'8',559,,1126625,7,,,1,141,,1126607,7,,,1,30,,1126623,7,,,1,71,,1126610,7,,,1,30,,1126618,7,,,1,70,,1126619,7,,,1,52,,1126613,7,,,1,102,,1126611,7,,,1,100,,1126617,7,,,1,103,,1126608,7,,,1,252,,1126609,7,,,1,12,,1126624,15,,,1,18,,1126621,7,,,1,70,,1126612,7,,,1,30,,1126622,7,,,1,70,,1126615,7,,,1,29,,1126620,7,,,1,70,,1126614,7,,,1
2600,'9',559,,1095449,7,,,1,141,,1126636,7,,,1,30,,1126638,7,,,1,71,,1126626,7,,,1,30,,1126639,7,,,1,70,,1126633,7,,,1,52,,1126634,7,,,1,102,,1126631,7,,,1,100,,1126630,7,,,1,103,,994026,7,,,1,252,,1126628,7,,,1,12,,1126640,15,,,1,18,,1126627,7,,,1,70,,1126632,7,,,1,30,,1126635,7,,,1,70,,1126637,7,,,1,29,,1126629,7,,,1,70,,1023430,7,,,1
2601,'1',810,,1126642,6,,,1
2601,'10',810,,1126657,6,,,1
2601,'11',810,,1126672,6,,,1
2601,'12',810,,1126688,6,,,1
2601,'14',810,,1126704,6,,,1
2601,'15',810,,1126734,6,,,1
2601,'16',810,,1126740,6,,,1
2601,'5',810,,1126756,6,,,1
2601,'6',810,,1062723,6,,,1
2601,'8',810,,1126785,6,,,1
2601,'9',810,,1126801,6,,,1
4201,'1',549,,1140212,6,,,1,96,,1066147,6,,,1,70,,1140203,6,,,1,28,,1140200,6,,,1,72,,1140205,6,,,1,15,,1140189,6,,,1,15,,1140201,6,,,1,72,,1064429,6,,,1,30,,1140197,6,,,1,70,,1140198,6,,,1,30,,998745,6,,,1,70,,1140196,6,,,1,30,,1140209,6,,,1,70,,1140207,6,,,1,30,,1140202,6,,,1,70,,1140191,6,,,1,30,,1140199,6,,,1,70,,1140211,6,,,1,30,,1084746,6,,,1,70,,1072633,6,,,1,32,,1002721,6,,,1,73,,1140194,6,,,1,33,,1140193,6,,,1,70,,1140208,6,,,1,26,,1140195,6,,,1,66,,1140206,6,,,1,27,,1140213,6,,,1,70,,1091285,6,,,1,30,,1140210,6,,,1,70,,1140190,6,,,1,29,,1140192,6,,,1,72,,1140204,6,,,1,30,,1140214,6,,,1
4201,'10',549,,1140238,6,,,1,96,,1065925,6,,,1,70,,1140229,6,,,1,28,,1140226,6,,,1,72,,1140231,6,,,1,15,,1140215,6,,,1,15,,1140227,6,,,1,72,,1064268,6,,,1,30,,1140223,6,,,1,70,,1140224,6,,,1,30,,998824,6,,,1,70,,1140222,6,,,1,30,,1140235,6,,,1,70,,1140233,6,,,1,30,,1140228,6,,,1,70,,1140217,6,,,1,30,,1140225,6,,,1,70,,1140237,6,,,1,30,,1084575,6,,,1,70,,1072486,6,,,1,32,,1002891,6,,,1,73,,1140220,6,,,1,33,,1140219,6,,,1,70,,1140234,6,,,1,26,,1140221,6,,,1,66,,1140232,6,,,1,27,,1140239,6,,,1,70,,1091008,6,,,1,30,,1140236,6,,,1,70,,1140216,6,,,1,29,,1140218,6,,,1,72,,1140230,6,,,1,30,,1140240,6,,,1
4201,'11',549,,1140264,6,,,1,96,,1066218,6,,,1,70,,1140255,6,,,1,28,,1140252,6,,,1,72,,1140257,6,,,1,15,,1140241,6,,,1,15,,1140253,6,,,1,72,,1064481,6,,,1,30,,1140249,6,,,1,70,,1140250,6,,,1,30,,998723,6,,,1,70,,1140248,6,,,1,30,,1140261,6,,,1,70,,1140259,6,,,1,30,,1140254,6,,,1,70,,1140243,6,,,1,30,,1140251,6,,,1,70,,1140263,6,,,1,30,,1084799,6,,,1,70,,1072674,6,,,1,32,,1002674,6,,,1,73,,1140246,6,,,1,33,,1140245,6,,,1,70,,1140260,6,,,1,26,,1140247,6,,,1,66,,1140258,6,,,1,27,,1140265,6,,,1,70,,1091359,6,,,1,30,,1140262,6,,,1,70,,1140242,6,,,1,29,,1140244,6,,,1,72,,1140256,6,,,1,30,,1140266,6,,,1
4201,'12',549,,1140293,6,,,1,96,,1022643,6,,,1,70,,1140276,6,,,1,28,,1140282,6,,,1,72,,1066886,6,,,1,15,,1140289,6,,,1,15,,1140268,6,,,1,72,,1140287,6,,,1,30,,1140286,6,,,1,70,,1089141,6,,,1,30,,1140283,6,,,1,70,,1030000,6,,,1,30,,1140269,6,,,1,70,,1140270,6,,,1,30,,1140272,6,,,1,70,,1140288,6,,,1,30,,1140280,6,,,1,70,,1140274,6,,,1,30,,1140273,6,,,1,70,,1140275,6,,,1,32,,1140271,6,,,1,73,,1140284,6,,,1,33,,1092772,6,,,1,70,,1140279,6,,,1,26,,1140292,6,,,1,66,,1140278,6,,,1,27,,1140285,6,,,1,70,,1140281,6,,,1,30,,1140267,6,,,1,70,,1140277,6,,,1,29,,1140294,6,,,1,72,,1140290,6,,,1,30,,1140291,6,,,1
4201,'13',734,,1140296,6,,,1,100,,1140306,6,,,1,100,,1140297,6,,,1,70,,1140303,6,,,1,30,,1140307,6,,,1,70,,1140299,6,,,1,30,,1140311,6,,,1,70,,1140305,6,,,1,30,,1140295,6,,,1,70,,1140310,6,,,1,30,,1140300,6,,,1,70,,1140309,6,,,1,30,,1140313,6,,,1,70,,1140301,6,,,1,30,,1140304,6,,,1,70,,1140312,6,,,1,30,,1140298,6,,,1,70,,1140314,6,,,1,30,,1140308,6,,,1,70,,1140302,6,,,1
4201,'14',549,,1140344,6,,,1,96,,1140323,6,,,1,70,,1140335,6,,,1,28,,1140332,6,,,1,72,,1140337,6,,,1,15,,1140315,6,,,1,15,,1140333,6,,,1,72,,1140316,6,,,1,30,,1140328,6,,,1,70,,1140329,6,,,1,30,,1140318,6,,,1,70,,1140327,6,,,1,30,,1140341,6,,,1,70,,1140339,6,,,1,30,,1140334,6,,,1,70,,1140320,6,,,1,30,,1140330,6,,,1,70,,1140343,6,,,1,30,,1140326,6,,,1,70,,1140347,6,,,1,32,,1140331,6,,,1,73,,1140324,6,,,1,33,,1140322,6,,,1,70,,1140340,6,,,1,26,,1140325,6,,,1,66,,1140338,6,,,1,27,,1140345,6,,,1,70,,1140319,6,,,1,30,,1140342,6,,,1,70,,1140317,6,,,1,29,,1140321,6,,,1,72,,1140336,6,,,1,30,,1140346,6,,,1
4201,'15',549,,1140377,6,,,1,96,,1140353,6,,,1,70,,1140380,6,,,1,28,,1140348,6,,,1,72,,1140372,6,,,1,15,,1140350,6,,,1,15,,1140357,6,,,1,72,,1140370,6,,,1,30,,1140364,6,,,1,70,,1140355,6,,,1,30,,1140367,6,,,1,70,,1140359,6,,,1,30,,1140373,6,,,1,70,,1140376,6,,,1,30,,1140374,6,,,1,70,,1140362,6,,,1,30,,1140354,6,,,1,70,,1140358,6,,,1,30,,1140349,6,,,1,70,,1140351,6,,,1,32,,1140356,6,,,1,73,,1140352,6,,,1,33,,1140375,6,,,1,70,,1140365,6,,,1,26,,1140368,6,,,1,66,,1140369,6,,,1,27,,1140371,6,,,1,70,,1140378,6,,,1,30,,1140379,6,,,1,70,,1140360,6,,,1,29,,1140361,6,,,1,72,,1140363,6,,,1,30,,1140366,6,,,1
4201,'16',549,,1073055,6,,,1,96,,1140382,6,,,1,70,,1038472,6,,,1,28,,1140398,6,,,1,72,,1140390,6,,,1,15,,1140405,6,,,1,15,,1083233,6,,,1,72,,1140403,6,,,1,30,,1140402,6,,,1,70,,1140394,6,,,1,30,,1140399,6,,,1,70,,1140386,6,,,1,30,,1140384,6,,,1,70,,1140385,6,,,1,30,,1090028,6,,,1,70,,1140404,6,,,1,30,,1140396,6,,,1,70,,1140389,6,,,1,30,,1140388,6,,,1,70,,1140391,6,,,1,32,,1140387,6,,,1,73,,1140400,6,,,1,33,,1140383,6,,,1,70,,1140395,6,,,1,26,,1140407,6,,,1,66,,1140393,6,,,1,27,,1140401,6,,,1,70,,1140397,6,,,1,30,,1140381,6,,,1,70,,1140392,6,,,1,29,,1140408,6,,,1,72,,1140406,6,,,1,30,,1099847,6,,,1
4201,'17',734,,1140410,6,,,1,100,,1140420,6,,,1,100,,1140411,6,,,1,70,,1140417,6,,,1,30,,1140421,6,,,1,70,,1140413,6,,,1,30,,1140425,6,,,1,70,,1140419,6,,,1,30,,1140409,6,,,1,70,,1140424,6,,,1,30,,1140414,6,,,1,70,,1140423,6,,,1,30,,1140427,6,,,1,70,,1140415,6,,,1,30,,1140418,6,,,1,70,,1140426,6,,,1,30,,1140412,6,,,1,70,,1140428,6,,,1,30,,1140422,6,,,1,70,,1140416,6,,,1
4201,'2',610,,1140433,6,,,1,100,,1140439,6,,,1,100,,1140444,6,,,1,30,,1140431,6,,,1,70,,1140438,6,,,1,30,,1140437,6,,,1,70,,1140450,6,,,1,30,,1140429,6,,,1,70,,1140440,6,,,1,30,,1140449,6,,,1,70,,1140435,6,,,1,30,,1140448,6,,,1,70,,1140442,6,,,1,32,,1077179,6,,,1,68,,1140451,6,,,1,30,,1140447,6,,,1,70,,1140443,6,,,1,30,,1071805,6,,,1,70,,1140430,6,,,1,30,,1140432,6,,,1,70,,1140445,6,,,1,30,,1140441,6,,,1,72,,1140436,6,,,1,28,,1140446,6,,,1,70,,1140434,6,,,1
4201,'3',734,,1140453,6,,,1,100,,1140463,6,,,1,100,,1140454,6,,,1,70,,1140460,6,,,1,30,,1140464,6,,,1,70,,1140456,6,,,1,30,,1140468,6,,,1,70,,1140462,6,,,1,30,,1140452,6,,,1,70,,1140467,6,,,1,30,,1140457,6,,,1,70,,1140466,6,,,1,30,,1140470,6,,,1,70,,1140458,6,,,1,30,,1140461,6,,,1,70,,1140469,6,,,1,30,,1140455,6,,,1,70,,1140471,6,,,1,30,,1140465,6,,,1,70,,1140459,6,,,1
4201,'4',734,,1140473,6,,,1,100,,1140478,6,,,1,100,,1140477,6,,,1,70,,1140474,6,,,1,30,,1014931,6,,,1,70,,1140481,6,,,1,30,,1140483,6,,,1,70,,1140475,6,,,1,30,,1140489,6,,,1,70,,1140479,6,,,1,30,,1140480,6,,,1,70,,1140484,6,,,1,30,,1140490,6,,,1,70,,1140487,6,,,1,30,,1140485,6,,,1,70,,1140472,6,,,1,30,,1140488,6,,,1,70,,1140482,6,,,1,30,,1140476,6,,,1,70,,1140486,6,,,1
4201,'5',549,,1140514,6,,,1,96,,1066106,6,,,1,70,,1140505,6,,,1,28,,1140502,6,,,1,72,,1140507,6,,,1,15,,1140491,6,,,1,15,,1140503,6,,,1,72,,1064404,6,,,1,30,,1140499,6,,,1,70,,1140500,6,,,1,30,,998591,6,,,1,70,,1140498,6,,,1,30,,1140511,6,,,1,70,,1140509,6,,,1,30,,1140504,6,,,1,70,,1140493,6,,,1,30,,1140501,6,,,1,70,,1140513,6,,,1,30,,1084717,6,,,1,70,,1072611,6,,,1,32,,1002402,6,,,1,73,,1140496,6,,,1,33,,1140495,6,,,1,70,,1140510,6,,,1,26,,1140497,6,,,1,66,,1140508,6,,,1,27,,1140515,6,,,1,70,,1091242,6,,,1,30,,1140512,6,,,1,70,,1140492,6,,,1,29,,1140494,6,,,1,72,,1140506,6,,,1,30,,1140516,6,,,1
4201,'6',549,,1140542,6,,,1,96,,1140518,6,,,1,70,,1140526,6,,,1,28,,1140533,6,,,1,72,,1140524,6,,,1,15,,1140540,6,,,1,15,,1140517,6,,,1,72,,1140538,6,,,1,30,,1140537,6,,,1,70,,1140529,6,,,1,30,,1140534,6,,,1,70,,1140520,6,,,1,30,,1082944,6,,,1,70,,1065550,6,,,1,30,,1140521,6,,,1,70,,1140539,6,,,1,30,,1140531,6,,,1,70,,1140523,6,,,1,30,,1140522,6,,,1,70,,1140525,6,,,1,32,,1085288,6,,,1,73,,1140535,6,,,1,33,,1140519,6,,,1,70,,1140530,6,,,1,26,,998249,6,,,1,66,,1140528,6,,,1,27,,1140536,6,,,1,70,,1140532,6,,,1,30,,1073079,6,,,1,70,,1140527,6,,,1,29,,1093057,6,,,1,72,,1019112,6,,,1,30,,1140541,6,,,1
4201,'7',610,,1140564,6,,,1,100,,1140547,6,,,1,100,,1140562,6,,,1,30,,1140565,6,,,1,70,,1140558,6,,,1,30,,1140549,6,,,1,70,,1140543,6,,,1,30,,1140561,6,,,1,70,,1140554,6,,,1,30,,1140546,6,,,1,70,,1140548,6,,,1,30,,1140560,6,,,1,70,,1140559,6,,,1,32,,1140566,6,,,1,68,,1140551,6,,,1,30,,1140544,6,,,1,70,,1140563,6,,,1,30,,1140556,6,,,1,70,,1140545,6,,,1,30,,1140552,6,,,1,70,,1140553,6,,,1,30,,1140550,6,,,1,72,,1140567,6,,,1,28,,1140557,6,,,1,70,,1140555,6,,,1
4201,'8',549,,1140599,6,,,1,96,,1140570,6,,,1,70,,1140581,6,,,1,28,,1140588,6,,,1,72,,1140579,6,,,1,15,,1140595,6,,,1,15,,1140569,6,,,1,72,,1140593,6,,,1,30,,1140592,6,,,1,70,,1140584,6,,,1,30,,1140589,6,,,1,70,,1140574,6,,,1,30,,1140572,6,,,1,70,,1140573,6,,,1,30,,1140576,6,,,1,70,,1140594,6,,,1,30,,1140586,6,,,1,70,,1140578,6,,,1,30,,1140577,6,,,1,70,,1140580,6,,,1,32,,1140575,6,,,1,73,,1140590,6,,,1,33,,1140571,6,,,1,70,,1140585,6,,,1,26,,1140598,6,,,1,66,,1140583,6,,,1,27,,1140591,6,,,1,70,,1140587,6,,,1,30,,1140568,6,,,1,70,,1140582,6,,,1,29,,1140600,6,,,1,72,,1140596,6,,,1,30,,1140597,6,,,1
4201,'9',549,,1140624,6,,,1,96,,1065997,6,,,1,70,,1140615,6,,,1,28,,1140612,6,,,1,72,,1140617,6,,,1,15,,1140601,6,,,1,15,,1140613,6,,,1,72,,1064315,6,,,1,30,,1140609,6,,,1,70,,1140610,6,,,1,30,,998767,6,,,1,70,,1140608,6,,,1,30,,1140621,6,,,1,70,,1140619,6,,,1,30,,1140614,6,,,1,70,,1140603,6,,,1,30,,1140611,6,,,1,70,,1140623,6,,,1,30,,1084629,6,,,1,70,,1072534,6,,,1,32,,1002768,6,,,1,73,,1140606,6,,,1,33,,1140605,6,,,1,70,,1140620,6,,,1,26,,1140607,6,,,1,66,,1140618,6,,,1,27,,1140625,6,,,1,70,,1091092,6,,,1,30,,1140622,6,,,1,70,,1140602,6,,,1,29,,1140604,6,,,1,72,,1140616,6,,,1,30,,1140626,6,,,1
