11201,'1',545,,1187748,15,,,1,70,,1187733,15,,,1,31,,979075,15,,,1,70,,1187744,15,,,1,31,,1187747,15,,,1,70,,1187740,15,,,1,29,,1187734,15,,,1,70,,1187745,15,,,1,30,,1071699,15,,,1,70,,1187743,15,,,1,30,,1089196,15,,,1,70,,1187735,15,,,1,30,,1187738,15,,,1,70,,1187729,15,,,1,30,,1187731,15,,,1,69,,1187737,15,,,1,30,,1187739,15,,,1,72,,1187727,15,,,1,31,,1035994,15,,,1,70,,1187728,15,,,1,30,,1041011,15,,,1,72,,1187726,15,,,1,28,,1187742,15,,,1,70,,1187750,15,,,1,30,,1187732,15,,,1,68,,1187752,15,,,1,30,,1187730,15,,,1,70,,1187749,15,,,1,30,,1187746,15,,,1,66,,1187725,15,,,1,30,,1039389,15,,,1,70,,1187751,15,,,1,29,,1187741,15,,,1,69,,1057230,15,,,1,30,,1187736,15,,,1,100,,996026,15,,,1
11201,'10',545,,1187776,15,,,1,70,,1187761,15,,,1,31,,978733,15,,,1,70,,1187772,15,,,1,31,,1187775,15,,,1,70,,1187768,15,,,1,29,,1187762,15,,,1,70,,1187773,15,,,1,30,,1071550,15,,,1,70,,1187771,15,,,1,30,,1089001,15,,,1,70,,1187763,15,,,1,30,,1187766,15,,,1,70,,1187757,15,,,1,30,,1187759,15,,,1,69,,1187765,15,,,1,30,,1187767,15,,,1,72,,1187755,15,,,1,31,,1036212,15,,,1,70,,1187756,15,,,1,30,,1041158,15,,,1,72,,1187754,15,,,1,28,,1187770,15,,,1,70,,1187778,15,,,1,30,,1187760,15,,,1,68,,1187780,15,,,1,30,,1187758,15,,,1,70,,1187777,15,,,1,30,,1187774,15,,,1,66,,1187753,15,,,1,30,,1039473,15,,,1,70,,1187779,15,,,1,29,,1187769,15,,,1,69,,1057248,15,,,1,30,,1187764,15,,,1,100,,996203,15,,,1
11201,'11',545,,1187804,15,,,1,70,,1187789,15,,,1,31,,979018,15,,,1,70,,1187800,15,,,1,31,,1187803,15,,,1,70,,1187796,15,,,1,29,,1187790,15,,,1,70,,1187801,15,,,1,30,,1071741,15,,,1,70,,1187799,15,,,1,30,,1089251,15,,,1,70,,1187791,15,,,1,30,,1187794,15,,,1,70,,1187785,15,,,1,30,,1187787,15,,,1,69,,1187793,15,,,1,30,,1187795,15,,,1,72,,1187783,15,,,1,31,,1035931,15,,,1,70,,1187784,15,,,1,30,,1040972,15,,,1,72,,1187782,15,,,1,28,,1187798,15,,,1,70,,1187806,15,,,1,30,,1187788,15,,,1,68,,1187808,15,,,1,30,,1187786,15,,,1,70,,1187805,15,,,1,30,,1187802,15,,,1,66,,1187781,15,,,1,30,,1039365,15,,,1,70,,1187807,15,,,1,29,,1187797,15,,,1,69,,1057224,15,,,1,30,,1187792,15,,,1,100,,995975,15,,,1
11201,'12',545,,1187813,15,,,1,70,,1187836,15,,,1,31,,947893,15,,,1,70,,1187837,15,,,1,31,,1187818,15,,,1,70,,1082420,15,,,1,29,,1187821,15,,,1,70,,1187810,15,,,1,30,,1187819,15,,,1,70,,1187839,15,,,1,30,,1187830,15,,,1,70,,1068836,15,,,1,30,,1187815,15,,,1,70,,1187832,15,,,1,30,,1187828,15,,,1,69,,886394,15,,,1,30,,1187820,15,,,1,72,,1187829,15,,,1,31,,1187811,15,,,1,70,,1187831,15,,,1,30,,1187835,15,,,1,72,,1187834,15,,,1,28,,1187838,15,,,1,70,,1187827,15,,,1,30,,1187833,15,,,1,68,,1187816,15,,,1,30,,1187814,15,,,1,70,,1187809,15,,,1,30,,1187826,15,,,1,66,,1187824,15,,,1,30,,1187825,15,,,1,70,,1187812,15,,,1,29,,1187823,15,,,1,69,,1187822,15,,,1,30,,1187840,15,,,1,100,,1187817,15,,,1
11201,'13',812,,1187855,15,,,1,101,,1187863,15,,,1,30,,1187851,15,,,1,70,,1187852,15,,,1,30,,1187843,15,,,1,71,,1006712,15,,,1,30,,1187864,15,,,1,70,,1187844,15,,,1,30,,1187845,15,,,1,70,,1187862,15,,,1,30,,1080415,15,,,1,70,,1004321,15,,,1,30,,1187842,15,,,1,70,,1187861,15,,,1,30,,1187850,15,,,1,70,,1187846,15,,,1,30,,1187854,15,,,1,70,,1187859,15,,,1,30,,1187856,15,,,1,70,,1097330,15,,,1,30,,1187858,15,,,1,69,,1187849,15,,,1,30,,1187857,15,,,1,69,,1187865,15,,,1,30,,1187860,15,,,1,70,,1187853,15,,,1,30,,1187848,15,,,1,70,,1187847,15,,,1,110,,1187841,15,,,1
11201,'14',545,,1187894,15,,,1,70,,1187876,15,,,1,31,,1187895,15,,,1,70,,1187889,15,,,1,31,,1187892,15,,,1,70,,1187884,15,,,1,29,,1187877,15,,,1,70,,1187890,15,,,1,30,,1187882,15,,,1,70,,1187888,15,,,1,30,,1187867,15,,,1,70,,1187878,15,,,1,30,,1187881,15,,,1,70,,1187872,15,,,1,30,,1187874,15,,,1,69,,1187880,15,,,1,30,,1187883,15,,,1,72,,1187870,15,,,1,31,,1187868,15,,,1,70,,1187871,15,,,1,30,,1187887,15,,,1,72,,1187869,15,,,1,28,,1187886,15,,,1,70,,1187898,15,,,1,30,,1187875,15,,,1,68,,1187901,15,,,1,30,,1187873,15,,,1,70,,1187897,15,,,1,30,,1187891,15,,,1,66,,1187866,15,,,1,30,,1187896,15,,,1,70,,1187899,15,,,1,29,,1187885,15,,,1,69,,1187893,15,,,1,30,,1187879,15,,,1,100,,1187900,15,,,1
11201,'15',545,,1187914,15,,,1,70,,1187902,15,,,1,31,,1187912,15,,,1,70,,1187932,15,,,1,31,,1187910,15,,,1,70,,1187913,15,,,1,29,,1187920,15,,,1,70,,1187928,15,,,1,30,,1187911,15,,,1,70,,1187917,15,,,1,30,,1187915,15,,,1,70,,1187937,15,,,1,30,,1187929,15,,,1,70,,1187903,15,,,1,30,,1187906,15,,,1,69,,1187933,15,,,1,30,,1187921,15,,,1,72,,1187927,15,,,1,31,,1187904,15,,,1,70,,1187916,15,,,1,30,,1187918,15,,,1,72,,1187908,15,,,1,28,,1187907,15,,,1,70,,1187934,15,,,1,30,,1187905,15,,,1,68,,1187936,15,,,1,30,,1187931,15,,,1,70,,1187922,15,,,1,30,,1187923,15,,,1,66,,1187926,15,,,1,30,,1187925,15,,,1,70,,1187909,15,,,1,29,,1187930,15,,,1,69,,1187935,15,,,1,30,,1187924,15,,,1,100,,1187919,15,,,1
11201,'16',545,,1187945,15,,,1,70,,1187968,15,,,1,31,,1187944,15,,,1,70,,1187969,15,,,1,31,,1187950,15,,,1,70,,1187943,15,,,1,29,,1187953,15,,,1,70,,1187939,15,,,1,30,,1187951,15,,,1,70,,1187971,15,,,1,30,,1187962,15,,,1,70,,1187940,15,,,1,30,,1187947,15,,,1,70,,1187964,15,,,1,30,,1187960,15,,,1,69,,1187942,15,,,1,30,,1187952,15,,,1,72,,1187961,15,,,1,31,,1083913,15,,,1,70,,1187963,15,,,1,30,,1187967,15,,,1,72,,1187966,15,,,1,28,,1187970,15,,,1,70,,1187959,15,,,1,30,,1187965,15,,,1,68,,1187948,15,,,1,30,,1187946,15,,,1,70,,1187938,15,,,1,30,,1187958,15,,,1,66,,1187956,15,,,1,30,,1187957,15,,,1,70,,1187941,15,,,1,29,,1187955,15,,,1,69,,1187954,15,,,1,30,,1187972,15,,,1,100,,1187949,15,,,1
11201,'17',812,,1187990,15,,,1,101,,1187998,15,,,1,30,,1187986,15,,,1,70,,1187987,15,,,1,30,,1187977,15,,,1,71,,1187973,15,,,1,30,,1187999,15,,,1,70,,1187978,15,,,1,30,,1187980,15,,,1,70,,1187997,15,,,1,30,,1188001,15,,,1,70,,1187979,15,,,1,30,,1187976,15,,,1,70,,1187996,15,,,1,30,,1187985,15,,,1,70,,1187981,15,,,1,30,,1187989,15,,,1,70,,1187994,15,,,1,30,,1187991,15,,,1,70,,1187975,15,,,1,30,,1187993,15,,,1,69,,1187984,15,,,1,30,,1187992,15,,,1,69,,1188000,15,,,1,30,,1187995,15,,,1,70,,1187988,15,,,1,30,,1187983,15,,,1,70,,1187982,15,,,1,110,,1187974,15,,,1
11201,'2',532,,1188028,15,,,1,90,,1188026,15,,,1,100,,1188017,15,,,1,30,,1188009,15,,,1,70,,1188023,15,,,1,30,,1188006,15,,,1,71,,1188013,15,,,1,30,,1188004,15,,,1,70,,1188003,15,,,1,30,,1188016,15,,,1,71,,1188018,15,,,1,30,,1188011,15,,,1,70,,1188035,15,,,1,30,,1188010,15,,,1,70,,1188031,15,,,1,30,,1188012,15,,,1,70,,1188014,15,,,1,30,,1188025,15,,,1,70,,1188021,15,,,1,30,,1188032,15,,,1,70,,1188029,15,,,1,30,,1188005,15,,,1,70,,1188002,15,,,1,30,,1188024,15,,,1,70,,1188027,15,,,1,30,,1188030,15,,,1,69,,1188034,15,,,1,30,,1188007,15,,,1,69,,1188019,15,,,1,30,,1188022,15,,,1,70,,1188008,15,,,1,30,,1188036,15,,,1,70,,1188015,15,,,1,30,,1188020,15,,,1,150,,1188033,15,,,1
11201,'3',812,,1188054,15,,,1,101,,1188062,15,,,1,30,,1188050,15,,,1,70,,1188051,15,,,1,30,,1188041,15,,,1,71,,1188037,15,,,1,30,,1188063,15,,,1,70,,1188042,15,,,1,30,,1188044,15,,,1,70,,1188061,15,,,1,30,,1188065,15,,,1,70,,1188043,15,,,1,30,,1188040,15,,,1,70,,1188060,15,,,1,30,,1188049,15,,,1,70,,1188045,15,,,1,30,,1188053,15,,,1,70,,1188058,15,,,1,30,,1188055,15,,,1,70,,1188039,15,,,1,30,,1188057,15,,,1,69,,1188048,15,,,1,30,,1188056,15,,,1,69,,1188064,15,,,1,30,,1188059,15,,,1,70,,1188052,15,,,1,30,,1188047,15,,,1,70,,1188046,15,,,1,110,,1188038,15,,,1
11201,'4',812,,1188088,15,,,1,101,,1188068,15,,,1,30,,1188069,15,,,1,70,,1188080,15,,,1,30,,1188067,15,,,1,71,,940943,15,,,1,30,,1188066,15,,,1,70,,1188078,15,,,1,30,,1188091,15,,,1,70,,1188071,15,,,1,30,,1188084,15,,,1,70,,1188081,15,,,1,30,,1188077,15,,,1,70,,1188092,15,,,1,30,,1188087,15,,,1,70,,1188089,15,,,1,30,,1188082,15,,,1,70,,1053287,15,,,1,30,,1188086,15,,,1,70,,1188075,15,,,1,30,,1188073,15,,,1,69,,1188070,15,,,1,30,,1188079,15,,,1,69,,1188072,15,,,1,30,,1188074,15,,,1,70,,1188090,15,,,1,30,,1188085,15,,,1,70,,1188076,15,,,1,110,,1188083,15,,,1
11201,'5',545,,1188116,15,,,1,70,,1188101,15,,,1,31,,979259,15,,,1,70,,1188112,15,,,1,31,,1188115,15,,,1,70,,1188108,15,,,1,29,,1188102,15,,,1,70,,1188113,15,,,1,30,,1071675,15,,,1,70,,1188111,15,,,1,30,,1089158,15,,,1,70,,1188103,15,,,1,30,,1188106,15,,,1,70,,1188097,15,,,1,30,,1188099,15,,,1,69,,1188105,15,,,1,30,,1188107,15,,,1,72,,1188095,15,,,1,31,,1035587,15,,,1,70,,1188096,15,,,1,30,,1040735,15,,,1,72,,1188094,15,,,1,28,,1188110,15,,,1,70,,1188118,15,,,1,30,,1188100,15,,,1,68,,1188120,15,,,1,30,,1188098,15,,,1,70,,1188117,15,,,1,30,,1188114,15,,,1,66,,1188093,15,,,1,30,,1039240,15,,,1,70,,1188119,15,,,1,29,,1188109,15,,,1,69,,1057210,15,,,1,30,,1188104,15,,,1,100,,995683,15,,,1
11201,'6',545,,1188126,15,,,1,70,,1188149,15,,,1,31,,1188125,15,,,1,70,,1101243,15,,,1,31,,1188131,15,,,1,70,,1188124,15,,,1,29,,1188134,15,,,1,70,,1017692,15,,,1,30,,1188132,15,,,1,70,,1100113,15,,,1,30,,1188143,15,,,1,70,,1188121,15,,,1,30,,1188128,15,,,1,70,,1188145,15,,,1,30,,1188141,15,,,1,69,,1188123,15,,,1,30,,1188133,15,,,1,72,,1188142,15,,,1,31,,1188122,15,,,1,70,,1188144,15,,,1,30,,1188148,15,,,1,72,,1188147,15,,,1,28,,1188150,15,,,1,70,,1188140,15,,,1,30,,1188146,15,,,1,68,,1188129,15,,,1,30,,1188127,15,,,1,70,,1084813,15,,,1,30,,1188139,15,,,1,66,,1188137,15,,,1,30,,1188138,15,,,1,70,,1102998,15,,,1,29,,1188136,15,,,1,69,,1188135,15,,,1,30,,1188151,15,,,1,100,,1188130,15,,,1
11201,'7',532,,1188170,15,,,1,90,,1188174,15,,,1,100,,1188153,15,,,1,30,,1188178,15,,,1,70,,1188165,15,,,1,30,,1188181,15,,,1,71,,1188162,15,,,1,30,,1188173,15,,,1,70,,1188180,15,,,1,30,,1188158,15,,,1,71,,1188161,15,,,1,30,,1188177,15,,,1,70,,1188172,15,,,1,30,,1188155,15,,,1,70,,1188175,15,,,1,30,,1188163,15,,,1,70,,1188186,15,,,1,30,,1188185,15,,,1,70,,1188184,15,,,1,30,,1188152,15,,,1,70,,1188159,15,,,1,30,,1188169,15,,,1,70,,1188154,15,,,1,30,,1188164,15,,,1,70,,1188156,15,,,1,30,,1188166,15,,,1,69,,1188171,15,,,1,30,,1188179,15,,,1,69,,1188167,15,,,1,30,,1188160,15,,,1,70,,1188183,15,,,1,30,,1188157,15,,,1,70,,1188168,15,,,1,30,,1188182,15,,,1,150,,1188176,15,,,1
11201,'8',545,,1188195,15,,,1,70,,1188218,15,,,1,31,,1188194,15,,,1,70,,1188219,15,,,1,31,,1188200,15,,,1,70,,1188193,15,,,1,29,,1188203,15,,,1,70,,1188188,15,,,1,30,,1188201,15,,,1,70,,1188221,15,,,1,30,,1188212,15,,,1,70,,1188189,15,,,1,30,,1188197,15,,,1,70,,1188214,15,,,1,30,,1188210,15,,,1,69,,1188192,15,,,1,30,,1188202,15,,,1,72,,1188211,15,,,1,31,,1188190,15,,,1,70,,1188213,15,,,1,30,,1188217,15,,,1,72,,1188216,15,,,1,28,,1188220,15,,,1,70,,1188209,15,,,1,30,,1188215,15,,,1,68,,1188198,15,,,1,30,,1188196,15,,,1,70,,1188187,15,,,1,30,,1188208,15,,,1,66,,1188206,15,,,1,30,,1188207,15,,,1,70,,1188191,15,,,1,29,,1188205,15,,,1,69,,1188204,15,,,1,30,,1188222,15,,,1,100,,1188199,15,,,1
11201,'9',545,,1188246,15,,,1,70,,1188231,15,,,1,31,,979202,15,,,1,70,,1188242,15,,,1,31,,1188245,15,,,1,70,,1188238,15,,,1,29,,1188232,15,,,1,70,,1188243,15,,,1,30,,1071598,15,,,1,70,,1188241,15,,,1,30,,1089064,15,,,1,70,,1188233,15,,,1,30,,1188236,15,,,1,70,,1188227,15,,,1,30,,1188229,15,,,1,69,,1188235,15,,,1,30,,1188237,15,,,1,72,,1188225,15,,,1,31,,1036057,15,,,1,70,,1188226,15,,,1,30,,1041050,15,,,1,72,,1188224,15,,,1,28,,1188240,15,,,1,70,,1188248,15,,,1,30,,1188230,15,,,1,68,,1188250,15,,,1,30,,1188228,15,,,1,70,,1188247,15,,,1,30,,1188244,15,,,1,66,,1188223,15,,,1,30,,1039413,15,,,1,70,,1188249,15,,,1,29,,1188239,15,,,1,69,,1057236,15,,,1,30,,1188234,15,,,1,100,,996077,15,,,1
67001,'1',1457,,950271,15,,,1
67001,'10',1457,,950105,15,,,1
67001,'11',1457,,950245,15,,,1
67001,'12',1457,,1200073,15,,,1
67001,'14',1457,,1200074,15,,,1
67001,'15',1457,,1200075,15,,,1
67001,'16',1457,,1063652,15,,,1
67001,'5',1457,,950355,15,,,1
67001,'6',1457,,1200076,15,,,1
67001,'8',1457,,1200077,15,,,1
67001,'9',1457,,950329,15,,,1
