1100,'1',438,,1113618,23,,,1,70,,1113625,23,,,1,32,,1113629,23,,,1,15,,1113615,23,,,1,55,,1072454,23,,,1,15,,1113603,23,,,1,17,,1113617,23,,,1,15,,1113632,23,,,1,55,,1113634,23,,,1,15,,1113641,23,,,1,16,,1113647,23,,,1,16,,1113648,23,,,1,55,,1079580,23,,,1,15,,1113607,23,,,1,15,,1113638,23,,,1,15,,1113637,39,,,1,52,,1113642,23,,,1,14,,1113651,39,,,1,15,,1113633,23,,,1,14,,1113621,39,,,1,56,,1113619,23,,,1,16,,1113606,39,,,1,15,,1096121,23,,,1,14,,1113611,39,,,1,55,,1113620,23,,,1,15,,1113639,39,,,1,15,,1113616,23,,,1,13,,1113609,39,,,1,56,,1113650,23,,,1,14,,1113643,39,,,1,15,,1113630,23,,,1,15,,1113646,39,,,1,55,,1113636,23,,,1,14,,1094167,39,,,1,15,,1113604,23,,,1,15,,1113631,39,,,1,56,,1113608,23,,,1,14,,1113640,39,,,1,14,,1097474,23,,,1,69,,1113605,23,,,1,13,,1113614,39,,,1,19,,995211,23,,,1,13,,1113635,39,,,1,54,,1113644,23,,,1,17,,1086848,39,,,1,14,,1048786,23,,,1,14,,1063123,39,,,1,55,,1113645,23,,,1,14,,1113610,39,,,1,15,,1113626,23,,,1,15,,1113622,39,,,1,67,,1113624,39,,,1,30,,1082656,39,,,1,69,,1113649,39,,,1,27,,1113623,39,,,1,70,,1113612,39,,,1,30,,1113627,39,,,1,69,,1113601,39,,,1,30,,1113602,39,,,1,73,,1113613,23,,,1,32,,1113652,23,,,1,71,,1073237,23,,,1,30,,1113628,23,,,1,72,,1070044,23,,,1
1100,'10',438,,1113670,23,,,1,70,,1113677,23,,,1,32,,1113681,23,,,1,15,,1113667,23,,,1,55,,1072439,23,,,1,15,,1113655,23,,,1,17,,1113669,23,,,1,15,,1113684,23,,,1,55,,1113686,23,,,1,15,,1113693,23,,,1,16,,1113699,23,,,1,16,,1113700,23,,,1,55,,1079388,23,,,1,15,,1113659,23,,,1,15,,1113690,23,,,1,15,,1113689,39,,,1,52,,1113694,23,,,1,14,,1113703,39,,,1,15,,1113685,23,,,1,14,,1113673,39,,,1,56,,1113671,23,,,1,16,,1113658,39,,,1,15,,1095978,23,,,1,14,,1113663,39,,,1,55,,1113672,23,,,1,15,,1113691,39,,,1,15,,1113668,23,,,1,13,,1113661,39,,,1,56,,1113702,23,,,1,14,,1113695,39,,,1,15,,1113682,23,,,1,15,,1113698,39,,,1,55,,1113688,23,,,1,14,,1093947,39,,,1,15,,1113656,23,,,1,15,,1113683,39,,,1,56,,1113660,23,,,1,14,,1113692,39,,,1,14,,1097237,23,,,1,69,,1113657,23,,,1,13,,1113666,39,,,1,19,,995380,23,,,1,13,,1113687,39,,,1,54,,1113696,23,,,1,17,,1086788,39,,,1,14,,1048880,23,,,1,14,,1062781,39,,,1,55,,1113697,23,,,1,14,,1113662,39,,,1,15,,1113678,23,,,1,15,,1113674,39,,,1,67,,1113676,39,,,1,30,,1082526,39,,,1,69,,1113701,39,,,1,27,,1113675,39,,,1,70,,1113664,39,,,1,30,,1113679,39,,,1,69,,1113653,39,,,1,30,,1113654,39,,,1,73,,1113665,23,,,1,32,,1113704,23,,,1,71,,1073109,23,,,1,30,,1113680,23,,,1,72,,1069915,23,,,1
1100,'11',438,,1113722,23,,,1,70,,1113729,23,,,1,32,,1113733,23,,,1,15,,1113719,23,,,1,55,,1072459,23,,,1,15,,1113707,23,,,1,17,,1113721,23,,,1,15,,1113736,23,,,1,55,,1113738,23,,,1,15,,1113745,23,,,1,16,,1113751,23,,,1,16,,1113752,23,,,1,55,,1079639,23,,,1,15,,1113711,23,,,1,15,,1113742,23,,,1,15,,1113741,39,,,1,52,,1113746,23,,,1,14,,1113755,39,,,1,15,,1113737,23,,,1,14,,1113725,39,,,1,56,,1113723,23,,,1,16,,1113710,39,,,1,15,,1096164,23,,,1,14,,1113715,39,,,1,55,,1113724,23,,,1,15,,1113743,39,,,1,15,,1113720,23,,,1,13,,1113713,39,,,1,56,,1113754,23,,,1,14,,1113747,39,,,1,15,,1113734,23,,,1,15,,1113750,39,,,1,55,,1113740,23,,,1,14,,1094230,39,,,1,15,,1113708,23,,,1,15,,1113735,39,,,1,56,,1113712,23,,,1,14,,1113744,39,,,1,14,,1097543,23,,,1,69,,1113709,23,,,1,13,,1113718,39,,,1,19,,995163,23,,,1,13,,1113739,39,,,1,54,,1113748,23,,,1,17,,1086868,39,,,1,14,,1048758,23,,,1,14,,1063224,39,,,1,55,,1113749,23,,,1,14,,1113714,39,,,1,15,,1113730,23,,,1,15,,1113726,39,,,1,67,,1113728,39,,,1,30,,1082692,39,,,1,69,,1113753,39,,,1,27,,1113727,39,,,1,70,,1113716,39,,,1,30,,1113731,39,,,1,69,,1113705,39,,,1,30,,1113706,39,,,1,73,,1113717,23,,,1,32,,1113756,23,,,1,71,,1073273,23,,,1,30,,1113732,23,,,1,72,,1070084,23,,,1
1100,'12',438,,1113806,23,,,1,70,,1113776,23,,,1,32,,1113801,23,,,1,15,,1113759,23,,,1,55,,1113770,23,,,1,15,,1113769,23,,,1,17,,1113779,23,,,1,15,,1113802,23,,,1,55,,1113805,23,,,1,15,,1113798,23,,,1,16,,1113791,23,,,1,16,,1113785,23,,,1,55,,1113761,23,,,1,15,,1113772,23,,,1,15,,1113784,23,,,1,15,,1113812,39,,,1,52,,1113796,23,,,1,14,,1113764,39,,,1,15,,1113762,23,,,1,14,,1113799,39,,,1,56,,1113789,23,,,1,16,,1093309,39,,,1,15,,1113794,23,,,1,14,,1113813,39,,,1,55,,944798,23,,,1,15,,1113775,39,,,1,15,,1113758,23,,,1,13,,1113763,39,,,1,56,,1113787,23,,,1,14,,1113803,39,,,1,15,,1099474,23,,,1,15,,1113800,39,,,1,55,,1113760,23,,,1,14,,1113767,39,,,1,15,,1113768,23,,,1,15,,1036376,39,,,1,56,,1113809,23,,,1,14,,1113765,39,,,1,14,,1113777,23,,,1,69,,1113793,23,,,1,13,,1113783,39,,,1,19,,1113782,23,,,1,13,,1113790,39,,,1,54,,1113774,23,,,1,17,,1113788,39,,,1,14,,1113804,23,,,1,14,,1113792,39,,,1,55,,1113814,23,,,1,14,,1113757,39,,,1,15,,1113808,23,,,1,15,,1113780,39,,,1,67,,1113786,39,,,1,30,,1113811,39,,,1,69,,1113773,39,,,1,27,,1113810,39,,,1,70,,1113781,39,,,1,30,,1113795,39,,,1,69,,1113797,39,,,1,30,,1113807,39,,,1,73,,1113778,23,,,1,32,,1113771,23,,,1,71,,1076940,23,,,1,30,,1069070,23,,,1,72,,1113766,23,,,1
1100,'13',640,,1113828,23,,,1,70,,1113824,23,,,1,30,,1113829,23,,,1,70,,1113826,23,,,1,30,,1113832,23,,,1,70,,1113818,23,,,1,28,,1113846,39,,,1,70,,1113820,23,,,1,31,,1113840,39,,,1,70,,1113825,39,,,1,30,,1113831,39,,,1,70,,1113844,39,,,1,30,,1113833,39,,,1,70,,1113838,39,,,1,30,,1080177,39,,,1,70,,1113819,39,,,1,30,,1113837,39,,,1,70,,1113822,39,,,1,30,,1113816,39,,,1,70,,1113842,39,,,1,29,,1113817,39,,,1,70,,1113815,39,,,1,30,,1113847,39,,,1,70,,1113827,39,,,1,30,,1113823,39,,,1,70,,1113830,39,,,1,25,,1113835,23,,,1,70,,1113836,23,,,1,29,,1113839,23,,,1,70,,1113821,23,,,1,30,,1092735,23,,,1,70,,1015858,23,,,1,30,,1113834,23,,,1,70,,1113841,23,,,1,30,,1113845,23,,,1,70,,1113843,23,,,1
1100,'14',438,,1113869,23,,,1,70,,1113876,23,,,1,32,,1113880,23,,,1,15,,1113866,23,,,1,55,,1113908,23,,,1,15,,1113852,23,,,1,17,,1113868,23,,,1,15,,1113883,23,,,1,55,,1113885,23,,,1,15,,1113892,23,,,1,16,,1113898,23,,,1,16,,1113899,23,,,1,55,,1113910,23,,,1,15,,1113856,23,,,1,15,,1113889,23,,,1,15,,1113888,39,,,1,52,,1113893,23,,,1,14,,1113904,39,,,1,15,,1113884,23,,,1,14,,1113872,39,,,1,56,,1113870,23,,,1,16,,1113855,39,,,1,15,,1113849,23,,,1,14,,1113861,39,,,1,55,,1113871,23,,,1,15,,1113890,39,,,1,15,,1113867,23,,,1,13,,1113859,39,,,1,56,,1113902,23,,,1,14,,1113894,39,,,1,15,,1113881,23,,,1,15,,1113897,39,,,1,55,,1113887,23,,,1,14,,1113911,39,,,1,15,,1113853,23,,,1,15,,1113882,39,,,1,56,,1113857,23,,,1,14,,1113891,39,,,1,14,,1113907,23,,,1,69,,1113854,23,,,1,13,,1113865,39,,,1,19,,1113850,23,,,1,13,,1113886,39,,,1,54,,1113895,23,,,1,17,,1113858,39,,,1,14,,1113905,23,,,1,14,,1113900,39,,,1,55,,1113896,23,,,1,14,,1113860,39,,,1,15,,1113877,23,,,1,15,,1113873,39,,,1,67,,1113875,39,,,1,30,,1113906,39,,,1,69,,1113901,39,,,1,27,,1113874,39,,,1,70,,1113862,39,,,1,30,,1113878,39,,,1,69,,1113848,39,,,1,30,,1113851,39,,,1,73,,1113864,23,,,1,32,,1113909,23,,,1,71,,1113903,23,,,1,30,,1113879,23,,,1,72,,1113863,23,,,1
1100,'15',438,,1113945,23,,,1,70,,1113947,23,,,1,32,,1113918,23,,,1,15,,1113963,23,,,1,55,,1113972,23,,,1,15,,1113922,23,,,1,17,,1113916,23,,,1,15,,1113967,23,,,1,55,,1113912,23,,,1,15,,1113961,23,,,1,16,,1113932,23,,,1,16,,1113921,23,,,1,55,,1113928,23,,,1,15,,1113951,23,,,1,15,,1113924,23,,,1,15,,1113940,39,,,1,52,,1113959,23,,,1,14,,1113971,39,,,1,15,,1113958,23,,,1,14,,1113956,39,,,1,56,,1113935,23,,,1,16,,1113925,39,,,1,15,,1113931,23,,,1,14,,1113923,39,,,1,55,,1113941,23,,,1,15,,1113926,39,,,1,15,,1113944,23,,,1,13,,1113962,39,,,1,56,,1113953,23,,,1,14,,1113937,39,,,1,15,,1113933,23,,,1,15,,1113939,39,,,1,55,,1113960,23,,,1,14,,1113969,39,,,1,15,,1113915,23,,,1,15,,1113975,39,,,1,56,,1113920,23,,,1,14,,1113934,39,,,1,14,,1113964,23,,,1,69,,1113948,23,,,1,13,,1113946,39,,,1,19,,1113973,23,,,1,13,,1113949,39,,,1,54,,1113913,23,,,1,17,,1113930,39,,,1,14,,1113954,23,,,1,14,,1113966,39,,,1,55,,1113950,23,,,1,14,,1113914,39,,,1,15,,1113965,23,,,1,15,,1113952,39,,,1,67,,1113955,39,,,1,30,,1113927,39,,,1,69,,1113957,39,,,1,27,,1113936,39,,,1,70,,1113917,39,,,1,30,,1113938,39,,,1,69,,1113943,39,,,1,30,,1113942,39,,,1,73,,1113974,23,,,1,32,,1113919,23,,,1,71,,1113970,23,,,1,30,,1113968,23,,,1,72,,1113929,23,,,1
1100,'16',438,,1114022,23,,,1,70,,1113991,23,,,1,32,,1114017,23,,,1,15,,1091322,23,,,1,55,,1113985,23,,,1,15,,1099163,23,,,1,17,,1113994,23,,,1,15,,1114018,23,,,1,55,,1114021,23,,,1,15,,1114014,23,,,1,16,,1114007,23,,,1,16,,1114000,23,,,1,55,,1069599,23,,,1,15,,1113987,23,,,1,15,,1113999,23,,,1,15,,1114029,39,,,1,52,,1114012,23,,,1,14,,1073873,39,,,1,15,,1082664,23,,,1,14,,1114015,39,,,1,56,,1114005,23,,,1,16,,1114025,39,,,1,15,,1114010,23,,,1,14,,1114030,39,,,1,55,,1113977,23,,,1,15,,1113990,39,,,1,15,,1097873,23,,,1,13,,1064708,39,,,1,56,,1114003,23,,,1,14,,1114019,39,,,1,15,,1113979,23,,,1,15,,1114016,39,,,1,55,,1113978,23,,,1,14,,1113982,39,,,1,15,,1113983,23,,,1,15,,1114024,39,,,1,56,,1114026,23,,,1,14,,1113980,39,,,1,14,,1113992,23,,,1,69,,1114009,23,,,1,13,,1113998,39,,,1,19,,1113997,23,,,1,13,,1114006,39,,,1,54,,1113989,23,,,1,17,,1114004,39,,,1,14,,1114020,23,,,1,14,,1114008,39,,,1,55,,1063689,23,,,1,14,,1113976,39,,,1,15,,1098172,23,,,1,15,,1113995,39,,,1,67,,1114001,39,,,1,30,,1114028,39,,,1,69,,1113988,39,,,1,27,,1114027,39,,,1,70,,1113996,39,,,1,30,,1114011,39,,,1,69,,1114013,39,,,1,30,,1114023,39,,,1,73,,1113993,23,,,1,32,,1113986,23,,,1,71,,1113984,23,,,1,30,,1114002,23,,,1,72,,1113981,23,,,1
1100,'17',640,,1114045,23,,,1,70,,1114041,23,,,1,30,,1114046,23,,,1,70,,1114043,23,,,1,30,,1114050,23,,,1,70,,1114035,23,,,1,28,,1114064,39,,,1,70,,1114037,23,,,1,31,,1114058,39,,,1,70,,1114042,39,,,1,30,,1114049,39,,,1,70,,1114062,39,,,1,30,,1114051,39,,,1,70,,1114056,39,,,1,30,,1114031,39,,,1,70,,1114036,39,,,1,30,,1114055,39,,,1,70,,1114039,39,,,1,30,,1114033,39,,,1,70,,1114060,39,,,1,29,,1114034,39,,,1,70,,1114032,39,,,1,30,,1114065,39,,,1,70,,1114044,39,,,1,30,,1114040,39,,,1,70,,1114047,39,,,1,25,,1114053,23,,,1,70,,1114054,23,,,1,29,,1114057,23,,,1,70,,1114038,23,,,1,30,,1114066,23,,,1,70,,1114048,23,,,1,30,,1114052,23,,,1,70,,1114059,23,,,1,30,,1114063,23,,,1,70,,1114061,23,,,1
1100,'2',543,,1114093,23,,,1,70,,1114071,23,,,1,30,,1114081,23,,,1,70,,1114085,23,,,1,30,,1114094,23,,,1,70,,1012558,23,,,1,30,,1114072,23,,,1,66,,1114088,39,,,1,31,,1114098,39,,,1,70,,1114089,39,,,1,31,,1114078,39,,,1,70,,1114096,39,,,1,30,,1114100,39,,,1,70,,1114067,39,,,1,30,,1114070,39,,,1,70,,1114097,39,,,1,30,,1114087,39,,,1,70,,1114069,39,,,1,30,,1114082,39,,,1,70,,1114073,39,,,1,30,,1114092,39,,,1,70,,1114099,39,,,1,29,,1114086,39,,,1,70,,1083773,39,,,1,30,,1114091,39,,,1,70,,1114077,39,,,1,30,,1114075,39,,,1,70,,1114080,39,,,1,29,,1061553,39,,,1,70,,1062798,39,,,1,28,,1114083,39,,,1,21,,1114095,23,,,1,70,,1084287,23,,,1,30,,1114068,23,,,1,70,,1114076,23,,,1,30,,1114090,23,,,1,70,,1114074,23,,,1,30,,1079405,23,,,1,70,,1114084,23,,,1,30,,1114079,23,,,1
1100,'3',640,,1114115,23,,,1,70,,1114111,23,,,1,30,,1114116,23,,,1,70,,1114113,23,,,1,30,,1114120,23,,,1,70,,1114105,23,,,1,28,,1114134,39,,,1,70,,1114107,23,,,1,31,,1114128,39,,,1,70,,1114112,39,,,1,30,,1114119,39,,,1,70,,1114132,39,,,1,30,,1114121,39,,,1,70,,1114126,39,,,1,30,,1114101,39,,,1,70,,1114106,39,,,1,30,,1114125,39,,,1,70,,1114109,39,,,1,30,,1114103,39,,,1,70,,1114130,39,,,1,29,,1114104,39,,,1,70,,1114102,39,,,1,30,,1114135,39,,,1,70,,1114114,39,,,1,30,,1114110,39,,,1,70,,1114117,39,,,1,25,,1114123,23,,,1,70,,1114124,23,,,1,29,,1114127,23,,,1,70,,1114108,23,,,1,30,,1114136,23,,,1,70,,1114118,23,,,1,30,,1114122,23,,,1,70,,1114129,23,,,1,30,,1114133,23,,,1,70,,1114131,23,,,1
1100,'4',640,,1114141,23,,,1,70,,1114146,23,,,1,30,,1114140,23,,,1,70,,1114160,23,,,1,30,,1114143,23,,,1,70,,1114158,23,,,1,28,,1114157,39,,,1,70,,1017204,23,,,1,31,,1114151,39,,,1,70,,1114137,39,,,1,30,,1114148,39,,,1,70,,1114165,39,,,1,30,,1114164,39,,,1,70,,1089721,39,,,1,30,,1092369,39,,,1,70,,1087989,39,,,1,30,,1114149,39,,,1,70,,1114153,39,,,1,30,,1100375,39,,,1,70,,1114162,39,,,1,29,,1114163,39,,,1,70,,1114142,39,,,1,30,,1114138,39,,,1,70,,1114161,39,,,1,30,,1114154,39,,,1,70,,1114152,39,,,1,25,,1042341,23,,,1,70,,1086324,23,,,1,29,,1114159,23,,,1,70,,1114144,23,,,1,30,,1114150,23,,,1,70,,1114156,23,,,1,30,,1114139,23,,,1,70,,1114145,23,,,1,30,,1114147,23,,,1,70,,1114155,23,,,1
1100,'5',438,,1114183,23,,,1,70,,1114190,23,,,1,32,,1114194,23,,,1,15,,1114180,23,,,1,55,,1072449,23,,,1,15,,1114168,23,,,1,17,,1114182,23,,,1,15,,1114197,23,,,1,55,,1114199,23,,,1,15,,1114206,23,,,1,16,,1114212,23,,,1,16,,1114213,23,,,1,55,,1079546,23,,,1,15,,1114172,23,,,1,15,,1114203,23,,,1,15,,1114202,39,,,1,52,,1114207,23,,,1,14,,1114216,39,,,1,15,,1114198,23,,,1,14,,1114186,39,,,1,56,,1114184,23,,,1,16,,1114171,39,,,1,15,,1096101,23,,,1,14,,1114176,39,,,1,55,,1114185,23,,,1,15,,1114204,39,,,1,15,,1114181,23,,,1,13,,1114174,39,,,1,56,,1114215,23,,,1,14,,1114208,39,,,1,15,,1114195,23,,,1,15,,1114211,39,,,1,55,,1114201,23,,,1,14,,1094128,39,,,1,15,,1114169,23,,,1,15,,1114196,39,,,1,56,,1114173,23,,,1,14,,1114205,39,,,1,14,,1097428,23,,,1,69,,1114170,23,,,1,13,,1114179,39,,,1,19,,994906,23,,,1,13,,1114200,39,,,1,54,,1114209,23,,,1,17,,1086828,39,,,1,14,,1048620,23,,,1,14,,1063069,39,,,1,55,,1114210,23,,,1,14,,1114175,39,,,1,15,,1114191,23,,,1,15,,1114187,39,,,1,67,,1114189,39,,,1,30,,1082634,39,,,1,69,,1114214,39,,,1,27,,1114188,39,,,1,70,,1114177,39,,,1,30,,1114192,39,,,1,69,,1114166,39,,,1,30,,1114167,39,,,1,73,,1114178,23,,,1,32,,1114217,23,,,1,71,,1073217,23,,,1,30,,1114193,23,,,1,72,,1070026,23,,,1
1100,'6',438,,1114264,23,,,1,70,,1114234,23,,,1,32,,1114259,23,,,1,15,,1114220,23,,,1,55,,1114230,23,,,1,15,,1114229,23,,,1,17,,1114237,23,,,1,15,,1114260,23,,,1,55,,1114263,23,,,1,15,,1114256,23,,,1,16,,1114249,23,,,1,16,,1114243,23,,,1,55,,1114222,23,,,1,15,,1114231,23,,,1,15,,1114242,23,,,1,15,,1114269,39,,,1,52,,1114254,23,,,1,14,,1114226,39,,,1,15,,1114223,23,,,1,14,,1114257,39,,,1,56,,1114247,23,,,1,16,,1114266,39,,,1,15,,1114252,23,,,1,14,,1090994,39,,,1,55,,1114219,23,,,1,15,,1075679,39,,,1,15,,1114218,23,,,1,13,,1114224,39,,,1,56,,1114246,23,,,1,14,,1114261,39,,,1,15,,1114225,23,,,1,15,,1114258,39,,,1,55,,1114221,23,,,1,14,,1078834,39,,,1,15,,1089605,23,,,1,15,,1114265,39,,,1,56,,1066275,23,,,1,14,,1114227,39,,,1,14,,1114235,23,,,1,69,,1114251,23,,,1,13,,1114241,39,,,1,19,,1114240,23,,,1,13,,1114248,39,,,1,54,,1114233,23,,,1,17,,985425,39,,,1,14,,1114262,23,,,1,14,,1114250,39,,,1,55,,1114270,23,,,1,14,,998219,39,,,1,15,,1114267,23,,,1,15,,1114238,39,,,1,67,,1114244,39,,,1,30,,952950,39,,,1,69,,1114232,39,,,1,27,,1114268,39,,,1,70,,1114239,39,,,1,30,,1114253,39,,,1,69,,1114255,39,,,1,30,,1047035,39,,,1,73,,1114236,23,,,1,32,,1061854,23,,,1,71,,1114228,23,,,1,30,,1114245,23,,,1,72,,1071036,23,,,1
1100,'7',543,,1114305,23,,,1,70,,1114283,23,,,1,30,,1114276,23,,,1,70,,1114292,23,,,1,30,,1114297,23,,,1,70,,1114281,23,,,1,30,,1114291,23,,,1,66,,1114277,39,,,1,31,,1114306,39,,,1,70,,1114289,39,,,1,31,,1114298,39,,,1,70,,1114302,39,,,1,30,,1114307,39,,,1,70,,1114274,39,,,1,30,,1114296,39,,,1,70,,1114294,39,,,1,30,,1114300,39,,,1,70,,1114293,39,,,1,30,,1114272,39,,,1,70,,1114299,39,,,1,30,,1114285,39,,,1,70,,1114290,39,,,1,29,,1114286,39,,,1,70,,1114295,39,,,1,30,,1114287,39,,,1,70,,1114303,39,,,1,30,,1114309,39,,,1,70,,1114288,39,,,1,29,,1114310,39,,,1,70,,1114284,39,,,1,28,,1114308,39,,,1,21,,1114278,23,,,1,70,,1114273,23,,,1,30,,1114282,23,,,1,70,,1114301,23,,,1,30,,1114280,23,,,1,70,,1114275,23,,,1,30,,1114271,23,,,1,70,,1114279,23,,,1,30,,1114304,23,,,1
1100,'8',438,,1114364,23,,,1,70,,1114333,23,,,1,32,,1114359,23,,,1,15,,1114314,23,,,1,55,,1114327,23,,,1,15,,1114326,23,,,1,17,,1114336,23,,,1,15,,1114360,23,,,1,55,,1114363,23,,,1,15,,1114356,23,,,1,16,,1114349,23,,,1,16,,1114342,23,,,1,55,,1114316,23,,,1,15,,1114329,23,,,1,15,,1114341,23,,,1,15,,1114372,39,,,1,52,,1114354,23,,,1,14,,1114320,39,,,1,15,,1114317,23,,,1,14,,1114357,39,,,1,56,,1114347,23,,,1,16,,1114367,39,,,1,15,,1114352,23,,,1,14,,1114373,39,,,1,55,,1114313,23,,,1,15,,1114332,39,,,1,15,,1114312,23,,,1,13,,1114318,39,,,1,56,,1114345,23,,,1,14,,1114361,39,,,1,15,,1114319,23,,,1,15,,1114358,39,,,1,55,,1114315,23,,,1,14,,1114323,39,,,1,15,,1114324,23,,,1,15,,1114366,39,,,1,56,,1114369,23,,,1,14,,1114321,39,,,1,14,,1114334,23,,,1,69,,1114351,23,,,1,13,,1114340,39,,,1,19,,1114339,23,,,1,13,,1114348,39,,,1,54,,1114331,23,,,1,17,,1114346,39,,,1,14,,1114362,23,,,1,14,,1114350,39,,,1,55,,1114374,23,,,1,14,,1114311,39,,,1,15,,1114368,23,,,1,15,,1114337,39,,,1,67,,1114343,39,,,1,30,,1114371,39,,,1,69,,1114330,39,,,1,27,,1114370,39,,,1,70,,1114338,39,,,1,30,,1114353,39,,,1,69,,1114355,39,,,1,30,,1114365,39,,,1,73,,1114335,23,,,1,32,,1114328,23,,,1,71,,1114325,23,,,1,30,,1114344,23,,,1,72,,1114322,23,,,1
1100,'9',438,,1114392,23,,,1,70,,1114399,23,,,1,32,,1114403,23,,,1,15,,1114389,23,,,1,55,,1072444,23,,,1,15,,1114377,23,,,1,17,,1114391,23,,,1,15,,1114406,23,,,1,55,,1114408,23,,,1,15,,1114415,23,,,1,16,,1114421,23,,,1,16,,1114422,23,,,1,55,,1079447,23,,,1,15,,1114381,23,,,1,15,,1114412,23,,,1,15,,1114411,39,,,1,52,,1114416,23,,,1,14,,1114425,39,,,1,15,,1114407,23,,,1,14,,1114395,39,,,1,56,,1114393,23,,,1,16,,1114380,39,,,1,15,,1096024,23,,,1,14,,1114385,39,,,1,55,,1114394,23,,,1,15,,1114413,39,,,1,15,,1114390,23,,,1,13,,1114383,39,,,1,56,,1114424,23,,,1,14,,1114417,39,,,1,15,,1114404,23,,,1,15,,1114420,39,,,1,55,,1114410,23,,,1,14,,1094017,39,,,1,15,,1114378,23,,,1,15,,1114405,39,,,1,56,,1114382,23,,,1,14,,1114414,39,,,1,14,,1097312,23,,,1,69,,1114379,23,,,1,13,,1114388,39,,,1,19,,995259,23,,,1,13,,1114409,39,,,1,54,,1114418,23,,,1,17,,1086808,39,,,1,14,,1048814,23,,,1,14,,1062893,39,,,1,55,,1114419,23,,,1,14,,1114384,39,,,1,15,,1114400,23,,,1,15,,1114396,39,,,1,67,,1114398,39,,,1,30,,1082568,39,,,1,69,,1114423,39,,,1,27,,1114397,39,,,1,70,,1114386,39,,,1,30,,1114401,39,,,1,69,,1114375,39,,,1,30,,1114376,39,,,1,73,,1114387,23,,,1,32,,1114426,23,,,1,71,,1073148,23,,,1,30,,1114402,23,,,1,72,,1069957,23,,,1
