26101,'1',1614,,1197181,21,,,1,93,,1197179,21,,,1,96,,1197182,21,,,1,101,,1197180,21,,,1
26101,'10',1614,,1197185,21,,,1,93,,1197183,21,,,1,96,,1197186,21,,,1,101,,1197184,21,,,1
26101,'11',1614,,1197189,21,,,1,93,,1197187,21,,,1,96,,1197190,21,,,1,101,,1197188,21,,,1
26101,'12',1614,,1197192,21,,,1,93,,1197193,21,,,1,96,,1197191,21,,,1,101,,1197194,21,,,1
26101,'14',1614,,1197197,21,,,1,93,,1197195,21,,,1,96,,1197198,21,,,1,101,,1197196,21,,,1
26101,'15',1614,,1197201,21,,,1,93,,1197199,21,,,1,96,,1197202,21,,,1,101,,1197200,21,,,1
26101,'16',1614,,1197204,21,,,1,93,,1197205,21,,,1,96,,1197203,21,,,1,101,,1197206,21,,,1
26101,'5',1614,,1197209,21,,,1,93,,1197207,21,,,1,96,,1197210,21,,,1,101,,1197208,21,,,1
26101,'6',1614,,1097593,21,,,1,93,,1040135,21,,,1,96,,1197211,21,,,1,101,,1197212,21,,,1
26101,'8',1614,,1197214,21,,,1,93,,1197215,21,,,1,96,,1197213,21,,,1,101,,1197216,21,,,1
26101,'9',1614,,1197219,21,,,1,93,,1197217,21,,,1,96,,1197220,21,,,1,101,,1197218,21,,,1
