4000,'1',525,,1090477,10,,,1,30,,1136456,10,,,1,70,,1075544,10,,,1,30,,1136437,10,,,1,73,,1136435,10,,,1,30,,1083614,10,,,1,70,,1136444,10,,,1,29,,1136433,10,,,1,70,,1136464,10,,,1,31,,1136465,10,,,1,71,,1136459,10,,,1,29,,1136429,10,,,1,71,,1102042,10,,,1,30,,1136469,10,,,1,69,,1066962,10,,,1,29,,1136461,10,,,1,70,,1136449,10,,,1,30,,1136430,10,,,1,70,,1136452,10,,,1,31,,1089506,10,,,1,54,,1136434,10,,,1,17,,1136474,10,,,1,29,,1136454,10,,,1,55,,1136447,10,,,1,30,,1136451,10,,,1,15,,1096120,10,,,1,55,,1136446,10,,,1,15,,1136432,10,,,1,15,,1136455,10,,,1,15,,1136457,10,,,1,70,,1136473,10,,,1,30,,1017312,10,,,1,72,,1136453,10,,,1,70,,1136480,10,,,1,30,,1136477,10,,,1,29,,1136436,10,,,1,70,,1136478,10,,,1,30,,1136470,10,,,1,70,,942791,10,,,1,29,,1136479,10,,,1,70,,1136476,10,,,1,29,,1136471,10,,,1,70,,1136445,10,,,1,30,,1136472,10,,,1
4000,'10',525,,1090320,10,,,1,30,,1136509,10,,,1,70,,1075208,10,,,1,30,,1136490,10,,,1,73,,1136488,10,,,1,30,,1083375,10,,,1,70,,1136497,10,,,1,29,,1136486,10,,,1,70,,1136517,10,,,1,31,,1136518,10,,,1,71,,1136512,10,,,1,29,,1136482,10,,,1,71,,1102015,10,,,1,30,,1136522,10,,,1,69,,1066679,10,,,1,29,,1136514,10,,,1,70,,1136502,10,,,1,30,,1136483,10,,,1,70,,1136505,10,,,1,31,,1089322,10,,,1,54,,1136487,10,,,1,17,,1136527,10,,,1,29,,1136507,10,,,1,55,,1136500,10,,,1,30,,1136504,10,,,1,15,,1095977,10,,,1,55,,1136499,10,,,1,15,,1136485,10,,,1,15,,1136508,10,,,1,15,,1136510,10,,,1,70,,1136526,10,,,1,30,,1017480,10,,,1,72,,1136506,10,,,1,70,,1136533,10,,,1,30,,1136530,10,,,1,29,,1136489,10,,,1,70,,1136531,10,,,1,30,,1136523,10,,,1,70,,942428,10,,,1,29,,1136532,10,,,1,70,,1136529,10,,,1,29,,1136524,10,,,1,70,,1136498,10,,,1,30,,1136525,10,,,1
4000,'11',525,,1090520,10,,,1,30,,1136562,10,,,1,70,,1075636,10,,,1,30,,1136543,10,,,1,73,,1136541,10,,,1,30,,1083684,10,,,1,70,,1136550,10,,,1,29,,1136539,10,,,1,70,,1136570,10,,,1,31,,1136571,10,,,1,71,,1136565,10,,,1,29,,1136535,10,,,1,71,,1102051,10,,,1,30,,1136575,10,,,1,69,,1067038,10,,,1,29,,1136567,10,,,1,70,,1136555,10,,,1,30,,1136536,10,,,1,70,,1136558,10,,,1,31,,1089557,10,,,1,54,,1136540,10,,,1,17,,1136580,10,,,1,29,,1136560,10,,,1,55,,1136553,10,,,1,30,,1136557,10,,,1,15,,1096163,10,,,1,55,,1136552,10,,,1,15,,1136538,10,,,1,15,,1136561,10,,,1,15,,1136563,10,,,1,70,,1136579,10,,,1,30,,1017261,10,,,1,72,,1136559,10,,,1,70,,1136586,10,,,1,30,,1136583,10,,,1,29,,1136542,10,,,1,70,,1136584,10,,,1,30,,1136576,10,,,1,70,,942735,10,,,1,29,,1136585,10,,,1,70,,1136582,10,,,1,29,,1136577,10,,,1,70,,1136551,10,,,1,30,,1136578,10,,,1
4000,'12',525,,1136612,10,,,1,30,,1136610,10,,,1,70,,1136624,10,,,1,30,,1136630,10,,,1,73,,1136646,10,,,1,30,,1136642,10,,,1,70,,1136611,10,,,1,29,,1136615,10,,,1,70,,1136623,10,,,1,31,,1136621,10,,,1,71,,1136631,10,,,1,29,,1136594,10,,,1,71,,1136643,10,,,1,30,,1136597,10,,,1,69,,1083149,10,,,1,29,,1136593,10,,,1,70,,1136614,10,,,1,30,,1136627,10,,,1,70,,1136589,10,,,1,31,,1136591,10,,,1,54,,1136640,10,,,1,17,,1136618,10,,,1,29,,1136605,10,,,1,55,,1136588,10,,,1,30,,1136609,10,,,1,15,,1136600,10,,,1,55,,1136601,10,,,1,15,,1136626,10,,,1,15,,1136633,10,,,1,15,,1136645,10,,,1,70,,1136636,10,,,1,30,,1136632,10,,,1,72,,1136613,10,,,1,70,,1136644,10,,,1,30,,1088654,10,,,1,29,,1136628,10,,,1,70,,1136634,10,,,1,30,,1136590,10,,,1,70,,1136608,10,,,1,29,,1136607,10,,,1,70,,1136629,10,,,1,29,,1136620,10,,,1,70,,1136603,10,,,1,30,,1136596,10,,,1
4000,'13',624,,1136652,10,,,1,92,,1136673,10,,,1,30,,1136664,10,,,1,70,,1136665,10,,,1,30,,1136650,10,,,1,70,,1136663,10,,,1,30,,1136662,10,,,1,71,,1136672,10,,,1,30,,1136671,10,,,1,70,,1136653,10,,,1,30,,1136680,10,,,1,70,,1136657,10,,,1,30,,1136668,10,,,1,70,,1136654,10,,,1,30,,1136679,10,,,1,70,,1136666,10,,,1,30,,1136676,10,,,1,70,,1136670,10,,,1,30,,1095496,10,,,1,70,,1136655,10,,,1,30,,1136649,10,,,1,70,,1136667,10,,,1,30,,1136660,10,,,1,69,,978938,10,,,1,30,,1136651,10,,,1,70,,1136648,10,,,1,30,,1136674,10,,,1,70,,1136669,10,,,1,30,,1079763,10,,,1,70,,1136661,10,,,1,30,,1136658,10,,,1,70,,1136675,10,,,1,30,,1136678,10,,,1,70,,1136677,10,,,1
4000,'14',525,,1136681,10,,,1,30,,1136714,10,,,1,70,,1136697,10,,,1,30,,1136694,10,,,1,73,,1136692,10,,,1,30,,1136738,10,,,1,70,,1136702,10,,,1,29,,1136689,10,,,1,70,,1136724,10,,,1,31,,1136725,10,,,1,71,,1136717,10,,,1,29,,1136685,10,,,1,71,,1136720,10,,,1,30,,1136729,10,,,1,69,,1136742,10,,,1,29,,1136719,10,,,1,70,,1136707,10,,,1,30,,1136686,10,,,1,70,,1136710,10,,,1,31,,1136684,10,,,1,54,,1136690,10,,,1,17,,1136734,10,,,1,29,,1136712,10,,,1,55,,1136705,10,,,1,30,,1136709,10,,,1,15,,1136682,10,,,1,55,,1136704,10,,,1,15,,1136688,10,,,1,15,,1136713,10,,,1,15,,1136715,10,,,1,70,,1136733,10,,,1,30,,1136691,10,,,1,72,,1136711,10,,,1,70,,1136743,10,,,1,30,,1136737,10,,,1,29,,1136693,10,,,1,70,,1136739,10,,,1,30,,1136730,10,,,1,70,,1136740,10,,,1,29,,1136741,10,,,1,70,,1136736,10,,,1,29,,1136731,10,,,1,70,,1136703,10,,,1,30,,1136732,10,,,1
4000,'15',525,,1136754,10,,,1,30,,1136779,10,,,1,70,,1136772,10,,,1,30,,1136745,10,,,1,73,,1136798,10,,,1,30,,1136758,10,,,1,70,,1136757,10,,,1,29,,1136765,10,,,1,70,,1136762,10,,,1,31,,1136801,10,,,1,71,,1136752,10,,,1,29,,1136799,10,,,1,71,,1136748,10,,,1,30,,1136789,10,,,1,69,,1136777,10,,,1,29,,1136783,10,,,1,70,,1136778,10,,,1,30,,1136770,10,,,1,70,,1136803,10,,,1,31,,1136751,10,,,1,54,,1136795,10,,,1,17,,1136786,10,,,1,29,,1136774,10,,,1,55,,1136806,10,,,1,30,,1136797,10,,,1,15,,1136775,10,,,1,55,,1136747,10,,,1,15,,1136804,10,,,1,15,,1136781,10,,,1,15,,1136746,10,,,1,70,,1136780,10,,,1,30,,1136805,10,,,1,72,,1136794,10,,,1,70,,1136769,10,,,1,30,,1136788,10,,,1,29,,1136790,10,,,1,70,,1136763,10,,,1,30,,1136749,10,,,1,70,,1136761,10,,,1,29,,1136767,10,,,1,70,,1136766,10,,,1,29,,1136808,10,,,1,70,,1136785,10,,,1,30,,1136755,10,,,1
4000,'16',525,,1136831,10,,,1,30,,1136829,10,,,1,70,,1136843,10,,,1,30,,1136849,10,,,1,73,,1136864,10,,,1,30,,1096824,10,,,1,70,,1136830,10,,,1,29,,1136834,10,,,1,70,,1136842,10,,,1,31,,1136840,10,,,1,71,,1136850,10,,,1,29,,1090263,10,,,1,71,,1136860,10,,,1,30,,1136817,10,,,1,69,,1136865,10,,,1,29,,1041255,10,,,1,70,,1136833,10,,,1,30,,1136846,10,,,1,70,,1136810,10,,,1,31,,1136812,10,,,1,54,,1136859,10,,,1,17,,1136837,10,,,1,29,,1136824,10,,,1,55,,1136809,10,,,1,30,,1136828,10,,,1,15,,1136820,10,,,1,55,,1136821,10,,,1,15,,1136845,10,,,1,15,,1136852,10,,,1,15,,1136863,10,,,1,70,,1136855,10,,,1,30,,1136851,10,,,1,72,,1136832,10,,,1,70,,1136861,10,,,1,30,,1136814,10,,,1,29,,1136847,10,,,1,70,,1136853,10,,,1,30,,1136811,10,,,1,70,,1136827,10,,,1,29,,1136826,10,,,1,70,,1136848,10,,,1,29,,1136839,10,,,1,70,,1136823,10,,,1,30,,1136816,10,,,1
4000,'17',624,,1136872,10,,,1,92,,1136893,10,,,1,30,,1136884,10,,,1,70,,1136885,10,,,1,30,,1136868,10,,,1,70,,1136883,10,,,1,30,,1136882,10,,,1,71,,1136892,10,,,1,30,,1136891,10,,,1,70,,1136873,10,,,1,30,,1136900,10,,,1,70,,1136877,10,,,1,30,,1136888,10,,,1,70,,1136874,10,,,1,30,,1136899,10,,,1,70,,1136886,10,,,1,30,,1136896,10,,,1,70,,1136890,10,,,1,30,,1136901,10,,,1,70,,1136875,10,,,1,30,,1136867,10,,,1,70,,1136887,10,,,1,30,,1136880,10,,,1,69,,1136870,10,,,1,30,,1136869,10,,,1,70,,1136866,10,,,1,30,,1136894,10,,,1,70,,1136889,10,,,1,30,,1136871,10,,,1,70,,1136881,10,,,1,30,,1136878,10,,,1,70,,1136895,10,,,1,30,,1136898,10,,,1,70,,1136897,10,,,1
4000,'2',539,,1136934,10,,,1,70,,1136936,10,,,1,30,,1136910,10,,,1,65,,1136925,10,,,1,35,,1136929,10,,,1,70,,1136918,10,,,1,30,,1136917,10,,,1,70,,1136926,10,,,1,30,,1136923,10,,,1,71,,1136906,10,,,1,30,,1136911,10,,,1,70,,1081183,10,,,1,30,,1136915,10,,,1,70,,1066348,10,,,1,30,,1136931,10,,,1,70,,1136905,10,,,1,30,,1136909,10,,,1,70,,1136933,10,,,1,30,,1136922,10,,,1,70,,1136916,10,,,1,30,,1074404,10,,,1,70,,1136932,10,,,1,30,,1136908,10,,,1,70,,1136904,10,,,1,30,,1136914,10,,,1,69,,1136913,10,,,1,30,,1038120,10,,,1,70,,1136937,10,,,1,30,,1136920,10,,,1,70,,1136930,10,,,1,30,,1136902,10,,,1,70,,1136927,10,,,1,30,,1136924,10,,,1,70,,1024356,10,,,1,30,,1136921,10,,,1,70,,1136912,10,,,1,30,,1136928,10,,,1,70,,1136907,10,,,1,30,,1136919,10,,,1
4000,'3',624,,1136944,10,,,1,92,,1136965,10,,,1,30,,1136956,10,,,1,70,,1136957,10,,,1,30,,1136940,10,,,1,70,,1136955,10,,,1,30,,1136954,10,,,1,71,,1136964,10,,,1,30,,1136963,10,,,1,70,,1136945,10,,,1,30,,1136972,10,,,1,70,,1136949,10,,,1,30,,1136960,10,,,1,70,,1136946,10,,,1,30,,1136971,10,,,1,70,,1136958,10,,,1,30,,1136968,10,,,1,70,,1136962,10,,,1,30,,1136973,10,,,1,70,,1136947,10,,,1,30,,1136939,10,,,1,70,,1136959,10,,,1,30,,1136952,10,,,1,69,,1136942,10,,,1,30,,1136941,10,,,1,70,,1136938,10,,,1,30,,1136966,10,,,1,70,,1136961,10,,,1,30,,1136943,10,,,1,70,,1136953,10,,,1,30,,1136950,10,,,1,70,,1136967,10,,,1,30,,1136970,10,,,1,70,,1136969,10,,,1
4000,'4',624,,1136977,10,,,1,92,,1136992,10,,,1,30,,1136978,10,,,1,70,,1136974,10,,,1,30,,1137002,10,,,1,70,,1136987,10,,,1,30,,1136986,10,,,1,71,,1136999,10,,,1,30,,1136975,10,,,1,70,,1136989,10,,,1,30,,1016552,10,,,1,70,,1136991,10,,,1,30,,1066852,10,,,1,70,,1136979,10,,,1,30,,1136995,10,,,1,70,,1136983,10,,,1,30,,1136993,10,,,1,70,,1136997,10,,,1,30,,1136996,10,,,1,70,,1137003,10,,,1,30,,1136990,10,,,1,70,,1137001,10,,,1,30,,1136981,10,,,1,69,,1136994,10,,,1,30,,1136998,10,,,1,70,,1136985,10,,,1,30,,1137000,10,,,1,70,,1074836,10,,,1,30,,1051343,10,,,1,70,,1072297,10,,,1,30,,1137004,10,,,1,70,,1136976,10,,,1,30,,1136980,10,,,1,70,,1136984,10,,,1
4000,'5',525,,1090453,10,,,1,30,,1137033,10,,,1,70,,1075502,10,,,1,30,,1137014,10,,,1,73,,1137012,10,,,1,30,,1083575,10,,,1,70,,1137021,10,,,1,29,,1137010,10,,,1,70,,1137041,10,,,1,31,,1137042,10,,,1,71,,1137036,10,,,1,29,,1137006,10,,,1,71,,1102033,10,,,1,30,,1137046,10,,,1,69,,1066926,10,,,1,29,,1137038,10,,,1,70,,1137026,10,,,1,30,,1137007,10,,,1,70,,1137029,10,,,1,31,,1089471,10,,,1,54,,1137011,10,,,1,17,,1137051,10,,,1,29,,1137031,10,,,1,55,,1137024,10,,,1,30,,1137028,10,,,1,15,,1096100,10,,,1,55,,1137023,10,,,1,15,,1137009,10,,,1,15,,1137032,10,,,1,15,,1137034,10,,,1,70,,1137050,10,,,1,30,,1017045,10,,,1,72,,1137030,10,,,1,70,,1137057,10,,,1,30,,1137054,10,,,1,29,,1137013,10,,,1,70,,1137055,10,,,1,30,,1137047,10,,,1,70,,942963,10,,,1,29,,1137056,10,,,1,70,,1137053,10,,,1,29,,1137048,10,,,1,70,,1137022,10,,,1,30,,1137049,10,,,1
4000,'6',525,,1137076,10,,,1,30,,1137074,10,,,1,70,,1137087,10,,,1,30,,1137092,10,,,1,73,,1001717,10,,,1,30,,1137103,10,,,1,70,,1137075,10,,,1,29,,1137079,10,,,1,70,,1137086,10,,,1,31,,1137084,10,,,1,71,,1137093,10,,,1,29,,1137061,10,,,1,71,,1014810,10,,,1,30,,1137062,10,,,1,69,,1137106,10,,,1,29,,1137059,10,,,1,70,,1137078,10,,,1,30,,1137090,10,,,1,70,,1029710,10,,,1,31,,1083312,10,,,1,54,,1097973,10,,,1,17,,1137081,10,,,1,29,,1137069,10,,,1,55,,1019094,10,,,1,30,,1137073,10,,,1,15,,1137064,10,,,1,55,,1137065,10,,,1,15,,1137089,10,,,1,15,,1137095,10,,,1,15,,1137105,10,,,1,70,,1137098,10,,,1,30,,1137094,10,,,1,72,,1137077,10,,,1,70,,1063761,10,,,1,30,,1137060,10,,,1,29,,996508,10,,,1,70,,1137096,10,,,1,30,,1031191,10,,,1,70,,1137072,10,,,1,29,,1137071,10,,,1,70,,1137091,10,,,1,29,,1137083,10,,,1,70,,1137067,10,,,1,30,,1090306,10,,,1
4000,'7',539,,1137133,10,,,1,70,,1137144,10,,,1,30,,1137143,10,,,1,65,,1137111,10,,,1,35,,1137135,10,,,1,70,,1137115,10,,,1,30,,1137134,10,,,1,70,,1137128,10,,,1,30,,1137126,10,,,1,71,,1137131,10,,,1,30,,1137142,10,,,1,70,,1137130,10,,,1,30,,1137141,10,,,1,70,,1137127,10,,,1,30,,1137125,10,,,1,70,,1137129,10,,,1,30,,1137121,10,,,1,70,,1137118,10,,,1,30,,1137117,10,,,1,70,,1137136,10,,,1,30,,1137137,10,,,1,70,,1137114,10,,,1,30,,1137138,10,,,1,70,,1137146,10,,,1,30,,1137112,10,,,1,69,,1137140,10,,,1,30,,1137120,10,,,1,70,,1137109,10,,,1,30,,1137119,10,,,1,70,,1137116,10,,,1,30,,1137123,10,,,1,70,,1137132,10,,,1,30,,1137110,10,,,1,70,,1137122,10,,,1,30,,1137139,10,,,1,70,,1137147,10,,,1,30,,1137113,10,,,1,70,,1137108,10,,,1,30,,1137145,10,,,1
4000,'8',525,,1137175,10,,,1,30,,1137173,10,,,1,70,,1137187,10,,,1,30,,1137193,10,,,1,73,,1137210,10,,,1,30,,1137205,10,,,1,70,,1137174,10,,,1,29,,1137178,10,,,1,70,,1137186,10,,,1,31,,1137184,10,,,1,71,,1137194,10,,,1,29,,1137157,10,,,1,71,,1137206,10,,,1,30,,1137160,10,,,1,69,,1137211,10,,,1,29,,1137155,10,,,1,70,,1137177,10,,,1,30,,1137190,10,,,1,70,,1137151,10,,,1,31,,1137153,10,,,1,54,,1137203,10,,,1,17,,1137181,10,,,1,29,,1137168,10,,,1,55,,1137150,10,,,1,30,,1137172,10,,,1,15,,1137163,10,,,1,55,,1137164,10,,,1,15,,1137189,10,,,1,15,,1137196,10,,,1,15,,1137209,10,,,1,70,,1137199,10,,,1,30,,1137195,10,,,1,72,,1137176,10,,,1,70,,1137207,10,,,1,30,,1137156,10,,,1,29,,1137191,10,,,1,70,,1137197,10,,,1,30,,1137152,10,,,1,70,,1137171,10,,,1,29,,1137170,10,,,1,70,,1137192,10,,,1,29,,1137183,10,,,1,70,,1137166,10,,,1,30,,1137159,10,,,1
4000,'9',525,,1090371,10,,,1,30,,1137241,10,,,1,70,,1075306,10,,,1,30,,1137222,10,,,1,73,,1137220,10,,,1,30,,1083446,10,,,1,70,,1137229,10,,,1,29,,1137218,10,,,1,70,,1137249,10,,,1,31,,1137250,10,,,1,71,,1137244,10,,,1,29,,1137214,10,,,1,71,,1102024,10,,,1,30,,1137254,10,,,1,69,,1066765,10,,,1,29,,1137246,10,,,1,70,,1137234,10,,,1,30,,1137215,10,,,1,70,,1137237,10,,,1,31,,1089386,10,,,1,54,,1137219,10,,,1,17,,1137259,10,,,1,29,,1137239,10,,,1,55,,1137232,10,,,1,30,,1137236,10,,,1,15,,1096023,10,,,1,55,,1137231,10,,,1,15,,1137217,10,,,1,15,,1137240,10,,,1,15,,1137242,10,,,1,70,,1137258,10,,,1,30,,1017363,10,,,1,72,,1137238,10,,,1,70,,1137265,10,,,1,30,,1137262,10,,,1,29,,1137221,10,,,1,70,,1137263,10,,,1,30,,1137255,10,,,1,70,,942907,10,,,1,29,,1137264,10,,,1,70,,1137261,10,,,1,29,,1137256,10,,,1,70,,1137230,10,,,1,30,,1137257,10,,,1
29401,'1',1616,,1081958,10,,,1,29,,1198039,10,,,1,70,,1198041,10,,,1,30,,1198040,10,,,1
29401,'10',1616,,1081798,10,,,1,29,,1198042,10,,,1,70,,1198044,10,,,1,30,,1198043,10,,,1
29401,'11',1616,,1082003,10,,,1,29,,1198045,10,,,1,70,,1198047,10,,,1,30,,1198046,10,,,1
29401,'12',1616,,1198050,10,,,1,29,,1198048,10,,,1,70,,1198049,10,,,1,30,,1198051,10,,,1
29401,'14',1616,,1198053,10,,,1,29,,1198052,10,,,1,70,,1198055,10,,,1,30,,1198054,10,,,1
29401,'15',1616,,1198059,10,,,1,29,,1198056,10,,,1,70,,1198058,10,,,1,30,,1198057,10,,,1
29401,'16',1616,,1198062,10,,,1,29,,1198060,10,,,1,70,,1198061,10,,,1,30,,1198063,10,,,1
29401,'5',1616,,1081928,10,,,1,29,,1198064,10,,,1,70,,1198066,10,,,1,30,,1198065,10,,,1
29401,'6',1616,,1198069,10,,,1,29,,1198067,10,,,1,70,,1198068,10,,,1,30,,1198070,10,,,1
29401,'8',1616,,1198073,10,,,1,29,,1198071,10,,,1,70,,1198072,10,,,1,30,,1198074,10,,,1
29401,'9',1616,,1081847,10,,,1,29,,1198075,10,,,1,70,,1198077,10,,,1,30,,1198076,10,,,1
69700,'1',1536,,1200758,21,0,92,1
69700,'10',1536,,1200759,21,0,92,1
69700,'11',1536,,1200760,21,0,92,1
69700,'12',1536,,1200762,21,0,92,1
69700,'14',1536,,1200764,21,0,92,1
69700,'15',1536,,1200766,21,0,92,1
69700,'16',1536,,1200768,21,0,92,1
69700,'5',1536,,1200769,21,0,92,1
69700,'6',1536,,1200771,21,0,92,1
69700,'8',1536,,1200773,21,0,92,1
69700,'9',1536,,1200774,21,0,92,1
