11201,'1',555,,1187748,30,,,1,70,,1187733,30,,,1,32,,979075,30,,,1,70,,1187744,30,,,1,76,,1187747,30,,,1,30,,1187740,30,,,1,67,,1187734,30,,,1,30,,1187745,30,,,1,70,,1071699,30,,,1,29,,1187743,30,,,1,30,,1089196,30,,,1,70,,1187735,30,,,1,30,,1187738,30,,,1,72,,1187729,30,,,1,70,,1187731,30,,,1,29,,1187737,30,,,1,70,,1187739,30,,,1,32,,1187727,30,,,1,71,,1035994,30,,,1,30,,1187728,30,,,1,70,,1041011,30,,,1,32,,1187726,30,,,1,69,,1187742,30,,,1,30,,1187750,30,,,1,70,,1187732,30,,,1,27,,1187752,30,,,1,70,,1187730,30,,,1,28,,1187749,30,,,1,30,,1187746,30,,,1,65,,1187725,30,,,1,30,,1039389,30,,,1,70,,1187751,30,,,1,27,,1187741,30,,,1,68,,1057230,30,,,1,30,,1187736,30,,,1,100,,996026,30,,,1
11201,'10',555,,1187776,30,,,1,70,,1187761,30,,,1,32,,978733,30,,,1,70,,1187772,30,,,1,76,,1187775,30,,,1,30,,1187768,30,,,1,67,,1187762,30,,,1,30,,1187773,30,,,1,70,,1071550,30,,,1,29,,1187771,30,,,1,30,,1089001,30,,,1,70,,1187763,30,,,1,30,,1187766,30,,,1,72,,1187757,30,,,1,70,,1187759,30,,,1,29,,1187765,30,,,1,70,,1187767,30,,,1,32,,1187755,30,,,1,71,,1036212,30,,,1,30,,1187756,30,,,1,70,,1041158,30,,,1,32,,1187754,30,,,1,69,,1187770,30,,,1,30,,1187778,30,,,1,70,,1187760,30,,,1,27,,1187780,30,,,1,70,,1187758,30,,,1,28,,1187777,30,,,1,30,,1187774,30,,,1,65,,1187753,30,,,1,30,,1039473,30,,,1,70,,1187779,30,,,1,27,,1187769,30,,,1,68,,1057248,30,,,1,30,,1187764,30,,,1,100,,996203,30,,,1
11201,'11',555,,1187804,30,,,1,70,,1187789,30,,,1,32,,979018,30,,,1,70,,1187800,30,,,1,76,,1187803,30,,,1,30,,1187796,30,,,1,67,,1187790,30,,,1,30,,1187801,30,,,1,70,,1071741,30,,,1,29,,1187799,30,,,1,30,,1089251,30,,,1,70,,1187791,30,,,1,30,,1187794,30,,,1,72,,1187785,30,,,1,70,,1187787,30,,,1,29,,1187793,30,,,1,70,,1187795,30,,,1,32,,1187783,30,,,1,71,,1035931,30,,,1,30,,1187784,30,,,1,70,,1040972,30,,,1,32,,1187782,30,,,1,69,,1187798,30,,,1,30,,1187806,30,,,1,70,,1187788,30,,,1,27,,1187808,30,,,1,70,,1187786,30,,,1,28,,1187805,30,,,1,30,,1187802,30,,,1,65,,1187781,30,,,1,30,,1039365,30,,,1,70,,1187807,30,,,1,27,,1187797,30,,,1,68,,1057224,30,,,1,30,,1187792,30,,,1,100,,995975,30,,,1
11201,'12',555,,1187813,30,,,1,70,,1187836,30,,,1,32,,947893,30,,,1,70,,1187837,30,,,1,76,,1187818,30,,,1,30,,1082420,30,,,1,67,,1187821,30,,,1,30,,1187810,30,,,1,70,,1187819,30,,,1,29,,1187839,30,,,1,30,,1187830,30,,,1,70,,1068836,30,,,1,30,,1187815,30,,,1,72,,1187832,30,,,1,70,,1187828,30,,,1,29,,886394,30,,,1,70,,1187820,30,,,1,32,,1187829,30,,,1,71,,1187811,30,,,1,30,,1187831,30,,,1,70,,1187835,30,,,1,32,,1187834,30,,,1,69,,1187838,30,,,1,30,,1187827,30,,,1,70,,1187833,30,,,1,27,,1187816,30,,,1,70,,1187814,30,,,1,28,,1187809,30,,,1,30,,1187826,30,,,1,65,,1187824,30,,,1,30,,1187825,30,,,1,70,,1187812,30,,,1,27,,1187823,30,,,1,68,,1187822,30,,,1,30,,1187840,30,,,1,100,,1187817,30,,,1
11201,'13',822,,1187855,30,,,1,102,,1187863,30,,,1,30,,1187851,30,,,1,70,,1187852,30,,,1,30,,1187843,30,,,1,71,,1006712,30,,,1,30,,1187864,30,,,1,70,,1187844,30,,,1,30,,1187845,30,,,1,70,,1187862,30,,,1,30,,1080415,30,,,1,70,,1004321,30,,,1,30,,1187842,30,,,1,70,,1187861,30,,,1,30,,1187850,30,,,1,70,,1187846,30,,,1,30,,1187854,30,,,1,70,,1187859,30,,,1,30,,1187856,30,,,1,70,,1097330,30,,,1,30,,1187858,30,,,1,69,,1187849,30,,,1,30,,1187857,30,,,1,69,,1187865,30,,,1,30,,1187860,30,,,1,70,,1187853,30,,,1,30,,1187848,30,,,1,70,,1187847,30,,,1,110,,1187841,30,,,1
11201,'14',555,,1187894,30,,,1,70,,1187876,30,,,1,32,,1187895,30,,,1,70,,1187889,30,,,1,76,,1187892,30,,,1,30,,1187884,30,,,1,67,,1187877,30,,,1,30,,1187890,30,,,1,70,,1187882,30,,,1,29,,1187888,30,,,1,30,,1187867,30,,,1,70,,1187878,30,,,1,30,,1187881,30,,,1,72,,1187872,30,,,1,70,,1187874,30,,,1,29,,1187880,30,,,1,70,,1187883,30,,,1,32,,1187870,30,,,1,71,,1187868,30,,,1,30,,1187871,30,,,1,70,,1187887,30,,,1,32,,1187869,30,,,1,69,,1187886,30,,,1,30,,1187898,30,,,1,70,,1187875,30,,,1,27,,1187901,30,,,1,70,,1187873,30,,,1,28,,1187897,30,,,1,30,,1187891,30,,,1,65,,1187866,30,,,1,30,,1187896,30,,,1,70,,1187899,30,,,1,27,,1187885,30,,,1,68,,1187893,30,,,1,30,,1187879,30,,,1,100,,1187900,30,,,1
11201,'15',555,,1187914,30,,,1,70,,1187902,30,,,1,32,,1187912,30,,,1,70,,1187932,30,,,1,76,,1187910,30,,,1,30,,1187913,30,,,1,67,,1187920,30,,,1,30,,1187928,30,,,1,70,,1187911,30,,,1,29,,1187917,30,,,1,30,,1187915,30,,,1,70,,1187937,30,,,1,30,,1187929,30,,,1,72,,1187903,30,,,1,70,,1187906,30,,,1,29,,1187933,30,,,1,70,,1187921,30,,,1,32,,1187927,30,,,1,71,,1187904,30,,,1,30,,1187916,30,,,1,70,,1187918,30,,,1,32,,1187908,30,,,1,69,,1187907,30,,,1,30,,1187934,30,,,1,70,,1187905,30,,,1,27,,1187936,30,,,1,70,,1187931,30,,,1,28,,1187922,30,,,1,30,,1187923,30,,,1,65,,1187926,30,,,1,30,,1187925,30,,,1,70,,1187909,30,,,1,27,,1187930,30,,,1,68,,1187935,30,,,1,30,,1187924,30,,,1,100,,1187919,30,,,1
11201,'16',555,,1187945,30,,,1,70,,1187968,30,,,1,32,,1187944,30,,,1,70,,1187969,30,,,1,76,,1187950,30,,,1,30,,1187943,30,,,1,67,,1187953,30,,,1,30,,1187939,30,,,1,70,,1187951,30,,,1,29,,1187971,30,,,1,30,,1187962,30,,,1,70,,1187940,30,,,1,30,,1187947,30,,,1,72,,1187964,30,,,1,70,,1187960,30,,,1,29,,1187942,30,,,1,70,,1187952,30,,,1,32,,1187961,30,,,1,71,,1083913,30,,,1,30,,1187963,30,,,1,70,,1187967,30,,,1,32,,1187966,30,,,1,69,,1187970,30,,,1,30,,1187959,30,,,1,70,,1187965,30,,,1,27,,1187948,30,,,1,70,,1187946,30,,,1,28,,1187938,30,,,1,30,,1187958,30,,,1,65,,1187956,30,,,1,30,,1187957,30,,,1,70,,1187941,30,,,1,27,,1187955,30,,,1,68,,1187954,30,,,1,30,,1187972,30,,,1,100,,1187949,30,,,1
11201,'17',822,,1187990,30,,,1,102,,1187998,30,,,1,30,,1187986,30,,,1,70,,1187987,30,,,1,30,,1187977,30,,,1,71,,1187973,30,,,1,30,,1187999,30,,,1,70,,1187978,30,,,1,30,,1187980,30,,,1,70,,1187997,30,,,1,30,,1188001,30,,,1,70,,1187979,30,,,1,30,,1187976,30,,,1,70,,1187996,30,,,1,30,,1187985,30,,,1,70,,1187981,30,,,1,30,,1187989,30,,,1,70,,1187994,30,,,1,30,,1187991,30,,,1,70,,1187975,30,,,1,30,,1187993,30,,,1,69,,1187984,30,,,1,30,,1187992,30,,,1,69,,1188000,30,,,1,30,,1187995,30,,,1,70,,1187988,30,,,1,30,,1187983,30,,,1,70,,1187982,30,,,1,110,,1187974,30,,,1
11201,'2',542,,1188028,30,,,1,90,,1188026,30,,,1,100,,1188017,30,,,1,70,,1188009,30,,,1,30,,1188023,30,,,1,70,,1188006,30,,,1,32,,1188013,30,,,1,70,,1188004,30,,,1,30,,1188003,30,,,1,70,,1188016,30,,,1,31,,1188018,30,,,1,70,,1188011,30,,,1,30,,1188035,30,,,1,70,,1188010,30,,,1,30,,1188031,30,,,1,70,,1188012,30,,,1,30,,1188014,30,,,1,70,,1188025,30,,,1,30,,1188021,30,,,1,70,,1188032,30,,,1,30,,1188029,30,,,1,70,,1188005,30,,,1,30,,1188002,30,,,1,70,,1188024,30,,,1,30,,1188027,30,,,1,70,,1188030,30,,,1,29,,1188034,30,,,1,70,,1188007,30,,,1,29,,1188019,30,,,1,70,,1188022,30,,,1,30,,1188008,30,,,1,70,,1188036,30,,,1,30,,1188015,30,,,1,70,,1188020,30,,,1,110,,1188033,30,,,1
11201,'3',822,,1188054,30,,,1,102,,1188062,30,,,1,30,,1188050,30,,,1,70,,1188051,30,,,1,30,,1188041,30,,,1,71,,1188037,30,,,1,30,,1188063,30,,,1,70,,1188042,30,,,1,30,,1188044,30,,,1,70,,1188061,30,,,1,30,,1188065,30,,,1,70,,1188043,30,,,1,30,,1188040,30,,,1,70,,1188060,30,,,1,30,,1188049,30,,,1,70,,1188045,30,,,1,30,,1188053,30,,,1,70,,1188058,30,,,1,30,,1188055,30,,,1,70,,1188039,30,,,1,30,,1188057,30,,,1,69,,1188048,30,,,1,30,,1188056,30,,,1,69,,1188064,30,,,1,30,,1188059,30,,,1,70,,1188052,30,,,1,30,,1188047,30,,,1,70,,1188046,30,,,1,110,,1188038,30,,,1
11201,'4',822,,1188088,30,,,1,102,,1188068,30,,,1,30,,1188069,30,,,1,70,,1188080,30,,,1,30,,1188067,30,,,1,71,,940943,30,,,1,30,,1188066,30,,,1,70,,1188078,30,,,1,30,,1188091,30,,,1,70,,1188071,30,,,1,30,,1188084,30,,,1,70,,1188081,30,,,1,30,,1188077,30,,,1,70,,1188092,30,,,1,30,,1188087,30,,,1,70,,1188089,30,,,1,30,,1188082,30,,,1,70,,1053287,30,,,1,30,,1188086,30,,,1,70,,1188075,30,,,1,30,,1188073,30,,,1,69,,1188070,30,,,1,30,,1188079,30,,,1,69,,1188072,30,,,1,30,,1188074,30,,,1,70,,1188090,30,,,1,30,,1188085,30,,,1,70,,1188076,30,,,1,110,,1188083,30,,,1
11201,'5',555,,1188116,30,,,1,70,,1188101,30,,,1,32,,979259,30,,,1,70,,1188112,30,,,1,76,,1188115,30,,,1,30,,1188108,30,,,1,67,,1188102,30,,,1,30,,1188113,30,,,1,70,,1071675,30,,,1,29,,1188111,30,,,1,30,,1089158,30,,,1,70,,1188103,30,,,1,30,,1188106,30,,,1,72,,1188097,30,,,1,70,,1188099,30,,,1,29,,1188105,30,,,1,70,,1188107,30,,,1,32,,1188095,30,,,1,71,,1035587,30,,,1,30,,1188096,30,,,1,70,,1040735,30,,,1,32,,1188094,30,,,1,69,,1188110,30,,,1,30,,1188118,30,,,1,70,,1188100,30,,,1,27,,1188120,30,,,1,70,,1188098,30,,,1,28,,1188117,30,,,1,30,,1188114,30,,,1,65,,1188093,30,,,1,30,,1039240,30,,,1,70,,1188119,30,,,1,27,,1188109,30,,,1,68,,1057210,30,,,1,30,,1188104,30,,,1,100,,995683,30,,,1
11201,'6',555,,1188126,30,,,1,70,,1188149,30,,,1,32,,1188125,30,,,1,70,,1101243,30,,,1,76,,1188131,30,,,1,30,,1188124,30,,,1,67,,1188134,30,,,1,30,,1017692,30,,,1,70,,1188132,30,,,1,29,,1100113,30,,,1,30,,1188143,30,,,1,70,,1188121,30,,,1,30,,1188128,30,,,1,72,,1188145,30,,,1,70,,1188141,30,,,1,29,,1188123,30,,,1,70,,1188133,30,,,1,32,,1188142,30,,,1,71,,1188122,30,,,1,30,,1188144,30,,,1,70,,1188148,30,,,1,32,,1188147,30,,,1,69,,1188150,30,,,1,30,,1188140,30,,,1,70,,1188146,30,,,1,27,,1188129,30,,,1,70,,1188127,30,,,1,28,,1084813,30,,,1,30,,1188139,30,,,1,65,,1188137,30,,,1,30,,1188138,30,,,1,70,,1102998,30,,,1,27,,1188136,30,,,1,68,,1188135,30,,,1,30,,1188151,30,,,1,100,,1188130,30,,,1
11201,'7',542,,1188170,30,,,1,90,,1188174,30,,,1,100,,1188153,30,,,1,70,,1188178,30,,,1,30,,1188165,30,,,1,70,,1188181,30,,,1,32,,1188162,30,,,1,70,,1188173,30,,,1,30,,1188180,30,,,1,70,,1188158,30,,,1,31,,1188161,30,,,1,70,,1188177,30,,,1,30,,1188172,30,,,1,70,,1188155,30,,,1,30,,1188175,30,,,1,70,,1188163,30,,,1,30,,1188186,30,,,1,70,,1188185,30,,,1,30,,1188184,30,,,1,70,,1188152,30,,,1,30,,1188159,30,,,1,70,,1188169,30,,,1,30,,1188154,30,,,1,70,,1188164,30,,,1,30,,1188156,30,,,1,70,,1188166,30,,,1,29,,1188171,30,,,1,70,,1188179,30,,,1,29,,1188167,30,,,1,70,,1188160,30,,,1,30,,1188183,30,,,1,70,,1188157,30,,,1,30,,1188168,30,,,1,70,,1188182,30,,,1,110,,1188176,30,,,1
11201,'8',555,,1188195,30,,,1,70,,1188218,30,,,1,32,,1188194,30,,,1,70,,1188219,30,,,1,76,,1188200,30,,,1,30,,1188193,30,,,1,67,,1188203,30,,,1,30,,1188188,30,,,1,70,,1188201,30,,,1,29,,1188221,30,,,1,30,,1188212,30,,,1,70,,1188189,30,,,1,30,,1188197,30,,,1,72,,1188214,30,,,1,70,,1188210,30,,,1,29,,1188192,30,,,1,70,,1188202,30,,,1,32,,1188211,30,,,1,71,,1188190,30,,,1,30,,1188213,30,,,1,70,,1188217,30,,,1,32,,1188216,30,,,1,69,,1188220,30,,,1,30,,1188209,30,,,1,70,,1188215,30,,,1,27,,1188198,30,,,1,70,,1188196,30,,,1,28,,1188187,30,,,1,30,,1188208,30,,,1,65,,1188206,30,,,1,30,,1188207,30,,,1,70,,1188191,30,,,1,27,,1188205,30,,,1,68,,1188204,30,,,1,30,,1188222,30,,,1,100,,1188199,30,,,1
11201,'9',555,,1188246,30,,,1,70,,1188231,30,,,1,32,,979202,30,,,1,70,,1188242,30,,,1,76,,1188245,30,,,1,30,,1188238,30,,,1,67,,1188232,30,,,1,30,,1188243,30,,,1,70,,1071598,30,,,1,29,,1188241,30,,,1,30,,1089064,30,,,1,70,,1188233,30,,,1,30,,1188236,30,,,1,72,,1188227,30,,,1,70,,1188229,30,,,1,29,,1188235,30,,,1,70,,1188237,30,,,1,32,,1188225,30,,,1,71,,1036057,30,,,1,30,,1188226,30,,,1,70,,1041050,30,,,1,32,,1188224,30,,,1,69,,1188240,30,,,1,30,,1188248,30,,,1,70,,1188230,30,,,1,27,,1188250,30,,,1,70,,1188228,30,,,1,28,,1188247,30,,,1,30,,1188244,30,,,1,65,,1188223,30,,,1,30,,1039413,30,,,1,70,,1188249,30,,,1,27,,1188239,30,,,1,68,,1057236,30,,,1,30,,1188234,30,,,1,100,,996077,30,,,1
61001,'1',1515,,1198921,32,,,1
61001,'10',1515,,1198922,32,,,1
61001,'11',1515,,1198923,32,,,1
61001,'12',1515,,1198924,32,,,1
61001,'14',1515,,1198925,32,,,1
61001,'15',1515,,1198926,32,,,1
61001,'16',1515,,1198927,32,,,1
61001,'5',1515,,1198928,32,,,1
61001,'6',1515,,1198929,32,,,1
61001,'8',1515,,1198930,32,,,1
61001,'9',1515,,1198931,32,,,1
68801,'1',1431,,1200571,5,,,1
68801,'10',1431,,1200573,5,,,1
68801,'11',1431,,1200575,5,,,1
68801,'12',1431,,1200578,5,,,1
68801,'14',1431,,1200581,5,,,1
68801,'15',1431,,1200584,5,,,1
68801,'16',1431,,1200587,5,,,1
68801,'5',1431,,1200589,5,,,1
68801,'6',1431,,1200592,5,,,1
68801,'8',1431,,1200595,5,,,1
68801,'9',1431,,1200597,5,,,1
