4101,'1',424,,1138949,12,,,1,30,,1138976,12,,,1,70,,1032082,12,,,1,30,,1138935,12,,,1,56,,1138940,12,,,1,15,,1138967,12,,,1,16,,1095602,12,,,1,15,,1138942,12,,,1,56,,1138944,12,,,1,15,,1138936,12,,,1,15,,1138929,12,,,1,13,,1138947,12,,,1,59,,1138963,12,,,1,15,,1138971,12,,,1,13,,1138975,12,,,1,15,,1138970,12,,,1,55,,1138964,12,,,1,15,,1138955,12,,,1,15,,1077934,12,,,1,15,,1138966,12,,,1,55,,1138962,12,,,1,15,,1087582,12,,,1,15,,1138941,12,,,1,15,,935692,12,,,1,55,,1138934,12,,,1,15,,1138958,12,,,1,15,,1138953,12,,,1,15,,1080260,12,,,1,55,,1138957,12,,,1,15,,999112,12,,,1,15,,1138937,12,,,1,15,,1138927,12,,,1,55,,1138933,12,,,1,31,,990990,12,,,1,70,,1138968,12,,,1,15,,1138977,12,,,1,15,,1138948,12,,,1,13,,1138939,12,,,1,72,,1138938,12,,,1,30,,1138956,12,,,1,70,,1065453,12,,,1,17,,1138965,12,,,1,55,,1138930,12,,,1,13,,1138928,12,,,1,15,,1138973,12,,,1,14,,1138943,12,,,1,15,,1138972,12,,,1,55,,1072452,12,,,1,15,,829631,12,,,1,15,,1138931,12,,,1,14,,1080737,12,,,1,55,,1138951,12,,,1,15,,1138932,12,,,1,15,,1138950,12,,,1,15,,1138960,12,,,1,70,,1138974,12,,,1,31,,1138946,12,,,1,70,,1138959,12,,,1,29,,1138961,12,,,1,68,,1138978,12,,,1,30,,1138945,12,,,1,70,,1138954,12,,,1,30,,1138952,12,,,1,72,,1138969,12,,,1
4101,'10',424,,1139001,12,,,1,30,,1139028,12,,,1,70,,1032261,12,,,1,30,,1138987,12,,,1,56,,1138992,12,,,1,15,,1139019,12,,,1,16,,1095368,12,,,1,15,,1138994,12,,,1,56,,1138996,12,,,1,15,,1138988,12,,,1,15,,1138981,12,,,1,13,,1138999,12,,,1,59,,1139015,12,,,1,15,,1139023,12,,,1,13,,1139027,12,,,1,15,,1139022,12,,,1,55,,1139016,12,,,1,15,,1139007,12,,,1,15,,1077725,12,,,1,15,,1139018,12,,,1,55,,1139014,12,,,1,15,,1087372,12,,,1,15,,1138993,12,,,1,15,,935412,12,,,1,55,,1138986,12,,,1,15,,1139010,12,,,1,15,,1139005,12,,,1,15,,1080125,12,,,1,55,,1139009,12,,,1,15,,999192,12,,,1,15,,1138989,12,,,1,15,,1138979,12,,,1,55,,1138985,12,,,1,31,,990985,12,,,1,70,,1139020,12,,,1,15,,1139029,12,,,1,15,,1139000,12,,,1,13,,1138991,12,,,1,72,,1138990,12,,,1,30,,1139008,12,,,1,70,,1065229,12,,,1,17,,1139017,12,,,1,55,,1138982,12,,,1,13,,1138980,12,,,1,15,,1139025,12,,,1,14,,1138995,12,,,1,15,,1139024,12,,,1,55,,1072437,12,,,1,15,,829679,12,,,1,15,,1138983,12,,,1,14,,1080564,12,,,1,55,,1139003,12,,,1,15,,1138984,12,,,1,15,,1139002,12,,,1,15,,1139012,12,,,1,70,,1139026,12,,,1,31,,1138998,12,,,1,70,,1139011,12,,,1,29,,1139013,12,,,1,68,,1139030,12,,,1,30,,1138997,12,,,1,70,,1139006,12,,,1,30,,1139004,12,,,1,72,,1139021,12,,,1
4101,'11',424,,1139053,12,,,1,30,,1139080,12,,,1,70,,1032028,12,,,1,30,,1139039,12,,,1,56,,1139044,12,,,1,15,,1139071,12,,,1,16,,1095675,12,,,1,15,,1139046,12,,,1,56,,1139048,12,,,1,15,,1139040,12,,,1,15,,1139033,12,,,1,13,,1139051,12,,,1,59,,1139067,12,,,1,15,,1139075,12,,,1,13,,1139079,12,,,1,15,,1139074,12,,,1,55,,1139068,12,,,1,15,,1139059,12,,,1,15,,1077997,12,,,1,15,,1139070,12,,,1,55,,1139066,12,,,1,15,,1087646,12,,,1,15,,1139045,12,,,1,15,,935639,12,,,1,55,,1139038,12,,,1,15,,1139062,12,,,1,15,,1139057,12,,,1,15,,1080297,12,,,1,55,,1139061,12,,,1,15,,999090,12,,,1,15,,1139041,12,,,1,15,,1139031,12,,,1,55,,1139037,12,,,1,31,,990989,12,,,1,70,,1139072,12,,,1,15,,1139081,12,,,1,15,,1139052,12,,,1,13,,1139043,12,,,1,72,,1139042,12,,,1,30,,1139060,12,,,1,70,,1065516,12,,,1,17,,1139069,12,,,1,55,,1139034,12,,,1,13,,1139032,12,,,1,15,,1139077,12,,,1,14,,1139047,12,,,1,15,,1139076,12,,,1,55,,1072457,12,,,1,15,,829535,12,,,1,15,,1139035,12,,,1,14,,1080794,12,,,1,55,,1139055,12,,,1,15,,1139036,12,,,1,15,,1139054,12,,,1,15,,1139064,12,,,1,70,,1139078,12,,,1,31,,1139050,12,,,1,70,,1139063,12,,,1,29,,1139065,12,,,1,68,,1139082,12,,,1,30,,1139049,12,,,1,70,,1139058,12,,,1,30,,1139056,12,,,1,72,,1139073,12,,,1
4101,'12',424,,1139129,12,,,1,30,,1139108,12,,,1,70,,1139100,12,,,1,30,,1139091,12,,,1,56,,1139137,12,,,1,15,,1139115,12,,,1,16,,1139132,12,,,1,15,,1139090,12,,,1,56,,1139102,12,,,1,15,,1139096,12,,,1,15,,1139086,12,,,1,13,,1139112,12,,,1,59,,1139121,12,,,1,15,,1139133,12,,,1,13,,1139120,12,,,1,15,,1139111,12,,,1,55,,1139124,12,,,1,15,,1139085,12,,,1,15,,1139135,12,,,1,15,,1139130,12,,,1,55,,1139110,12,,,1,15,,1139089,12,,,1,15,,1139094,12,,,1,15,,1139131,12,,,1,55,,1139083,12,,,1,15,,1139126,12,,,1,15,,1139109,12,,,1,15,,1139139,12,,,1,55,,1139101,12,,,1,15,,1139122,12,,,1,15,,1064032,12,,,1,15,,1139092,12,,,1,55,,1139128,12,,,1,31,,1139118,12,,,1,70,,1070268,12,,,1,15,,1139105,12,,,1,15,,1139138,12,,,1,13,,1139116,12,,,1,72,,1139099,12,,,1,30,,900833,12,,,1,70,,1139140,12,,,1,17,,978457,12,,,1,55,,1139093,12,,,1,13,,1139113,12,,,1,15,,1139087,12,,,1,14,,1139117,12,,,1,15,,1139098,12,,,1,55,,1139095,12,,,1,15,,1139119,12,,,1,15,,1139134,12,,,1,14,,1139084,12,,,1,55,,1139107,12,,,1,15,,1139125,12,,,1,15,,1139104,12,,,1,15,,1085501,12,,,1,70,,1139103,12,,,1,31,,1139141,12,,,1,70,,1139097,12,,,1,29,,1139088,12,,,1,68,,1139127,12,,,1,30,,1139136,12,,,1,70,,1139106,12,,,1,30,,1088640,12,,,1,72,,1139114,12,,,1
4101,'13',756,,1139156,12,,,1,100,,1071620,12,,,1,70,,1139143,12,,,1,30,,1139166,12,,,1,70,,1083463,12,,,1,30,,1139142,12,,,1,70,,1139149,12,,,1,30,,1139151,12,,,1,70,,1139146,12,,,1,30,,1139155,12,,,1,70,,1139164,12,,,1,30,,1139148,12,,,1,70,,1139144,12,,,1,30,,1139154,12,,,1,70,,1139162,12,,,1,30,,1139167,12,,,1,70,,1139163,12,,,1,30,,1139165,12,,,1,70,,1139169,12,,,1,30,,1139150,12,,,1,70,,1090759,12,,,1,30,,1139161,12,,,1,70,,1139160,12,,,1,30,,1139159,12,,,1,70,,1139145,12,,,1,30,,1139153,12,,,1,70,,1139152,12,,,1,30,,1139147,12,,,1,70,,1139168,12,,,1,30,,1139158,12,,,1,100,,1139157,12,,,1
4101,'14',424,,1139201,12,,,1,30,,1139232,12,,,1,70,,1139172,12,,,1,30,,1139187,12,,,1,56,,1139192,12,,,1,15,,1139219,12,,,1,16,,1139173,12,,,1,15,,1139194,12,,,1,56,,1139196,12,,,1,15,,1139188,12,,,1,15,,1139179,12,,,1,13,,1139199,12,,,1,59,,1139215,12,,,1,15,,1139225,12,,,1,13,,1139231,12,,,1,15,,1139223,12,,,1,55,,1139216,12,,,1,15,,1139207,12,,,1,15,,1139177,12,,,1,15,,1139218,12,,,1,55,,1139214,12,,,1,15,,1139227,12,,,1,15,,1139193,12,,,1,15,,1139170,12,,,1,55,,1139186,12,,,1,15,,1139210,12,,,1,15,,1139205,12,,,1,15,,1139224,12,,,1,55,,1139209,12,,,1,15,,1139222,12,,,1,15,,1139189,12,,,1,15,,1139175,12,,,1,55,,1139185,12,,,1,31,,1139171,12,,,1,70,,1139220,12,,,1,15,,1139233,12,,,1,15,,1139200,12,,,1,13,,1139191,12,,,1,72,,1139190,12,,,1,30,,1139208,12,,,1,70,,1139182,12,,,1,17,,1139217,12,,,1,55,,1139181,12,,,1,13,,1139176,12,,,1,15,,1139229,12,,,1,14,,1139195,12,,,1,15,,1139228,12,,,1,55,,1139178,12,,,1,15,,1139226,12,,,1,15,,1139183,12,,,1,14,,1139180,12,,,1,55,,1139203,12,,,1,15,,1139184,12,,,1,15,,1139202,12,,,1,15,,1139212,12,,,1,70,,1139230,12,,,1,31,,1139198,12,,,1,70,,1139211,12,,,1,29,,1139213,12,,,1,68,,1139234,12,,,1,30,,1139197,12,,,1,70,,1139206,12,,,1,30,,1139204,12,,,1,72,,1139221,12,,,1
4101,'15',424,,1139270,12,,,1,30,,1139239,12,,,1,70,,1139293,12,,,1,30,,1139242,12,,,1,56,,1139238,12,,,1,15,,1139282,12,,,1,16,,1139262,12,,,1,15,,1139235,12,,,1,56,,1139257,12,,,1,15,,1139271,12,,,1,15,,1139295,12,,,1,13,,1139284,12,,,1,59,,1139291,12,,,1,15,,1139264,12,,,1,13,,1139236,12,,,1,15,,1139241,12,,,1,55,,1139265,12,,,1,15,,1139272,12,,,1,15,,1139252,12,,,1,15,,1139274,12,,,1,55,,1139275,12,,,1,15,,1139290,12,,,1,15,,1139268,12,,,1,15,,1139294,12,,,1,55,,1139281,12,,,1,15,,1139296,12,,,1,15,,1139283,12,,,1,15,,1139266,12,,,1,55,,1139256,12,,,1,15,,1139292,12,,,1,15,,1139280,12,,,1,15,,1139273,12,,,1,55,,1139255,12,,,1,31,,1139289,12,,,1,70,,1139240,12,,,1,15,,1139276,12,,,1,15,,1139277,12,,,1,13,,1139279,12,,,1,72,,1139251,12,,,1,30,,1139246,12,,,1,70,,1139254,12,,,1,17,,1139278,12,,,1,55,,1139299,12,,,1,13,,1139285,12,,,1,15,,1139245,12,,,1,14,,1139287,12,,,1,15,,1139250,12,,,1,55,,1139258,12,,,1,15,,1139297,12,,,1,15,,1139288,12,,,1,14,,1139248,12,,,1,55,,1139260,12,,,1,15,,1139261,12,,,1,15,,1139286,12,,,1,15,,1139263,12,,,1,70,,1139249,12,,,1,31,,1139298,12,,,1,70,,1139244,12,,,1,29,,1139243,12,,,1,68,,1139267,12,,,1,30,,1139269,12,,,1,70,,1139237,12,,,1,30,,1139259,12,,,1,72,,1139253,12,,,1
4101,'16',424,,1139344,12,,,1,30,,1139323,12,,,1,70,,1139315,12,,,1,30,,1139307,12,,,1,56,,1139352,12,,,1,15,,1139331,12,,,1,16,,1139347,12,,,1,15,,965650,12,,,1,56,,1139317,12,,,1,15,,1139311,12,,,1,15,,1139305,12,,,1,13,,1139327,12,,,1,59,,1139337,12,,,1,15,,1139348,12,,,1,13,,1139336,12,,,1,15,,1139326,12,,,1,55,,1078756,12,,,1,15,,1091326,12,,,1,15,,1139350,12,,,1,15,,1139345,12,,,1,55,,1139325,12,,,1,15,,1139306,12,,,1,15,,1139310,12,,,1,15,,1139346,12,,,1,55,,1139300,12,,,1,15,,1139341,12,,,1,15,,1139324,12,,,1,15,,1097888,12,,,1,55,,1139316,12,,,1,15,,1139338,12,,,1,15,,1139355,12,,,1,15,,1139308,12,,,1,55,,1139343,12,,,1,31,,1139334,12,,,1,70,,1139304,12,,,1,15,,1139320,12,,,1,15,,1139353,12,,,1,13,,1139332,12,,,1,72,,1139314,12,,,1,30,,1139356,12,,,1,70,,1139354,12,,,1,17,,1139301,12,,,1,55,,1139309,12,,,1,13,,1139329,12,,,1,15,,1099534,12,,,1,14,,1139333,12,,,1,15,,1139313,12,,,1,55,,1096815,12,,,1,15,,1139335,12,,,1,15,,1139349,12,,,1,14,,1139303,12,,,1,55,,1139322,12,,,1,15,,1139340,12,,,1,15,,1139319,12,,,1,15,,1139328,12,,,1,70,,1139318,12,,,1,31,,1139357,12,,,1,70,,1139312,12,,,1,29,,1084176,12,,,1,68,,1139342,12,,,1,30,,1139351,12,,,1,70,,1139321,12,,,1,30,,1139302,12,,,1,72,,1139330,12,,,1
4101,'17',756,,1139374,12,,,1,100,,1139367,12,,,1,70,,1139359,12,,,1,30,,1139384,12,,,1,70,,1139364,12,,,1,30,,1139358,12,,,1,70,,1139366,12,,,1,30,,1139369,12,,,1,70,,1139362,12,,,1,30,,1139373,12,,,1,70,,1139382,12,,,1,30,,1139365,12,,,1,70,,1139360,12,,,1,30,,1139372,12,,,1,70,,1139380,12,,,1,30,,1139385,12,,,1,70,,1139381,12,,,1,30,,1139383,12,,,1,70,,1139387,12,,,1,30,,1139368,12,,,1,70,,1139388,12,,,1,30,,1139379,12,,,1,70,,1139378,12,,,1,30,,1139377,12,,,1,70,,1139361,12,,,1,30,,1139371,12,,,1,70,,1139370,12,,,1,30,,1139363,12,,,1,70,,1139386,12,,,1,30,,1139376,12,,,1,100,,1139375,12,,,1
4101,'2',523,,1139417,12,,,1,30,,1139420,12,,,1,70,,1139421,12,,,1,30,,1139390,12,,,1,70,,1139413,12,,,1,30,,1139418,12,,,1,70,,1139415,12,,,1,30,,1139409,12,,,1,70,,1139406,12,,,1,30,,1098947,12,,,1,70,,1139396,12,,,1,30,,1139411,12,,,1,70,,1139398,12,,,1,30,,1040831,12,,,1,70,,1139412,12,,,1,30,,1139402,12,,,1,70,,1139401,12,,,1,30,,1139416,12,,,1,70,,1139410,12,,,1,30,,1139407,12,,,1,70,,1139423,12,,,1,30,,1139422,12,,,1,70,,1014879,12,,,1,30,,1139393,12,,,1,70,,1139392,12,,,1,30,,1139414,12,,,1,70,,1072503,12,,,1,30,,1139389,12,,,1,70,,1139394,12,,,1,30,,1139403,12,,,1,70,,1074659,12,,,1,30,,1139391,12,,,1,70,,1139399,12,,,1,30,,1139419,12,,,1,70,,1139395,12,,,1,30,,1139397,12,,,1,70,,1139400,12,,,1,30,,1139408,12,,,1,70,,1139405,12,,,1,91,,1139404,12,,,1
4101,'3',756,,1139440,12,,,1,100,,1139433,12,,,1,70,,1139425,12,,,1,30,,1139450,12,,,1,70,,1139430,12,,,1,30,,1139424,12,,,1,70,,1139432,12,,,1,30,,1139435,12,,,1,70,,1139428,12,,,1,30,,1139439,12,,,1,70,,1139448,12,,,1,30,,1139431,12,,,1,70,,1139426,12,,,1,30,,1139438,12,,,1,70,,1139446,12,,,1,30,,1139451,12,,,1,70,,1139447,12,,,1,30,,1139449,12,,,1,70,,1139453,12,,,1,30,,1139434,12,,,1,70,,1139454,12,,,1,30,,1139445,12,,,1,70,,1139444,12,,,1,30,,1139443,12,,,1,70,,1139427,12,,,1,30,,1139437,12,,,1,70,,1139436,12,,,1,30,,1139429,12,,,1,70,,1139452,12,,,1,30,,1139442,12,,,1,100,,1139441,12,,,1
4101,'4',756,,1139467,12,,,1,100,,1139474,12,,,1,70,,1139457,12,,,1,30,,1091826,12,,,1,70,,1139478,12,,,1,30,,1139456,12,,,1,70,,1139464,12,,,1,30,,1139466,12,,,1,70,,1139470,12,,,1,30,,1139473,12,,,1,70,,1139468,12,,,1,30,,986663,12,,,1,70,,1139459,12,,,1,30,,1074846,12,,,1,70,,899550,12,,,1,30,,1066430,12,,,1,70,,1062472,12,,,1,30,,1064853,12,,,1,70,,1139462,12,,,1,30,,1139455,12,,,1,70,,1139461,12,,,1,30,,1139460,12,,,1,70,,1139463,12,,,1,30,,1139465,12,,,1,70,,1139472,12,,,1,30,,1139471,12,,,1,70,,1139477,12,,,1,30,,1139469,12,,,1,70,,1139475,12,,,1,30,,1139476,12,,,1,100,,1139458,12,,,1
4101,'5',424,,1139501,12,,,1,30,,1139528,12,,,1,70,,1031775,12,,,1,30,,1139487,12,,,1,56,,1139492,12,,,1,15,,1139519,12,,,1,16,,1095555,12,,,1,15,,1139494,12,,,1,56,,1139496,12,,,1,15,,1139488,12,,,1,15,,1139481,12,,,1,13,,1139499,12,,,1,59,,1139515,12,,,1,15,,1139523,12,,,1,13,,1139527,12,,,1,15,,1139522,12,,,1,55,,1139516,12,,,1,15,,1139507,12,,,1,15,,1077895,12,,,1,15,,1139518,12,,,1,55,,1139514,12,,,1,15,,1087539,12,,,1,15,,1139493,12,,,1,15,,935858,12,,,1,55,,1139486,12,,,1,15,,1139510,12,,,1,15,,1139505,12,,,1,15,,1080243,12,,,1,55,,1139509,12,,,1,15,,998953,12,,,1,15,,1139489,12,,,1,15,,1139479,12,,,1,55,,1139485,12,,,1,31,,990995,12,,,1,70,,1139520,12,,,1,15,,1139529,12,,,1,15,,1139500,12,,,1,13,,1139491,12,,,1,72,,1139490,12,,,1,30,,1139508,12,,,1,70,,1065415,12,,,1,17,,1139517,12,,,1,55,,1139482,12,,,1,13,,1139480,12,,,1,15,,1139525,12,,,1,14,,1139495,12,,,1,15,,1139524,12,,,1,55,,1072447,12,,,1,15,,829823,12,,,1,15,,1139483,12,,,1,14,,1080707,12,,,1,55,,1139503,12,,,1,15,,1139484,12,,,1,15,,1139502,12,,,1,15,,1139512,12,,,1,70,,1139526,12,,,1,31,,1139498,12,,,1,70,,1139511,12,,,1,29,,1139513,12,,,1,68,,1139530,12,,,1,30,,1139497,12,,,1,70,,1139506,12,,,1,30,,1139504,12,,,1,72,,1139521,12,,,1
4101,'6',424,,1139574,12,,,1,30,,1139552,12,,,1,70,,1139544,12,,,1,30,,982378,12,,,1,56,,1042294,12,,,1,15,,1139560,12,,,1,16,,1139577,12,,,1,15,,1139537,12,,,1,56,,1139546,12,,,1,15,,1139540,12,,,1,15,,1001075,12,,,1,13,,1139556,12,,,1,59,,1139566,12,,,1,15,,1139578,12,,,1,13,,1139565,12,,,1,15,,1139555,12,,,1,55,,1139569,12,,,1,15,,1139533,12,,,1,15,,1139580,12,,,1,15,,1139575,12,,,1,55,,1139554,12,,,1,15,,1089297,12,,,1,15,,1009340,12,,,1,15,,1139576,12,,,1,55,,1017690,12,,,1,15,,1139571,12,,,1,15,,1139553,12,,,1,15,,1139581,12,,,1,55,,1139545,12,,,1,15,,1139567,12,,,1,15,,1139582,12,,,1,15,,1073084,12,,,1,55,,1139573,12,,,1,31,,1139563,12,,,1,70,,1139534,12,,,1,15,,1139549,12,,,1,15,,1063763,12,,,1,13,,1139561,12,,,1,72,,1139543,12,,,1,30,,1139583,12,,,1,70,,1001113,12,,,1,17,,1139531,12,,,1,55,,1139538,12,,,1,13,,1139558,12,,,1,15,,1139535,12,,,1,14,,1139562,12,,,1,15,,1139542,12,,,1,55,,1139539,12,,,1,15,,1139564,12,,,1,15,,1139579,12,,,1,14,,1085688,12,,,1,55,,1139551,12,,,1,15,,1139570,12,,,1,15,,1139548,12,,,1,15,,1139557,12,,,1,70,,1139547,12,,,1,31,,904945,12,,,1,70,,1139541,12,,,1,29,,1139536,12,,,1,68,,1139572,12,,,1,30,,1090314,12,,,1,70,,1139550,12,,,1,30,,1139532,12,,,1,72,,1139559,12,,,1
4101,'7',523,,1139585,12,,,1,30,,1139606,12,,,1,70,,1139595,12,,,1,30,,1139623,12,,,1,70,,1139586,12,,,1,30,,1139619,12,,,1,70,,1139616,12,,,1,30,,1139611,12,,,1,70,,1139604,12,,,1,30,,1139612,12,,,1,70,,1139617,12,,,1,30,,1139590,12,,,1,70,,1139593,12,,,1,30,,1139610,12,,,1,70,,1139596,12,,,1,30,,1139622,12,,,1,70,,1139620,12,,,1,30,,1139587,12,,,1,70,,1139598,12,,,1,30,,1139613,12,,,1,70,,1139591,12,,,1,30,,1139621,12,,,1,70,,1139609,12,,,1,30,,1139584,12,,,1,70,,1139614,12,,,1,30,,1139588,12,,,1,70,,1139597,12,,,1,30,,1139607,12,,,1,70,,1139589,12,,,1,30,,1139603,12,,,1,70,,1139608,12,,,1,30,,1139600,12,,,1,70,,1139599,12,,,1,30,,1139594,12,,,1,70,,1139605,12,,,1,30,,1139602,12,,,1,70,,1139618,12,,,1,30,,1139592,12,,,1,70,,1139601,12,,,1,91,,1139615,12,,,1
4101,'8',424,,1139674,12,,,1,30,,1139652,12,,,1,70,,1139644,12,,,1,30,,1139635,12,,,1,56,,1139682,12,,,1,15,,1139660,12,,,1,16,,1139677,12,,,1,15,,1139634,12,,,1,56,,1139646,12,,,1,15,,1139640,12,,,1,15,,1139630,12,,,1,13,,1139656,12,,,1,59,,1139666,12,,,1,15,,1139678,12,,,1,13,,1139665,12,,,1,15,,1139655,12,,,1,55,,1139669,12,,,1,15,,1139628,12,,,1,15,,1139680,12,,,1,15,,1139675,12,,,1,55,,1139654,12,,,1,15,,1139633,12,,,1,15,,1139638,12,,,1,15,,1139676,12,,,1,55,,1139624,12,,,1,15,,1139671,12,,,1,15,,1139653,12,,,1,15,,1139684,12,,,1,55,,1139645,12,,,1,15,,1139667,12,,,1,15,,1139686,12,,,1,15,,1139636,12,,,1,55,,1139673,12,,,1,31,,1139663,12,,,1,70,,1139629,12,,,1,15,,1139649,12,,,1,15,,1139683,12,,,1,13,,1139661,12,,,1,72,,1139643,12,,,1,30,,1139687,12,,,1,70,,1139685,12,,,1,17,,1139625,12,,,1,55,,1139637,12,,,1,13,,1139658,12,,,1,15,,1139631,12,,,1,14,,1139662,12,,,1,15,,1139642,12,,,1,55,,1139639,12,,,1,15,,1139664,12,,,1,15,,1139679,12,,,1,14,,1139627,12,,,1,55,,1139651,12,,,1,15,,1139670,12,,,1,15,,1139648,12,,,1,15,,1139657,12,,,1,70,,1139647,12,,,1,31,,1139688,12,,,1,70,,1139641,12,,,1,29,,1139632,12,,,1,68,,1139672,12,,,1,30,,1139681,12,,,1,70,,1139650,12,,,1,30,,1139626,12,,,1,72,,1139659,12,,,1
4101,'9',424,,1139711,12,,,1,30,,1139738,12,,,1,70,,1032136,12,,,1,30,,1139697,12,,,1,56,,1139702,12,,,1,15,,1139729,12,,,1,16,,1095443,12,,,1,15,,1139704,12,,,1,56,,1139706,12,,,1,15,,1139698,12,,,1,15,,1139691,12,,,1,13,,1139709,12,,,1,59,,1139725,12,,,1,15,,1139733,12,,,1,13,,1139737,12,,,1,15,,1139732,12,,,1,55,,1139726,12,,,1,15,,1139717,12,,,1,15,,1077794,12,,,1,15,,1139728,12,,,1,55,,1139724,12,,,1,15,,1087439,12,,,1,15,,1139703,12,,,1,15,,935805,12,,,1,55,,1139696,12,,,1,15,,1139720,12,,,1,15,,1139715,12,,,1,15,,1080168,12,,,1,55,,1139719,12,,,1,15,,999134,12,,,1,15,,1139699,12,,,1,15,,1139689,12,,,1,55,,1139695,12,,,1,31,,990994,12,,,1,70,,1139730,12,,,1,15,,1139739,12,,,1,15,,1139710,12,,,1,13,,1139701,12,,,1,72,,1139700,12,,,1,30,,1139718,12,,,1,70,,1065295,12,,,1,17,,1139727,12,,,1,55,,1139692,12,,,1,13,,1139690,12,,,1,15,,1139735,12,,,1,14,,1139705,12,,,1,15,,1139734,12,,,1,55,,1072442,12,,,1,15,,829727,12,,,1,15,,1139693,12,,,1,14,,1080618,12,,,1,55,,1139713,12,,,1,15,,1139694,12,,,1,15,,1139712,12,,,1,15,,1139722,12,,,1,70,,1139736,12,,,1,31,,1139708,12,,,1,70,,1139721,12,,,1,29,,1139723,12,,,1,68,,1139740,12,,,1,30,,1139707,12,,,1,70,,1139716,12,,,1,30,,1139714,12,,,1,72,,1139731,12,,,1
4801,'1',423,,1145424,6,0,86 87,1,96,,993985,6,0,86 87,1,16,,1145426,22,0,86 87,1,81,,1145446,22,,,1,18,,1145419,22,,,1,16,,1102523,22,,,1,55,,961535,22,,,1,15,,993977,22,,,1,15,,1089533,22,,,1,16,,1145417,22,,,1,56,,1145420,22,,,1,17,,1145438,22,,,1,13,,990637,22,,,1,15,,998383,22,,,1,55,,1145443,22,,,1,28,,1145445,22,,,1,70,,1145440,22,,,1,30,,942152,22,,,1,70,,1145435,22,,,1,30,,1080478,22,,,1,70,,1145430,22,,,1,30,,1145418,22,,,1,70,,1024932,22,,,1,31,,1069587,22,,,1,70,,1145434,22,,,1,30,,1086025,22,,,1,71,,1145437,22,,,1,16,,1145431,22,,,1,15,,1145447,22,,,1,17,,1145416,22,,,1,53,,1145442,22,,,1,14,,1145448,22,,,1,15,,1145433,22,,,1,15,,1145429,22,,,1,55,,1145439,22,,,1,15,,1145441,22,,,1,14,,1145432,22,,,1,15,,1145425,22,,,1,55,,1145421,22,,,1,30,,1145427,22,,,1,70,,1145423,22,,,1,30,,1145436,22,,,1,70,,1145422,22,,,1,29,,976249,22,,,1,70,,1075528,22,,,1,30,,1022957,22,,,1,100,,1145444,22,0,86 87,1,98,,1145428,22,0,86 87,1
4801,'10',423,,1145457,6,0,86 87,1,96,,994167,6,0,86 87,1,16,,1145459,22,0,86 87,1,81,,1145479,22,,,1,18,,1145452,22,,,1,16,,1102508,22,,,1,55,,961350,22,,,1,15,,994159,22,,,1,15,,1089349,22,,,1,16,,1145450,22,,,1,56,,1145453,22,,,1,17,,1145471,22,,,1,13,,990501,22,,,1,15,,998475,22,,,1,55,,1145476,22,,,1,28,,1145478,22,,,1,70,,1145473,22,,,1,30,,941876,22,,,1,70,,1145468,22,,,1,30,,1080332,22,,,1,70,,1145463,22,,,1,30,,1145451,22,,,1,70,,1025044,22,,,1,31,,1069436,22,,,1,70,,1145467,22,,,1,30,,1085741,22,,,1,71,,1145470,22,,,1,16,,1145464,22,,,1,15,,1145480,22,,,1,17,,1145449,22,,,1,53,,1145475,22,,,1,14,,1145481,22,,,1,15,,1145466,22,,,1,15,,1145462,22,,,1,55,,1145472,22,,,1,15,,1145474,22,,,1,14,,1145465,22,,,1,15,,1145458,22,,,1,55,,1145454,22,,,1,30,,1145460,22,,,1,70,,1145456,22,,,1,30,,1145469,22,,,1,70,,1145455,22,,,1,29,,975922,22,,,1,70,,1075192,22,,,1,30,,1023071,22,,,1,100,,1145477,22,0,86 87,1,98,,1145461,22,0,86 87,1
4801,'11',423,,1145490,6,0,86 87,1,96,,993929,6,0,86 87,1,16,,1145492,22,0,86 87,1,81,,1145512,22,,,1,18,,1145485,22,,,1,16,,1102528,22,,,1,55,,961505,22,,,1,15,,993921,22,,,1,15,,1089584,22,,,1,16,,1145483,22,,,1,56,,1145486,22,,,1,17,,1145504,22,,,1,13,,990607,22,,,1,15,,998356,22,,,1,55,,1145509,22,,,1,28,,1145511,22,,,1,70,,1145506,22,,,1,30,,942104,22,,,1,70,,1145501,22,,,1,30,,1080522,22,,,1,70,,1145496,22,,,1,30,,1145484,22,,,1,70,,1024901,22,,,1,31,,1069633,22,,,1,70,,1145500,22,,,1,30,,1086107,22,,,1,71,,1145503,22,,,1,16,,1145497,22,,,1,15,,1145513,22,,,1,17,,1145482,22,,,1,53,,1145508,22,,,1,14,,1145514,22,,,1,15,,1145499,22,,,1,15,,1145495,22,,,1,55,,1145505,22,,,1,15,,1145507,22,,,1,14,,1145498,22,,,1,15,,1145491,22,,,1,55,,1145487,22,,,1,30,,1145493,22,,,1,70,,1145489,22,,,1,30,,1145502,22,,,1,70,,1145488,22,,,1,29,,976201,22,,,1,70,,1075620,22,,,1,30,,1022924,22,,,1,100,,1145510,22,0,86 87,1,98,,1145494,22,0,86 87,1
4801,'12',423,,1145522,6,0,86 87,1,96,,1145550,6,0,86 87,1,16,,1145531,22,0,86 87,1,81,,1145534,22,,,1,18,,1145519,22,,,1,16,,1145535,22,,,1,55,,1075871,22,,,1,15,,1145528,22,,,1,15,,1145539,22,,,1,16,,1145525,22,,,1,56,,1145537,22,,,1,17,,1145520,22,,,1,13,,1145529,22,,,1,15,,1145555,22,,,1,55,,1145526,22,,,1,28,,1145540,22,,,1,70,,1145532,22,,,1,30,,994271,22,,,1,70,,1062512,22,,,1,30,,1145549,22,,,1,70,,1076943,22,,,1,30,,1145543,22,,,1,70,,1145542,22,,,1,31,,1145553,22,,,1,70,,1145530,22,,,1,30,,1145544,22,,,1,71,,1145551,22,,,1,16,,1145538,22,,,1,15,,1145546,22,,,1,17,,1023311,22,,,1,53,,1145516,22,,,1,14,,1083523,22,,,1,15,,1145548,22,,,1,15,,1075435,22,,,1,55,,1145524,22,,,1,15,,1145515,22,,,1,14,,1145518,22,,,1,15,,1145536,22,,,1,55,,1145521,22,,,1,30,,1145554,22,,,1,70,,1145523,22,,,1,30,,1145552,22,,,1,70,,1145517,22,,,1,29,,1145533,22,,,1,70,,1145541,22,,,1,30,,1145527,22,,,1,100,,1145545,22,0,86 87,1,98,,1145547,22,0,86 87,1
4801,'13',732,,1145577,6,0,86 87,1,69,,1145570,22,,,1,100,,1145567,22,,,1,30,,1145575,22,,,1,70,,1145556,22,,,1,33,,1145566,22,,,1,70,,1145581,22,,,1,30,,1145578,22,,,1,70,,1145557,22,,,1,31,,1145574,22,,,1,70,,1145579,22,,,1,30,,1145580,22,,,1,70,,1145569,22,,,1,30,,1145558,22,,,1,70,,1145561,22,,,1,30,,1087911,22,,,1,70,,1145576,22,,,1,30,,1069513,22,,,1,70,,1039340,22,,,1,30,,1145571,22,,,1,70,,1145563,22,,,1,29,,1145562,22,,,1,70,,1065352,22,,,1,30,,1145564,22,0,86 87,1,70,,1145565,22,0,86 87,1,30,,1145560,22,0,86 87,1,70,,1145568,22,0,86 87,1,30,,1145572,22,0,86 87,1,98,,1145559,22,0,86 87,1,119,,1145573,22,0,86 87,1
4801,'14',423,,1145599,6,0,86 87,1,96,,1145600,6,0,86 87,1,16,,1145602,22,0,86 87,1,81,,1145625,22,,,1,18,,1145589,22,,,1,16,,1145622,22,,,1,55,,1145593,22,,,1,15,,1145594,22,,,1,15,,1145621,22,,,1,16,,1145583,22,,,1,56,,1145590,22,,,1,17,,1145615,22,,,1,13,,1145588,22,,,1,15,,1145604,22,,,1,55,,1145620,22,,,1,28,,1145624,22,,,1,70,,1145617,22,,,1,30,,1145586,22,,,1,70,,1145612,22,,,1,30,,1145596,22,,,1,70,,1145607,22,,,1,30,,1145584,22,,,1,70,,1145628,22,,,1,31,,1145595,22,,,1,70,,1145611,22,,,1,30,,1145592,22,,,1,71,,1145614,22,,,1,16,,1145608,22,,,1,15,,1145626,22,,,1,17,,1145582,22,,,1,53,,1145619,22,,,1,14,,1145629,22,,,1,15,,1145610,22,,,1,15,,1145606,22,,,1,55,,1145616,22,,,1,15,,1145618,22,,,1,14,,1145609,22,,,1,15,,1145601,22,,,1,55,,1145591,22,,,1,30,,1145603,22,,,1,70,,1145598,22,,,1,30,,1145613,22,,,1,70,,1145597,22,,,1,29,,1145587,22,,,1,70,,1145585,22,,,1,30,,1145627,22,,,1,100,,1145623,22,0,86 87,1,98,,1145605,22,0,86 87,1
4801,'15',423,,1145641,6,0,86 87,1,96,,1145654,6,0,86 87,1,16,,1145673,22,0,86 87,1,81,,1145635,22,,,1,18,,1145651,22,,,1,16,,1145674,22,,,1,55,,1145671,22,,,1,15,,1145659,22,,,1,15,,1145665,22,,,1,16,,1145630,22,,,1,56,,1145647,22,,,1,17,,1145660,22,,,1,13,,1145655,22,,,1,15,,1145642,22,,,1,55,,1145656,22,,,1,28,,1145640,22,,,1,70,,1145667,22,,,1,30,,1145668,22,,,1,70,,1145646,22,,,1,30,,1145637,22,,,1,70,,1145632,22,,,1,30,,1145652,22,,,1,70,,1145666,22,,,1,31,,1145639,22,,,1,70,,1145676,22,,,1,30,,1145675,22,,,1,71,,1145663,22,,,1,16,,1145670,22,,,1,15,,1145661,22,,,1,17,,1145650,22,,,1,53,,1145631,22,,,1,14,,1145649,22,,,1,15,,1145664,22,,,1,15,,1145672,22,,,1,55,,1145657,22,,,1,15,,1145662,22,,,1,14,,1145633,22,,,1,15,,1145645,22,,,1,55,,1145648,22,,,1,30,,1145636,22,,,1,70,,1145638,22,,,1,30,,1145658,22,,,1,70,,1145653,22,,,1,29,,1145644,22,,,1,70,,1145634,22,,,1,30,,1145669,22,,,1,100,,1145677,22,0,86 87,1,98,,1145643,22,0,86 87,1
4801,'16',423,,1095650,6,0,86 87,1,96,,1145715,6,0,86 87,1,16,,1145694,22,0,86 87,1,81,,1145697,22,,,1,18,,1145684,22,,,1,16,,1145698,22,,,1,55,,1145710,22,,,1,15,,1145691,22,,,1,15,,1145702,22,,,1,16,,1145688,22,,,1,56,,1145700,22,,,1,17,,1145685,22,,,1,13,,1145692,22,,,1,15,,1145721,22,,,1,55,,1145689,22,,,1,28,,1145703,22,,,1,70,,1145695,22,,,1,30,,1145716,22,,,1,70,,1145682,22,,,1,30,,1145714,22,,,1,70,,1145708,22,,,1,30,,1145706,22,,,1,70,,1145705,22,,,1,31,,1145719,22,,,1,70,,1145693,22,,,1,30,,1145707,22,,,1,71,,1145717,22,,,1,16,,1145701,22,,,1,15,,1145711,22,,,1,17,,1145679,22,,,1,53,,1069838,22,,,1,14,,1145680,22,,,1,15,,1145713,22,,,1,15,,1145681,22,,,1,55,,1145687,22,,,1,15,,1145678,22,,,1,14,,1145683,22,,,1,15,,1145699,22,,,1,55,,1070056,22,,,1,30,,1145720,22,,,1,70,,1145686,22,,,1,30,,1145718,22,,,1,70,,1087595,22,,,1,29,,1145696,22,,,1,70,,1145704,22,,,1,30,,1145690,22,,,1,100,,1145709,22,0,86 87,1,98,,1145712,22,0,86 87,1
4801,'17',732,,1145745,6,0,86 87,1,69,,1145737,22,,,1,100,,1145734,22,,,1,30,,1145742,22,,,1,70,,1145722,22,,,1,33,,1145733,22,,,1,70,,1145750,22,,,1,30,,1145747,22,,,1,70,,1145723,22,,,1,31,,1145741,22,,,1,70,,1145748,22,,,1,30,,1145749,22,,,1,70,,1145736,22,,,1,30,,1145724,22,,,1,70,,1145728,22,,,1,30,,1145725,22,,,1,70,,1145743,22,,,1,30,,1145746,22,,,1,70,,1145744,22,,,1,30,,1145738,22,,,1,70,,1145730,22,,,1,29,,1145729,22,,,1,70,,1145751,22,,,1,30,,1145731,22,0,86 87,1,70,,1145732,22,0,86 87,1,30,,1145727,22,0,86 87,1,70,,1145735,22,0,86 87,1,30,,1145739,22,0,86 87,1,98,,1145726,22,0,86 87,1,119,,1145740,22,0,86 87,1
4801,'2',520,,1073334,6,0,86 87,1,100,,1145771,6,0,86 87,1,29,,1145778,22,,,1,100,,1145753,22,,,1,70,,1145762,22,,,1,30,,1145758,22,,,1,70,,1145765,22,,,1,30,,1145779,22,,,1,73,,1145772,22,,,1,30,,1067825,22,,,1,70,,1062797,22,,,1,30,,1145773,22,,,1,71,,1145777,22,,,1,30,,1145761,22,,,1,70,,1035720,22,,,1,30,,1145770,22,,,1,70,,1145769,22,,,1,30,,1145760,22,,,1,70,,1145775,22,,,1,30,,1145763,22,,,1,70,,1145782,22,,,1,30,,1145783,22,,,1,70,,1145754,22,,,1,30,,1145764,22,,,1,69,,1145756,22,,,1,30,,1145757,22,,,1,70,,1145780,22,,,1,30,,1145774,22,,,1,70,,1145752,22,,,1,30,,1145776,22,,,1,70,,1145768,22,,,1,30,,1145766,22,,,1,68,,1145759,22,0,86 87,1,30,,1145755,22,0,86 87,1,100,,1145767,22,0,86 87,1,150,,1145781,22,0,86 87,1
4801,'3',732,,1145807,6,0,86 87,1,69,,1145799,22,,,1,100,,1145796,22,,,1,30,,1145804,22,,,1,70,,1145784,22,,,1,33,,1145795,22,,,1,70,,1145812,22,,,1,30,,1145809,22,,,1,70,,1145785,22,,,1,31,,1145803,22,,,1,70,,1145810,22,,,1,30,,1145811,22,,,1,70,,1145798,22,,,1,30,,1145786,22,,,1,70,,1145790,22,,,1,30,,1145787,22,,,1,70,,1145805,22,,,1,30,,1145808,22,,,1,70,,1145806,22,,,1,30,,1145800,22,,,1,70,,1145792,22,,,1,29,,1145791,22,,,1,70,,1145813,22,,,1,30,,1145793,22,0,86 87,1,70,,1145794,22,0,86 87,1,30,,1145789,22,0,86 87,1,70,,1145797,22,0,86 87,1,30,,1145801,22,0,86 87,1,98,,1145788,22,0,86 87,1,119,,1145802,22,0,86 87,1
4801,'4',732,,1145831,6,0,86 87,1,69,,1145841,22,,,1,100,,1145817,22,,,1,30,,1145819,22,,,1,70,,1145839,22,,,1,33,,1145816,22,,,1,70,,1145835,22,,,1,30,,1145834,22,,,1,70,,1145840,22,,,1,31,,1145815,22,,,1,70,,1145828,22,,,1,30,,1145820,22,,,1,70,,1145832,22,,,1,30,,1145826,22,,,1,70,,1145822,22,,,1,30,,1145818,22,,,1,70,,1145830,22,,,1,30,,1096067,22,,,1,70,,1145833,22,,,1,30,,1145814,22,,,1,70,,1145823,22,,,1,29,,1145825,22,,,1,70,,1145829,22,,,1,30,,1145838,22,0,86 87,1,70,,1145824,22,0,86 87,1,30,,965124,22,0,86 87,1,70,,1145837,22,0,86 87,1,30,,1145827,22,0,86 87,1,98,,1145836,22,0,86 87,1,119,,1145821,22,0,86 87,1
4801,'5',423,,1145850,6,0,86 87,1,96,,993701,6,0,86 87,1,16,,1145852,22,0,86 87,1,81,,1145872,22,,,1,18,,1145845,22,,,1,16,,1102518,22,,,1,55,,961620,22,,,1,15,,993693,22,,,1,15,,1089498,22,,,1,16,,1145843,22,,,1,56,,1145846,22,,,1,17,,1145864,22,,,1,13,,990727,22,,,1,15,,998207,22,,,1,55,,1145869,22,,,1,28,,1145871,22,,,1,70,,1145866,22,,,1,30,,942304,22,,,1,70,,1145861,22,,,1,30,,1080456,22,,,1,70,,1145856,22,,,1,30,,1145844,22,,,1,70,,1024722,22,,,1,31,,1069564,22,,,1,70,,1145860,22,,,1,30,,1085974,22,,,1,71,,1145863,22,,,1,16,,1145857,22,,,1,15,,1145873,22,,,1,17,,1145842,22,,,1,53,,1145868,22,,,1,14,,1145874,22,,,1,15,,1145859,22,,,1,15,,1145855,22,,,1,55,,1145865,22,,,1,15,,1145867,22,,,1,14,,1145858,22,,,1,15,,1145851,22,,,1,55,,1145847,22,,,1,30,,1145853,22,,,1,70,,1145849,22,,,1,30,,1145862,22,,,1,70,,1145848,22,,,1,29,,976404,22,,,1,70,,1075486,22,,,1,30,,1022755,22,,,1,100,,1145870,22,0,86 87,1,98,,1145854,22,0,86 87,1
4801,'6',423,,1145883,6,0,86 87,1,96,,1145909,6,0,86 87,1,16,,1145891,22,0,86 87,1,81,,1145893,22,,,1,18,,1067665,22,,,1,16,,1145894,22,,,1,55,,1145905,22,,,1,15,,1145888,22,,,1,15,,1145897,22,,,1,16,,1068943,22,,,1,56,,1145896,22,,,1,17,,1145881,22,,,1,13,,1145889,22,,,1,15,,1145912,22,,,1,55,,1145886,22,,,1,28,,1145898,22,,,1,70,,1145892,22,,,1,30,,1145910,22,,,1,70,,1145880,22,,,1,30,,1082709,22,,,1,70,,1145903,22,,,1,30,,1145901,22,,,1,70,,1145900,22,,,1,31,,1097585,22,,,1,70,,1145890,22,,,1,30,,1145902,22,,,1,71,,1145911,22,,,1,16,,1022782,22,,,1,15,,1145906,22,,,1,17,,1145875,22,,,1,53,,1145878,22,,,1,14,,1145876,22,,,1,15,,1145908,22,,,1,15,,1145877,22,,,1,55,,1145885,22,,,1,15,,1043182,22,,,1,14,,1063253,22,,,1,15,,1145895,22,,,1,55,,1145882,22,,,1,30,,1093570,22,,,1,70,,1145884,22,,,1,30,,1042728,22,,,1,70,,1145879,22,,,1,29,,1098433,22,,,1,70,,1145899,22,,,1,30,,1145887,22,,,1,100,,1145904,22,0,86 87,1,98,,1145907,22,0,86 87,1
4801,'7',520,,1145933,6,0,86 87,1,100,,1145916,6,0,86 87,1,29,,1145941,22,,,1,100,,1145946,22,,,1,70,,1145929,22,,,1,30,,1145917,22,,,1,70,,1145925,22,,,1,30,,1145913,22,,,1,73,,1145918,22,,,1,30,,1145915,22,,,1,70,,1145947,22,,,1,30,,1145928,22,,,1,71,,1145926,22,,,1,30,,1145935,22,,,1,70,,1145936,22,,,1,30,,1145921,22,,,1,70,,1145943,22,,,1,30,,1145914,22,,,1,70,,1145931,22,,,1,30,,1145938,22,,,1,70,,1145937,22,,,1,30,,1145932,22,,,1,70,,1145922,22,,,1,30,,1145940,22,,,1,69,,1145948,22,,,1,30,,1145944,22,,,1,70,,1145919,22,,,1,30,,1145930,22,,,1,70,,1145934,22,,,1,30,,1145924,22,,,1,70,,1145942,22,,,1,30,,1145927,22,,,1,68,,1145939,22,0,86 87,1,30,,1145945,22,0,86 87,1,100,,1145923,22,0,86 87,1,150,,1145920,22,0,86 87,1
4801,'8',423,,1145960,6,0,86 87,1,96,,1145990,6,0,86 87,1,16,,1145969,22,0,86 87,1,81,,1145972,22,,,1,18,,1145957,22,,,1,16,,1145973,22,,,1,55,,1145985,22,,,1,15,,1145966,22,,,1,15,,1145977,22,,,1,16,,1145963,22,,,1,56,,1145975,22,,,1,17,,1145958,22,,,1,13,,1145967,22,,,1,15,,1145996,22,,,1,55,,1145964,22,,,1,28,,1145978,22,,,1,70,,1145970,22,,,1,30,,1145991,22,,,1,70,,1145955,22,,,1,30,,1145989,22,,,1,70,,1145983,22,,,1,30,,1145981,22,,,1,70,,1145980,22,,,1,31,,1145994,22,,,1,70,,1145968,22,,,1,30,,1145982,22,,,1,71,,1145992,22,,,1,16,,1145976,22,,,1,15,,1145986,22,,,1,17,,1145950,22,,,1,53,,1145953,22,,,1,14,,1145951,22,,,1,15,,1145988,22,,,1,15,,1145952,22,,,1,55,,1145962,22,,,1,15,,1145949,22,,,1,14,,1145956,22,,,1,15,,1145974,22,,,1,55,,1145959,22,,,1,30,,1145995,22,,,1,70,,1145961,22,,,1,30,,1145993,22,,,1,70,,1145954,22,,,1,29,,1145971,22,,,1,70,,1145979,22,,,1,30,,1145965,22,,,1,100,,1145984,22,0,86 87,1,98,,1145987,22,0,86 87,1
4801,'9',423,,1146005,6,0,86 87,1,96,,994041,6,0,86 87,1,16,,1146007,22,0,86 87,1,81,,1146027,22,,,1,18,,1146000,22,,,1,16,,1102513,22,,,1,55,,961590,22,,,1,15,,994033,22,,,1,15,,1089413,22,,,1,16,,1145998,22,,,1,56,,1146001,22,,,1,17,,1146019,22,,,1,13,,990697,22,,,1,15,,998410,22,,,1,55,,1146024,22,,,1,28,,1146026,22,,,1,70,,1146021,22,,,1,30,,942256,22,,,1,70,,1146016,22,,,1,30,,1080383,22,,,1,70,,1146011,22,,,1,30,,1145999,22,,,1,70,,1024963,22,,,1,31,,1069484,22,,,1,70,,1146015,22,,,1,30,,1085828,22,,,1,71,,1146018,22,,,1,16,,1146012,22,,,1,15,,1146028,22,,,1,17,,1145997,22,,,1,53,,1146023,22,,,1,14,,1146029,22,,,1,15,,1146014,22,,,1,15,,1146010,22,,,1,55,,1146020,22,,,1,15,,1146022,22,,,1,14,,1146013,22,,,1,15,,1146006,22,,,1,55,,1146002,22,,,1,30,,1146008,22,,,1,70,,1146004,22,,,1,30,,1146017,22,,,1,70,,1146003,22,,,1,29,,976356,22,,,1,70,,1075290,22,,,1,30,,1022990,22,,,1,100,,1146025,22,0,86 87,1,98,,1146009,22,0,86 87,1
