1100,'1',437,,1113618,20,,,1,70,,1113625,20,,,1,32,,1113629,20,,,1,15,,1113615,20,,,1,55,,1072454,20,,,1,15,,1113603,20,,,1,16,,1113617,20,,,1,15,,1113632,20,,,1,55,,1113634,20,,,1,14,,1113641,20,,,1,16,,1113647,20,,,1,16,,1113648,20,,,1,55,,1079580,20,,,1,15,,1113607,20,,,1,15,,1113638,20,,,1,15,,1113637,36,,,1,53,,1113642,20,,,1,14,,1113651,36,,,1,15,,1113633,20,,,1,14,,1113621,36,,,1,56,,1113619,20,,,1,16,,1113606,36,,,1,15,,1096121,20,,,1,14,,1113611,36,,,1,54,,1113620,20,,,1,15,,1113639,36,,,1,15,,1113616,20,,,1,13,,1113609,36,,,1,56,,1113650,20,,,1,14,,1113643,36,,,1,15,,1113630,20,,,1,15,,1113646,36,,,1,55,,1113636,20,,,1,14,,1094167,36,,,1,15,,1113604,20,,,1,15,,1113631,36,,,1,56,,1113608,20,,,1,14,,1113640,36,,,1,14,,1097474,20,,,1,69,,1113605,20,,,1,13,,1113614,36,,,1,19,,995211,20,,,1,13,,1113635,36,,,1,54,,1113644,20,,,1,17,,1086848,36,,,1,14,,1048786,20,,,1,14,,1063123,36,,,1,55,,1113645,20,,,1,14,,1113610,36,,,1,15,,1113626,20,,,1,15,,1113622,36,,,1,67,,1113624,36,,,1,30,,1082656,36,,,1,69,,1113649,36,,,1,28,,1113623,36,,,1,70,,1113612,36,,,1,30,,1113627,36,,,1,69,,1113601,36,,,1,30,,1113602,36,,,1,74,,1113613,20,,,1,32,,1113652,20,,,1,71,,1073237,20,,,1,30,,1113628,20,,,1,72,,1070044,20,,,1
1100,'10',437,,1113670,20,,,1,70,,1113677,20,,,1,32,,1113681,20,,,1,15,,1113667,20,,,1,55,,1072439,20,,,1,15,,1113655,20,,,1,16,,1113669,20,,,1,15,,1113684,20,,,1,55,,1113686,20,,,1,14,,1113693,20,,,1,16,,1113699,20,,,1,16,,1113700,20,,,1,55,,1079388,20,,,1,15,,1113659,20,,,1,15,,1113690,20,,,1,15,,1113689,36,,,1,53,,1113694,20,,,1,14,,1113703,36,,,1,15,,1113685,20,,,1,14,,1113673,36,,,1,56,,1113671,20,,,1,16,,1113658,36,,,1,15,,1095978,20,,,1,14,,1113663,36,,,1,54,,1113672,20,,,1,15,,1113691,36,,,1,15,,1113668,20,,,1,13,,1113661,36,,,1,56,,1113702,20,,,1,14,,1113695,36,,,1,15,,1113682,20,,,1,15,,1113698,36,,,1,55,,1113688,20,,,1,14,,1093947,36,,,1,15,,1113656,20,,,1,15,,1113683,36,,,1,56,,1113660,20,,,1,14,,1113692,36,,,1,14,,1097237,20,,,1,69,,1113657,20,,,1,13,,1113666,36,,,1,19,,995380,20,,,1,13,,1113687,36,,,1,54,,1113696,20,,,1,17,,1086788,36,,,1,14,,1048880,20,,,1,14,,1062781,36,,,1,55,,1113697,20,,,1,14,,1113662,36,,,1,15,,1113678,20,,,1,15,,1113674,36,,,1,67,,1113676,36,,,1,30,,1082526,36,,,1,69,,1113701,36,,,1,28,,1113675,36,,,1,70,,1113664,36,,,1,30,,1113679,36,,,1,69,,1113653,36,,,1,30,,1113654,36,,,1,74,,1113665,20,,,1,32,,1113704,20,,,1,71,,1073109,20,,,1,30,,1113680,20,,,1,72,,1069915,20,,,1
1100,'11',437,,1113722,20,,,1,70,,1113729,20,,,1,32,,1113733,20,,,1,15,,1113719,20,,,1,55,,1072459,20,,,1,15,,1113707,20,,,1,16,,1113721,20,,,1,15,,1113736,20,,,1,55,,1113738,20,,,1,14,,1113745,20,,,1,16,,1113751,20,,,1,16,,1113752,20,,,1,55,,1079639,20,,,1,15,,1113711,20,,,1,15,,1113742,20,,,1,15,,1113741,36,,,1,53,,1113746,20,,,1,14,,1113755,36,,,1,15,,1113737,20,,,1,14,,1113725,36,,,1,56,,1113723,20,,,1,16,,1113710,36,,,1,15,,1096164,20,,,1,14,,1113715,36,,,1,54,,1113724,20,,,1,15,,1113743,36,,,1,15,,1113720,20,,,1,13,,1113713,36,,,1,56,,1113754,20,,,1,14,,1113747,36,,,1,15,,1113734,20,,,1,15,,1113750,36,,,1,55,,1113740,20,,,1,14,,1094230,36,,,1,15,,1113708,20,,,1,15,,1113735,36,,,1,56,,1113712,20,,,1,14,,1113744,36,,,1,14,,1097543,20,,,1,69,,1113709,20,,,1,13,,1113718,36,,,1,19,,995163,20,,,1,13,,1113739,36,,,1,54,,1113748,20,,,1,17,,1086868,36,,,1,14,,1048758,20,,,1,14,,1063224,36,,,1,55,,1113749,20,,,1,14,,1113714,36,,,1,15,,1113730,20,,,1,15,,1113726,36,,,1,67,,1113728,36,,,1,30,,1082692,36,,,1,69,,1113753,36,,,1,28,,1113727,36,,,1,70,,1113716,36,,,1,30,,1113731,36,,,1,69,,1113705,36,,,1,30,,1113706,36,,,1,74,,1113717,20,,,1,32,,1113756,20,,,1,71,,1073273,20,,,1,30,,1113732,20,,,1,72,,1070084,20,,,1
1100,'12',437,,1113806,20,,,1,70,,1113776,20,,,1,32,,1113801,20,,,1,15,,1113759,20,,,1,55,,1113770,20,,,1,15,,1113769,20,,,1,16,,1113779,20,,,1,15,,1113802,20,,,1,55,,1113805,20,,,1,14,,1113798,20,,,1,16,,1113791,20,,,1,16,,1113785,20,,,1,55,,1113761,20,,,1,15,,1113772,20,,,1,15,,1113784,20,,,1,15,,1113812,36,,,1,53,,1113796,20,,,1,14,,1113764,36,,,1,15,,1113762,20,,,1,14,,1113799,36,,,1,56,,1113789,20,,,1,16,,1093309,36,,,1,15,,1113794,20,,,1,14,,1113813,36,,,1,54,,944798,20,,,1,15,,1113775,36,,,1,15,,1113758,20,,,1,13,,1113763,36,,,1,56,,1113787,20,,,1,14,,1113803,36,,,1,15,,1099474,20,,,1,15,,1113800,36,,,1,55,,1113760,20,,,1,14,,1113767,36,,,1,15,,1113768,20,,,1,15,,1036376,36,,,1,56,,1113809,20,,,1,14,,1113765,36,,,1,14,,1113777,20,,,1,69,,1113793,20,,,1,13,,1113783,36,,,1,19,,1113782,20,,,1,13,,1113790,36,,,1,54,,1113774,20,,,1,17,,1113788,36,,,1,14,,1113804,20,,,1,14,,1113792,36,,,1,55,,1113814,20,,,1,14,,1113757,36,,,1,15,,1113808,20,,,1,15,,1113780,36,,,1,67,,1113786,36,,,1,30,,1113811,36,,,1,69,,1113773,36,,,1,28,,1113810,36,,,1,70,,1113781,36,,,1,30,,1113795,36,,,1,69,,1113797,36,,,1,30,,1113807,36,,,1,74,,1113778,20,,,1,32,,1113771,20,,,1,71,,1076940,20,,,1,30,,1069070,20,,,1,72,,1113766,20,,,1
1100,'13',638,,1113828,20,,,1,70,,1113824,20,,,1,30,,1113829,20,,,1,70,,1113826,20,,,1,30,,1113832,20,,,1,70,,1113818,20,,,1,28,,1113846,36,,,1,70,,1113820,20,,,1,31,,1113840,36,,,1,70,,1113825,36,,,1,30,,1113831,36,,,1,70,,1113844,36,,,1,30,,1113833,36,,,1,70,,1113838,36,,,1,30,,1080177,36,,,1,70,,1113819,36,,,1,30,,1113837,36,,,1,70,,1113822,36,,,1,30,,1113816,36,,,1,70,,1113842,36,,,1,29,,1113817,36,,,1,70,,1113815,36,,,1,30,,1113847,36,,,1,70,,1113827,36,,,1,30,,1113823,36,,,1,70,,1113830,36,,,1,25,,1113835,20,,,1,70,,1113836,20,,,1,29,,1113839,20,,,1,70,,1113821,20,,,1,30,,1092735,20,,,1,70,,1015858,20,,,1,30,,1113834,20,,,1,70,,1113841,20,,,1,30,,1113845,20,,,1,70,,1113843,20,,,1
1100,'14',437,,1113869,20,,,1,70,,1113876,20,,,1,32,,1113880,20,,,1,15,,1113866,20,,,1,55,,1113908,20,,,1,15,,1113852,20,,,1,16,,1113868,20,,,1,15,,1113883,20,,,1,55,,1113885,20,,,1,14,,1113892,20,,,1,16,,1113898,20,,,1,16,,1113899,20,,,1,55,,1113910,20,,,1,15,,1113856,20,,,1,15,,1113889,20,,,1,15,,1113888,36,,,1,53,,1113893,20,,,1,14,,1113904,36,,,1,15,,1113884,20,,,1,14,,1113872,36,,,1,56,,1113870,20,,,1,16,,1113855,36,,,1,15,,1113849,20,,,1,14,,1113861,36,,,1,54,,1113871,20,,,1,15,,1113890,36,,,1,15,,1113867,20,,,1,13,,1113859,36,,,1,56,,1113902,20,,,1,14,,1113894,36,,,1,15,,1113881,20,,,1,15,,1113897,36,,,1,55,,1113887,20,,,1,14,,1113911,36,,,1,15,,1113853,20,,,1,15,,1113882,36,,,1,56,,1113857,20,,,1,14,,1113891,36,,,1,14,,1113907,20,,,1,69,,1113854,20,,,1,13,,1113865,36,,,1,19,,1113850,20,,,1,13,,1113886,36,,,1,54,,1113895,20,,,1,17,,1113858,36,,,1,14,,1113905,20,,,1,14,,1113900,36,,,1,55,,1113896,20,,,1,14,,1113860,36,,,1,15,,1113877,20,,,1,15,,1113873,36,,,1,67,,1113875,36,,,1,30,,1113906,36,,,1,69,,1113901,36,,,1,28,,1113874,36,,,1,70,,1113862,36,,,1,30,,1113878,36,,,1,69,,1113848,36,,,1,30,,1113851,36,,,1,74,,1113864,20,,,1,32,,1113909,20,,,1,71,,1113903,20,,,1,30,,1113879,20,,,1,72,,1113863,20,,,1
1100,'15',437,,1113945,20,,,1,70,,1113947,20,,,1,32,,1113918,20,,,1,15,,1113963,20,,,1,55,,1113972,20,,,1,15,,1113922,20,,,1,16,,1113916,20,,,1,15,,1113967,20,,,1,55,,1113912,20,,,1,14,,1113961,20,,,1,16,,1113932,20,,,1,16,,1113921,20,,,1,55,,1113928,20,,,1,15,,1113951,20,,,1,15,,1113924,20,,,1,15,,1113940,36,,,1,53,,1113959,20,,,1,14,,1113971,36,,,1,15,,1113958,20,,,1,14,,1113956,36,,,1,56,,1113935,20,,,1,16,,1113925,36,,,1,15,,1113931,20,,,1,14,,1113923,36,,,1,54,,1113941,20,,,1,15,,1113926,36,,,1,15,,1113944,20,,,1,13,,1113962,36,,,1,56,,1113953,20,,,1,14,,1113937,36,,,1,15,,1113933,20,,,1,15,,1113939,36,,,1,55,,1113960,20,,,1,14,,1113969,36,,,1,15,,1113915,20,,,1,15,,1113975,36,,,1,56,,1113920,20,,,1,14,,1113934,36,,,1,14,,1113964,20,,,1,69,,1113948,20,,,1,13,,1113946,36,,,1,19,,1113973,20,,,1,13,,1113949,36,,,1,54,,1113913,20,,,1,17,,1113930,36,,,1,14,,1113954,20,,,1,14,,1113966,36,,,1,55,,1113950,20,,,1,14,,1113914,36,,,1,15,,1113965,20,,,1,15,,1113952,36,,,1,67,,1113955,36,,,1,30,,1113927,36,,,1,69,,1113957,36,,,1,28,,1113936,36,,,1,70,,1113917,36,,,1,30,,1113938,36,,,1,69,,1113943,36,,,1,30,,1113942,36,,,1,74,,1113974,20,,,1,32,,1113919,20,,,1,71,,1113970,20,,,1,30,,1113968,20,,,1,72,,1113929,20,,,1
1100,'16',437,,1114022,20,,,1,70,,1113991,20,,,1,32,,1114017,20,,,1,15,,1091322,20,,,1,55,,1113985,20,,,1,15,,1099163,20,,,1,16,,1113994,20,,,1,15,,1114018,20,,,1,55,,1114021,20,,,1,14,,1114014,20,,,1,16,,1114007,20,,,1,16,,1114000,20,,,1,55,,1069599,20,,,1,15,,1113987,20,,,1,15,,1113999,20,,,1,15,,1114029,36,,,1,53,,1114012,20,,,1,14,,1073873,36,,,1,15,,1082664,20,,,1,14,,1114015,36,,,1,56,,1114005,20,,,1,16,,1114025,36,,,1,15,,1114010,20,,,1,14,,1114030,36,,,1,54,,1113977,20,,,1,15,,1113990,36,,,1,15,,1097873,20,,,1,13,,1064708,36,,,1,56,,1114003,20,,,1,14,,1114019,36,,,1,15,,1113979,20,,,1,15,,1114016,36,,,1,55,,1113978,20,,,1,14,,1113982,36,,,1,15,,1113983,20,,,1,15,,1114024,36,,,1,56,,1114026,20,,,1,14,,1113980,36,,,1,14,,1113992,20,,,1,69,,1114009,20,,,1,13,,1113998,36,,,1,19,,1113997,20,,,1,13,,1114006,36,,,1,54,,1113989,20,,,1,17,,1114004,36,,,1,14,,1114020,20,,,1,14,,1114008,36,,,1,55,,1063689,20,,,1,14,,1113976,36,,,1,15,,1098172,20,,,1,15,,1113995,36,,,1,67,,1114001,36,,,1,30,,1114028,36,,,1,69,,1113988,36,,,1,28,,1114027,36,,,1,70,,1113996,36,,,1,30,,1114011,36,,,1,69,,1114013,36,,,1,30,,1114023,36,,,1,74,,1113993,20,,,1,32,,1113986,20,,,1,71,,1113984,20,,,1,30,,1114002,20,,,1,72,,1113981,20,,,1
1100,'17',638,,1114045,20,,,1,70,,1114041,20,,,1,30,,1114046,20,,,1,70,,1114043,20,,,1,30,,1114050,20,,,1,70,,1114035,20,,,1,28,,1114064,36,,,1,70,,1114037,20,,,1,31,,1114058,36,,,1,70,,1114042,36,,,1,30,,1114049,36,,,1,70,,1114062,36,,,1,30,,1114051,36,,,1,70,,1114056,36,,,1,30,,1114031,36,,,1,70,,1114036,36,,,1,30,,1114055,36,,,1,70,,1114039,36,,,1,30,,1114033,36,,,1,70,,1114060,36,,,1,29,,1114034,36,,,1,70,,1114032,36,,,1,30,,1114065,36,,,1,70,,1114044,36,,,1,30,,1114040,36,,,1,70,,1114047,36,,,1,25,,1114053,20,,,1,70,,1114054,20,,,1,29,,1114057,20,,,1,70,,1114038,20,,,1,30,,1114066,20,,,1,70,,1114048,20,,,1,30,,1114052,20,,,1,70,,1114059,20,,,1,30,,1114063,20,,,1,70,,1114061,20,,,1
1100,'2',541,,1114093,20,,,1,70,,1114071,20,,,1,30,,1114081,20,,,1,70,,1114085,20,,,1,30,,1114094,20,,,1,70,,1012558,20,,,1,30,,1114072,20,,,1,66,,1114088,36,,,1,31,,1114098,36,,,1,70,,1114089,36,,,1,31,,1114078,36,,,1,70,,1114096,36,,,1,30,,1114100,36,,,1,70,,1114067,36,,,1,30,,1114070,36,,,1,70,,1114097,36,,,1,30,,1114087,36,,,1,70,,1114069,36,,,1,30,,1114082,36,,,1,70,,1114073,36,,,1,30,,1114092,36,,,1,70,,1114099,36,,,1,29,,1114086,36,,,1,70,,1083773,36,,,1,30,,1114091,36,,,1,70,,1114077,36,,,1,30,,1114075,36,,,1,70,,1114080,36,,,1,29,,1061553,36,,,1,70,,1062798,36,,,1,28,,1114083,36,,,1,21,,1114095,20,,,1,70,,1084287,20,,,1,30,,1114068,20,,,1,70,,1114076,20,,,1,30,,1114090,20,,,1,70,,1114074,20,,,1,30,,1079405,20,,,1,70,,1114084,20,,,1,30,,1114079,20,,,1
1100,'3',638,,1114115,20,,,1,70,,1114111,20,,,1,30,,1114116,20,,,1,70,,1114113,20,,,1,30,,1114120,20,,,1,70,,1114105,20,,,1,28,,1114134,36,,,1,70,,1114107,20,,,1,31,,1114128,36,,,1,70,,1114112,36,,,1,30,,1114119,36,,,1,70,,1114132,36,,,1,30,,1114121,36,,,1,70,,1114126,36,,,1,30,,1114101,36,,,1,70,,1114106,36,,,1,30,,1114125,36,,,1,70,,1114109,36,,,1,30,,1114103,36,,,1,70,,1114130,36,,,1,29,,1114104,36,,,1,70,,1114102,36,,,1,30,,1114135,36,,,1,70,,1114114,36,,,1,30,,1114110,36,,,1,70,,1114117,36,,,1,25,,1114123,20,,,1,70,,1114124,20,,,1,29,,1114127,20,,,1,70,,1114108,20,,,1,30,,1114136,20,,,1,70,,1114118,20,,,1,30,,1114122,20,,,1,70,,1114129,20,,,1,30,,1114133,20,,,1,70,,1114131,20,,,1
1100,'4',638,,1114141,20,,,1,70,,1114146,20,,,1,30,,1114140,20,,,1,70,,1114160,20,,,1,30,,1114143,20,,,1,70,,1114158,20,,,1,28,,1114157,36,,,1,70,,1017204,20,,,1,31,,1114151,36,,,1,70,,1114137,36,,,1,30,,1114148,36,,,1,70,,1114165,36,,,1,30,,1114164,36,,,1,70,,1089721,36,,,1,30,,1092369,36,,,1,70,,1087989,36,,,1,30,,1114149,36,,,1,70,,1114153,36,,,1,30,,1100375,36,,,1,70,,1114162,36,,,1,29,,1114163,36,,,1,70,,1114142,36,,,1,30,,1114138,36,,,1,70,,1114161,36,,,1,30,,1114154,36,,,1,70,,1114152,36,,,1,25,,1042341,20,,,1,70,,1086324,20,,,1,29,,1114159,20,,,1,70,,1114144,20,,,1,30,,1114150,20,,,1,70,,1114156,20,,,1,30,,1114139,20,,,1,70,,1114145,20,,,1,30,,1114147,20,,,1,70,,1114155,20,,,1
1100,'5',437,,1114183,20,,,1,70,,1114190,20,,,1,32,,1114194,20,,,1,15,,1114180,20,,,1,55,,1072449,20,,,1,15,,1114168,20,,,1,16,,1114182,20,,,1,15,,1114197,20,,,1,55,,1114199,20,,,1,14,,1114206,20,,,1,16,,1114212,20,,,1,16,,1114213,20,,,1,55,,1079546,20,,,1,15,,1114172,20,,,1,15,,1114203,20,,,1,15,,1114202,36,,,1,53,,1114207,20,,,1,14,,1114216,36,,,1,15,,1114198,20,,,1,14,,1114186,36,,,1,56,,1114184,20,,,1,16,,1114171,36,,,1,15,,1096101,20,,,1,14,,1114176,36,,,1,54,,1114185,20,,,1,15,,1114204,36,,,1,15,,1114181,20,,,1,13,,1114174,36,,,1,56,,1114215,20,,,1,14,,1114208,36,,,1,15,,1114195,20,,,1,15,,1114211,36,,,1,55,,1114201,20,,,1,14,,1094128,36,,,1,15,,1114169,20,,,1,15,,1114196,36,,,1,56,,1114173,20,,,1,14,,1114205,36,,,1,14,,1097428,20,,,1,69,,1114170,20,,,1,13,,1114179,36,,,1,19,,994906,20,,,1,13,,1114200,36,,,1,54,,1114209,20,,,1,17,,1086828,36,,,1,14,,1048620,20,,,1,14,,1063069,36,,,1,55,,1114210,20,,,1,14,,1114175,36,,,1,15,,1114191,20,,,1,15,,1114187,36,,,1,67,,1114189,36,,,1,30,,1082634,36,,,1,69,,1114214,36,,,1,28,,1114188,36,,,1,70,,1114177,36,,,1,30,,1114192,36,,,1,69,,1114166,36,,,1,30,,1114167,36,,,1,74,,1114178,20,,,1,32,,1114217,20,,,1,71,,1073217,20,,,1,30,,1114193,20,,,1,72,,1070026,20,,,1
1100,'6',437,,1114264,20,,,1,70,,1114234,20,,,1,32,,1114259,20,,,1,15,,1114220,20,,,1,55,,1114230,20,,,1,15,,1114229,20,,,1,16,,1114237,20,,,1,15,,1114260,20,,,1,55,,1114263,20,,,1,14,,1114256,20,,,1,16,,1114249,20,,,1,16,,1114243,20,,,1,55,,1114222,20,,,1,15,,1114231,20,,,1,15,,1114242,20,,,1,15,,1114269,36,,,1,53,,1114254,20,,,1,14,,1114226,36,,,1,15,,1114223,20,,,1,14,,1114257,36,,,1,56,,1114247,20,,,1,16,,1114266,36,,,1,15,,1114252,20,,,1,14,,1090994,36,,,1,54,,1114219,20,,,1,15,,1075679,36,,,1,15,,1114218,20,,,1,13,,1114224,36,,,1,56,,1114246,20,,,1,14,,1114261,36,,,1,15,,1114225,20,,,1,15,,1114258,36,,,1,55,,1114221,20,,,1,14,,1078834,36,,,1,15,,1089605,20,,,1,15,,1114265,36,,,1,56,,1066275,20,,,1,14,,1114227,36,,,1,14,,1114235,20,,,1,69,,1114251,20,,,1,13,,1114241,36,,,1,19,,1114240,20,,,1,13,,1114248,36,,,1,54,,1114233,20,,,1,17,,985425,36,,,1,14,,1114262,20,,,1,14,,1114250,36,,,1,55,,1114270,20,,,1,14,,998219,36,,,1,15,,1114267,20,,,1,15,,1114238,36,,,1,67,,1114244,36,,,1,30,,952950,36,,,1,69,,1114232,36,,,1,28,,1114268,36,,,1,70,,1114239,36,,,1,30,,1114253,36,,,1,69,,1114255,36,,,1,30,,1047035,36,,,1,74,,1114236,20,,,1,32,,1061854,20,,,1,71,,1114228,20,,,1,30,,1114245,20,,,1,72,,1071036,20,,,1
1100,'7',541,,1114305,20,,,1,70,,1114283,20,,,1,30,,1114276,20,,,1,70,,1114292,20,,,1,30,,1114297,20,,,1,70,,1114281,20,,,1,30,,1114291,20,,,1,66,,1114277,36,,,1,31,,1114306,36,,,1,70,,1114289,36,,,1,31,,1114298,36,,,1,70,,1114302,36,,,1,30,,1114307,36,,,1,70,,1114274,36,,,1,30,,1114296,36,,,1,70,,1114294,36,,,1,30,,1114300,36,,,1,70,,1114293,36,,,1,30,,1114272,36,,,1,70,,1114299,36,,,1,30,,1114285,36,,,1,70,,1114290,36,,,1,29,,1114286,36,,,1,70,,1114295,36,,,1,30,,1114287,36,,,1,70,,1114303,36,,,1,30,,1114309,36,,,1,70,,1114288,36,,,1,29,,1114310,36,,,1,70,,1114284,36,,,1,28,,1114308,36,,,1,21,,1114278,20,,,1,70,,1114273,20,,,1,30,,1114282,20,,,1,70,,1114301,20,,,1,30,,1114280,20,,,1,70,,1114275,20,,,1,30,,1114271,20,,,1,70,,1114279,20,,,1,30,,1114304,20,,,1
1100,'8',437,,1114364,20,,,1,70,,1114333,20,,,1,32,,1114359,20,,,1,15,,1114314,20,,,1,55,,1114327,20,,,1,15,,1114326,20,,,1,16,,1114336,20,,,1,15,,1114360,20,,,1,55,,1114363,20,,,1,14,,1114356,20,,,1,16,,1114349,20,,,1,16,,1114342,20,,,1,55,,1114316,20,,,1,15,,1114329,20,,,1,15,,1114341,20,,,1,15,,1114372,36,,,1,53,,1114354,20,,,1,14,,1114320,36,,,1,15,,1114317,20,,,1,14,,1114357,36,,,1,56,,1114347,20,,,1,16,,1114367,36,,,1,15,,1114352,20,,,1,14,,1114373,36,,,1,54,,1114313,20,,,1,15,,1114332,36,,,1,15,,1114312,20,,,1,13,,1114318,36,,,1,56,,1114345,20,,,1,14,,1114361,36,,,1,15,,1114319,20,,,1,15,,1114358,36,,,1,55,,1114315,20,,,1,14,,1114323,36,,,1,15,,1114324,20,,,1,15,,1114366,36,,,1,56,,1114369,20,,,1,14,,1114321,36,,,1,14,,1114334,20,,,1,69,,1114351,20,,,1,13,,1114340,36,,,1,19,,1114339,20,,,1,13,,1114348,36,,,1,54,,1114331,20,,,1,17,,1114346,36,,,1,14,,1114362,20,,,1,14,,1114350,36,,,1,55,,1114374,20,,,1,14,,1114311,36,,,1,15,,1114368,20,,,1,15,,1114337,36,,,1,67,,1114343,36,,,1,30,,1114371,36,,,1,69,,1114330,36,,,1,28,,1114370,36,,,1,70,,1114338,36,,,1,30,,1114353,36,,,1,69,,1114355,36,,,1,30,,1114365,36,,,1,74,,1114335,20,,,1,32,,1114328,20,,,1,71,,1114325,20,,,1,30,,1114344,20,,,1,72,,1114322,20,,,1
1100,'9',437,,1114392,20,,,1,70,,1114399,20,,,1,32,,1114403,20,,,1,15,,1114389,20,,,1,55,,1072444,20,,,1,15,,1114377,20,,,1,16,,1114391,20,,,1,15,,1114406,20,,,1,55,,1114408,20,,,1,14,,1114415,20,,,1,16,,1114421,20,,,1,16,,1114422,20,,,1,55,,1079447,20,,,1,15,,1114381,20,,,1,15,,1114412,20,,,1,15,,1114411,36,,,1,53,,1114416,20,,,1,14,,1114425,36,,,1,15,,1114407,20,,,1,14,,1114395,36,,,1,56,,1114393,20,,,1,16,,1114380,36,,,1,15,,1096024,20,,,1,14,,1114385,36,,,1,54,,1114394,20,,,1,15,,1114413,36,,,1,15,,1114390,20,,,1,13,,1114383,36,,,1,56,,1114424,20,,,1,14,,1114417,36,,,1,15,,1114404,20,,,1,15,,1114420,36,,,1,55,,1114410,20,,,1,14,,1094017,36,,,1,15,,1114378,20,,,1,15,,1114405,36,,,1,56,,1114382,20,,,1,14,,1114414,36,,,1,14,,1097312,20,,,1,69,,1114379,20,,,1,13,,1114388,36,,,1,19,,995259,20,,,1,13,,1114409,36,,,1,54,,1114418,20,,,1,17,,1086808,36,,,1,14,,1048814,20,,,1,14,,1062893,36,,,1,55,,1114419,20,,,1,14,,1114384,36,,,1,15,,1114400,20,,,1,15,,1114396,36,,,1,67,,1114398,36,,,1,30,,1082568,36,,,1,69,,1114423,36,,,1,28,,1114397,36,,,1,70,,1114386,36,,,1,30,,1114401,36,,,1,69,,1114375,36,,,1,30,,1114376,36,,,1,74,,1114387,20,,,1,32,,1114426,20,,,1,71,,1073148,20,,,1,30,,1114402,20,,,1,72,,1069957,20,,,1
