1100,'1',837,,1113637,15,,,1,69,,1113651,15,,,1,28,,1113621,15,,,1,72,,1113606,15,,,1,29,,1113611,15,,,1,70,,1113639,15,,,1,28,,1113609,15,,,1,70,,1113643,15,,,1,29,,1113646,15,,,1,68,,1094167,15,,,1,31,,1113631,15,,,1,71,,1113640,15,,,1,54,,1113614,15,,,1,67,,1113635,15,,,1,35,,1086848,15,,,1,68,,1063123,15,,,1,29,,1113610,15,,,1,70,,1113622,15,,,1,28,,1113624,15,,,1,70,,1082656,15,,,1,30,,1113649,15,,,1,69,,1113623,15,,,1,30,,1113612,15,,,1,70,,1113627,15,,,1,30,,1113601,15,,,1,70,,1113602,15,,,1
1100,'10',837,,1113689,15,,,1,69,,1113703,15,,,1,28,,1113673,15,,,1,72,,1113658,15,,,1,29,,1113663,15,,,1,70,,1113691,15,,,1,28,,1113661,15,,,1,70,,1113695,15,,,1,29,,1113698,15,,,1,68,,1093947,15,,,1,31,,1113683,15,,,1,71,,1113692,15,,,1,54,,1113666,15,,,1,67,,1113687,15,,,1,35,,1086788,15,,,1,68,,1062781,15,,,1,29,,1113662,15,,,1,70,,1113674,15,,,1,28,,1113676,15,,,1,70,,1082526,15,,,1,30,,1113701,15,,,1,69,,1113675,15,,,1,30,,1113664,15,,,1,70,,1113679,15,,,1,30,,1113653,15,,,1,70,,1113654,15,,,1
1100,'11',837,,1113741,15,,,1,69,,1113755,15,,,1,28,,1113725,15,,,1,72,,1113710,15,,,1,29,,1113715,15,,,1,70,,1113743,15,,,1,28,,1113713,15,,,1,70,,1113747,15,,,1,29,,1113750,15,,,1,68,,1094230,15,,,1,31,,1113735,15,,,1,71,,1113744,15,,,1,54,,1113718,15,,,1,67,,1113739,15,,,1,35,,1086868,15,,,1,68,,1063224,15,,,1,29,,1113714,15,,,1,70,,1113726,15,,,1,28,,1113728,15,,,1,70,,1082692,15,,,1,30,,1113753,15,,,1,69,,1113727,15,,,1,30,,1113716,15,,,1,70,,1113731,15,,,1,30,,1113705,15,,,1,70,,1113706,15,,,1
1100,'12',837,,1113812,15,,,1,69,,1113764,15,,,1,28,,1113799,15,,,1,72,,1093309,15,,,1,29,,1113813,15,,,1,70,,1113775,15,,,1,28,,1113763,15,,,1,70,,1113803,15,,,1,29,,1113800,15,,,1,68,,1113767,15,,,1,31,,1036376,15,,,1,71,,1113765,15,,,1,54,,1113783,15,,,1,67,,1113790,15,,,1,35,,1113788,15,,,1,68,,1113792,15,,,1,29,,1113757,15,,,1,70,,1113780,15,,,1,28,,1113786,15,,,1,70,,1113811,15,,,1,30,,1113773,15,,,1,69,,1113810,15,,,1,30,,1113781,15,,,1,70,,1113795,15,,,1,30,,1113797,15,,,1,70,,1113807,15,,,1
1100,'13',919,,1113846,15,,,1,101,,1113840,15,,,1,30,,1113825,15,,,1,70,,1113831,15,,,1,30,,1113844,15,,,1,70,,1113833,15,,,1,30,,1113838,15,,,1,70,,1080177,15,,,1,30,,1113819,15,,,1,70,,1113837,15,,,1,30,,1113822,15,,,1,70,,1113816,15,,,1,30,,1113842,15,,,1,70,,1113817,15,,,1,30,,1113815,15,,,1,70,,1113847,15,,,1,30,,1113827,15,,,1,70,,1113823,15,,,1,30,,1113830,15,,,1
1100,'14',837,,1113888,15,,,1,69,,1113904,15,,,1,28,,1113872,15,,,1,72,,1113855,15,,,1,29,,1113861,15,,,1,70,,1113890,15,,,1,28,,1113859,15,,,1,70,,1113894,15,,,1,29,,1113897,15,,,1,68,,1113911,15,,,1,31,,1113882,15,,,1,71,,1113891,15,,,1,54,,1113865,15,,,1,67,,1113886,15,,,1,35,,1113858,15,,,1,68,,1113900,15,,,1,29,,1113860,15,,,1,70,,1113873,15,,,1,28,,1113875,15,,,1,70,,1113906,15,,,1,30,,1113901,15,,,1,69,,1113874,15,,,1,30,,1113862,15,,,1,70,,1113878,15,,,1,30,,1113848,15,,,1,70,,1113851,15,,,1
1100,'15',837,,1113940,15,,,1,69,,1113971,15,,,1,28,,1113956,15,,,1,72,,1113925,15,,,1,29,,1113923,15,,,1,70,,1113926,15,,,1,28,,1113962,15,,,1,70,,1113937,15,,,1,29,,1113939,15,,,1,68,,1113969,15,,,1,31,,1113975,15,,,1,71,,1113934,15,,,1,54,,1113946,15,,,1,67,,1113949,15,,,1,35,,1113930,15,,,1,68,,1113966,15,,,1,29,,1113914,15,,,1,70,,1113952,15,,,1,28,,1113955,15,,,1,70,,1113927,15,,,1,30,,1113957,15,,,1,69,,1113936,15,,,1,30,,1113917,15,,,1,70,,1113938,15,,,1,30,,1113943,15,,,1,70,,1113942,15,,,1
1100,'16',837,,1114029,15,,,1,69,,1073873,15,,,1,28,,1114015,15,,,1,72,,1114025,15,,,1,29,,1114030,15,,,1,70,,1113990,15,,,1,28,,1064708,15,,,1,70,,1114019,15,,,1,29,,1114016,15,,,1,68,,1113982,15,,,1,31,,1114024,15,,,1,71,,1113980,15,,,1,54,,1113998,15,,,1,67,,1114006,15,,,1,35,,1114004,15,,,1,68,,1114008,15,,,1,29,,1113976,15,,,1,70,,1113995,15,,,1,28,,1114001,15,,,1,70,,1114028,15,,,1,30,,1113988,15,,,1,69,,1114027,15,,,1,30,,1113996,15,,,1,70,,1114011,15,,,1,30,,1114013,15,,,1,70,,1114023,15,,,1
1100,'17',919,,1114064,15,,,1,101,,1114058,15,,,1,30,,1114042,15,,,1,70,,1114049,15,,,1,30,,1114062,15,,,1,70,,1114051,15,,,1,30,,1114056,15,,,1,70,,1114031,15,,,1,30,,1114036,15,,,1,70,,1114055,15,,,1,30,,1114039,15,,,1,70,,1114033,15,,,1,30,,1114060,15,,,1,70,,1114034,15,,,1,30,,1114032,15,,,1,70,,1114065,15,,,1,30,,1114044,15,,,1,70,,1114040,15,,,1,30,,1114047,15,,,1
1100,'2',851,,1114088,15,,,1,70,,1114098,15,,,1,30,,1114089,15,,,1,71,,1114078,15,,,1,30,,1114096,15,,,1,70,,1114100,15,,,1,30,,1114067,15,,,1,70,,1114070,15,,,1,30,,1114097,15,,,1,70,,1114087,15,,,1,30,,1114069,15,,,1,70,,1114082,15,,,1,30,,1114073,15,,,1,70,,1114092,15,,,1,30,,1114099,15,,,1,70,,1114086,15,,,1,30,,1083773,15,,,1,70,,1114091,15,,,1,30,,1114077,15,,,1,70,,1114075,15,,,1,30,,1114080,15,,,1,70,,1061553,15,,,1,30,,1062798,15,,,1,69,,1114083,15,,,1
1100,'3',919,,1114134,15,,,1,101,,1114128,15,,,1,30,,1114112,15,,,1,70,,1114119,15,,,1,30,,1114132,15,,,1,70,,1114121,15,,,1,30,,1114126,15,,,1,70,,1114101,15,,,1,30,,1114106,15,,,1,70,,1114125,15,,,1,30,,1114109,15,,,1,70,,1114103,15,,,1,30,,1114130,15,,,1,70,,1114104,15,,,1,30,,1114102,15,,,1,70,,1114135,15,,,1,30,,1114114,15,,,1,70,,1114110,15,,,1,30,,1114117,15,,,1
1100,'4',919,,1114157,15,,,1,101,,1114151,15,,,1,30,,1114137,15,,,1,70,,1114148,15,,,1,30,,1114165,15,,,1,70,,1114164,15,,,1,30,,1089721,15,,,1,70,,1092369,15,,,1,30,,1087989,15,,,1,70,,1114149,15,,,1,30,,1114153,15,,,1,70,,1100375,15,,,1,30,,1114162,15,,,1,70,,1114163,15,,,1,30,,1114142,15,,,1,70,,1114138,15,,,1,30,,1114161,15,,,1,70,,1114154,15,,,1,30,,1114152,15,,,1
1100,'5',837,,1114202,15,,,1,69,,1114216,15,,,1,28,,1114186,15,,,1,72,,1114171,15,,,1,29,,1114176,15,,,1,70,,1114204,15,,,1,28,,1114174,15,,,1,70,,1114208,15,,,1,29,,1114211,15,,,1,68,,1094128,15,,,1,31,,1114196,15,,,1,71,,1114205,15,,,1,54,,1114179,15,,,1,67,,1114200,15,,,1,35,,1086828,15,,,1,68,,1063069,15,,,1,29,,1114175,15,,,1,70,,1114187,15,,,1,28,,1114189,15,,,1,70,,1082634,15,,,1,30,,1114214,15,,,1,69,,1114188,15,,,1,30,,1114177,15,,,1,70,,1114192,15,,,1,30,,1114166,15,,,1,70,,1114167,15,,,1
1100,'6',837,,1114269,15,,,1,69,,1114226,15,,,1,28,,1114257,15,,,1,72,,1114266,15,,,1,29,,1090994,15,,,1,70,,1075679,15,,,1,28,,1114224,15,,,1,70,,1114261,15,,,1,29,,1114258,15,,,1,68,,1078834,15,,,1,31,,1114265,15,,,1,71,,1114227,15,,,1,54,,1114241,15,,,1,67,,1114248,15,,,1,35,,985425,15,,,1,68,,1114250,15,,,1,29,,998219,15,,,1,70,,1114238,15,,,1,28,,1114244,15,,,1,70,,952950,15,,,1,30,,1114232,15,,,1,69,,1114268,15,,,1,30,,1114239,15,,,1,70,,1114253,15,,,1,30,,1114255,15,,,1,70,,1047035,15,,,1
1100,'7',851,,1114277,15,,,1,70,,1114306,15,,,1,30,,1114289,15,,,1,71,,1114298,15,,,1,30,,1114302,15,,,1,70,,1114307,15,,,1,30,,1114274,15,,,1,70,,1114296,15,,,1,30,,1114294,15,,,1,70,,1114300,15,,,1,30,,1114293,15,,,1,70,,1114272,15,,,1,30,,1114299,15,,,1,70,,1114285,15,,,1,30,,1114290,15,,,1,70,,1114286,15,,,1,30,,1114295,15,,,1,70,,1114287,15,,,1,30,,1114303,15,,,1,70,,1114309,15,,,1,30,,1114288,15,,,1,70,,1114310,15,,,1,30,,1114284,15,,,1,69,,1114308,15,,,1
1100,'8',837,,1114372,15,,,1,69,,1114320,15,,,1,28,,1114357,15,,,1,72,,1114367,15,,,1,29,,1114373,15,,,1,70,,1114332,15,,,1,28,,1114318,15,,,1,70,,1114361,15,,,1,29,,1114358,15,,,1,68,,1114323,15,,,1,31,,1114366,15,,,1,71,,1114321,15,,,1,54,,1114340,15,,,1,67,,1114348,15,,,1,35,,1114346,15,,,1,68,,1114350,15,,,1,29,,1114311,15,,,1,70,,1114337,15,,,1,28,,1114343,15,,,1,70,,1114371,15,,,1,30,,1114330,15,,,1,69,,1114370,15,,,1,30,,1114338,15,,,1,70,,1114353,15,,,1,30,,1114355,15,,,1,70,,1114365,15,,,1
1100,'9',837,,1114411,15,,,1,69,,1114425,15,,,1,28,,1114395,15,,,1,72,,1114380,15,,,1,29,,1114385,15,,,1,70,,1114413,15,,,1,28,,1114383,15,,,1,70,,1114417,15,,,1,29,,1114420,15,,,1,68,,1094017,15,,,1,31,,1114405,15,,,1,71,,1114414,15,,,1,54,,1114388,15,,,1,67,,1114409,15,,,1,35,,1086808,15,,,1,68,,1062893,15,,,1,29,,1114384,15,,,1,70,,1114396,15,,,1,28,,1114398,15,,,1,70,,1082568,15,,,1,30,,1114423,15,,,1,69,,1114397,15,,,1,30,,1114386,15,,,1,70,,1114401,15,,,1,30,,1114375,15,,,1,70,,1114376,15,,,1
1101,'1',521,,1114478,53,0,56 57,1,30,,1114464,53,0,56 57,1,73,,1090499,53,0,56 57,1,32,,1114434,53,0,56 57,1,57,,1114458,53,0,56 57,1,20,,1037703,53,0,56 57,1,16,,1114444,53,0,56 57,1,59,,1114449,53,0,56 57,1,19,,1114433,53,,,1,20,,1074518,53,0,56 57,1,60,,1114439,53,,,1,16,,1114459,53,0,56 57,1,20,,1114448,53,,,1,14,,1114461,53,0,56 57,1,55,,1114475,53,,,1,12,,1114428,53,0,56 57,1,15,,1079127,53,,,1,8,,1114460,53,,,1,53,,1114432,53,0,56 57,1,14,,1102945,53,0,56 57,1,18,,1114469,53,,,1,14,,1114470,53,0,56 57,1,57,,1114465,53,,,1,15,,1114454,53,0,56 57,1,15,,1114447,53,,,1,18,,1114477,53,0,56 57,1,55,,1114430,53,,,1,20,,1114438,53,0,56 57,1,13,,1114435,53,,,1,14,,1114474,53,0,56 57,1,54,,1114441,53,,,1,13,,1095223,53,0,56 57,1,15,,1073857,53,,,1,18,,1114457,53,0,56 57,1,54,,1027522,53,,,1,18,,1114468,53,0,56 57,1,17,,1114453,53,,,1,58,,1114451,53,0,56 57,1,15,,1114429,53,,,1,17,,1114455,53,0,56 57,1,78,,1114437,53,0,56 57,1,10,,867169,53,,,1,17,,1114436,53,0,56 57,1,9,,1114471,53,,,1,13,,1079572,53,0,56 57,1,55,,1114452,53,,,1,10,,1114463,53,0,56 57,1,14,,1114466,53,,,1,12,,1114462,53,0,56 57,1,55,,1114456,53,0,56 57,1,9,,1114467,53,,,1,16,,1114442,53,,,1,24,,956790,53,,,1,68,,1114440,53,,,1,23,,1114443,53,,,1,64,,1114473,53,0,56 57,1,30,,1114472,53,0,56 57,1,64,,1114431,53,0,56 57,1,26,,1114450,53,0,56 57,1,30,,1114476,53,0,56 57,1,68,,1073225,53,0,56 57,1,27,,1114446,53,0,56 57,1,69,,1114445,53,0,56 57,1,30,,1114427,53,0,56 57,1,71,,1081966,53,0,56 57,1
1101,'10',521,,1114530,53,0,56 57,1,30,,1114516,53,0,56 57,1,73,,1090342,53,0,56 57,1,32,,1114486,53,0,56 57,1,57,,1114510,53,0,56 57,1,20,,1037868,53,0,56 57,1,16,,1114496,53,0,56 57,1,59,,1114501,53,0,56 57,1,19,,1114485,53,,,1,20,,1074371,53,0,56 57,1,60,,1114491,53,,,1,16,,1114511,53,0,56 57,1,20,,1114500,53,,,1,14,,1114513,53,0,56 57,1,55,,1114527,53,,,1,12,,1114480,53,0,56 57,1,15,,1078873,53,,,1,8,,1114512,53,,,1,53,,1114484,53,0,56 57,1,14,,1102939,53,0,56 57,1,18,,1114521,53,,,1,14,,1114522,53,0,56 57,1,57,,1114517,53,,,1,15,,1114506,53,0,56 57,1,15,,1114499,53,,,1,18,,1114529,53,0,56 57,1,55,,1114482,53,,,1,20,,1114490,53,0,56 57,1,13,,1114487,53,,,1,14,,1114526,53,0,56 57,1,54,,1114493,53,,,1,13,,1094977,53,0,56 57,1,15,,1073716,53,,,1,18,,1114509,53,0,56 57,1,54,,1027604,53,,,1,18,,1114520,53,0,56 57,1,17,,1114505,53,,,1,58,,1114503,53,0,56 57,1,15,,1114481,53,,,1,17,,1114507,53,0,56 57,1,78,,1114489,53,0,56 57,1,10,,867234,53,,,1,17,,1114488,53,0,56 57,1,9,,1114523,53,,,1,13,,1079380,53,0,56 57,1,55,,1114504,53,,,1,10,,1114515,53,0,56 57,1,14,,1114518,53,,,1,12,,1114514,53,0,56 57,1,55,,1114508,53,0,56 57,1,9,,1114519,53,,,1,16,,1114494,53,,,1,24,,956527,53,,,1,68,,1114492,53,,,1,23,,1114495,53,,,1,64,,1114525,53,0,56 57,1,30,,1114524,53,0,56 57,1,64,,1114483,53,0,56 57,1,26,,1114502,53,0,56 57,1,30,,1114528,53,0,56 57,1,68,,1073097,53,0,56 57,1,27,,1114498,53,0,56 57,1,69,,1114497,53,0,56 57,1,30,,1114479,53,0,56 57,1,71,,1081806,53,0,56 57,1
1101,'11',521,,1114582,53,0,56 57,1,30,,1114568,53,0,56 57,1,73,,1090542,53,0,56 57,1,32,,1114538,53,0,56 57,1,57,,1114562,53,0,56 57,1,20,,1037654,53,0,56 57,1,16,,1114548,53,0,56 57,1,59,,1114553,53,0,56 57,1,19,,1114537,53,,,1,20,,1074561,53,0,56 57,1,60,,1114543,53,,,1,16,,1114563,53,0,56 57,1,20,,1114552,53,,,1,14,,1114565,53,0,56 57,1,55,,1114579,53,,,1,12,,1114532,53,0,56 57,1,15,,1079207,53,,,1,8,,1114564,53,,,1,53,,1114536,53,0,56 57,1,14,,1102947,53,0,56 57,1,18,,1114573,53,,,1,14,,1114574,53,0,56 57,1,57,,1114569,53,,,1,15,,1114558,53,0,56 57,1,15,,1114551,53,,,1,18,,1114581,53,0,56 57,1,55,,1114534,53,,,1,20,,1114542,53,0,56 57,1,13,,1114539,53,,,1,14,,1114578,53,0,56 57,1,54,,1114545,53,,,1,13,,1095297,53,0,56 57,1,15,,1073906,53,,,1,18,,1114561,53,0,56 57,1,54,,1027498,53,,,1,18,,1114572,53,0,56 57,1,17,,1114557,53,,,1,58,,1114555,53,0,56 57,1,15,,1114533,53,,,1,17,,1114559,53,0,56 57,1,78,,1114541,53,0,56 57,1,10,,867038,53,,,1,17,,1114540,53,0,56 57,1,9,,1114575,53,,,1,13,,1079631,53,0,56 57,1,55,,1114556,53,,,1,10,,1114567,53,0,56 57,1,14,,1114570,53,,,1,12,,1114566,53,0,56 57,1,55,,1114560,53,0,56 57,1,9,,1114571,53,,,1,16,,1114546,53,,,1,24,,956741,53,,,1,68,,1114544,53,,,1,23,,1114547,53,,,1,64,,1114577,53,0,56 57,1,30,,1114576,53,0,56 57,1,64,,1114535,53,0,56 57,1,26,,1114554,53,0,56 57,1,30,,1114580,53,0,56 57,1,68,,1073261,53,0,56 57,1,27,,1114550,53,0,56 57,1,69,,1114549,53,0,56 57,1,30,,1114531,53,0,56 57,1,71,,1082011,53,0,56 57,1
1101,'12',521,,1114635,53,0,56 57,1,30,,1114599,53,0,56 57,1,73,,1114616,53,0,56 57,1,32,,1114623,53,0,56 57,1,57,,1114620,53,0,56 57,1,20,,1114600,53,0,56 57,1,16,,938904,53,0,56 57,1,59,,1114603,53,0,56 57,1,19,,1114613,53,,,1,20,,1114585,53,0,56 57,1,60,,915086,53,,,1,16,,1114612,53,0,56 57,1,20,,1114633,53,,,1,14,,1114588,53,0,56 57,1,55,,1114617,53,,,1,12,,1114596,53,0,56 57,1,15,,1114601,53,,,1,8,,1114619,53,,,1,53,,1114592,53,0,56 57,1,14,,1114608,53,0,56 57,1,18,,1114597,53,,,1,14,,1018120,53,0,56 57,1,57,,1114587,53,,,1,15,,1114593,53,0,56 57,1,15,,1114624,53,,,1,18,,1114605,53,0,56 57,1,55,,1114606,53,,,1,20,,1114625,53,0,56 57,1,13,,1114590,53,,,1,14,,1114638,53,0,56 57,1,54,,1114589,53,,,1,13,,1114584,53,0,56 57,1,15,,1114604,53,,,1,18,,1114598,53,0,56 57,1,54,,1114609,53,,,1,18,,1114607,53,0,56 57,1,17,,1074025,53,,,1,58,,1114618,53,0,56 57,1,15,,1114611,53,,,1,17,,1114627,53,0,56 57,1,78,,1114631,53,0,56 57,1,10,,1114595,53,,,1,17,,1114641,53,0,56 57,1,9,,1114614,53,,,1,13,,1114636,53,0,56 57,1,55,,1052710,53,,,1,10,,1114628,53,0,56 57,1,14,,1114583,53,,,1,12,,1114634,53,0,56 57,1,55,,1114621,53,0,56 57,1,9,,1114602,53,,,1,16,,1114610,53,,,1,24,,1114591,53,,,1,68,,1114637,53,,,1,23,,1114629,53,,,1,64,,1114622,53,0,56 57,1,30,,1114630,53,0,56 57,1,64,,1114632,53,0,56 57,1,26,,1114615,53,0,56 57,1,30,,1114626,53,0,56 57,1,68,,1114586,53,0,56 57,1,27,,1087502,53,0,56 57,1,69,,1114594,53,0,56 57,1,30,,1114639,53,0,56 57,1,71,,1114640,53,0,56 57,1
1101,'13',728,,1114670,53,0,56 57,1,31,,1003737,53,0,56 57,1,70,,1114650,53,0,56 57,1,73,,1114652,53,,,1,30,,1114659,53,,,1,72,,1055334,53,,,1,30,,1114663,53,,,1,73,,1114644,53,,,1,32,,1114651,53,,,1,70,,1114643,53,,,1,30,,1114667,53,,,1,70,,1114661,53,,,1,30,,1069261,53,,,1,70,,1114664,53,,,1,30,,1114653,53,,,1,70,,1114662,53,,,1,30,,1114671,53,,,1,70,,1114656,53,,,1,30,,1114672,53,,,1,68,,1114673,53,,,1,30,,1114657,53,,,1,70,,1114649,53,,,1,30,,1114669,53,0,56 57,1,68,,1114647,53,0,56 57,1,30,,1114674,53,0,56 57,1,69,,1114665,53,0,56 57,1,27,,1114655,53,0,56 57,1,71,,1114642,53,0,56 57,1,30,,1114668,53,0,56 57,1,70,,1114645,53,0,56 57,1,30,,1114646,53,0,56 57,1,69,,1114658,53,0,56 57,1,30,,1114654,53,0,56 57,1,70,,1114660,53,0,56 57,1,30,,1114666,53,0,56 57,1,70,,1114648,53,0,56 57,1
1101,'14',521,,1114737,53,0,56 57,1,30,,1114719,53,0,56 57,1,73,,1114739,53,0,56 57,1,32,,1114687,53,0,56 57,1,57,,1114713,53,0,56 57,1,20,,1114690,53,0,56 57,1,16,,1114699,53,0,56 57,1,59,,1114704,53,0,56 57,1,19,,1114686,53,,,1,20,,1114679,53,0,56 57,1,60,,1114694,53,,,1,16,,1114714,53,0,56 57,1,20,,1114703,53,,,1,14,,1114716,53,0,56 57,1,55,,1114730,53,,,1,12,,1114676,53,0,56 57,1,15,,1114683,53,,,1,8,,1114715,53,,,1,53,,1114685,53,0,56 57,1,14,,1114692,53,0,56 57,1,18,,1114724,53,,,1,14,,1114725,53,0,56 57,1,57,,1114720,53,,,1,15,,1114709,53,0,56 57,1,15,,1114702,53,,,1,18,,1114735,53,0,56 57,1,55,,1114681,53,,,1,20,,1114693,53,0,56 57,1,13,,1114688,53,,,1,14,,1114729,53,0,56 57,1,54,,1114696,53,,,1,13,,1114733,53,0,56 57,1,15,,1114732,53,,,1,18,,1114712,53,0,56 57,1,54,,1114736,53,,,1,18,,1114723,53,0,56 57,1,17,,1114708,53,,,1,58,,1114706,53,0,56 57,1,15,,1114677,53,,,1,17,,1114710,53,0,56 57,1,78,,1114691,53,0,56 57,1,10,,1114678,53,,,1,17,,1114689,53,0,56 57,1,9,,1114726,53,,,1,13,,1114731,53,0,56 57,1,55,,1114707,53,,,1,10,,1114718,53,0,56 57,1,14,,1114721,53,,,1,12,,1114717,53,0,56 57,1,55,,1114711,53,0,56 57,1,9,,1114722,53,,,1,16,,1114697,53,,,1,24,,1114682,53,,,1,68,,1114695,53,,,1,23,,1114698,53,,,1,64,,1114728,53,0,56 57,1,30,,1114727,53,0,56 57,1,64,,1114684,53,0,56 57,1,26,,1114705,53,0,56 57,1,30,,1114734,53,0,56 57,1,68,,1114680,53,0,56 57,1,27,,1114701,53,0,56 57,1,69,,1114700,53,0,56 57,1,30,,1114675,53,0,56 57,1,71,,1114738,53,0,56 57,1
1101,'15',521,,1114796,53,0,56 57,1,30,,1114743,53,0,56 57,1,73,,1114790,53,0,56 57,1,32,,1114792,53,0,56 57,1,57,,1114789,53,0,56 57,1,20,,1114763,53,0,56 57,1,16,,1114793,53,0,56 57,1,59,,1114767,53,0,56 57,1,19,,1114769,53,,,1,20,,1114778,53,0,56 57,1,60,,1114756,53,,,1,16,,1114780,53,0,56 57,1,20,,1114750,53,,,1,14,,1114758,53,0,56 57,1,55,,1114741,53,,,1,12,,1114786,53,0,56 57,1,15,,1114751,53,,,1,8,,1114784,53,,,1,53,,1114766,53,0,56 57,1,14,,1114779,53,0,56 57,1,18,,1114745,53,,,1,14,,1114770,53,0,56 57,1,57,,1114798,53,,,1,15,,1114783,53,0,56 57,1,15,,1114801,53,,,1,18,,1114740,53,0,56 57,1,55,,1114800,53,,,1,20,,1114744,53,0,56 57,1,13,,1114754,53,,,1,14,,1114785,53,0,56 57,1,54,,1114762,53,,,1,13,,1114777,53,0,56 57,1,15,,1114753,53,,,1,18,,1114794,53,0,56 57,1,54,,1114803,53,,,1,18,,1114755,53,0,56 57,1,17,,1114765,53,,,1,58,,1114782,53,0,56 57,1,15,,1114746,53,,,1,17,,1114781,53,0,56 57,1,78,,1114775,53,0,56 57,1,10,,1114791,53,,,1,17,,1114774,53,0,56 57,1,9,,1114771,53,,,1,13,,1114776,53,0,56 57,1,55,,1114752,53,,,1,10,,1114747,53,0,56 57,1,14,,1114772,53,,,1,12,,1114757,53,0,56 57,1,55,,1114797,53,0,56 57,1,9,,1114764,53,,,1,16,,1114748,53,,,1,24,,1114799,53,,,1,68,,1114804,53,,,1,23,,1114749,53,,,1,64,,1114759,53,0,56 57,1,30,,1114795,53,0,56 57,1,64,,1114787,53,0,56 57,1,26,,1114788,53,0,56 57,1,30,,1114760,53,0,56 57,1,68,,1114761,53,0,56 57,1,27,,1114742,53,0,56 57,1,69,,1114768,53,0,56 57,1,30,,1114773,53,0,56 57,1,71,,1114802,53,0,56 57,1
1101,'16',521,,1114856,53,0,56 57,1,30,,1114820,53,0,56 57,1,73,,1114837,53,0,56 57,1,32,,1114844,53,0,56 57,1,57,,1114841,53,0,56 57,1,20,,1114821,53,0,56 57,1,16,,1114813,53,0,56 57,1,59,,1114825,53,0,56 57,1,19,,1006572,53,,,1,20,,1114809,53,0,56 57,1,60,,1114863,53,,,1,16,,1114834,53,0,56 57,1,20,,1114854,53,,,1,14,,1114811,53,0,56 57,1,55,,1114838,53,,,1,12,,1114817,53,0,56 57,1,15,,1114823,53,,,1,8,,1114840,53,,,1,53,,1114814,53,0,56 57,1,14,,1114830,53,0,56 57,1,18,,1114818,53,,,1,14,,1114822,53,0,56 57,1,57,,1114810,53,,,1,15,,1114815,53,0,56 57,1,15,,1114845,53,,,1,18,,1114827,53,0,56 57,1,55,,1114828,53,,,1,20,,1114846,53,0,56 57,1,13,,1097882,53,,,1,14,,1114859,53,0,56 57,1,54,,1092919,53,,,1,13,,1114808,53,0,56 57,1,15,,1114826,53,,,1,18,,1114819,53,0,56 57,1,54,,1114831,53,,,1,18,,1114829,53,0,56 57,1,17,,1114807,53,,,1,58,,1114839,53,0,56 57,1,15,,1114833,53,,,1,17,,1114848,53,0,56 57,1,78,,1114852,53,0,56 57,1,10,,1114816,53,,,1,17,,1071316,53,0,56 57,1,9,,1114835,53,,,1,13,,1114857,53,0,56 57,1,55,,1114806,53,,,1,10,,1114849,53,0,56 57,1,14,,1114805,53,,,1,12,,1114855,53,0,56 57,1,55,,1114842,53,0,56 57,1,9,,1114824,53,,,1,16,,1114832,53,,,1,24,,1114812,53,,,1,68,,1114858,53,,,1,23,,1114850,53,,,1,64,,1114843,53,0,56 57,1,30,,1114851,53,0,56 57,1,64,,1114853,53,0,56 57,1,26,,1114836,53,0,56 57,1,30,,1114847,53,0,56 57,1,68,,1094174,53,0,56 57,1,27,,1114862,53,0,56 57,1,69,,1075060,53,0,56 57,1,30,,1114860,53,0,56 57,1,71,,1114861,53,0,56 57,1
1101,'17',728,,1114893,53,0,56 57,1,31,,1114899,53,0,56 57,1,70,,1114873,53,0,56 57,1,73,,1114875,53,,,1,30,,1114882,53,,,1,72,,1114898,53,,,1,30,,1114886,53,,,1,73,,1114866,53,,,1,32,,1114874,53,,,1,70,,1114865,53,,,1,30,,1114890,53,,,1,70,,1114884,53,,,1,30,,1114871,53,,,1,70,,1114887,53,,,1,30,,1114876,53,,,1,70,,1114885,53,,,1,30,,1114894,53,,,1,70,,1114879,53,,,1,30,,1114895,53,,,1,68,,1114896,53,,,1,30,,1114880,53,,,1,70,,1114872,53,,,1,30,,1114892,53,0,56 57,1,68,,1114869,53,0,56 57,1,30,,1114897,53,0,56 57,1,69,,1114888,53,0,56 57,1,27,,1114878,53,0,56 57,1,71,,1114864,53,0,56 57,1,30,,1114891,53,0,56 57,1,70,,1114867,53,0,56 57,1,30,,1114868,53,0,56 57,1,69,,1114881,53,0,56 57,1,30,,1114877,53,0,56 57,1,70,,1114883,53,0,56 57,1,30,,1114889,53,0,56 57,1,70,,1114870,53,0,56 57,1
1101,'2',559,,1114927,53,0,56 57,1,70,,1114916,53,0,56 57,1,30,,1114906,53,0,56 57,1,70,,1024798,53,0,56 57,1,71,,1114910,53,0,56 57,1,30,,1114902,53,,,1,73,,1114908,53,,,1,30,,1114923,53,,,1,72,,1114920,53,,,1,30,,1114917,53,,,1,73,,1114912,53,,,1,33,,1114918,53,,,1,71,,1114911,53,,,1,30,,1114931,53,,,1,70,,1114913,53,,,1,30,,1114907,53,,,1,70,,1114929,53,,,1,30,,1114903,53,,,1,70,,997854,53,,,1,30,,1114905,53,,,1,70,,1114901,53,,,1,30,,1098457,53,,,1,68,,1114904,53,,,1,30,,1114926,53,,,1,70,,1114928,53,,,1,30,,1114922,53,,,1,68,,1114924,53,,,1,30,,1114914,53,,,1,69,,1114930,53,,,1,35,,1068981,53,0,56 57,1,68,,1114900,53,0,56 57,1,32,,1114915,53,0,56 57,1,71,,1114932,53,0,56 57,1,30,,1046150,53,0,56 57,1,71,,1081513,53,0,56 57,1,31,,1114925,53,0,56 57,1,71,,1114909,53,0,56 57,1,31,,1114921,53,0,56 57,1,71,,1114919,53,0,56 57,1,30,,935590,53,0,56 57,1
1101,'3',728,,1114962,53,0,56 57,1,31,,1114968,53,0,56 57,1,70,,1114942,53,0,56 57,1,73,,1114944,53,,,1,30,,1114951,53,,,1,72,,1114967,53,,,1,30,,1114955,53,,,1,73,,1114935,53,,,1,32,,1114943,53,,,1,70,,1114934,53,,,1,30,,1114959,53,,,1,70,,1114953,53,,,1,30,,1114940,53,,,1,70,,1114956,53,,,1,30,,1114945,53,,,1,70,,1114954,53,,,1,30,,1114963,53,,,1,70,,1114948,53,,,1,30,,1114964,53,,,1,68,,1114965,53,,,1,30,,1114949,53,,,1,70,,1114941,53,,,1,30,,1114961,53,0,56 57,1,68,,1114938,53,0,56 57,1,30,,1114966,53,0,56 57,1,69,,1114957,53,0,56 57,1,27,,1114947,53,0,56 57,1,71,,1114933,53,0,56 57,1,30,,1114960,53,0,56 57,1,70,,1114936,53,0,56 57,1,30,,1114937,53,0,56 57,1,69,,1114950,53,0,56 57,1,30,,1114946,53,0,56 57,1,70,,1114952,53,0,56 57,1,30,,1114958,53,0,56 57,1,70,,1114939,53,0,56 57,1
1101,'4',728,,1115002,53,0,56 57,1,31,,1114985,53,0,56 57,1,70,,1114971,53,0,56 57,1,73,,1114993,53,,,1,30,,1114989,53,,,1,72,,1114995,53,,,1,30,,1114975,53,,,1,73,,1114969,53,,,1,32,,1114972,53,,,1,70,,1114997,53,,,1,30,,1114992,53,,,1,70,,1114999,53,,,1,30,,1114978,53,,,1,70,,1114987,53,,,1,30,,1115003,53,,,1,70,,1114996,53,,,1,30,,1114974,53,,,1,70,,1114984,53,,,1,30,,1114998,53,,,1,68,,1115004,53,,,1,30,,1114976,53,,,1,70,,1114988,53,,,1,30,,1114983,53,0,56 57,1,68,,1114986,53,0,56 57,1,30,,1114979,53,0,56 57,1,69,,1115001,53,0,56 57,1,27,,1114982,53,0,56 57,1,71,,1114977,53,0,56 57,1,30,,1114970,53,0,56 57,1,70,,1114973,53,0,56 57,1,30,,1114991,53,0,56 57,1,69,,1114990,53,0,56 57,1,30,,1114994,53,0,56 57,1,70,,1115000,53,0,56 57,1,30,,1114980,53,0,56 57,1,70,,1114981,53,0,56 57,1
1101,'5',521,,1115056,53,0,56 57,1,30,,1115042,53,0,56 57,1,73,,1090475,53,0,56 57,1,32,,1115012,53,0,56 57,1,57,,1115036,53,0,56 57,1,20,,1037452,53,0,56 57,1,16,,1115022,53,0,56 57,1,59,,1115027,53,0,56 57,1,19,,1115011,53,,,1,20,,1074496,53,0,56 57,1,60,,1115017,53,,,1,16,,1115037,53,0,56 57,1,20,,1115026,53,,,1,14,,1115039,53,0,56 57,1,55,,1115053,53,,,1,12,,1115006,53,0,56 57,1,15,,1079082,53,,,1,8,,1115038,53,,,1,53,,1115010,53,0,56 57,1,14,,1102943,53,0,56 57,1,18,,1115047,53,,,1,14,,1115048,53,0,56 57,1,57,,1115043,53,,,1,15,,1115032,53,0,56 57,1,15,,1115025,53,,,1,18,,1115055,53,0,56 57,1,55,,1115008,53,,,1,20,,1115016,53,0,56 57,1,13,,1115013,53,,,1,14,,1115052,53,0,56 57,1,54,,1115019,53,,,1,13,,1095175,53,0,56 57,1,15,,1073833,53,,,1,18,,1115035,53,0,56 57,1,54,,1027379,53,,,1,18,,1115046,53,0,56 57,1,17,,1115031,53,,,1,58,,1115029,53,0,56 57,1,15,,1115007,53,,,1,17,,1115033,53,0,56 57,1,78,,1115015,53,0,56 57,1,10,,867430,53,,,1,17,,1115014,53,0,56 57,1,9,,1115049,53,,,1,13,,1079538,53,0,56 57,1,55,,1115030,53,,,1,10,,1115041,53,0,56 57,1,14,,1115044,53,,,1,12,,1115040,53,0,56 57,1,55,,1115034,53,0,56 57,1,9,,1115045,53,,,1,16,,1115020,53,,,1,24,,956943,53,,,1,68,,1115018,53,,,1,23,,1115021,53,,,1,64,,1115051,53,0,56 57,1,30,,1115050,53,0,56 57,1,64,,1115009,53,0,56 57,1,26,,1115028,53,0,56 57,1,30,,1115054,53,0,56 57,1,68,,1073205,53,0,56 57,1,27,,1115024,53,0,56 57,1,69,,1115023,53,0,56 57,1,30,,1115005,53,0,56 57,1,71,,1081936,53,0,56 57,1
1101,'6',521,,1115104,53,0,56 57,1,30,,1115070,53,0,56 57,1,73,,1115087,53,0,56 57,1,32,,1115093,53,0,56 57,1,57,,1115091,53,0,56 57,1,20,,1115071,53,0,56 57,1,16,,1115064,53,0,56 57,1,59,,1115074,53,0,56 57,1,19,,1115084,53,,,1,20,,1043208,53,0,56 57,1,60,,1115112,53,,,1,16,,1115083,53,0,56 57,1,20,,1115102,53,,,1,14,,1080541,53,0,56 57,1,55,,1115088,53,,,1,12,,1115067,53,0,56 57,1,15,,1115073,53,,,1,8,,1115090,53,,,1,53,,1102220,53,0,56 57,1,14,,1115079,53,0,56 57,1,18,,1115068,53,,,1,14,,1115072,53,0,56 57,1,57,,1115061,53,,,1,15,,1077119,53,0,56 57,1,15,,1115094,53,,,1,18,,1115076,53,0,56 57,1,55,,1115077,53,,,1,20,,1115095,53,0,56 57,1,13,,1115063,53,,,1,14,,1115107,53,0,56 57,1,54,,1115062,53,,,1,13,,1115059,53,0,56 57,1,15,,1115075,53,,,1,18,,1115069,53,0,56 57,1,54,,1115080,53,,,1,18,,1115078,53,0,56 57,1,17,,1115058,53,,,1,58,,1115089,53,0,56 57,1,15,,1115082,53,,,1,17,,1115097,53,0,56 57,1,78,,1115101,53,0,56 57,1,10,,1115066,53,,,1,17,,1115110,53,0,56 57,1,9,,1115085,53,,,1,13,,1115105,53,0,56 57,1,55,,1115057,53,,,1,10,,1115098,53,0,56 57,1,14,,1073680,53,,,1,12,,1115103,53,0,56 57,1,55,,1028235,53,0,56 57,1,9,,1052230,53,,,1,16,,1115081,53,,,1,24,,1022774,53,,,1,68,,1115106,53,,,1,23,,1115099,53,,,1,64,,1115092,53,0,56 57,1,30,,1115100,53,0,56 57,1,64,,1001096,53,0,56 57,1,26,,1115086,53,0,56 57,1,30,,1115096,53,0,56 57,1,68,,1115060,53,0,56 57,1,27,,1115111,53,0,56 57,1,69,,1115065,53,0,56 57,1,30,,1115108,53,0,56 57,1,71,,1115109,53,0,56 57,1
1101,'7',559,,1115139,53,0,56 57,1,70,,1115113,53,0,56 57,1,30,,1115152,53,0,56 57,1,70,,1115148,53,0,56 57,1,71,,1115142,53,0,56 57,1,30,,1115130,53,,,1,73,,1115140,53,,,1,30,,1115129,53,,,1,72,,1115141,53,,,1,30,,1115121,53,,,1,73,,1115146,53,,,1,33,,1115143,53,,,1,71,,1115132,53,,,1,30,,1115117,53,,,1,70,,1115149,53,,,1,30,,1115124,53,,,1,70,,1115123,53,,,1,30,,1115122,53,,,1,70,,1115138,53,,,1,30,,1115128,53,,,1,70,,1115119,53,,,1,30,,1115125,53,,,1,68,,1115114,53,,,1,30,,1115134,53,,,1,70,,1115137,53,,,1,30,,1115127,53,,,1,68,,1115120,53,,,1,30,,1115115,53,,,1,69,,1115126,53,,,1,35,,1115147,53,0,56 57,1,68,,1115133,53,0,56 57,1,32,,1115131,53,0,56 57,1,71,,1115116,53,0,56 57,1,30,,1115145,53,0,56 57,1,71,,1115151,53,0,56 57,1,31,,1115150,53,0,56 57,1,71,,1115144,53,0,56 57,1,31,,1115135,53,0,56 57,1,71,,1115118,53,0,56 57,1,30,,1115136,53,0,56 57,1
1101,'8',521,,1115209,53,0,56 57,1,30,,1115172,53,0,56 57,1,73,,1115190,53,0,56 57,1,32,,1115197,53,0,56 57,1,57,,1115194,53,0,56 57,1,20,,1115173,53,0,56 57,1,16,,1115164,53,0,56 57,1,59,,1115177,53,0,56 57,1,19,,1115187,53,,,1,20,,1115157,53,0,56 57,1,60,,1115217,53,,,1,16,,1115186,53,0,56 57,1,20,,1115207,53,,,1,14,,1115160,53,0,56 57,1,55,,1115191,53,,,1,12,,1115169,53,0,56 57,1,15,,1115175,53,,,1,8,,1115193,53,,,1,53,,1115165,53,0,56 57,1,14,,1115182,53,0,56 57,1,18,,1115170,53,,,1,14,,1115174,53,0,56 57,1,57,,1115159,53,,,1,15,,1115166,53,0,56 57,1,15,,1115198,53,,,1,18,,1115179,53,0,56 57,1,55,,1115180,53,,,1,20,,1115199,53,0,56 57,1,13,,1115162,53,,,1,14,,1115212,53,0,56 57,1,54,,1115161,53,,,1,13,,1115156,53,0,56 57,1,15,,1115178,53,,,1,18,,1115171,53,0,56 57,1,54,,1115183,53,,,1,18,,1115181,53,0,56 57,1,17,,1115155,53,,,1,58,,1115192,53,0,56 57,1,15,,1115185,53,,,1,17,,1115201,53,0,56 57,1,78,,1115205,53,0,56 57,1,10,,1115168,53,,,1,17,,1115215,53,0,56 57,1,9,,1115188,53,,,1,13,,1115210,53,0,56 57,1,55,,1115154,53,,,1,10,,1115202,53,0,56 57,1,14,,1115153,53,,,1,12,,1115208,53,0,56 57,1,55,,1115195,53,0,56 57,1,9,,1115176,53,,,1,16,,1115184,53,,,1,24,,1115163,53,,,1,68,,1115211,53,,,1,23,,1115203,53,,,1,64,,1115196,53,0,56 57,1,30,,1115204,53,0,56 57,1,64,,1115206,53,0,56 57,1,26,,1115189,53,0,56 57,1,30,,1115200,53,0,56 57,1,68,,1115158,53,0,56 57,1,27,,1115216,53,0,56 57,1,69,,1115167,53,0,56 57,1,30,,1115213,53,0,56 57,1,71,,1115214,53,0,56 57,1
1101,'9',521,,1115269,53,0,56 57,1,30,,1115255,53,0,56 57,1,73,,1090393,53,0,56 57,1,32,,1115225,53,0,56 57,1,57,,1115249,53,0,56 57,1,20,,1037752,53,0,56 57,1,16,,1115235,53,0,56 57,1,59,,1115240,53,0,56 57,1,19,,1115224,53,,,1,20,,1074415,53,0,56 57,1,60,,1115230,53,,,1,16,,1115250,53,0,56 57,1,20,,1115239,53,,,1,14,,1115252,53,0,56 57,1,55,,1115266,53,,,1,12,,1115219,53,0,56 57,1,15,,1078949,53,,,1,8,,1115251,53,,,1,53,,1115223,53,0,56 57,1,14,,1102941,53,0,56 57,1,18,,1115260,53,,,1,14,,1115261,53,0,56 57,1,57,,1115256,53,,,1,15,,1115245,53,0,56 57,1,15,,1115238,53,,,1,18,,1115268,53,0,56 57,1,55,,1115221,53,,,1,20,,1115229,53,0,56 57,1,13,,1115226,53,,,1,14,,1115265,53,0,56 57,1,54,,1115232,53,,,1,13,,1095051,53,0,56 57,1,15,,1073760,53,,,1,18,,1115248,53,0,56 57,1,54,,1027546,53,,,1,18,,1115259,53,0,56 57,1,17,,1115244,53,,,1,58,,1115242,53,0,56 57,1,15,,1115220,53,,,1,17,,1115246,53,0,56 57,1,78,,1115228,53,0,56 57,1,10,,867299,53,,,1,17,,1115227,53,0,56 57,1,9,,1115262,53,,,1,13,,1079439,53,0,56 57,1,55,,1115243,53,,,1,10,,1115254,53,0,56 57,1,14,,1115257,53,,,1,12,,1115253,53,0,56 57,1,55,,1115247,53,0,56 57,1,9,,1115258,53,,,1,16,,1115233,53,,,1,24,,956894,53,,,1,68,,1115231,53,,,1,23,,1115234,53,,,1,64,,1115264,53,0,56 57,1,30,,1115263,53,0,56 57,1,64,,1115222,53,0,56 57,1,26,,1115241,53,0,56 57,1,30,,1115267,53,0,56 57,1,68,,1073136,53,0,56 57,1,27,,1115237,53,0,56 57,1,69,,1115236,53,0,56 57,1,30,,1115218,53,0,56 57,1,71,,1081855,53,0,56 57,1
5100,'1',548,,1146508,22,,,1,99,,1146518,22,,,1,67,,954026,22,,,1,40,,1146513,22,,,1,70,,1068009,22,,,1,31,,1146514,22,,,1,70,,1146503,22,,,1,30,,1091282,22,,,1,70,,1146505,14,,,1,30,,1146502,14,,,1,70,,983735,14,,,1,30,,1146526,14,,,1,72,,1082793,14,,,1,30,,1146512,14,,,1,70,,1146507,14,,,1,30,,1146519,14,,,1,71,,1146510,14,,,1,98,,1146520,14,,,1,32,,1146501,14,,,1,73,,1146517,14,,,1,71,,1146515,14,,,1,33,,1146521,14,,,1,70,,1146523,14,,,1,27,,1146506,14,,,1,69,,1146511,14,,,1,26,,1146525,14,,,1,28,,1146527,14,,,1,68,,1146509,14,,,1,30,,1045542,14,,,1,70,,1146504,14,,,1,25,,1146516,14,,,1,70,,1146522,14,,,1
5100,'10',548,,1146536,22,,,1,99,,1146546,22,,,1,67,,953554,22,,,1,40,,1146541,22,,,1,70,,1067793,22,,,1,31,,1146542,22,,,1,70,,1146531,22,,,1,30,,1091005,22,,,1,70,,1146533,14,,,1,30,,1146530,14,,,1,70,,983449,14,,,1,30,,1146554,14,,,1,72,,1082733,14,,,1,30,,1146540,14,,,1,70,,1146535,14,,,1,30,,1146547,14,,,1,71,,1146538,14,,,1,98,,1146548,14,,,1,32,,1146529,14,,,1,73,,1146545,14,,,1,71,,1146543,14,,,1,33,,1146549,14,,,1,70,,1146551,14,,,1,27,,1146534,14,,,1,69,,1146539,14,,,1,26,,1146553,14,,,1,28,,1146555,14,,,1,68,,1146537,14,,,1,30,,1045705,14,,,1,70,,1146532,14,,,1,25,,1146544,14,,,1,70,,1146550,14,,,1
5100,'11',548,,1146564,22,,,1,99,,1146574,22,,,1,67,,953959,22,,,1,40,,1146569,22,,,1,70,,1068063,22,,,1,31,,1146570,22,,,1,70,,1146559,22,,,1,30,,1091356,22,,,1,70,,1146561,14,,,1,30,,1146558,14,,,1,70,,983699,14,,,1,30,,1146582,14,,,1,72,,1082813,14,,,1,30,,1146568,14,,,1,70,,1146563,14,,,1,30,,1146575,14,,,1,71,,1146566,14,,,1,98,,1146576,14,,,1,32,,1146557,14,,,1,73,,1146573,14,,,1,71,,1146571,14,,,1,33,,1146577,14,,,1,70,,1146579,14,,,1,27,,1146562,14,,,1,69,,1146567,14,,,1,26,,1146581,14,,,1,28,,1146583,14,,,1,68,,1146565,14,,,1,30,,1045493,14,,,1,70,,1146560,14,,,1,25,,1146572,14,,,1,70,,1146578,14,,,1
5100,'12',548,,1146595,22,,,1,99,,1146602,22,,,1,67,,1146614,22,,,1,40,,1146592,22,,,1,70,,1146598,22,,,1,31,,1146611,22,,,1,70,,1146610,22,,,1,30,,1146589,22,,,1,70,,1146593,14,,,1,30,,1010636,14,,,1,70,,1066452,14,,,1,30,,1146612,14,,,1,72,,1146607,14,,,1,30,,1146613,14,,,1,70,,1079329,14,,,1,30,,1146601,14,,,1,71,,1146590,14,,,1,98,,1146591,14,,,1,32,,1146596,14,,,1,73,,1146609,14,,,1,71,,1093316,14,,,1,33,,1146599,14,,,1,70,,1146587,14,,,1,27,,1146605,14,,,1,69,,1146588,14,,,1,26,,1146585,14,,,1,28,,1146606,14,,,1,68,,1146597,14,,,1,30,,1146600,14,,,1,70,,1146594,14,,,1,25,,1146603,14,,,1,70,,1146608,14,,,1
5100,'13',807,,1146635,14,,,1,100,,1146621,14,,,1,30,,1146630,14,,,1,71,,1078989,14,,,1,30,,1146631,14,,,1,70,,1146616,14,,,1,30,,1146633,14,,,1,70,,1146624,14,,,1,30,,998336,14,,,1,70,,1077842,14,,,1,30,,1146623,14,,,1,70,,1146619,14,,,1,30,,1146636,14,,,1,70,,1146622,14,,,1,30,,1146632,14,,,1,70,,1146637,14,,,1,30,,1062014,14,,,1,70,,1146615,14,,,1,30,,1146618,14,,,1,69,,1146627,14,,,1,30,,1146634,14,,,1,70,,1146617,14,,,1,30,,1146628,14,,,1,70,,1146620,14,,,1,100,,1146626,14,,,1,100,,1146629,14,,,1,100,,1146625,14,,,1
5100,'14',548,,1146648,22,,,1,99,,1146658,22,,,1,67,,1146662,22,,,1,40,,1146653,22,,,1,70,,1146645,22,,,1,31,,1146654,22,,,1,70,,1146641,22,,,1,30,,1146640,22,,,1,70,,1146644,14,,,1,30,,1146639,14,,,1,70,,1146643,14,,,1,30,,1146667,14,,,1,72,,1146668,14,,,1,30,,1146652,14,,,1,70,,1146647,14,,,1,30,,1146659,14,,,1,71,,1146650,14,,,1,98,,1146660,14,,,1,32,,1146638,14,,,1,73,,1146657,14,,,1,71,,1146655,14,,,1,33,,1146661,14,,,1,70,,1146664,14,,,1,27,,1146646,14,,,1,69,,1146651,14,,,1,26,,1146666,14,,,1,28,,1146670,14,,,1,68,,1146649,14,,,1,30,,1146669,14,,,1,70,,1146642,14,,,1,25,,1146656,14,,,1,70,,1146663,14,,,1
5100,'15',548,,1146672,22,,,1,99,,1146680,22,,,1,67,,1146684,22,,,1,40,,1146677,22,,,1,70,,1146699,22,,,1,31,,1146678,22,,,1,70,,1146687,22,,,1,30,,1146700,22,,,1,70,,1146685,14,,,1,30,,1146673,14,,,1,70,,1146705,14,,,1,30,,1146682,14,,,1,72,,1146694,14,,,1,30,,1146689,14,,,1,70,,1146703,14,,,1,30,,1146674,14,,,1,71,,1146676,14,,,1,98,,1146695,14,,,1,32,,1146683,14,,,1,73,,1146701,14,,,1,71,,1146704,14,,,1,33,,1146679,14,,,1,70,,1146675,14,,,1,27,,1146691,14,,,1,69,,1146688,14,,,1,26,,1146692,14,,,1,28,,1146686,14,,,1,68,,1146702,14,,,1,30,,1146690,14,,,1,70,,1146696,14,,,1,25,,1146697,14,,,1,70,,1146698,14,,,1
5100,'16',548,,1146718,22,,,1,99,,1146724,22,,,1,67,,1146735,22,,,1,40,,1146715,22,,,1,70,,1070973,22,,,1,31,,1146732,22,,,1,70,,1077514,22,,,1,30,,1146712,22,,,1,70,,1146716,14,,,1,30,,1146709,14,,,1,70,,1146708,14,,,1,30,,1146733,14,,,1,72,,1146729,14,,,1,30,,1146734,14,,,1,70,,1146737,14,,,1,30,,1146723,14,,,1,71,,1146713,14,,,1,98,,1146714,14,,,1,32,,1146719,14,,,1,73,,1146731,14,,,1,71,,1146736,14,,,1,33,,1146721,14,,,1,70,,1146710,14,,,1,27,,1146727,14,,,1,69,,1146711,14,,,1,26,,1146706,14,,,1,28,,1146728,14,,,1,68,,1146720,14,,,1,30,,1146722,14,,,1,70,,1146717,14,,,1,25,,1146725,14,,,1,70,,1146730,14,,,1
5100,'17',807,,1146761,14,,,1,100,,1146746,14,,,1,30,,1146756,14,,,1,71,,1146740,14,,,1,30,,1146757,14,,,1,70,,1146741,14,,,1,30,,1146759,14,,,1,70,,1146750,14,,,1,30,,1146763,14,,,1,70,,1146747,14,,,1,30,,1146749,14,,,1,70,,1146744,14,,,1,30,,1146762,14,,,1,70,,1146748,14,,,1,30,,1146758,14,,,1,70,,1146765,14,,,1,30,,1146764,14,,,1,70,,1146739,14,,,1,30,,1146743,14,,,1,69,,1146753,14,,,1,30,,1146760,14,,,1,70,,1146742,14,,,1,30,,1146754,14,,,1,70,,1146745,14,,,1,100,,1146752,14,,,1,100,,1146755,14,,,1,100,,1146751,14,,,1
5100,'2',642,,1146783,14,,,1,100,,1146794,14,,,1,70,,1146785,14,,,1,30,,1146779,14,,,1,70,,1146774,14,,,1,30,,1146769,14,,,1,71,,1146770,14,,,1,30,,1146773,14,,,1,70,,1146784,14,,,1,30,,1146772,14,,,1,70,,1146771,14,,,1,30,,1146767,14,,,1,70,,1146780,14,,,1,30,,1146792,14,,,1,70,,1146789,14,,,1,30,,1064550,14,,,1,70,,1146793,14,,,1,30,,1146776,14,,,1,70,,1146768,14,,,1,30,,1146766,14,,,1,70,,1146791,14,,,1,30,,1146786,14,,,1,69,,1146777,14,,,1,30,,1146788,14,,,1,100,,1146782,14,,,1,100,,1146795,14,,,1,100,,1146778,14,,,1,102,,1146790,14,,,1
5100,'3',807,,1146819,14,,,1,100,,1146804,14,,,1,30,,1146814,14,,,1,71,,1146798,14,,,1,30,,1146815,14,,,1,70,,1146799,14,,,1,30,,1146817,14,,,1,70,,1146808,14,,,1,30,,1146821,14,,,1,70,,1146805,14,,,1,30,,1146807,14,,,1,70,,1146802,14,,,1,30,,1146820,14,,,1,70,,1146806,14,,,1,30,,1146816,14,,,1,70,,1146823,14,,,1,30,,1146822,14,,,1,70,,1146797,14,,,1,30,,1146801,14,,,1,69,,1146811,14,,,1,30,,1146818,14,,,1,70,,1146800,14,,,1,30,,1146812,14,,,1,70,,1146803,14,,,1,100,,1146810,14,,,1,100,,1146813,14,,,1,100,,1146809,14,,,1
5100,'4',807,,1146839,14,,,1,100,,1146836,14,,,1,30,,1146848,14,,,1,71,,1146845,14,,,1,30,,1146847,14,,,1,70,,1146838,14,,,1,30,,1146846,14,,,1,70,,1146840,14,,,1,30,,1146841,14,,,1,70,,1146831,14,,,1,30,,1146830,14,,,1,70,,1146824,14,,,1,30,,1146849,14,,,1,70,,1146833,14,,,1,30,,1146832,14,,,1,70,,1146826,14,,,1,30,,1146842,14,,,1,70,,1069526,14,,,1,30,,1146837,14,,,1,69,,1146829,14,,,1,30,,1146850,14,,,1,70,,1146834,14,,,1,30,,1146825,14,,,1,70,,1146844,14,,,1,100,,1146828,14,,,1,100,,1146827,14,,,1,100,,1146843,14,,,1
5100,'5',548,,1146858,22,,,1,99,,1146868,22,,,1,67,,954229,22,,,1,40,,1146863,22,,,1,70,,1067976,22,,,1,31,,1146864,22,,,1,70,,1146853,22,,,1,30,,1091239,22,,,1,70,,1146855,14,,,1,30,,1146852,14,,,1,70,,983850,14,,,1,30,,1146876,14,,,1,72,,1082773,14,,,1,30,,1146862,14,,,1,70,,1146857,14,,,1,30,,1146869,14,,,1,71,,1146860,14,,,1,98,,1146870,14,,,1,32,,1146851,14,,,1,73,,1146867,14,,,1,71,,1146865,14,,,1,33,,1146871,14,,,1,70,,1146873,14,,,1,27,,1146856,14,,,1,69,,1146861,14,,,1,26,,1146875,14,,,1,28,,1146877,14,,,1,68,,1146859,14,,,1,30,,1045276,14,,,1,70,,1146854,14,,,1,25,,1146866,14,,,1,70,,1146872,14,,,1
5100,'6',548,,1103508,22,,,1,99,,1146895,22,,,1,67,,1034059,22,,,1,40,,1146886,22,,,1,70,,1146891,22,,,1,31,,1146903,22,,,1,70,,1146902,22,,,1,30,,1146883,22,,,1,70,,1146887,14,,,1,30,,1146880,14,,,1,70,,1146879,14,,,1,30,,1026605,14,,,1,72,,1146900,14,,,1,30,,1146904,14,,,1,70,,1146906,14,,,1,30,,1146894,14,,,1,71,,1146884,14,,,1,98,,1146885,14,,,1,32,,1146889,14,,,1,73,,1033211,14,,,1,71,,1146905,14,,,1,33,,1146892,14,,,1,70,,1146881,14,,,1,27,,1146898,14,,,1,69,,1146882,14,,,1,26,,1062232,14,,,1,28,,1146899,14,,,1,68,,1146890,14,,,1,30,,1146893,14,,,1,70,,1146888,14,,,1,25,,1146896,14,,,1,70,,1146901,14,,,1
5100,'7',642,,1146910,14,,,1,100,,1146926,14,,,1,70,,1146935,14,,,1,30,,1146918,14,,,1,70,,1146933,14,,,1,30,,1146912,14,,,1,71,,1146929,14,,,1,30,,1146915,14,,,1,70,,1146934,14,,,1,30,,1146921,14,,,1,70,,1146916,14,,,1,30,,1146931,14,,,1,70,,1146909,14,,,1,30,,1146923,14,,,1,70,,1146919,14,,,1,30,,1146927,14,,,1,70,,1146925,14,,,1,30,,1146924,14,,,1,70,,1146920,14,,,1,30,,1146930,14,,,1,70,,1146928,14,,,1,30,,1146937,14,,,1,69,,1146917,14,,,1,30,,1146936,14,,,1,100,,1146914,14,,,1,100,,1146908,14,,,1,100,,1146913,14,,,1,102,,1146911,14,,,1
5100,'8',548,,1146950,22,,,1,99,,1146957,22,,,1,67,,1146969,22,,,1,40,,1146947,22,,,1,70,,1146953,22,,,1,31,,1146966,22,,,1,70,,1146965,22,,,1,30,,1146944,22,,,1,70,,1146948,14,,,1,30,,1146941,14,,,1,70,,1146940,14,,,1,30,,1146967,14,,,1,72,,1146962,14,,,1,30,,1146968,14,,,1,70,,1146971,14,,,1,30,,1146956,14,,,1,71,,1146945,14,,,1,98,,1146946,14,,,1,32,,1146951,14,,,1,73,,1146964,14,,,1,71,,1146970,14,,,1,33,,1146954,14,,,1,70,,1146942,14,,,1,27,,1146960,14,,,1,69,,1146943,14,,,1,26,,1146938,14,,,1,28,,1146961,14,,,1,68,,1146952,14,,,1,30,,1146955,14,,,1,70,,1146949,14,,,1,25,,1146958,14,,,1,70,,1146963,14,,,1
5100,'9',548,,1146979,22,,,1,99,,1146989,22,,,1,67,,954162,22,,,1,40,,1146984,22,,,1,70,,1067865,22,,,1,31,,1146985,22,,,1,70,,1146974,22,,,1,30,,1091089,22,,,1,70,,1146976,14,,,1,30,,1146973,14,,,1,70,,983814,14,,,1,30,,1146997,14,,,1,72,,1082753,14,,,1,30,,1146983,14,,,1,70,,1146978,14,,,1,30,,1146990,14,,,1,71,,1146981,14,,,1,98,,1146991,14,,,1,32,,1146972,14,,,1,73,,1146988,14,,,1,71,,1146986,14,,,1,33,,1146992,14,,,1,70,,1146994,14,,,1,27,,1146977,14,,,1,69,,1146982,14,,,1,26,,1146996,14,,,1,28,,1146998,14,,,1,68,,1146980,14,,,1,30,,1045591,14,,,1,70,,1146975,14,,,1,25,,1146987,14,,,1,70,,1146993,14,,,1
15301,'1',859,,1189695,17,,,1,280,,1189692,17,,,1,102,,1189690,17,,,1,97,,1189693,17,,,1,103,,1189691,17,,,1,99,,1078710,17,,,1,203,,1069347,17,,,1,194,,1189694,17,,,1
15301,'10',859,,1189701,17,,,1,280,,1189698,17,,,1,102,,1189696,17,,,1,97,,1189699,17,,,1,103,,1189697,17,,,1,99,,1078446,17,,,1,203,,1069190,17,,,1,194,,1189700,17,,,1
15301,'11',859,,1189707,17,,,1,280,,1189704,17,,,1,102,,1189702,17,,,1,97,,1189705,17,,,1,103,,1189703,17,,,1,99,,1078790,17,,,1,203,,1069386,17,,,1,194,,1189706,17,,,1
15301,'12',859,,1026929,17,,,1,280,,1189709,17,,,1,102,,1189708,17,,,1,97,,1189712,17,,,1,103,,1189711,17,,,1,99,,1189713,17,,,1,203,,1189710,17,,,1,194,,1084988,17,,,1
15301,'13',1042,,1189717,17,,,1,200,,1189714,17,,,1,200,,1189715,17,,,1,200,,1189716,17,,,1
15301,'14',859,,1189725,17,,,1,280,,1189722,17,,,1,102,,1189718,17,,,1,97,,1189723,17,,,1,103,,1189721,17,,,1,99,,1189720,17,,,1,203,,1189719,17,,,1,194,,1189724,17,,,1
15301,'15',859,,1189729,17,,,1,280,,1189727,17,,,1,102,,1189730,17,,,1,97,,1189731,17,,,1,103,,1189726,17,,,1,99,,1189732,17,,,1,203,,1189733,17,,,1,194,,1189728,17,,,1
15301,'16',859,,1189734,17,,,1,280,,1189737,17,,,1,102,,1189736,17,,,1,97,,1189740,17,,,1,103,,1189739,17,,,1,99,,1189741,17,,,1,203,,1189738,17,,,1,194,,1189735,17,,,1
15301,'17',1042,,1189745,17,,,1,200,,1189742,17,,,1,200,,1189743,17,,,1,200,,1189744,17,,,1
15301,'2',1042,,1189747,17,,,1,200,,1189749,17,,,1,200,,1189748,17,,,1,200,,1189746,17,,,1
15301,'3',1042,,1189753,17,,,1,200,,1189750,17,,,1,200,,1189751,17,,,1,200,,1189752,17,,,1
15301,'4',1042,,1189756,17,,,1,200,,1189754,17,,,1,200,,1189755,17,,,1,200,,1189757,17,,,1
15301,'5',859,,1189763,17,,,1,280,,1189760,17,,,1,102,,1189758,17,,,1,97,,1189761,17,,,1,103,,1189759,17,,,1,99,,1078662,17,,,1,203,,1069323,17,,,1,194,,1189762,17,,,1
15301,'6',859,,1189764,17,,,1,280,,1189767,17,,,1,102,,1189766,17,,,1,97,,1189770,17,,,1,103,,1189769,17,,,1,99,,1189771,17,,,1,203,,1189768,17,,,1,194,,1189765,17,,,1
15301,'7',1042,,1189773,17,,,1,200,,1189774,17,,,1,200,,1189772,17,,,1,200,,1189775,17,,,1
15301,'8',859,,1189776,17,,,1,280,,1189779,17,,,1,102,,1189778,17,,,1,97,,1189782,17,,,1,103,,1189781,17,,,1,99,,1189783,17,,,1,203,,1189780,17,,,1,194,,1189777,17,,,1
15301,'9',859,,1189789,17,,,1,280,,1189786,17,,,1,102,,1189784,17,,,1,97,,1189787,17,,,1,103,,1189785,17,,,1,99,,1078527,17,,,1,203,,1069238,17,,,1,194,,1189788,17,,,1
