16101,'1',547,,1190287,12,0,9 10,1,70,,938231,12,0,9 10,1,30,,1190283,12,0,9 10,1,70,,1190278,12,0,9 10,1,28,,1190285,12,0,9 10,1,71,,1190272,12,0,9 10,1
16101,'10',547,,1190319,12,0,9 10,1,70,,937863,12,0,9 10,1,30,,1190315,12,0,9 10,1,70,,1190310,12,0,9 10,1,28,,1190317,12,0,9 10,1,71,,1190304,12,0,9 10,1
16101,'11',547,,1190351,12,0,9 10,1,70,,938185,12,0,9 10,1,30,,1190347,12,0,9 10,1,70,,1190342,12,0,9 10,1,28,,1190349,12,0,9 10,1,71,,1190336,12,0,9 10,1
16101,'12',547,,1190393,12,0,9 10,1,70,,1190388,12,0,9 10,1,30,,1048151,12,0,9 10,1,70,,1190380,12,0,9 10,1,28,,1083534,12,0,9 10,1,71,,1190390,12,0,9 10,1
16101,'14',547,,1190431,12,0,9 10,1,70,,1190425,12,0,9 10,1,30,,1190427,12,0,9 10,1,70,,1190421,12,0,9 10,1,28,,1190429,12,0,9 10,1,71,,1190415,12,0,9 10,1
16101,'15',547,,1190468,12,0,9 10,1,70,,1190467,12,0,9 10,1,30,,1190470,12,0,9 10,1,70,,1190477,12,0,9 10,1,28,,1190448,12,0,9 10,1,71,,1190482,12,0,9 10,1
16101,'16',547,,1190513,12,0,9 10,1,70,,1190508,12,0,9 10,1,30,,1190486,12,0,9 10,1,70,,1190499,12,0,9 10,1,28,,1190498,12,0,9 10,1,71,,1190510,12,0,9 10,1
16101,'5',547,,1190601,12,0,9 10,1,70,,938387,12,0,9 10,1,30,,1190597,12,0,9 10,1,70,,1190592,12,0,9 10,1,28,,1190599,12,0,9 10,1,71,,1190586,12,0,9 10,1
16101,'6',547,,1190643,12,0,9 10,1,70,,1190638,12,0,9 10,1,30,,1190617,12,0,9 10,1,70,,1190629,12,0,9 10,1,28,,1190628,12,0,9 10,1,71,,1190640,12,0,9 10,1
16101,'8',547,,1190696,12,0,9 10,1,70,,1190691,12,0,9 10,1,30,,1190667,12,0,9 10,1,70,,1190682,12,0,9 10,1,28,,1190681,12,0,9 10,1,71,,1190693,12,0,9 10,1
16101,'9',547,,1190717,12,0,9 10,1,70,,938341,12,0,9 10,1,30,,1190713,12,0,9 10,1,70,,1190708,12,0,9 10,1,28,,1190715,12,0,9 10,1,71,,1190702,12,0,9 10,1
