29901,'1',1727,,1198133,21,,,1,80,,1198134,21,,,1
29901,'10',1727,,1198137,21,,,1,80,,1198138,21,,,1
29901,'11',1727,,1198141,21,,,1,80,,1198142,21,,,1
29901,'12',1727,,1198145,21,,,1,80,,1198146,21,,,1
29901,'14',1727,,1198150,21,,,1,80,,1198151,21,,,1
29901,'15',1727,,1198152,21,,,1,80,,1198156,21,,,1
29901,'16',1727,,1198159,21,,,1,80,,1067012,21,,,1
29901,'5',1727,,1198163,21,,,1,80,,1198164,21,,,1
29901,'6',1727,,1103784,21,,,1,80,,1198167,21,,,1
29901,'8',1727,,1198171,21,,,1,80,,1198172,21,,,1
29901,'9',1727,,1198176,21,,,1,80,,1198177,21,,,1
