23401,'1',1600,,1196814,28,,,1,30,,1196815,28,,,1,70,,1055878,28,,,1,29,,1196812,28,,,1,29,,1041995,28,,,1,69,,1196813,28,,,1,31,,1196811,28,,,1
23401,'10',1600,,1196819,28,,,1,30,,1196820,28,,,1,70,,1055971,28,,,1,29,,1196817,28,,,1,29,,1042107,28,,,1,69,,1196818,28,,,1,31,,1196816,28,,,1
23401,'11',1600,,1196824,28,,,1,30,,1196825,28,,,1,70,,1055849,28,,,1,29,,1196822,28,,,1,29,,1041964,28,,,1,69,,1196823,28,,,1,31,,1196821,28,,,1
23401,'12',1600,,1196828,28,,,1,30,,1196830,28,,,1,70,,1196829,28,,,1,29,,1196827,28,,,1,29,,1196832,28,,,1,69,,1196831,28,,,1,31,,1196826,28,,,1
23401,'14',1600,,1196838,28,,,1,30,,1196839,28,,,1,70,,1196834,28,,,1,29,,1196836,28,,,1,29,,1196833,28,,,1,69,,1196837,28,,,1,31,,1196835,28,,,1
23401,'15',1600,,1196846,28,,,1,30,,1196841,28,,,1,70,,1196840,28,,,1,29,,1196844,28,,,1,29,,1196843,28,,,1,69,,1196845,28,,,1,31,,1196842,28,,,1
23401,'16',1600,,1196848,28,,,1,30,,1196850,28,,,1,70,,1196849,28,,,1,29,,1072366,28,,,1,29,,1196852,28,,,1,69,,1196851,28,,,1,31,,1196847,28,,,1
23401,'5',1600,,1196856,28,,,1,30,,1196857,28,,,1,70,,1055707,28,,,1,29,,1196854,28,,,1,29,,1041795,28,,,1,69,,1196855,28,,,1,31,,1196853,28,,,1
23401,'6',1600,,1196859,28,,,1,30,,1196861,28,,,1,70,,1196860,28,,,1,29,,1196858,28,,,1,29,,1196863,28,,,1,69,,1196862,28,,,1,31,,1093011,28,,,1
23401,'8',1600,,1196866,28,,,1,30,,1196868,28,,,1,70,,1196867,28,,,1,29,,1196865,28,,,1,29,,1196870,28,,,1,69,,1196869,28,,,1,31,,1196864,28,,,1
23401,'9',1600,,1196874,28,,,1,30,,1196875,28,,,1,70,,1055907,28,,,1,29,,1196872,28,,,1,29,,1042026,28,,,1,69,,1196873,28,,,1,31,,1196871,28,,,1
