2401,'1',926,,1124180,20,,,1,30,,1124191,20,,,1,70,,1124190,20,,,1,30,,1089787,20,,,1,69,,1124195,20,,,1,30,,1124204,20,,,1,70,,1124199,20,,,1,30,,1124200,20,,,1,69,,1124162,20,,,1,30,,1124168,20,,,1,70,,1124167,20,,,1,24,,1124196,20,,,1,76,,1124186,20,,,1,29,,1124181,20,,,1,71,,1124194,20,,,1,29,,1124174,20,,,1,72,,1082238,20,,,1,30,,1124179,20,,,1,60,,1124182,20,,,1,25,,1124160,20,,,1,70,,1124185,20,,,1,100,,1094137,20,,,1,92,,1124183,20,,,1,100,,1124188,20,,,1,105,,1124198,20,,,1
2401,'10',926,,1124227,20,,,1,30,,1124238,20,,,1,70,,1124237,20,,,1,30,,1089644,20,,,1,69,,1124242,20,,,1,30,,1124251,20,,,1,70,,1124246,20,,,1,30,,1124247,20,,,1,69,,1124209,20,,,1,30,,1124215,20,,,1,70,,1124214,20,,,1,24,,1124243,20,,,1,76,,1124233,20,,,1,29,,1124228,20,,,1,71,,1124241,20,,,1,29,,1124221,20,,,1,72,,1082075,20,,,1,30,,1124226,20,,,1,60,,1124229,20,,,1,25,,1124207,20,,,1,70,,1124232,20,,,1,100,,1093917,20,,,1,92,,1124230,20,,,1,100,,1124235,20,,,1,105,,1124245,20,,,1
2401,'11',926,,1124274,20,,,1,30,,1124285,20,,,1,70,,1124284,20,,,1,30,,1089829,20,,,1,69,,1124289,20,,,1,30,,1124298,20,,,1,70,,1124293,20,,,1,30,,1124294,20,,,1,69,,1124256,20,,,1,30,,1124262,20,,,1,70,,1124261,20,,,1,24,,1124290,20,,,1,76,,1124280,20,,,1,29,,1124275,20,,,1,71,,1124288,20,,,1,29,,1124268,20,,,1,72,,1082291,20,,,1,30,,1124273,20,,,1,60,,1124276,20,,,1,25,,1124254,20,,,1,70,,1124279,20,,,1,100,,1094200,20,,,1,92,,1124277,20,,,1,100,,1124282,20,,,1,105,,1124292,20,,,1
2401,'12',926,,1043798,20,,,1,30,,1124340,20,,,1,70,,1064870,20,,,1,30,,1023317,20,,,1,69,,1124327,20,,,1,30,,1124346,20,,,1,70,,1124322,20,,,1,30,,1124326,20,,,1,69,,1124304,20,,,1,30,,1124321,20,,,1,70,,1124305,20,,,1,24,,1124308,20,,,1,76,,1124317,20,,,1,29,,1124312,20,,,1,71,,1124320,20,,,1,29,,1124301,20,,,1,72,,1124339,20,,,1,30,,1124307,20,,,1,60,,1124335,20,,,1,25,,1124309,20,,,1,70,,1124316,20,,,1,100,,1124311,20,,,1,92,,1124302,20,,,1,100,,1124344,20,,,1,105,,1124333,20,,,1
2401,'14',926,,1124395,20,,,1,30,,1124406,20,,,1,70,,1124405,20,,,1,30,,1124421,20,,,1,69,,1124410,20,,,1,30,,1124423,20,,,1,70,,1124414,20,,,1,30,,1124415,20,,,1,69,,1124376,20,,,1,30,,1124383,20,,,1,70,,1124382,20,,,1,24,,1124411,20,,,1,76,,1124401,20,,,1,29,,1124396,20,,,1,71,,1124409,20,,,1,29,,1124389,20,,,1,72,,1124422,20,,,1,30,,1124394,20,,,1,60,,1124397,20,,,1,25,,1124374,20,,,1,70,,1124400,20,,,1,100,,1124379,20,,,1,92,,1124398,20,,,1,100,,1124403,20,,,1,105,,1124413,20,,,1
2401,'15',926,,1124462,20,,,1,30,,1124434,20,,,1,70,,1124428,20,,,1,30,,1124461,20,,,1,69,,1124469,20,,,1,30,,1124441,20,,,1,70,,1124437,20,,,1,30,,1124431,20,,,1,69,,1124454,20,,,1,30,,1124432,20,,,1,70,,1124443,20,,,1,24,,1124451,20,,,1,76,,1124463,20,,,1,29,,1124435,20,,,1,71,,1124448,20,,,1,29,,1124447,20,,,1,72,,1124433,20,,,1,30,,1124445,20,,,1,60,,1124472,20,,,1,25,,1124455,20,,,1,70,,1124450,20,,,1,100,,1124427,20,,,1,92,,1124477,20,,,1,100,,1124458,20,,,1,105,,1124476,20,,,1
2401,'16',926,,1124522,20,,,1,30,,1124516,20,,,1,70,,1124484,20,,,1,30,,1124518,20,,,1,69,,1124503,20,,,1,30,,1124524,20,,,1,70,,1124498,20,,,1,30,,1124502,20,,,1,69,,1124482,20,,,1,30,,1124497,20,,,1,70,,1098163,20,,,1,24,,1088835,20,,,1,76,,1124493,20,,,1,29,,1124488,20,,,1,71,,1124496,20,,,1,29,,1070332,20,,,1,72,,1124515,20,,,1,30,,1064711,20,,,1,60,,1124511,20,,,1,25,,1124485,20,,,1,70,,1124492,20,,,1,100,,1124487,20,,,1,92,,1124479,20,,,1,100,,1124521,20,,,1,105,,1124509,20,,,1
2401,'5',926,,1124650,20,,,1,30,,1124661,20,,,1,70,,1124660,20,,,1,30,,1089764,20,,,1,69,,1124665,20,,,1,30,,1124674,20,,,1,70,,1124669,20,,,1,30,,1124670,20,,,1,69,,1124632,20,,,1,30,,1124638,20,,,1,70,,1124637,20,,,1,24,,1124666,20,,,1,76,,1124656,20,,,1,29,,1124651,20,,,1,71,,1124664,20,,,1,29,,1124644,20,,,1,72,,1082208,20,,,1,30,,1124649,20,,,1,60,,1124652,20,,,1,25,,1124630,20,,,1,70,,1124655,20,,,1,100,,1094098,20,,,1,92,,1124653,20,,,1,100,,1124658,20,,,1,105,,1124668,20,,,1
2401,'6',926,,1124718,20,,,1,30,,1124714,20,,,1,70,,1124680,20,,,1,30,,1124716,20,,,1,69,,1124701,20,,,1,30,,1050643,20,,,1,70,,1124696,20,,,1,30,,1124700,20,,,1,69,,1050050,20,,,1,30,,1124695,20,,,1,70,,1124679,20,,,1,24,,1124682,20,,,1,76,,1124691,20,,,1,29,,1124686,20,,,1,71,,1124694,20,,,1,29,,1124676,20,,,1,72,,1124713,20,,,1,30,,1124681,20,,,1,60,,1124709,20,,,1,25,,1124683,20,,,1,70,,1124690,20,,,1,100,,1124685,20,,,1,92,,1102459,20,,,1,100,,1062731,20,,,1,105,,1124707,20,,,1
2401,'8',926,,1124802,20,,,1,30,,1124796,20,,,1,70,,1124762,20,,,1,30,,1124798,20,,,1,69,,1124783,20,,,1,30,,1124804,20,,,1,70,,1124778,20,,,1,30,,1124782,20,,,1,69,,1124759,20,,,1,30,,1124777,20,,,1,70,,1124760,20,,,1,24,,1124764,20,,,1,76,,1124773,20,,,1,29,,1124768,20,,,1,71,,1124776,20,,,1,29,,1124755,20,,,1,72,,1124795,20,,,1,30,,1124763,20,,,1,60,,1124791,20,,,1,25,,1124765,20,,,1,70,,1124772,20,,,1,100,,1124767,20,,,1,92,,1124756,20,,,1,100,,1124801,20,,,1,105,,1124789,20,,,1
2401,'9',926,,1124828,20,,,1,30,,1124839,20,,,1,70,,1124838,20,,,1,30,,1089689,20,,,1,69,,1124843,20,,,1,30,,1124852,20,,,1,70,,1124847,20,,,1,30,,1124848,20,,,1,69,,1124810,20,,,1,30,,1124816,20,,,1,70,,1124815,20,,,1,24,,1124844,20,,,1,76,,1124834,20,,,1,29,,1124829,20,,,1,71,,1124842,20,,,1,29,,1124822,20,,,1,72,,1082126,20,,,1,30,,1124827,20,,,1,60,,1124830,20,,,1,25,,1124808,20,,,1,70,,1124833,20,,,1,100,,1093987,20,,,1,92,,1124831,20,,,1,100,,1124836,20,,,1,105,,1124846,20,,,1
2500,'1',442,,1124867,30,0,29,1,70,,1124862,30,0,29,1,31,,1124902,30,0,29,1,13,,1064902,30,,,1,58,,1124884,30,,,1,15,,949399,30,,,1,17,,1124855,30,,,1,55,,1124900,30,,,1,15,,1070118,30,,,1,16,,1124885,30,,,1,16,,1124872,30,,,1,56,,966899,30,,,1,14,,1035248,30,,,1,15,,1124899,30,,,1,14,,1124857,30,,,1,54,,1097848,30,,,1,15,,1124901,30,,,1,15,,1124889,30,,,1,15,,1124853,30,,,1,55,,1124888,30,,,1,15,,1124879,30,,,1,15,,1084884,30,,,1,15,,1124905,30,,,1,55,,1094400,30,,,1,15,,1124859,30,,,1,15,,1124895,30,,,1,15,,1124903,30,,,1,55,,1124866,30,,,1,15,,955839,30,,,1,15,,1124876,30,,,1,15,,1124898,30,,,1,55,,1124882,30,,,1,15,,1124887,30,,,1,15,,1124868,30,,,1,16,,1124860,30,,,1,55,,1058306,30,,,1,15,,1124865,30,,,1,16,,1124880,30,,,1,15,,1124881,30,,,1,55,,1124874,30,,,1,16,,1124894,30,,,1,15,,1124856,30,,,1,16,,1124854,30,,,1,54,,1124890,30,,,1,15,,1124873,30,,,1,29,,1124871,30,,,1,55,,1085598,30,,,1,15,,1124863,30,,,1,15,,1124864,30,,,1,14,,1124896,30,,,1,55,,1124893,30,,,1,29,,1124891,30,,,1,70,,1124883,30,,,1,29,,1124897,30,,,1,70,,1124904,30,,,1,30,,1124878,30,,,1,70,,1124870,30,,,1,29,,1124877,30,,,1,30,,1124858,30,,,1,69,,1124869,30,,,1,29,,1124892,30,,,1,69,,1124886,30,0,29,1,28,,1124861,30,0,29,1,77,,1124875,30,0,29,1
2500,'10',442,,1124920,30,0,29,1,70,,1124915,30,0,29,1,31,,1124955,30,0,29,1,13,,1064767,30,,,1,58,,1124937,30,,,1,15,,949212,30,,,1,17,,1124908,30,,,1,55,,1124953,30,,,1,15,,1070109,30,,,1,16,,1124938,30,,,1,16,,1124925,30,,,1,56,,966676,30,,,1,14,,1035390,30,,,1,15,,1124952,30,,,1,14,,1124910,30,,,1,54,,1097624,30,,,1,15,,1124954,30,,,1,15,,1124942,30,,,1,15,,1124906,30,,,1,55,,1124941,30,,,1,15,,1124932,30,,,1,15,,1084869,30,,,1,15,,1124958,30,,,1,55,,1094364,30,,,1,15,,1124912,30,,,1,15,,1124948,30,,,1,15,,1124956,30,,,1,55,,1124919,30,,,1,15,,955565,30,,,1,15,,1124929,30,,,1,15,,1124951,30,,,1,55,,1124935,30,,,1,15,,1124940,30,,,1,15,,1124921,30,,,1,16,,1124913,30,,,1,55,,1058335,30,,,1,15,,1124918,30,,,1,16,,1124933,30,,,1,15,,1124934,30,,,1,55,,1124927,30,,,1,16,,1124947,30,,,1,15,,1124909,30,,,1,16,,1124907,30,,,1,54,,1124943,30,,,1,15,,1124926,30,,,1,29,,1124924,30,,,1,55,,1085341,30,,,1,15,,1124916,30,,,1,15,,1124917,30,,,1,14,,1124949,30,,,1,55,,1124946,30,,,1,29,,1124944,30,,,1,70,,1124936,30,,,1,29,,1124950,30,,,1,70,,1124957,30,,,1,30,,1124931,30,,,1,70,,1124923,30,,,1,29,,1124930,30,,,1,30,,1124911,30,,,1,69,,1124922,30,,,1,29,,1124945,30,,,1,69,,1124939,30,0,29,1,28,,1124914,30,0,29,1,77,,1124928,30,0,29,1
2500,'11',442,,1124973,30,0,29,1,70,,1124968,30,0,29,1,31,,1125008,30,0,29,1,13,,1064947,30,,,1,58,,1124990,30,,,1,15,,949369,30,,,1,17,,1124961,30,,,1,55,,1125006,30,,,1,15,,1070121,30,,,1,16,,1124991,30,,,1,16,,1124978,30,,,1,56,,966861,30,,,1,14,,1035207,30,,,1,15,,1125005,30,,,1,14,,1124963,30,,,1,54,,1097916,30,,,1,15,,1125007,30,,,1,15,,1124995,30,,,1,15,,1124959,30,,,1,55,,1124994,30,,,1,15,,1124985,30,,,1,15,,1084889,30,,,1,15,,1125011,30,,,1,55,,1094412,30,,,1,15,,1124965,30,,,1,15,,1125001,30,,,1,15,,1125009,30,,,1,55,,1124972,30,,,1,15,,955796,30,,,1,15,,1124982,30,,,1,15,,1125004,30,,,1,55,,1124988,30,,,1,15,,1124993,30,,,1,15,,1124974,30,,,1,16,,1124966,30,,,1,55,,1058297,30,,,1,15,,1124971,30,,,1,16,,1124986,30,,,1,15,,1124987,30,,,1,55,,1124980,30,,,1,16,,1125000,30,,,1,15,,1124962,30,,,1,16,,1124960,30,,,1,54,,1124996,30,,,1,15,,1124979,30,,,1,29,,1124977,30,,,1,55,,1085678,30,,,1,15,,1124969,30,,,1,15,,1124970,30,,,1,14,,1125002,30,,,1,55,,1124999,30,,,1,29,,1124997,30,,,1,70,,1124989,30,,,1,29,,1125003,30,,,1,70,,1125010,30,,,1,30,,1124984,30,,,1,70,,1124976,30,,,1,29,,1124983,30,,,1,30,,1124964,30,,,1,69,,1124975,30,,,1,29,,1124998,30,,,1,69,,1124992,30,0,29,1,28,,1124967,30,0,29,1,77,,1124981,30,0,29,1
2500,'12',442,,1125017,30,0,29,1,70,,1060916,30,0,29,1,31,,1125015,30,0,29,1,13,,1125056,30,,,1,58,,1125043,30,,,1,15,,1125062,30,,,1,17,,1125025,30,,,1,55,,1125059,30,,,1,15,,1125032,30,,,1,16,,1125042,30,,,1,16,,1125012,30,,,1,56,,1125045,30,,,1,14,,1125026,30,,,1,15,,1125066,30,,,1,14,,1125027,30,,,1,54,,1125046,30,,,1,15,,1125050,30,,,1,15,,1125054,30,,,1,15,,1125028,30,,,1,55,,1125060,30,,,1,15,,1069297,30,,,1,15,,1125061,30,,,1,15,,1072299,30,,,1,55,,1125063,30,,,1,15,,1125014,30,,,1,15,,1125018,30,,,1,15,,1074483,30,,,1,55,,1125031,30,,,1,15,,1125052,30,,,1,15,,1125065,30,,,1,15,,1125055,30,,,1,55,,1125048,30,,,1,15,,1125038,30,,,1,15,,1125035,30,,,1,16,,1125019,30,,,1,55,,963222,30,,,1,15,,1065110,30,,,1,16,,1125058,30,,,1,15,,1125057,30,,,1,55,,1076935,30,,,1,16,,1125053,30,,,1,15,,1125013,30,,,1,16,,1099477,30,,,1,54,,1125020,30,,,1,15,,1125041,30,,,1,29,,1125030,30,,,1,55,,1125034,30,,,1,15,,1125064,30,,,1,15,,1036383,30,,,1,14,,1125039,30,,,1,55,,1125022,30,,,1,29,,1125029,30,,,1,70,,1125021,30,,,1,29,,1125016,30,,,1,70,,1125023,30,,,1,30,,1125037,30,,,1,70,,1125051,30,,,1,29,,1125024,30,,,1,30,,1125044,30,,,1,69,,1125040,30,,,1,29,,1125033,30,,,1,69,,1125036,30,0,29,1,28,,1125049,30,0,29,1,77,,1125047,30,0,29,1
2500,'13',731,,1125089,30,0,29,1,74,,1125080,30,0,29,1,30,,1125071,30,0,42,1,70,,1125073,30,0,42,1,30,,1125077,30,0,42,1,70,,1125085,30,0,42,1,31,,1125081,30,0,42,1,70,,1125070,30,0,42,1,31,,1125082,30,0,42,1,70,,1125074,30,0,42,1,30,,1125083,30,0,42,1,70,,1084956,30,0,42,1,30,,1125067,30,0,42,1,70,,1125095,30,0,42,1,30,,1125076,30,0,42,1,70,,1125084,30,0,42,1,30,,1082383,30,0,42,1,70,,1125093,30,0,42,1,29,,1125078,30,0,42,1,70,,1125090,30,0,42,1,30,,1125068,30,0,42,1,70,,1125072,30,0,42,1,30,,1076182,30,0,42,1,70,,1125087,30,0,29,1,28,,1125075,30,0,42,1,70,,1068255,30,0,29,1,30,,1125088,30,0,42,1,70,,1125079,30,0,29,1,35,,1125069,30,0,42,1,75,,1125091,30,0,29,1,33,,1125086,30,0,29,1,69,,1125094,30,0,29,1,30,,1125092,30,0,29,1
2500,'14',442,,1125115,30,0,29,1,70,,1125109,30,0,29,1,31,,1125152,30,0,29,1,13,,1125096,30,,,1,58,,1125132,30,,,1,15,,1125159,30,,,1,17,,1125100,30,,,1,55,,1125149,30,,,1,15,,1125150,30,,,1,16,,1125133,30,,,1,16,,1125120,30,,,1,56,,1125099,30,,,1,14,,1125107,30,,,1,15,,1125148,30,,,1,14,,1125102,30,,,1,54,,1125112,30,,,1,15,,1125151,30,,,1,15,,1125138,30,,,1,15,,1125097,30,,,1,55,,1125137,30,,,1,15,,1125127,30,,,1,15,,1125158,30,,,1,15,,1125157,30,,,1,55,,1125155,30,,,1,15,,1125105,30,,,1,15,,1125144,30,,,1,15,,1125153,30,,,1,55,,1125114,30,,,1,15,,1125104,30,,,1,15,,1125124,30,,,1,15,,1125147,30,,,1,55,,1125130,30,,,1,15,,1125136,30,,,1,15,,1125116,30,,,1,16,,1125106,30,,,1,55,,1125135,30,,,1,15,,1125113,30,,,1,16,,1125128,30,,,1,15,,1125129,30,,,1,55,,1125122,30,,,1,16,,1125143,30,,,1,15,,1125101,30,,,1,16,,1125098,30,,,1,54,,1125139,30,,,1,15,,1125121,30,,,1,29,,1125119,30,,,1,55,,1125154,30,,,1,15,,1125110,30,,,1,15,,1125111,30,,,1,14,,1125145,30,,,1,55,,1125142,30,,,1,29,,1125140,30,,,1,70,,1125131,30,,,1,29,,1125146,30,,,1,70,,1125156,30,,,1,30,,1125126,30,,,1,70,,1125118,30,,,1,29,,1125125,30,,,1,30,,1125103,30,,,1,69,,1125117,30,,,1,29,,1125141,30,,,1,69,,1125134,30,0,29,1,28,,1125108,30,0,29,1,77,,1125123,30,0,29,1
2500,'15',442,,1125167,30,0,29,1,70,,1125215,30,0,29,1,31,,1125182,30,0,29,1,13,,1125208,30,,,1,58,,1125207,30,,,1,15,,1125162,30,,,1,17,,1125195,30,,,1,55,,1125165,30,,,1,15,,1125194,30,,,1,16,,1125203,30,,,1,16,,1125220,30,,,1,56,,1125168,30,,,1,14,,1125223,30,,,1,15,,1125163,30,,,1,14,,1125173,30,,,1,54,,1125221,30,,,1,15,,1125193,30,,,1,15,,1125222,30,,,1,15,,1125197,30,,,1,55,,1125213,30,,,1,15,,1125209,30,,,1,15,,1125170,30,,,1,15,,1125181,30,,,1,55,,1125217,30,,,1,15,,1125185,30,,,1,15,,1125196,30,,,1,15,,1125204,30,,,1,55,,1125188,30,,,1,15,,1125218,30,,,1,15,,1125210,30,,,1,15,,1125190,30,,,1,55,,1125169,30,,,1,15,,1125201,30,,,1,15,,1125214,30,,,1,16,,1125177,30,,,1,55,,1125216,30,,,1,15,,1125178,30,,,1,16,,1125200,30,,,1,15,,1125175,30,,,1,55,,1125211,30,,,1,16,,1125164,30,,,1,15,,1125184,30,,,1,16,,1125219,30,,,1,54,,1125171,30,,,1,15,,1125191,30,,,1,29,,1125202,30,,,1,55,,1125206,30,,,1,15,,1125198,30,,,1,15,,1125183,30,,,1,14,,1125174,30,,,1,55,,1125187,30,,,1,29,,1125160,30,,,1,70,,1125189,30,,,1,29,,1125166,30,,,1,70,,1125186,30,,,1,30,,1125205,30,,,1,70,,1125172,30,,,1,29,,1125176,30,,,1,30,,1125161,30,,,1,69,,1125199,30,,,1,29,,1125179,30,,,1,69,,1125180,30,0,29,1,28,,1125192,30,0,29,1,77,,1125212,30,0,29,1
2500,'16',442,,1125232,30,0,29,1,70,,1125237,30,0,29,1,31,,1125229,30,0,29,1,13,,1125273,30,,,1,58,,1125260,30,,,1,15,,1125279,30,,,1,17,,1125243,30,,,1,55,,1125276,30,,,1,15,,1125250,30,,,1,16,,1125259,30,,,1,16,,1125224,30,,,1,56,,1125262,30,,,1,14,,1125244,30,,,1,15,,1075990,30,,,1,14,,1125245,30,,,1,54,,1125263,30,,,1,15,,1125267,30,,,1,15,,1125271,30,,,1,15,,1125246,30,,,1,55,,1125277,30,,,1,15,,1125230,30,,,1,15,,1125278,30,,,1,15,,1125228,30,,,1,55,,1125280,30,,,1,15,,1125226,30,,,1,15,,1125233,30,,,1,15,,1125257,30,,,1,55,,1125249,30,,,1,15,,1125269,30,,,1,15,,1125283,30,,,1,15,,1125272,30,,,1,55,,1125265,30,,,1,15,,1125255,30,,,1,15,,1125253,30,,,1,16,,1125234,30,,,1,55,,1125227,30,,,1,15,,1125282,30,,,1,16,,1125275,30,,,1,15,,1125274,30,,,1,55,,1125235,30,,,1,16,,1125270,30,,,1,15,,1125225,30,,,1,16,,1125236,30,,,1,54,,1125238,30,,,1,15,,1125258,30,,,1,29,,1125248,30,,,1,55,,1125252,30,,,1,15,,1125281,30,,,1,15,,1125284,30,,,1,14,,1089803,30,,,1,55,,1125240,30,,,1,29,,1125247,30,,,1,70,,1125239,30,,,1,29,,1125231,30,,,1,70,,1125241,30,,,1,30,,1125254,30,,,1,70,,1125268,30,,,1,29,,1125242,30,,,1,30,,1125261,30,,,1,69,,1125256,30,,,1,29,,1125251,30,,,1,69,,946009,30,0,29,1,28,,1125266,30,0,29,1,77,,1125264,30,0,29,1
2500,'17',731,,1125310,30,0,29,1,74,,1125301,30,0,29,1,30,,1125292,30,0,42,1,70,,1125294,30,0,42,1,30,,1125298,30,0,42,1,70,,1125306,30,0,42,1,31,,1125302,30,0,42,1,70,,1125290,30,0,42,1,31,,1125303,30,0,42,1,70,,1125295,30,0,42,1,30,,1125304,30,0,42,1,70,,1125285,30,0,42,1,30,,1125286,30,0,42,1,70,,1125317,30,0,42,1,30,,1125297,30,0,42,1,70,,1125305,30,0,42,1,30,,1125288,30,0,42,1,70,,1125314,30,0,42,1,29,,1125299,30,0,42,1,70,,1125311,30,0,42,1,30,,1125287,30,0,42,1,70,,1125293,30,0,42,1,30,,1125291,30,0,42,1,70,,1125308,30,0,29,1,28,,1125296,30,0,42,1,70,,1125315,30,0,29,1,30,,1125309,30,0,42,1,70,,1125300,30,0,29,1,35,,1125289,30,0,42,1,75,,1125312,30,0,29,1,33,,1125307,30,0,29,1,69,,1125316,30,0,29,1,30,,1125313,30,0,29,1
2500,'2',538,,1125326,30,0,29,1,76,,1125349,30,0,29,1,31,,1125350,30,0,29,1,70,,1125353,30,0,29,1,32,,1125333,30,0,29,1,70,,1125337,30,0,42,1,30,,1125351,30,0,42,1,70,,1125331,30,0,42,1,30,,1125325,30,0,42,1,70,,1125346,30,0,42,1,31,,1088450,30,0,42,1,70,,1125327,30,0,42,1,31,,1125336,30,0,42,1,70,,1062339,30,0,42,1,30,,1125321,30,0,42,1,70,,1125347,30,0,42,1,30,,1125334,30,0,42,1,70,,1125348,30,0,42,1,30,,1125329,30,0,42,1,70,,1125356,30,0,42,1,30,,1125352,30,0,42,1,70,,1125318,30,0,42,1,29,,1125345,30,0,42,1,70,,1125355,30,0,42,1,30,,1125319,30,0,42,1,70,,1125324,30,0,42,1,30,,1125328,30,0,42,1,70,,1125344,30,0,29,1,29,,1125341,30,0,42,1,70,,1125354,30,0,29,1,30,,1125320,30,0,42,1,70,,1125330,30,0,29,1,30,,1125338,30,0,42,1,70,,1125332,30,0,29,1,28,,1125335,30,0,42,1,70,,1125322,30,0,29,1,29,,1125342,30,0,29,1,70,,1125343,30,0,29,1,30,,1125340,30,0,29,1,70,,1125339,30,0,29,1,30,,1125323,30,0,29,1
2500,'3',731,,1125382,30,0,29,1,74,,1125373,30,0,29,1,30,,1125364,30,0,42,1,70,,1125366,30,0,42,1,30,,1125370,30,0,42,1,70,,1125378,30,0,42,1,31,,1125374,30,0,42,1,70,,1125362,30,0,42,1,31,,1125375,30,0,42,1,70,,1125367,30,0,42,1,30,,1125376,30,0,42,1,70,,1125357,30,0,42,1,30,,1125358,30,0,42,1,70,,1125389,30,0,42,1,30,,1125369,30,0,42,1,70,,1125377,30,0,42,1,30,,1125360,30,0,42,1,70,,1125386,30,0,42,1,29,,1125371,30,0,42,1,70,,1125383,30,0,42,1,30,,1125359,30,0,42,1,70,,1125365,30,0,42,1,30,,1125363,30,0,42,1,70,,1125380,30,0,29,1,28,,1125368,30,0,42,1,70,,1125387,30,0,29,1,30,,1125381,30,0,42,1,70,,1125372,30,0,29,1,35,,1125361,30,0,42,1,75,,1125384,30,0,29,1,33,,1125379,30,0,29,1,69,,1125388,30,0,29,1,30,,1125385,30,0,29,1
2500,'4',731,,1125412,30,0,29,1,74,,1072089,30,0,29,1,30,,1125390,30,0,42,1,70,,1125391,30,0,42,1,30,,1125408,30,0,42,1,70,,1125413,30,0,42,1,31,,1125398,30,0,42,1,70,,1125400,30,0,42,1,31,,1125414,30,0,42,1,70,,1125401,30,0,42,1,30,,1125393,30,0,42,1,70,,1125397,30,0,42,1,30,,1125394,30,0,42,1,70,,1125417,30,0,42,1,30,,1080422,30,0,42,1,70,,1125395,30,0,42,1,30,,1125415,30,0,42,1,70,,1125399,30,0,42,1,29,,1125407,30,0,42,1,70,,1125411,30,0,42,1,30,,1125410,30,0,42,1,70,,1125403,30,0,42,1,30,,1125418,30,0,42,1,70,,1125404,30,0,29,1,28,,1125409,30,0,42,1,70,,1071638,30,0,29,1,30,,1125396,30,0,42,1,70,,1125416,30,0,29,1,35,,1125402,30,0,42,1,75,,1125406,30,0,29,1,33,,1084382,30,0,29,1,69,,1125405,30,0,29,1,30,,1125392,30,0,29,1
2500,'5',442,,1125433,30,0,29,1,70,,1125428,30,0,29,1,31,,1125468,30,0,29,1,13,,1064883,30,,,1,58,,1125450,30,,,1,15,,949493,30,,,1,17,,1125421,30,,,1,55,,1125466,30,,,1,15,,1070115,30,,,1,16,,1125451,30,,,1,16,,1125438,30,,,1,56,,967020,30,,,1,14,,1035028,30,,,1,15,,1125465,30,,,1,14,,1125423,30,,,1,54,,1097803,30,,,1,15,,1125467,30,,,1,15,,1125455,30,,,1,15,,1125419,30,,,1,55,,1125454,30,,,1,15,,1125445,30,,,1,15,,1084879,30,,,1,15,,1125471,30,,,1,55,,1094388,30,,,1,15,,1125425,30,,,1,15,,1125461,30,,,1,15,,1125469,30,,,1,55,,1125432,30,,,1,15,,955986,30,,,1,15,,1125442,30,,,1,15,,1125464,30,,,1,55,,1125448,30,,,1,15,,1125453,30,,,1,15,,1125434,30,,,1,16,,1125426,30,,,1,55,,1058270,30,,,1,15,,1125431,30,,,1,16,,1125446,30,,,1,15,,1125447,30,,,1,55,,1125440,30,,,1,16,,1125460,30,,,1,15,,1125422,30,,,1,16,,1125420,30,,,1,54,,1125456,30,,,1,15,,1125439,30,,,1,29,,1125437,30,,,1,55,,1085554,30,,,1,15,,1125429,30,,,1,15,,1125430,30,,,1,14,,1125462,30,,,1,55,,1125459,30,,,1,29,,1125457,30,,,1,70,,1125449,30,,,1,29,,1125463,30,,,1,70,,1125470,30,,,1,30,,1125444,30,,,1,70,,1125436,30,,,1,29,,1125443,30,,,1,30,,1125424,30,,,1,69,,1125435,30,,,1,29,,1125458,30,,,1,69,,1125452,30,0,29,1,28,,1125427,30,0,29,1,77,,1125441,30,0,29,1
2500,'6',442,,1125476,30,0,29,1,70,,1125479,30,0,29,1,31,,1095961,30,0,29,1,13,,1125515,30,,,1,58,,1125502,30,,,1,15,,1059104,30,,,1,17,,1125485,30,,,1,55,,1125518,30,,,1,15,,1125491,30,,,1,16,,1125501,30,,,1,16,,1057941,30,,,1,56,,1125504,30,,,1,14,,1125486,30,,,1,15,,1125522,30,,,1,14,,1125487,30,,,1,54,,1125505,30,,,1,15,,1125509,30,,,1,15,,1125513,30,,,1,15,,1040781,30,,,1,55,,1125519,30,,,1,15,,1125475,30,,,1,15,,1073694,30,,,1,15,,1125474,30,,,1,55,,1061029,30,,,1,15,,1102285,30,,,1,15,,1056140,30,,,1,15,,1125499,30,,,1,55,,1125490,30,,,1,15,,1125511,30,,,1,15,,1103556,30,,,1,15,,1125514,30,,,1,55,,1125507,30,,,1,15,,1125496,30,,,1,15,,1099184,30,,,1,16,,1050605,30,,,1,55,,1125473,30,,,1,15,,1125520,30,,,1,16,,1125517,30,,,1,15,,1125516,30,,,1,55,,1125477,30,,,1,16,,1125512,30,,,1,15,,1125472,30,,,1,16,,1125478,30,,,1,54,,1125480,30,,,1,15,,1125500,30,,,1,29,,1125489,30,,,1,55,,1125493,30,,,1,15,,1053684,30,,,1,15,,1125521,30,,,1,14,,1125497,30,,,1,55,,1125482,30,,,1,29,,1125488,30,,,1,70,,1125481,30,,,1,29,,1058762,30,,,1,70,,1125483,30,,,1,30,,1125495,30,,,1,70,,1125510,30,,,1,29,,1125484,30,,,1,30,,1125503,30,,,1,69,,1125498,30,,,1,29,,1125492,30,,,1,69,,1125494,30,0,29,1,28,,1125508,30,0,29,1,77,,1125506,30,0,29,1
2500,'7',538,,1125534,30,0,29,1,76,,1125531,30,0,29,1,31,,1125557,30,0,29,1,70,,1125529,30,0,29,1,32,,1125538,30,0,29,1,70,,1125545,30,0,42,1,30,,1125541,30,0,42,1,70,,1125561,30,0,42,1,30,,1125530,30,0,42,1,70,,1125526,30,0,42,1,31,,1125555,30,0,42,1,70,,1125524,30,0,42,1,31,,1125546,30,0,42,1,70,,1125547,30,0,42,1,30,,1125536,30,0,42,1,70,,1125549,30,0,42,1,30,,1125532,30,0,42,1,70,,1125553,30,0,42,1,30,,1125551,30,0,42,1,70,,1125556,30,0,42,1,30,,1125523,30,0,42,1,70,,1125559,30,0,42,1,29,,1125525,30,0,42,1,70,,1125533,30,0,42,1,30,,1125528,30,0,42,1,70,,1125554,30,0,42,1,30,,1125544,30,0,42,1,70,,1125543,30,0,29,1,29,,1125562,30,0,42,1,70,,1125527,30,0,29,1,30,,1125535,30,0,42,1,70,,1125550,30,0,29,1,30,,1125563,30,0,42,1,70,,1125548,30,0,29,1,28,,1125537,30,0,42,1,70,,1125539,30,0,29,1,29,,1125540,30,0,29,1,70,,1125558,30,0,29,1,30,,1125552,30,0,29,1,70,,1125542,30,0,29,1,30,,1125560,30,0,29,1
2500,'8',442,,1125572,30,0,29,1,70,,1125577,30,0,29,1,31,,1125569,30,0,29,1,13,,1125615,30,,,1,58,,1125602,30,,,1,15,,1125621,30,,,1,17,,1125583,30,,,1,55,,1125618,30,,,1,15,,1125590,30,,,1,16,,1125601,30,,,1,16,,1125564,30,,,1,56,,1125604,30,,,1,14,,1125584,30,,,1,15,,1125627,30,,,1,14,,1125585,30,,,1,54,,1125605,30,,,1,15,,1125609,30,,,1,15,,1125613,30,,,1,15,,1125586,30,,,1,55,,1125619,30,,,1,15,,1125570,30,,,1,15,,1125620,30,,,1,15,,1125568,30,,,1,55,,1125622,30,,,1,15,,1125566,30,,,1,15,,1125573,30,,,1,15,,1125599,30,,,1,55,,1125589,30,,,1,15,,1125611,30,,,1,15,,1125625,30,,,1,15,,1125614,30,,,1,55,,1125607,30,,,1,15,,1125596,30,,,1,15,,1125593,30,,,1,16,,1125574,30,,,1,55,,1125567,30,,,1,15,,1125624,30,,,1,16,,1125617,30,,,1,15,,1125616,30,,,1,55,,1125575,30,,,1,16,,1125612,30,,,1,15,,1125565,30,,,1,16,,1125576,30,,,1,54,,1125578,30,,,1,15,,1125600,30,,,1,29,,1125588,30,,,1,55,,1125592,30,,,1,15,,1125623,30,,,1,15,,1125626,30,,,1,14,,1125597,30,,,1,55,,1125580,30,,,1,29,,1125587,30,,,1,70,,1125579,30,,,1,29,,1125571,30,,,1,70,,1125581,30,,,1,30,,1125595,30,,,1,70,,1125610,30,,,1,29,,1125582,30,,,1,30,,1125603,30,,,1,69,,1125598,30,,,1,29,,1125591,30,,,1,69,,1125594,30,0,29,1,28,,1125608,30,0,29,1,77,,1125606,30,0,29,1
2500,'9',442,,1125642,30,0,29,1,70,,1125637,30,0,29,1,31,,1125677,30,0,29,1,13,,1064809,30,,,1,58,,1125659,30,,,1,15,,949463,30,,,1,17,,1125630,30,,,1,55,,1125675,30,,,1,15,,1070112,30,,,1,16,,1125660,30,,,1,16,,1125647,30,,,1,56,,966982,30,,,1,14,,1035289,30,,,1,15,,1125674,30,,,1,14,,1125632,30,,,1,54,,1097692,30,,,1,15,,1125676,30,,,1,15,,1125664,30,,,1,15,,1125628,30,,,1,55,,1125663,30,,,1,15,,1125654,30,,,1,15,,1084874,30,,,1,15,,1125680,30,,,1,55,,1094376,30,,,1,15,,1125634,30,,,1,15,,1125670,30,,,1,15,,1125678,30,,,1,55,,1125641,30,,,1,15,,955943,30,,,1,15,,1125651,30,,,1,15,,1125673,30,,,1,55,,1125657,30,,,1,15,,1125662,30,,,1,15,,1125643,30,,,1,16,,1125635,30,,,1,55,,1058315,30,,,1,15,,1125640,30,,,1,16,,1125655,30,,,1,15,,1125656,30,,,1,55,,1125649,30,,,1,16,,1125669,30,,,1,15,,1125631,30,,,1,16,,1125629,30,,,1,54,,1125665,30,,,1,15,,1125648,30,,,1,29,,1125646,30,,,1,55,,1085423,30,,,1,15,,1125638,30,,,1,15,,1125639,30,,,1,14,,1125671,30,,,1,55,,1125668,30,,,1,29,,1125666,30,,,1,70,,1125658,30,,,1,29,,1125672,30,,,1,70,,1125679,30,,,1,30,,1125653,30,,,1,70,,1125645,30,,,1,29,,1125652,30,,,1,30,,1125633,30,,,1,69,,1125644,30,,,1,29,,1125667,30,,,1,69,,1125661,30,0,29,1,28,,1125636,30,0,29,1,77,,1125650,30,0,29,1
22601,'1',550,,1196562,20,,,1,55,,1077017,8,,,1,15,,1196560,20,,,1,15,,1196564,8,,,1,15,,1196559,20,,,1,55,,1196558,8,,,1,15,,1196561,20,,,1,14,,1196565,8,,,1,15,,1196567,20,,,1,57,,1196568,8,,,1,16,,1196566,20,,,1,19,,1196569,8,,,1,15,,1196563,20,,,1
22601,'10',550,,1196574,20,,,1,55,,1076793,8,,,1,15,,1196572,20,,,1,15,,1196576,8,,,1,15,,1196571,20,,,1,55,,1196570,8,,,1,15,,1196573,20,,,1,14,,1196577,8,,,1,15,,1196579,20,,,1,57,,1196580,8,,,1,16,,1196578,20,,,1,19,,1196581,8,,,1,15,,1196575,20,,,1
22601,'11',550,,1196586,20,,,1,55,,1077083,8,,,1,15,,1196584,20,,,1,15,,1196588,8,,,1,15,,1196583,20,,,1,55,,1196582,8,,,1,15,,1196585,20,,,1,14,,1196589,8,,,1,15,,1196591,20,,,1,57,,1196592,8,,,1,16,,1196590,20,,,1,19,,1196593,8,,,1,15,,1196587,20,,,1
22601,'12',550,,1196604,20,,,1,55,,1196600,8,,,1,15,,1196606,20,,,1,15,,1196605,8,,,1,15,,1196595,20,,,1,55,,1196594,8,,,1,15,,1196599,20,,,1,14,,1196603,8,,,1,15,,1196596,20,,,1,57,,1196598,8,,,1,16,,1196597,20,,,1,19,,1196601,8,,,1,15,,1196602,20,,,1
22601,'14',550,,1196611,20,,,1,55,,1196616,8,,,1,15,,1196609,20,,,1,15,,1196613,8,,,1,15,,1196608,20,,,1,55,,1196607,8,,,1,15,,1196610,20,,,1,14,,1196614,8,,,1,15,,1196617,20,,,1,57,,1196618,8,,,1,16,,1196615,20,,,1,19,,1196619,8,,,1,15,,1196612,20,,,1
22601,'15',550,,1196622,20,,,1,55,,1196630,8,,,1,15,,1196627,20,,,1,15,,1196632,8,,,1,15,,1196631,20,,,1,55,,1196620,8,,,1,15,,1196623,20,,,1,14,,1196621,8,,,1,15,,1196628,20,,,1,57,,1196624,8,,,1,16,,1196626,20,,,1,19,,1196625,8,,,1,15,,1196629,20,,,1
22601,'16',550,,1196642,20,,,1,55,,1196638,8,,,1,15,,1196644,20,,,1,15,,1196643,8,,,1,15,,1196633,20,,,1,55,,1033112,8,,,1,15,,1196637,20,,,1,14,,1196641,8,,,1,15,,1196634,20,,,1,57,,1196636,8,,,1,16,,1196635,20,,,1,19,,1196639,8,,,1,15,,1196640,20,,,1
22601,'5',550,,1196649,20,,,1,55,,1076973,8,,,1,15,,1196647,20,,,1,15,,1196651,8,,,1,15,,1196646,20,,,1,55,,1196645,8,,,1,15,,1196648,20,,,1,14,,1196652,8,,,1,15,,1196654,20,,,1,57,,1196655,8,,,1,16,,1196653,20,,,1,19,,1196656,8,,,1,15,,1196650,20,,,1
22601,'6',550,,1196666,20,,,1,55,,1196663,8,,,1,15,,1099390,20,,,1,15,,1196667,8,,,1,15,,1196658,20,,,1,55,,1196657,8,,,1,15,,1196662,20,,,1,14,,1196665,8,,,1,15,,1196659,20,,,1,57,,1196661,8,,,1,16,,1196660,20,,,1,19,,1196664,8,,,1,15,,1083329,20,,,1
22601,'8',550,,1196678,20,,,1,55,,1196674,8,,,1,15,,1196680,20,,,1,15,,1196679,8,,,1,15,,1196669,20,,,1,55,,1196668,8,,,1,15,,1196673,20,,,1,14,,1196677,8,,,1,15,,1196670,20,,,1,57,,1196672,8,,,1,16,,1196671,20,,,1,19,,1196675,8,,,1,15,,1196676,20,,,1
22601,'9',550,,1196685,20,,,1,55,,1076868,8,,,1,15,,1196683,20,,,1,15,,1196687,8,,,1,15,,1196682,20,,,1,55,,1196681,8,,,1,15,,1196684,20,,,1,14,,1196688,8,,,1,15,,1196690,20,,,1,57,,1196691,8,,,1,16,,1196689,20,,,1,19,,1196692,8,,,1,15,,1196686,20,,,1
62200,'1',756,,1077035,28,0,83 84 85,1,82,,1199100,28,,,1
62200,'10',756,,1076811,28,0,83 84 85,1,82,,1199101,28,,,1
62200,'11',756,,1077101,28,0,83 84 85,1,82,,1199102,28,,,1
62200,'12',756,,1199104,28,0,83 84 85,1,82,,1199103,28,,,1
62200,'14',756,,1199106,28,0,83 84 85,1,82,,1199105,28,,,1
62200,'15',756,,1199108,28,0,83 84 85,1,82,,1199107,28,,,1
62200,'16',756,,1199110,28,0,83 84 85,1,82,,1199109,28,,,1
62200,'5',756,,1076991,28,0,83 84 85,1,82,,1199111,28,,,1
62200,'6',756,,1077124,28,0,83 84 85,1,82,,1092519,28,,,1
62200,'8',756,,1199113,28,0,83 84 85,1,82,,1199112,28,,,1
62200,'9',756,,1076886,28,0,83 84 85,1,82,,1199114,28,,,1
62701,'1',1529,,1199168,33,,,1
62701,'10',1529,,1199169,33,,,1
62701,'11',1529,,1199170,33,,,1
62701,'12',1529,,1199171,33,,,1
62701,'14',1529,,1199172,33,,,1
62701,'15',1529,,1199173,33,,,1
62701,'16',1529,,1063168,33,,,1
62701,'5',1529,,1199174,33,,,1
62701,'6',1529,,1199175,33,,,1
62701,'8',1529,,1199176,33,,,1
62701,'9',1529,,1199177,33,,,1
64100,'1',812,,1199422,29,,,1
64100,'10',812,,1199423,29,,,1
64100,'11',812,,1199424,29,,,1
64100,'12',812,,1069548,29,,,1
64100,'14',812,,1199425,29,,,1
64100,'15',812,,1199426,29,,,1
64100,'16',812,,1199427,29,,,1
64100,'5',812,,1199428,29,,,1
64100,'6',812,,1199429,29,,,1
64100,'8',812,,1199430,29,,,1
64100,'9',812,,1199431,29,,,1
64800,'1',818,,1199603,30,,,1
64800,'10',818,,1199604,30,,,1
64800,'11',818,,1199605,30,,,1
64800,'12',818,,1032376,30,,,1
64800,'14',818,,1199606,30,,,1
64800,'15',818,,1199607,30,,,1
64800,'16',818,,1199608,30,,,1
64800,'5',818,,1199609,30,,,1
64800,'6',818,,1199610,30,,,1
64800,'8',818,,1199611,30,,,1
64800,'9',818,,1199612,30,,,1
