6701,'1',648,,1157882,13,,,1,70,,1157863,13,,,1,30,,1091308,13,,,1,71,,1157867,13,,,1,29,,1157877,13,,,1,70,,1068561,13,,,1,30,,1157874,13,,,1,70,,1157871,13,,,1,30,,1157866,13,,,1,70,,1007574,13,,,1,30,,1077690,13,,,1,71,,1157879,13,,,1,30,,1157883,13,,,1,70,,1157872,13,,,1,30,,1157884,13,,,1,71,,1157875,13,,,1,17,,1157876,11,,,1,13,,1157869,13,,,1,70,,1157862,13,,,1,30,,1157881,13,,,1,70,,1157870,13,,,1,35,,1157865,23,,,1,68,,1157873,23,,,1,31,,1157864,23,,,1,70,,980044,23,,,1,30,,1103301,23,,,1,67,,1157878,23,,,1,35,,1157880,13,,,1,66,,1157868,13,,,1,100,,941152,13,,,1
6701,'10',648,,1157905,13,,,1,70,,1157886,13,,,1,30,,1091031,13,,,1,71,,1157890,13,,,1,29,,1157900,13,,,1,70,,1068522,13,,,1,30,,1157897,13,,,1,70,,1157894,13,,,1,30,,1157889,13,,,1,70,,1007680,13,,,1,30,,1077648,13,,,1,71,,1157902,13,,,1,30,,1157906,13,,,1,70,,1157895,13,,,1,30,,1157907,13,,,1,71,,1157898,13,,,1,17,,1157899,11,,,1,13,,1157892,13,,,1,70,,1157885,13,,,1,30,,1157904,13,,,1,70,,1157893,13,,,1,35,,1157888,23,,,1,68,,1157896,23,,,1,31,,1157887,23,,,1,70,,979777,23,,,1,30,,1103289,23,,,1,67,,1157901,23,,,1,35,,1157903,13,,,1,66,,1157891,13,,,1,100,,940879,13,,,1
6701,'11',648,,1157928,13,,,1,70,,1157909,13,,,1,30,,1091382,13,,,1,71,,1157913,13,,,1,29,,1157923,13,,,1,70,,1068574,13,,,1,30,,1157920,13,,,1,70,,1157917,13,,,1,30,,1157912,13,,,1,70,,1007545,13,,,1,30,,1077704,13,,,1,71,,1157925,13,,,1,30,,1157929,13,,,1,70,,1157918,13,,,1,30,,1157930,13,,,1,71,,1157921,13,,,1,17,,1157922,11,,,1,13,,1157915,13,,,1,70,,1157908,13,,,1,30,,1157927,13,,,1,70,,1157916,13,,,1,35,,1157911,23,,,1,68,,1157919,23,,,1,31,,1157910,23,,,1,70,,979994,23,,,1,30,,1103305,23,,,1,67,,1157924,23,,,1,35,,1157926,13,,,1,66,,1157914,13,,,1,100,,941104,13,,,1
6701,'12',648,,1157942,13,,,1,70,,1099284,13,,,1,30,,1157948,13,,,1,71,,1157932,13,,,1,29,,1157933,13,,,1,70,,1157943,13,,,1,30,,1157957,13,,,1,70,,1157934,13,,,1,30,,1157941,13,,,1,70,,1157938,13,,,1,30,,1157950,13,,,1,71,,1157949,13,,,1,30,,1157955,13,,,1,70,,1157936,13,,,1,30,,1157945,13,,,1,71,,1027870,13,,,1,17,,1157953,11,,,1,13,,1157952,13,,,1,70,,1157931,13,,,1,30,,1157951,13,,,1,70,,1157940,13,,,1,35,,1157935,23,,,1,68,,1157939,23,,,1,31,,1157956,23,,,1,70,,1157947,23,,,1,30,,1157958,23,,,1,67,,1157944,23,,,1,35,,1157946,13,,,1,66,,1157954,13,,,1,100,,1157937,13,,,1
6701,'13',724,,1157975,13,,,1,100,,1157962,13,,,1,100,,1073777,13,,,1,30,,1157965,13,,,1,70,,1099265,13,,,1,30,,1157964,13,,,1,71,,1157973,13,,,1,30,,1157970,13,,,1,70,,1157961,13,,,1,30,,1072966,13,,,1,70,,1157971,13,,,1,30,,1157966,13,,,1,70,,1157963,13,,,1,30,,1157959,13,,,1,70,,1157972,13,,,1,30,,1157974,13,,,1,70,,1157968,13,,,1,30,,1157960,13,,,1,100,,1157967,13,,,1,100,,1157969,13,,,1
6701,'14',648,,1157998,13,,,1,70,,1157977,13,,,1,30,,1158001,13,,,1,71,,1157983,13,,,1,29,,1157993,13,,,1,70,,1158004,13,,,1,30,,1157990,13,,,1,70,,1157987,13,,,1,30,,1157982,13,,,1,70,,1158003,13,,,1,30,,1158000,13,,,1,71,,1157995,13,,,1,30,,1158002,13,,,1,70,,1157988,13,,,1,30,,1158005,13,,,1,71,,1157991,13,,,1,17,,1157992,11,,,1,13,,1157985,13,,,1,70,,1157976,13,,,1,30,,1157997,13,,,1,70,,1157986,13,,,1,35,,1157981,23,,,1,68,,1157989,23,,,1,31,,1157980,23,,,1,70,,1157999,23,,,1,30,,1157979,23,,,1,67,,1157994,23,,,1,35,,1157996,13,,,1,66,,1157984,13,,,1,100,,1157978,13,,,1
6701,'15',648,,1158026,13,,,1,70,,1158025,13,,,1,30,,1158017,13,,,1,71,,1158009,13,,,1,29,,1158027,13,,,1,70,,1158021,13,,,1,30,,1158032,13,,,1,70,,1158024,13,,,1,30,,1158012,13,,,1,70,,1158015,13,,,1,30,,1158020,13,,,1,71,,1158010,13,,,1,30,,1158035,13,,,1,70,,1158011,13,,,1,30,,1158030,13,,,1,71,,1158022,13,,,1,17,,1158029,11,,,1,13,,1158031,13,,,1,70,,1158019,13,,,1,30,,1158028,13,,,1,70,,1158016,13,,,1,35,,1158014,23,,,1,68,,1158008,23,,,1,31,,1158034,23,,,1,70,,1158023,23,,,1,30,,1158006,23,,,1,67,,1158013,23,,,1,35,,1158033,13,,,1,66,,1158007,13,,,1,100,,1158018,13,,,1
6701,'16',648,,1158046,13,,,1,70,,1158060,13,,,1,30,,1158052,13,,,1,71,,1075571,13,,,1,29,,1158036,13,,,1,70,,1158047,13,,,1,30,,1081985,13,,,1,70,,1158038,13,,,1,30,,1158045,13,,,1,70,,1158042,13,,,1,30,,1158054,13,,,1,71,,1158053,13,,,1,30,,1158059,13,,,1,70,,1158040,13,,,1,30,,1158049,13,,,1,71,,1158037,13,,,1,17,,1158057,11,,,1,13,,1158056,13,,,1,70,,1085246,13,,,1,30,,1158055,13,,,1,70,,1158044,13,,,1,35,,1158039,23,,,1,68,,1158043,23,,,1,31,,1010328,23,,,1,70,,1158051,23,,,1,30,,1086438,23,,,1,67,,1158048,23,,,1,35,,1158050,13,,,1,66,,1158058,13,,,1,100,,1158041,13,,,1
6701,'17',724,,1158080,13,,,1,100,,1158066,13,,,1,100,,1158078,13,,,1,30,,1158069,13,,,1,70,,1158064,13,,,1,30,,1158068,13,,,1,71,,1158077,13,,,1,30,,1158074,13,,,1,70,,1158065,13,,,1,30,,1158062,13,,,1,70,,1158075,13,,,1,30,,1158070,13,,,1,70,,1158067,13,,,1,30,,1158061,13,,,1,70,,1158076,13,,,1,30,,1158079,13,,,1,70,,1158072,13,,,1,30,,1158063,13,,,1,100,,1158071,13,,,1,100,,1158073,13,,,1
6701,'2',657,,1158082,13,,,1,100,,1158097,13,,,1,70,,1158090,13,,,1,30,,1158094,13,,,1,70,,1158099,13,,,1,30,,1158095,13,,,1,70,,1158092,13,,,1,30,,1158101,13,,,1,71,,1158103,13,,,1,30,,1158102,13,,,1,70,,1158100,13,,,1,30,,1158086,13,,,1,70,,1158081,13,,,1,30,,1158085,13,,,1,70,,1158096,13,,,1,30,,1158093,13,,,1,70,,1158083,13,,,1,30,,1158088,13,,,1,70,,1158089,13,,,1,30,,1094721,13,,,1,100,,1158087,13,,,1,100,,1158098,13,,,1,100,,1158084,13,,,1,99,,1158091,13,,,1
6701,'3',724,,1158123,13,,,1,100,,1158109,13,,,1,100,,1158121,13,,,1,30,,1158112,13,,,1,70,,1158107,13,,,1,30,,1158111,13,,,1,71,,1158120,13,,,1,30,,1158117,13,,,1,70,,1158108,13,,,1,30,,1158105,13,,,1,70,,1158118,13,,,1,30,,1158113,13,,,1,70,,1158110,13,,,1,30,,1158104,13,,,1,70,,1158119,13,,,1,30,,1158122,13,,,1,70,,1158115,13,,,1,30,,1158106,13,,,1,100,,1158114,13,,,1,100,,1158116,13,,,1
6701,'4',724,,1158140,13,,,1,100,,1158125,13,,,1,100,,1069533,13,,,1,30,,1158133,13,,,1,70,,1158124,13,,,1,30,,1158132,13,,,1,71,,1158134,13,,,1,30,,1158130,13,,,1,70,,1158137,13,,,1,30,,1158139,13,,,1,70,,1158129,13,,,1,30,,1158138,13,,,1,70,,1158135,13,,,1,30,,1158141,13,,,1,70,,1158142,13,,,1,30,,1158131,13,,,1,70,,1158136,13,,,1,30,,1158127,13,,,1,100,,1158126,13,,,1,100,,1158128,13,,,1
6701,'5',648,,1158163,13,,,1,70,,1158144,13,,,1,30,,1091265,13,,,1,71,,1158148,13,,,1,29,,1158158,13,,,1,70,,1068548,13,,,1,30,,1158155,13,,,1,70,,1158152,13,,,1,30,,1158147,13,,,1,70,,1007394,13,,,1,30,,1077676,13,,,1,71,,1158160,13,,,1,30,,1158164,13,,,1,70,,1158153,13,,,1,30,,1158165,13,,,1,71,,1158156,13,,,1,17,,1158157,11,,,1,13,,1158150,13,,,1,70,,1158143,13,,,1,30,,1158162,13,,,1,70,,1158151,13,,,1,35,,1158146,23,,,1,68,,1158154,23,,,1,31,,1158145,23,,,1,70,,980200,23,,,1,30,,1103297,23,,,1,67,,1158159,23,,,1,35,,1158161,13,,,1,66,,1158149,13,,,1,100,,941297,13,,,1
6701,'6',648,,1158176,13,,,1,70,,1158190,13,,,1,30,,1158181,13,,,1,71,,1158167,13,,,1,29,,1158168,13,,,1,70,,1158177,13,,,1,30,,1158191,13,,,1,70,,1008867,13,,,1,30,,1158175,13,,,1,70,,1158172,13,,,1,30,,1158183,13,,,1,71,,1158182,13,,,1,30,,1158188,13,,,1,70,,1158170,13,,,1,30,,1158179,13,,,1,71,,1158169,13,,,1,17,,1158186,11,,,1,13,,1158185,13,,,1,70,,1158166,13,,,1,30,,1158184,13,,,1,70,,1158174,13,,,1,35,,1073488,23,,,1,68,,1158173,23,,,1,31,,1158189,23,,,1,70,,1158180,23,,,1,30,,1158192,23,,,1,67,,1158178,23,,,1,35,,1053535,13,,,1,66,,1158187,13,,,1,100,,1158171,13,,,1
6701,'7',657,,1158196,13,,,1,100,,1158193,13,,,1,70,,1158203,13,,,1,30,,1158210,13,,,1,70,,1158195,13,,,1,30,,1158206,13,,,1,70,,1158200,13,,,1,30,,1158209,13,,,1,71,,1158214,13,,,1,30,,1158211,13,,,1,70,,1158213,13,,,1,30,,1158197,13,,,1,70,,1158215,13,,,1,30,,1158205,13,,,1,70,,1158194,13,,,1,30,,1158207,13,,,1,70,,1158198,13,,,1,30,,1158208,13,,,1,70,,1158202,13,,,1,30,,1158199,13,,,1,100,,1158204,13,,,1,100,,1158216,13,,,1,100,,1158201,13,,,1,99,,1158212,13,,,1
6701,'8',648,,1158229,13,,,1,70,,1158244,13,,,1,30,,1158235,13,,,1,71,,1158218,13,,,1,29,,1158219,13,,,1,70,,1158230,13,,,1,30,,1158245,13,,,1,70,,1158221,13,,,1,30,,1158228,13,,,1,70,,1158225,13,,,1,30,,1158237,13,,,1,71,,1158236,13,,,1,30,,1158242,13,,,1,70,,1158223,13,,,1,30,,1158232,13,,,1,71,,1158220,13,,,1,17,,1158240,11,,,1,13,,1158239,13,,,1,70,,1158217,13,,,1,30,,1158238,13,,,1,70,,1158227,13,,,1,35,,1158222,23,,,1,68,,1158226,23,,,1,31,,1158243,23,,,1,70,,1158234,23,,,1,30,,1158246,23,,,1,67,,1158231,23,,,1,35,,1158233,13,,,1,66,,1158241,13,,,1,100,,1158224,13,,,1
6701,'9',648,,1158267,13,,,1,70,,1158248,13,,,1,30,,1091115,13,,,1,71,,1158252,13,,,1,29,,1158262,13,,,1,70,,1068535,13,,,1,30,,1158259,13,,,1,70,,1158256,13,,,1,30,,1158251,13,,,1,70,,1007603,13,,,1,30,,1077662,13,,,1,71,,1158264,13,,,1,30,,1158268,13,,,1,70,,1158257,13,,,1,30,,1158269,13,,,1,71,,1158260,13,,,1,17,,1158261,11,,,1,13,,1158254,13,,,1,70,,1158247,13,,,1,30,,1158266,13,,,1,70,,1158255,13,,,1,35,,1158250,23,,,1,68,,1158258,23,,,1,31,,1158249,23,,,1,70,,980150,23,,,1,30,,1103293,23,,,1,67,,1158263,23,,,1,35,,1158265,13,,,1,66,,1158253,13,,,1,100,,941249,13,,,1
16301,'1',610,,1191796,17,,,1,30,,1191806,17,,,1,70,,1100030,17,,,1,31,,1191794,17,,,1,69,,1191816,17,,,1,31,,1191793,17,,,1,69,,1191814,17,,,1,30,,1191803,17,,,1,70,,1191817,17,,,1,30,,1191818,17,,,1,70,,1068374,17,,,1,30,,1191805,17,,,1,70,,1191807,17,,,1,30,,1191815,17,,,1,70,,1191792,17,,,1,31,,1191801,17,,,1,71,,1191808,17,,,1,30,,1191798,17,,,1,71,,1191810,17,,,1,30,,1191795,17,,,1,69,,1191791,17,,,1,30,,1191809,17,,,1,70,,1191800,17,,,1,29,,1191811,17,,,1,70,,1191812,17,,,1,30,,1191813,17,,,1,70,,1191802,17,,,1,29,,1191804,17,,,1,70,,1077024,17,,,1,100,,1191799,17,,,1,100,,1191797,17,,,1
16301,'10',610,,1191824,17,,,1,30,,1191834,17,,,1,70,,1099886,17,,,1,31,,1191822,17,,,1,69,,1191844,17,,,1,31,,1191821,17,,,1,69,,1191842,17,,,1,30,,1191831,17,,,1,70,,1191845,17,,,1,30,,1191846,17,,,1,70,,1068133,17,,,1,30,,1191833,17,,,1,70,,1191835,17,,,1,30,,1191843,17,,,1,70,,1191820,17,,,1,31,,1191829,17,,,1,71,,1191836,17,,,1,30,,1191826,17,,,1,71,,1191838,17,,,1,30,,1191823,17,,,1,69,,1191819,17,,,1,30,,1191837,17,,,1,70,,1191828,17,,,1,29,,1191839,17,,,1,70,,1191840,17,,,1,30,,1191841,17,,,1,70,,1191830,17,,,1,29,,1191832,17,,,1,70,,1076800,17,,,1,100,,1191827,17,,,1,100,,1191825,17,,,1
16301,'11',610,,1191852,17,,,1,30,,1191862,17,,,1,70,,1100074,17,,,1,31,,1191850,17,,,1,69,,1191872,17,,,1,31,,1191849,17,,,1,69,,1191870,17,,,1,30,,1191859,17,,,1,70,,1191873,17,,,1,30,,1191874,17,,,1,70,,1068438,17,,,1,30,,1191861,17,,,1,70,,1191863,17,,,1,30,,1191871,17,,,1,70,,1191848,17,,,1,31,,1191857,17,,,1,71,,1191864,17,,,1,30,,1191854,17,,,1,71,,1191866,17,,,1,30,,1191851,17,,,1,69,,1191847,17,,,1,30,,1191865,17,,,1,70,,1191856,17,,,1,29,,1191867,17,,,1,70,,1191868,17,,,1,30,,1191869,17,,,1,70,,1191858,17,,,1,29,,1191860,17,,,1,70,,1077090,17,,,1,100,,1191855,17,,,1,100,,1191853,17,,,1
16301,'12',610,,1191900,17,,,1,30,,1191879,17,,,1,70,,1191883,17,,,1,31,,1191902,17,,,1,69,,1191901,17,,,1,31,,1191893,17,,,1,69,,1191885,17,,,1,30,,1191895,17,,,1,70,,1191888,17,,,1,30,,1191894,17,,,1,70,,1191886,17,,,1,30,,1191876,17,,,1,70,,1191896,17,,,1,30,,1191889,17,,,1,70,,1191897,17,,,1,31,,1191881,17,,,1,71,,1081626,17,,,1,30,,1191884,17,,,1,71,,1191878,17,,,1,30,,1191880,17,,,1,69,,1191899,17,,,1,30,,1191875,17,,,1,70,,1081288,17,,,1,29,,1191887,17,,,1,70,,1191891,17,,,1,30,,1063002,17,,,1,70,,1191877,17,,,1,29,,1191898,17,,,1,70,,1191890,17,,,1,100,,1191882,17,,,1,100,,1191892,17,,,1
16301,'13',739,,1085171,17,,,1,100,,1191907,17,,,1,70,,1191906,17,,,1,30,,1191905,17,,,1,70,,1191909,17,,,1,30,,1191916,17,,,1,70,,1101569,17,,,1,30,,1191915,17,,,1,70,,1191908,17,,,1,30,,1191910,17,,,1,70,,1191921,17,,,1,30,,1191913,17,,,1,70,,1191912,17,,,1,30,,1191918,17,,,1,70,,1191911,17,,,1,30,,1191920,17,,,1,70,,1191919,17,,,1,30,,1191903,17,,,1,70,,1191914,17,,,1,100,,1191904,17,,,1,100,,1191917,17,,,1
16301,'14',610,,1191929,17,,,1,30,,1191939,17,,,1,70,,1191923,17,,,1,31,,1191927,17,,,1,69,,1191949,17,,,1,31,,1191926,17,,,1,69,,1191947,17,,,1,30,,1191936,17,,,1,70,,1191950,17,,,1,30,,1191952,17,,,1,70,,1191924,17,,,1,30,,1191938,17,,,1,70,,1191940,17,,,1,30,,1191948,17,,,1,70,,1191925,17,,,1,31,,1191934,17,,,1,71,,1191941,17,,,1,30,,1191931,17,,,1,71,,1191943,17,,,1,30,,1191928,17,,,1,69,,1191922,17,,,1,30,,1191942,17,,,1,70,,1191933,17,,,1,29,,1191944,17,,,1,70,,1191945,17,,,1,30,,1191946,17,,,1,70,,1191935,17,,,1,29,,1191937,17,,,1,70,,1191951,17,,,1,100,,1191932,17,,,1,100,,1191930,17,,,1
16301,'15',610,,1191976,17,,,1,30,,1191982,17,,,1,70,,1191969,17,,,1,31,,1191980,17,,,1,69,,1191966,17,,,1,31,,1191960,17,,,1,69,,1191970,17,,,1,30,,1191973,17,,,1,70,,1191972,17,,,1,30,,1191963,17,,,1,70,,1191983,17,,,1,30,,1191979,17,,,1,70,,1191981,17,,,1,30,,1191975,17,,,1,70,,1191962,17,,,1,31,,1191953,17,,,1,71,,1191964,17,,,1,30,,1191971,17,,,1,71,,1191958,17,,,1,30,,1191956,17,,,1,69,,1191965,17,,,1,30,,1191959,17,,,1,70,,1191954,17,,,1,29,,1191977,17,,,1,70,,1191961,17,,,1,30,,1191974,17,,,1,70,,1191968,17,,,1,29,,1191978,17,,,1,70,,1191957,17,,,1,100,,1191955,17,,,1,100,,1191967,17,,,1
16301,'16',610,,1192011,17,,,1,30,,1191990,17,,,1,70,,1191994,17,,,1,31,,1192014,17,,,1,69,,1192012,17,,,1,31,,1192004,17,,,1,69,,1191996,17,,,1,30,,1192006,17,,,1,70,,1191999,17,,,1,30,,1192005,17,,,1,70,,1191997,17,,,1,30,,1191986,17,,,1,70,,1192007,17,,,1,30,,1192000,17,,,1,70,,1192008,17,,,1,31,,1191992,17,,,1,71,,1192013,17,,,1,30,,1191995,17,,,1,71,,1191988,17,,,1,30,,1191991,17,,,1,69,,1192010,17,,,1,30,,1191985,17,,,1,70,,1191984,17,,,1,29,,1191998,17,,,1,70,,1192002,17,,,1,30,,1191989,17,,,1,70,,1191987,17,,,1,29,,1192009,17,,,1,70,,1192001,17,,,1,100,,1191993,17,,,1,100,,1192003,17,,,1
16301,'17',739,,1192032,17,,,1,100,,1192019,17,,,1,70,,1192018,17,,,1,30,,1192017,17,,,1,70,,1192021,17,,,1,30,,1192028,17,,,1,70,,1192035,17,,,1,30,,1192027,17,,,1,70,,1192020,17,,,1,30,,1192022,17,,,1,70,,1192034,17,,,1,30,,1192025,17,,,1,70,,1192024,17,,,1,30,,1192030,17,,,1,70,,1192023,17,,,1,30,,1192033,17,,,1,70,,1192031,17,,,1,30,,1192015,17,,,1,70,,1192026,17,,,1,100,,1192016,17,,,1,100,,1192029,17,,,1
16301,'2',739,,1192040,17,,,1,70,,1192045,17,,,1,30,,1192042,17,,,1,70,,1192049,17,,,1,30,,1192051,17,,,1,70,,1079710,17,,,1,30,,1192043,17,,,1,70,,1192044,17,,,1,30,,1192037,17,,,1,70,,1192057,17,,,1,30,,1192055,17,,,1,70,,1192038,17,,,1,30,,1192046,17,,,1,70,,1192039,17,,,1,30,,1192052,17,,,1,70,,1192050,17,,,1,30,,1192056,17,,,1,70,,1192054,17,,,1,30,,1192053,17,,,1,70,,1192036,17,,,1,100,,1192041,17,,,1,100,,1192047,17,,,1,100,,1192058,17,,,1,100,,1192048,17,,,1,100,,1192059,17,,,1
16301,'3',739,,1192077,17,,,1,100,,1192064,17,,,1,70,,1192063,17,,,1,30,,1192062,17,,,1,70,,1192066,17,,,1,30,,1192073,17,,,1,70,,1192080,17,,,1,30,,1192072,17,,,1,70,,1192065,17,,,1,30,,1192067,17,,,1,70,,1192079,17,,,1,30,,1192070,17,,,1,70,,1192069,17,,,1,30,,1192075,17,,,1,70,,1192068,17,,,1,30,,1192078,17,,,1,70,,1192076,17,,,1,30,,1192060,17,,,1,70,,1192071,17,,,1,100,,1192061,17,,,1,100,,1192074,17,,,1
16301,'4',739,,1192097,17,,,1,100,,1192084,17,,,1,70,,1192090,17,,,1,30,,1192091,17,,,1,70,,1192095,17,,,1,30,,1192093,17,,,1,70,,1192099,17,,,1,30,,1192094,17,,,1,70,,1192088,17,,,1,30,,1192092,17,,,1,70,,1192098,17,,,1,30,,1192082,17,,,1,70,,1192101,17,,,1,30,,1192100,17,,,1,70,,1192089,17,,,1,30,,1192087,17,,,1,70,,1192081,17,,,1,30,,1192096,17,,,1,70,,1192086,17,,,1,100,,1192083,17,,,1,100,,1192085,17,,,1
16301,'5',610,,1192107,17,,,1,30,,1192117,17,,,1,70,,1100004,17,,,1,31,,1192105,17,,,1,69,,1192127,17,,,1,31,,1192104,17,,,1,69,,1192125,17,,,1,30,,1192114,17,,,1,70,,1192128,17,,,1,30,,1192129,17,,,1,70,,1068331,17,,,1,30,,1192116,17,,,1,70,,1192118,17,,,1,30,,1192126,17,,,1,70,,1192103,17,,,1,31,,1192112,17,,,1,71,,1192119,17,,,1,30,,1192109,17,,,1,71,,1192121,17,,,1,30,,1192106,17,,,1,69,,1192102,17,,,1,30,,1192120,17,,,1,70,,1192111,17,,,1,29,,1192122,17,,,1,70,,1192123,17,,,1,30,,1192124,17,,,1,70,,1192113,17,,,1,29,,1192115,17,,,1,70,,1076980,17,,,1,100,,1192110,17,,,1,100,,1192108,17,,,1
16301,'6',610,,1094260,17,,,1,30,,1192135,17,,,1,70,,1192137,17,,,1,31,,1097202,17,,,1,69,,1064526,17,,,1,31,,1192147,17,,,1,69,,1192139,17,,,1,30,,1192149,17,,,1,70,,1192142,17,,,1,30,,1192148,17,,,1,70,,1192140,17,,,1,30,,1099730,17,,,1,70,,1192150,17,,,1,30,,1192143,17,,,1,70,,1192151,17,,,1,31,,1054508,17,,,1,71,,1192153,17,,,1,30,,1192138,17,,,1,71,,1192133,17,,,1,30,,1076402,17,,,1,69,,1098922,17,,,1,30,,1192131,17,,,1,70,,1192130,17,,,1,29,,1192141,17,,,1,70,,1192145,17,,,1,30,,1192134,17,,,1,70,,1192132,17,,,1,29,,1192152,17,,,1,70,,1192144,17,,,1,100,,1192136,17,,,1,100,,1192146,17,,,1
16301,'7',739,,1192176,17,,,1,70,,1192172,17,,,1,30,,1192169,17,,,1,70,,1192178,17,,,1,30,,1192160,17,,,1,70,,1192168,17,,,1,30,,1192164,17,,,1,70,,1192171,17,,,1,30,,1192163,17,,,1,70,,1192159,17,,,1,30,,1192177,17,,,1,70,,1192166,17,,,1,30,,1192154,17,,,1,70,,1192170,17,,,1,30,,1192161,17,,,1,70,,1192158,17,,,1,30,,1192155,17,,,1,70,,1192167,17,,,1,30,,1192156,17,,,1,70,,1192162,17,,,1,100,,1192165,17,,,1,100,,1192174,17,,,1,100,,1192157,17,,,1,100,,1192173,17,,,1,100,,1192175,17,,,1
16301,'8',610,,1192206,17,,,1,30,,1192185,17,,,1,70,,1192189,17,,,1,31,,1192209,17,,,1,69,,1192207,17,,,1,31,,1192199,17,,,1,69,,1192191,17,,,1,30,,1192201,17,,,1,70,,1192194,17,,,1,30,,1192200,17,,,1,70,,1192192,17,,,1,30,,1192181,17,,,1,70,,1192202,17,,,1,30,,1192195,17,,,1,70,,1192203,17,,,1,31,,1192187,17,,,1,71,,1192208,17,,,1,30,,1192190,17,,,1,71,,1192183,17,,,1,30,,1192186,17,,,1,69,,1192205,17,,,1,30,,1192180,17,,,1,70,,1192179,17,,,1,29,,1192193,17,,,1,70,,1192197,17,,,1,30,,1192184,17,,,1,70,,1192182,17,,,1,29,,1192204,17,,,1,70,,1192196,17,,,1,100,,1192188,17,,,1,100,,1192198,17,,,1
16301,'9',610,,1192215,17,,,1,30,,1192225,17,,,1,70,,1099934,17,,,1,31,,1192213,17,,,1,69,,1192235,17,,,1,31,,1192212,17,,,1,69,,1192233,17,,,1,30,,1192222,17,,,1,70,,1192236,17,,,1,30,,1192237,17,,,1,70,,1068210,17,,,1,30,,1192224,17,,,1,70,,1192226,17,,,1,30,,1192234,17,,,1,70,,1192211,17,,,1,31,,1192220,17,,,1,71,,1192227,17,,,1,30,,1192217,17,,,1,71,,1192229,17,,,1,30,,1192214,17,,,1,69,,1192210,17,,,1,30,,1192228,17,,,1,70,,1192219,17,,,1,29,,1192230,17,,,1,70,,1192231,17,,,1,30,,1192232,17,,,1,70,,1192221,17,,,1,29,,1192223,17,,,1,70,,1076875,17,,,1,100,,1192218,17,,,1,100,,1192216,17,,,1
