26501,'1',1604,,1197442,15,,,1,32,,1197443,15,,,1,70,,1197444,15,,,1,30,,1197441,15,,,1,71,,1197445,15,,,1,29,,1066958,15,,,1,68,,1197446,15,,,1
26501,'10',1604,,1197448,15,,,1,32,,1197449,15,,,1,70,,1197450,15,,,1,30,,1197447,15,,,1,71,,1197451,15,,,1,29,,1066675,15,,,1,68,,1197452,15,,,1
26501,'11',1604,,1197454,15,,,1,32,,1197455,15,,,1,70,,1197456,15,,,1,30,,1197453,15,,,1,71,,1197457,15,,,1,29,,1067034,15,,,1,68,,1197458,15,,,1
26501,'12',1604,,1197462,15,,,1,32,,1197465,15,,,1,70,,1197459,15,,,1,30,,1197461,15,,,1,71,,1197460,15,,,1,29,,1197464,15,,,1,68,,1197463,15,,,1
26501,'14',1604,,1197467,15,,,1,32,,1197468,15,,,1,70,,1197469,15,,,1,30,,1197466,15,,,1,71,,1197470,15,,,1,29,,1197472,15,,,1,68,,1197471,15,,,1
26501,'15',1604,,1197477,15,,,1,32,,1197473,15,,,1,70,,1197479,15,,,1,30,,1197475,15,,,1,71,,1197474,15,,,1,29,,1197478,15,,,1,68,,1197476,15,,,1
26501,'16',1604,,1197483,15,,,1,32,,1197486,15,,,1,70,,1197480,15,,,1,30,,1197482,15,,,1,71,,1197481,15,,,1,29,,1197485,15,,,1,68,,1197484,15,,,1
26501,'5',1604,,1197488,15,,,1,32,,1197489,15,,,1,70,,1197490,15,,,1,30,,1197487,15,,,1,71,,1197491,15,,,1,29,,1066922,15,,,1,68,,1197492,15,,,1
26501,'6',1604,,1197496,15,,,1,32,,1097198,15,,,1,70,,1197493,15,,,1,30,,1197495,15,,,1,71,,1197494,15,,,1,29,,1197498,15,,,1,68,,1197497,15,,,1
26501,'8',1604,,1197502,15,,,1,32,,1197505,15,,,1,70,,1197499,15,,,1,30,,1197501,15,,,1,71,,1197500,15,,,1,29,,1197504,15,,,1,68,,1197503,15,,,1
26501,'9',1604,,1197507,15,,,1,32,,1197508,15,,,1,70,,1197509,15,,,1,30,,1197506,15,,,1,71,,1197510,15,,,1,29,,1066761,15,,,1,68,,1197511,15,,,1
