1800,'1',518,,998371,22,,,1,103,,1120337,48,,,1,33,,1120333,48,,,1,73,,1120316,48,,,1,74,,1120340,48,,,1,33,,1085565,48,,,1,71,,1120332,48,,,1,31,,1120330,48,,,1,68,,1120317,48,,,1,27,,1120321,48,,,1,69,,1120319,48,,,1,31,,992189,48,,,1,71,,1120339,48,,,1,30,,962776,48,,,1,71,,1120325,48,,,1,30,,1120346,48,,,1,70,,1120320,48,,,1,31,,907881,48,,,1,73,,1120342,48,,,1,37,,1120347,48,,,1,76,,1088167,48,,,1,30,,1120318,48,,,1,71,,1120334,48,,,1,28,,1120345,48,,,1,67,,1120326,48,,,1,27,,1120331,48,,,1,66,,1120324,48,,,1,26,,1120336,48,,,1,68,,1120343,48,,,1,28,,1120338,48,,,1,69,,1120328,48,,,1,28,,1120327,48,,,1,27,,1120344,48,,,1,68,,1120335,48,,,1,27,,1120323,48,,,1,99,,1120341,48,,,1,71,,1120322,48,,,1
1800,'10',518,,998463,22,,,1,103,,1120369,48,,,1,33,,1120365,48,,,1,73,,1120348,48,,,1,74,,1120372,48,,,1,33,,1085308,48,,,1,71,,1120364,48,,,1,31,,1120362,48,,,1,68,,1120349,48,,,1,27,,1120353,48,,,1,69,,1120351,48,,,1,31,,992158,48,,,1,71,,1120371,48,,,1,30,,962540,48,,,1,71,,1120357,48,,,1,30,,1120378,48,,,1,70,,1120352,48,,,1,31,,907916,48,,,1,73,,1120374,48,,,1,37,,1120379,48,,,1,76,,1087759,48,,,1,30,,1120350,48,,,1,71,,1120366,48,,,1,28,,1120377,48,,,1,67,,1120358,48,,,1,27,,1120363,48,,,1,66,,1120356,48,,,1,26,,1120368,48,,,1,68,,1120375,48,,,1,28,,1120370,48,,,1,69,,1120360,48,,,1,28,,1120359,48,,,1,27,,1120376,48,,,1,68,,1120367,48,,,1,27,,1120355,48,,,1,99,,1120373,48,,,1,71,,1120354,48,,,1
1800,'11',518,,998344,22,,,1,103,,1120401,48,,,1,33,,1120397,48,,,1,73,,1120380,48,,,1,74,,1120404,48,,,1,33,,1085645,48,,,1,71,,1120396,48,,,1,31,,1120394,48,,,1,68,,1120381,48,,,1,27,,1120385,48,,,1,69,,1120383,48,,,1,31,,992178,48,,,1,71,,1120403,48,,,1,30,,962734,48,,,1,71,,1120389,48,,,1,30,,1120410,48,,,1,70,,1120384,48,,,1,31,,907794,48,,,1,73,,1120406,48,,,1,37,,1120411,48,,,1,76,,1088279,48,,,1,30,,1120382,48,,,1,71,,1120398,48,,,1,28,,1120409,48,,,1,67,,1120390,48,,,1,27,,1120395,48,,,1,66,,1120388,48,,,1,26,,1120400,48,,,1,68,,1120407,48,,,1,28,,1120402,48,,,1,69,,1120392,48,,,1,28,,1120391,48,,,1,27,,1120408,48,,,1,68,,1120399,48,,,1,27,,1120387,48,,,1,99,,1120405,48,,,1,71,,1120386,48,,,1
1800,'12',518,,1034925,22,,,1,103,,914029,48,,,1,33,,1120419,48,,,1,73,,1120412,48,,,1,74,,1120430,48,,,1,33,,1120426,48,,,1,71,,1120422,48,,,1,31,,1079813,48,,,1,68,,1120427,48,,,1,27,,1120417,48,,,1,69,,1120414,48,,,1,31,,1120436,48,,,1,71,,1120424,48,,,1,30,,1120428,48,,,1,71,,1120442,48,,,1,30,,1120444,48,,,1,70,,1120443,48,,,1,31,,1120440,48,,,1,73,,1120418,48,,,1,37,,1120425,48,,,1,76,,1120429,48,,,1,30,,1120431,48,,,1,71,,1120434,48,,,1,28,,1017565,48,,,1,67,,1120441,48,,,1,27,,1120438,48,,,1,66,,1120413,48,,,1,26,,1120420,48,,,1,68,,1120437,48,,,1,28,,1120432,48,,,1,69,,1120416,48,,,1,28,,1120433,48,,,1,27,,1120439,48,,,1,68,,1120421,48,,,1,27,,1120423,48,,,1,99,,1120435,48,,,1,71,,1120415,48,,,1
1800,'13',840,,1120459,48,,,1,100,,1120445,48,,,1,71,,1120456,22,,,1,31,,1120453,48,,,1,70,,1120462,48,,,1,30,,1120466,48,,,1,70,,1120448,48,,,1,31,,1120469,48,,,1,70,,1120446,48,,,1,30,,1120455,48,,,1,70,,1120461,48,,,1,30,,1120450,48,,,1,70,,1120464,48,,,1,30,,1101104,48,,,1,70,,1120452,48,,,1,30,,1120467,48,,,1,70,,1120470,48,,,1,30,,1120471,48,,,1,70,,1120447,48,,,1,30,,1120472,48,,,1,70,,1120457,48,,,1,29,,1120468,48,,,1,70,,1120465,48,,,1,28,,1120460,48,,,1,70,,1120463,48,,,1,30,,1120451,48,,,1,70,,1120449,48,,,1,105,,1120454,48,,,1,93,,1120458,22,,,1
1800,'14',518,,1120476,22,,,1,103,,1120497,48,,,1,33,,1120493,48,,,1,73,,1120473,48,,,1,74,,1120501,48,,,1,33,,1120477,48,,,1,71,,1120492,48,,,1,31,,1120490,48,,,1,68,,1120474,48,,,1,27,,1120480,48,,,1,69,,1120478,48,,,1,31,,1120509,48,,,1,71,,1120500,48,,,1,30,,1120484,48,,,1,71,,1120485,48,,,1,30,,1120507,48,,,1,70,,1120479,48,,,1,31,,1120499,48,,,1,73,,1120503,48,,,1,37,,1120508,48,,,1,76,,1120510,48,,,1,30,,1120475,48,,,1,71,,1120494,48,,,1,28,,1120506,48,,,1,67,,1120486,48,,,1,27,,1120491,48,,,1,66,,1120483,48,,,1,26,,1120496,48,,,1,68,,1120504,48,,,1,28,,1120498,48,,,1,69,,1120488,48,,,1,28,,1120487,48,,,1,27,,1120505,48,,,1,68,,1120495,48,,,1,27,,1120482,48,,,1,99,,1120502,48,,,1,71,,1120481,48,,,1
1800,'15',518,,1120535,22,,,1,103,,1120517,48,,,1,33,,1120518,48,,,1,73,,1120540,48,,,1,74,,1120543,48,,,1,33,,1120538,48,,,1,71,,1120530,48,,,1,31,,1120544,48,,,1,68,,1120531,48,,,1,27,,1120529,48,,,1,69,,1120516,48,,,1,31,,1120521,48,,,1,71,,1120515,48,,,1,30,,1120513,48,,,1,71,,1120548,48,,,1,30,,1120533,48,,,1,70,,1120523,48,,,1,31,,1120522,48,,,1,73,,1120537,48,,,1,37,,1120541,48,,,1,76,,1120536,48,,,1,30,,1120534,48,,,1,71,,1120512,48,,,1,28,,1120528,48,,,1,67,,1120511,48,,,1,27,,1120527,48,,,1,66,,1120514,48,,,1,26,,1120526,48,,,1,68,,1120524,48,,,1,28,,1120546,48,,,1,69,,1120547,48,,,1,28,,1120520,48,,,1,27,,1120539,48,,,1,68,,1120519,48,,,1,27,,1120532,48,,,1,99,,1120542,48,,,1,71,,1120545,48,,,1
1800,'16',518,,1120549,22,,,1,103,,1120550,48,,,1,33,,1120557,48,,,1,73,,963011,48,,,1,74,,1120567,48,,,1,33,,1120563,48,,,1,71,,1120559,48,,,1,31,,1120581,48,,,1,68,,1120564,48,,,1,27,,1079175,48,,,1,69,,1078737,48,,,1,31,,1120573,48,,,1,71,,1120561,48,,,1,30,,1120565,48,,,1,71,,1120579,48,,,1,30,,1120580,48,,,1,70,,994838,48,,,1,31,,1120577,48,,,1,73,,1120554,48,,,1,37,,1120562,48,,,1,76,,1120566,48,,,1,30,,1120568,48,,,1,71,,1120571,48,,,1,28,,1120555,48,,,1,67,,1120578,48,,,1,27,,1120575,48,,,1,66,,1120551,48,,,1,26,,1049479,48,,,1,68,,1120574,48,,,1,28,,1120569,48,,,1,69,,1120553,48,,,1,28,,1120570,48,,,1,27,,1120576,48,,,1,68,,1120558,48,,,1,27,,1120560,48,,,1,99,,1120572,48,,,1,71,,1120552,48,,,1
1800,'17',840,,1120597,48,,,1,100,,1120582,48,,,1,71,,1120594,22,,,1,31,,1120591,48,,,1,70,,1120600,48,,,1,30,,1120604,48,,,1,70,,1120585,48,,,1,31,,1120607,48,,,1,70,,1120583,48,,,1,30,,1120593,48,,,1,70,,1120599,48,,,1,30,,1120588,48,,,1,70,,1120602,48,,,1,30,,1120586,48,,,1,70,,1120590,48,,,1,30,,1120605,48,,,1,70,,1120608,48,,,1,30,,1120609,48,,,1,70,,1120584,48,,,1,30,,1120610,48,,,1,70,,1120595,48,,,1,29,,1120606,48,,,1,70,,1120603,48,,,1,28,,1120598,48,,,1,70,,1120601,48,,,1,30,,1120589,48,,,1,70,,1120587,48,,,1,105,,1120592,48,,,1,93,,1120596,22,,,1
1800,'2',731,,1120629,22,,,1,28,,1120620,48,,,1,70,,1088410,48,,,1,71,,1120618,48,,,1,30,,1120624,48,,,1,70,,1120638,48,,,1,30,,1120611,48,,,1,73,,1120616,48,,,1,30,,1039280,48,,,1,70,,1068182,48,,,1,30,,1120615,48,,,1,71,,1120626,48,,,1,30,,1120627,48,,,1,70,,1120623,48,,,1,30,,1120614,48,,,1,70,,1120633,48,,,1,30,,1120634,48,,,1,70,,1120635,48,,,1,30,,1120628,48,,,1,70,,1120619,48,,,1,30,,1120617,48,,,1,70,,1120613,48,,,1,30,,1120632,48,,,1,70,,1120630,48,,,1,30,,1120637,48,,,1,68,,1120631,48,,,1,30,,1120621,48,,,1,27,,1120622,48,,,1,70,,1120639,48,,,1,30,,1120636,48,,,1,70,,1120612,48,,,1,30,,1120625,48,,,1,148,,1072043,48,,,1
1800,'3',840,,1120655,48,,,1,100,,1120640,48,,,1,71,,1120652,22,,,1,31,,1120649,48,,,1,70,,1120658,48,,,1,30,,1120662,48,,,1,70,,1120643,48,,,1,31,,1120665,48,,,1,70,,1120641,48,,,1,30,,1120651,48,,,1,70,,1120657,48,,,1,30,,1120646,48,,,1,70,,1120660,48,,,1,30,,1120644,48,,,1,70,,1120648,48,,,1,30,,1120663,48,,,1,70,,1120666,48,,,1,30,,1120667,48,,,1,70,,1120642,48,,,1,30,,1120668,48,,,1,70,,1120653,48,,,1,29,,1120664,48,,,1,70,,1120661,48,,,1,28,,1120656,48,,,1,70,,1120659,48,,,1,30,,1120647,48,,,1,70,,1120645,48,,,1,105,,1120650,48,,,1,93,,1120654,22,,,1
1800,'4',840,,1120692,48,,,1,100,,1120684,48,,,1,71,,1120675,22,,,1,31,,1120681,48,,,1,70,,1120688,48,,,1,30,,1120669,48,,,1,70,,1120676,48,,,1,31,,1120690,48,,,1,70,,1120691,48,,,1,30,,1120694,48,,,1,70,,1120687,48,,,1,30,,1120693,48,,,1,70,,1120670,48,,,1,30,,1120672,48,,,1,70,,1120683,48,,,1,30,,1120674,48,,,1,70,,1120685,48,,,1,30,,1120671,48,,,1,70,,1120678,48,,,1,30,,1075414,48,,,1,70,,1120695,48,,,1,29,,1120689,48,,,1,70,,1120677,48,,,1,28,,1120680,48,,,1,70,,1120686,48,,,1,30,,1120673,48,,,1,70,,1120679,48,,,1,105,,1120682,48,,,1,93,,1120696,22,,,1
1800,'5',518,,998195,22,,,1,103,,1120718,48,,,1,33,,1120714,48,,,1,73,,1120697,48,,,1,74,,1120721,48,,,1,33,,1085521,48,,,1,71,,1120713,48,,,1,31,,1120711,48,,,1,68,,1120698,48,,,1,27,,1120702,48,,,1,69,,1120700,48,,,1,31,,992220,48,,,1,71,,1120720,48,,,1,30,,962902,48,,,1,71,,1120706,48,,,1,30,,1120727,48,,,1,70,,1120701,48,,,1,31,,908046,48,,,1,73,,1120723,48,,,1,37,,1120728,48,,,1,76,,1088106,48,,,1,30,,1120699,48,,,1,71,,1120715,48,,,1,28,,1120726,48,,,1,67,,1120707,48,,,1,27,,1120712,48,,,1,66,,1120705,48,,,1,26,,1120717,48,,,1,68,,1120724,48,,,1,28,,1120719,48,,,1,69,,1120709,48,,,1,28,,1120708,48,,,1,27,,1120725,48,,,1,68,,1120716,48,,,1,27,,1120704,48,,,1,99,,1120722,48,,,1,71,,1120703,48,,,1
1800,'6',518,,1120729,22,,,1,103,,1120731,48,,,1,33,,1027031,48,,,1,73,,1120730,48,,,1,74,,1120746,48,,,1,33,,1120742,48,,,1,71,,1120738,48,,,1,31,,1120759,48,,,1,68,,1120743,48,,,1,27,,1120733,48,,,1,69,,1120732,48,,,1,31,,1120752,48,,,1,71,,1120740,48,,,1,30,,1120744,48,,,1,71,,1120757,48,,,1,30,,1080554,48,,,1,70,,1120758,48,,,1,31,,1120756,48,,,1,73,,1102647,48,,,1,37,,1120741,48,,,1,76,,1120745,48,,,1,30,,1120747,48,,,1,71,,1120750,48,,,1,28,,1120734,48,,,1,67,,955199,48,,,1,27,,1120754,48,,,1,66,,1033196,48,,,1,26,,1120736,48,,,1,68,,1120753,48,,,1,28,,1120748,48,,,1,69,,1004661,48,,,1,28,,1120749,48,,,1,27,,1120755,48,,,1,68,,1120737,48,,,1,27,,1120739,48,,,1,99,,1120751,48,,,1,71,,940510,48,,,1
1800,'7',731,,1120764,22,,,1,28,,1120788,48,,,1,70,,1120761,48,,,1,71,,1120778,48,,,1,30,,1120767,48,,,1,70,,1120784,48,,,1,30,,1120786,48,,,1,73,,1120773,48,,,1,30,,1120792,48,,,1,70,,1120766,48,,,1,30,,1120779,48,,,1,71,,1120765,48,,,1,30,,1120785,48,,,1,70,,1120775,48,,,1,30,,1120783,48,,,1,70,,1120770,48,,,1,30,,1120789,48,,,1,70,,1120777,48,,,1,30,,1120791,48,,,1,70,,1120763,48,,,1,30,,1120774,48,,,1,70,,1120780,48,,,1,30,,1120771,48,,,1,70,,1120769,48,,,1,30,,1120782,48,,,1,68,,1120781,48,,,1,30,,1120762,48,,,1,27,,1120787,48,,,1,70,,1120760,48,,,1,30,,1120790,48,,,1,70,,1120768,48,,,1,30,,1120776,48,,,1,148,,1120772,48,,,1
1800,'8',518,,1120793,22,,,1,103,,1120795,48,,,1,33,,1120804,48,,,1,73,,1120794,48,,,1,74,,1120815,48,,,1,33,,1120811,48,,,1,71,,1120807,48,,,1,31,,1120830,48,,,1,68,,1120812,48,,,1,27,,1120800,48,,,1,69,,1120797,48,,,1,31,,1120821,48,,,1,71,,1120809,48,,,1,30,,1120813,48,,,1,71,,1120827,48,,,1,30,,1120829,48,,,1,70,,1120828,48,,,1,31,,1120825,48,,,1,73,,1120801,48,,,1,37,,1120810,48,,,1,76,,1120814,48,,,1,30,,1120816,48,,,1,71,,1120819,48,,,1,28,,1120802,48,,,1,67,,1120826,48,,,1,27,,1120823,48,,,1,66,,1120796,48,,,1,26,,1120805,48,,,1,68,,1120822,48,,,1,28,,1120817,48,,,1,69,,1120799,48,,,1,28,,1120818,48,,,1,27,,1120824,48,,,1,68,,1120806,48,,,1,27,,1120808,48,,,1,99,,1120820,48,,,1,71,,1120798,48,,,1
1800,'9',518,,998398,22,,,1,103,,1120852,48,,,1,33,,1120848,48,,,1,73,,1120831,48,,,1,74,,1120855,48,,,1,33,,1085390,48,,,1,71,,1120847,48,,,1,31,,1120845,48,,,1,68,,1120832,48,,,1,27,,1120836,48,,,1,69,,1120834,48,,,1,31,,992209,48,,,1,71,,1120854,48,,,1,30,,962860,48,,,1,71,,1120840,48,,,1,30,,1120861,48,,,1,70,,1120835,48,,,1,31,,907951,48,,,1,73,,1120857,48,,,1,37,,1120862,48,,,1,76,,1087889,48,,,1,30,,1120833,48,,,1,71,,1120849,48,,,1,28,,1120860,48,,,1,67,,1120841,48,,,1,27,,1120846,48,,,1,66,,1120839,48,,,1,26,,1120851,48,,,1,68,,1120858,48,,,1,28,,1120853,48,,,1,69,,1120843,48,,,1,28,,1120842,48,,,1,27,,1120859,48,,,1,68,,1120850,48,,,1,27,,1120838,48,,,1,99,,1120856,48,,,1,71,,1120837,48,,,1
