17300,'1',526,,1193898,10,,,1,80,,1193893,10,,,1,30,,1001942,10,,,1,70,,1193907,10,,,1,30,,1193896,10,,,1,70,,1193903,10,,,1,30,,1193904,10,,,1,70,,1193910,10,,,1,30,,1193901,10,,,1,70,,1098697,10,,,1,30,,1086054,10,,,1,70,,1193890,10,,,1,30,,1193905,10,,,1,70,,1193889,10,,,1,30,,1193888,10,,,1,70,,1193892,10,,,1,30,,1193906,10,,,1,70,,1193913,10,,,1,30,,1193914,10,,,1,71,,1193894,10,,,1,30,,985833,10,,,1,70,,1193887,10,,,1,30,,1193895,10,,,1,70,,1193886,10,,,1,30,,1193912,10,,,1,70,,1193899,10,,,1,29,,1193911,10,,,1,70,,1193891,10,,,1,30,,1193908,10,,,1,70,,1193900,10,,,1,30,,1193916,10,,,1,70,,1193909,10,,,1,30,,1193915,10,,,1,70,,1193897,10,,,1,104,,1193902,10,,,1
17300,'10',526,,1193929,10,,,1,80,,1193924,10,,,1,30,,1002123,10,,,1,70,,1193938,10,,,1,30,,1193927,10,,,1,70,,1193934,10,,,1,30,,1193935,10,,,1,70,,1193941,10,,,1,30,,1193932,10,,,1,70,,1098614,10,,,1,30,,1085770,10,,,1,70,,1193921,10,,,1,30,,1193936,10,,,1,70,,1193920,10,,,1,30,,1193919,10,,,1,70,,1193923,10,,,1,30,,1193937,10,,,1,70,,1193944,10,,,1,30,,1193945,10,,,1,71,,1193925,10,,,1,30,,985638,10,,,1,70,,1193918,10,,,1,30,,1193926,10,,,1,70,,1193917,10,,,1,30,,1193943,10,,,1,70,,1193930,10,,,1,29,,1193942,10,,,1,70,,1193922,10,,,1,30,,1193939,10,,,1,70,,1193931,10,,,1,30,,1193947,10,,,1,70,,1193940,10,,,1,30,,1193946,10,,,1,70,,1193928,10,,,1,104,,1193933,10,,,1
17300,'11',526,,1193960,10,,,1,80,,1193955,10,,,1,30,,1001889,10,,,1,70,,1193969,10,,,1,30,,1193958,10,,,1,70,,1193965,10,,,1,30,,1193966,10,,,1,70,,1193972,10,,,1,30,,1193963,10,,,1,70,,1098723,10,,,1,30,,1086136,10,,,1,70,,1193952,10,,,1,30,,1193967,10,,,1,70,,1193951,10,,,1,30,,1193950,10,,,1,70,,1193954,10,,,1,30,,1193968,10,,,1,70,,1193975,10,,,1,30,,1193976,10,,,1,71,,1193956,10,,,1,30,,985803,10,,,1,70,,1193949,10,,,1,30,,1193957,10,,,1,70,,1193948,10,,,1,30,,1193974,10,,,1,70,,1193961,10,,,1,29,,1193973,10,,,1,70,,1193953,10,,,1,30,,1193970,10,,,1,70,,1193962,10,,,1,30,,1193978,10,,,1,70,,1193971,10,,,1,30,,1193977,10,,,1,70,,1193959,10,,,1,104,,1193964,10,,,1
17300,'12',526,,1193985,10,,,1,80,,1194007,10,,,1,30,,1194000,10,,,1,70,,1193991,10,,,1,30,,1064875,10,,,1,70,,1193995,10,,,1,30,,1193996,10,,,1,70,,1193988,10,,,1,30,,1194004,10,,,1,70,,1193993,10,,,1,30,,1194002,10,,,1,70,,1193986,10,,,1,30,,1193984,10,,,1,70,,1100223,10,,,1,30,,1194009,10,,,1,70,,1193982,10,,,1,30,,1193989,10,,,1,70,,1194003,10,,,1,30,,1194001,10,,,1,71,,1194005,10,,,1,30,,1193999,10,,,1,70,,1193992,10,,,1,30,,1194008,10,,,1,70,,1193983,10,,,1,30,,1193979,10,,,1,70,,1194010,10,,,1,29,,1193990,10,,,1,70,,1193997,10,,,1,30,,1085925,10,,,1,70,,1194006,10,,,1,30,,1193987,10,,,1,70,,1193980,10,,,1,30,,1193998,10,,,1,70,,1193994,10,,,1,104,,1193981,10,,,1
17300,'13',640,,1194012,10,,,1,70,,1194019,10,,,1,130,,1194034,10,,,1,100,,1194016,10,,,1,101,,1194022,10,,,1,70,,1194032,10,,,1,30,,1194013,10,,,1,70,,1194033,10,,,1,30,,1078999,10,,,1,70,,1194015,10,,,1,30,,1194027,10,,,1,70,,1194031,10,,,1,30,,1194024,10,,,1,70,,971745,10,,,1,30,,1194018,10,,,1,70,,1194017,10,,,1,30,,1194025,10,,,1,70,,1025319,10,,,1,30,,1194028,10,,,1,70,,1194023,10,,,1,30,,1194030,10,,,1,70,,1194020,10,,,1,30,,1194014,10,,,1,70,,1194021,10,,,1,30,,1194029,10,,,1,99,,1194011,10,,,1,100,,1086292,10,,,1,100,,1194026,10,,,1
17300,'14',526,,1194049,10,,,1,80,,1194044,10,,,1,30,,1194036,10,,,1,70,,1194058,10,,,1,30,,1194047,10,,,1,70,,1194054,10,,,1,30,,1194055,10,,,1,70,,1194061,10,,,1,30,,1194052,10,,,1,70,,1194069,10,,,1,30,,1194068,10,,,1,70,,1194041,10,,,1,30,,1194056,10,,,1,70,,1194040,10,,,1,30,,1194038,10,,,1,70,,1194043,10,,,1,30,,1194057,10,,,1,70,,1194064,10,,,1,30,,1194065,10,,,1,71,,1194045,10,,,1,30,,1194039,10,,,1,70,,1194037,10,,,1,30,,1194046,10,,,1,70,,1194035,10,,,1,30,,1194063,10,,,1,70,,1194050,10,,,1,29,,1194062,10,,,1,70,,1194042,10,,,1,30,,1194059,10,,,1,70,,1194051,10,,,1,30,,1194067,10,,,1,70,,1194060,10,,,1,30,,1194066,10,,,1,70,,1194048,10,,,1,104,,1194053,10,,,1
17300,'15',526,,1194085,10,,,1,80,,1194083,10,,,1,30,,1194080,10,,,1,70,,1194075,10,,,1,30,,1194079,10,,,1,70,,1194074,10,,,1,30,,1194087,10,,,1,70,,1194092,10,,,1,30,,1194100,10,,,1,70,,1194099,10,,,1,30,,1194104,10,,,1,70,,1194076,10,,,1,30,,1194089,10,,,1,70,,1194077,10,,,1,30,,1194090,10,,,1,70,,1194073,10,,,1,30,,1194071,10,,,1,70,,1194102,10,,,1,30,,1194070,10,,,1,71,,1194072,10,,,1,30,,1194091,10,,,1,70,,1194081,10,,,1,30,,1194086,10,,,1,70,,1194088,10,,,1,30,,1194096,10,,,1,70,,1194095,10,,,1,29,,1194098,10,,,1,70,,1194078,10,,,1,30,,1194094,10,,,1,70,,1194093,10,,,1,30,,1194103,10,,,1,70,,1194097,10,,,1,30,,1194084,10,,,1,70,,1194082,10,,,1,104,,1194101,10,,,1
17300,'16',526,,1194110,10,,,1,80,,1002299,10,,,1,30,,1194125,10,,,1,70,,1194116,10,,,1,30,,1194132,10,,,1,70,,1194120,10,,,1,30,,1194121,10,,,1,70,,1194113,10,,,1,30,,1194129,10,,,1,70,,1194118,10,,,1,30,,1194127,10,,,1,70,,1194111,10,,,1,30,,1194109,10,,,1,70,,1194134,10,,,1,30,,1194135,10,,,1,70,,1194107,10,,,1,30,,1194114,10,,,1,70,,1194128,10,,,1,30,,1194126,10,,,1,71,,1194130,10,,,1,30,,1194124,10,,,1,70,,1194117,10,,,1,30,,1194133,10,,,1,70,,1194108,10,,,1,30,,1065829,10,,,1,70,,1194136,10,,,1,29,,1194115,10,,,1,70,,1194122,10,,,1,30,,1194105,10,,,1,70,,1194131,10,,,1,30,,1194112,10,,,1,70,,1194106,10,,,1,30,,1194123,10,,,1,70,,1194119,10,,,1,104,,1098166,10,,,1
17300,'17',640,,1194140,10,,,1,70,,1194149,10,,,1,130,,1194164,10,,,1,100,,1194145,10,,,1,101,,1194152,10,,,1,70,,1194162,10,,,1,30,,1194141,10,,,1,70,,1194163,10,,,1,30,,1194142,10,,,1,70,,1194144,10,,,1,30,,1194157,10,,,1,70,,1194161,10,,,1,30,,1194154,10,,,1,70,,1194137,10,,,1,30,,1194148,10,,,1,70,,1194147,10,,,1,30,,1194155,10,,,1,70,,1194146,10,,,1,30,,1194158,10,,,1,70,,1194153,10,,,1,30,,1194160,10,,,1,70,,1194150,10,,,1,30,,1194143,10,,,1,70,,1194151,10,,,1,30,,1194159,10,,,1,99,,1194138,10,,,1,100,,1194139,10,,,1,100,,1194156,10,,,1
17300,'2',636,,1194176,10,,,1,65,,1194188,10,,,1,100,,1194171,10,,,1,33,,1194177,10,,,1,70,,1194186,10,,,1,30,,1194189,10,,,1,70,,1194166,10,,,1,31,,1194180,10,,,1,70,,1194175,10,,,1,30,,1084932,10,,,1,70,,1194179,10,,,1,30,,1194173,10,,,1,70,,1194192,10,,,1,30,,1194183,10,,,1,70,,1194167,10,,,1,30,,1091075,10,,,1,70,,1194178,10,,,1,30,,1194187,10,,,1,70,,1194170,10,,,1,30,,1194182,10,,,1,70,,1098021,10,,,1,30,,1194193,10,,,1,70,,1194191,10,,,1,30,,1194190,10,,,1,70,,1194169,10,,,1,30,,1194168,10,,,1,70,,1194184,10,,,1,30,,1194181,10,,,1,70,,1194174,10,,,1,29,,1194165,10,,,1,100,,1194185,10,,,1,100,,1194172,10,,,1
17300,'3',640,,1194197,10,,,1,70,,1194206,10,,,1,130,,1194221,10,,,1,100,,1194202,10,,,1,101,,1194209,10,,,1,70,,1194219,10,,,1,30,,1194198,10,,,1,70,,1194220,10,,,1,30,,1194199,10,,,1,70,,1194201,10,,,1,30,,1194214,10,,,1,70,,1194218,10,,,1,30,,1194211,10,,,1,70,,1194194,10,,,1,30,,1194205,10,,,1,70,,1194204,10,,,1,30,,1194212,10,,,1,70,,1194203,10,,,1,30,,1194215,10,,,1,70,,1194210,10,,,1,30,,1194217,10,,,1,70,,1194207,10,,,1,30,,1194200,10,,,1,70,,1194208,10,,,1,30,,1194216,10,,,1,99,,1194195,10,,,1,100,,1194196,10,,,1,100,,1194213,10,,,1
17300,'4',640,,1194249,10,,,1,70,,1194223,10,,,1,130,,1194232,10,,,1,100,,1194237,10,,,1,101,,1194238,10,,,1,70,,1194227,10,,,1,30,,1194239,10,,,1,70,,1194231,10,,,1,30,,1194241,10,,,1,70,,1194246,10,,,1,30,,1194229,10,,,1,70,,1194243,10,,,1,30,,1194230,10,,,1,70,,1194242,10,,,1,30,,1194224,10,,,1,70,,1194234,10,,,1,30,,1194240,10,,,1,70,,1194247,10,,,1,30,,1194244,10,,,1,70,,1194225,10,,,1,30,,1194228,10,,,1,70,,1194226,10,,,1,30,,1194245,10,,,1,70,,1194235,10,,,1,30,,1194222,10,,,1,99,,1194233,10,,,1,100,,1194236,10,,,1,100,,1194248,10,,,1
17300,'5',526,,1194262,10,,,1,80,,1194257,10,,,1,30,,1001615,10,,,1,70,,1194271,10,,,1,30,,1194260,10,,,1,70,,1194267,10,,,1,30,,1194268,10,,,1,70,,1194274,10,,,1,30,,1194265,10,,,1,70,,1098688,10,,,1,30,,1086003,10,,,1,70,,1194254,10,,,1,30,,1194269,10,,,1,70,,1194253,10,,,1,30,,1194252,10,,,1,70,,1194256,10,,,1,30,,1194270,10,,,1,70,,1194277,10,,,1,30,,1194278,10,,,1,71,,1194258,10,,,1,30,,985923,10,,,1,70,,1194251,10,,,1,30,,1194259,10,,,1,70,,1194250,10,,,1,30,,1194276,10,,,1,70,,1194263,10,,,1,29,,1194275,10,,,1,70,,1194255,10,,,1,30,,1194272,10,,,1,70,,1194264,10,,,1,30,,1194280,10,,,1,70,,1194273,10,,,1,30,,1194279,10,,,1,70,,1194261,10,,,1,104,,1194266,10,,,1
17300,'6',526,,1068488,10,,,1,80,,1194308,10,,,1,30,,1194301,10,,,1,70,,1194292,10,,,1,30,,1194309,10,,,1,70,,1194296,10,,,1,30,,1194297,10,,,1,70,,1194289,10,,,1,30,,1194305,10,,,1,70,,1194294,10,,,1,30,,1194303,10,,,1,70,,1194287,10,,,1,30,,1194286,10,,,1,70,,1194311,10,,,1,30,,1061871,10,,,1,70,,1194284,10,,,1,30,,1194290,10,,,1,70,,1194304,10,,,1,30,,1194302,10,,,1,71,,1194306,10,,,1,30,,1194300,10,,,1,70,,1194293,10,,,1,30,,1194310,10,,,1,70,,1194285,10,,,1,30,,1194282,10,,,1,70,,1026149,10,,,1,29,,1194291,10,,,1,70,,1194298,10,,,1,30,,1194281,10,,,1,70,,1194307,10,,,1,30,,1194288,10,,,1,70,,1093883,10,,,1,30,,1194299,10,,,1,70,,1194295,10,,,1,104,,1194283,10,,,1
17300,'7',636,,1194338,10,,,1,65,,1194325,10,,,1,100,,1194321,10,,,1,33,,1194316,10,,,1,70,,1194337,10,,,1,30,,1194324,10,,,1,70,,1194330,10,,,1,31,,1194327,10,,,1,70,,1194334,10,,,1,30,,1194318,10,,,1,70,,1194314,10,,,1,30,,1194313,10,,,1,70,,1194331,10,,,1,30,,1194317,10,,,1,70,,1194340,10,,,1,30,,1194342,10,,,1,70,,1194322,10,,,1,30,,1194319,10,,,1,70,,1194315,10,,,1,30,,1194335,10,,,1,70,,1194329,10,,,1,30,,1194332,10,,,1,70,,1194343,10,,,1,30,,1194341,10,,,1,70,,1194328,10,,,1,30,,1194323,10,,,1,70,,1194312,10,,,1,30,,1194326,10,,,1,70,,1194339,10,,,1,29,,1194333,10,,,1,100,,1194320,10,,,1,100,,1194336,10,,,1
17300,'8',526,,1194351,10,,,1,80,,1194373,10,,,1,30,,1194366,10,,,1,70,,1194357,10,,,1,30,,1194374,10,,,1,70,,1194361,10,,,1,30,,1194362,10,,,1,70,,1194354,10,,,1,30,,1194370,10,,,1,70,,1194359,10,,,1,30,,1194368,10,,,1,70,,1194352,10,,,1,30,,1194350,10,,,1,70,,1194376,10,,,1,30,,1194377,10,,,1,70,,1194348,10,,,1,30,,1194355,10,,,1,70,,1194369,10,,,1,30,,1194367,10,,,1,71,,1194371,10,,,1,30,,1194365,10,,,1,70,,1194358,10,,,1,30,,1194375,10,,,1,70,,1194349,10,,,1,30,,1194345,10,,,1,70,,1194378,10,,,1,29,,1194356,10,,,1,70,,1194363,10,,,1,30,,1194344,10,,,1,70,,1194372,10,,,1,30,,1194353,10,,,1,70,,1194346,10,,,1,30,,1194364,10,,,1,70,,1194360,10,,,1,104,,1194347,10,,,1
17300,'9',526,,1194391,10,,,1,80,,1194386,10,,,1,30,,1001995,10,,,1,70,,1194400,10,,,1,30,,1194389,10,,,1,70,,1194396,10,,,1,30,,1194397,10,,,1,70,,1194403,10,,,1,30,,1194394,10,,,1,70,,1098640,10,,,1,30,,1085857,10,,,1,70,,1194383,10,,,1,30,,1194398,10,,,1,70,,1194382,10,,,1,30,,1194381,10,,,1,70,,1194385,10,,,1,30,,1194399,10,,,1,70,,1194406,10,,,1,30,,1194407,10,,,1,71,,1194387,10,,,1,30,,985893,10,,,1,70,,1194380,10,,,1,30,,1194388,10,,,1,70,,1194379,10,,,1,30,,1194405,10,,,1,70,,1194392,10,,,1,29,,1194404,10,,,1,70,,1194384,10,,,1,30,,1194401,10,,,1,70,,1194393,10,,,1,30,,1194409,10,,,1,70,,1194402,10,,,1,30,,1194408,10,,,1,70,,1194390,10,,,1,104,,1194395,10,,,1
67701,'1',1425,,1200328,8,,,1
67701,'10',1425,,1200330,8,,,1
67701,'11',1425,,1200332,8,,,1
67701,'12',1425,,1200333,8,,,1
67701,'14',1425,,1200335,8,,,1
67701,'15',1425,,1200337,8,,,1
67701,'16',1425,,1200339,8,,,1
67701,'5',1425,,1200341,8,,,1
67701,'6',1425,,1200343,8,,,1
67701,'8',1425,,1200345,8,,,1
67701,'9',1425,,1200347,8,,,1
69601,'1',1500,,1200732,7,,,1
69601,'10',1500,,1200734,7,,,1
69601,'11',1500,,1200736,7,,,1
69601,'12',1500,,1200738,7,,,1
69601,'14',1500,,1200741,7,,,1
69601,'15',1500,,1200744,7,,,1
69601,'16',1500,,1200747,7,,,1
69601,'5',1500,,1200749,7,,,1
69601,'6',1500,,1200752,7,,,1
69601,'8',1500,,1200755,7,,,1
69601,'9',1500,,1200757,7,,,1
