600,'1',607,,1105611,7,,,1,32,,1105615,7,,,1,15,,1105606,7,,,1,58,,1082448,7,,,1,15,,947450,7,,,1,15,,1080480,7,,,1,17,,1105616,7,,,1,57,,1105589,7,,,1,19,,1063091,7,,,1,18,,1105636,7,,,1,57,,991336,7,,,1,15,,1105585,7,,,1,12,,1083620,7,,,1,15,,1063607,7,,,1,52,,1105629,7,,,1,15,,1105634,7,,,1,13,,1105621,7,,,1,15,,1105614,7,,,1,55,,1105595,7,,,1,16,,1105579,7,,,1,16,,1099311,7,,,1,15,,1105586,7,,,1,56,,1105625,7,,,1,15,,1105598,7,,,1,17,,1105632,7,,,1,15,,1105587,7,,,1,54,,1105600,7,,,1,15,,1105607,7,,,1,15,,1105601,7,,,1,15,,1105626,7,,,1,70,,1105620,7,,,1,15,,1105584,7,,,1,76,,1105588,7,,,1,16,,1105597,7,,,1,77,,1026766,7,,,1,13,,1092438,7,,,1,15,,1105638,7,,,1,16,,1105609,7,,,1,56,,1105605,7,,,1,15,,1105623,7,,,1,15,,1105604,7,,,1,13,,1105635,7,,,1,53,,1105603,7,,,1,15,,1105624,7,,,1,14,,1084147,7,,,1,15,,1105637,7,,,1,13,,1105628,7,,,1,53,,1105610,7,,,1,13,,1105592,7,,,1,14,,1105596,7,,,1,66,,1105591,7,,,1,27,,1105631,7,,,1,70,,1105582,7,,,1,29,,1105602,7,,,1,29,,1089528,7,,,1,68,,1105633,7,,,1,74,,1105608,7,,,1,28,,1105630,7,,,1
600,'10',607,,1105671,7,,,1,32,,1105675,7,,,1,15,,1105666,7,,,1,58,,1082324,7,,,1,15,,947248,7,,,1,15,,1080334,7,,,1,17,,1105676,7,,,1,57,,1105649,7,,,1,19,,1062749,7,,,1,18,,1105696,7,,,1,57,,991317,7,,,1,15,,1105645,7,,,1,12,,1083381,7,,,1,15,,1063303,7,,,1,52,,1105689,7,,,1,15,,1105694,7,,,1,13,,1105681,7,,,1,15,,1105674,7,,,1,55,,1105655,7,,,1,16,,1105639,7,,,1,16,,1099199,7,,,1,15,,1105646,7,,,1,56,,1105685,7,,,1,15,,1105658,7,,,1,17,,1105692,7,,,1,15,,1105647,7,,,1,54,,1105660,7,,,1,15,,1105667,7,,,1,15,,1105661,7,,,1,15,,1105686,7,,,1,70,,1105680,7,,,1,15,,1105644,7,,,1,76,,1105648,7,,,1,16,,1105657,7,,,1,77,,1026881,7,,,1,13,,1092282,7,,,1,15,,1105698,7,,,1,16,,1105669,7,,,1,56,,1105665,7,,,1,15,,1105683,7,,,1,15,,1105664,7,,,1,13,,1105695,7,,,1,53,,1105663,7,,,1,15,,1105684,7,,,1,14,,1083975,7,,,1,15,,1105697,7,,,1,13,,1105688,7,,,1,53,,1105670,7,,,1,13,,1105652,7,,,1,14,,1105656,7,,,1,66,,1105651,7,,,1,27,,1105691,7,,,1,70,,1105642,7,,,1,29,,1105662,7,,,1,29,,1089344,7,,,1,68,,1105693,7,,,1,74,,1105668,7,,,1,28,,1105690,7,,,1
600,'11',607,,1105731,7,,,1,32,,1105735,7,,,1,15,,1105726,7,,,1,58,,1082477,7,,,1,15,,947416,7,,,1,15,,1080524,7,,,1,17,,1105736,7,,,1,57,,1105709,7,,,1,19,,1063192,7,,,1,18,,1105756,7,,,1,57,,991329,7,,,1,15,,1105705,7,,,1,12,,1083690,7,,,1,15,,1063699,7,,,1,52,,1105749,7,,,1,15,,1105754,7,,,1,13,,1105741,7,,,1,15,,1105734,7,,,1,55,,1105715,7,,,1,16,,1105699,7,,,1,16,,1099349,7,,,1,15,,1105706,7,,,1,56,,1105745,7,,,1,15,,1105718,7,,,1,17,,1105752,7,,,1,15,,1105707,7,,,1,54,,1105720,7,,,1,15,,1105727,7,,,1,15,,1105721,7,,,1,15,,1105746,7,,,1,70,,1105740,7,,,1,15,,1105704,7,,,1,76,,1105708,7,,,1,16,,1105717,7,,,1,77,,1026733,7,,,1,13,,1092485,7,,,1,15,,1105758,7,,,1,16,,1105729,7,,,1,56,,1105725,7,,,1,15,,1105743,7,,,1,15,,1105724,7,,,1,13,,1105755,7,,,1,53,,1105723,7,,,1,15,,1105744,7,,,1,14,,1084201,7,,,1,15,,1105757,7,,,1,13,,1105748,7,,,1,53,,1105730,7,,,1,13,,1105712,7,,,1,14,,1105716,7,,,1,66,,1105711,7,,,1,27,,1105751,7,,,1,70,,1105702,7,,,1,29,,1105722,7,,,1,29,,1089579,7,,,1,68,,1105753,7,,,1,74,,1105728,7,,,1,28,,1105750,7,,,1
600,'12',607,,1105807,7,,,1,32,,1105763,7,,,1,15,,1105795,7,,,1,58,,1105759,7,,,1,15,,1105820,7,,,1,15,,1105784,7,,,1,17,,1105817,7,,,1,57,,1105812,7,,,1,19,,1105811,7,,,1,18,,1105823,7,,,1,57,,1105825,7,,,1,15,,1105783,7,,,1,12,,1105801,7,,,1,15,,1105767,7,,,1,52,,1105768,7,,,1,15,,1105787,7,,,1,13,,1105788,7,,,1,15,,1105761,7,,,1,55,,1069999,7,,,1,16,,1105781,7,,,1,16,,1105786,7,,,1,15,,1105804,7,,,1,56,,1105821,7,,,1,15,,1105818,7,,,1,17,,1105771,7,,,1,15,,1105803,7,,,1,54,,1105760,7,,,1,15,,982528,7,,,1,15,,1105822,7,,,1,15,,1105805,7,,,1,70,,1105808,7,,,1,15,,1105826,7,,,1,76,,1105770,7,,,1,16,,1105824,7,,,1,77,,1105773,7,,,1,13,,1068835,7,,,1,15,,1105762,7,,,1,16,,1105789,7,,,1,56,,1105774,7,,,1,15,,1105797,7,,,1,15,,1105776,7,,,1,13,,1105769,7,,,1,53,,1105806,7,,,1,15,,1098668,7,,,1,14,,1105765,7,,,1,15,,1105779,7,,,1,13,,1105813,7,,,1,53,,1105777,7,,,1,13,,1105796,7,,,1,14,,1105800,7,,,1,66,,1105816,7,,,1,27,,1105793,7,,,1,70,,1105819,7,,,1,29,,1105798,7,,,1,29,,1105792,7,,,1,68,,1105772,7,,,1,74,,1105766,7,,,1,28,,1105791,7,,,1
600,'13',844,,1105860,7,,,1,70,,1105861,7,,,1,30,,1105841,7,,,1,70,,1105852,7,,,1,31,,1105849,7,,,1,70,,1105854,7,,,1,30,,1105871,7,,,1,69,,1105858,7,,,1,30,,1105882,7,,,1,70,,1105853,7,,,1,30,,1105836,7,,,1,70,,1105846,7,,,1,30,,1105827,7,,,1,70,,1105832,7,,,1,30,,1105838,7,,,1,70,,1105847,7,,,1,30,,1105873,7,,,1,70,,1090729,7,,,1,30,,1105872,7,,,1,70,,1105845,7,,,1,30,,1105831,7,,,1,70,,1105851,7,,,1,30,,1105864,7,,,1,68,,1105839,7,,,1,30,,1105830,7,,,1,70,,1105870,7,,,1,30,,1105834,7,,,1,70,,1105840,7,,,1,30,,1105850,7,,,1,69,,1105835,7,,,1
600,'14',607,,1105924,7,,,1,32,,1105928,7,,,1,15,,1105919,7,,,1,58,,1105883,7,,,1,15,,1105888,7,,,1,15,,1105906,7,,,1,17,,1105929,7,,,1,57,,1105899,7,,,1,19,,1105889,7,,,1,18,,1105951,7,,,1,57,,1105955,7,,,1,15,,1105894,7,,,1,12,,1105952,7,,,1,15,,1105898,7,,,1,52,,1105944,7,,,1,15,,1105949,7,,,1,13,,1105936,7,,,1,15,,1105927,7,,,1,55,,1105908,7,,,1,16,,1105884,7,,,1,16,,1105890,7,,,1,15,,1105895,7,,,1,56,,1105940,7,,,1,15,,1105911,7,,,1,17,,1105947,7,,,1,15,,1105896,7,,,1,54,,1105913,7,,,1,15,,1105920,7,,,1,15,,1105914,7,,,1,15,,1105941,7,,,1,70,,1105934,7,,,1,15,,1105893,7,,,1,76,,1105897,7,,,1,16,,1105910,7,,,1,77,,1105933,7,,,1,13,,1105902,7,,,1,15,,1105954,7,,,1,16,,1105922,7,,,1,56,,1105918,7,,,1,15,,1105938,7,,,1,15,,1105917,7,,,1,13,,1105950,7,,,1,53,,1105916,7,,,1,15,,1105939,7,,,1,14,,1105887,7,,,1,15,,1105953,7,,,1,13,,1105943,7,,,1,53,,1105923,7,,,1,13,,1105903,7,,,1,14,,1105909,7,,,1,66,,1105901,7,,,1,27,,1105946,7,,,1,70,,1105891,7,,,1,29,,1105915,7,,,1,29,,1105935,7,,,1,68,,1105948,7,,,1,74,,1105921,7,,,1,28,,1105945,7,,,1
600,'15',607,,1105985,7,,,1,32,,1106026,7,,,1,15,,1105963,7,,,1,58,,1105996,7,,,1,15,,1105966,7,,,1,15,,1105967,7,,,1,17,,1105986,7,,,1,57,,1106011,7,,,1,19,,1106013,7,,,1,18,,1105989,7,,,1,57,,1105962,7,,,1,15,,1105959,7,,,1,12,,1105975,7,,,1,15,,1105965,7,,,1,52,,1105987,7,,,1,15,,1106000,7,,,1,13,,1105990,7,,,1,15,,1105998,7,,,1,55,,1105988,7,,,1,16,,1106001,7,,,1,16,,1106014,7,,,1,15,,1105991,7,,,1,56,,1106020,7,,,1,15,,1105983,7,,,1,17,,1105971,7,,,1,15,,1105977,7,,,1,54,,1106028,7,,,1,15,,1106027,7,,,1,15,,1105978,7,,,1,15,,1105993,7,,,1,70,,1106019,7,,,1,15,,1106007,7,,,1,76,,1105999,7,,,1,16,,1106017,7,,,1,77,,1105957,7,,,1,13,,1106018,7,,,1,15,,1106021,7,,,1,16,,1105973,7,,,1,56,,1105994,7,,,1,15,,1105982,7,,,1,15,,1106010,7,,,1,13,,1105981,7,,,1,53,,1105984,7,,,1,15,,1105970,7,,,1,14,,1106009,7,,,1,15,,1105958,7,,,1,13,,1106015,7,,,1,53,,1105968,7,,,1,13,,1105964,7,,,1,14,,1105969,7,,,1,66,,1105995,7,,,1,27,,1105960,7,,,1,70,,1105961,7,,,1,29,,1106005,7,,,1,29,,1106002,7,,,1,68,,1105980,7,,,1,74,,1105979,7,,,1,28,,1105992,7,,,1
600,'16',607,,1106075,7,,,1,32,,1092199,7,,,1,15,,1106063,7,,,1,58,,1106030,7,,,1,15,,1106086,7,,,1,15,,1106052,7,,,1,17,,1106085,7,,,1,57,,1106080,7,,,1,19,,1106079,7,,,1,18,,1106088,7,,,1,57,,1106090,7,,,1,15,,1106051,7,,,1,12,,1106069,7,,,1,15,,1042630,7,,,1,52,,1106037,7,,,1,15,,1106055,7,,,1,13,,1106056,7,,,1,15,,1083911,7,,,1,55,,1106033,7,,,1,16,,1106049,7,,,1,16,,1106054,7,,,1,15,,1106072,7,,,1,56,,1106087,7,,,1,15,,1099344,7,,,1,17,,1106039,7,,,1,15,,1106071,7,,,1,54,,1106031,7,,,1,15,,1106089,7,,,1,15,,1006176,7,,,1,15,,1106073,7,,,1,70,,1106076,7,,,1,15,,1106091,7,,,1,76,,1106038,7,,,1,16,,953702,7,,,1,77,,1106041,7,,,1,13,,1106035,7,,,1,15,,1106032,7,,,1,16,,1106057,7,,,1,56,,1106042,7,,,1,15,,1106065,7,,,1,15,,1106044,7,,,1,13,,1077982,7,,,1,53,,1106074,7,,,1,15,,1106029,7,,,1,14,,1069844,7,,,1,15,,1106047,7,,,1,13,,1106081,7,,,1,53,,1106045,7,,,1,13,,1106064,7,,,1,14,,1106068,7,,,1,66,,1106084,7,,,1,27,,1106061,7,,,1,70,,1064165,7,,,1,29,,1106066,7,,,1,29,,1106060,7,,,1,68,,1106040,7,,,1,74,,1024211,7,,,1,28,,1106059,7,,,1
600,'17',844,,1106127,7,,,1,70,,1106128,7,,,1,30,,1106108,7,,,1,70,,1106119,7,,,1,31,,1106116,7,,,1,70,,1106121,7,,,1,30,,1106138,7,,,1,69,,1106125,7,,,1,30,,1106149,7,,,1,70,,1106120,7,,,1,30,,1106103,7,,,1,70,,1106113,7,,,1,30,,1106092,7,,,1,70,,1106099,7,,,1,30,,1106105,7,,,1,70,,1106114,7,,,1,30,,1106140,7,,,1,70,,1106096,7,,,1,30,,1106139,7,,,1,70,,1106112,7,,,1,30,,1106098,7,,,1,70,,1106118,7,,,1,30,,1106131,7,,,1,68,,1106106,7,,,1,30,,1106097,7,,,1,70,,1106137,7,,,1,30,,1106101,7,,,1,70,,1106107,7,,,1,30,,1106117,7,,,1,69,,1106102,7,,,1
600,'2',726,,1106183,7,,,1,30,,1106191,7,,,1,70,,1106157,7,,,1,30,,1106174,7,,,1,70,,1106211,7,,,1,30,,1106206,7,,,1,64,,1106189,7,,,1,22,,1106182,7,,,1,64,,1106151,7,,,1,24,,1099764,7,,,1,24,,1091753,7,,,1,64,,1061929,7,,,1,24,,1106208,7,,,1,12,,1106209,7,,,1,52,,1106165,7,,,1,12,,1106173,7,,,1,12,,1106210,7,,,1,12,,1106214,7,,,1,12,,1106164,7,,,1,52,,1106175,7,,,1,12,,1106154,7,,,1,12,,1106169,7,,,1,12,,1106202,7,,,1,12,,1106207,7,,,1,52,,1050675,7,,,1,12,,1106161,7,,,1,12,,1106188,7,,,1,12,,1106167,7,,,1,12,,1106213,7,,,1,52,,1106192,7,,,1,12,,1106156,7,,,1,12,,1106215,7,,,1,12,,1106153,7,,,1,12,,1106184,7,,,1,52,,1106155,7,,,1,12,,1106162,7,,,1,12,,1026635,7,,,1,12,,1106171,7,,,1,12,,1106176,7,,,1,52,,1106172,7,,,1,13,,1106196,7,,,1,31,,1106166,7,,,1,70,,1106163,7,,,1,30,,1106201,7,,,1,70,,1106204,7,,,1,30,,1079723,7,,,1,70,,1106158,7,,,1,30,,1106159,7,,,1,70,,1106193,7,,,1,30,,1106170,7,,,1,69,,1106190,7,,,1,30,,1106181,7,,,1,70,,1106152,7,,,1,30,,1106199,7,,,1
600,'3',844,,1106251,7,,,1,70,,1106252,7,,,1,30,,1106232,7,,,1,70,,1106243,7,,,1,31,,1106240,7,,,1,70,,1106245,7,,,1,30,,1106262,7,,,1,69,,1106249,7,,,1,30,,1106273,7,,,1,70,,1106244,7,,,1,30,,1106227,7,,,1,70,,1106237,7,,,1,30,,1106216,7,,,1,70,,1106223,7,,,1,30,,1106229,7,,,1,70,,1106238,7,,,1,30,,1106264,7,,,1,70,,1106220,7,,,1,30,,1106263,7,,,1,70,,1106236,7,,,1,30,,1106222,7,,,1,70,,1106242,7,,,1,30,,1106255,7,,,1,68,,1106230,7,,,1,30,,1106221,7,,,1,70,,1106261,7,,,1,30,,1106225,7,,,1,70,,1106231,7,,,1,30,,1106241,7,,,1,69,,1106226,7,,,1
600,'4',844,,1106276,7,,,1,70,,1106312,7,,,1,30,,1052810,7,,,1,70,,1106319,7,,,1,31,,1106298,7,,,1,70,,1044090,7,,,1,30,,1106296,7,,,1,69,,1106300,7,,,1,30,,1106297,7,,,1,70,,1106283,7,,,1,30,,1106313,7,,,1,70,,1106324,7,,,1,30,,1106284,7,,,1,70,,1106287,7,,,1,30,,1106292,7,,,1,70,,1106308,7,,,1,30,,1106323,7,,,1,70,,1106301,7,,,1,30,,1106281,7,,,1,70,,1106289,7,,,1,30,,1106329,7,,,1,70,,1106326,7,,,1,30,,1106328,7,,,1,68,,1106299,7,,,1,30,,1106303,7,,,1,70,,1106325,7,,,1,30,,1106307,7,,,1,70,,1106285,7,,,1,30,,1106316,7,,,1,69,,1106310,7,,,1
600,'5',607,,1106362,7,,,1,32,,1106366,7,,,1,15,,1106357,7,,,1,58,,1082432,7,,,1,15,,947562,7,,,1,15,,1080458,7,,,1,17,,1106367,7,,,1,57,,1106340,7,,,1,19,,1063037,7,,,1,18,,1106387,7,,,1,57,,991355,7,,,1,15,,1106336,7,,,1,12,,1083581,7,,,1,15,,1063567,7,,,1,52,,1106380,7,,,1,15,,1106385,7,,,1,13,,1106372,7,,,1,15,,1106365,7,,,1,55,,1106346,7,,,1,16,,1106330,7,,,1,16,,1099288,7,,,1,15,,1106337,7,,,1,56,,1106376,7,,,1,15,,1106349,7,,,1,17,,1106383,7,,,1,15,,1106338,7,,,1,54,,1106351,7,,,1,15,,1106358,7,,,1,15,,1106352,7,,,1,15,,1106377,7,,,1,70,,1106371,7,,,1,15,,1106335,7,,,1,76,,1106339,7,,,1,16,,1106348,7,,,1,77,,1026562,7,,,1,13,,1092405,7,,,1,15,,1106389,7,,,1,16,,1106360,7,,,1,56,,1106356,7,,,1,15,,1106374,7,,,1,15,,1106355,7,,,1,13,,1106386,7,,,1,53,,1106354,7,,,1,15,,1106375,7,,,1,14,,1084120,7,,,1,15,,1106388,7,,,1,13,,1106379,7,,,1,53,,1106361,7,,,1,13,,1106343,7,,,1,14,,1106347,7,,,1,66,,1106342,7,,,1,27,,1106382,7,,,1,70,,1106333,7,,,1,29,,1106353,7,,,1,29,,1089493,7,,,1,68,,1106384,7,,,1,74,,1106359,7,,,1,28,,1106381,7,,,1
600,'6',607,,1106435,7,,,1,32,,1106396,7,,,1,15,,1106423,7,,,1,58,,1106391,7,,,1,15,,1096891,7,,,1,15,,1106412,7,,,1,17,,966449,7,,,1,57,,1106439,7,,,1,19,,1065902,7,,,1,18,,1058650,7,,,1,57,,1069178,7,,,1,15,,1106411,7,,,1,12,,1106429,7,,,1,15,,1106399,7,,,1,52,,1061846,7,,,1,15,,1106415,7,,,1,13,,1106416,7,,,1,15,,1106392,7,,,1,55,,1106393,7,,,1,16,,1106409,7,,,1,16,,1106414,7,,,1,15,,1106432,7,,,1,56,,1080317,7,,,1,15,,1106442,7,,,1,17,,1062246,7,,,1,15,,1106431,7,,,1,54,,1095718,7,,,1,15,,1106446,7,,,1,15,,1106444,7,,,1,15,,1106433,7,,,1,70,,1106436,7,,,1,15,,998993,7,,,1,76,,1001086,7,,,1,16,,1106445,7,,,1,77,,1106401,7,,,1,13,,1106395,7,,,1,15,,1087662,7,,,1,16,,1106417,7,,,1,56,,1106402,7,,,1,15,,1106425,7,,,1,15,,1106404,7,,,1,13,,1106400,7,,,1,53,,1106434,7,,,1,15,,1106390,7,,,1,14,,1106397,7,,,1,15,,1106407,7,,,1,13,,1106440,7,,,1,53,,1106405,7,,,1,13,,1106424,7,,,1,14,,1106428,7,,,1,66,,1102659,7,,,1,27,,1106421,7,,,1,70,,1106443,7,,,1,29,,1106426,7,,,1,29,,1106420,7,,,1,68,,1045952,7,,,1,74,,1106398,7,,,1,28,,1106419,7,,,1
600,'7',726,,1106471,7,,,1,30,,1106468,7,,,1,70,,1106482,7,,,1,30,,1106472,7,,,1,70,,1106461,7,,,1,30,,1106502,7,,,1,64,,1106484,7,,,1,22,,1106456,7,,,1,64,,1106451,7,,,1,24,,1106517,7,,,1,24,,1106489,7,,,1,64,,1106465,7,,,1,24,,1106505,7,,,1,12,,1106494,7,,,1,52,,1106520,7,,,1,12,,1106488,7,,,1,12,,1106478,7,,,1,12,,1106454,7,,,1,12,,1106492,7,,,1,52,,1106476,7,,,1,12,,1106490,7,,,1,12,,1106518,7,,,1,12,,1106479,7,,,1,12,,1106509,7,,,1,52,,1106462,7,,,1,12,,1106457,7,,,1,12,,1106500,7,,,1,12,,1106470,7,,,1,12,,1106514,7,,,1,52,,1106474,7,,,1,12,,1106507,7,,,1,12,,1106453,7,,,1,12,,1106464,7,,,1,12,,1106516,7,,,1,52,,1106512,7,,,1,12,,1106504,7,,,1,12,,1106480,7,,,1,12,,1106481,7,,,1,12,,1106449,7,,,1,52,,1106495,7,,,1,13,,1106515,7,,,1,31,,1106485,7,,,1,70,,1106506,7,,,1,30,,1106448,7,,,1,70,,1106493,7,,,1,30,,1106469,7,,,1,70,,1106483,7,,,1,30,,1106460,7,,,1,70,,1106501,7,,,1,30,,1106519,7,,,1,69,,1106455,7,,,1,30,,1106475,7,,,1,70,,1106491,7,,,1,30,,1106466,7,,,1
600,'8',607,,1106573,7,,,1,32,,1106529,7,,,1,15,,1106561,7,,,1,58,,1106522,7,,,1,15,,1106586,7,,,1,15,,1106550,7,,,1,17,,1106583,7,,,1,57,,1106578,7,,,1,19,,1106577,7,,,1,18,,1106589,7,,,1,57,,1106592,7,,,1,15,,1106549,7,,,1,12,,1106567,7,,,1,15,,1106533,7,,,1,52,,1106534,7,,,1,15,,1106553,7,,,1,13,,1106554,7,,,1,15,,1106524,7,,,1,55,,1106526,7,,,1,16,,1106547,7,,,1,16,,1106552,7,,,1,15,,1106570,7,,,1,56,,1106587,7,,,1,15,,1106584,7,,,1,17,,1106537,7,,,1,15,,1106569,7,,,1,54,,1106523,7,,,1,15,,1106591,7,,,1,15,,1106588,7,,,1,15,,1106571,7,,,1,70,,1106574,7,,,1,15,,1106593,7,,,1,76,,1106536,7,,,1,16,,1106590,7,,,1,77,,1106539,7,,,1,13,,1106528,7,,,1,15,,1106525,7,,,1,16,,1106555,7,,,1,56,,1106540,7,,,1,15,,1106563,7,,,1,15,,1106542,7,,,1,13,,1106535,7,,,1,53,,1106572,7,,,1,15,,1106521,7,,,1,14,,1106531,7,,,1,15,,1106545,7,,,1,13,,1106579,7,,,1,53,,1106543,7,,,1,13,,1106562,7,,,1,14,,1106566,7,,,1,66,,1106582,7,,,1,27,,1106559,7,,,1,70,,1106585,7,,,1,29,,1106564,7,,,1,29,,1106558,7,,,1,68,,1106538,7,,,1,74,,1106532,7,,,1,28,,1106557,7,,,1
600,'9',607,,1106626,7,,,1,32,,1106630,7,,,1,15,,1106621,7,,,1,58,,1082363,7,,,1,15,,947528,7,,,1,15,,1080385,7,,,1,17,,1106631,7,,,1,57,,1106604,7,,,1,19,,1062861,7,,,1,18,,1106651,7,,,1,57,,991348,7,,,1,15,,1106600,7,,,1,12,,1083452,7,,,1,15,,1063396,7,,,1,52,,1106644,7,,,1,15,,1106649,7,,,1,13,,1106636,7,,,1,15,,1106629,7,,,1,55,,1106610,7,,,1,16,,1106594,7,,,1,16,,1099234,7,,,1,15,,1106601,7,,,1,56,,1106640,7,,,1,15,,1106613,7,,,1,17,,1106647,7,,,1,15,,1106602,7,,,1,54,,1106615,7,,,1,15,,1106622,7,,,1,15,,1106616,7,,,1,15,,1106641,7,,,1,70,,1106635,7,,,1,15,,1106599,7,,,1,76,,1106603,7,,,1,16,,1106612,7,,,1,77,,1026799,7,,,1,13,,1092331,7,,,1,15,,1106653,7,,,1,16,,1106624,7,,,1,56,,1106620,7,,,1,15,,1106638,7,,,1,15,,1106619,7,,,1,13,,1106650,7,,,1,53,,1106618,7,,,1,15,,1106639,7,,,1,14,,1084029,7,,,1,15,,1106652,7,,,1,13,,1106643,7,,,1,53,,1106625,7,,,1,13,,1106607,7,,,1,14,,1106611,7,,,1,66,,1106606,7,,,1,27,,1106646,7,,,1,70,,1106597,7,,,1,29,,1106617,7,,,1,29,,1089408,7,,,1,68,,1106648,7,,,1,74,,1106623,7,,,1,28,,1106645,7,,,1
700,'1',445,,1107781,32,0,67,1,70,,1107804,32,0,67,1,32,,1107772,32,0,67,1,72,,1107771,32,,,1,30,,1107774,32,,,1,56,,979575,32,,,1,13,,1107784,32,,,1,17,,1107803,32,,,1,16,,1101778,32,,,1,56,,1107796,32,,,1,19,,1107759,32,,,1,8,,1107813,32,,,1,7,,1107776,32,,,1,7,,1107815,32,,,1,53,,1107766,32,,,1,17,,1107763,32,,,1,13,,1107801,32,,,1,15,,1100553,32,,,1,54,,1107782,32,,,1,15,,1107760,32,,,1,24,,1107773,32,,,1,15,,1107793,32,,,1,55,,1107802,32,,,1,16,,1107778,32,,,1,15,,1107785,32,,,1,15,,1107775,32,,,1,55,,1107791,32,,,1,17,,1107777,32,,,1,17,,1102166,32,,,1,15,,1107790,32,,,1,53,,1107762,32,,,1,15,,1107786,32,,,1,15,,1107797,32,,,1,15,,1107798,32,,,1,55,,1107765,32,,,1,15,,1107808,32,,,1,15,,1107783,32,,,1,16,,1107817,32,,,1,57,,1099018,32,,,1,17,,1107800,32,,,1,18,,1107795,32,,,1,50,,1107816,32,,,1,12,,1107812,32,,,1,14,,1107768,32,,,1,74,,1107761,32,,,1,9,,1107794,32,,,1,29,,1107792,32,,,1,16,,1107806,32,,,1,52,,1107787,32,,,1,15,,1107764,32,,,1,13,,1107788,32,,,1,15,,1107814,32,,,1,56,,1107767,32,,,1,28,,1107780,32,,,1,22,,1107810,32,,,1,67,,1107789,32,,,1,27,,1107770,32,,,1,70,,1107805,32,,,1,30,,1107769,32,,,1,70,,1107799,32,,,1,30,,935697,32,,,1,72,,1107811,32,,,1,28,,1107809,32,,,1,69,,1107807,32,,,1,87,,1107779,32,,,1
700,'10',445,,1107840,32,0,67,1,70,,1107863,32,0,67,1,32,,1107831,32,0,67,1,72,,1107830,32,,,1,30,,1107833,32,,,1,56,,979330,32,,,1,13,,1107843,32,,,1,17,,1107862,32,,,1,16,,1101677,32,,,1,56,,1107855,32,,,1,19,,1107818,32,,,1,8,,1107872,32,,,1,7,,1107835,32,,,1,7,,1107874,32,,,1,53,,1107825,32,,,1,17,,1107822,32,,,1,13,,1107860,32,,,1,15,,1100475,32,,,1,54,,1107841,32,,,1,15,,1107819,32,,,1,24,,1107832,32,,,1,15,,1107852,32,,,1,55,,1107861,32,,,1,16,,1107837,32,,,1,15,,1107844,32,,,1,15,,1107834,32,,,1,55,,1107850,32,,,1,17,,1107836,32,,,1,17,,1102151,32,,,1,15,,1107849,32,,,1,53,,1107821,32,,,1,15,,1107845,32,,,1,15,,1107856,32,,,1,15,,1107857,32,,,1,55,,1107824,32,,,1,15,,1107867,32,,,1,15,,1107842,32,,,1,16,,1107876,32,,,1,57,,1098928,32,,,1,17,,1107859,32,,,1,18,,1107854,32,,,1,50,,1107875,32,,,1,12,,1107871,32,,,1,14,,1107827,32,,,1,74,,1107820,32,,,1,9,,1107853,32,,,1,29,,1107851,32,,,1,16,,1107865,32,,,1,52,,1107846,32,,,1,15,,1107823,32,,,1,13,,1107847,32,,,1,15,,1107873,32,,,1,56,,1107826,32,,,1,28,,1107839,32,,,1,22,,1107869,32,,,1,67,,1107848,32,,,1,27,,1107829,32,,,1,70,,1107864,32,,,1,30,,1107828,32,,,1,70,,1107858,32,,,1,30,,935417,32,,,1,72,,1107870,32,,,1,28,,1107868,32,,,1,69,,1107866,32,,,1,87,,1107838,32,,,1
700,'11',445,,1107899,32,0,67,1,70,,1107922,32,0,67,1,32,,1107890,32,0,67,1,72,,1107889,32,,,1,30,,1107892,32,,,1,56,,979536,32,,,1,13,,1107902,32,,,1,17,,1107921,32,,,1,16,,1101809,32,,,1,56,,1107914,32,,,1,19,,1107877,32,,,1,8,,1107931,32,,,1,7,,1107894,32,,,1,7,,1107933,32,,,1,53,,1107884,32,,,1,17,,1107881,32,,,1,13,,1107919,32,,,1,15,,1100574,32,,,1,54,,1107900,32,,,1,15,,1107878,32,,,1,24,,1107891,32,,,1,15,,1107911,32,,,1,55,,1107920,32,,,1,16,,1107896,32,,,1,15,,1107903,32,,,1,15,,1107893,32,,,1,55,,1107909,32,,,1,17,,1107895,32,,,1,17,,1102171,32,,,1,15,,1107908,32,,,1,53,,1107880,32,,,1,15,,1107904,32,,,1,15,,1107915,32,,,1,15,,1107916,32,,,1,55,,1107883,32,,,1,15,,1107926,32,,,1,15,,1107901,32,,,1,16,,1107935,32,,,1,57,,1099048,32,,,1,17,,1107918,32,,,1,18,,1107913,32,,,1,50,,1107934,32,,,1,12,,1107930,32,,,1,14,,1107886,32,,,1,74,,1107879,32,,,1,9,,1107912,32,,,1,29,,1107910,32,,,1,16,,1107924,32,,,1,52,,1107905,32,,,1,15,,1107882,32,,,1,13,,1107906,32,,,1,15,,1107932,32,,,1,56,,1107885,32,,,1,28,,1107898,32,,,1,22,,1107928,32,,,1,67,,1107907,32,,,1,27,,1107888,32,,,1,70,,1107923,32,,,1,30,,1107887,32,,,1,70,,1107917,32,,,1,30,,935644,32,,,1,72,,1107929,32,,,1,28,,1107927,32,,,1,69,,1107925,32,,,1,87,,1107897,32,,,1
700,'12',445,,1107953,32,0,67,1,70,,1107971,32,0,67,1,32,,1107989,32,0,67,1,72,,1107950,32,,,1,30,,1107946,32,,,1,56,,1107966,32,,,1,13,,1107977,32,,,1,17,,1107958,32,,,1,16,,1107951,32,,,1,56,,1107968,32,,,1,19,,1107965,32,,,1,8,,1107980,32,,,1,7,,1107947,32,,,1,7,,1107939,32,,,1,53,,1107941,32,,,1,17,,1107952,32,,,1,13,,1107955,32,,,1,15,,1107982,32,,,1,54,,1107987,32,,,1,15,,1107981,32,,,1,24,,1107991,32,,,1,15,,1107960,32,,,1,55,,1107996,32,,,1,16,,1064643,32,,,1,15,,1107970,32,,,1,15,,1107974,32,,,1,55,,1107990,32,,,1,17,,1107961,32,,,1,17,,1101585,32,,,1,15,,1107984,32,,,1,53,,1107937,32,,,1,15,,1107963,32,,,1,15,,1107943,32,,,1,15,,1107936,32,,,1,55,,1107948,32,,,1,15,,1107979,32,,,1,15,,1107983,32,,,1,16,,1107992,32,,,1,57,,1107975,32,,,1,17,,1043781,32,,,1,18,,1093292,32,,,1,50,,1107942,32,,,1,12,,1107994,32,,,1,14,,1107959,32,,,1,74,,1107962,32,,,1,9,,1107956,32,,,1,29,,1107973,32,,,1,16,,1107993,32,,,1,52,,1107957,32,,,1,15,,1107986,32,,,1,13,,1107976,32,,,1,15,,1107988,32,,,1,56,,1107949,32,,,1,28,,1107978,32,,,1,22,,1107995,32,,,1,67,,1107967,32,,,1,27,,1107972,32,,,1,70,,1107940,32,,,1,30,,1107938,32,,,1,70,,1107969,32,,,1,30,,1107944,32,,,1,72,,1107954,32,,,1,28,,1107964,32,,,1,69,,1107985,32,,,1,87,,1107945,32,,,1
700,'13',600,,1108046,32,,,1,30,,1108023,32,,,1,70,,1108033,32,,,1,30,,1100512,32,,,1,70,,1108049,32,,,1,28,,1108006,32,,,1,23,,1108029,32,,,1,70,,1108048,32,,,1,30,,1108038,32,,,1,71,,1108041,32,,,1,31,,1108027,32,,,1,70,,1108010,32,,,1,30,,1108037,32,,,1,69,,1108015,32,,,1,30,,1108022,32,,,1,70,,1108034,32,,,1,30,,1108032,32,,,1,70,,1092728,32,,,1,30,,1088584,32,,,1,70,,1107998,32,,,1,24,,1108042,32,,,1,64,,1108035,32,,,1,24,,985007,32,,,1,24,,1108031,32,,,1,64,,1108053,32,,,1,29,,1108018,32,,,1,71,,1108021,32,,,1,30,,1108002,32,,,1,70,,1108052,32,,,1,30,,1108013,32,,,1,68,,1108043,32,,,1,16,,1108016,32,,,1,65,,1108017,32,,,1,30,,1108019,32,,,1,70,,1108020,32,,,1,30,,1108039,32,,,1,70,,1108036,32,,,1,30,,1108014,32,,,1,70,,1108044,32,,,1
700,'14',445,,1108080,32,0,67,1,70,,1108103,32,0,67,1,32,,1108071,32,0,67,1,72,,1108070,32,,,1,30,,1108073,32,,,1,56,,1108113,32,,,1,13,,1108083,32,,,1,17,,1108102,32,,,1,16,,1108059,32,,,1,56,,1108095,32,,,1,19,,1108057,32,,,1,8,,1108112,32,,,1,7,,1108075,32,,,1,7,,1108115,32,,,1,53,,1108065,32,,,1,17,,1108062,32,,,1,13,,1108100,32,,,1,15,,1108116,32,,,1,54,,1108081,32,,,1,15,,1108058,32,,,1,24,,1108072,32,,,1,15,,1108092,32,,,1,55,,1108101,32,,,1,16,,1108077,32,,,1,15,,1108084,32,,,1,15,,1108074,32,,,1,55,,1108090,32,,,1,17,,1108076,32,,,1,17,,1108055,32,,,1,15,,1108089,32,,,1,53,,1108061,32,,,1,15,,1108085,32,,,1,15,,1108096,32,,,1,15,,1108097,32,,,1,55,,1108064,32,,,1,15,,1108107,32,,,1,15,,1108082,32,,,1,16,,1108118,32,,,1,57,,1108056,32,,,1,17,,1108099,32,,,1,18,,1108094,32,,,1,50,,1108117,32,,,1,12,,1108111,32,,,1,14,,1108067,32,,,1,74,,1108060,32,,,1,9,,1108093,32,,,1,29,,1108091,32,,,1,16,,1108105,32,,,1,52,,1108086,32,,,1,15,,1108063,32,,,1,13,,1108087,32,,,1,15,,1108114,32,,,1,56,,1108066,32,,,1,28,,1108079,32,,,1,22,,1108109,32,,,1,67,,1108088,32,,,1,27,,1108069,32,,,1,70,,1108104,32,,,1,30,,1108068,32,,,1,70,,1108098,32,,,1,30,,1108054,32,,,1,72,,1108110,32,,,1,28,,1108108,32,,,1,69,,1108106,32,,,1,87,,1108078,32,,,1
700,'15',445,,1108128,32,0,67,1,70,,1108134,32,0,67,1,32,,1108140,32,0,67,1,72,,1108125,32,,,1,30,,1108152,32,,,1,56,,1108161,32,,,1,13,,1108150,32,,,1,17,,1108133,32,,,1,16,,1108165,32,,,1,56,,1108139,32,,,1,19,,1108124,32,,,1,8,,1108120,32,,,1,7,,1108155,32,,,1,7,,1108166,32,,,1,53,,1108175,32,,,1,17,,1108163,32,,,1,13,,1108178,32,,,1,15,,1108179,32,,,1,54,,1108137,32,,,1,15,,1108169,32,,,1,24,,1108121,32,,,1,15,,1108132,32,,,1,55,,1108157,32,,,1,16,,1108176,32,,,1,15,,1108172,32,,,1,15,,1108136,32,,,1,55,,1108148,32,,,1,17,,1108158,32,,,1,17,,1108156,32,,,1,15,,1108138,32,,,1,53,,1108130,32,,,1,15,,1108149,32,,,1,15,,1108170,32,,,1,15,,1108126,32,,,1,55,,1108174,32,,,1,15,,1108167,32,,,1,15,,1108173,32,,,1,16,,1108146,32,,,1,57,,1108123,32,,,1,17,,1108181,32,,,1,18,,1108147,32,,,1,50,,1108131,32,,,1,12,,1108145,32,,,1,14,,1108141,32,,,1,74,,1108143,32,,,1,9,,1108164,32,,,1,29,,1108168,32,,,1,16,,1108162,32,,,1,52,,1108127,32,,,1,15,,1108154,32,,,1,13,,1108142,32,,,1,15,,1108160,32,,,1,56,,1108153,32,,,1,28,,1108135,32,,,1,22,,1108180,32,,,1,67,,1108129,32,,,1,27,,1108119,32,,,1,70,,1108182,32,,,1,30,,1108159,32,,,1,70,,1108171,32,,,1,30,,1108183,32,,,1,72,,1108144,32,,,1,28,,1108151,32,,,1,69,,1108177,32,,,1,87,,1108122,32,,,1
700,'16',445,,1108198,32,0,67,1,70,,1108216,32,0,67,1,32,,1108234,32,0,67,1,72,,1108195,32,,,1,30,,997723,32,,,1,56,,1108211,32,,,1,13,,1108221,32,,,1,17,,1108203,32,,,1,16,,1108196,32,,,1,56,,1108213,32,,,1,19,,1108210,32,,,1,8,,1108224,32,,,1,7,,1108192,32,,,1,7,,1108188,32,,,1,53,,1065161,32,,,1,17,,1108197,32,,,1,13,,1108200,32,,,1,15,,1108226,32,,,1,54,,1108231,32,,,1,15,,1108225,32,,,1,24,,1108236,32,,,1,15,,1108205,32,,,1,55,,1108240,32,,,1,16,,1108187,32,,,1,15,,1108215,32,,,1,15,,1108219,32,,,1,55,,1108235,32,,,1,17,,1108206,32,,,1,17,,1108232,32,,,1,15,,1108228,32,,,1,53,,1108185,32,,,1,15,,1108208,32,,,1,15,,1082251,32,,,1,15,,1108184,32,,,1,55,,1108194,32,,,1,15,,1108223,32,,,1,15,,1108227,32,,,1,16,,1094629,32,,,1,57,,1108220,32,,,1,17,,1108193,32,,,1,18,,1108186,32,,,1,50,,1108190,32,,,1,12,,1108238,32,,,1,14,,1108204,32,,,1,74,,1108207,32,,,1,9,,1108201,32,,,1,29,,1108218,32,,,1,16,,1108237,32,,,1,52,,1108202,32,,,1,15,,1108230,32,,,1,13,,1070976,32,,,1,15,,1108233,32,,,1,56,,1086076,32,,,1,28,,1108222,32,,,1,22,,1108239,32,,,1,67,,1108212,32,,,1,27,,1108217,32,,,1,70,,1108189,32,,,1,30,,1088817,32,,,1,70,,1108214,32,,,1,30,,1043068,32,,,1,72,,1108199,32,,,1,28,,1108209,32,,,1,69,,1108229,32,,,1,87,,1108191,32,,,1
700,'17',600,,1108292,32,,,1,30,,1108268,32,,,1,70,,1108278,32,,,1,30,,1108302,32,,,1,70,,1108295,32,,,1,28,,1108250,32,,,1,23,,1108274,32,,,1,70,,1108294,32,,,1,30,,1108284,32,,,1,71,,1108287,32,,,1,31,,1108272,32,,,1,70,,1108255,32,,,1,30,,1108283,32,,,1,69,,1108260,32,,,1,30,,1108267,32,,,1,70,,1108280,32,,,1,30,,1108277,32,,,1,70,,1108298,32,,,1,30,,1108301,32,,,1,70,,1108242,32,,,1,24,,1108288,32,,,1,64,,1108281,32,,,1,24,,1108279,32,,,1,24,,1108276,32,,,1,64,,1108303,32,,,1,29,,1108263,32,,,1,71,,1108266,32,,,1,30,,1108246,32,,,1,70,,1108300,32,,,1,30,,1108258,32,,,1,68,,1108289,32,,,1,16,,1108261,32,,,1,65,,1108262,32,,,1,30,,1108264,32,,,1,70,,1108265,32,,,1,30,,1108285,32,,,1,70,,1108282,32,,,1,30,,1108259,32,,,1,70,,1108290,32,,,1
700,'2',632,,1108344,32,,,1,70,,1108331,32,,,1,30,,1108340,32,,,1,70,,1108322,32,,,1,31,,1108318,32,,,1,70,,1108334,32,,,1,30,,1108357,32,,,1,69,,1108316,32,,,1,24,,1108324,32,,,1,24,,1108305,32,,,1,64,,1108356,32,,,1,24,,1108337,32,,,1,64,,1108353,32,,,1,24,,1011227,32,,,1,12,,1108327,32,,,1,12,,1108325,32,,,1,52,,1108320,32,,,1,12,,1108341,32,,,1,12,,1108330,32,,,1,12,,1108308,32,,,1,12,,1108342,32,,,1,52,,1108333,32,,,1,11,,1088413,32,,,1,12,,1108351,32,,,1,12,,1108304,32,,,1,12,,1108361,32,,,1,52,,1108363,32,,,1,12,,1108339,32,,,1,12,,1108336,32,,,1,12,,1108317,32,,,1,12,,1108313,32,,,1,52,,1108311,32,,,1,12,,1108348,32,,,1,12,,1101077,32,,,1,12,,1108323,32,,,1,12,,1108312,32,,,1,52,,1108364,32,,,1,12,,1108346,32,,,1,12,,1108352,32,,,1,12,,1108306,32,,,1,12,,1108314,32,,,1,52,,1108360,32,,,1,14,,1108309,32,,,1,30,,1108321,32,,,1,70,,1108343,32,,,1,30,,940564,32,,,1,70,,1108329,32,,,1,28,,1108362,32,,,1,70,,1108350,32,,,1,30,,1108349,32,,,1,70,,1094713,32,,,1,30,,1108307,32,,,1,70,,1108338,32,,,1,30,,1108310,32,,,1,70,,1070768,32,,,1,30,,1108358,32,,,1,70,,1108354,32,,,1
700,'3',600,,1108416,32,,,1,30,,1108392,32,,,1,70,,1108402,32,,,1,30,,1108426,32,,,1,70,,1108419,32,,,1,28,,1108374,32,,,1,23,,1108398,32,,,1,70,,1108418,32,,,1,30,,1108408,32,,,1,71,,1108411,32,,,1,31,,1108396,32,,,1,70,,1108379,32,,,1,30,,1108407,32,,,1,69,,1108384,32,,,1,30,,1108391,32,,,1,70,,1108404,32,,,1,30,,1108401,32,,,1,70,,1108422,32,,,1,30,,1108425,32,,,1,70,,1108366,32,,,1,24,,1108412,32,,,1,64,,1108405,32,,,1,24,,1108403,32,,,1,24,,1108400,32,,,1,64,,1108427,32,,,1,29,,1108387,32,,,1,71,,1108390,32,,,1,30,,1108370,32,,,1,70,,1108424,32,,,1,30,,1108382,32,,,1,68,,1108413,32,,,1,16,,1108385,32,,,1,65,,1108386,32,,,1,30,,1108388,32,,,1,70,,1108389,32,,,1,30,,1108409,32,,,1,70,,1108406,32,,,1,30,,1108383,32,,,1,70,,1108414,32,,,1
700,'4',600,,1108477,32,,,1,30,,1108474,32,,,1,70,,1108457,32,,,1,30,,1108447,32,,,1,70,,1108467,32,,,1,28,,1108451,32,,,1,23,,1100907,32,,,1,70,,1108480,32,,,1,30,,1108438,32,,,1,71,,1108469,32,,,1,31,,1108456,32,,,1,70,,1108430,32,,,1,30,,1108463,32,,,1,69,,1108454,32,,,1,30,,1062983,32,,,1,70,,1108461,32,,,1,30,,1108478,32,,,1,70,,1108437,32,,,1,30,,1108435,32,,,1,70,,1108433,32,,,1,24,,1108466,32,,,1,64,,1108471,32,,,1,24,,1108443,32,,,1,24,,995098,32,,,1,64,,1108442,32,,,1,29,,1108444,32,,,1,71,,1108453,32,,,1,30,,1108448,32,,,1,70,,1108455,32,,,1,30,,1108440,32,,,1,68,,1108473,32,,,1,16,,1108452,32,,,1,65,,1108484,32,,,1,30,,1108460,32,,,1,70,,1108449,32,,,1,30,,1108446,32,,,1,70,,1108465,32,,,1,30,,1108441,32,,,1,70,,1108475,32,,,1
700,'5',445,,1108507,32,0,67,1,70,,1108530,32,0,67,1,32,,1108498,32,0,67,1,72,,1108497,32,,,1,30,,1108500,32,,,1,56,,979707,32,,,1,13,,1108510,32,,,1,17,,1108529,32,,,1,16,,1101758,32,,,1,56,,1108522,32,,,1,19,,1108485,32,,,1,8,,1108539,32,,,1,7,,1108502,32,,,1,7,,1108541,32,,,1,53,,1108492,32,,,1,17,,1108489,32,,,1,13,,1108527,32,,,1,15,,1100540,32,,,1,54,,1108508,32,,,1,15,,1108486,32,,,1,24,,1108499,32,,,1,15,,1108519,32,,,1,55,,1108528,32,,,1,16,,1108504,32,,,1,15,,1108511,32,,,1,15,,1108501,32,,,1,55,,1108517,32,,,1,17,,1108503,32,,,1,17,,1102161,32,,,1,15,,1108516,32,,,1,53,,1108488,32,,,1,15,,1108512,32,,,1,15,,1108523,32,,,1,15,,1108524,32,,,1,55,,1108491,32,,,1,15,,1108534,32,,,1,15,,1108509,32,,,1,16,,1108543,32,,,1,57,,1099001,32,,,1,17,,1108526,32,,,1,18,,1108521,32,,,1,50,,1108542,32,,,1,12,,1108538,32,,,1,14,,1108494,32,,,1,74,,1108487,32,,,1,9,,1108520,32,,,1,29,,1108518,32,,,1,16,,1108532,32,,,1,52,,1108513,32,,,1,15,,1108490,32,,,1,13,,1108514,32,,,1,15,,1108540,32,,,1,56,,1108493,32,,,1,28,,1108506,32,,,1,22,,1108536,32,,,1,67,,1108515,32,,,1,27,,1108496,32,,,1,70,,1108531,32,,,1,30,,1108495,32,,,1,70,,1108525,32,,,1,30,,935863,32,,,1,72,,1108537,32,,,1,28,,1108535,32,,,1,69,,1108533,32,,,1,87,,1108505,32,,,1
700,'6',445,,1108556,32,0,67,1,70,,1108574,32,0,67,1,32,,1093902,32,0,67,1,72,,1108553,32,,,1,30,,1108550,32,,,1,56,,1108569,32,,,1,13,,1108580,32,,,1,17,,1108561,32,,,1,16,,1108554,32,,,1,56,,1108571,32,,,1,19,,1108568,32,,,1,8,,1108582,32,,,1,7,,1031860,32,,,1,7,,1079350,32,,,1,53,,1108547,32,,,1,17,,1108555,32,,,1,13,,1108558,32,,,1,15,,1108584,32,,,1,54,,1017115,32,,,1,15,,1108583,32,,,1,24,,1108590,32,,,1,15,,1108563,32,,,1,55,,1094352,32,,,1,16,,1108546,32,,,1,15,,1108573,32,,,1,15,,1108577,32,,,1,55,,1007854,32,,,1,17,,1108564,32,,,1,17,,1108589,32,,,1,15,,1108586,32,,,1,53,,1039247,32,,,1,15,,1108566,32,,,1,15,,1108548,32,,,1,15,,1089287,32,,,1,55,,1014789,32,,,1,15,,1108581,32,,,1,15,,1108585,32,,,1,16,,1108591,32,,,1,57,,1108578,32,,,1,17,,1108551,32,,,1,18,,1108545,32,,,1,50,,1013971,32,,,1,12,,1068503,32,,,1,14,,1108562,32,,,1,74,,1108565,32,,,1,9,,1108559,32,,,1,29,,1108576,32,,,1,16,,1061205,32,,,1,52,,1108560,32,,,1,15,,1108588,32,,,1,13,,1108579,32,,,1,15,,1098439,32,,,1,56,,1108552,32,,,1,28,,999988,32,,,1,22,,1089624,32,,,1,67,,1108570,32,,,1,27,,1108575,32,,,1,70,,1048272,32,,,1,30,,1108544,32,,,1,70,,1108572,32,,,1,30,,1108549,32,,,1,72,,1108557,32,,,1,28,,1108567,32,,,1,69,,1108587,32,,,1,87,,1080020,32,,,1
700,'7',632,,1108639,32,,,1,70,,1108609,32,,,1,30,,1108628,32,,,1,70,,1108644,32,,,1,31,,1108601,32,,,1,70,,1108638,32,,,1,30,,1108607,32,,,1,69,,1108652,32,,,1,24,,1108625,32,,,1,24,,1108592,32,,,1,64,,1108619,32,,,1,24,,1108635,32,,,1,64,,1108595,32,,,1,24,,1108626,32,,,1,12,,1108648,32,,,1,12,,1108599,32,,,1,52,,1108649,32,,,1,12,,1108613,32,,,1,12,,1108650,32,,,1,12,,1108630,32,,,1,12,,1108629,32,,,1,52,,1108593,32,,,1,11,,1108634,32,,,1,12,,1108654,32,,,1,12,,1108647,32,,,1,12,,1108636,32,,,1,52,,1108656,32,,,1,12,,1108658,32,,,1,12,,1108605,32,,,1,12,,1108624,32,,,1,12,,1108623,32,,,1,52,,1108659,32,,,1,12,,1108641,32,,,1,12,,1108660,32,,,1,12,,1108598,32,,,1,12,,1108620,32,,,1,52,,1108604,32,,,1,12,,1108622,32,,,1,12,,1108640,32,,,1,12,,1108637,32,,,1,12,,1108643,32,,,1,52,,1108653,32,,,1,14,,1108617,32,,,1,30,,1108596,32,,,1,70,,1108611,32,,,1,30,,1108603,32,,,1,70,,1108606,32,,,1,28,,1108594,32,,,1,70,,1108655,32,,,1,30,,1108627,32,,,1,70,,1108651,32,,,1,30,,1108657,32,,,1,70,,1108632,32,,,1,30,,1108610,32,,,1,70,,1108661,32,,,1,30,,1108642,32,,,1,70,,1108633,32,,,1
700,'8',445,,1108682,32,0,67,1,70,,1108700,32,0,67,1,32,,1108719,32,0,67,1,72,,1108679,32,,,1,30,,1108674,32,,,1,56,,1108695,32,,,1,13,,1108706,32,,,1,17,,1108687,32,,,1,16,,1108680,32,,,1,56,,1108697,32,,,1,19,,1108694,32,,,1,8,,1108709,32,,,1,7,,1108675,32,,,1,7,,1108667,32,,,1,53,,1108669,32,,,1,17,,1108681,32,,,1,13,,1108684,32,,,1,15,,1108711,32,,,1,54,,1108716,32,,,1,15,,1108710,32,,,1,24,,1108721,32,,,1,15,,1108689,32,,,1,55,,1108726,32,,,1,16,,1108666,32,,,1,15,,1108699,32,,,1,15,,1108703,32,,,1,55,,1108720,32,,,1,17,,1108690,32,,,1,17,,1108717,32,,,1,15,,1108713,32,,,1,53,,1108663,32,,,1,15,,1108692,32,,,1,15,,1108671,32,,,1,15,,1108662,32,,,1,55,,1108677,32,,,1,15,,1108708,32,,,1,15,,1108712,32,,,1,16,,1108722,32,,,1,57,,1108704,32,,,1,17,,1108676,32,,,1,18,,1108665,32,,,1,50,,1108670,32,,,1,12,,1108724,32,,,1,14,,1108688,32,,,1,74,,1108691,32,,,1,9,,1108685,32,,,1,29,,1108702,32,,,1,16,,1108723,32,,,1,52,,1108686,32,,,1,15,,1108715,32,,,1,13,,1108705,32,,,1,15,,1108718,32,,,1,56,,1108678,32,,,1,28,,1108707,32,,,1,22,,1108725,32,,,1,67,,1108696,32,,,1,27,,1108701,32,,,1,70,,1108668,32,,,1,30,,1108664,32,,,1,70,,1108698,32,,,1,30,,1108672,32,,,1,72,,1108683,32,,,1,28,,1108693,32,,,1,69,,1108714,32,,,1,87,,1108673,32,,,1
700,'9',445,,1108749,32,0,67,1,70,,1108772,32,0,67,1,32,,1108740,32,0,67,1,72,,1108739,32,,,1,30,,1108742,32,,,1,56,,979668,32,,,1,13,,1108752,32,,,1,17,,1108771,32,,,1,16,,1101707,32,,,1,56,,1108764,32,,,1,19,,1108727,32,,,1,8,,1108781,32,,,1,7,,1108744,32,,,1,7,,1108783,32,,,1,53,,1108734,32,,,1,17,,1108731,32,,,1,13,,1108769,32,,,1,15,,1100503,32,,,1,54,,1108750,32,,,1,15,,1108728,32,,,1,24,,1108741,32,,,1,15,,1108761,32,,,1,55,,1108770,32,,,1,16,,1108746,32,,,1,15,,1108753,32,,,1,15,,1108743,32,,,1,55,,1108759,32,,,1,17,,1108745,32,,,1,17,,1102156,32,,,1,15,,1108758,32,,,1,53,,1108730,32,,,1,15,,1108754,32,,,1,15,,1108765,32,,,1,15,,1108766,32,,,1,55,,1108733,32,,,1,15,,1108776,32,,,1,15,,1108751,32,,,1,16,,1108785,32,,,1,57,,1098958,32,,,1,17,,1108768,32,,,1,18,,1108763,32,,,1,50,,1108784,32,,,1,12,,1108780,32,,,1,14,,1108736,32,,,1,74,,1108729,32,,,1,9,,1108762,32,,,1,29,,1108760,32,,,1,16,,1108774,32,,,1,52,,1108755,32,,,1,15,,1108732,32,,,1,13,,1108756,32,,,1,15,,1108782,32,,,1,56,,1108735,32,,,1,28,,1108748,32,,,1,22,,1108778,32,,,1,67,,1108757,32,,,1,27,,1108738,32,,,1,70,,1108773,32,,,1,30,,1108737,32,,,1,70,,1108767,32,,,1,30,,935810,32,,,1,72,,1108779,32,,,1,28,,1108777,32,,,1,69,,1108775,32,,,1,87,,1108747,32,,,1
1900,'1',540,,1121416,8,,,1,68,,891824,19,,,1,30,,1061735,19,,,1,15,,1121395,19,,,1,67,,1047258,19,,,1,28,,1088783,19,,,1,70,,1121415,19,,,1,35,,1121410,28,,,1,65,,1121403,28,,,1,28,,1121399,28,,,1,70,,1121409,28,,,1,30,,1121398,28,,,1,71,,1121400,28,,,1,30,,1121421,28,,,1,72,,1121411,28,,,1,29,,1121414,28,,,1,70,,1121402,28,,,1,31,,1102254,28,,,1,71,,1121406,28,,,1,30,,1094839,28,,,1,74,,1121419,28,,,1,26,,1121417,28,,,1,70,,1121397,28,,,1,30,,1077491,28,,,1,71,,1121401,28,,,1,32,,1121412,28,,,1,68,,1121413,28,,,1,32,,1087560,28,,,1,67,,1121420,28,,,1,27,,1121408,28,,,1,71,,1121407,28,,,1,31,,1121396,28,,,1,70,,948816,28,,,1,34,,1121418,28,,,1,69,,1121404,19,,,1,29,,1033803,28,,,1,149,,1121405,19,,,1
1900,'10',540,,1121443,8,,,1,68,,891853,19,,,1,30,,1061510,19,,,1,15,,1121422,19,,,1,67,,1047439,19,,,1,28,,1088378,19,,,1,70,,1121442,19,,,1,35,,1121437,28,,,1,65,,1121430,28,,,1,28,,1121426,28,,,1,70,,1121436,28,,,1,30,,1121425,28,,,1,71,,1121427,28,,,1,30,,1121448,28,,,1,72,,1121438,28,,,1,29,,1121441,28,,,1,70,,1121429,28,,,1,31,,1102236,28,,,1,71,,1121433,28,,,1,30,,1094699,28,,,1,74,,1121446,28,,,1,26,,1121444,28,,,1,70,,1121424,28,,,1,30,,1077378,28,,,1,71,,1121428,28,,,1,32,,1121439,28,,,1,68,,1121440,28,,,1,32,,1087350,28,,,1,67,,1121447,28,,,1,27,,1121435,28,,,1,71,,1121434,28,,,1,31,,1121423,28,,,1,70,,948567,28,,,1,34,,1121445,28,,,1,69,,1121431,19,,,1,29,,1033922,28,,,1,149,,1121432,19,,,1
1900,'11',540,,1121470,8,,,1,68,,891747,19,,,1,30,,1061802,19,,,1,15,,1121449,19,,,1,67,,1047206,19,,,1,28,,1088904,19,,,1,70,,1121469,19,,,1,35,,1121464,28,,,1,65,,1121457,28,,,1,28,,1121453,28,,,1,70,,1121463,28,,,1,30,,1121452,28,,,1,71,,1121454,28,,,1,30,,1121475,28,,,1,72,,1121465,28,,,1,29,,1121468,28,,,1,70,,1121456,28,,,1,31,,1102260,28,,,1,71,,1121460,28,,,1,30,,1094881,28,,,1,74,,1121473,28,,,1,26,,1121471,28,,,1,70,,1121451,28,,,1,30,,1077524,28,,,1,71,,1121455,28,,,1,32,,1121466,28,,,1,68,,1121467,28,,,1,32,,1087624,28,,,1,67,,1121474,28,,,1,27,,1121462,28,,,1,71,,1121461,28,,,1,31,,1121450,28,,,1,70,,948775,28,,,1,34,,1121472,28,,,1,69,,1121458,19,,,1,29,,1033768,28,,,1,149,,1121459,19,,,1
1900,'12',540,,1121502,8,,,1,68,,1121493,19,,,1,30,,996267,19,,,1,15,,1121500,19,,,1,67,,1121486,19,,,1,28,,1121492,19,,,1,70,,958592,19,,,1,35,,1121479,28,,,1,65,,1121480,28,,,1,28,,1121477,28,,,1,70,,1121488,28,,,1,30,,1121476,28,,,1,71,,1121499,28,,,1,30,,1090196,28,,,1,72,,1121497,28,,,1,29,,1121490,28,,,1,70,,1121482,28,,,1,31,,1121483,28,,,1,71,,1072305,28,,,1,30,,1121503,28,,,1,74,,1121484,28,,,1,26,,1121495,28,,,1,70,,1121491,28,,,1,30,,1121481,28,,,1,71,,1121498,28,,,1,32,,1121504,28,,,1,68,,1121485,28,,,1,32,,1121506,28,,,1,67,,1004596,28,,,1,27,,1121501,28,,,1,71,,1121487,28,,,1,31,,1121494,28,,,1,70,,1091220,28,,,1,34,,1121505,28,,,1,69,,1121478,19,,,1,29,,1121489,28,,,1,149,,1121496,19,,,1
1900,'13',926,,1121512,28,,,1,30,,1121519,28,,,1,70,,1121523,28,,,1,30,,1121524,28,,,1,70,,1121528,28,,,1,30,,1121518,28,,,1,70,,1121532,28,,,1,32,,1121529,28,,,1,70,,1121509,28,,,1,30,,1121510,28,,,1,70,,1121508,28,,,1,30,,1121515,28,,,1,70,,1121513,28,,,1,30,,1121520,28,,,1,70,,1121527,28,,,1,30,,1121531,28,,,1,70,,1121530,28,,,1,30,,1121533,28,,,1,70,,1121507,28,,,1,29,,1121525,28,,,1,70,,1121521,28,,,1,30,,1121511,28,,,1,69,,1121514,19,,,1,30,,1121526,19,,,1,70,,1121517,19,,,1,30,,1121516,19,,,1,100,,1121522,19,,,1
1900,'14',540,,1121561,8,,,1,68,,1121535,19,,,1,30,,1121538,19,,,1,15,,1121536,19,,,1,67,,1121540,19,,,1,28,,1121545,19,,,1,70,,1121560,19,,,1,35,,1121555,28,,,1,65,,1121548,28,,,1,28,,1121543,28,,,1,70,,1121554,28,,,1,30,,1121542,28,,,1,71,,1121544,28,,,1,30,,1121568,28,,,1,72,,1121556,28,,,1,29,,1121559,28,,,1,70,,1121547,28,,,1,31,,1121564,28,,,1,71,,1121551,28,,,1,30,,1121569,28,,,1,74,,1121565,28,,,1,26,,1121562,28,,,1,70,,1121541,28,,,1,30,,1121534,28,,,1,71,,1121546,28,,,1,32,,1121557,28,,,1,68,,1121558,28,,,1,32,,1121539,28,,,1,67,,1121567,28,,,1,27,,1121553,28,,,1,71,,1121552,28,,,1,31,,1121537,28,,,1,70,,1121570,28,,,1,34,,1121563,28,,,1,69,,1121549,19,,,1,29,,1121566,28,,,1,149,,1121550,19,,,1
1900,'15',540,,1121590,8,,,1,68,,1121601,19,,,1,30,,1121607,19,,,1,15,,1121578,19,,,1,67,,1121596,19,,,1,28,,1121603,19,,,1,70,,1121579,19,,,1,35,,1121575,28,,,1,65,,1121592,28,,,1,28,,1121604,28,,,1,70,,1121602,28,,,1,30,,1121573,28,,,1,71,,1121593,28,,,1,30,,1121591,28,,,1,72,,1121581,28,,,1,29,,1121595,28,,,1,70,,1121577,28,,,1,31,,1121571,28,,,1,71,,1121576,28,,,1,30,,1121585,28,,,1,74,,1121597,28,,,1,26,,1121594,28,,,1,70,,1121583,28,,,1,30,,1121606,28,,,1,71,,1121572,28,,,1,32,,1121588,28,,,1,68,,1121582,28,,,1,32,,1121589,28,,,1,67,,1121587,28,,,1,27,,1121584,28,,,1,71,,1121599,28,,,1,31,,1121598,28,,,1,70,,1121574,28,,,1,34,,1121605,28,,,1,69,,1121600,19,,,1,29,,1121586,28,,,1,149,,1121580,19,,,1
1900,'16',540,,1121635,8,,,1,68,,1121626,19,,,1,30,,1121608,19,,,1,15,,1121633,19,,,1,67,,1121620,19,,,1,28,,1121625,19,,,1,70,,1121610,19,,,1,35,,1121612,28,,,1,65,,1121613,28,,,1,28,,1093433,28,,,1,70,,1011807,28,,,1,30,,970525,28,,,1,71,,1121632,28,,,1,30,,1121611,28,,,1,72,,1121630,28,,,1,29,,1121623,28,,,1,70,,1121616,28,,,1,31,,1121617,28,,,1,71,,1121614,28,,,1,30,,1092933,28,,,1,74,,1121618,28,,,1,26,,1121628,28,,,1,70,,1121624,28,,,1,30,,1121615,28,,,1,71,,1121631,28,,,1,32,,1121638,28,,,1,68,,1121619,28,,,1,32,,1121640,28,,,1,67,,1121636,28,,,1,27,,1121634,28,,,1,71,,1121621,28,,,1,31,,1121627,28,,,1,70,,1121637,28,,,1,34,,1121639,28,,,1,69,,1121609,19,,,1,29,,1121622,28,,,1,149,,1121629,19,,,1
1900,'17',926,,1121646,28,,,1,30,,1121653,28,,,1,70,,1121657,28,,,1,30,,1121658,28,,,1,70,,1121662,28,,,1,30,,1121652,28,,,1,70,,1121666,28,,,1,32,,1121663,28,,,1,70,,1121643,28,,,1,30,,1121644,28,,,1,70,,1121642,28,,,1,30,,1121649,28,,,1,70,,1121647,28,,,1,30,,1121654,28,,,1,70,,1121661,28,,,1,30,,1121665,28,,,1,70,,1121664,28,,,1,30,,1121667,28,,,1,70,,1121641,28,,,1,29,,1121659,28,,,1,70,,1121655,28,,,1,30,,1121645,28,,,1,69,,1121648,19,,,1,30,,1121660,19,,,1,70,,1121651,19,,,1,30,,1121650,19,,,1,100,,1121656,19,,,1
1900,'2',653,,1121685,19,,,1,100,,1062833,19,,,1,70,,1121695,19,,,1,30,,1121690,28,,,1,70,,1121679,28,,,1,30,,1121677,28,,,1,70,,1121683,28,,,1,30,,1121686,28,,,1,70,,1076818,28,,,1,30,,1121691,28,,,1,70,,1121670,28,,,1,32,,1121682,28,,,1,70,,1121680,28,,,1,30,,1121672,28,,,1,70,,1121676,28,,,1,30,,1121689,28,,,1,70,,1121684,28,,,1,30,,1121678,28,,,1,70,,1121673,28,,,1,30,,1121681,28,,,1,70,,1121696,28,,,1,30,,1121669,28,,,1,70,,1121692,28,,,1,29,,1092644,28,,,1,70,,1121688,28,,,1,30,,1121671,28,,,1,70,,1121687,28,,,1,29,,1121694,28,,,1,70,,1121668,28,,,1,30,,1121675,19,,,1,70,,1121674,19,,,1,30,,1100341,19,,,1,100,,1121693,19,,,1
1900,'3',926,,1121702,28,,,1,30,,1121709,28,,,1,70,,1121713,28,,,1,30,,1121714,28,,,1,70,,1121718,28,,,1,30,,1121708,28,,,1,70,,1121722,28,,,1,32,,1121719,28,,,1,70,,1121699,28,,,1,30,,1121700,28,,,1,70,,1121698,28,,,1,30,,1121705,28,,,1,70,,1121703,28,,,1,30,,1121710,28,,,1,70,,1121717,28,,,1,30,,1121721,28,,,1,70,,1121720,28,,,1,30,,1121723,28,,,1,70,,1121697,28,,,1,29,,1121715,28,,,1,70,,1121711,28,,,1,30,,1121701,28,,,1,69,,1121704,19,,,1,30,,1121716,19,,,1,70,,1121707,19,,,1,30,,1121706,19,,,1,100,,1121712,19,,,1
1900,'4',926,,1121730,28,,,1,30,,1121745,28,,,1,70,,1121726,28,,,1,30,,1121738,28,,,1,70,,1121725,28,,,1,30,,1121737,28,,,1,70,,994478,28,,,1,32,,1121740,28,,,1,70,,1121733,28,,,1,30,,1121736,28,,,1,70,,1121727,28,,,1,30,,1121742,28,,,1,70,,1121729,28,,,1,30,,1121732,28,,,1,70,,1121724,28,,,1,30,,1121735,28,,,1,70,,1121743,28,,,1,30,,1084381,28,,,1,70,,1121734,28,,,1,29,,1121731,28,,,1,70,,1071204,28,,,1,30,,1121741,28,,,1,69,,1121728,19,,,1,30,,1121744,19,,,1,70,,1121746,19,,,1,30,,1121739,19,,,1,100,,1064366,19,,,1
1900,'5',540,,1121768,8,,,1,68,,891953,19,,,1,30,,1061693,19,,,1,15,,1121747,19,,,1,67,,1046954,19,,,1,28,,1088719,19,,,1,70,,1121767,19,,,1,35,,1121762,28,,,1,65,,1121755,28,,,1,28,,1121751,28,,,1,70,,1121761,28,,,1,30,,1121750,28,,,1,71,,1121752,28,,,1,30,,1121773,28,,,1,72,,1121763,28,,,1,29,,1121766,28,,,1,70,,1121754,28,,,1,31,,1102248,28,,,1,71,,1121758,28,,,1,30,,1094821,28,,,1,74,,1121771,28,,,1,26,,1121769,28,,,1,70,,1121749,28,,,1,30,,1077473,28,,,1,71,,1121753,28,,,1,32,,1121764,28,,,1,68,,1121765,28,,,1,32,,1087517,28,,,1,67,,1121772,28,,,1,27,,1121760,28,,,1,71,,1121759,28,,,1,31,,1121748,28,,,1,70,,948953,28,,,1,34,,1121770,28,,,1,69,,1121756,19,,,1,29,,1033603,28,,,1,149,,1121757,19,,,1
1900,'6',540,,1121801,8,,,1,68,,1121793,19,,,1,30,,1121776,19,,,1,15,,1121799,19,,,1,67,,1121786,19,,,1,28,,1121792,19,,,1,70,,1121778,19,,,1,35,,953237,28,,,1,65,,1091407,28,,,1,28,,1121775,28,,,1,70,,1121788,28,,,1,30,,1121774,28,,,1,71,,1121798,28,,,1,30,,1121779,28,,,1,72,,1102061,28,,,1,29,,1121790,28,,,1,70,,1121782,28,,,1,31,,1121783,28,,,1,71,,1121780,28,,,1,30,,1121802,28,,,1,74,,1121784,28,,,1,26,,1121795,28,,,1,70,,1121791,28,,,1,30,,1121781,28,,,1,71,,1121797,28,,,1,32,,1121805,28,,,1,68,,1121785,28,,,1,32,,998251,28,,,1,67,,1121803,28,,,1,27,,1121800,28,,,1,71,,1121787,28,,,1,31,,1121794,28,,,1,70,,1121804,28,,,1,34,,1121806,28,,,1,69,,1121777,19,,,1,29,,1121789,28,,,1,149,,1121796,19,,,1
1900,'7',653,,1121838,19,,,1,100,,1121817,19,,,1,70,,1121815,19,,,1,30,,1121811,28,,,1,70,,1121834,28,,,1,30,,1121809,28,,,1,70,,1121830,28,,,1,30,,1121839,28,,,1,70,,1121810,28,,,1,30,,1121831,28,,,1,70,,1121826,28,,,1,32,,1121812,28,,,1,70,,1121819,28,,,1,30,,1121837,28,,,1,70,,1121828,28,,,1,30,,1121836,28,,,1,70,,1121825,28,,,1,30,,1121822,28,,,1,70,,1121818,28,,,1,30,,1121835,28,,,1,70,,1121821,28,,,1,30,,1121813,28,,,1,70,,1121833,28,,,1,29,,1121824,28,,,1,70,,1121808,28,,,1,30,,1121814,28,,,1,70,,1121829,28,,,1,29,,1121807,28,,,1,70,,1121820,28,,,1,30,,1121816,19,,,1,70,,1121823,19,,,1,30,,1121827,19,,,1,100,,1121832,19,,,1
1900,'8',540,,1121870,8,,,1,68,,1121861,19,,,1,30,,1121842,19,,,1,15,,1121868,19,,,1,67,,1121854,19,,,1,28,,1121860,19,,,1,70,,1121844,19,,,1,35,,1121846,28,,,1,65,,1121847,28,,,1,28,,1121841,28,,,1,70,,1121856,28,,,1,30,,1121840,28,,,1,71,,1121867,28,,,1,30,,1121845,28,,,1,72,,1121865,28,,,1,29,,1121858,28,,,1,70,,1121850,28,,,1,31,,1121851,28,,,1,71,,1121848,28,,,1,30,,1121871,28,,,1,74,,1121852,28,,,1,26,,1121863,28,,,1,70,,1121859,28,,,1,30,,1121849,28,,,1,71,,1121866,28,,,1,32,,1121874,28,,,1,68,,1121853,28,,,1,32,,1121876,28,,,1,67,,1121872,28,,,1,27,,1121869,28,,,1,71,,1121855,28,,,1,31,,1121862,28,,,1,70,,1121873,28,,,1,34,,1121875,28,,,1,69,,1121843,19,,,1,29,,1121857,28,,,1,149,,1121864,19,,,1
1900,'9',540,,1121898,8,,,1,68,,891882,19,,,1,30,,1061578,19,,,1,15,,1121877,19,,,1,67,,1047310,19,,,1,28,,1088504,19,,,1,70,,1121897,19,,,1,35,,1121892,28,,,1,65,,1121885,28,,,1,28,,1121881,28,,,1,70,,1121891,28,,,1,30,,1121880,28,,,1,71,,1121882,28,,,1,30,,1121903,28,,,1,72,,1121893,28,,,1,29,,1121896,28,,,1,70,,1121884,28,,,1,31,,1102242,28,,,1,71,,1121888,28,,,1,30,,1094740,28,,,1,74,,1121901,28,,,1,26,,1121899,28,,,1,70,,1121879,28,,,1,30,,1077411,28,,,1,71,,1121883,28,,,1,32,,1121894,28,,,1,68,,1121895,28,,,1,32,,1087417,28,,,1,67,,1121902,28,,,1,27,,1121890,28,,,1,71,,1121889,28,,,1,31,,1121878,28,,,1,70,,948912,28,,,1,34,,1121900,28,,,1,69,,1121886,19,,,1,29,,1033838,28,,,1,149,,1121887,19,,,1
2000,'1',547,,1028013,44,,,1,100,,1122430,44,,,1,74,,1122435,44,,,1,31,,1122432,44,,,1,72,,1122421,44,,,1,30,,1122437,44,,,1,69,,1078716,44,,,1,31,,1122419,44,,,1,70,,1122439,44,,,1,30,,1122433,44,,,1,70,,1122425,44,,,1,30,,1122441,44,,,1,71,,1122429,44,,,1,30,,1071278,44,,,1,70,,1122424,44,,,1,30,,1054364,44,,,1,70,,1122426,44,,,1,31,,1122445,44,,,1,103,,1122438,44,,,1,74,,1122418,44,,,1,69,,1122428,44,,,1,27,,1122427,44,,,1,94,,1122440,44,,,1,29,,1122434,44,,,1,68,,1122431,44,,,1,28,,1100547,44,,,1,70,,1122422,44,,,1,30,,1122436,44,,,1,70,,1122443,44,,,1,29,,1122420,44,,,1,73,,1122444,44,,,1,28,,934022,44,,,1,68,,1122423,44,,,1,96,,1122442,44,,,1
2000,'10',547,,1028100,44,,,1,100,,1122458,44,,,1,74,,1122463,44,,,1,31,,1122460,44,,,1,72,,1122449,44,,,1,30,,1122465,44,,,1,69,,1078452,44,,,1,31,,1122447,44,,,1,70,,1122467,44,,,1,30,,1122461,44,,,1,70,,1122453,44,,,1,30,,1122469,44,,,1,71,,1122457,44,,,1,30,,1071081,44,,,1,70,,1122452,44,,,1,30,,1054421,44,,,1,70,,1122454,44,,,1,31,,1122473,44,,,1,103,,1122466,44,,,1,74,,1122446,44,,,1,69,,1122456,44,,,1,27,,1122455,44,,,1,94,,1122468,44,,,1,29,,1122462,44,,,1,68,,1122459,44,,,1,28,,1100469,44,,,1,70,,1122450,44,,,1,30,,1122464,44,,,1,70,,1122471,44,,,1,29,,1122448,44,,,1,73,,1122472,44,,,1,28,,934028,44,,,1,68,,1122451,44,,,1,96,,1122470,44,,,1
2000,'11',547,,1027987,44,,,1,100,,1122486,44,,,1,74,,1122491,44,,,1,31,,1122488,44,,,1,72,,1122477,44,,,1,30,,1122493,44,,,1,69,,1078796,44,,,1,31,,1122475,44,,,1,70,,1122495,44,,,1,30,,1122489,44,,,1,70,,1122481,44,,,1,30,,1122497,44,,,1,71,,1122485,44,,,1,30,,1071340,44,,,1,70,,1122480,44,,,1,30,,1054347,44,,,1,70,,1122482,44,,,1,31,,1122501,44,,,1,103,,1122494,44,,,1,74,,1122474,44,,,1,69,,1122484,44,,,1,27,,1122483,44,,,1,94,,1122496,44,,,1,29,,1122490,44,,,1,68,,1122487,44,,,1,28,,1100568,44,,,1,70,,1122478,44,,,1,30,,1122492,44,,,1,70,,1122499,44,,,1,29,,1122476,44,,,1,73,,1122500,44,,,1,28,,934016,44,,,1,68,,1122479,44,,,1,96,,1122498,44,,,1
2000,'12',547,,1122518,44,,,1,100,,1122513,44,,,1,74,,1122508,44,,,1,31,,1122524,44,,,1,72,,1122530,44,,,1,30,,1122514,44,,,1,69,,1122526,44,,,1,31,,1122528,44,,,1,70,,1122516,44,,,1,30,,1122531,44,,,1,70,,1071885,44,,,1,30,,1122525,44,,,1,71,,1122521,44,,,1,30,,1122523,44,,,1,70,,1098330,44,,,1,30,,1122522,44,,,1,70,,1122509,44,,,1,31,,1122502,44,,,1,103,,1122533,44,,,1,74,,1122529,44,,,1,69,,1122520,44,,,1,27,,1122504,44,,,1,94,,1122511,44,,,1,29,,1122515,44,,,1,68,,1122527,44,,,1,28,,1122506,44,,,1,70,,1122507,44,,,1,30,,1122517,44,,,1,70,,1122505,44,,,1,29,,1122512,44,,,1,73,,1122510,44,,,1,28,,1122503,44,,,1,68,,1122519,44,,,1,96,,1122532,44,,,1
2000,'13',944,,1122536,44,,,1,70,,1069980,44,,,1,32,,1122558,44,,,1,70,,1122546,44,,,1,30,,1122540,44,,,1,70,,1122537,44,,,1,30,,1122557,44,,,1,70,,1122547,44,,,1,30,,1122556,44,,,1,70,,1122555,44,,,1,31,,1122553,44,,,1,70,,1122550,44,,,1,30,,1122539,44,,,1,70,,1122534,44,,,1,30,,1122551,44,,,1,70,,1122542,44,,,1,30,,1122548,44,,,1,70,,1122544,44,,,1,29,,1122538,44,,,1,70,,1122545,44,,,1,30,,1122549,44,,,1,70,,1122552,44,,,1,28,,1122535,44,,,1,70,,1122554,44,,,1,99,,1122543,44,,,1,100,,1122541,44,,,1
2000,'14',547,,1122591,44,,,1,100,,1122575,44,,,1,74,,1122581,44,,,1,31,,1122578,44,,,1,72,,1122565,44,,,1,30,,1122583,44,,,1,69,,1122576,44,,,1,31,,1122562,44,,,1,70,,1122585,44,,,1,30,,1122579,44,,,1,70,,1122569,44,,,1,30,,1122587,44,,,1,71,,1122574,44,,,1,30,,1122573,44,,,1,70,,1122568,44,,,1,30,,1122560,44,,,1,70,,1122570,44,,,1,31,,1122592,44,,,1,103,,1122584,44,,,1,74,,1122559,44,,,1,69,,1122572,44,,,1,27,,1122571,44,,,1,94,,1122586,44,,,1,29,,1122580,44,,,1,68,,1122577,44,,,1,28,,1122563,44,,,1,70,,1122566,44,,,1,30,,1122582,44,,,1,70,,1122589,44,,,1,29,,1122564,44,,,1,73,,1122590,44,,,1,28,,1122561,44,,,1,68,,1122567,44,,,1,96,,1122588,44,,,1
2000,'15',547,,1122614,44,,,1,100,,1122613,44,,,1,74,,1122617,44,,,1,31,,1122606,44,,,1,72,,1122618,44,,,1,30,,1122619,44,,,1,69,,1122611,44,,,1,31,,1122622,44,,,1,70,,1122603,44,,,1,30,,1122593,44,,,1,70,,1122596,44,,,1,30,,1122612,44,,,1,71,,1122625,44,,,1,30,,1122594,44,,,1,70,,1122624,44,,,1,30,,1122609,44,,,1,70,,1122607,44,,,1,31,,1122600,44,,,1,103,,1122605,44,,,1,74,,1122608,44,,,1,69,,1122602,44,,,1,27,,1122601,44,,,1,94,,1122620,44,,,1,29,,1122626,44,,,1,68,,1122610,44,,,1,28,,1122597,44,,,1,70,,1122615,44,,,1,30,,1122621,44,,,1,70,,1122623,44,,,1,29,,1122598,44,,,1,73,,1122599,44,,,1,28,,1122604,44,,,1,68,,1122595,44,,,1,96,,1122616,44,,,1
2000,'16',547,,1122643,44,,,1,100,,1122638,44,,,1,74,,1122633,44,,,1,31,,1122649,44,,,1,72,,1122655,44,,,1,30,,1122639,44,,,1,69,,1122651,44,,,1,31,,1122653,44,,,1,70,,1122641,44,,,1,30,,1122656,44,,,1,70,,1122629,44,,,1,30,,1122650,44,,,1,71,,1122646,44,,,1,30,,1122648,44,,,1,70,,1122627,44,,,1,30,,1122647,44,,,1,70,,1122634,44,,,1,31,,1122628,44,,,1,103,,1097890,44,,,1,74,,1122654,44,,,1,69,,1122645,44,,,1,27,,1122631,44,,,1,94,,1122636,44,,,1,29,,1122640,44,,,1,68,,1122652,44,,,1,28,,1122632,44,,,1,70,,1091337,44,,,1,30,,1122642,44,,,1,70,,1066988,44,,,1,29,,1122637,44,,,1,73,,1122635,44,,,1,28,,1122630,44,,,1,68,,1122644,44,,,1,96,,1122657,44,,,1
2000,'17',944,,1122660,44,,,1,70,,1122683,44,,,1,32,,1122682,44,,,1,70,,1122670,44,,,1,30,,1122664,44,,,1,70,,1122661,44,,,1,30,,1122681,44,,,1,70,,1122671,44,,,1,30,,1122680,44,,,1,70,,1122679,44,,,1,31,,1122677,44,,,1,70,,1122674,44,,,1,30,,1122663,44,,,1,70,,1122658,44,,,1,30,,1122675,44,,,1,70,,1122666,44,,,1,30,,1122672,44,,,1,70,,1122668,44,,,1,29,,1122662,44,,,1,70,,1122669,44,,,1,30,,1122673,44,,,1,70,,1122676,44,,,1,28,,1122659,44,,,1,70,,1122678,44,,,1,99,,1122667,44,,,1,100,,1122665,44,,,1
2000,'2',714,,1122685,44,,,1,100,,1122684,44,,,1,30,,1122688,44,,,1,70,,1122691,44,,,1,32,,1122687,44,,,1,70,,1122699,44,,,1,32,,1122693,44,,,1,70,,1122692,44,,,1,30,,1122698,44,,,1,70,,1122705,44,,,1,30,,1122703,44,,,1,70,,1122686,44,,,1,30,,1087069,44,,,1,70,,1122690,44,,,1,31,,1122709,44,,,1,70,,1122700,44,,,1,30,,1122707,44,,,1,70,,1122701,44,,,1,30,,1065008,44,,,1,70,,1122689,44,,,1,30,,1122695,44,,,1,70,,1122694,44,,,1,29,,1122706,44,,,1,70,,1122704,44,,,1,30,,1122696,44,,,1,80,,1122697,44,,,1,98,,1020377,44,,,1,99,,1122702,44,,,1,100,,1122710,44,,,1,100,,1122708,44,,,1
2000,'3',944,,1122713,44,,,1,70,,1122736,44,,,1,32,,1122735,44,,,1,70,,1122723,44,,,1,30,,1122717,44,,,1,70,,1122714,44,,,1,30,,1122734,44,,,1,70,,1122724,44,,,1,30,,1122733,44,,,1,70,,1122732,44,,,1,31,,1122730,44,,,1,70,,1122727,44,,,1,30,,1122716,44,,,1,70,,1122711,44,,,1,30,,1122728,44,,,1,70,,1122719,44,,,1,30,,1122725,44,,,1,70,,1122721,44,,,1,29,,1122715,44,,,1,70,,1122722,44,,,1,30,,1122726,44,,,1,70,,1122729,44,,,1,28,,1122712,44,,,1,70,,1122731,44,,,1,99,,1122720,44,,,1,100,,1122718,44,,,1
2000,'4',944,,1025262,44,,,1,70,,1122756,44,,,1,32,,1122746,44,,,1,70,,1122743,44,,,1,30,,1122745,44,,,1,70,,1122751,44,,,1,30,,1122752,44,,,1,70,,1122739,44,,,1,30,,1122757,44,,,1,70,,1059699,44,,,1,31,,1066850,44,,,1,70,,1122748,44,,,1,30,,1122753,44,,,1,70,,1000607,44,,,1,30,,1122750,44,,,1,70,,1122744,44,,,1,30,,1122737,44,,,1,70,,1122738,44,,,1,29,,1122749,44,,,1,70,,1122754,44,,,1,30,,1122758,44,,,1,70,,1122741,44,,,1,28,,1122747,44,,,1,70,,1122740,44,,,1,99,,1122755,44,,,1,100,,1122742,44,,,1
2000,'5',547,,1027909,44,,,1,100,,1122771,44,,,1,74,,1122776,44,,,1,31,,1122773,44,,,1,72,,1122762,44,,,1,30,,1122778,44,,,1,69,,1078668,44,,,1,31,,1122760,44,,,1,70,,1122780,44,,,1,30,,1122774,44,,,1,70,,1122766,44,,,1,30,,1122782,44,,,1,71,,1122770,44,,,1,30,,1071244,44,,,1,70,,1122765,44,,,1,30,,1054266,44,,,1,70,,1122767,44,,,1,31,,1122786,44,,,1,103,,1122779,44,,,1,74,,1122759,44,,,1,69,,1122769,44,,,1,27,,1122768,44,,,1,94,,1122781,44,,,1,29,,1122775,44,,,1,68,,1122772,44,,,1,28,,1100534,44,,,1,70,,1122763,44,,,1,30,,1122777,44,,,1,70,,1122784,44,,,1,29,,1122761,44,,,1,73,,1122785,44,,,1,28,,934040,44,,,1,68,,1122764,44,,,1,96,,1122783,44,,,1
2000,'6',547,,1122798,44,,,1,100,,1122793,44,,,1,74,,1096880,44,,,1,31,,1122804,44,,,1,72,,1122810,44,,,1,30,,1122794,44,,,1,69,,1122806,44,,,1,31,,1122808,44,,,1,70,,1122796,44,,,1,30,,1122811,44,,,1,70,,1122788,44,,,1,30,,1122805,44,,,1,71,,1122801,44,,,1,30,,1122803,44,,,1,70,,1122787,44,,,1,30,,1122802,44,,,1,70,,1122791,44,,,1,31,,1064234,44,,,1,103,,1122812,44,,,1,74,,1122809,44,,,1,69,,1122800,44,,,1,27,,1046498,44,,,1,94,,1122792,44,,,1,29,,1122795,44,,,1,68,,1122807,44,,,1,28,,1087007,44,,,1,70,,1122790,44,,,1,30,,1122797,44,,,1,70,,1122789,44,,,1,29,,1065894,44,,,1,73,,1090079,44,,,1,28,,1088948,44,,,1,68,,1122799,44,,,1,96,,1050627,44,,,1
2000,'7',714,,1122826,44,,,1,100,,1122813,44,,,1,30,,1122842,44,,,1,70,,1122829,44,,,1,32,,1122838,44,,,1,70,,1122825,44,,,1,32,,1122817,44,,,1,70,,1122822,44,,,1,30,,1122824,44,,,1,70,,1122815,44,,,1,30,,1122840,44,,,1,70,,1122823,44,,,1,30,,1122827,44,,,1,70,,1122831,44,,,1,31,,1122830,44,,,1,70,,1122832,44,,,1,30,,1122841,44,,,1,70,,1122835,44,,,1,30,,1122820,44,,,1,70,,1122819,44,,,1,30,,1122836,44,,,1,70,,1122833,44,,,1,29,,1122839,44,,,1,70,,1122818,44,,,1,30,,1122837,44,,,1,80,,1122816,44,,,1,98,,1122821,44,,,1,99,,1122834,44,,,1,100,,1122814,44,,,1,100,,1122828,44,,,1
2000,'8',547,,1122861,44,,,1,100,,1122856,44,,,1,74,,1122851,44,,,1,31,,1122867,44,,,1,72,,1122873,44,,,1,30,,1122857,44,,,1,69,,1122869,44,,,1,31,,1122871,44,,,1,70,,1122859,44,,,1,30,,1122874,44,,,1,70,,1122845,44,,,1,30,,1122868,44,,,1,71,,1122864,44,,,1,30,,1122866,44,,,1,70,,1122843,44,,,1,30,,1122865,44,,,1,70,,1122852,44,,,1,31,,1122844,44,,,1,103,,1122876,44,,,1,74,,1122872,44,,,1,69,,1122863,44,,,1,27,,1122847,44,,,1,94,,1122854,44,,,1,29,,1122858,44,,,1,68,,1122870,44,,,1,28,,1122849,44,,,1,70,,1122850,44,,,1,30,,1122860,44,,,1,70,,1122848,44,,,1,29,,1122855,44,,,1,73,,1122853,44,,,1,28,,1122846,44,,,1,68,,1122862,44,,,1,96,,1122875,44,,,1
2000,'9',547,,1028039,44,,,1,100,,1122889,44,,,1,74,,1122894,44,,,1,31,,1122891,44,,,1,72,,1122880,44,,,1,30,,1122896,44,,,1,69,,1078533,44,,,1,31,,1122878,44,,,1,70,,1122898,44,,,1,30,,1122892,44,,,1,70,,1122884,44,,,1,30,,1122900,44,,,1,71,,1122888,44,,,1,30,,1071143,44,,,1,70,,1122883,44,,,1,30,,1054381,44,,,1,70,,1122885,44,,,1,31,,1122904,44,,,1,103,,1122897,44,,,1,74,,1122877,44,,,1,69,,1122887,44,,,1,27,,1122886,44,,,1,94,,1122899,44,,,1,29,,1122893,44,,,1,68,,1122890,44,,,1,28,,1100497,44,,,1,70,,1122881,44,,,1,30,,1122895,44,,,1,70,,1122902,44,,,1,29,,1122879,44,,,1,73,,1122903,44,,,1,28,,934034,44,,,1,68,,1122882,44,,,1,96,,1122901,44,,,1
60601,'1',723,,1198856,7,,,1
60601,'10',723,,1198857,7,,,1
60601,'11',723,,1198858,7,,,1
60601,'12',723,,1198859,7,,,1
60601,'14',723,,1198860,7,,,1
60601,'15',723,,1198861,7,,,1
60601,'16',723,,1198862,7,,,1
60601,'5',723,,1198863,7,,,1
60601,'6',723,,1198864,7,,,1
60601,'8',723,,1198865,7,,,1
60601,'9',723,,1198866,7,,,1
