1500,'1',713,,1119708,24,,,1,24,,1119718,24,,,1,20,,1119703,24,,,1,57,,1119719,24,,,1,15,,1119701,24,,,1,72,,1119705,24,,,1,15,,1119706,24,,,1,13,,1119715,24,,,1,16,,1119707,24,,,1,55,,1119713,24,,,1,13,,1119717,24,,,1,514,,1119710,24,0,37 38,1,19,,1119720,24,,,1,56,,1119714,24,,,1,15,,1119702,24,,,1,17,,1119712,24,,,1,13,,1119709,24,,,1,54,,1119704,24,,,1,30,,1027784,24,,,1,14,,1119723,24,,,1,55,,1119711,24,,,1,12,,1119716,24,,,1,13,,1119721,24,,,1,13,,1119722,24,,,1
1500,'10',713,,1119731,24,,,1,24,,1119741,24,,,1,20,,1119726,24,,,1,57,,1119742,24,,,1,15,,1119724,24,,,1,72,,1119728,24,,,1,15,,1119729,24,,,1,13,,1119738,24,,,1,16,,1119730,24,,,1,55,,1119736,24,,,1,13,,1119740,24,,,1,514,,1119733,24,0,37 38,1,19,,1119743,24,,,1,56,,1119737,24,,,1,15,,1119725,24,,,1,17,,1119735,24,,,1,13,,1119732,24,,,1,54,,1119727,24,,,1,30,,1027861,24,,,1,14,,1119746,24,,,1,55,,1119734,24,,,1,12,,1119739,24,,,1,13,,1119744,24,,,1,13,,1119745,24,,,1
1500,'11',713,,1119754,24,,,1,24,,1119764,24,,,1,20,,1119749,24,,,1,57,,1119765,24,,,1,15,,1119747,24,,,1,72,,1119751,24,,,1,15,,1119752,24,,,1,13,,1119761,24,,,1,16,,1119753,24,,,1,55,,1119759,24,,,1,13,,1119763,24,,,1,514,,1119756,24,0,37 38,1,19,,1119766,24,,,1,56,,1119760,24,,,1,15,,1119748,24,,,1,17,,1119758,24,,,1,13,,1119755,24,,,1,54,,1119750,24,,,1,30,,1027763,24,,,1,14,,1119769,24,,,1,55,,1119757,24,,,1,12,,1119762,24,,,1,13,,1119767,24,,,1,13,,1119768,24,,,1
1500,'12',713,,1119786,24,,,1,24,,1119787,24,,,1,20,,1119784,24,,,1,57,,1119774,24,,,1,15,,1119778,24,,,1,72,,1119790,24,,,1,15,,1119770,24,,,1,13,,1119777,24,,,1,16,,1119779,24,,,1,55,,1020776,24,,,1,13,,1119772,24,,,1,514,,1119776,24,0,37 38,1,19,,1010990,24,,,1,56,,1119781,24,,,1,15,,1119775,24,,,1,17,,1119783,24,,,1,13,,1119788,24,,,1,54,,1119780,24,,,1,30,,1119789,24,,,1,14,,1119771,24,,,1,55,,1119782,24,,,1,12,,908507,24,,,1,13,,1119773,24,,,1,13,,1119785,24,,,1
1500,'14',713,,1119798,24,,,1,24,,1119808,24,,,1,20,,1119793,24,,,1,57,,1119809,24,,,1,15,,1119791,24,,,1,72,,1119795,24,,,1,15,,1119796,24,,,1,13,,1119805,24,,,1,16,,1119797,24,,,1,55,,1119803,24,,,1,13,,1119807,24,,,1,514,,1119800,24,0,37 38,1,19,,1119810,24,,,1,56,,1119804,24,,,1,15,,1119792,24,,,1,17,,1119802,24,,,1,13,,1119799,24,,,1,54,,1119794,24,,,1,30,,1119813,24,,,1,14,,1119814,24,,,1,55,,1119801,24,,,1,12,,1119806,24,,,1,13,,1119811,24,,,1,13,,1119812,24,,,1
1500,'15',713,,1119828,24,,,1,24,,1119829,24,,,1,20,,1119831,24,,,1,57,,1119835,24,,,1,15,,1119821,24,,,1,72,,1119823,24,,,1,15,,1119827,24,,,1,13,,1119817,24,,,1,16,,1119818,24,,,1,55,,1119820,24,,,1,13,,1119815,24,,,1,514,,1119825,24,0,37 38,1,19,,1119824,24,,,1,56,,1119837,24,,,1,15,,1119832,24,,,1,17,,1119819,24,,,1,13,,1119816,24,,,1,54,,1119830,24,,,1,30,,1119833,24,,,1,14,,1119834,24,,,1,55,,1119838,24,,,1,12,,1119836,24,,,1,13,,1119826,24,,,1,13,,1119822,24,,,1
1500,'16',713,,1119855,24,,,1,24,,1119856,24,,,1,20,,1119852,24,,,1,57,,1119842,24,,,1,15,,1119846,24,,,1,72,,1062659,24,,,1,15,,1119839,24,,,1,13,,1119845,24,,,1,16,,1119847,24,,,1,55,,1119858,24,,,1,13,,1119840,24,,,1,514,,1119844,24,0,37 38,1,19,,1119854,24,,,1,56,,1119849,24,,,1,15,,1119843,24,,,1,17,,1119851,24,,,1,13,,1119857,24,,,1,54,,1119848,24,,,1,30,,1119860,24,,,1,14,,1000374,24,,,1,55,,1119850,24,,,1,12,,1119859,24,,,1,13,,1119841,24,,,1,13,,1119853,24,,,1
1500,'5',713,,1119868,24,,,1,24,,1119878,24,,,1,20,,1119863,24,,,1,57,,1119879,24,,,1,15,,1119861,24,,,1,72,,1119865,24,,,1,15,,1119866,24,,,1,13,,1119875,24,,,1,16,,1119867,24,,,1,55,,1119873,24,,,1,13,,1119877,24,,,1,514,,1119870,24,0,37 38,1,19,,1119880,24,,,1,56,,1119874,24,,,1,15,,1119862,24,,,1,17,,1119872,24,,,1,13,,1119869,24,,,1,54,,1119864,24,,,1,30,,1027686,24,,,1,14,,1119883,24,,,1,55,,1119871,24,,,1,12,,1119876,24,,,1,13,,1119881,24,,,1,13,,1119882,24,,,1
1500,'6',713,,1119898,24,,,1,24,,1119899,24,,,1,20,,1119895,24,,,1,57,,1119885,24,,,1,15,,1119889,24,,,1,72,,1119904,24,,,1,15,,1103592,24,,,1,13,,1119888,24,,,1,16,,1119890,24,,,1,55,,1119901,24,,,1,13,,1097941,24,,,1,514,,1119887,24,0,37 38,1,19,,1119897,24,,,1,56,,1119892,24,,,1,15,,1119886,24,,,1,17,,1119894,24,,,1,13,,1119900,24,,,1,54,,1119891,24,,,1,30,,1119903,24,,,1,14,,1119884,24,,,1,55,,1119893,24,,,1,12,,1119902,24,,,1,13,,1069885,24,,,1,13,,1119896,24,,,1
1500,'8',713,,1119922,24,,,1,24,,1119923,24,,,1,20,,1119919,24,,,1,57,,1119909,24,,,1,15,,1119913,24,,,1,72,,1119928,24,,,1,15,,1119905,24,,,1,13,,1119912,24,,,1,16,,1119914,24,,,1,55,,1119925,24,,,1,13,,1119907,24,,,1,514,,1119911,24,0,37 38,1,19,,1119921,24,,,1,56,,1119916,24,,,1,15,,1119910,24,,,1,17,,1119918,24,,,1,13,,1119924,24,,,1,54,,1119915,24,,,1,30,,1119927,24,,,1,14,,1119906,24,,,1,55,,1119917,24,,,1,12,,1119926,24,,,1,13,,1119908,24,,,1,13,,1119920,24,,,1
1500,'9',713,,1119936,24,,,1,24,,1119946,24,,,1,20,,1119931,24,,,1,57,,1119947,24,,,1,15,,1119929,24,,,1,72,,1119933,24,,,1,15,,1119934,24,,,1,13,,1119943,24,,,1,16,,1119935,24,,,1,55,,1119941,24,,,1,13,,1119945,24,,,1,514,,1119938,24,0,37 38,1,19,,1119948,24,,,1,56,,1119942,24,,,1,15,,1119930,24,,,1,17,,1119940,24,,,1,13,,1119937,24,,,1,54,,1119932,24,,,1,30,,1027805,24,,,1,14,,1119951,24,,,1,55,,1119939,24,,,1,12,,1119944,24,,,1,13,,1119949,24,,,1,13,,1119950,24,,,1
