4400,'1',505,,1141039,10,,,1,30,,1141015,10,,,1,70,,1141002,10,,,1,20,,1141033,10,,,1,17,,1141028,10,,,1,15,,1079562,10,,,1,55,,1141027,10,,,1,16,,1141030,10,,,1,15,,1141011,10,,,1,16,,1141025,10,,,1,57,,1141029,10,,,1,13,,1141043,10,,,1,15,,1081665,10,,,1,15,,1141035,10,,,1,54,,1141014,10,,,1,16,,1141007,10,,,1,13,,1141022,10,,,1,15,,1080486,10,,,1,55,,1141000,10,,,1,15,,1141038,10,,,1,15,,1141044,10,,,1,15,,1141023,10,,,1,55,,1141020,10,,,1,15,,1141037,10,,,1,15,,1141045,10,,,1,15,,1141009,10,,,1,55,,1141032,10,,,1,15,,1089507,10,,,1,15,,1141012,10,,,1,15,,1141016,10,,,1,55,,1093392,10,,,1,15,,1082224,10,,,1,15,,1141017,10,,,1,15,,1141031,10,,,1,55,,1141006,10,,,1,15,,1141040,10,,,1,16,,1141048,10,,,1,14,,1141034,10,,,1,49,,1141013,10,,,1,19,,1141024,10,,,1,15,,1141010,10,,,1,17,,1141018,10,,,1,53,,1141004,10,,,1,15,,1140996,10,,,1,15,,1141042,10,,,1,15,,1053333,10,,,1,54,,1079548,10,,,1,15,,1141041,10,,,1,14,,1141003,10,,,1,15,,1141021,10,,,1,54,,1141026,10,,,1,15,,1141005,10,,,1,14,,1141008,10,,,1,18,,1140998,10,,,1,55,,1088166,10,,,1,30,,1003816,10,,,1,70,,1098765,10,,,1,30,,1088796,10,,,1,70,,1082228,10,,,1,30,,1141046,10,,,1,70,,1141036,10,,,1,30,,1141019,10,,,1,70,,1141001,10,,,1,30,,1140997,10,,,1,70,,1141047,10,,,1,35,,1140999,10,,,1
4400,'10',505,,1141092,10,,,1,30,,1141068,10,,,1,70,,1141055,10,,,1,20,,1141086,10,,,1,17,,1141081,10,,,1,15,,1079370,10,,,1,55,,1141080,10,,,1,16,,1141083,10,,,1,15,,1141064,10,,,1,16,,1141078,10,,,1,57,,1141082,10,,,1,13,,1141096,10,,,1,15,,1081473,10,,,1,15,,1141088,10,,,1,54,,1141067,10,,,1,16,,1141060,10,,,1,13,,1141075,10,,,1,15,,1080340,10,,,1,55,,1141053,10,,,1,15,,1141091,10,,,1,15,,1141097,10,,,1,15,,1141076,10,,,1,55,,1141073,10,,,1,15,,1141090,10,,,1,15,,1141098,10,,,1,15,,1141062,10,,,1,55,,1141085,10,,,1,15,,1089323,10,,,1,15,,1141065,10,,,1,15,,1141069,10,,,1,55,,1093076,10,,,1,15,,1082061,10,,,1,15,,1141070,10,,,1,15,,1141084,10,,,1,55,,1141059,10,,,1,15,,1141093,10,,,1,16,,1141101,10,,,1,14,,1141087,10,,,1,49,,1141066,10,,,1,19,,1141077,10,,,1,15,,1141063,10,,,1,17,,1141071,10,,,1,53,,1141057,10,,,1,15,,1141049,10,,,1,15,,1141095,10,,,1,15,,1053391,10,,,1,54,,1079356,10,,,1,15,,1141094,10,,,1,14,,1141056,10,,,1,15,,1141074,10,,,1,54,,1141079,10,,,1,15,,1141058,10,,,1,14,,1141061,10,,,1,18,,1141051,10,,,1,55,,1087758,10,,,1,30,,1003973,10,,,1,70,,1098753,10,,,1,30,,1088391,10,,,1,70,,1082065,10,,,1,30,,1141099,10,,,1,70,,1141089,10,,,1,30,,1141072,10,,,1,70,,1141054,10,,,1,30,,1141050,10,,,1,70,,1141100,10,,,1,35,,1141052,10,,,1
4400,'11',505,,1141145,10,,,1,30,,1141121,10,,,1,70,,1141108,10,,,1,20,,1141139,10,,,1,17,,1141134,10,,,1,15,,1079621,10,,,1,55,,1141133,10,,,1,16,,1141136,10,,,1,15,,1141117,10,,,1,16,,1141131,10,,,1,57,,1141135,10,,,1,13,,1141149,10,,,1,15,,1081722,10,,,1,15,,1141141,10,,,1,54,,1141120,10,,,1,16,,1141113,10,,,1,13,,1141128,10,,,1,15,,1080530,10,,,1,55,,1141106,10,,,1,15,,1141144,10,,,1,15,,1141150,10,,,1,15,,1141129,10,,,1,55,,1141126,10,,,1,15,,1141143,10,,,1,15,,1141151,10,,,1,15,,1141115,10,,,1,55,,1141138,10,,,1,15,,1089558,10,,,1,15,,1141118,10,,,1,15,,1141122,10,,,1,55,,1093483,10,,,1,15,,1082277,10,,,1,15,,1141123,10,,,1,15,,1141137,10,,,1,55,,1141112,10,,,1,15,,1141146,10,,,1,16,,1141154,10,,,1,14,,1141140,10,,,1,49,,1141119,10,,,1,19,,1141130,10,,,1,15,,1141116,10,,,1,17,,1141124,10,,,1,53,,1141110,10,,,1,15,,1141102,10,,,1,15,,1141148,10,,,1,15,,1053316,10,,,1,54,,1079607,10,,,1,15,,1141147,10,,,1,14,,1141109,10,,,1,15,,1141127,10,,,1,54,,1141132,10,,,1,15,,1141111,10,,,1,14,,1141114,10,,,1,18,,1141104,10,,,1,55,,1088278,10,,,1,30,,1003768,10,,,1,70,,1098769,10,,,1,30,,1088917,10,,,1,70,,1082281,10,,,1,30,,1141152,10,,,1,70,,1141142,10,,,1,30,,1141125,10,,,1,70,,1141107,10,,,1,30,,1141103,10,,,1,70,,1141153,10,,,1,35,,1141105,10,,,1
4400,'12',505,,1141159,10,,,1,30,,1141187,10,,,1,70,,1141211,10,,,1,20,,1141174,10,,,1,17,,1141175,10,,,1,15,,1141209,10,,,1,55,,1141156,10,,,1,16,,1086338,10,,,1,15,,1141206,10,,,1,16,,1141195,10,,,1,57,,1141193,10,,,1,13,,1141213,10,,,1,15,,1141201,10,,,1,15,,1141158,10,,,1,54,,1141214,10,,,1,16,,1141199,10,,,1,13,,1141162,10,,,1,15,,1141188,10,,,1,55,,1141197,10,,,1,15,,1141196,10,,,1,15,,1073198,10,,,1,15,,1141176,10,,,1,55,,1141184,10,,,1,15,,1141207,10,,,1,15,,1141185,10,,,1,15,,1141171,10,,,1,55,,1141180,10,,,1,15,,1141173,10,,,1,15,,1141178,10,,,1,15,,1141155,10,,,1,55,,1048925,10,,,1,15,,1141191,10,,,1,15,,1141166,10,,,1,15,,1141186,10,,,1,55,,1141170,10,,,1,15,,1141183,10,,,1,16,,1141208,10,,,1,14,,1141182,10,,,1,49,,1141203,10,,,1,19,,1141190,10,,,1,15,,1141177,10,,,1,17,,1141194,10,,,1,53,,1141179,10,,,1,15,,1141205,10,,,1,15,,1141161,10,,,1,15,,1141198,10,,,1,54,,1141164,10,,,1,15,,1141168,10,,,1,14,,1141204,10,,,1,15,,1141181,10,,,1,54,,1141172,10,,,1,15,,1061234,10,,,1,14,,1141189,10,,,1,18,,1141215,10,,,1,55,,1141169,10,,,1,30,,1141212,10,,,1,70,,1141165,10,,,1,30,,1141167,10,,,1,70,,1141192,10,,,1,30,,1141210,10,,,1,70,,1141200,10,,,1,30,,1141202,10,,,1,70,,1141163,10,,,1,30,,1063016,10,,,1,70,,1141157,10,,,1,35,,1141160,10,,,1
4400,'13',737,,1141235,10,,,1,100,,1141217,10,,,1,70,,1141229,10,,,1,30,,1141231,10,,,1,70,,1141233,10,,,1,30,,1141224,10,,,1,70,,1141240,10,,,1,30,,1141241,10,,,1,70,,1141243,10,,,1,30,,1141247,10,,,1,70,,1141223,10,,,1,30,,1141216,10,,,1,70,,1141227,10,,,1,30,,1141226,10,,,1,70,,1141228,10,,,1,30,,1141244,10,,,1,70,,1141239,10,,,1,30,,1141237,10,,,1,70,,1141236,10,,,1,30,,1141218,10,,,1,70,,1141234,10,,,1,30,,1141219,10,,,1,70,,1141221,10,,,1,30,,1141238,10,,,1,70,,1141230,10,,,1,30,,1017216,10,,,1,70,,1141225,10,,,1,30,,1141245,10,,,1,70,,1141220,10,,,1,30,,1141222,10,,,1,70,,1141242,10,,,1,30,,1141246,10,,,1,76,,1141232,10,,,1
4400,'14',505,,1141301,10,,,1,30,,1141274,10,,,1,70,,1141260,10,,,1,20,,1141293,10,,,1,17,,1141287,10,,,1,15,,1141259,10,,,1,55,,1141286,10,,,1,16,,1141290,10,,,1,15,,1141270,10,,,1,16,,1141284,10,,,1,57,,1141288,10,,,1,13,,1141305,10,,,1,15,,1141252,10,,,1,15,,1141295,10,,,1,54,,1141273,10,,,1,16,,1141266,10,,,1,13,,1141281,10,,,1,15,,1141308,10,,,1,55,,1141257,10,,,1,15,,1141299,10,,,1,15,,1141306,10,,,1,15,,1141282,10,,,1,55,,1141279,10,,,1,15,,1141298,10,,,1,15,,1141309,10,,,1,15,,1141268,10,,,1,55,,1141292,10,,,1,15,,1141249,10,,,1,15,,1141271,10,,,1,15,,1141275,10,,,1,55,,1141254,10,,,1,15,,1141264,10,,,1,15,,1141276,10,,,1,15,,1141291,10,,,1,55,,1141265,10,,,1,15,,1141302,10,,,1,16,,1141312,10,,,1,14,,1141294,10,,,1,49,,1141272,10,,,1,19,,1141283,10,,,1,15,,1141269,10,,,1,17,,1141277,10,,,1,53,,1141262,10,,,1,15,,1141250,10,,,1,15,,1141304,10,,,1,15,,1141256,10,,,1,54,,1141248,10,,,1,15,,1141303,10,,,1,14,,1141261,10,,,1,15,,1141280,10,,,1,54,,1141285,10,,,1,15,,1141263,10,,,1,14,,1141267,10,,,1,18,,1141253,10,,,1,55,,1141313,10,,,1,30,,1141300,10,,,1,70,,1141289,10,,,1,30,,1141307,10,,,1,70,,1141296,10,,,1,30,,1141310,10,,,1,70,,1141297,10,,,1,30,,1141278,10,,,1,70,,1141258,10,,,1,30,,1141251,10,,,1,70,,1141311,10,,,1,35,,1141255,10,,,1
4400,'15',505,,1141334,10,,,1,30,,1141368,10,,,1,70,,1141317,10,,,1,20,,1141355,10,,,1,17,,1141330,10,,,1,15,,1141335,10,,,1,55,,1141318,10,,,1,16,,1141354,10,,,1,15,,1141359,10,,,1,16,,1141358,10,,,1,57,,1141342,10,,,1,13,,1141364,10,,,1,15,,1141351,10,,,1,15,,1141348,10,,,1,54,,1141322,10,,,1,16,,1141336,10,,,1,13,,1141332,10,,,1,15,,1141347,10,,,1,55,,1141349,10,,,1,15,,1141366,10,,,1,15,,1141379,10,,,1,15,,1141316,10,,,1,55,,1141369,10,,,1,15,,1141375,10,,,1,15,,1141340,10,,,1,15,,1141328,10,,,1,55,,1141325,10,,,1,15,,1141378,10,,,1,15,,1141344,10,,,1,15,,1141319,10,,,1,55,,1141339,10,,,1,15,,1141324,10,,,1,15,,1141343,10,,,1,15,,1141323,10,,,1,55,,1141367,10,,,1,15,,1141326,10,,,1,16,,1141320,10,,,1,14,,1141362,10,,,1,49,,1141363,10,,,1,19,,1141357,10,,,1,15,,1141315,10,,,1,17,,1141371,10,,,1,53,,1141360,10,,,1,15,,1141341,10,,,1,15,,1141352,10,,,1,15,,1141338,10,,,1,54,,1141350,10,,,1,15,,1141373,10,,,1,14,,1141327,10,,,1,15,,1141374,10,,,1,54,,1141337,10,,,1,15,,1141377,10,,,1,14,,1141365,10,,,1,18,,1141372,10,,,1,55,,1141376,10,,,1,30,,1141321,10,,,1,70,,1141370,10,,,1,30,,1141346,10,,,1,70,,1141314,10,,,1,30,,1141353,10,,,1,70,,1141361,10,,,1,30,,1141333,10,,,1,70,,1141345,10,,,1,30,,1141329,10,,,1,70,,1141331,10,,,1,35,,1141356,10,,,1
4400,'16',505,,1071300,10,,,1,30,,1141411,10,,,1,70,,1141437,10,,,1,20,,1141398,10,,,1,17,,1141399,10,,,1,15,,1141434,10,,,1,55,,1141381,10,,,1,16,,1141385,10,,,1,15,,1141431,10,,,1,16,,1141420,10,,,1,57,,1141418,10,,,1,13,,1141439,10,,,1,15,,1141426,10,,,1,15,,1067425,10,,,1,54,,1081710,10,,,1,16,,1141424,10,,,1,13,,1011004,10,,,1,15,,1141412,10,,,1,55,,1141422,10,,,1,15,,1141421,10,,,1,15,,1141435,10,,,1,15,,1141400,10,,,1,55,,1141408,10,,,1,15,,1141432,10,,,1,15,,1141409,10,,,1,15,,1141395,10,,,1,55,,1141404,10,,,1,15,,1141397,10,,,1,15,,1141402,10,,,1,15,,1141380,10,,,1,55,,1141394,10,,,1,15,,1141415,10,,,1,15,,1141389,10,,,1,15,,1141410,10,,,1,55,,1141393,10,,,1,15,,1141407,10,,,1,16,,1141433,10,,,1,14,,1141406,10,,,1,49,,1141428,10,,,1,19,,1141414,10,,,1,15,,1141401,10,,,1,17,,1141419,10,,,1,53,,1141403,10,,,1,15,,1141430,10,,,1,15,,1141384,10,,,1,15,,1141423,10,,,1,54,,1141387,10,,,1,15,,1141391,10,,,1,14,,1141429,10,,,1,15,,1141405,10,,,1,54,,1141396,10,,,1,15,,1141440,10,,,1,14,,1141413,10,,,1,18,,1141441,10,,,1,55,,1141392,10,,,1,30,,1141438,10,,,1,70,,1141388,10,,,1,30,,1141390,10,,,1,70,,1141417,10,,,1,30,,1141436,10,,,1,70,,1141425,10,,,1,30,,1141427,10,,,1,70,,1141386,10,,,1,30,,1141416,10,,,1,70,,1141382,10,,,1,35,,1141383,10,,,1
4400,'17',737,,1141462,10,,,1,100,,1141444,10,,,1,70,,1141456,10,,,1,30,,1141458,10,,,1,70,,1141460,10,,,1,30,,1141451,10,,,1,70,,1141467,10,,,1,30,,1141468,10,,,1,70,,1141470,10,,,1,30,,1141474,10,,,1,70,,1141450,10,,,1,30,,1141442,10,,,1,70,,1141454,10,,,1,30,,1141453,10,,,1,70,,1141455,10,,,1,30,,1141471,10,,,1,70,,1141466,10,,,1,30,,1141464,10,,,1,70,,1141463,10,,,1,30,,1141445,10,,,1,70,,1141461,10,,,1,30,,1141446,10,,,1,70,,1141448,10,,,1,30,,1141465,10,,,1,70,,1141457,10,,,1,30,,1141443,10,,,1,70,,1141452,10,,,1,30,,1141472,10,,,1,70,,1141447,10,,,1,30,,1141449,10,,,1,70,,1141469,10,,,1,30,,1141473,10,,,1,76,,1141459,10,,,1
4400,'2',628,,1039279,10,,,1,25,,1141496,10,,,1,70,,1141503,10,,,1,30,,1141490,10,,,1,70,,1084611,10,,,1,30,,1141487,10,,,1,70,,1141494,10,,,1,29,,1141479,10,,,1,70,,1141483,10,,,1,30,,1141482,10,,,1,70,,1141502,10,,,1,30,,1141486,10,,,1,70,,1141492,10,,,1,30,,1141495,10,,,1,70,,1141505,10,,,1,30,,1141498,10,,,1,70,,1099917,10,,,1,30,,1141477,10,,,1,70,,1141504,10,,,1,30,,1141478,10,,,1,70,,1141506,10,,,1,30,,1141500,10,,,1,70,,1141493,10,,,1,30,,1141480,10,,,1,70,,1085124,10,,,1,26,,1141485,10,,,1,70,,1141491,10,,,1,30,,1141481,10,,,1,70,,1141501,10,,,1,30,,1141499,10,,,1,70,,1141489,10,,,1,30,,1141476,10,,,1,70,,1141475,10,,,1,30,,1141508,10,,,1,70,,1141497,10,,,1,30,,1141484,10,,,1,70,,1141488,10,,,1
4400,'3',737,,1141529,10,,,1,100,,1141511,10,,,1,70,,1141523,10,,,1,30,,1141525,10,,,1,70,,1141527,10,,,1,30,,1141518,10,,,1,70,,1141534,10,,,1,30,,1141535,10,,,1,70,,1141537,10,,,1,30,,1141541,10,,,1,70,,1141517,10,,,1,30,,1141509,10,,,1,70,,1141521,10,,,1,30,,1141520,10,,,1,70,,1141522,10,,,1,30,,1141538,10,,,1,70,,1141533,10,,,1,30,,1141531,10,,,1,70,,1141530,10,,,1,30,,1141512,10,,,1,70,,1141528,10,,,1,30,,1141513,10,,,1,70,,1141515,10,,,1,30,,1141532,10,,,1,70,,1141524,10,,,1,30,,1141510,10,,,1,70,,1141519,10,,,1,30,,1141539,10,,,1,70,,1141514,10,,,1,30,,1141516,10,,,1,70,,1141536,10,,,1,30,,1141540,10,,,1,76,,1141526,10,,,1
4400,'4',737,,1141548,10,,,1,100,,1141546,10,,,1,70,,1141569,10,,,1,30,,1141556,10,,,1,70,,1141566,10,,,1,30,,1141544,10,,,1,70,,1141542,10,,,1,30,,1141562,10,,,1,70,,1141552,10,,,1,30,,1101129,10,,,1,70,,1141570,10,,,1,30,,1141558,10,,,1,70,,1141557,10,,,1,30,,1141561,10,,,1,70,,1141560,10,,,1,30,,1141543,10,,,1,70,,1026683,10,,,1,30,,1141549,10,,,1,70,,1141554,10,,,1,30,,1072567,10,,,1,70,,1141563,10,,,1,30,,1141550,10,,,1,70,,1141547,10,,,1,30,,1141555,10,,,1,70,,1141568,10,,,1,30,,1141564,10,,,1,70,,1141553,10,,,1,30,,1027937,10,,,1,70,,1141565,10,,,1,30,,1141559,10,,,1,70,,1141567,10,,,1,30,,1141551,10,,,1,76,,1141545,10,,,1
4400,'5',505,,1141614,10,,,1,30,,1141590,10,,,1,70,,1141577,10,,,1,20,,1141608,10,,,1,17,,1141603,10,,,1,15,,1079528,10,,,1,55,,1141602,10,,,1,16,,1141605,10,,,1,15,,1141586,10,,,1,16,,1141600,10,,,1,57,,1141604,10,,,1,13,,1141618,10,,,1,15,,1081632,10,,,1,15,,1141610,10,,,1,54,,1141589,10,,,1,16,,1141582,10,,,1,13,,1141597,10,,,1,15,,1080464,10,,,1,55,,1141575,10,,,1,15,,1141613,10,,,1,15,,1141619,10,,,1,15,,1141598,10,,,1,55,,1141595,10,,,1,15,,1141612,10,,,1,15,,1141620,10,,,1,15,,1141584,10,,,1,55,,1141607,10,,,1,15,,1089472,10,,,1,15,,1141587,10,,,1,15,,1141591,10,,,1,55,,1093337,10,,,1,15,,1082194,10,,,1,15,,1141592,10,,,1,15,,1141606,10,,,1,55,,1141581,10,,,1,15,,1141615,10,,,1,16,,1141623,10,,,1,14,,1141609,10,,,1,49,,1141588,10,,,1,19,,1141599,10,,,1,15,,1141585,10,,,1,17,,1141593,10,,,1,53,,1141579,10,,,1,15,,1141571,10,,,1,15,,1141617,10,,,1,15,,1053238,10,,,1,54,,1079514,10,,,1,15,,1141616,10,,,1,14,,1141578,10,,,1,15,,1141596,10,,,1,54,,1141601,10,,,1,15,,1141580,10,,,1,14,,1141583,10,,,1,18,,1141573,10,,,1,55,,1088105,10,,,1,30,,1003547,10,,,1,70,,1098761,10,,,1,30,,1088732,10,,,1,70,,1082198,10,,,1,30,,1141621,10,,,1,70,,1141611,10,,,1,30,,1141594,10,,,1,70,,1141576,10,,,1,30,,1141572,10,,,1,70,,1141622,10,,,1,35,,1141574,10,,,1
4400,'6',505,,1141626,10,,,1,30,,1141650,10,,,1,70,,1044001,10,,,1,20,,1141638,10,,,1,17,,1141639,10,,,1,15,,1141673,10,,,1,55,,962209,10,,,1,16,,1141627,10,,,1,15,,1141670,10,,,1,16,,1141659,10,,,1,57,,1141657,10,,,1,13,,1068947,10,,,1,15,,1141665,10,,,1,15,,1141625,10,,,1,54,,1141678,10,,,1,16,,1141663,10,,,1,13,,1141628,10,,,1,15,,1141651,10,,,1,55,,1141661,10,,,1,15,,1141660,10,,,1,15,,1141674,10,,,1,15,,1141640,10,,,1,55,,1141647,10,,,1,15,,1141671,10,,,1,15,,1141648,10,,,1,15,,1141635,10,,,1,55,,1141644,10,,,1,15,,1141637,10,,,1,15,,1141642,10,,,1,15,,1057189,10,,,1,55,,1141634,10,,,1,15,,1141654,10,,,1,15,,1141629,10,,,1,15,,1141649,10,,,1,55,,1141633,10,,,1,15,,1141646,10,,,1,16,,1141672,10,,,1,14,,1141645,10,,,1,49,,1141667,10,,,1,19,,1141653,10,,,1,15,,1141641,10,,,1,17,,1141658,10,,,1,53,,1141643,10,,,1,15,,1141669,10,,,1,15,,1091975,10,,,1,15,,1141662,10,,,1,54,,1089607,10,,,1,15,,1141631,10,,,1,14,,1141668,10,,,1,15,,1101661,10,,,1,54,,1141636,10,,,1,15,,1141677,10,,,1,14,,1141652,10,,,1,18,,1016513,10,,,1,55,,1141632,10,,,1,30,,1141676,10,,,1,70,,1089608,10,,,1,30,,1141630,10,,,1,70,,1141656,10,,,1,30,,1141675,10,,,1,70,,1141664,10,,,1,30,,1141666,10,,,1,70,,999375,10,,,1,30,,1141655,10,,,1,70,,1141624,10,,,1,35,,981333,10,,,1
4400,'7',628,,1141694,10,,,1,25,,1141699,10,,,1,70,,1141716,10,,,1,30,,1141686,10,,,1,70,,1141698,10,,,1,30,,1141696,10,,,1,70,,1141711,10,,,1,29,,1141707,10,,,1,70,,1141713,10,,,1,30,,1141695,10,,,1,70,,1141683,10,,,1,30,,1141715,10,,,1,70,,1141706,10,,,1,30,,1141689,10,,,1,70,,1141702,10,,,1,30,,1141701,10,,,1,70,,1141681,10,,,1,30,,1141690,10,,,1,70,,1141703,10,,,1,30,,1141708,10,,,1,70,,1141705,10,,,1,30,,1141697,10,,,1,70,,1141679,10,,,1,30,,1141682,10,,,1,70,,1141709,10,,,1,26,,1141710,10,,,1,70,,1141680,10,,,1,30,,1141704,10,,,1,70,,1141692,10,,,1,30,,1141700,10,,,1,70,,1141688,10,,,1,30,,1141685,10,,,1,70,,1141714,10,,,1,30,,1141693,10,,,1,70,,1141684,10,,,1,30,,1141712,10,,,1,70,,1141691,10,,,1
4400,'8',505,,1141721,10,,,1,30,,1141751,10,,,1,70,,1141777,10,,,1,20,,1141738,10,,,1,17,,1141739,10,,,1,15,,1141774,10,,,1,55,,1141718,10,,,1,16,,1141724,10,,,1,15,,1141771,10,,,1,16,,1141760,10,,,1,57,,1141758,10,,,1,13,,1141779,10,,,1,15,,1141766,10,,,1,15,,1141720,10,,,1,54,,1141781,10,,,1,16,,1141764,10,,,1,13,,1141725,10,,,1,15,,1141752,10,,,1,55,,1141762,10,,,1,15,,1141761,10,,,1,15,,1141775,10,,,1,15,,1141740,10,,,1,55,,1141748,10,,,1,15,,1141772,10,,,1,15,,1141749,10,,,1,15,,1141735,10,,,1,55,,1141744,10,,,1,15,,1141737,10,,,1,15,,1141742,10,,,1,15,,1141717,10,,,1,55,,1141734,10,,,1,15,,1141755,10,,,1,15,,1141729,10,,,1,15,,1141750,10,,,1,55,,1141733,10,,,1,15,,1141747,10,,,1,16,,1141773,10,,,1,14,,1141746,10,,,1,49,,1141768,10,,,1,19,,1141754,10,,,1,15,,1141741,10,,,1,17,,1141759,10,,,1,53,,1141743,10,,,1,15,,1141770,10,,,1,15,,1141723,10,,,1,15,,1141763,10,,,1,54,,1141727,10,,,1,15,,1141731,10,,,1,14,,1141769,10,,,1,15,,1141745,10,,,1,54,,1141736,10,,,1,15,,1141780,10,,,1,14,,1141753,10,,,1,18,,1141782,10,,,1,55,,1141732,10,,,1,30,,1141778,10,,,1,70,,1141728,10,,,1,30,,1141730,10,,,1,70,,1141757,10,,,1,30,,1141776,10,,,1,70,,1141765,10,,,1,30,,1141767,10,,,1,70,,1141726,10,,,1,30,,1141756,10,,,1,70,,1141719,10,,,1,35,,1141722,10,,,1
4400,'9',505,,1141826,10,,,1,30,,1141802,10,,,1,70,,1141789,10,,,1,20,,1141820,10,,,1,17,,1141815,10,,,1,15,,1079429,10,,,1,55,,1141814,10,,,1,16,,1141817,10,,,1,15,,1141798,10,,,1,16,,1141812,10,,,1,57,,1141816,10,,,1,13,,1141830,10,,,1,15,,1081530,10,,,1,15,,1141822,10,,,1,54,,1141801,10,,,1,16,,1141794,10,,,1,13,,1141809,10,,,1,15,,1080391,10,,,1,55,,1141787,10,,,1,15,,1141825,10,,,1,15,,1141831,10,,,1,15,,1141810,10,,,1,55,,1141807,10,,,1,15,,1141824,10,,,1,15,,1141832,10,,,1,15,,1141796,10,,,1,55,,1141819,10,,,1,15,,1089387,10,,,1,15,,1141799,10,,,1,15,,1141803,10,,,1,55,,1093181,10,,,1,15,,1082112,10,,,1,15,,1141804,10,,,1,15,,1141818,10,,,1,55,,1141793,10,,,1,15,,1141827,10,,,1,16,,1141835,10,,,1,14,,1141821,10,,,1,49,,1141800,10,,,1,19,,1141811,10,,,1,15,,1141797,10,,,1,17,,1141805,10,,,1,53,,1141791,10,,,1,15,,1141783,10,,,1,15,,1141829,10,,,1,15,,1053350,10,,,1,54,,1079415,10,,,1,15,,1141828,10,,,1,14,,1141790,10,,,1,15,,1141808,10,,,1,54,,1141813,10,,,1,15,,1141792,10,,,1,14,,1141795,10,,,1,18,,1141785,10,,,1,55,,1087888,10,,,1,30,,1003864,10,,,1,70,,1098757,10,,,1,30,,1088517,10,,,1,70,,1082116,10,,,1,30,,1141833,10,,,1,70,,1141823,10,,,1,30,,1141806,10,,,1,70,,1141788,10,,,1,30,,1141784,10,,,1,70,,1141834,10,,,1,35,,1141786,10,,,1
