501,'1',544,,1104756,8,,,1,96,,1104712,31,,,1,64,,1104720,31,,,1,16,,1104710,31,,,1,20,,1104721,31,,,1,17,,1104731,31,,,1,59,,1104719,31,,,1,15,,929935,31,,,1,19,,1104724,31,,,1,56,,1104742,31,,,1,15,,1104751,31,,,1,14,,1104747,31,,,1,13,,1104736,31,,,1,53,,1104726,31,,,1,14,,1104718,31,,,1,14,,1104754,31,,,1,13,,1104714,31,,,1,14,,1104727,31,,,1,54,,1104757,31,,,1,15,,1104709,31,,,1,17,,1104728,31,,,1,16,,1104748,31,,,1,55,,1104704,31,,,1,15,,1104717,31,,,1,15,,1104706,31,,,1,15,,967320,31,,,1,55,,1104723,31,,,1,15,,983280,31,,,1,15,,1104711,31,,,1,15,,1104735,31,,,1,55,,1104739,31,,,1,17,,1104732,31,,,1,16,,1104745,31,,,1,56,,1104733,23,,,1,1,,1104734,31,,,1,17,,1104740,31,,,1,17,,1102192,31,,,1,11,,1104760,31,,,1,7,,1104729,31,,,1,57,,1081378,31,,,1,16,,1104708,31,,,1,17,,1104761,31,,,1,55,,1104738,31,,,1,5,,1103668,31,,,1,10,,1104725,31,,,1,15,,1038268,31,,,1,14,,1104741,31,,,1,14,,1104743,31,,,1,55,,1104716,31,,,1,9,,1104713,31,,,1,4,,1104730,31,,,1,13,,1104749,31,,,1,13,,1104750,31,,,1,53,,1104752,31,,,1,12,,1104759,31,,,1,11,,1104722,31,,,1,13,,1063115,31,,,1,11,,1104705,31,,,1,55,,1104746,31,,,1,26,,1104737,31,,,1,69,,1104753,31,,,1,30,,1104715,31,,,1,70,,1104758,31,,,1,28,,1104707,31,,,1,70,,1073039,31,,,1,28,,1104702,31,,,1,30,,1104744,31,,,1,80,,1104755,31,,,1
501,'10',544,,1104816,8,,,1,96,,1104772,31,,,1,64,,1104780,31,,,1,16,,1104770,31,,,1,20,,1104781,31,,,1,17,,1104791,31,,,1,59,,1104779,31,,,1,15,,929965,31,,,1,19,,1104784,31,,,1,56,,1104802,31,,,1,15,,1104811,31,,,1,14,,1104807,31,,,1,13,,1104796,31,,,1,53,,1104786,31,,,1,14,,1104778,31,,,1,14,,1104814,31,,,1,13,,1104774,31,,,1,14,,1104787,31,,,1,54,,1104817,31,,,1,15,,1104769,31,,,1,17,,1104788,31,,,1,16,,1104808,31,,,1,55,,1104764,31,,,1,15,,1104777,31,,,1,15,,1104766,31,,,1,15,,967096,31,,,1,55,,1104783,31,,,1,15,,983004,31,,,1,15,,1104771,31,,,1,15,,1104795,31,,,1,55,,1104799,31,,,1,17,,1104792,31,,,1,16,,1104805,31,,,1,56,,1104793,23,,,1,1,,1104794,31,,,1,17,,1104800,31,,,1,17,,1102180,31,,,1,11,,1104820,31,,,1,7,,1104789,31,,,1,57,,1081175,31,,,1,16,,1104768,31,,,1,17,,1104821,31,,,1,55,,1104798,31,,,1,5,,1103665,31,,,1,10,,1104785,31,,,1,15,,1038400,31,,,1,14,,1104801,31,,,1,14,,1104803,31,,,1,55,,1104776,31,,,1,9,,1104773,31,,,1,4,,1104790,31,,,1,13,,1104809,31,,,1,13,,1104810,31,,,1,53,,1104812,31,,,1,12,,1104819,31,,,1,11,,1104782,31,,,1,13,,1062773,31,,,1,11,,1104765,31,,,1,55,,1104806,31,,,1,26,,1104797,31,,,1,69,,1104813,31,,,1,30,,1104775,31,,,1,70,,1104818,31,,,1,28,,1104767,31,,,1,70,,1072920,31,,,1,28,,1104762,31,,,1,30,,1104804,31,,,1,80,,1104815,31,,,1
501,'11',544,,1104876,8,,,1,96,,1104832,31,,,1,64,,1104840,31,,,1,16,,1104830,31,,,1,20,,1104841,31,,,1,17,,1104851,31,,,1,59,,1104839,31,,,1,15,,929879,31,,,1,19,,1104844,31,,,1,56,,1104862,31,,,1,15,,1104871,31,,,1,14,,1104867,31,,,1,13,,1104856,31,,,1,53,,1104846,31,,,1,14,,1104838,31,,,1,14,,1104874,31,,,1,13,,1104834,31,,,1,14,,1104847,31,,,1,54,,1104877,31,,,1,15,,1104829,31,,,1,17,,1104848,31,,,1,16,,1104868,31,,,1,55,,1104824,31,,,1,15,,1104837,31,,,1,15,,1104826,31,,,1,15,,967284,31,,,1,55,,1104843,31,,,1,15,,983245,31,,,1,15,,1104831,31,,,1,15,,1104855,31,,,1,55,,1104859,31,,,1,17,,1104852,31,,,1,16,,1104865,31,,,1,56,,1104853,23,,,1,1,,1104854,31,,,1,17,,1104860,31,,,1,17,,1102196,31,,,1,11,,1104880,31,,,1,7,,1104849,31,,,1,57,,1081430,31,,,1,16,,1104828,31,,,1,17,,1104881,31,,,1,55,,1104858,31,,,1,5,,1103669,31,,,1,10,,1104845,31,,,1,15,,1038234,31,,,1,14,,1104861,31,,,1,14,,1104863,31,,,1,55,,1104836,31,,,1,9,,1104833,31,,,1,4,,1104850,31,,,1,13,,1104869,31,,,1,13,,1104870,31,,,1,53,,1104872,31,,,1,12,,1104879,31,,,1,11,,1104842,31,,,1,13,,1063216,31,,,1,11,,1104825,31,,,1,55,,1104866,31,,,1,26,,1104857,31,,,1,69,,1104873,31,,,1,30,,1104835,31,,,1,70,,1104878,31,,,1,28,,1104827,31,,,1,70,,1073077,31,,,1,28,,1104822,31,,,1,30,,1104864,31,,,1,80,,1104875,31,,,1
501,'12',544,,1104922,8,,,1,96,,1104904,31,,,1,64,,1104918,31,,,1,16,,1104902,31,,,1,20,,1046046,31,,,1,17,,1104910,31,,,1,59,,1104909,31,,,1,15,,1104907,31,,,1,19,,1104886,31,,,1,56,,1104891,31,,,1,15,,1104887,31,,,1,14,,1104927,31,,,1,13,,1104919,31,,,1,53,,1104885,31,,,1,14,,1088021,31,,,1,14,,1104894,31,,,1,13,,1104888,31,,,1,14,,1104929,31,,,1,54,,1104892,31,,,1,15,,1104911,31,,,1,17,,1104938,31,,,1,16,,1104926,31,,,1,55,,1104931,31,,,1,15,,1104936,31,,,1,15,,1104934,31,,,1,15,,1104932,31,,,1,55,,1104897,31,,,1,15,,1104914,31,,,1,15,,1104921,31,,,1,15,,1104940,31,,,1,55,,1104889,31,,,1,17,,1083150,31,,,1,16,,1104899,31,,,1,56,,1104933,23,,,1,1,,1104896,31,,,1,17,,1104884,31,,,1,17,,1104928,31,,,1,11,,1104895,31,,,1,7,,1060816,31,,,1,57,,1104915,31,,,1,16,,1104939,31,,,1,17,,1104941,31,,,1,55,,1104912,31,,,1,5,,1104900,31,,,1,10,,1104908,31,,,1,15,,1104898,31,,,1,14,,1104890,31,,,1,14,,1104903,31,,,1,55,,1104901,31,,,1,9,,1104917,31,,,1,4,,1104935,31,,,1,13,,1104913,31,,,1,13,,1104906,31,,,1,53,,1104905,31,,,1,12,,1104883,31,,,1,11,,1087497,31,,,1,13,,1092765,31,,,1,11,,1104924,31,,,1,55,,1104920,31,,,1,26,,1104893,31,,,1,69,,1086634,31,,,1,30,,1104923,31,,,1,70,,1104930,31,,,1,28,,1104916,31,,,1,70,,1104882,31,,,1,28,,1104937,31,,,1,30,,1066448,31,,,1,80,,1036386,31,,,1
501,'13',659,,1104957,8,,,1,70,,1104961,8,,,1,30,,1104949,8,,,1,71,,1104960,31,,,1,70,,1104955,31,,,1,30,,1104945,31,,,1,70,,1104948,31,,,1,32,,1104946,31,,,1,70,,1104970,31,,,1,30,,1104959,31,,,1,70,,1104958,31,,,1,32,,1104965,31,,,1,70,,1104953,31,,,1,31,,1104944,31,,,1,70,,1104967,31,,,1,30,,1104964,31,,,1,70,,1073563,31,,,1,30,,1104963,31,,,1,70,,1104962,31,,,1,30,,1104947,31,,,1,70,,1104971,31,,,1,30,,1104952,31,,,1,70,,1104973,31,,,1,27,,1104974,31,,,1,70,,1104943,31,,,1,30,,1104951,31,,,1,70,,1104956,31,,,1,30,,1104950,31,,,1,70,,1104972,31,,,1,30,,1104968,31,,,1,70,,1104954,31,,,1,35,,1104966,31,,,1,65,,1104942,8,,,1,30,,1104969,8,,,1
501,'14',544,,1105034,8,,,1,96,,1104988,31,,,1,64,,1104996,31,,,1,16,,1104985,31,,,1,20,,1104997,31,,,1,17,,1105007,31,,,1,59,,1104995,31,,,1,15,,1105027,31,,,1,19,,1105000,31,,,1,56,,1105019,31,,,1,15,,1105029,31,,,1,14,,1105024,31,,,1,13,,1105013,31,,,1,53,,1105002,31,,,1,14,,1104994,31,,,1,14,,1105032,31,,,1,13,,1104990,31,,,1,14,,1105003,31,,,1,54,,1105035,31,,,1,15,,1104984,31,,,1,17,,1105004,31,,,1,16,,1105025,31,,,1,55,,1104978,31,,,1,15,,1104993,31,,,1,15,,1104981,31,,,1,15,,1104986,31,,,1,55,,1104999,31,,,1,15,,1105042,31,,,1,15,,1104987,31,,,1,15,,1105012,31,,,1,55,,1105016,31,,,1,17,,1105009,31,,,1,16,,1105022,31,,,1,56,,1105010,23,,,1,1,,1105011,31,,,1,17,,1105017,31,,,1,17,,1104980,31,,,1,11,,1105039,31,,,1,7,,1105005,31,,,1,57,,1105041,31,,,1,16,,1104983,31,,,1,17,,1105040,31,,,1,55,,1105015,31,,,1,5,,1104976,31,,,1,10,,1105001,31,,,1,15,,1105038,31,,,1,14,,1105018,31,,,1,14,,1105020,31,,,1,55,,1104992,31,,,1,9,,1104989,31,,,1,4,,1105006,31,,,1,13,,1105026,31,,,1,13,,1105028,31,,,1,53,,1105030,31,,,1,12,,1105037,31,,,1,11,,1104998,31,,,1,13,,1105008,31,,,1,11,,1104979,31,,,1,55,,1105023,31,,,1,26,,1105014,31,,,1,69,,1105031,31,,,1,30,,1104991,31,,,1,70,,1105036,31,,,1,28,,1104982,31,,,1,70,,1105043,31,,,1,28,,1104975,31,,,1,30,,1105021,31,,,1,80,,1105033,31,,,1
501,'15',544,,1105058,8,,,1,96,,1105085,31,,,1,64,,1105055,31,,,1,16,,1105060,31,,,1,20,,1105071,31,,,1,17,,1105096,31,,,1,59,,1105075,31,,,1,15,,1105050,31,,,1,19,,1105105,31,,,1,56,,1105064,31,,,1,15,,1105102,31,,,1,14,,1105062,31,,,1,13,,1105100,31,,,1,53,,1105086,31,,,1,14,,1105089,31,,,1,14,,1105044,31,,,1,13,,1105069,31,,,1,14,,1105066,31,,,1,54,,1105072,31,,,1,15,,1105108,31,,,1,17,,1105048,31,,,1,16,,1105090,31,,,1,55,,1105049,31,,,1,15,,1105081,31,,,1,15,,1105065,31,,,1,15,,1105083,31,,,1,55,,1105094,31,,,1,15,,1105046,31,,,1,15,,1105077,31,,,1,15,,1105084,31,,,1,55,,1105088,31,,,1,17,,1105054,31,,,1,16,,1105111,31,,,1,56,,1105082,23,,,1,1,,1105104,31,,,1,17,,1105059,31,,,1,17,,1105067,31,,,1,11,,1105092,31,,,1,7,,1105068,31,,,1,57,,1105074,31,,,1,16,,1105063,31,,,1,17,,1105103,31,,,1,55,,1105051,31,,,1,5,,1105057,31,,,1,10,,1105099,31,,,1,15,,1105053,31,,,1,14,,1105061,31,,,1,14,,1105098,31,,,1,55,,1105095,31,,,1,9,,1105070,31,,,1,4,,1105107,31,,,1,13,,1105101,31,,,1,13,,1105079,31,,,1,53,,1105093,31,,,1,12,,1105045,31,,,1,11,,1105052,31,,,1,13,,1105112,31,,,1,11,,1105106,31,,,1,55,,1105073,31,,,1,26,,1105087,31,,,1,69,,1105110,31,,,1,30,,1105097,31,,,1,70,,1105047,31,,,1,28,,1105056,31,,,1,70,,1105091,31,,,1,28,,1105078,31,,,1,30,,1105080,31,,,1,80,,1105109,31,,,1
501,'16',544,,1105154,8,,,1,96,,1105135,31,,,1,64,,1105149,31,,,1,16,,1105133,31,,,1,20,,1105151,31,,,1,17,,1105141,31,,,1,59,,1105140,31,,,1,15,,1105138,31,,,1,19,,1105119,31,,,1,56,,1105124,31,,,1,15,,1105121,31,,,1,14,,1105159,31,,,1,13,,1105150,31,,,1,53,,1105118,31,,,1,14,,1105127,31,,,1,14,,1098392,31,,,1,13,,1105122,31,,,1,14,,1105161,31,,,1,54,,1075044,31,,,1,15,,1105142,31,,,1,17,,1105169,31,,,1,16,,1105158,31,,,1,55,,1105163,31,,,1,15,,1105168,31,,,1,15,,1105166,31,,,1,15,,1105164,31,,,1,55,,1105128,31,,,1,15,,1105145,31,,,1,15,,1105153,31,,,1,15,,1024224,31,,,1,55,,1105123,31,,,1,17,,1105173,31,,,1,16,,1105130,31,,,1,56,,1105165,23,,,1,1,,1105126,31,,,1,17,,1105117,31,,,1,17,,1105160,31,,,1,11,,1087250,31,,,1,7,,1105175,31,,,1,57,,1105146,31,,,1,16,,1105171,31,,,1,17,,1105172,31,,,1,55,,1105143,31,,,1,5,,1105131,31,,,1,10,,1105139,31,,,1,15,,1105129,31,,,1,14,,1066980,31,,,1,14,,1105134,31,,,1,55,,1105132,31,,,1,9,,1105148,31,,,1,4,,1105167,31,,,1,13,,1105144,31,,,1,13,,1105137,31,,,1,53,,1105136,31,,,1,12,,1105115,31,,,1,11,,1105170,31,,,1,13,,1105113,31,,,1,11,,1105156,31,,,1,55,,1105152,31,,,1,26,,1105125,31,,,1,69,,1105116,31,,,1,30,,1105155,31,,,1,70,,1105162,31,,,1,28,,1105147,31,,,1,70,,1105114,31,,,1,28,,1098888,31,,,1,30,,1105120,31,,,1,80,,1105174,31,,,1
501,'17',659,,1105192,8,,,1,70,,1105196,8,,,1,30,,1105184,8,,,1,71,,1105195,31,,,1,70,,1105190,31,,,1,30,,1105179,31,,,1,70,,1105183,31,,,1,32,,1105181,31,,,1,70,,1105205,31,,,1,30,,1105194,31,,,1,70,,1105193,31,,,1,32,,1105200,31,,,1,70,,1105188,31,,,1,31,,1105178,31,,,1,70,,1105202,31,,,1,30,,1105199,31,,,1,70,,1105180,31,,,1,30,,1105198,31,,,1,70,,1105197,31,,,1,30,,1105182,31,,,1,70,,1105206,31,,,1,30,,1105187,31,,,1,70,,1105208,31,,,1,27,,1105209,31,,,1,70,,1105177,31,,,1,30,,1105186,31,,,1,70,,1105191,31,,,1,30,,1105185,31,,,1,70,,1105207,31,,,1,30,,1105203,31,,,1,70,,1105189,31,,,1,35,,1105201,31,,,1,65,,1105176,8,,,1,30,,1105204,8,,,1
501,'2',632,,1105211,8,,,1,71,,1105232,31,,,1,30,,1105220,31,,,1,70,,1105225,31,,,1,31,,1105213,31,,,1,70,,1105223,31,,,1,30,,1105231,31,,,1,70,,1105237,31,,,1,32,,1071107,31,,,1,70,,1105215,31,,,1,30,,1105230,31,,,1,70,,1105217,31,,,1,32,,1105216,31,,,1,70,,1105236,31,,,1,31,,1105227,31,,,1,70,,1105210,31,,,1,30,,1105235,31,,,1,70,,1105221,31,,,1,30,,1105228,31,,,1,70,,1105234,31,,,1,30,,1080369,31,,,1,70,,1105218,31,,,1,30,,1105233,31,,,1,70,,1096019,31,,,1,27,,1100489,31,,,1,70,,1065022,31,,,1,30,,1105224,31,,,1,70,,1105222,31,,,1,30,,1070200,31,,,1,70,,1105212,31,,,1,30,,1105229,31,,,1,70,,1105238,31,,,1,29,,1105226,31,,,1,70,,1105214,31,,,1,30,,1105219,31,,,1
501,'3',659,,1105255,8,,,1,70,,1105259,8,,,1,30,,1105247,8,,,1,71,,1105258,31,,,1,70,,1105253,31,,,1,30,,1105242,31,,,1,70,,1105246,31,,,1,32,,1105244,31,,,1,70,,1105268,31,,,1,30,,1105257,31,,,1,70,,1105256,31,,,1,32,,1105263,31,,,1,70,,1105251,31,,,1,31,,1105241,31,,,1,70,,1105265,31,,,1,30,,1105262,31,,,1,70,,1105243,31,,,1,30,,1105261,31,,,1,70,,1105260,31,,,1,30,,1105245,31,,,1,70,,1105269,31,,,1,30,,1105250,31,,,1,70,,1105271,31,,,1,27,,1105272,31,,,1,70,,1105240,31,,,1,30,,1105249,31,,,1,70,,1105254,31,,,1,30,,1105248,31,,,1,70,,1105270,31,,,1,30,,1105266,31,,,1,70,,1105252,31,,,1,35,,1105264,31,,,1,65,,1105239,8,,,1,30,,1105267,8,,,1
501,'4',659,,1105279,8,,,1,70,,1105288,8,,,1,30,,1105284,8,,,1,71,,1105276,31,,,1,70,,1105296,31,,,1,30,,1105298,31,,,1,70,,1105293,31,,,1,32,,1105299,31,,,1,70,,1105292,31,,,1,30,,1105297,31,,,1,70,,1105294,31,,,1,32,,1105274,31,,,1,70,,1105286,31,,,1,31,,1105295,31,,,1,70,,1105291,31,,,1,30,,1105301,31,,,1,70,,1105278,31,,,1,30,,1105287,31,,,1,70,,1105280,31,,,1,30,,1105290,31,,,1,70,,1105305,31,,,1,30,,1105304,31,,,1,70,,1105289,31,,,1,27,,1105282,31,,,1,70,,1105283,31,,,1,30,,1105275,31,,,1,70,,1105281,31,,,1,30,,1105302,31,,,1,70,,1105300,31,,,1,30,,1105277,31,,,1,70,,1105285,31,,,1,35,,1105273,31,,,1,65,,1105303,8,,,1,30,,1053107,8,,,1
501,'5',544,,1105360,8,,,1,96,,1105316,31,,,1,64,,1105324,31,,,1,16,,1105314,31,,,1,20,,1105325,31,,,1,17,,1105335,31,,,1,59,,1105323,31,,,1,15,,930057,31,,,1,19,,1105328,31,,,1,56,,1105346,31,,,1,15,,1105355,31,,,1,14,,1105351,31,,,1,13,,1105340,31,,,1,53,,1105330,31,,,1,14,,1105322,31,,,1,14,,1105358,31,,,1,13,,1105318,31,,,1,14,,1105331,31,,,1,54,,1105361,31,,,1,15,,1105313,31,,,1,17,,1105332,31,,,1,16,,1105352,31,,,1,55,,1105308,31,,,1,15,,1105321,31,,,1,15,,1105310,31,,,1,15,,967442,31,,,1,55,,1105327,31,,,1,15,,983391,31,,,1,15,,1105315,31,,,1,15,,1105339,31,,,1,55,,1105343,31,,,1,17,,1105336,31,,,1,16,,1105349,31,,,1,56,,1105337,23,,,1,1,,1105338,31,,,1,17,,1105344,31,,,1,17,,1102188,31,,,1,11,,1105364,31,,,1,7,,1105333,31,,,1,57,,1081342,31,,,1,16,,1105312,31,,,1,17,,1105365,31,,,1,55,,1105342,31,,,1,5,,1103667,31,,,1,10,,1105329,31,,,1,15,,1038039,31,,,1,14,,1105345,31,,,1,14,,1105347,31,,,1,55,,1105320,31,,,1,9,,1105317,31,,,1,4,,1105334,31,,,1,13,,1105353,31,,,1,13,,1105354,31,,,1,53,,1105356,31,,,1,12,,1105363,31,,,1,11,,1105326,31,,,1,13,,1063061,31,,,1,11,,1105309,31,,,1,55,,1105350,31,,,1,26,,1105341,31,,,1,69,,1105357,31,,,1,30,,1105319,31,,,1,70,,1105362,31,,,1,28,,1105311,31,,,1,70,,1073020,31,,,1,28,,1105306,31,,,1,30,,1105348,31,,,1,80,,1105359,31,,,1
501,'6',544,,1105397,8,,,1,96,,1105381,31,,,1,64,,1105392,31,,,1,16,,1105379,31,,,1,20,,1105394,31,,,1,17,,1105387,31,,,1,59,,1105386,31,,,1,15,,1105384,31,,,1,19,,1027386,31,,,1,56,,1049054,31,,,1,15,,1045947,31,,,1,14,,1031511,31,,,1,13,,1105393,31,,,1,53,,1095959,31,,,1,14,,1105374,31,,,1,14,,1105372,31,,,1,13,,1078040,31,,,1,14,,1078413,31,,,1,54,,1105371,31,,,1,15,,1105388,31,,,1,17,,1046127,31,,,1,16,,1105401,31,,,1,55,,1105403,31,,,1,15,,1105408,31,,,1,15,,1105406,31,,,1,15,,1105404,31,,,1,55,,997200,31,,,1,15,,1105389,31,,,1,15,,1105396,31,,,1,15,,1105411,31,,,1,55,,1090302,31,,,1,17,,1105412,31,,,1,16,,1105376,31,,,1,56,,1105405,23,,,1,1,,1033628,31,,,1,17,,1105368,31,,,1,17,,1068725,31,,,1,11,,1105373,31,,,1,7,,1105414,31,,,1,57,,1105390,31,,,1,16,,907705,31,,,1,17,,994421,31,,,1,55,,1020932,31,,,1,5,,1105377,31,,,1,10,,1105385,31,,,1,15,,1105375,31,,,1,14,,1105370,31,,,1,14,,1105380,31,,,1,55,,1105378,31,,,1,9,,1066269,31,,,1,4,,1105407,31,,,1,13,,1067673,31,,,1,13,,1105383,31,,,1,53,,1105382,31,,,1,12,,1102680,31,,,1,11,,1105410,31,,,1,13,,1105366,31,,,1,11,,1105399,31,,,1,55,,1105395,31,,,1,26,,1098430,31,,,1,69,,1105367,31,,,1,30,,1105398,31,,,1,70,,1105402,31,,,1,28,,1105391,31,,,1,70,,1077102,31,,,1,28,,1105409,31,,,1,30,,1105369,31,,,1,80,,1105413,31,,,1
501,'7',632,,1105433,8,,,1,71,,1105418,31,,,1,30,,1105419,31,,,1,70,,1105438,31,,,1,31,,1105424,31,,,1,70,,1105439,31,,,1,30,,1105428,31,,,1,70,,1105422,31,,,1,32,,1105426,31,,,1,70,,1105442,31,,,1,30,,1105421,31,,,1,70,,1105423,31,,,1,32,,1105432,31,,,1,70,,1105417,31,,,1,31,,1105436,31,,,1,70,,1105441,31,,,1,30,,1105430,31,,,1,70,,1105444,31,,,1,30,,1105420,31,,,1,70,,1105415,31,,,1,30,,1105429,31,,,1,70,,1105446,31,,,1,30,,1105425,31,,,1,70,,1105445,31,,,1,27,,1105434,31,,,1,70,,1105431,31,,,1,30,,1105435,31,,,1,70,,1105443,31,,,1,30,,1105427,31,,,1,70,,1105449,31,,,1,30,,1105437,31,,,1,70,,1105447,31,,,1,29,,1105416,31,,,1,70,,1105448,31,,,1,30,,1105440,31,,,1
501,'8',544,,1105495,8,,,1,96,,1105476,31,,,1,64,,1105490,31,,,1,16,,1105474,31,,,1,20,,1105492,31,,,1,17,,1105482,31,,,1,59,,1105481,31,,,1,15,,1105479,31,,,1,19,,1105456,31,,,1,56,,1105462,31,,,1,15,,1105458,31,,,1,14,,1105500,31,,,1,13,,1105491,31,,,1,53,,1105455,31,,,1,14,,1105468,31,,,1,14,,1105465,31,,,1,13,,1105459,31,,,1,14,,1105502,31,,,1,54,,1105463,31,,,1,15,,1105483,31,,,1,17,,1105511,31,,,1,16,,1105499,31,,,1,55,,1105504,31,,,1,15,,1105509,31,,,1,15,,1105507,31,,,1,15,,1105505,31,,,1,55,,1105469,31,,,1,15,,1105486,31,,,1,15,,1105494,31,,,1,15,,1105514,31,,,1,55,,1105460,31,,,1,17,,1105516,31,,,1,16,,1105471,31,,,1,56,,1105506,23,,,1,1,,1105467,31,,,1,17,,1105454,31,,,1,17,,1105501,31,,,1,11,,1105466,31,,,1,7,,1105518,31,,,1,57,,1105487,31,,,1,16,,1105513,31,,,1,17,,1105515,31,,,1,55,,1105484,31,,,1,5,,1105472,31,,,1,10,,1105480,31,,,1,15,,1105470,31,,,1,14,,1105461,31,,,1,14,,1105475,31,,,1,55,,1105473,31,,,1,9,,1105489,31,,,1,4,,1105508,31,,,1,13,,1105485,31,,,1,13,,1105478,31,,,1,53,,1105477,31,,,1,12,,1105452,31,,,1,11,,1105512,31,,,1,13,,1105450,31,,,1,11,,1105497,31,,,1,55,,1105493,31,,,1,26,,1105464,31,,,1,69,,1105453,31,,,1,30,,1105496,31,,,1,70,,1105503,31,,,1,28,,1105488,31,,,1,70,,1105451,31,,,1,28,,1105510,31,,,1,30,,1105457,31,,,1,80,,1105517,31,,,1
501,'9',544,,1105573,8,,,1,96,,1105529,31,,,1,64,,1105537,31,,,1,16,,1105527,31,,,1,20,,1105538,31,,,1,17,,1105548,31,,,1,59,,1105536,31,,,1,15,,929995,31,,,1,19,,1105541,31,,,1,56,,1105559,31,,,1,15,,1105568,31,,,1,14,,1105564,31,,,1,13,,1105553,31,,,1,53,,1105543,31,,,1,14,,1105535,31,,,1,14,,1105571,31,,,1,13,,1105531,31,,,1,14,,1105544,31,,,1,54,,1105574,31,,,1,15,,1105526,31,,,1,17,,1105545,31,,,1,16,,1105565,31,,,1,55,,1105521,31,,,1,15,,1105534,31,,,1,15,,1105523,31,,,1,15,,967406,31,,,1,55,,1105540,31,,,1,15,,983356,31,,,1,15,,1105528,31,,,1,15,,1105552,31,,,1,55,,1105556,31,,,1,17,,1105549,31,,,1,16,,1105562,31,,,1,56,,1105550,23,,,1,1,,1105551,31,,,1,17,,1105557,31,,,1,17,,1102184,31,,,1,11,,1105577,31,,,1,7,,1105546,31,,,1,57,,1081235,31,,,1,16,,1105525,31,,,1,17,,1105578,31,,,1,55,,1105555,31,,,1,5,,1103666,31,,,1,10,,1105542,31,,,1,15,,1038302,31,,,1,14,,1105558,31,,,1,14,,1105560,31,,,1,55,,1105533,31,,,1,9,,1105530,31,,,1,4,,1105547,31,,,1,13,,1105566,31,,,1,13,,1105567,31,,,1,53,,1105569,31,,,1,12,,1105576,31,,,1,11,,1105539,31,,,1,13,,1062885,31,,,1,11,,1105522,31,,,1,55,,1105563,31,,,1,26,,1105554,31,,,1,69,,1105570,31,,,1,30,,1105532,31,,,1,70,,1105575,31,,,1,28,,1105524,31,,,1,70,,1072959,31,,,1,28,,1105519,31,,,1,30,,1105561,31,,,1,80,,1105572,31,,,1
60901,'1',1614,,1198890,29,,,1,6,,1198889,29,,,1
60901,'10',1614,,1198892,29,,,1,6,,1198891,29,,,1
60901,'11',1614,,1198894,29,,,1,6,,1198893,29,,,1
60901,'12',1614,,1198895,29,,,1,6,,1198896,29,,,1
60901,'14',1614,,1198898,29,,,1,6,,1198897,29,,,1
60901,'15',1614,,1198899,29,,,1,6,,1198900,29,,,1
60901,'16',1614,,1198901,29,,,1,6,,1198902,29,,,1
60901,'5',1614,,1198904,29,,,1,6,,1198903,29,,,1
60901,'6',1614,,1198905,29,,,1,6,,1198906,29,,,1
60901,'8',1614,,1198907,29,,,1,6,,1198908,29,,,1
60901,'9',1614,,1198910,29,,,1,6,,1198909,29,,,1
