23700,'1',609,,1196877,25,,,1,94,,1097442,25,,,1,30,,1196878,25,,,1,100,,1196876,25,,,1
23700,'10',609,,1196880,25,,,1,94,,1097205,25,,,1,30,,1196881,25,,,1,100,,1196879,25,,,1
23700,'11',609,,1196883,25,,,1,94,,1097511,25,,,1,30,,1196884,25,,,1,100,,1196882,25,,,1
23700,'12',609,,1196887,25,,,1,94,,1196885,25,,,1,30,,1196888,25,,,1,100,,1196886,25,,,1
23700,'14',609,,1196891,25,,,1,94,,1196889,25,,,1,30,,1196892,25,,,1,100,,1196890,25,,,1
23700,'15',609,,1196895,25,,,1,94,,1196896,25,,,1,30,,1196893,25,,,1,100,,1196894,25,,,1
23700,'16',609,,1196899,25,,,1,94,,1196897,25,,,1,30,,1196900,25,,,1,100,,1196898,25,,,1
23700,'5',609,,1196902,25,,,1,94,,1097396,25,,,1,30,,1196903,25,,,1,100,,1196901,25,,,1
23700,'6',609,,1196906,25,,,1,94,,1196904,25,,,1,30,,1196907,25,,,1,100,,1196905,25,,,1
23700,'8',609,,1196910,25,,,1,94,,1196908,25,,,1,30,,1196911,25,,,1,100,,1196909,25,,,1
23700,'9',609,,1196913,25,,,1,94,,1097280,25,,,1,30,,1196914,25,,,1,100,,1196912,25,,,1
