6801,'1',501,,1095222,30,,,1,30,,1159245,30,,,1,72,,1159280,30,,,1,32,,1159287,25,,,1,22,,1159268,25,,,1,56,,1021166,25,,,1,15,,1159264,25,,,1,19,,1159249,25,,,1,66,,1159296,25,,,1,17,,1159246,25,,,1,21,,1159257,25,,,1,60,,1159288,25,,,1,20,,1159293,25,,,1,15,,1159275,25,,,1,56,,1063602,25,,,1,14,,1159299,25,,,1,15,,1159281,25,,,1,15,,1159294,25,,,1,55,,1159290,25,,,1,15,,1159284,25,,,1,15,,1159269,25,,,1,17,,1159250,25,,,1,55,,1159297,25,,,1,15,,1159258,25,,,1,15,,1159260,25,,,1,16,,1071505,25,,,1,56,,1159283,25,,,1,15,,1100248,25,,,1,15,,1159253,25,,,1,15,,1159276,25,,,1,55,,1159292,25,,,1,18,,1159286,25,,,1,15,,1067410,25,,,1,13,,1159256,25,,,1,57,,1159259,25,,,1,15,,1081056,25,,,1,13,,1159303,25,,,1,76,,1159302,25,,,1,23,,1159270,25,,,1,24,,1159277,25,,,1,64,,1159301,25,,,1,20,,1159291,25,,,1,65,,1101608,25,,,1,23,,1159266,25,,,1,12,,1159248,25,,,1,12,,1159282,25,,,1,59,,1159279,25,,,1,19,,1159289,25,,,1,19,,1159285,25,,,1,60,,1086696,25,,,1,20,,1159261,25,,,1,20,,1070933,25,,,1,60,,1159295,25,,,1,20,,1159254,25,,,1,20,,1159262,25,,,1,59,,1159267,25,,,1,18,,1159263,25,,,1,20,,1159271,25,,,1,60,,1093432,25,,,1,18,,1159247,25,,,1,24,,1159273,25,,,1,64,,1159265,25,,,1,30,,1159274,25,,,1,71,,1159251,25,,,1,29,,1159252,25,,,1
6801,'10',501,,1094976,30,,,1,30,,1159307,30,,,1,72,,1159342,30,,,1,32,,1159349,25,,,1,22,,1159330,25,,,1,56,,1021335,25,,,1,15,,1159326,25,,,1,19,,1159311,25,,,1,66,,1159358,25,,,1,17,,1159308,25,,,1,21,,1159319,25,,,1,60,,1159350,25,,,1,20,,1159355,25,,,1,15,,1159337,25,,,1,56,,1063298,25,,,1,14,,1159361,25,,,1,15,,1159343,25,,,1,15,,1159356,25,,,1,55,,1159352,25,,,1,15,,1159346,25,,,1,15,,1159331,25,,,1,17,,1159312,25,,,1,55,,1159359,25,,,1,15,,1159320,25,,,1,15,,1159322,25,,,1,16,,1071469,25,,,1,56,,1159345,25,,,1,15,,1100122,25,,,1,15,,1159315,25,,,1,15,,1159338,25,,,1,55,,1159354,25,,,1,18,,1159348,25,,,1,15,,1067118,25,,,1,13,,1159318,25,,,1,57,,1159321,25,,,1,15,,1080874,25,,,1,13,,1159365,25,,,1,76,,1159364,25,,,1,23,,1159332,25,,,1,24,,1159339,25,,,1,64,,1159363,25,,,1,20,,1159353,25,,,1,65,,1101516,25,,,1,23,,1159328,25,,,1,12,,1159310,25,,,1,12,,1159344,25,,,1,59,,1159341,25,,,1,19,,1159351,25,,,1,19,,1159347,25,,,1,60,,1086526,25,,,1,20,,1159323,25,,,1,20,,1070719,25,,,1,60,,1159357,25,,,1,20,,1159316,25,,,1,20,,1159324,25,,,1,59,,1159329,25,,,1,18,,1159325,25,,,1,20,,1159333,25,,,1,60,,1093116,25,,,1,18,,1159309,25,,,1,24,,1159335,25,,,1,64,,1159327,25,,,1,30,,1159336,25,,,1,71,,1159313,25,,,1,29,,1159314,25,,,1
6801,'11',501,,1095296,30,,,1,30,,1159369,30,,,1,72,,1159404,30,,,1,32,,1159411,25,,,1,22,,1159392,25,,,1,56,,1021118,25,,,1,15,,1159388,25,,,1,19,,1159373,25,,,1,66,,1159420,25,,,1,17,,1159370,25,,,1,21,,1159381,25,,,1,60,,1159412,25,,,1,20,,1159417,25,,,1,15,,1159399,25,,,1,56,,1063694,25,,,1,14,,1159423,25,,,1,15,,1159405,25,,,1,15,,1159418,25,,,1,55,,1159414,25,,,1,15,,1159408,25,,,1,15,,1159393,25,,,1,17,,1159374,25,,,1,55,,1159421,25,,,1,15,,1159382,25,,,1,15,,1159384,25,,,1,16,,1071517,25,,,1,56,,1159407,25,,,1,15,,1100285,25,,,1,15,,1159377,25,,,1,15,,1159400,25,,,1,55,,1159416,25,,,1,18,,1159410,25,,,1,15,,1067492,25,,,1,13,,1159380,25,,,1,57,,1159383,25,,,1,15,,1081110,25,,,1,13,,1159427,25,,,1,76,,1159426,25,,,1,23,,1159394,25,,,1,24,,1159401,25,,,1,64,,1159425,25,,,1,20,,1159415,25,,,1,65,,1101636,25,,,1,23,,1159390,25,,,1,12,,1159372,25,,,1,12,,1159406,25,,,1,59,,1159403,25,,,1,19,,1159413,25,,,1,19,,1159409,25,,,1,60,,1086751,25,,,1,20,,1159385,25,,,1,20,,1070998,25,,,1,60,,1159419,25,,,1,20,,1159378,25,,,1,20,,1159386,25,,,1,59,,1159391,25,,,1,18,,1159387,25,,,1,20,,1159395,25,,,1,60,,1093523,25,,,1,18,,1159371,25,,,1,24,,1159397,25,,,1,64,,1159389,25,,,1,30,,1159398,25,,,1,71,,1159375,25,,,1,29,,1159376,25,,,1
6801,'12',501,,1064022,30,,,1,30,,1074899,30,,,1,72,,1159431,30,,,1,32,,1159482,25,,,1,22,,1159458,25,,,1,56,,1159456,25,,,1,15,,1159489,25,,,1,19,,1159450,25,,,1,66,,1159464,25,,,1,17,,1159442,25,,,1,21,,1159479,25,,,1,60,,1098848,25,,,1,20,,1159452,25,,,1,15,,1159461,25,,,1,56,,1159444,25,,,1,14,,1159474,25,,,1,15,,1159447,25,,,1,15,,1159449,25,,,1,55,,1159481,25,,,1,15,,1159443,25,,,1,15,,1159451,25,,,1,17,,1159438,25,,,1,55,,1159457,25,,,1,15,,1159448,25,,,1,15,,1087164,25,,,1,16,,1159468,25,,,1,56,,1159434,25,,,1,15,,1159466,25,,,1,15,,1159490,25,,,1,15,,1159439,25,,,1,55,,1159454,25,,,1,18,,1159484,25,,,1,15,,1159436,25,,,1,13,,1159433,25,,,1,57,,1159477,25,,,1,15,,1159470,25,,,1,13,,1071220,25,,,1,76,,1159472,25,,,1,23,,1159485,25,,,1,24,,1159446,25,,,1,64,,1014591,25,,,1,20,,1092377,25,,,1,65,,1159478,25,,,1,23,,1159483,25,,,1,12,,1011785,25,,,1,12,,1159441,25,,,1,59,,1159463,25,,,1,19,,1159460,25,,,1,19,,1159475,25,,,1,60,,1159465,25,,,1,20,,1159480,25,,,1,20,,1159453,25,,,1,60,,1159471,25,,,1,20,,1159459,25,,,1,20,,1030951,25,,,1,59,,1159473,25,,,1,18,,1159455,25,,,1,20,,1159437,25,,,1,60,,1159440,25,,,1,18,,1159445,25,,,1,24,,1159469,25,,,1,64,,1159435,25,,,1,30,,1159432,25,,,1,71,,1159467,25,,,1,29,,938901,25,,,1
6801,'13',657,,1159508,25,,,1,70,,1085435,25,,,1,30,,1159518,25,,,1,72,,1159525,25,,,1,30,,1159521,25,,,1,70,,1159502,25,,,1,30,,1159528,25,,,1,70,,1159527,25,,,1,30,,1159498,25,,,1,70,,1159501,25,,,1,21,,1090414,25,,,1,60,,1159524,25,,,1,20,,1159493,25,,,1,20,,1077834,25,,,1,60,,1159516,25,,,1,20,,1159500,25,,,1,20,,1159520,25,,,1,60,,1159496,25,,,1,20,,1159522,25,,,1,20,,1159529,25,,,1,60,,1159504,25,,,1,20,,1159506,25,,,1,20,,1159511,25,,,1,60,,1159515,25,,,1,20,,1159495,25,,,1,20,,1159494,25,,,1,60,,1159507,25,,,1,20,,1159499,25,,,1,20,,1159517,25,,,1,67,,1159510,25,,,1,30,,1159509,25,,,1,70,,1159526,25,,,1,30,,1159492,25,,,1,70,,1159519,25,,,1,29,,1159514,25,,,1,70,,1159497,25,,,1,30,,1087925,25,,,1,70,,1159503,25,,,1,29,,1159523,25,,,1,70,,1159512,25,,,1,30,,1159513,25,,,1,70,,1159505,25,,,1
6801,'14',501,,1159595,30,,,1,30,,1159530,30,,,1,72,,1159571,30,,,1,32,,1159578,25,,,1,22,,1159559,25,,,1,56,,1159543,25,,,1,15,,1159555,25,,,1,19,,1159537,25,,,1,66,,1159587,25,,,1,17,,1159532,25,,,1,21,,1159548,25,,,1,60,,1159579,25,,,1,20,,1159584,25,,,1,15,,1159566,25,,,1,56,,1159533,25,,,1,14,,1159590,25,,,1,15,,1159572,25,,,1,15,,1159585,25,,,1,55,,1159581,25,,,1,15,,1159575,25,,,1,15,,1159560,25,,,1,17,,1159539,25,,,1,55,,1159588,25,,,1,15,,1159549,25,,,1,15,,1159551,25,,,1,16,,1159544,25,,,1,56,,1159574,25,,,1,15,,1159535,25,,,1,15,,1159542,25,,,1,15,,1159567,25,,,1,55,,1159583,25,,,1,18,,1159577,25,,,1,15,,1159593,25,,,1,13,,1159547,25,,,1,57,,1159550,25,,,1,15,,1159601,25,,,1,13,,1159597,25,,,1,76,,1159596,25,,,1,23,,1159561,25,,,1,24,,1159568,25,,,1,64,,1159592,25,,,1,20,,1159582,25,,,1,65,,1159531,25,,,1,23,,1159557,25,,,1,12,,1159536,25,,,1,12,,1159573,25,,,1,59,,1159570,25,,,1,19,,1159580,25,,,1,19,,1159576,25,,,1,60,,1159594,25,,,1,20,,1159552,25,,,1,20,,1159538,25,,,1,60,,1159586,25,,,1,20,,1159545,25,,,1,20,,1159553,25,,,1,59,,1159558,25,,,1,18,,1159554,25,,,1,20,,1159562,25,,,1,60,,1159602,25,,,1,18,,1159534,25,,,1,24,,1159564,25,,,1,64,,1159556,25,,,1,30,,1159565,25,,,1,71,,1159540,25,,,1,29,,1159541,25,,,1
6801,'15',501,,1159645,30,,,1,30,,1159604,30,,,1,72,,1159668,30,,,1,32,,1159652,25,,,1,22,,1159616,25,,,1,56,,1159650,25,,,1,15,,1159658,25,,,1,19,,1159673,25,,,1,66,,1159640,25,,,1,17,,1159624,25,,,1,21,,1159637,25,,,1,60,,1159605,25,,,1,20,,1159622,25,,,1,15,,1159655,25,,,1,56,,1159663,25,,,1,14,,1159618,25,,,1,15,,1159660,25,,,1,15,,1159607,25,,,1,55,,1159647,25,,,1,15,,1159625,25,,,1,15,,1159621,25,,,1,17,,1159666,25,,,1,55,,1159661,25,,,1,15,,1159629,25,,,1,15,,1159646,25,,,1,16,,1159611,25,,,1,56,,1159644,25,,,1,15,,1159631,25,,,1,15,,1159669,25,,,1,15,,1159608,25,,,1,55,,1159619,25,,,1,18,,1159649,25,,,1,15,,1159632,25,,,1,13,,1159653,25,,,1,57,,1159664,25,,,1,15,,1159617,25,,,1,13,,1159636,25,,,1,76,,1159612,25,,,1,23,,1159657,25,,,1,24,,1159633,25,,,1,64,,1159670,25,,,1,20,,1159667,25,,,1,65,,1159648,25,,,1,23,,1159659,25,,,1,12,,1159626,25,,,1,12,,1159613,25,,,1,59,,1159665,25,,,1,19,,1159639,25,,,1,19,,1159609,25,,,1,60,,1159623,25,,,1,20,,1159662,25,,,1,20,,1159628,25,,,1,60,,1159651,25,,,1,20,,1159615,25,,,1,20,,1159642,25,,,1,59,,1159635,25,,,1,18,,1159675,25,,,1,20,,1159643,25,,,1,60,,1159674,25,,,1,18,,1159620,25,,,1,24,,1159614,25,,,1,64,,1159606,25,,,1,30,,1159610,25,,,1,71,,1159603,25,,,1,29,,1159634,25,,,1
6801,'16',501,,1159719,30,,,1,30,,1159687,30,,,1,72,,1075027,30,,,1,32,,1159728,25,,,1,22,,1159705,25,,,1,56,,1159703,25,,,1,15,,1159735,25,,,1,19,,1159695,25,,,1,66,,1159711,25,,,1,17,,1091332,25,,,1,21,,1159725,25,,,1,60,,1159738,25,,,1,20,,1159698,25,,,1,15,,1159708,25,,,1,56,,1159689,25,,,1,14,,1091340,25,,,1,15,,1159692,25,,,1,15,,1159694,25,,,1,55,,1159727,25,,,1,15,,1073876,25,,,1,15,,1159697,25,,,1,17,,1159682,25,,,1,55,,1159704,25,,,1,15,,1159693,25,,,1,15,,1159736,25,,,1,16,,1159715,25,,,1,56,,1159679,25,,,1,15,,1159713,25,,,1,15,,1091656,25,,,1,15,,1088180,25,,,1,55,,1159700,25,,,1,18,,1159731,25,,,1,15,,1065487,25,,,1,13,,1159678,25,,,1,57,,978188,25,,,1,15,,1159717,25,,,1,13,,1159729,25,,,1,76,,1159720,25,,,1,23,,1159732,25,,,1,24,,1159691,25,,,1,64,,1159688,25,,,1,20,,1159686,25,,,1,65,,1159724,25,,,1,23,,1159730,25,,,1,12,,1159702,25,,,1,12,,1159685,25,,,1,59,,1159710,25,,,1,19,,1159707,25,,,1,19,,1159722,25,,,1,60,,1159712,25,,,1,20,,1159726,25,,,1,20,,1159699,25,,,1,60,,1159718,25,,,1,20,,1159706,25,,,1,20,,1159676,25,,,1,59,,1159721,25,,,1,18,,1159701,25,,,1,20,,1159681,25,,,1,60,,1159684,25,,,1,18,,1159690,25,,,1,24,,1159716,25,,,1,64,,1159680,25,,,1,30,,1159677,25,,,1,71,,1159714,25,,,1,29,,1159683,25,,,1
6801,'17',657,,1159758,25,,,1,70,,1159741,25,,,1,30,,1159768,25,,,1,72,,1159775,25,,,1,30,,1159771,25,,,1,70,,1159752,25,,,1,30,,1159779,25,,,1,70,,1159777,25,,,1,30,,1159748,25,,,1,70,,1159751,25,,,1,21,,1159778,25,,,1,60,,1159774,25,,,1,20,,1159742,25,,,1,20,,1159740,25,,,1,60,,1159766,25,,,1,20,,1159750,25,,,1,20,,1159770,25,,,1,60,,1159746,25,,,1,20,,1159772,25,,,1,20,,1159780,25,,,1,60,,1159754,25,,,1,20,,1159756,25,,,1,20,,1159761,25,,,1,60,,1159765,25,,,1,20,,1159745,25,,,1,20,,1159743,25,,,1,60,,1159757,25,,,1,20,,1159749,25,,,1,20,,1159767,25,,,1,67,,1159760,25,,,1,30,,1159759,25,,,1,70,,1159776,25,,,1,30,,1159739,25,,,1,70,,1159769,25,,,1,29,,1159764,25,,,1,70,,1159747,25,,,1,30,,1159744,25,,,1,70,,1159753,25,,,1,29,,1159773,25,,,1,70,,1159762,25,,,1,30,,1159763,25,,,1,70,,1159755,25,,,1
6801,'2',700,,1159792,25,,,1,30,,1159824,25,,,1,70,,1159820,25,,,1,32,,1159825,25,,,1,71,,1159815,25,,,1,30,,1159811,25,,,1,70,,1159800,25,,,1,30,,1159822,25,,,1,71,,1159814,25,,,1,31,,1159812,25,,,1,70,,1159810,25,,,1,15,,1159781,25,,,1,15,,1159802,25,,,1,15,,1159786,25,,,1,55,,1159799,25,,,1,15,,1159793,25,,,1,15,,1019764,25,,,1,15,,1159809,25,,,1,55,,1159805,25,,,1,15,,1159808,25,,,1,15,,1159794,25,,,1,15,,1159803,25,,,1,55,,1159804,25,,,1,15,,1067144,25,,,1,15,,1159813,25,,,1,15,,1159823,25,,,1,55,,1159796,25,,,1,15,,1159818,25,,,1,15,,1159783,25,,,1,15,,1159782,25,,,1,55,,1036726,25,,,1,15,,1159821,25,,,1,15,,1073325,25,,,1,15,,1159798,25,,,1,55,,1159787,25,,,1,15,,1159788,25,,,1,15,,1159785,25,,,1,15,,1159797,25,,,1,55,,1159817,25,,,1,30,,1159791,25,,,1,70,,1159806,25,,,1,29,,1076125,25,,,1,70,,1159789,25,,,1,30,,1159819,25,,,1,70,,1159807,25,,,1,29,,1159801,25,,,1,70,,1159816,25,,,1,30,,1159790,25,,,1,70,,1068747,25,,,1,30,,1159784,25,,,1,70,,1159795,25,,,1
6801,'3',657,,1159845,25,,,1,70,,1159828,25,,,1,30,,1159855,25,,,1,72,,1159862,25,,,1,30,,1159858,25,,,1,70,,1159839,25,,,1,30,,1159866,25,,,1,70,,1159864,25,,,1,30,,1159835,25,,,1,70,,1159838,25,,,1,21,,1159865,25,,,1,60,,1159861,25,,,1,20,,1159829,25,,,1,20,,1159827,25,,,1,60,,1159853,25,,,1,20,,1159837,25,,,1,20,,1159857,25,,,1,60,,1159833,25,,,1,20,,1159859,25,,,1,20,,1159867,25,,,1,60,,1159841,25,,,1,20,,1159843,25,,,1,20,,1159848,25,,,1,60,,1159852,25,,,1,20,,1159832,25,,,1,20,,1159830,25,,,1,60,,1159844,25,,,1,20,,1159836,25,,,1,20,,1159854,25,,,1,67,,1159847,25,,,1,30,,1159846,25,,,1,70,,1159863,25,,,1,30,,1159826,25,,,1,70,,1159856,25,,,1,29,,1159851,25,,,1,70,,1159834,25,,,1,30,,1159831,25,,,1,70,,1159840,25,,,1,29,,1159860,25,,,1,70,,1159849,25,,,1,30,,1159850,25,,,1,70,,1159842,25,,,1
6801,'4',657,,1060793,25,,,1,70,,1159876,25,,,1,30,,1088617,25,,,1,72,,1063969,25,,,1,30,,1159880,25,,,1,70,,1159897,25,,,1,30,,1159883,25,,,1,70,,1159882,25,,,1,30,,1159873,25,,,1,70,,1159879,25,,,1,21,,1159885,25,,,1,60,,1159881,25,,,1,20,,1159896,25,,,1,20,,1047805,25,,,1,60,,1159893,25,,,1,20,,1159878,25,,,1,20,,1159892,25,,,1,60,,1159877,25,,,1,20,,1159887,25,,,1,20,,1159870,25,,,1,60,,1159898,25,,,1,20,,1159884,25,,,1,20,,1159888,25,,,1,60,,1159868,25,,,1,20,,1159875,25,,,1,20,,1159872,25,,,1,60,,1057682,25,,,1,20,,1159900,25,,,1,20,,1159894,25,,,1,67,,1159902,25,,,1,30,,1159874,25,,,1,70,,1159899,25,,,1,30,,1159889,25,,,1,70,,1159890,25,,,1,29,,1159901,25,,,1,70,,1069759,25,,,1,30,,1159871,25,,,1,70,,1159869,25,,,1,29,,1159886,25,,,1,70,,1159895,25,,,1,30,,1159891,25,,,1,70,,1059060,25,,,1
6801,'5',501,,1095174,30,,,1,30,,1159903,30,,,1,72,,1159938,30,,,1,32,,1159945,25,,,1,22,,1159926,25,,,1,56,,1020882,25,,,1,15,,1159922,25,,,1,19,,1159907,25,,,1,66,,1159954,25,,,1,17,,1159904,25,,,1,21,,1159915,25,,,1,60,,1159946,25,,,1,20,,1159951,25,,,1,15,,1159933,25,,,1,56,,1063562,25,,,1,14,,1159957,25,,,1,15,,1159939,25,,,1,15,,1159952,25,,,1,55,,1159948,25,,,1,15,,1159942,25,,,1,15,,1159927,25,,,1,17,,1159908,25,,,1,55,,1159955,25,,,1,15,,1159916,25,,,1,15,,1159918,25,,,1,16,,1071493,25,,,1,56,,1159941,25,,,1,15,,1100228,25,,,1,15,,1159911,25,,,1,15,,1159934,25,,,1,55,,1159950,25,,,1,18,,1159944,25,,,1,15,,1067368,25,,,1,13,,1159914,25,,,1,57,,1159917,25,,,1,15,,1081027,25,,,1,13,,1159961,25,,,1,76,,1159960,25,,,1,23,,1159928,25,,,1,24,,1159935,25,,,1,64,,1159959,25,,,1,20,,1159949,25,,,1,65,,1101591,25,,,1,23,,1159924,25,,,1,12,,1159906,25,,,1,12,,1159940,25,,,1,59,,1159937,25,,,1,19,,1159947,25,,,1,19,,1159943,25,,,1,60,,1086670,25,,,1,20,,1159919,25,,,1,20,,1070894,25,,,1,60,,1159953,25,,,1,20,,1159912,25,,,1,20,,1159920,25,,,1,59,,1159925,25,,,1,18,,1159921,25,,,1,20,,1159929,25,,,1,60,,1093377,25,,,1,18,,1159905,25,,,1,24,,1159931,25,,,1,64,,1159923,25,,,1,30,,1159932,25,,,1,71,,1159909,25,,,1,29,,1159910,25,,,1
6801,'6',501,,1160006,30,,,1,30,,1159974,30,,,1,72,,1159965,30,,,1,32,,1160017,25,,,1,22,,1159992,25,,,1,56,,1159990,25,,,1,15,,1088983,25,,,1,19,,1159982,25,,,1,66,,1159998,25,,,1,17,,1159971,25,,,1,21,,1160014,25,,,1,60,,1160025,25,,,1,20,,1159985,25,,,1,15,,1159995,25,,,1,56,,1159976,25,,,1,14,,1160009,25,,,1,15,,1159979,25,,,1,15,,1159981,25,,,1,55,,1160016,25,,,1,15,,1159973,25,,,1,15,,1159984,25,,,1,17,,1038908,25,,,1,55,,1159991,25,,,1,15,,1159980,25,,,1,15,,1160023,25,,,1,16,,1160002,25,,,1,56,,1071751,25,,,1,15,,1160000,25,,,1,15,,1160026,25,,,1,15,,1159969,25,,,1,55,,1159987,25,,,1,18,,1160020,25,,,1,15,,1159968,25,,,1,13,,1043190,25,,,1,57,,1160012,25,,,1,15,,1160004,25,,,1,13,,1160018,25,,,1,76,,1160007,25,,,1,23,,1160021,25,,,1,24,,1159978,25,,,1,64,,1159975,25,,,1,20,,1159972,25,,,1,65,,1160013,25,,,1,23,,1160019,25,,,1,12,,1159989,25,,,1,12,,1026125,25,,,1,59,,1159997,25,,,1,19,,1159994,25,,,1,19,,1160010,25,,,1,60,,1159999,25,,,1,20,,1160015,25,,,1,20,,1159986,25,,,1,60,,1160005,25,,,1,20,,1159993,25,,,1,20,,1159966,25,,,1,59,,1160008,25,,,1,18,,1159988,25,,,1,20,,1073682,25,,,1,60,,1101657,25,,,1,18,,1159977,25,,,1,24,,1160003,25,,,1,64,,988787,25,,,1,30,,1159967,25,,,1,71,,1160001,25,,,1,29,,1159970,25,,,1
6801,'7',700,,1160048,25,,,1,30,,1160044,25,,,1,70,,1160057,25,,,1,32,,1160046,25,,,1,71,,1160028,25,,,1,30,,1160069,25,,,1,70,,1160040,25,,,1,30,,1160042,25,,,1,71,,1160039,25,,,1,31,,1160060,25,,,1,70,,1160054,25,,,1,15,,1160050,25,,,1,15,,1160032,25,,,1,15,,1160062,25,,,1,55,,1160077,25,,,1,15,,1160053,25,,,1,15,,1160056,25,,,1,15,,1160068,25,,,1,55,,1160038,25,,,1,15,,1160078,25,,,1,15,,1160058,25,,,1,15,,1160041,25,,,1,55,,1160067,25,,,1,15,,1160035,25,,,1,15,,1160037,25,,,1,15,,1160073,25,,,1,55,,1160031,25,,,1,15,,1160047,25,,,1,15,,1160034,25,,,1,15,,1160071,25,,,1,55,,1160049,25,,,1,15,,1160064,25,,,1,15,,1160075,25,,,1,15,,1160076,25,,,1,55,,1160059,25,,,1,15,,1160065,25,,,1,15,,1160029,25,,,1,15,,1160036,25,,,1,55,,1160070,25,,,1,30,,1160072,25,,,1,70,,1160066,25,,,1,29,,1160061,25,,,1,70,,1160055,25,,,1,30,,1160030,25,,,1,70,,1160074,25,,,1,29,,1160051,25,,,1,70,,1160063,25,,,1,30,,1160052,25,,,1,70,,1160033,25,,,1,30,,1160043,25,,,1,70,,1160045,25,,,1
6801,'8',501,,1160127,30,,,1,30,,1160095,30,,,1,72,,1160079,30,,,1,32,,1160138,25,,,1,22,,1160113,25,,,1,56,,1160111,25,,,1,15,,1160146,25,,,1,19,,1160103,25,,,1,66,,1160119,25,,,1,17,,1160092,25,,,1,21,,1160135,25,,,1,60,,1160149,25,,,1,20,,1160106,25,,,1,15,,1160116,25,,,1,56,,1160097,25,,,1,14,,1160130,25,,,1,15,,1160100,25,,,1,15,,1160102,25,,,1,55,,1160137,25,,,1,15,,1160094,25,,,1,15,,1160105,25,,,1,17,,1160087,25,,,1,55,,1160112,25,,,1,15,,1160101,25,,,1,15,,1160147,25,,,1,16,,1160123,25,,,1,56,,1160083,25,,,1,15,,1160121,25,,,1,15,,1160150,25,,,1,15,,1160088,25,,,1,55,,1160108,25,,,1,18,,1160141,25,,,1,15,,1160085,25,,,1,13,,1160082,25,,,1,57,,1160133,25,,,1,15,,1160125,25,,,1,13,,1160139,25,,,1,76,,1160128,25,,,1,23,,1160142,25,,,1,24,,1160099,25,,,1,64,,1160096,25,,,1,20,,1160093,25,,,1,65,,1160134,25,,,1,23,,1160140,25,,,1,12,,1160110,25,,,1,12,,1160091,25,,,1,59,,1160118,25,,,1,19,,1160115,25,,,1,19,,1160131,25,,,1,60,,1160120,25,,,1,20,,1160136,25,,,1,20,,1160107,25,,,1,60,,1160126,25,,,1,20,,1160114,25,,,1,20,,1160080,25,,,1,59,,1160129,25,,,1,18,,1160109,25,,,1,20,,1160086,25,,,1,60,,1160090,25,,,1,18,,1160098,25,,,1,24,,1160124,25,,,1,64,,1160084,25,,,1,30,,1160081,25,,,1,71,,1160122,25,,,1,29,,1160089,25,,,1
6801,'9',501,,1095050,30,,,1,30,,1160152,30,,,1,72,,1160187,30,,,1,32,,1160194,25,,,1,22,,1160175,25,,,1,56,,1021214,25,,,1,15,,1160171,25,,,1,19,,1160156,25,,,1,66,,1160203,25,,,1,17,,1160153,25,,,1,21,,1160164,25,,,1,60,,1160195,25,,,1,20,,1160200,25,,,1,15,,1160182,25,,,1,56,,1063391,25,,,1,14,,1160206,25,,,1,15,,1160188,25,,,1,15,,1160201,25,,,1,55,,1160197,25,,,1,15,,1160191,25,,,1,15,,1160176,25,,,1,17,,1160157,25,,,1,55,,1160204,25,,,1,15,,1160165,25,,,1,15,,1160167,25,,,1,16,,1071481,25,,,1,56,,1160190,25,,,1,15,,1100160,25,,,1,15,,1160160,25,,,1,15,,1160183,25,,,1,55,,1160199,25,,,1,18,,1160193,25,,,1,15,,1067210,25,,,1,13,,1160163,25,,,1,57,,1160166,25,,,1,15,,1080935,25,,,1,13,,1160210,25,,,1,76,,1160209,25,,,1,23,,1160177,25,,,1,24,,1160184,25,,,1,64,,1160208,25,,,1,20,,1160198,25,,,1,65,,1101543,25,,,1,23,,1160173,25,,,1,12,,1160155,25,,,1,12,,1160189,25,,,1,59,,1160186,25,,,1,19,,1160196,25,,,1,19,,1160192,25,,,1,60,,1086582,25,,,1,20,,1160168,25,,,1,20,,1070786,25,,,1,60,,1160202,25,,,1,20,,1160161,25,,,1,20,,1160169,25,,,1,59,,1160174,25,,,1,18,,1160170,25,,,1,20,,1160178,25,,,1,60,,1093221,25,,,1,18,,1160154,25,,,1,24,,1160180,25,,,1,64,,1160172,25,,,1,30,,1160181,25,,,1,71,,1160158,25,,,1,29,,1160159,25,,,1
64601,'1',1631,,1199525,73,,,1
64601,'10',1631,,1199527,73,,,1
64601,'11',1631,,1199529,73,,,1
64601,'12',1631,,1199530,73,,,1
64601,'14',1631,,1199532,73,,,1
64601,'15',1631,,1199534,73,,,1
64601,'16',1631,,1199536,73,,,1
64601,'5',1631,,1199538,73,,,1
64601,'6',1631,,1199540,73,,,1
64601,'8',1631,,1199542,73,,,1
64601,'9',1631,,1199544,73,,,1
68801,'1',1455,,1200571,40,,,1
68801,'10',1455,,1200573,40,,,1
68801,'11',1455,,1200575,40,,,1
68801,'12',1455,,1200578,40,,,1
68801,'14',1455,,1200581,40,,,1
68801,'15',1455,,1200584,40,,,1
68801,'16',1455,,1200587,40,,,1
68801,'5',1455,,1200589,40,,,1
68801,'6',1455,,1200592,40,,,1
68801,'8',1455,,1200595,40,,,1
68801,'9',1455,,1200597,40,,,1
