26600,'1',534,,1197514,5,,,1,81,,1070603,5,,,1,41,,1197512,5,,,1,101,,1197513,5,,,1
26600,'10',534,,1197517,5,,,1,81,,1070417,5,,,1,41,,1197515,5,,,1,101,,1197516,5,,,1
26600,'11',534,,1197520,5,,,1,81,,1070657,5,,,1,41,,1197518,5,,,1,101,,1197519,5,,,1
26600,'12',534,,1197522,5,,,1,81,,1197524,5,,,1,41,,1197521,5,,,1,101,,1197523,5,,,1
26600,'14',534,,1197528,5,,,1,81,,1197525,5,,,1,41,,1197526,5,,,1,101,,1197527,5,,,1
26600,'15',534,,1197532,5,,,1,81,,1197531,5,,,1,41,,1197529,5,,,1,101,,1197530,5,,,1
26600,'16',534,,1197534,5,,,1,81,,1197536,5,,,1,41,,1197533,5,,,1,101,,1197535,5,,,1
26600,'5',534,,1197539,5,,,1,81,,1070567,5,,,1,41,,1197537,5,,,1,101,,1197538,5,,,1
26600,'6',534,,1197541,5,,,1,81,,989044,5,,,1,41,,1197540,5,,,1,101,,1197542,5,,,1
26600,'8',534,,1197544,5,,,1,81,,1197546,5,,,1,41,,1197543,5,,,1,101,,1197545,5,,,1
26600,'9',534,,1197549,5,,,1,81,,1070476,5,,,1,41,,1197547,5,,,1,101,,1197548,5,,,1
