6701,'1',644,,1157882,8,,,1,70,,1157863,8,,,1,30,,1091308,8,,,1,71,,1157867,8,,,1,29,,1157877,8,,,1,70,,1068561,8,,,1,30,,1157874,8,,,1,70,,1157871,8,,,1,30,,1157866,8,,,1,70,,1007574,8,,,1,30,,1077690,8,,,1,71,,1157879,8,,,1,30,,1157883,8,,,1,70,,1157872,8,,,1,30,,1157884,8,,,1,71,,1157875,8,,,1,15,,1157876,6,,,1,15,,1157869,8,,,1,70,,1157862,8,,,1,30,,1157881,8,,,1,70,,1157870,8,,,1,34,,1157865,18,,,1,69,,1157873,18,,,1,31,,1157864,18,,,1,70,,980044,18,,,1,30,,1103301,18,,,1,67,,1157878,18,,,1,35,,1157880,8,,,1,66,,1157868,8,,,1,100,,941152,8,,,1
6701,'10',644,,1157905,8,,,1,70,,1157886,8,,,1,30,,1091031,8,,,1,71,,1157890,8,,,1,29,,1157900,8,,,1,70,,1068522,8,,,1,30,,1157897,8,,,1,70,,1157894,8,,,1,30,,1157889,8,,,1,70,,1007680,8,,,1,30,,1077648,8,,,1,71,,1157902,8,,,1,30,,1157906,8,,,1,70,,1157895,8,,,1,30,,1157907,8,,,1,71,,1157898,8,,,1,15,,1157899,6,,,1,15,,1157892,8,,,1,70,,1157885,8,,,1,30,,1157904,8,,,1,70,,1157893,8,,,1,34,,1157888,18,,,1,69,,1157896,18,,,1,31,,1157887,18,,,1,70,,979777,18,,,1,30,,1103289,18,,,1,67,,1157901,18,,,1,35,,1157903,8,,,1,66,,1157891,8,,,1,100,,940879,8,,,1
6701,'11',644,,1157928,8,,,1,70,,1157909,8,,,1,30,,1091382,8,,,1,71,,1157913,8,,,1,29,,1157923,8,,,1,70,,1068574,8,,,1,30,,1157920,8,,,1,70,,1157917,8,,,1,30,,1157912,8,,,1,70,,1007545,8,,,1,30,,1077704,8,,,1,71,,1157925,8,,,1,30,,1157929,8,,,1,70,,1157918,8,,,1,30,,1157930,8,,,1,71,,1157921,8,,,1,15,,1157922,6,,,1,15,,1157915,8,,,1,70,,1157908,8,,,1,30,,1157927,8,,,1,70,,1157916,8,,,1,34,,1157911,18,,,1,69,,1157919,18,,,1,31,,1157910,18,,,1,70,,979994,18,,,1,30,,1103305,18,,,1,67,,1157924,18,,,1,35,,1157926,8,,,1,66,,1157914,8,,,1,100,,941104,8,,,1
6701,'12',644,,1157942,8,,,1,70,,1099284,8,,,1,30,,1157948,8,,,1,71,,1157932,8,,,1,29,,1157933,8,,,1,70,,1157943,8,,,1,30,,1157957,8,,,1,70,,1157934,8,,,1,30,,1157941,8,,,1,70,,1157938,8,,,1,30,,1157950,8,,,1,71,,1157949,8,,,1,30,,1157955,8,,,1,70,,1157936,8,,,1,30,,1157945,8,,,1,71,,1027870,8,,,1,15,,1157953,6,,,1,15,,1157952,8,,,1,70,,1157931,8,,,1,30,,1157951,8,,,1,70,,1157940,8,,,1,34,,1157935,18,,,1,69,,1157939,18,,,1,31,,1157956,18,,,1,70,,1157947,18,,,1,30,,1157958,18,,,1,67,,1157944,18,,,1,35,,1157946,8,,,1,66,,1157954,8,,,1,100,,1157937,8,,,1
6701,'13',721,,1157975,8,,,1,100,,1157962,8,,,1,100,,1073777,8,,,1,30,,1157965,8,,,1,70,,1099265,8,,,1,30,,1157964,8,,,1,71,,1157973,8,,,1,30,,1157970,8,,,1,70,,1157961,8,,,1,30,,1072966,8,,,1,70,,1157971,8,,,1,30,,1157966,8,,,1,70,,1157963,8,,,1,30,,1157959,8,,,1,70,,1157972,8,,,1,30,,1157974,8,,,1,70,,1157968,8,,,1,30,,1157960,8,,,1,100,,1157967,8,,,1,100,,1157969,8,,,1
6701,'14',644,,1157998,8,,,1,70,,1157977,8,,,1,30,,1158001,8,,,1,71,,1157983,8,,,1,29,,1157993,8,,,1,70,,1158004,8,,,1,30,,1157990,8,,,1,70,,1157987,8,,,1,30,,1157982,8,,,1,70,,1158003,8,,,1,30,,1158000,8,,,1,71,,1157995,8,,,1,30,,1158002,8,,,1,70,,1157988,8,,,1,30,,1158005,8,,,1,71,,1157991,8,,,1,15,,1157992,6,,,1,15,,1157985,8,,,1,70,,1157976,8,,,1,30,,1157997,8,,,1,70,,1157986,8,,,1,34,,1157981,18,,,1,69,,1157989,18,,,1,31,,1157980,18,,,1,70,,1157999,18,,,1,30,,1157979,18,,,1,67,,1157994,18,,,1,35,,1157996,8,,,1,66,,1157984,8,,,1,100,,1157978,8,,,1
6701,'15',644,,1158026,8,,,1,70,,1158025,8,,,1,30,,1158017,8,,,1,71,,1158009,8,,,1,29,,1158027,8,,,1,70,,1158021,8,,,1,30,,1158032,8,,,1,70,,1158024,8,,,1,30,,1158012,8,,,1,70,,1158015,8,,,1,30,,1158020,8,,,1,71,,1158010,8,,,1,30,,1158035,8,,,1,70,,1158011,8,,,1,30,,1158030,8,,,1,71,,1158022,8,,,1,15,,1158029,6,,,1,15,,1158031,8,,,1,70,,1158019,8,,,1,30,,1158028,8,,,1,70,,1158016,8,,,1,34,,1158014,18,,,1,69,,1158008,18,,,1,31,,1158034,18,,,1,70,,1158023,18,,,1,30,,1158006,18,,,1,67,,1158013,18,,,1,35,,1158033,8,,,1,66,,1158007,8,,,1,100,,1158018,8,,,1
6701,'16',644,,1158046,8,,,1,70,,1158060,8,,,1,30,,1158052,8,,,1,71,,1075571,8,,,1,29,,1158036,8,,,1,70,,1158047,8,,,1,30,,1081985,8,,,1,70,,1158038,8,,,1,30,,1158045,8,,,1,70,,1158042,8,,,1,30,,1158054,8,,,1,71,,1158053,8,,,1,30,,1158059,8,,,1,70,,1158040,8,,,1,30,,1158049,8,,,1,71,,1158037,8,,,1,15,,1158057,6,,,1,15,,1158056,8,,,1,70,,1085246,8,,,1,30,,1158055,8,,,1,70,,1158044,8,,,1,34,,1158039,18,,,1,69,,1158043,18,,,1,31,,1010328,18,,,1,70,,1158051,18,,,1,30,,1086438,18,,,1,67,,1158048,18,,,1,35,,1158050,8,,,1,66,,1158058,8,,,1,100,,1158041,8,,,1
6701,'17',721,,1158080,8,,,1,100,,1158066,8,,,1,100,,1158078,8,,,1,30,,1158069,8,,,1,70,,1158064,8,,,1,30,,1158068,8,,,1,71,,1158077,8,,,1,30,,1158074,8,,,1,70,,1158065,8,,,1,30,,1158062,8,,,1,70,,1158075,8,,,1,30,,1158070,8,,,1,70,,1158067,8,,,1,30,,1158061,8,,,1,70,,1158076,8,,,1,30,,1158079,8,,,1,70,,1158072,8,,,1,30,,1158063,8,,,1,100,,1158071,8,,,1,100,,1158073,8,,,1
6701,'2',654,,1158082,8,,,1,100,,1158097,8,,,1,70,,1158090,8,,,1,30,,1158094,8,,,1,70,,1158099,8,,,1,30,,1158095,8,,,1,70,,1158092,8,,,1,30,,1158101,8,,,1,71,,1158103,8,,,1,30,,1158102,8,,,1,70,,1158100,8,,,1,30,,1158086,8,,,1,70,,1158081,8,,,1,30,,1158085,8,,,1,70,,1158096,8,,,1,30,,1158093,8,,,1,70,,1158083,8,,,1,30,,1158088,8,,,1,70,,1158089,8,,,1,30,,1094721,8,,,1,100,,1158087,8,,,1,100,,1158098,8,,,1,100,,1158084,8,,,1,99,,1158091,8,,,1
6701,'3',721,,1158123,8,,,1,100,,1158109,8,,,1,100,,1158121,8,,,1,30,,1158112,8,,,1,70,,1158107,8,,,1,30,,1158111,8,,,1,71,,1158120,8,,,1,30,,1158117,8,,,1,70,,1158108,8,,,1,30,,1158105,8,,,1,70,,1158118,8,,,1,30,,1158113,8,,,1,70,,1158110,8,,,1,30,,1158104,8,,,1,70,,1158119,8,,,1,30,,1158122,8,,,1,70,,1158115,8,,,1,30,,1158106,8,,,1,100,,1158114,8,,,1,100,,1158116,8,,,1
6701,'4',721,,1158140,8,,,1,100,,1158125,8,,,1,100,,1069533,8,,,1,30,,1158133,8,,,1,70,,1158124,8,,,1,30,,1158132,8,,,1,71,,1158134,8,,,1,30,,1158130,8,,,1,70,,1158137,8,,,1,30,,1158139,8,,,1,70,,1158129,8,,,1,30,,1158138,8,,,1,70,,1158135,8,,,1,30,,1158141,8,,,1,70,,1158142,8,,,1,30,,1158131,8,,,1,70,,1158136,8,,,1,30,,1158127,8,,,1,100,,1158126,8,,,1,100,,1158128,8,,,1
6701,'5',644,,1158163,8,,,1,70,,1158144,8,,,1,30,,1091265,8,,,1,71,,1158148,8,,,1,29,,1158158,8,,,1,70,,1068548,8,,,1,30,,1158155,8,,,1,70,,1158152,8,,,1,30,,1158147,8,,,1,70,,1007394,8,,,1,30,,1077676,8,,,1,71,,1158160,8,,,1,30,,1158164,8,,,1,70,,1158153,8,,,1,30,,1158165,8,,,1,71,,1158156,8,,,1,15,,1158157,6,,,1,15,,1158150,8,,,1,70,,1158143,8,,,1,30,,1158162,8,,,1,70,,1158151,8,,,1,34,,1158146,18,,,1,69,,1158154,18,,,1,31,,1158145,18,,,1,70,,980200,18,,,1,30,,1103297,18,,,1,67,,1158159,18,,,1,35,,1158161,8,,,1,66,,1158149,8,,,1,100,,941297,8,,,1
6701,'6',644,,1158176,8,,,1,70,,1158190,8,,,1,30,,1158181,8,,,1,71,,1158167,8,,,1,29,,1158168,8,,,1,70,,1158177,8,,,1,30,,1158191,8,,,1,70,,1008867,8,,,1,30,,1158175,8,,,1,70,,1158172,8,,,1,30,,1158183,8,,,1,71,,1158182,8,,,1,30,,1158188,8,,,1,70,,1158170,8,,,1,30,,1158179,8,,,1,71,,1158169,8,,,1,15,,1158186,6,,,1,15,,1158185,8,,,1,70,,1158166,8,,,1,30,,1158184,8,,,1,70,,1158174,8,,,1,34,,1073488,18,,,1,69,,1158173,18,,,1,31,,1158189,18,,,1,70,,1158180,18,,,1,30,,1158192,18,,,1,67,,1158178,18,,,1,35,,1053535,8,,,1,66,,1158187,8,,,1,100,,1158171,8,,,1
6701,'7',654,,1158196,8,,,1,100,,1158193,8,,,1,70,,1158203,8,,,1,30,,1158210,8,,,1,70,,1158195,8,,,1,30,,1158206,8,,,1,70,,1158200,8,,,1,30,,1158209,8,,,1,71,,1158214,8,,,1,30,,1158211,8,,,1,70,,1158213,8,,,1,30,,1158197,8,,,1,70,,1158215,8,,,1,30,,1158205,8,,,1,70,,1158194,8,,,1,30,,1158207,8,,,1,70,,1158198,8,,,1,30,,1158208,8,,,1,70,,1158202,8,,,1,30,,1158199,8,,,1,100,,1158204,8,,,1,100,,1158216,8,,,1,100,,1158201,8,,,1,99,,1158212,8,,,1
6701,'8',644,,1158229,8,,,1,70,,1158244,8,,,1,30,,1158235,8,,,1,71,,1158218,8,,,1,29,,1158219,8,,,1,70,,1158230,8,,,1,30,,1158245,8,,,1,70,,1158221,8,,,1,30,,1158228,8,,,1,70,,1158225,8,,,1,30,,1158237,8,,,1,71,,1158236,8,,,1,30,,1158242,8,,,1,70,,1158223,8,,,1,30,,1158232,8,,,1,71,,1158220,8,,,1,15,,1158240,6,,,1,15,,1158239,8,,,1,70,,1158217,8,,,1,30,,1158238,8,,,1,70,,1158227,8,,,1,34,,1158222,18,,,1,69,,1158226,18,,,1,31,,1158243,18,,,1,70,,1158234,18,,,1,30,,1158246,18,,,1,67,,1158231,18,,,1,35,,1158233,8,,,1,66,,1158241,8,,,1,100,,1158224,8,,,1
6701,'9',644,,1158267,8,,,1,70,,1158248,8,,,1,30,,1091115,8,,,1,71,,1158252,8,,,1,29,,1158262,8,,,1,70,,1068535,8,,,1,30,,1158259,8,,,1,70,,1158256,8,,,1,30,,1158251,8,,,1,70,,1007603,8,,,1,30,,1077662,8,,,1,71,,1158264,8,,,1,30,,1158268,8,,,1,70,,1158257,8,,,1,30,,1158269,8,,,1,71,,1158260,8,,,1,15,,1158261,6,,,1,15,,1158254,8,,,1,70,,1158247,8,,,1,30,,1158266,8,,,1,70,,1158255,8,,,1,34,,1158250,18,,,1,69,,1158258,18,,,1,31,,1158249,18,,,1,70,,980150,18,,,1,30,,1103293,18,,,1,67,,1158263,18,,,1,35,,1158265,8,,,1,66,,1158253,8,,,1,100,,941249,8,,,1
6800,'1',434,,1158324,8,,,1,21,,1158305,8,,,1,70,,1158315,8,,,1,25,,1158307,8,,,1,66,,1158297,8,,,1,18,,1158292,8,,,1,70,,1045534,8,,,1,22,,1158323,8,,,1,23,,1158306,8,,,1,67,,1158276,8,,,1,17,,1032824,8,,,1,13,,1158300,8,,,1,55,,1158299,8,,,1,15,,1158318,8,,,1,15,,1158325,8,,,1,15,,1158280,8,,,1,55,,1158319,8,,,1,15,,1158321,8,,,1,15,,1158313,8,,,1,15,,1158328,8,,,1,55,,1158277,8,,,1,15,,1064915,8,,,1,15,,1158271,8,,,1,16,,1158273,8,,,1,56,,1158310,8,,,1,15,,1158282,8,,,1,15,,1158272,8,,,1,14,,1090858,8,,,1,54,,1158311,8,,,1,15,,1158304,8,,,1,15,,1158281,8,,,1,15,,1158329,8,,,1,57,,1158302,8,,,1,20,,1158308,8,,,1,80,,1158294,8,,,1,23,,1158283,8,,,1,18,,1158289,8,,,1,58,,1158270,8,,,1,23,,1158286,8,,,1,21,,1026771,8,,,1,57,,1158290,8,,,1,21,,1158285,8,,,1,20,,1158314,8,,,1,61,,1158293,8,,,1,16,,1158327,8,,,1,16,,1158274,8,,,1,15,,1158309,8,,,1,54,,1158275,8,,,1,16,,1158295,8,,,1,15,,1019207,8,,,1,15,,1158291,8,,,1,55,,1158326,8,,,1,15,,1158317,8,,,1,20,,1158298,8,,,1,60,,1024069,8,,,1,20,,936900,8,,,1,20,,1158303,8,,,1,60,,1158278,8,,,1,24,,1158284,8,,,1,29,,1158320,8,,,1,70,,1158301,8,,,1,75,,1084733,8,,,1,31,,1158288,8,,,1
6800,'10',434,,1158384,8,,,1,21,,1158365,8,,,1,70,,1158375,8,,,1,25,,1158367,8,,,1,66,,1158357,8,,,1,18,,1158352,8,,,1,70,,1045697,8,,,1,22,,1158383,8,,,1,23,,1158366,8,,,1,67,,1158336,8,,,1,17,,1033001,8,,,1,13,,1158360,8,,,1,55,,1158359,8,,,1,15,,1158378,8,,,1,15,,1158385,8,,,1,15,,1158340,8,,,1,55,,1158379,8,,,1,15,,1158381,8,,,1,15,,1158373,8,,,1,15,,1158388,8,,,1,55,,1158337,8,,,1,15,,1064780,8,,,1,15,,1158331,8,,,1,16,,1158333,8,,,1,56,,1158370,8,,,1,15,,1158342,8,,,1,15,,1158332,8,,,1,14,,1090617,8,,,1,54,,1158371,8,,,1,15,,1158364,8,,,1,15,,1158341,8,,,1,15,,1158389,8,,,1,57,,1158362,8,,,1,20,,1158368,8,,,1,80,,1158354,8,,,1,23,,1158343,8,,,1,18,,1158349,8,,,1,58,,1158330,8,,,1,23,,1158346,8,,,1,21,,1026886,8,,,1,57,,1158350,8,,,1,21,,1158345,8,,,1,20,,1158374,8,,,1,61,,1158353,8,,,1,16,,1158387,8,,,1,16,,1158334,8,,,1,15,,1158369,8,,,1,54,,1158335,8,,,1,16,,1158355,8,,,1,15,,1019290,8,,,1,15,,1158351,8,,,1,55,,1158386,8,,,1,15,,1158377,8,,,1,20,,1158358,8,,,1,60,,1024152,8,,,1,20,,936518,8,,,1,20,,1158363,8,,,1,60,,1158338,8,,,1,24,,1158344,8,,,1,29,,1158380,8,,,1,70,,1158361,8,,,1,75,,1084562,8,,,1,31,,1158348,8,,,1
6800,'11',434,,1158444,8,,,1,21,,1158425,8,,,1,70,,1158435,8,,,1,25,,1158427,8,,,1,66,,1158417,8,,,1,18,,1158412,8,,,1,70,,1045485,8,,,1,22,,1158443,8,,,1,23,,1158426,8,,,1,67,,1158396,8,,,1,17,,1032772,8,,,1,13,,1158420,8,,,1,55,,1158419,8,,,1,15,,1158438,8,,,1,15,,1158445,8,,,1,15,,1158400,8,,,1,55,,1158439,8,,,1,15,,1158441,8,,,1,15,,1158433,8,,,1,15,,1158448,8,,,1,55,,1158397,8,,,1,15,,1064960,8,,,1,15,,1158391,8,,,1,16,,1158393,8,,,1,56,,1158430,8,,,1,15,,1158402,8,,,1,15,,1158392,8,,,1,14,,1090929,8,,,1,54,,1158431,8,,,1,15,,1158424,8,,,1,15,,1158401,8,,,1,15,,1158449,8,,,1,57,,1158422,8,,,1,20,,1158428,8,,,1,80,,1158414,8,,,1,23,,1158403,8,,,1,18,,1158409,8,,,1,58,,1158390,8,,,1,23,,1158406,8,,,1,21,,1026738,8,,,1,57,,1158410,8,,,1,21,,1158405,8,,,1,20,,1158434,8,,,1,61,,1158413,8,,,1,16,,1158447,8,,,1,16,,1158394,8,,,1,15,,1158429,8,,,1,54,,1158395,8,,,1,16,,1158415,8,,,1,15,,1019182,8,,,1,15,,1158411,8,,,1,55,,1158446,8,,,1,15,,1158437,8,,,1,20,,1158418,8,,,1,60,,1024044,8,,,1,20,,936847,8,,,1,20,,1158423,8,,,1,60,,1158398,8,,,1,24,,1158404,8,,,1,29,,1158440,8,,,1,70,,1158421,8,,,1,75,,1084786,8,,,1,31,,1158408,8,,,1
6800,'12',434,,1158467,8,,,1,21,,1158472,8,,,1,70,,1158456,8,,,1,25,,1158450,8,,,1,66,,1158475,8,,,1,18,,1158478,8,,,1,70,,1158453,8,,,1,22,,1158471,8,,,1,23,,1158454,8,,,1,67,,1158452,8,,,1,17,,1158465,8,,,1,13,,1158491,8,,,1,55,,1158493,8,,,1,15,,1158464,8,,,1,15,,1158481,8,,,1,15,,1158474,8,,,1,55,,1158509,8,,,1,15,,1158510,8,,,1,15,,1158515,8,,,1,15,,1084688,8,,,1,55,,1158516,8,,,1,15,,1158498,8,,,1,15,,1158477,8,,,1,16,,1158506,8,,,1,56,,1039155,8,,,1,15,,1158459,8,,,1,15,,1158463,8,,,1,14,,1158511,8,,,1,54,,1158499,8,,,1,15,,1158496,8,,,1,15,,1158497,8,,,1,15,,1158505,8,,,1,57,,1158508,8,,,1,20,,1158490,8,,,1,80,,1158495,8,,,1,23,,1158489,8,,,1,18,,1158507,8,,,1,58,,1158458,8,,,1,23,,1158460,8,,,1,21,,1158461,8,,,1,57,,1158482,8,,,1,21,,1158504,8,,,1,20,,1158483,8,,,1,61,,1158487,8,,,1,16,,1158486,8,,,1,16,,1158514,8,,,1,15,,1158484,8,,,1,54,,1158470,8,,,1,16,,1158492,8,,,1,15,,1158485,8,,,1,15,,1158451,8,,,1,55,,1158476,8,,,1,15,,1158500,8,,,1,20,,1158488,8,,,1,60,,1158480,8,,,1,20,,1158469,8,,,1,20,,1085931,8,,,1,60,,1158503,8,,,1,24,,1158462,8,,,1,29,,1158513,8,,,1,70,,1158502,8,,,1,75,,1158501,8,,,1,31,,1158455,8,,,1
6800,'13',534,,1158523,8,,,1,100,,1158522,8,,,1,70,,1158541,8,,,1,30,,1158539,8,,,1,70,,1158550,8,,,1,31,,1158534,8,,,1,70,,1075379,8,,,1,30,,1158519,8,,,1,70,,1080404,8,,,1,30,,1158543,8,,,1,20,,1158525,8,,,1,60,,974442,8,,,1,20,,1158520,8,,,1,20,,1158531,8,,,1,60,,1158554,8,,,1,20,,1158544,8,,,1,20,,1158545,8,,,1,60,,1158536,8,,,1,20,,1158540,8,,,1,20,,1158537,8,,,1,60,,1158529,8,,,1,20,,1158526,8,,,1,20,,1158524,8,,,1,60,,1158530,8,,,1,20,,1158547,8,,,1,20,,1158533,8,,,1,60,,1158553,8,,,1,20,,1158546,8,,,1,20,,1158552,8,,,1,63,,1158551,8,,,1,30,,1158521,8,,,1,70,,1086588,8,,,1,30,,1158548,8,,,1,70,,1158517,8,,,1,30,,1158549,8,,,1,70,,1158518,8,,,1,30,,1158538,8,,,1,70,,1158532,8,,,1,30,,1158527,8,,,1,70,,1158535,8,,,1,30,,1158528,8,,,1,70,,1158542,8,,,1
6800,'14',434,,1158619,8,,,1,21,,1158596,8,,,1,70,,1158606,8,,,1,25,,1158598,8,,,1,66,,1158588,8,,,1,18,,1158583,8,,,1,70,,1158618,8,,,1,22,,1158614,8,,,1,23,,1158597,8,,,1,67,,1158564,8,,,1,17,,1158582,8,,,1,13,,1158591,8,,,1,55,,1158590,8,,,1,15,,1158609,8,,,1,15,,1158620,8,,,1,15,,1158569,8,,,1,55,,1158610,8,,,1,15,,1158612,8,,,1,15,,1158604,8,,,1,15,,1158623,8,,,1,55,,1158566,8,,,1,15,,1158617,8,,,1,15,,1158558,8,,,1,16,,1158560,8,,,1,56,,1158601,8,,,1,15,,1158571,8,,,1,15,,1158559,8,,,1,14,,1158556,8,,,1,54,,1158602,8,,,1,15,,1158595,8,,,1,15,,1158570,8,,,1,15,,1158625,8,,,1,57,,1158593,8,,,1,20,,1158599,8,,,1,80,,1158585,8,,,1,23,,1158572,8,,,1,18,,1158578,8,,,1,58,,1158555,8,,,1,23,,1158575,8,,,1,21,,1158616,8,,,1,57,,1158579,8,,,1,21,,1158574,8,,,1,20,,1158605,8,,,1,61,,1158584,8,,,1,16,,1158622,8,,,1,16,,1158561,8,,,1,15,,1158600,8,,,1,54,,1158563,8,,,1,16,,1158586,8,,,1,15,,1158562,8,,,1,15,,1158580,8,,,1,55,,1158621,8,,,1,15,,1158608,8,,,1,20,,1158589,8,,,1,60,,1158624,8,,,1,20,,1158615,8,,,1,20,,1158594,8,,,1,60,,1158567,8,,,1,24,,1158573,8,,,1,29,,1158611,8,,,1,70,,1158592,8,,,1,75,,1158557,8,,,1,31,,1158577,8,,,1
6800,'15',434,,1158646,8,,,1,21,,1158630,8,,,1,70,,1158683,8,,,1,25,,1158685,8,,,1,66,,1158652,8,,,1,18,,1158669,8,,,1,70,,1158629,8,,,1,22,,1158627,8,,,1,23,,1158688,8,,,1,67,,1158675,8,,,1,17,,1158631,8,,,1,13,,1158694,8,,,1,55,,1158673,8,,,1,15,,1158671,8,,,1,15,,1158670,8,,,1,15,,1158666,8,,,1,55,,1158643,8,,,1,15,,1158656,8,,,1,15,,1158674,8,,,1,15,,1158628,8,,,1,55,,1158689,8,,,1,15,,1158657,8,,,1,15,,1158649,8,,,1,16,,1158679,8,,,1,56,,1158651,8,,,1,15,,1158691,8,,,1,15,,1158658,8,,,1,14,,1158663,8,,,1,54,,1158677,8,,,1,15,,1158655,8,,,1,15,,1158654,8,,,1,15,,1158682,8,,,1,57,,1158640,8,,,1,20,,1158633,8,,,1,80,,1158676,8,,,1,23,,1158634,8,,,1,18,,1158693,8,,,1,58,,1158661,8,,,1,23,,1158644,8,,,1,21,,1158660,8,,,1,57,,1158636,8,,,1,21,,1158696,8,,,1,20,,1158638,8,,,1,61,,1158642,8,,,1,16,,1158639,8,,,1,16,,1158637,8,,,1,15,,1158635,8,,,1,54,,1158672,8,,,1,16,,1158653,8,,,1,15,,1158667,8,,,1,15,,1158659,8,,,1,55,,1158650,8,,,1,15,,1158645,8,,,1,20,,1158684,8,,,1,60,,1158695,8,,,1,20,,1158647,8,,,1,20,,1158687,8,,,1,60,,1158668,8,,,1,24,,1158641,8,,,1,29,,1158626,8,,,1,70,,1158681,8,,,1,75,,1158648,8,,,1,31,,1158686,8,,,1
6800,'16',434,,1158716,8,,,1,21,,1158721,8,,,1,70,,1158704,8,,,1,25,,1158697,8,,,1,66,,1158724,8,,,1,18,,1158727,8,,,1,70,,1158702,8,,,1,22,,1158720,8,,,1,23,,1081978,8,,,1,67,,1158701,8,,,1,17,,1158714,8,,,1,13,,1158739,8,,,1,55,,1158741,8,,,1,15,,1158713,8,,,1,15,,1158730,8,,,1,15,,1158723,8,,,1,55,,1158757,8,,,1,15,,1158759,8,,,1,15,,1064477,8,,,1,15,,1158705,8,,,1,55,,997072,8,,,1,15,,1158746,8,,,1,15,,1158726,8,,,1,16,,1158754,8,,,1,56,,1158698,8,,,1,15,,1158708,8,,,1,15,,1158712,8,,,1,14,,1158760,8,,,1,54,,1158747,8,,,1,15,,1158744,8,,,1,15,,1158745,8,,,1,15,,1158753,8,,,1,57,,1158756,8,,,1,20,,1158738,8,,,1,80,,1158743,8,,,1,23,,1158737,8,,,1,18,,1158755,8,,,1,58,,1158707,8,,,1,23,,1158709,8,,,1,21,,1158710,8,,,1,57,,1158731,8,,,1,21,,1158752,8,,,1,20,,1158732,8,,,1,61,,1158735,8,,,1,16,,1062651,8,,,1,16,,1094186,8,,,1,15,,1158733,8,,,1,54,,1158719,8,,,1,16,,1158740,8,,,1,15,,1158734,8,,,1,15,,1158700,8,,,1,55,,1158725,8,,,1,15,,1158748,8,,,1,20,,1158736,8,,,1,60,,1158729,8,,,1,20,,1158718,8,,,1,20,,1158699,8,,,1,60,,1158751,8,,,1,24,,1158711,8,,,1,29,,1158762,8,,,1,70,,1158750,8,,,1,75,,1158749,8,,,1,31,,1158703,8,,,1
6800,'17',534,,1158771,8,,,1,100,,1158770,8,,,1,70,,1158790,8,,,1,30,,1158788,8,,,1,70,,1158799,8,,,1,31,,1158783,8,,,1,70,,1158804,8,,,1,30,,1158767,8,,,1,70,,1158773,8,,,1,30,,1158792,8,,,1,20,,1158774,8,,,1,60,,1158763,8,,,1,20,,1158768,8,,,1,20,,1158780,8,,,1,60,,1158803,8,,,1,20,,1158793,8,,,1,20,,1158794,8,,,1,60,,1158785,8,,,1,20,,1158789,8,,,1,20,,1158786,8,,,1,60,,1158778,8,,,1,20,,1158775,8,,,1,20,,1158772,8,,,1,60,,1158779,8,,,1,20,,1158796,8,,,1,20,,1158782,8,,,1,60,,1158802,8,,,1,20,,1158795,8,,,1,20,,1158801,8,,,1,63,,1158800,8,,,1,30,,1158769,8,,,1,70,,1158764,8,,,1,30,,1158797,8,,,1,70,,1158765,8,,,1,30,,1158798,8,,,1,70,,1158766,8,,,1,30,,1158787,8,,,1,70,,1158781,8,,,1,30,,1158776,8,,,1,70,,1158784,8,,,1,30,,1158777,8,,,1,70,,1158791,8,,,1
6800,'2',532,,1158851,8,,,1,70,,1158820,8,,,1,30,,1158805,8,,,1,70,,1158809,8,,,1,30,,1158807,8,,,1,70,,1158817,8,,,1,31,,1158821,8,,,1,70,,1064307,8,,,1,30,,1158830,8,,,1,20,,1158844,8,,,1,55,,1158812,8,,,1,15,,1158822,8,,,1,15,,1158823,8,,,1,15,,1158845,8,,,1,55,,1087773,8,,,1,15,,1158839,8,,,1,15,,1158819,8,,,1,15,,1023964,8,,,1,55,,1158838,8,,,1,15,,1158811,8,,,1,15,,1158832,8,,,1,15,,1158840,8,,,1,55,,1158825,8,,,1,15,,1158816,8,,,1,15,,1158824,8,,,1,15,,1158827,8,,,1,55,,1051900,8,,,1,15,,1158836,8,,,1,15,,1158818,8,,,1,15,,1158833,8,,,1,55,,1158834,8,,,1,15,,1090365,8,,,1,15,,1158843,8,,,1,15,,1158852,8,,,1,55,,1158847,8,,,1,15,,1080362,8,,,1,15,,1158849,8,,,1,15,,1158835,8,,,1,55,,1158846,8,,,1,15,,1158806,8,,,1,19,,1158842,8,,,1,70,,1078492,8,,,1,30,,1158808,8,,,1,70,,1158829,8,,,1,30,,1158850,8,,,1,70,,1158828,8,,,1,30,,1158848,8,,,1,70,,1158810,8,,,1,30,,1158841,8,,,1,70,,1158813,8,,,1,30,,1158814,8,,,1,70,,1158837,8,,,1,30,,1158853,8,,,1,70,,1158815,8,,,1
6800,'3',534,,1158862,8,,,1,100,,1158861,8,,,1,70,,1158881,8,,,1,30,,1158879,8,,,1,70,,1158890,8,,,1,31,,1158874,8,,,1,70,,1158895,8,,,1,30,,1158858,8,,,1,70,,1158864,8,,,1,30,,1158883,8,,,1,20,,1158865,8,,,1,60,,1158854,8,,,1,20,,1158859,8,,,1,20,,1158871,8,,,1,60,,1158894,8,,,1,20,,1158884,8,,,1,20,,1158885,8,,,1,60,,1158876,8,,,1,20,,1158880,8,,,1,20,,1158877,8,,,1,60,,1158869,8,,,1,20,,1158866,8,,,1,20,,1158863,8,,,1,60,,1158870,8,,,1,20,,1158887,8,,,1,20,,1158873,8,,,1,60,,1158893,8,,,1,20,,1158886,8,,,1,20,,1158892,8,,,1,63,,1158891,8,,,1,30,,1158860,8,,,1,70,,1158855,8,,,1,30,,1158888,8,,,1,70,,1158856,8,,,1,30,,1158889,8,,,1,70,,1158857,8,,,1,30,,1158878,8,,,1,70,,1158872,8,,,1,30,,1158867,8,,,1,70,,1158875,8,,,1,30,,1158868,8,,,1,70,,1158882,8,,,1
6800,'4',534,,1086320,8,,,1,100,,1158920,8,,,1,70,,1062462,8,,,1,30,,1158898,8,,,1,70,,1158903,8,,,1,31,,1158912,8,,,1,70,,1158925,8,,,1,30,,1158926,8,,,1,70,,1034314,8,,,1,30,,1158921,8,,,1,20,,1158931,8,,,1,60,,1158906,8,,,1,20,,1158897,8,,,1,20,,1158902,8,,,1,60,,1158932,8,,,1,20,,1158899,8,,,1,20,,1158928,8,,,1,60,,1158916,8,,,1,20,,1158918,8,,,1,20,,1158905,8,,,1,60,,1158929,8,,,1,20,,1158923,8,,,1,20,,1158930,8,,,1,60,,1158910,8,,,1,20,,1158915,8,,,1,20,,1158911,8,,,1,60,,1158914,8,,,1,20,,1089726,8,,,1,20,,1158917,8,,,1,63,,1158922,8,,,1,30,,1026203,8,,,1,70,,1158904,8,,,1,30,,1158901,8,,,1,70,,1158896,8,,,1,30,,1158927,8,,,1,70,,1158907,8,,,1,30,,1158900,8,,,1,70,,1158913,8,,,1,30,,1158909,8,,,1,70,,1158908,8,,,1,30,,1158919,8,,,1,70,,1158924,8,,,1
6800,'5',434,,1158987,8,,,1,21,,1158968,8,,,1,70,,1158978,8,,,1,25,,1158970,8,,,1,66,,1158960,8,,,1,18,,1158955,8,,,1,70,,1045268,8,,,1,22,,1158986,8,,,1,23,,1158969,8,,,1,67,,1158939,8,,,1,17,,1032522,8,,,1,13,,1158963,8,,,1,55,,1158962,8,,,1,15,,1158981,8,,,1,15,,1158988,8,,,1,15,,1158943,8,,,1,55,,1158982,8,,,1,15,,1158984,8,,,1,15,,1158976,8,,,1,15,,1158991,8,,,1,55,,1158940,8,,,1,15,,1064896,8,,,1,15,,1158934,8,,,1,16,,1158936,8,,,1,56,,1158973,8,,,1,15,,1158945,8,,,1,15,,1158935,8,,,1,14,,1090824,8,,,1,54,,1158974,8,,,1,15,,1158967,8,,,1,15,,1158944,8,,,1,15,,1158992,8,,,1,57,,1158965,8,,,1,20,,1158971,8,,,1,80,,1158957,8,,,1,23,,1158946,8,,,1,18,,1158952,8,,,1,58,,1158933,8,,,1,23,,1158949,8,,,1,21,,1026567,8,,,1,57,,1158953,8,,,1,21,,1158948,8,,,1,20,,1158977,8,,,1,61,,1158956,8,,,1,16,,1158990,8,,,1,16,,1158937,8,,,1,15,,1158972,8,,,1,54,,1158938,8,,,1,16,,1158958,8,,,1,15,,1019070,8,,,1,15,,1158954,8,,,1,55,,1158989,8,,,1,15,,1158980,8,,,1,20,,1158961,8,,,1,60,,1023925,8,,,1,20,,937069,8,,,1,20,,1158966,8,,,1,60,,1158941,8,,,1,24,,1158947,8,,,1,29,,1158983,8,,,1,70,,1158964,8,,,1,75,,1084704,8,,,1,31,,1158951,8,,,1
6800,'6',434,,1159008,8,,,1,21,,1159013,8,,,1,70,,1158997,8,,,1,25,,1034275,8,,,1,66,,1159016,8,,,1,18,,1159019,8,,,1,70,,1100789,8,,,1,22,,1159012,8,,,1,23,,1158996,8,,,1,67,,1158995,8,,,1,17,,1159006,8,,,1,13,,1159032,8,,,1,55,,1159034,8,,,1,15,,1159005,8,,,1,15,,1159022,8,,,1,15,,1159015,8,,,1,55,,1159050,8,,,1,15,,1159052,8,,,1,15,,1159056,8,,,1,15,,1158998,8,,,1,55,,1159057,8,,,1,15,,1159039,8,,,1,15,,1159018,8,,,1,16,,1159047,8,,,1,56,,1158993,8,,,1,15,,1159000,8,,,1,15,,1159004,8,,,1,14,,1159053,8,,,1,54,,1159040,8,,,1,15,,1159037,8,,,1,15,,1159038,8,,,1,15,,1159046,8,,,1,57,,1159049,8,,,1,20,,1159031,8,,,1,80,,1159036,8,,,1,23,,1159030,8,,,1,18,,1159048,8,,,1,58,,1158999,8,,,1,23,,1159001,8,,,1,21,,1159002,8,,,1,57,,1159023,8,,,1,21,,1159045,8,,,1,20,,1159024,8,,,1,61,,1159028,8,,,1,16,,1159027,8,,,1,16,,1159055,8,,,1,15,,1159025,8,,,1,54,,1159011,8,,,1,16,,1159033,8,,,1,15,,1159026,8,,,1,15,,1019683,8,,,1,55,,1159017,8,,,1,15,,1159041,8,,,1,20,,1159029,8,,,1,60,,1159021,8,,,1,20,,1159010,8,,,1,20,,1158994,8,,,1,60,,1159044,8,,,1,24,,1159003,8,,,1,29,,1159054,8,,,1,70,,1159043,8,,,1,75,,1159042,8,,,1,31,,1076047,8,,,1
6800,'7',532,,1159061,8,,,1,70,,1159069,8,,,1,30,,1159067,8,,,1,70,,1159108,8,,,1,30,,1159097,8,,,1,70,,1159081,8,,,1,31,,1159065,8,,,1,70,,1159111,8,,,1,30,,1159109,8,,,1,20,,1159077,8,,,1,55,,1159072,8,,,1,15,,1159100,8,,,1,15,,1159103,8,,,1,15,,1159088,8,,,1,55,,1159076,8,,,1,15,,1159098,8,,,1,15,,1159094,8,,,1,15,,1159060,8,,,1,55,,1159058,8,,,1,15,,1159068,8,,,1,15,,1159064,8,,,1,15,,1159075,8,,,1,55,,1159070,8,,,1,15,,1159095,8,,,1,15,,1159101,8,,,1,15,,1159106,8,,,1,55,,1159112,8,,,1,15,,1159085,8,,,1,15,,1159082,8,,,1,15,,1159063,8,,,1,55,,1159102,8,,,1,15,,1159093,8,,,1,15,,1159083,8,,,1,15,,1159080,8,,,1,55,,1159086,8,,,1,15,,1159073,8,,,1,15,,1159078,8,,,1,15,,1159062,8,,,1,55,,1159071,8,,,1,15,,1159091,8,,,1,19,,1159096,8,,,1,70,,1159079,8,,,1,30,,1159087,8,,,1,70,,1159105,8,,,1,30,,1159099,8,,,1,70,,1159059,8,,,1,30,,1159084,8,,,1,70,,1159113,8,,,1,30,,1159090,8,,,1,70,,1159104,8,,,1,30,,1159092,8,,,1,70,,1159074,8,,,1,30,,1159107,8,,,1,70,,1159110,8,,,1
6800,'8',434,,1159134,8,,,1,21,,1159139,8,,,1,70,,1159122,8,,,1,25,,1159114,8,,,1,66,,1159142,8,,,1,18,,1159145,8,,,1,70,,1159119,8,,,1,22,,1159138,8,,,1,23,,1159120,8,,,1,67,,1159118,8,,,1,17,,1159132,8,,,1,13,,1159158,8,,,1,55,,1159160,8,,,1,15,,1159131,8,,,1,15,,1159148,8,,,1,15,,1159141,8,,,1,55,,1159176,8,,,1,15,,1159178,8,,,1,15,,1159183,8,,,1,15,,1159123,8,,,1,55,,1159184,8,,,1,15,,1159165,8,,,1,15,,1159144,8,,,1,16,,1159173,8,,,1,56,,1159115,8,,,1,15,,1159126,8,,,1,15,,1159130,8,,,1,14,,1159179,8,,,1,54,,1159166,8,,,1,15,,1159163,8,,,1,15,,1159164,8,,,1,15,,1159172,8,,,1,57,,1159175,8,,,1,20,,1159157,8,,,1,80,,1159162,8,,,1,23,,1159156,8,,,1,18,,1159174,8,,,1,58,,1159125,8,,,1,23,,1159127,8,,,1,21,,1159128,8,,,1,57,,1159149,8,,,1,21,,1159171,8,,,1,20,,1159150,8,,,1,61,,1159154,8,,,1,16,,1159153,8,,,1,16,,1159182,8,,,1,15,,1159151,8,,,1,54,,1159137,8,,,1,16,,1159159,8,,,1,15,,1159152,8,,,1,15,,1159117,8,,,1,55,,1159143,8,,,1,15,,1159167,8,,,1,20,,1159155,8,,,1,60,,1159147,8,,,1,20,,1159136,8,,,1,20,,1159116,8,,,1,60,,1159170,8,,,1,24,,1159129,8,,,1,29,,1159181,8,,,1,70,,1159169,8,,,1,75,,1159168,8,,,1,31,,1159121,8,,,1
6800,'9',434,,1159239,8,,,1,21,,1159220,8,,,1,70,,1159230,8,,,1,25,,1159222,8,,,1,66,,1159212,8,,,1,18,,1159207,8,,,1,70,,1045583,8,,,1,22,,1159238,8,,,1,23,,1159221,8,,,1,67,,1159191,8,,,1,17,,1032876,8,,,1,13,,1159215,8,,,1,55,,1159214,8,,,1,15,,1159233,8,,,1,15,,1159240,8,,,1,15,,1159195,8,,,1,55,,1159234,8,,,1,15,,1159236,8,,,1,15,,1159228,8,,,1,15,,1159243,8,,,1,55,,1159192,8,,,1,15,,1064822,8,,,1,15,,1159186,8,,,1,16,,1159188,8,,,1,56,,1159225,8,,,1,15,,1159197,8,,,1,15,,1159187,8,,,1,14,,1090689,8,,,1,54,,1159226,8,,,1,15,,1159219,8,,,1,15,,1159196,8,,,1,15,,1159244,8,,,1,57,,1159217,8,,,1,20,,1159223,8,,,1,80,,1159209,8,,,1,23,,1159198,8,,,1,18,,1159204,8,,,1,58,,1159185,8,,,1,23,,1159201,8,,,1,21,,1026804,8,,,1,57,,1159205,8,,,1,21,,1159200,8,,,1,20,,1159229,8,,,1,61,,1159208,8,,,1,16,,1159242,8,,,1,16,,1159189,8,,,1,15,,1159224,8,,,1,54,,1159190,8,,,1,16,,1159210,8,,,1,15,,1019232,8,,,1,15,,1159206,8,,,1,55,,1159241,8,,,1,15,,1159232,8,,,1,20,,1159213,8,,,1,60,,1024094,8,,,1,20,,937016,8,,,1,20,,1159218,8,,,1,60,,1159193,8,,,1,24,,1159199,8,,,1,29,,1159235,8,,,1,70,,1159216,8,,,1,75,,1084616,8,,,1,31,,1159203,8,,,1
64600,'1',735,,1199503,9,,,1
64600,'10',735,,1199505,9,,,1
64600,'11',735,,1199507,9,,,1
64600,'12',735,,1199509,9,,,1
64600,'14',735,,1199511,9,,,1
64600,'15',735,,1199513,9,,,1
64600,'16',735,,1199515,9,,,1
64600,'5',735,,1199517,9,,,1
64600,'6',735,,1199519,9,,,1
64600,'8',735,,1199521,9,,,1
64600,'9',735,,1199523,9,,,1
66701,'1',1424,,1084459,7,,,1,4,,1199965,7,,,1
66701,'10',1424,,1084275,7,,,1,4,,1199967,7,,,1
66701,'11',1424,,1084515,7,,,1,4,,1199969,7,,,1
66701,'12',1424,,1199973,7,,,1,4,,1036341,7,,,1
66701,'14',1424,,1199977,7,,,1,4,,1199974,7,,,1
66701,'15',1424,,1199981,7,,,1,4,,1199979,7,,,1
66701,'16',1424,,1199985,7,,,1,4,,1199982,7,,,1
66701,'5',1424,,1084426,7,,,1,4,,1199986,7,,,1
66701,'6',1424,,1199991,7,,,1,4,,1199988,7,,,1
66701,'8',1424,,1199995,7,,,1,4,,1199992,7,,,1
66701,'9',1424,,1084336,7,,,1,4,,1199996,7,,,1
66801,'1',1416,,1200030,7,,,1,5,,1200032,7,,,1,9,,1200031,7,,,1
66801,'10',1416,,1200033,7,,,1,5,,1200035,7,,,1,9,,1200034,7,,,1
66801,'11',1416,,1200036,7,,,1,5,,1200038,7,,,1,9,,1200037,7,,,1
66801,'12',1416,,1200040,7,,,1,5,,833982,7,,,1,9,,1200039,7,,,1
66801,'14',1416,,1200041,7,,,1,5,,1200043,7,,,1,9,,1200042,7,,,1
66801,'15',1416,,1200044,7,,,1,5,,1200046,7,,,1,9,,1200045,7,,,1
66801,'16',1416,,1200048,7,,,1,5,,1200049,7,,,1,9,,1200047,7,,,1
66801,'5',1416,,1200050,7,,,1,5,,1200052,7,,,1,9,,1200051,7,,,1
66801,'6',1416,,1200054,7,,,1,5,,1200055,7,,,1,9,,1200053,7,,,1
66801,'8',1416,,1200057,7,,,1,5,,1200058,7,,,1,9,,1200056,7,,,1
66801,'9',1416,,1200059,7,,,1,5,,1200061,7,,,1,9,,1200060,7,,,1
