16101,'1',536,,1054365,23,0,9 10,1,67,,1190287,35,0,9 10,1,30,,938231,35,0,9 10,1,70,,1190283,35,0,9 10,1,30,,1190278,35,0,9 10,1,68,,1190285,35,0,9 10,1,31,,1190272,35,0,9 10,1,73,,1190276,23,0,9 10,1,29,,1190280,23,0,9 10,1,70,,1190284,23,0,9 10,1,30,,1190288,23,0,9 10,1,70,,1084748,23,0,9 10,1,30,,1190277,23,0,9 10,1,70,,1190289,23,0,9 10,1,30,,1190291,23,0,9 10,1,70,,1190286,23,0,9 10,1,30,,1190298,23,0,9 10,1,70,,1190295,23,0,9 10,1,30,,1190294,23,0,9 10,1,70,,1190271,23,0,9 10,1,33,,1190299,23,0,9 10,1,70,,1190274,23,0,9 10,1,28,,1190270,23,0,9 10,1,72,,1190282,23,0,9 10,1,30,,1190297,23,0,9 10,1,70,,1190301,23,0,9 10,1,28,,1190281,23,0,9 10,1,70,,1190273,23,0,9 10,1,29,,1190292,23,0,9 10,1,70,,1190279,23,0,9 10,1,30,,1052367,23,0,9 10,1,70,,1190293,23,0,9 10,1,30,,1190296,23,0,9 10,1,70,,1190290,23,0,9 10,1,31,,1190300,23,0,9 10,1
16101,'10',536,,1054422,23,0,9 10,1,67,,1190319,35,0,9 10,1,30,,937863,35,0,9 10,1,70,,1190315,35,0,9 10,1,30,,1190310,35,0,9 10,1,68,,1190317,35,0,9 10,1,31,,1190304,35,0,9 10,1,73,,1190308,23,0,9 10,1,29,,1190312,23,0,9 10,1,70,,1190316,23,0,9 10,1,30,,1190320,23,0,9 10,1,70,,1084577,23,0,9 10,1,30,,1190309,23,0,9 10,1,70,,1190321,23,0,9 10,1,30,,1190323,23,0,9 10,1,70,,1190318,23,0,9 10,1,30,,1190330,23,0,9 10,1,70,,1190327,23,0,9 10,1,30,,1190326,23,0,9 10,1,70,,1190303,23,0,9 10,1,33,,1190331,23,0,9 10,1,70,,1190306,23,0,9 10,1,28,,1190302,23,0,9 10,1,72,,1190314,23,0,9 10,1,30,,1190329,23,0,9 10,1,70,,1190333,23,0,9 10,1,28,,1190313,23,0,9 10,1,70,,1190305,23,0,9 10,1,29,,1190324,23,0,9 10,1,70,,1190311,23,0,9 10,1,30,,1052447,23,0,9 10,1,70,,1190325,23,0,9 10,1,30,,1190328,23,0,9 10,1,70,,1190322,23,0,9 10,1,31,,1190332,23,0,9 10,1
16101,'11',536,,1054348,23,0,9 10,1,67,,1190351,35,0,9 10,1,30,,938185,35,0,9 10,1,70,,1190347,35,0,9 10,1,30,,1190342,35,0,9 10,1,68,,1190349,35,0,9 10,1,31,,1190336,35,0,9 10,1,73,,1190340,23,0,9 10,1,29,,1190344,23,0,9 10,1,70,,1190348,23,0,9 10,1,30,,1190352,23,0,9 10,1,70,,1084801,23,0,9 10,1,30,,1190341,23,0,9 10,1,70,,1190353,23,0,9 10,1,30,,1190355,23,0,9 10,1,70,,1190350,23,0,9 10,1,30,,1190362,23,0,9 10,1,70,,1190359,23,0,9 10,1,30,,1190358,23,0,9 10,1,70,,1190335,23,0,9 10,1,33,,1190363,23,0,9 10,1,70,,1190338,23,0,9 10,1,28,,1190334,23,0,9 10,1,72,,1190346,23,0,9 10,1,30,,1190361,23,0,9 10,1,70,,1190365,23,0,9 10,1,28,,1190345,23,0,9 10,1,70,,1190337,23,0,9 10,1,29,,1190356,23,0,9 10,1,70,,1190343,23,0,9 10,1,30,,1052345,23,0,9 10,1,70,,1190357,23,0,9 10,1,30,,1190360,23,0,9 10,1,70,,1190354,23,0,9 10,1,31,,1190364,23,0,9 10,1
16101,'12',536,,1190375,23,0,9 10,1,67,,1190393,35,0,9 10,1,30,,1190388,35,0,9 10,1,70,,1048151,35,0,9 10,1,30,,1190380,35,0,9 10,1,68,,1083534,35,0,9 10,1,31,,1190390,35,0,9 10,1,73,,1190394,23,0,9 10,1,29,,1190377,23,0,9 10,1,70,,1190391,23,0,9 10,1,30,,1190371,23,0,9 10,1,70,,1190395,23,0,9 10,1,30,,1190396,23,0,9 10,1,70,,1190392,23,0,9 10,1,30,,1190382,23,0,9 10,1,70,,1190376,23,0,9 10,1,30,,1190367,23,0,9 10,1,70,,1190385,23,0,9 10,1,30,,1190389,23,0,9 10,1,70,,1190386,23,0,9 10,1,33,,1190378,23,0,9 10,1,70,,1190366,23,0,9 10,1,28,,1190373,23,0,9 10,1,72,,1190372,23,0,9 10,1,30,,1190383,23,0,9 10,1,70,,1190379,23,0,9 10,1,28,,1190369,23,0,9 10,1,70,,1190374,23,0,9 10,1,29,,1190384,23,0,9 10,1,70,,1018671,23,0,9 10,1,30,,1190387,23,0,9 10,1,70,,1085192,23,0,9 10,1,30,,1190368,23,0,9 10,1,70,,984656,23,0,9 10,1,31,,1190381,23,0,9 10,1
16101,'13',656,,1190402,23,0,9 10,1,100,,1190399,23,0,9 10,1,100,,1190401,23,0,9 10,1,100,,1190409,23,0,9 10,1,102,,1190404,23,0,9 10,1,100,,1190400,23,0,9 10,1,100,,1032720,23,0,9 10,1,100,,1190410,23,0,9 10,1,100,,1090174,23,0,9 10,1,100,,1190398,23,0,9 10,1,100,,1190408,23,0,9 10,1,100,,1190407,23,0,9 10,1,100,,1095843,23,0,9 10,1,100,,1190405,23,0,9 10,1,100,,1190411,23,0,9 10,1,98,,1190403,23,0,9 10,1,100,,1190406,23,0,9 10,1,100,,1190397,23,0,9 10,1
16101,'14',536,,1190414,23,0,9 10,1,67,,1190431,35,0,9 10,1,30,,1190425,35,0,9 10,1,70,,1190427,35,0,9 10,1,30,,1190421,35,0,9 10,1,68,,1190429,35,0,9 10,1,31,,1190415,35,0,9 10,1,73,,1190419,23,0,9 10,1,29,,1190423,23,0,9 10,1,70,,1190428,23,0,9 10,1,30,,1190432,23,0,9 10,1,70,,1190436,23,0,9 10,1,30,,1190420,23,0,9 10,1,70,,1190433,23,0,9 10,1,30,,1190435,23,0,9 10,1,70,,1190430,23,0,9 10,1,30,,1190443,23,0,9 10,1,70,,1190440,23,0,9 10,1,30,,1190439,23,0,9 10,1,70,,1190413,23,0,9 10,1,33,,1190444,23,0,9 10,1,70,,1190417,23,0,9 10,1,28,,1190412,23,0,9 10,1,72,,1190426,23,0,9 10,1,30,,1190442,23,0,9 10,1,70,,1190446,23,0,9 10,1,28,,1190424,23,0,9 10,1,70,,1190416,23,0,9 10,1,29,,1190437,23,0,9 10,1,70,,1190422,23,0,9 10,1,30,,1190447,23,0,9 10,1,70,,1190438,23,0,9 10,1,30,,1190441,23,0,9 10,1,70,,1190434,23,0,9 10,1,31,,1190445,23,0,9 10,1
16101,'15',536,,1190471,23,0,9 10,1,67,,1190468,35,0,9 10,1,30,,1190467,35,0,9 10,1,70,,1190470,35,0,9 10,1,30,,1190477,35,0,9 10,1,68,,1190448,35,0,9 10,1,31,,1190482,35,0,9 10,1,73,,1190462,23,0,9 10,1,29,,1190461,23,0,9 10,1,70,,1190454,23,0,9 10,1,30,,1190483,23,0,9 10,1,70,,1190449,23,0,9 10,1,30,,1190456,23,0,9 10,1,70,,1190469,23,0,9 10,1,30,,1190464,23,0,9 10,1,70,,1190473,23,0,9 10,1,30,,1190480,23,0,9 10,1,70,,1190465,23,0,9 10,1,30,,1190451,23,0,9 10,1,70,,1190455,23,0,9 10,1,33,,1190463,23,0,9 10,1,70,,1190458,23,0,9 10,1,28,,1190459,23,0,9 10,1,72,,1190475,23,0,9 10,1,30,,1190478,23,0,9 10,1,70,,1190460,23,0,9 10,1,28,,1190450,23,0,9 10,1,70,,1190457,23,0,9 10,1,29,,1190476,23,0,9 10,1,70,,1190479,23,0,9 10,1,30,,1190472,23,0,9 10,1,70,,1190453,23,0,9 10,1,30,,1190474,23,0,9 10,1,70,,1190466,23,0,9 10,1,31,,1190452,23,0,9 10,1
16101,'16',536,,1190493,23,0,9 10,1,67,,1190513,35,0,9 10,1,30,,1190508,35,0,9 10,1,70,,1190486,35,0,9 10,1,30,,1190499,35,0,9 10,1,68,,1190498,35,0,9 10,1,31,,1190510,35,0,9 10,1,73,,1190514,23,0,9 10,1,29,,1190495,23,0,9 10,1,70,,1190511,23,0,9 10,1,30,,1064139,23,0,9 10,1,70,,1061781,23,0,9 10,1,30,,1063688,23,0,9 10,1,70,,1190512,23,0,9 10,1,30,,1190501,23,0,9 10,1,70,,1190494,23,0,9 10,1,30,,1073247,23,0,9 10,1,70,,1190504,23,0,9 10,1,30,,1190509,23,0,9 10,1,70,,1190505,23,0,9 10,1,33,,1190496,23,0,9 10,1,70,,1190484,23,0,9 10,1,28,,1190491,23,0,9 10,1,72,,1190488,23,0,9 10,1,30,,1190502,23,0,9 10,1,70,,1190497,23,0,9 10,1,28,,1190487,23,0,9 10,1,70,,1190492,23,0,9 10,1,29,,1190503,23,0,9 10,1,70,,1190489,23,0,9 10,1,30,,1190507,23,0,9 10,1,70,,1190490,23,0,9 10,1,30,,1190485,23,0,9 10,1,70,,1190506,23,0,9 10,1,31,,1190500,23,0,9 10,1
16101,'17',656,,1190521,23,0,9 10,1,100,,1190517,23,0,9 10,1,100,,1190520,23,0,9 10,1,100,,1190529,23,0,9 10,1,102,,1190523,23,0,9 10,1,100,,1190519,23,0,9 10,1,100,,1190518,23,0,9 10,1,100,,1190531,23,0,9 10,1,100,,1190526,23,0,9 10,1,100,,1190516,23,0,9 10,1,100,,1190528,23,0,9 10,1,100,,1190527,23,0,9 10,1,100,,1190530,23,0,9 10,1,100,,1190524,23,0,9 10,1,100,,1190532,23,0,9 10,1,98,,1190522,23,0,9 10,1,100,,1190525,23,0,9 10,1,100,,1190515,23,0,9 10,1
16101,'2',655,,1100623,23,0,9 10,1,100,,1190536,23,0,9 10,1,100,,1190537,23,0,9 10,1,100,,1190533,23,0,9 10,1,102,,1190540,23,0,9 10,1,100,,1190548,23,0,9 10,1,100,,1190546,23,0,9 10,1,100,,1190535,23,0,9 10,1,100,,1190542,23,0,9 10,1,100,,1190543,23,0,9 10,1,100,,1190545,23,0,9 10,1,100,,1190538,23,0,9 10,1,100,,1190539,23,0,9 10,1,100,,1190541,23,0,9 10,1,100,,1190547,23,0,9 10,1,98,,1190544,23,0,9 10,1,100,,1190534,23,0,9 10,1
16101,'3',656,,1190555,23,0,9 10,1,100,,1190551,23,0,9 10,1,100,,1190554,23,0,9 10,1,100,,1190563,23,0,9 10,1,102,,1190557,23,0,9 10,1,100,,1190553,23,0,9 10,1,100,,1190552,23,0,9 10,1,100,,1190565,23,0,9 10,1,100,,1190560,23,0,9 10,1,100,,1190550,23,0,9 10,1,100,,1190562,23,0,9 10,1,100,,1190561,23,0,9 10,1,100,,1190564,23,0,9 10,1,100,,1190558,23,0,9 10,1,100,,1190566,23,0,9 10,1,98,,1190556,23,0,9 10,1,100,,1190559,23,0,9 10,1,100,,1190549,23,0,9 10,1
16101,'4',656,,1190579,23,0,9 10,1,100,,1190575,23,0,9 10,1,100,,1190570,23,0,9 10,1,100,,1067921,23,0,9 10,1,102,,1190568,23,0,9 10,1,100,,1190577,23,0,9 10,1,100,,1190576,23,0,9 10,1,100,,1190567,23,0,9 10,1,100,,1190583,23,0,9 10,1,100,,1190569,23,0,9 10,1,100,,1190572,23,0,9 10,1,100,,1190578,23,0,9 10,1,100,,1190573,23,0,9 10,1,100,,1190571,23,0,9 10,1,100,,1190580,23,0,9 10,1,98,,1190582,23,0,9 10,1,100,,1190574,23,0,9 10,1,100,,1190581,23,0,9 10,1
16101,'5',536,,1054267,23,0,9 10,1,67,,1190601,35,0,9 10,1,30,,938387,35,0,9 10,1,70,,1190597,35,0,9 10,1,30,,1190592,35,0,9 10,1,68,,1190599,35,0,9 10,1,31,,1190586,35,0,9 10,1,73,,1190590,23,0,9 10,1,29,,1190594,23,0,9 10,1,70,,1190598,23,0,9 10,1,30,,1190602,23,0,9 10,1,70,,1084719,23,0,9 10,1,30,,1190591,23,0,9 10,1,70,,1190603,23,0,9 10,1,30,,1190605,23,0,9 10,1,70,,1190600,23,0,9 10,1,30,,1190612,23,0,9 10,1,70,,1190609,23,0,9 10,1,30,,1190608,23,0,9 10,1,70,,1190585,23,0,9 10,1,33,,1190613,23,0,9 10,1,70,,1190588,23,0,9 10,1,28,,1190584,23,0,9 10,1,72,,1190596,23,0,9 10,1,30,,1190611,23,0,9 10,1,70,,1190615,23,0,9 10,1,28,,1190595,23,0,9 10,1,70,,1190587,23,0,9 10,1,29,,1190606,23,0,9 10,1,70,,1190593,23,0,9 10,1,30,,1052215,23,0,9 10,1,70,,1190607,23,0,9 10,1,30,,1190610,23,0,9 10,1,70,,1190604,23,0,9 10,1,31,,1190614,23,0,9 10,1
16101,'6',536,,1190623,23,0,9 10,1,67,,1190643,35,0,9 10,1,30,,1190638,35,0,9 10,1,70,,1190617,35,0,9 10,1,30,,1190629,35,0,9 10,1,68,,1190628,35,0,9 10,1,31,,1190640,35,0,9 10,1,73,,1190644,23,0,9 10,1,29,,1190625,23,0,9 10,1,70,,1190641,23,0,9 10,1,30,,1190619,23,0,9 10,1,70,,1190645,23,0,9 10,1,30,,1190646,23,0,9 10,1,70,,1190642,23,0,9 10,1,30,,1190631,23,0,9 10,1,70,,1190624,23,0,9 10,1,30,,1190616,23,0,9 10,1,70,,1190634,23,0,9 10,1,30,,1190639,23,0,9 10,1,70,,1190635,23,0,9 10,1,33,,1190626,23,0,9 10,1,70,,1093004,23,0,9 10,1,28,,1005085,23,0,9 10,1,72,,1190620,23,0,9 10,1,30,,1190632,23,0,9 10,1,70,,1190627,23,0,9 10,1,28,,1101826,23,0,9 10,1,70,,1099378,23,0,9 10,1,29,,1190633,23,0,9 10,1,70,,1190621,23,0,9 10,1,30,,1190637,23,0,9 10,1,70,,1190622,23,0,9 10,1,30,,1069162,23,0,9 10,1,70,,1190636,23,0,9 10,1,31,,1190630,23,0,9 10,1
16101,'7',655,,1190647,23,0,9 10,1,100,,1190651,23,0,9 10,1,100,,1190648,23,0,9 10,1,100,,1190661,23,0,9 10,1,102,,1190650,23,0,9 10,1,100,,1190649,23,0,9 10,1,100,,1190656,23,0,9 10,1,100,,1190659,23,0,9 10,1,100,,1190662,23,0,9 10,1,100,,1190658,23,0,9 10,1,100,,1190653,23,0,9 10,1,100,,1190663,23,0,9 10,1,100,,1190654,23,0,9 10,1,100,,1190660,23,0,9 10,1,100,,1190655,23,0,9 10,1,98,,1190652,23,0,9 10,1,100,,1190657,23,0,9 10,1
16101,'8',536,,1190676,23,0,9 10,1,67,,1190696,35,0,9 10,1,30,,1190691,35,0,9 10,1,70,,1190667,35,0,9 10,1,30,,1190682,35,0,9 10,1,68,,1190681,35,0,9 10,1,31,,1190693,35,0,9 10,1,73,,1190697,23,0,9 10,1,29,,1190678,23,0,9 10,1,70,,1190694,23,0,9 10,1,30,,1190670,23,0,9 10,1,70,,1190698,23,0,9 10,1,30,,1190699,23,0,9 10,1,70,,1190695,23,0,9 10,1,30,,1190684,23,0,9 10,1,70,,1190677,23,0,9 10,1,30,,1190665,23,0,9 10,1,70,,1190687,23,0,9 10,1,30,,1190692,23,0,9 10,1,70,,1190688,23,0,9 10,1,33,,1190679,23,0,9 10,1,70,,1190664,23,0,9 10,1,28,,1190674,23,0,9 10,1,72,,1190671,23,0,9 10,1,30,,1190685,23,0,9 10,1,70,,1190680,23,0,9 10,1,28,,1190668,23,0,9 10,1,70,,1190675,23,0,9 10,1,29,,1190686,23,0,9 10,1,70,,1190672,23,0,9 10,1,30,,1190690,23,0,9 10,1,70,,1190673,23,0,9 10,1,30,,1190666,23,0,9 10,1,70,,1190689,23,0,9 10,1,31,,1190683,23,0,9 10,1
16101,'9',536,,1054382,23,0,9 10,1,67,,1190717,35,0,9 10,1,30,,938341,35,0,9 10,1,70,,1190713,35,0,9 10,1,30,,1190708,35,0,9 10,1,68,,1190715,35,0,9 10,1,31,,1190702,35,0,9 10,1,73,,1190706,23,0,9 10,1,29,,1190710,23,0,9 10,1,70,,1190714,23,0,9 10,1,30,,1190718,23,0,9 10,1,70,,1084631,23,0,9 10,1,30,,1190707,23,0,9 10,1,70,,1190719,23,0,9 10,1,30,,1190721,23,0,9 10,1,70,,1190716,23,0,9 10,1,30,,1190728,23,0,9 10,1,70,,1190725,23,0,9 10,1,30,,1190724,23,0,9 10,1,70,,1190701,23,0,9 10,1,33,,1190729,23,0,9 10,1,70,,1190704,23,0,9 10,1,28,,1190700,23,0,9 10,1,72,,1190712,23,0,9 10,1,30,,1190727,23,0,9 10,1,70,,1190731,23,0,9 10,1,28,,1190711,23,0,9 10,1,70,,1190703,23,0,9 10,1,29,,1190722,23,0,9 10,1,70,,1190709,23,0,9 10,1,30,,1052389,23,0,9 10,1,70,,1190723,23,0,9 10,1,30,,1190726,23,0,9 10,1,70,,1190720,23,0,9 10,1,31,,1190730,23,0,9 10,1
66401,'1',1514,,1199891,10,,,1
66401,'10',1514,,1199894,10,,,1
66401,'11',1514,,1199897,10,,,1
66401,'12',1514,,1199900,10,,,1
66401,'14',1514,,1199903,10,,,1
66401,'15',1514,,1199906,10,,,1
66401,'16',1514,,1199909,10,,,1
66401,'5',1514,,1199912,10,,,1
66401,'6',1514,,1199915,10,,,1
66401,'8',1514,,1199918,10,,,1
66401,'9',1514,,1199921,10,,,1
67400,'1',743,,1069115,36,,,1,10,,1200144,36,,,1
67400,'10',743,,1068970,36,,,1,10,,1200148,36,,,1
67400,'11',743,,1069157,36,,,1,10,,1200152,36,,,1
67400,'12',743,,1200158,36,,,1,10,,1200157,36,,,1
67400,'14',743,,1200164,36,,,1,10,,1200163,36,,,1
67400,'15',743,,1200167,36,,,1,10,,1200170,36,,,1
67400,'16',743,,1200173,36,,,1,10,,1097157,36,,,1
67400,'5',743,,1069095,36,,,1,10,,1200177,36,,,1
67400,'6',743,,1200183,36,,,1,10,,1200182,36,,,1
67400,'8',743,,1200189,36,,,1,10,,1200188,36,,,1
67400,'9',743,,1069011,36,,,1,10,,1200193,36,,,1
