2401,'1',925,,1124180,14,,,1,30,,1124191,14,,,1,70,,1124190,14,,,1,30,,1089787,14,,,1,69,,1124195,14,,,1,30,,1124204,14,,,1,70,,1124199,14,,,1,30,,1124200,14,,,1,69,,1124162,14,,,1,30,,1124168,14,,,1,70,,1124167,14,,,1,24,,1124196,14,,,1,76,,1124186,14,,,1,29,,1124181,14,,,1,71,,1124194,14,,,1,29,,1124174,14,,,1,72,,1082238,14,,,1,30,,1124179,14,,,1,60,,1124182,14,,,1,25,,1124160,14,,,1,70,,1124185,14,,,1,100,,1094137,14,,,1,92,,1124183,14,,,1,100,,1124188,14,,,1,105,,1124198,14,,,1
2401,'10',925,,1124227,14,,,1,30,,1124238,14,,,1,70,,1124237,14,,,1,30,,1089644,14,,,1,69,,1124242,14,,,1,30,,1124251,14,,,1,70,,1124246,14,,,1,30,,1124247,14,,,1,69,,1124209,14,,,1,30,,1124215,14,,,1,70,,1124214,14,,,1,24,,1124243,14,,,1,76,,1124233,14,,,1,29,,1124228,14,,,1,71,,1124241,14,,,1,29,,1124221,14,,,1,72,,1082075,14,,,1,30,,1124226,14,,,1,60,,1124229,14,,,1,25,,1124207,14,,,1,70,,1124232,14,,,1,100,,1093917,14,,,1,92,,1124230,14,,,1,100,,1124235,14,,,1,105,,1124245,14,,,1
2401,'11',925,,1124274,14,,,1,30,,1124285,14,,,1,70,,1124284,14,,,1,30,,1089829,14,,,1,69,,1124289,14,,,1,30,,1124298,14,,,1,70,,1124293,14,,,1,30,,1124294,14,,,1,69,,1124256,14,,,1,30,,1124262,14,,,1,70,,1124261,14,,,1,24,,1124290,14,,,1,76,,1124280,14,,,1,29,,1124275,14,,,1,71,,1124288,14,,,1,29,,1124268,14,,,1,72,,1082291,14,,,1,30,,1124273,14,,,1,60,,1124276,14,,,1,25,,1124254,14,,,1,70,,1124279,14,,,1,100,,1094200,14,,,1,92,,1124277,14,,,1,100,,1124282,14,,,1,105,,1124292,14,,,1
2401,'12',925,,1043798,14,,,1,30,,1124340,14,,,1,70,,1064870,14,,,1,30,,1023317,14,,,1,69,,1124327,14,,,1,30,,1124346,14,,,1,70,,1124322,14,,,1,30,,1124326,14,,,1,69,,1124304,14,,,1,30,,1124321,14,,,1,70,,1124305,14,,,1,24,,1124308,14,,,1,76,,1124317,14,,,1,29,,1124312,14,,,1,71,,1124320,14,,,1,29,,1124301,14,,,1,72,,1124339,14,,,1,30,,1124307,14,,,1,60,,1124335,14,,,1,25,,1124309,14,,,1,70,,1124316,14,,,1,100,,1124311,14,,,1,92,,1124302,14,,,1,100,,1124344,14,,,1,105,,1124333,14,,,1
2401,'14',925,,1124395,14,,,1,30,,1124406,14,,,1,70,,1124405,14,,,1,30,,1124421,14,,,1,69,,1124410,14,,,1,30,,1124423,14,,,1,70,,1124414,14,,,1,30,,1124415,14,,,1,69,,1124376,14,,,1,30,,1124383,14,,,1,70,,1124382,14,,,1,24,,1124411,14,,,1,76,,1124401,14,,,1,29,,1124396,14,,,1,71,,1124409,14,,,1,29,,1124389,14,,,1,72,,1124422,14,,,1,30,,1124394,14,,,1,60,,1124397,14,,,1,25,,1124374,14,,,1,70,,1124400,14,,,1,100,,1124379,14,,,1,92,,1124398,14,,,1,100,,1124403,14,,,1,105,,1124413,14,,,1
2401,'15',925,,1124462,14,,,1,30,,1124434,14,,,1,70,,1124428,14,,,1,30,,1124461,14,,,1,69,,1124469,14,,,1,30,,1124441,14,,,1,70,,1124437,14,,,1,30,,1124431,14,,,1,69,,1124454,14,,,1,30,,1124432,14,,,1,70,,1124443,14,,,1,24,,1124451,14,,,1,76,,1124463,14,,,1,29,,1124435,14,,,1,71,,1124448,14,,,1,29,,1124447,14,,,1,72,,1124433,14,,,1,30,,1124445,14,,,1,60,,1124472,14,,,1,25,,1124455,14,,,1,70,,1124450,14,,,1,100,,1124427,14,,,1,92,,1124477,14,,,1,100,,1124458,14,,,1,105,,1124476,14,,,1
2401,'16',925,,1124522,14,,,1,30,,1124516,14,,,1,70,,1124484,14,,,1,30,,1124518,14,,,1,69,,1124503,14,,,1,30,,1124524,14,,,1,70,,1124498,14,,,1,30,,1124502,14,,,1,69,,1124482,14,,,1,30,,1124497,14,,,1,70,,1098163,14,,,1,24,,1088835,14,,,1,76,,1124493,14,,,1,29,,1124488,14,,,1,71,,1124496,14,,,1,29,,1070332,14,,,1,72,,1124515,14,,,1,30,,1064711,14,,,1,60,,1124511,14,,,1,25,,1124485,14,,,1,70,,1124492,14,,,1,100,,1124487,14,,,1,92,,1124479,14,,,1,100,,1124521,14,,,1,105,,1124509,14,,,1
2401,'5',925,,1124650,14,,,1,30,,1124661,14,,,1,70,,1124660,14,,,1,30,,1089764,14,,,1,69,,1124665,14,,,1,30,,1124674,14,,,1,70,,1124669,14,,,1,30,,1124670,14,,,1,69,,1124632,14,,,1,30,,1124638,14,,,1,70,,1124637,14,,,1,24,,1124666,14,,,1,76,,1124656,14,,,1,29,,1124651,14,,,1,71,,1124664,14,,,1,29,,1124644,14,,,1,72,,1082208,14,,,1,30,,1124649,14,,,1,60,,1124652,14,,,1,25,,1124630,14,,,1,70,,1124655,14,,,1,100,,1094098,14,,,1,92,,1124653,14,,,1,100,,1124658,14,,,1,105,,1124668,14,,,1
2401,'6',925,,1124718,14,,,1,30,,1124714,14,,,1,70,,1124680,14,,,1,30,,1124716,14,,,1,69,,1124701,14,,,1,30,,1050643,14,,,1,70,,1124696,14,,,1,30,,1124700,14,,,1,69,,1050050,14,,,1,30,,1124695,14,,,1,70,,1124679,14,,,1,24,,1124682,14,,,1,76,,1124691,14,,,1,29,,1124686,14,,,1,71,,1124694,14,,,1,29,,1124676,14,,,1,72,,1124713,14,,,1,30,,1124681,14,,,1,60,,1124709,14,,,1,25,,1124683,14,,,1,70,,1124690,14,,,1,100,,1124685,14,,,1,92,,1102459,14,,,1,100,,1062731,14,,,1,105,,1124707,14,,,1
2401,'8',925,,1124802,14,,,1,30,,1124796,14,,,1,70,,1124762,14,,,1,30,,1124798,14,,,1,69,,1124783,14,,,1,30,,1124804,14,,,1,70,,1124778,14,,,1,30,,1124782,14,,,1,69,,1124759,14,,,1,30,,1124777,14,,,1,70,,1124760,14,,,1,24,,1124764,14,,,1,76,,1124773,14,,,1,29,,1124768,14,,,1,71,,1124776,14,,,1,29,,1124755,14,,,1,72,,1124795,14,,,1,30,,1124763,14,,,1,60,,1124791,14,,,1,25,,1124765,14,,,1,70,,1124772,14,,,1,100,,1124767,14,,,1,92,,1124756,14,,,1,100,,1124801,14,,,1,105,,1124789,14,,,1
2401,'9',925,,1124828,14,,,1,30,,1124839,14,,,1,70,,1124838,14,,,1,30,,1089689,14,,,1,69,,1124843,14,,,1,30,,1124852,14,,,1,70,,1124847,14,,,1,30,,1124848,14,,,1,69,,1124810,14,,,1,30,,1124816,14,,,1,70,,1124815,14,,,1,24,,1124844,14,,,1,76,,1124834,14,,,1,29,,1124829,14,,,1,71,,1124842,14,,,1,29,,1124822,14,,,1,72,,1082126,14,,,1,30,,1124827,14,,,1,60,,1124830,14,,,1,25,,1124808,14,,,1,70,,1124833,14,,,1,100,,1093987,14,,,1,92,,1124831,14,,,1,100,,1124836,14,,,1,105,,1124846,14,,,1
22601,'1',549,,1196562,14,,,1,55,,1077017,2,,,1,15,,1196560,14,,,1,15,,1196564,2,,,1,15,,1196559,14,,,1,55,,1196558,2,,,1,15,,1196561,14,,,1,14,,1196565,2,,,1,15,,1196567,14,,,1,57,,1196568,2,,,1,16,,1196566,14,,,1,19,,1196569,2,,,1,15,,1196563,14,,,1
22601,'10',549,,1196574,14,,,1,55,,1076793,2,,,1,15,,1196572,14,,,1,15,,1196576,2,,,1,15,,1196571,14,,,1,55,,1196570,2,,,1,15,,1196573,14,,,1,14,,1196577,2,,,1,15,,1196579,14,,,1,57,,1196580,2,,,1,16,,1196578,14,,,1,19,,1196581,2,,,1,15,,1196575,14,,,1
22601,'11',549,,1196586,14,,,1,55,,1077083,2,,,1,15,,1196584,14,,,1,15,,1196588,2,,,1,15,,1196583,14,,,1,55,,1196582,2,,,1,15,,1196585,14,,,1,14,,1196589,2,,,1,15,,1196591,14,,,1,57,,1196592,2,,,1,16,,1196590,14,,,1,19,,1196593,2,,,1,15,,1196587,14,,,1
22601,'12',549,,1196604,14,,,1,55,,1196600,2,,,1,15,,1196606,14,,,1,15,,1196605,2,,,1,15,,1196595,14,,,1,55,,1196594,2,,,1,15,,1196599,14,,,1,14,,1196603,2,,,1,15,,1196596,14,,,1,57,,1196598,2,,,1,16,,1196597,14,,,1,19,,1196601,2,,,1,15,,1196602,14,,,1
22601,'14',549,,1196611,14,,,1,55,,1196616,2,,,1,15,,1196609,14,,,1,15,,1196613,2,,,1,15,,1196608,14,,,1,55,,1196607,2,,,1,15,,1196610,14,,,1,14,,1196614,2,,,1,15,,1196617,14,,,1,57,,1196618,2,,,1,16,,1196615,14,,,1,19,,1196619,2,,,1,15,,1196612,14,,,1
22601,'15',549,,1196622,14,,,1,55,,1196630,2,,,1,15,,1196627,14,,,1,15,,1196632,2,,,1,15,,1196631,14,,,1,55,,1196620,2,,,1,15,,1196623,14,,,1,14,,1196621,2,,,1,15,,1196628,14,,,1,57,,1196624,2,,,1,16,,1196626,14,,,1,19,,1196625,2,,,1,15,,1196629,14,,,1
22601,'16',549,,1196642,14,,,1,55,,1196638,2,,,1,15,,1196644,14,,,1,15,,1196643,2,,,1,15,,1196633,14,,,1,55,,1033112,2,,,1,15,,1196637,14,,,1,14,,1196641,2,,,1,15,,1196634,14,,,1,57,,1196636,2,,,1,16,,1196635,14,,,1,19,,1196639,2,,,1,15,,1196640,14,,,1
22601,'5',549,,1196649,14,,,1,55,,1076973,2,,,1,15,,1196647,14,,,1,15,,1196651,2,,,1,15,,1196646,14,,,1,55,,1196645,2,,,1,15,,1196648,14,,,1,14,,1196652,2,,,1,15,,1196654,14,,,1,57,,1196655,2,,,1,16,,1196653,14,,,1,19,,1196656,2,,,1,15,,1196650,14,,,1
22601,'6',549,,1196666,14,,,1,55,,1196663,2,,,1,15,,1099390,14,,,1,15,,1196667,2,,,1,15,,1196658,14,,,1,55,,1196657,2,,,1,15,,1196662,14,,,1,14,,1196665,2,,,1,15,,1196659,14,,,1,57,,1196661,2,,,1,16,,1196660,14,,,1,19,,1196664,2,,,1,15,,1083329,14,,,1
22601,'8',549,,1196678,14,,,1,55,,1196674,2,,,1,15,,1196680,14,,,1,15,,1196679,2,,,1,15,,1196669,14,,,1,55,,1196668,2,,,1,15,,1196673,14,,,1,14,,1196677,2,,,1,15,,1196670,14,,,1,57,,1196672,2,,,1,16,,1196671,14,,,1,19,,1196675,2,,,1,15,,1196676,14,,,1
22601,'9',549,,1196685,14,,,1,55,,1076868,2,,,1,15,,1196683,14,,,1,15,,1196687,2,,,1,15,,1196682,14,,,1,55,,1196681,2,,,1,15,,1196684,14,,,1,14,,1196688,2,,,1,15,,1196690,14,,,1,57,,1196691,2,,,1,16,,1196689,14,,,1,19,,1196692,2,,,1,15,,1196686,14,,,1
62700,'1',750,,1199157,12,,,1
62700,'10',750,,1199158,12,,,1
62700,'11',750,,1199159,12,,,1
62700,'12',750,,1199160,12,,,1
62700,'14',750,,1199161,12,,,1
62700,'15',750,,1199162,12,,,1
62700,'16',750,,1199163,12,,,1
62700,'5',750,,1199164,12,,,1
62700,'6',750,,1199165,12,,,1
62700,'8',750,,1199166,12,,,1
62700,'9',750,,1199167,12,,,1
