5100,'1',536,,1146508,3,,,1,99,,1146518,3,,,1,67,,954026,3,,,1,39,,1146513,3,,,1,70,,1068009,3,,,1,31,,1146514,3,,,1,70,,1146503,3,,,1,30,,1091282,3,,,1,75,,1146505,3,,,1,30,,1146502,3,,,1,70,,983735,3,,,1,30,,1146526,3,,,1,72,,1082793,3,,,1,30,,1146512,3,,,1,70,,1146507,3,,,1,30,,1146519,3,,,1,71,,1146510,3,,,1,98,,1146520,3,,,1,32,,1146501,3,,,1,73,,1146517,3,,,1,31,,1146515,3,,,1,73,,1146521,3,,,1,30,,1146523,3,,,1,68,,1146506,3,,,1,29,,1146511,3,,,1,66,,1146525,3,,,1,28,,1146527,3,,,1,68,,1146509,3,,,1,30,,1045542,3,,,1,70,,1146504,3,,,1,25,,1146516,3,,,1,70,,1146522,3,,,1
5100,'10',536,,1146536,3,,,1,99,,1146546,3,,,1,67,,953554,3,,,1,39,,1146541,3,,,1,70,,1067793,3,,,1,31,,1146542,3,,,1,70,,1146531,3,,,1,30,,1091005,3,,,1,75,,1146533,3,,,1,30,,1146530,3,,,1,70,,983449,3,,,1,30,,1146554,3,,,1,72,,1082733,3,,,1,30,,1146540,3,,,1,70,,1146535,3,,,1,30,,1146547,3,,,1,71,,1146538,3,,,1,98,,1146548,3,,,1,32,,1146529,3,,,1,73,,1146545,3,,,1,31,,1146543,3,,,1,73,,1146549,3,,,1,30,,1146551,3,,,1,68,,1146534,3,,,1,29,,1146539,3,,,1,66,,1146553,3,,,1,28,,1146555,3,,,1,68,,1146537,3,,,1,30,,1045705,3,,,1,70,,1146532,3,,,1,25,,1146544,3,,,1,70,,1146550,3,,,1
5100,'11',536,,1146564,3,,,1,99,,1146574,3,,,1,67,,953959,3,,,1,39,,1146569,3,,,1,70,,1068063,3,,,1,31,,1146570,3,,,1,70,,1146559,3,,,1,30,,1091356,3,,,1,75,,1146561,3,,,1,30,,1146558,3,,,1,70,,983699,3,,,1,30,,1146582,3,,,1,72,,1082813,3,,,1,30,,1146568,3,,,1,70,,1146563,3,,,1,30,,1146575,3,,,1,71,,1146566,3,,,1,98,,1146576,3,,,1,32,,1146557,3,,,1,73,,1146573,3,,,1,31,,1146571,3,,,1,73,,1146577,3,,,1,30,,1146579,3,,,1,68,,1146562,3,,,1,29,,1146567,3,,,1,66,,1146581,3,,,1,28,,1146583,3,,,1,68,,1146565,3,,,1,30,,1045493,3,,,1,70,,1146560,3,,,1,25,,1146572,3,,,1,70,,1146578,3,,,1
5100,'12',536,,1146595,3,,,1,99,,1146602,3,,,1,67,,1146614,3,,,1,39,,1146592,3,,,1,70,,1146598,3,,,1,31,,1146611,3,,,1,70,,1146610,3,,,1,30,,1146589,3,,,1,75,,1146593,3,,,1,30,,1010636,3,,,1,70,,1066452,3,,,1,30,,1146612,3,,,1,72,,1146607,3,,,1,30,,1146613,3,,,1,70,,1079329,3,,,1,30,,1146601,3,,,1,71,,1146590,3,,,1,98,,1146591,3,,,1,32,,1146596,3,,,1,73,,1146609,3,,,1,31,,1093316,3,,,1,73,,1146599,3,,,1,30,,1146587,3,,,1,68,,1146605,3,,,1,29,,1146588,3,,,1,66,,1146585,3,,,1,28,,1146606,3,,,1,68,,1146597,3,,,1,30,,1146600,3,,,1,70,,1146594,3,,,1,25,,1146603,3,,,1,70,,1146608,3,,,1
5100,'13',802,,1146635,3,,,1,100,,1146621,3,,,1,30,,1146630,3,,,1,70,,1078989,3,,,1,30,,1146631,3,,,1,70,,1146616,3,,,1,30,,1146633,3,,,1,70,,1146624,3,,,1,30,,998336,3,,,1,70,,1077842,3,,,1,30,,1146623,3,,,1,70,,1146619,3,,,1,30,,1146636,3,,,1,70,,1146622,3,,,1,30,,1146632,3,,,1,70,,1146637,3,,,1,30,,1062014,3,,,1,70,,1146615,3,,,1,30,,1146618,3,,,1,70,,1146627,3,,,1,30,,1146634,3,,,1,70,,1146617,3,,,1,30,,1146628,3,,,1,70,,1146620,3,,,1,100,,1146626,3,,,1,100,,1146629,3,,,1,100,,1146625,3,,,1
5100,'14',536,,1146648,3,,,1,99,,1146658,3,,,1,67,,1146662,3,,,1,39,,1146653,3,,,1,70,,1146645,3,,,1,31,,1146654,3,,,1,70,,1146641,3,,,1,30,,1146640,3,,,1,75,,1146644,3,,,1,30,,1146639,3,,,1,70,,1146643,3,,,1,30,,1146667,3,,,1,72,,1146668,3,,,1,30,,1146652,3,,,1,70,,1146647,3,,,1,30,,1146659,3,,,1,71,,1146650,3,,,1,98,,1146660,3,,,1,32,,1146638,3,,,1,73,,1146657,3,,,1,31,,1146655,3,,,1,73,,1146661,3,,,1,30,,1146664,3,,,1,68,,1146646,3,,,1,29,,1146651,3,,,1,66,,1146666,3,,,1,28,,1146670,3,,,1,68,,1146649,3,,,1,30,,1146669,3,,,1,70,,1146642,3,,,1,25,,1146656,3,,,1,70,,1146663,3,,,1
5100,'15',536,,1146672,3,,,1,99,,1146680,3,,,1,67,,1146684,3,,,1,39,,1146677,3,,,1,70,,1146699,3,,,1,31,,1146678,3,,,1,70,,1146687,3,,,1,30,,1146700,3,,,1,75,,1146685,3,,,1,30,,1146673,3,,,1,70,,1146705,3,,,1,30,,1146682,3,,,1,72,,1146694,3,,,1,30,,1146689,3,,,1,70,,1146703,3,,,1,30,,1146674,3,,,1,71,,1146676,3,,,1,98,,1146695,3,,,1,32,,1146683,3,,,1,73,,1146701,3,,,1,31,,1146704,3,,,1,73,,1146679,3,,,1,30,,1146675,3,,,1,68,,1146691,3,,,1,29,,1146688,3,,,1,66,,1146692,3,,,1,28,,1146686,3,,,1,68,,1146702,3,,,1,30,,1146690,3,,,1,70,,1146696,3,,,1,25,,1146697,3,,,1,70,,1146698,3,,,1
5100,'16',536,,1146718,3,,,1,99,,1146724,3,,,1,67,,1146735,3,,,1,39,,1146715,3,,,1,70,,1070973,3,,,1,31,,1146732,3,,,1,70,,1077514,3,,,1,30,,1146712,3,,,1,75,,1146716,3,,,1,30,,1146709,3,,,1,70,,1146708,3,,,1,30,,1146733,3,,,1,72,,1146729,3,,,1,30,,1146734,3,,,1,70,,1146737,3,,,1,30,,1146723,3,,,1,71,,1146713,3,,,1,98,,1146714,3,,,1,32,,1146719,3,,,1,73,,1146731,3,,,1,31,,1146736,3,,,1,73,,1146721,3,,,1,30,,1146710,3,,,1,68,,1146727,3,,,1,29,,1146711,3,,,1,66,,1146706,3,,,1,28,,1146728,3,,,1,68,,1146720,3,,,1,30,,1146722,3,,,1,70,,1146717,3,,,1,25,,1146725,3,,,1,70,,1146730,3,,,1
5100,'17',802,,1146761,3,,,1,100,,1146746,3,,,1,30,,1146756,3,,,1,70,,1146740,3,,,1,30,,1146757,3,,,1,70,,1146741,3,,,1,30,,1146759,3,,,1,70,,1146750,3,,,1,30,,1146763,3,,,1,70,,1146747,3,,,1,30,,1146749,3,,,1,70,,1146744,3,,,1,30,,1146762,3,,,1,70,,1146748,3,,,1,30,,1146758,3,,,1,70,,1146765,3,,,1,30,,1146764,3,,,1,70,,1146739,3,,,1,30,,1146743,3,,,1,70,,1146753,3,,,1,30,,1146760,3,,,1,70,,1146742,3,,,1,30,,1146754,3,,,1,70,,1146745,3,,,1,100,,1146752,3,,,1,100,,1146755,3,,,1,100,,1146751,3,,,1
5100,'2',637,,1146783,3,,,1,100,,1146794,3,,,1,70,,1146785,3,,,1,30,,1146779,3,,,1,70,,1146774,3,,,1,30,,1146769,3,,,1,70,,1146770,3,,,1,30,,1146773,3,,,1,70,,1146784,3,,,1,30,,1146772,3,,,1,70,,1146771,3,,,1,30,,1146767,3,,,1,70,,1146780,3,,,1,30,,1146792,3,,,1,70,,1146789,3,,,1,30,,1064550,3,,,1,70,,1146793,3,,,1,30,,1146776,3,,,1,70,,1146768,3,,,1,30,,1146766,3,,,1,70,,1146791,3,,,1,30,,1146786,3,,,1,70,,1146777,3,,,1,30,,1146788,3,,,1,100,,1146782,3,,,1,100,,1146795,3,,,1,100,,1146778,3,,,1,102,,1146790,3,,,1
5100,'3',802,,1146819,3,,,1,100,,1146804,3,,,1,30,,1146814,3,,,1,70,,1146798,3,,,1,30,,1146815,3,,,1,70,,1146799,3,,,1,30,,1146817,3,,,1,70,,1146808,3,,,1,30,,1146821,3,,,1,70,,1146805,3,,,1,30,,1146807,3,,,1,70,,1146802,3,,,1,30,,1146820,3,,,1,70,,1146806,3,,,1,30,,1146816,3,,,1,70,,1146823,3,,,1,30,,1146822,3,,,1,70,,1146797,3,,,1,30,,1146801,3,,,1,70,,1146811,3,,,1,30,,1146818,3,,,1,70,,1146800,3,,,1,30,,1146812,3,,,1,70,,1146803,3,,,1,100,,1146810,3,,,1,100,,1146813,3,,,1,100,,1146809,3,,,1
5100,'4',802,,1146839,3,,,1,100,,1146836,3,,,1,30,,1146848,3,,,1,70,,1146845,3,,,1,30,,1146847,3,,,1,70,,1146838,3,,,1,30,,1146846,3,,,1,70,,1146840,3,,,1,30,,1146841,3,,,1,70,,1146831,3,,,1,30,,1146830,3,,,1,70,,1146824,3,,,1,30,,1146849,3,,,1,70,,1146833,3,,,1,30,,1146832,3,,,1,70,,1146826,3,,,1,30,,1146842,3,,,1,70,,1069526,3,,,1,30,,1146837,3,,,1,70,,1146829,3,,,1,30,,1146850,3,,,1,70,,1146834,3,,,1,30,,1146825,3,,,1,70,,1146844,3,,,1,100,,1146828,3,,,1,100,,1146827,3,,,1,100,,1146843,3,,,1
5100,'5',536,,1146858,3,,,1,99,,1146868,3,,,1,67,,954229,3,,,1,39,,1146863,3,,,1,70,,1067976,3,,,1,31,,1146864,3,,,1,70,,1146853,3,,,1,30,,1091239,3,,,1,75,,1146855,3,,,1,30,,1146852,3,,,1,70,,983850,3,,,1,30,,1146876,3,,,1,72,,1082773,3,,,1,30,,1146862,3,,,1,70,,1146857,3,,,1,30,,1146869,3,,,1,71,,1146860,3,,,1,98,,1146870,3,,,1,32,,1146851,3,,,1,73,,1146867,3,,,1,31,,1146865,3,,,1,73,,1146871,3,,,1,30,,1146873,3,,,1,68,,1146856,3,,,1,29,,1146861,3,,,1,66,,1146875,3,,,1,28,,1146877,3,,,1,68,,1146859,3,,,1,30,,1045276,3,,,1,70,,1146854,3,,,1,25,,1146866,3,,,1,70,,1146872,3,,,1
5100,'6',536,,1103508,3,,,1,99,,1146895,3,,,1,67,,1034059,3,,,1,39,,1146886,3,,,1,70,,1146891,3,,,1,31,,1146903,3,,,1,70,,1146902,3,,,1,30,,1146883,3,,,1,75,,1146887,3,,,1,30,,1146880,3,,,1,70,,1146879,3,,,1,30,,1026605,3,,,1,72,,1146900,3,,,1,30,,1146904,3,,,1,70,,1146906,3,,,1,30,,1146894,3,,,1,71,,1146884,3,,,1,98,,1146885,3,,,1,32,,1146889,3,,,1,73,,1033211,3,,,1,31,,1146905,3,,,1,73,,1146892,3,,,1,30,,1146881,3,,,1,68,,1146898,3,,,1,29,,1146882,3,,,1,66,,1062232,3,,,1,28,,1146899,3,,,1,68,,1146890,3,,,1,30,,1146893,3,,,1,70,,1146888,3,,,1,25,,1146896,3,,,1,70,,1146901,3,,,1
5100,'7',637,,1146910,3,,,1,100,,1146926,3,,,1,70,,1146935,3,,,1,30,,1146918,3,,,1,70,,1146933,3,,,1,30,,1146912,3,,,1,70,,1146929,3,,,1,30,,1146915,3,,,1,70,,1146934,3,,,1,30,,1146921,3,,,1,70,,1146916,3,,,1,30,,1146931,3,,,1,70,,1146909,3,,,1,30,,1146923,3,,,1,70,,1146919,3,,,1,30,,1146927,3,,,1,70,,1146925,3,,,1,30,,1146924,3,,,1,70,,1146920,3,,,1,30,,1146930,3,,,1,70,,1146928,3,,,1,30,,1146937,3,,,1,70,,1146917,3,,,1,30,,1146936,3,,,1,100,,1146914,3,,,1,100,,1146908,3,,,1,100,,1146913,3,,,1,102,,1146911,3,,,1
5100,'8',536,,1146950,3,,,1,99,,1146957,3,,,1,67,,1146969,3,,,1,39,,1146947,3,,,1,70,,1146953,3,,,1,31,,1146966,3,,,1,70,,1146965,3,,,1,30,,1146944,3,,,1,75,,1146948,3,,,1,30,,1146941,3,,,1,70,,1146940,3,,,1,30,,1146967,3,,,1,72,,1146962,3,,,1,30,,1146968,3,,,1,70,,1146971,3,,,1,30,,1146956,3,,,1,71,,1146945,3,,,1,98,,1146946,3,,,1,32,,1146951,3,,,1,73,,1146964,3,,,1,31,,1146970,3,,,1,73,,1146954,3,,,1,30,,1146942,3,,,1,68,,1146960,3,,,1,29,,1146943,3,,,1,66,,1146938,3,,,1,28,,1146961,3,,,1,68,,1146952,3,,,1,30,,1146955,3,,,1,70,,1146949,3,,,1,25,,1146958,3,,,1,70,,1146963,3,,,1
5100,'9',536,,1146979,3,,,1,99,,1146989,3,,,1,67,,954162,3,,,1,39,,1146984,3,,,1,70,,1067865,3,,,1,31,,1146985,3,,,1,70,,1146974,3,,,1,30,,1091089,3,,,1,75,,1146976,3,,,1,30,,1146973,3,,,1,70,,983814,3,,,1,30,,1146997,3,,,1,72,,1082753,3,,,1,30,,1146983,3,,,1,70,,1146978,3,,,1,30,,1146990,3,,,1,71,,1146981,3,,,1,98,,1146991,3,,,1,32,,1146972,3,,,1,73,,1146988,3,,,1,31,,1146986,3,,,1,73,,1146992,3,,,1,30,,1146994,3,,,1,68,,1146977,3,,,1,29,,1146982,3,,,1,66,,1146996,3,,,1,28,,1146998,3,,,1,68,,1146980,3,,,1,30,,1045591,3,,,1,70,,1146975,3,,,1,25,,1146987,3,,,1,70,,1146993,3,,,1
