22200,'1',618,,1196386,20,,,1,33,,1196387,20,,,1,68,,1196385,20,,,1
22200,'10',618,,1196389,20,,,1,33,,1196390,20,,,1,68,,1196388,20,,,1
22200,'11',618,,1196392,20,,,1,33,,1196393,20,,,1,68,,1196391,20,,,1
22200,'12',618,,1196394,20,,,1,33,,1196396,20,,,1,68,,1196395,20,,,1
22200,'14',618,,1196398,20,,,1,33,,1196399,20,,,1,68,,1196397,20,,,1
22200,'15',618,,1196401,20,,,1,33,,1196402,20,,,1,68,,1196400,20,,,1
22200,'16',618,,1196403,20,,,1,33,,1196405,20,,,1,68,,1196404,20,,,1
22200,'5',618,,1196407,20,,,1,33,,1196408,20,,,1,68,,1196406,20,,,1
22200,'6',618,,1088294,20,,,1,33,,1196410,20,,,1,68,,1196409,20,,,1
22200,'8',618,,1196411,20,,,1,33,,1196413,20,,,1,68,,1196412,20,,,1
22200,'9',618,,1196415,20,,,1,33,,1196416,20,,,1,68,,1196414,20,,,1
