601,'1',643,,1007094,59,,,1,63,,1106701,59,,,1,18,,1106664,59,,,1,19,,1106714,59,,,1,58,,1106686,59,,,1,18,,1106657,59,,,1,19,,1106680,59,,,1,17,,1047920,59,,,1,56,,938850,59,,,1,12,,1106682,59,,,1,14,,1106704,59,,,1,14,,1054362,59,,,1,55,,1106662,59,,,1,12,,1106663,59,,,1,15,,1106676,59,,,1,15,,1106683,59,,,1,55,,1106665,59,,,1,17,,1106673,59,,,1,15,,1106706,59,,,1,16,,1106713,59,,,1,55,,1106711,59,,,1,18,,1106712,59,,,1,15,,1106666,59,,,1,14,,1106656,59,,,1,54,,1081053,59,,,1,15,,1106658,59,,,1,15,,1106693,59,,,1,15,,1106668,59,,,1,55,,1106710,59,,,1,15,,1106690,59,,,1,15,,1106688,59,,,1,20,,1106678,59,,,1,56,,1106692,59,,,1,33,,1106717,59,,,1,54,,1079850,59,,,1,16,,1106672,59,,,1,17,,1106655,59,,,1,72,,1106660,59,,,1,14,,1106654,59,,,1,12,,1106669,59,,,1,16,,1086385,59,,,1,53,,1106689,59,,,1,15,,1106698,59,,,1,15,,996775,59,,,1,11,,1106695,59,,,1,14,,1106697,59,,,1,53,,1052360,59,,,1,15,,1106671,59,,,1,13,,1106684,59,,,1,14,,1106709,59,,,1,68,,1106659,59,,,1,27,,1106715,59,,,1,70,,1106670,59,,,1,32,,1106667,59,,,1,66,,979067,59,,,1,28,,1106705,59,,,1,68,,1106694,59,,,1,28,,1106702,59,,,1,64,,1106691,59,,,1
601,'10',643,,1007177,59,,,1,63,,1106765,59,,,1,18,,1106728,59,,,1,19,,1106778,59,,,1,58,,1106750,59,,,1,18,,1106721,59,,,1,19,,1106744,59,,,1,17,,1048089,59,,,1,56,,938474,59,,,1,12,,1106746,59,,,1,14,,1106768,59,,,1,14,,1054419,59,,,1,55,,1106726,59,,,1,12,,1106727,59,,,1,15,,1106740,59,,,1,15,,1106747,59,,,1,55,,1106729,59,,,1,17,,1106737,59,,,1,15,,1106770,59,,,1,16,,1106777,59,,,1,55,,1106775,59,,,1,18,,1106776,59,,,1,15,,1106730,59,,,1,14,,1106720,59,,,1,54,,1080871,59,,,1,15,,1106722,59,,,1,15,,1106757,59,,,1,15,,1106732,59,,,1,55,,1106774,59,,,1,15,,1106754,59,,,1,15,,1106752,59,,,1,20,,1106742,59,,,1,56,,1106756,59,,,1,33,,1106781,59,,,1,54,,1079687,59,,,1,16,,1106736,59,,,1,17,,1106719,59,,,1,72,,1106724,59,,,1,14,,1106718,59,,,1,12,,1106733,59,,,1,16,,1086198,59,,,1,53,,1106753,59,,,1,15,,1106762,59,,,1,15,,996924,59,,,1,11,,1106759,59,,,1,14,,1106761,59,,,1,53,,1052440,59,,,1,15,,1106735,59,,,1,13,,1106748,59,,,1,14,,1106773,59,,,1,68,,1106723,59,,,1,27,,1106779,59,,,1,70,,1106734,59,,,1,32,,1106731,59,,,1,66,,978725,59,,,1,28,,1106769,59,,,1,68,,1106758,59,,,1,28,,1106766,59,,,1,64,,1106755,59,,,1
601,'11',643,,1007069,59,,,1,63,,1106829,59,,,1,18,,1106792,59,,,1,19,,1106842,59,,,1,58,,1106814,59,,,1,18,,1106785,59,,,1,19,,1106808,59,,,1,17,,1047872,59,,,1,56,,938797,59,,,1,12,,1106810,59,,,1,14,,1106832,59,,,1,14,,1054345,59,,,1,55,,1106790,59,,,1,12,,1106791,59,,,1,15,,1106804,59,,,1,15,,1106811,59,,,1,55,,1106793,59,,,1,17,,1106801,59,,,1,15,,1106834,59,,,1,16,,1106841,59,,,1,55,,1106839,59,,,1,18,,1106840,59,,,1,15,,1106794,59,,,1,14,,1106784,59,,,1,54,,1081107,59,,,1,15,,1106786,59,,,1,15,,1106821,59,,,1,15,,1106796,59,,,1,55,,1106838,59,,,1,15,,1106818,59,,,1,15,,1106816,59,,,1,20,,1106806,59,,,1,56,,1106820,59,,,1,33,,1106845,59,,,1,54,,1079896,59,,,1,16,,1106800,59,,,1,17,,1106783,59,,,1,72,,1106788,59,,,1,14,,1106782,59,,,1,12,,1106797,59,,,1,16,,1086443,59,,,1,53,,1106817,59,,,1,15,,1106826,59,,,1,15,,996733,59,,,1,11,,1106823,59,,,1,14,,1106825,59,,,1,53,,1052338,59,,,1,15,,1106799,59,,,1,13,,1106812,59,,,1,14,,1106837,59,,,1,68,,1106787,59,,,1,27,,1106843,59,,,1,70,,1106798,59,,,1,32,,1106795,59,,,1,66,,979010,59,,,1,28,,1106833,59,,,1,68,,1106822,59,,,1,28,,1106830,59,,,1,64,,1106819,59,,,1
601,'12',643,,1106892,59,,,1,63,,1106851,59,,,1,18,,1106877,59,,,1,19,,1106909,59,,,1,58,,1106870,59,,,1,18,,1106889,59,,,1,19,,1106890,59,,,1,17,,1106893,59,,,1,56,,1106902,59,,,1,12,,1106858,59,,,1,14,,1106853,59,,,1,14,,961577,59,,,1,55,,1106873,59,,,1,12,,1106848,59,,,1,15,,1106908,59,,,1,15,,1106895,59,,,1,55,,1106897,59,,,1,17,,1106847,59,,,1,15,,1016319,59,,,1,16,,1106866,59,,,1,55,,1106855,59,,,1,18,,1106891,59,,,1,15,,1106912,59,,,1,14,,1106876,59,,,1,54,,1064879,59,,,1,15,,1106867,59,,,1,15,,1106854,59,,,1,15,,1106857,59,,,1,55,,1106901,59,,,1,15,,1106900,59,,,1,15,,1106865,59,,,1,20,,1106863,59,,,1,56,,1106884,59,,,1,33,,1013152,59,,,1,54,,1106846,59,,,1,16,,1106849,59,,,1,17,,1079046,59,,,1,72,,1106861,59,,,1,14,,1106878,59,,,1,12,,1106899,59,,,1,16,,1106862,59,,,1,53,,1106906,59,,,1,15,,1106898,59,,,1,15,,1106856,59,,,1,11,,1106907,59,,,1,14,,1106887,59,,,1,53,,1106868,59,,,1,15,,1106910,59,,,1,13,,1106852,59,,,1,14,,1106860,59,,,1,68,,1106886,59,,,1,27,,1106882,59,,,1,70,,1106864,59,,,1,32,,1101748,59,,,1,66,,1106883,59,,,1,28,,1106880,59,,,1,68,,1106911,59,,,1,28,,1106903,59,,,1,64,,1106859,59,,,1
601,'13',824,,1106931,59,,,1,34,,1106938,59,,,1,72,,1106946,59,,,1,70,,1062948,59,,,1,30,,1106923,59,,,1,73,,1106965,59,,,1,30,,1080184,59,,,1,70,,1106941,59,,,1,30,,1106918,59,,,1,69,,1106936,59,,,1,30,,1106964,59,,,1,69,,1106952,59,,,1,30,,1106963,59,,,1,70,,1106954,59,,,1,30,,1106951,59,,,1,70,,1091132,59,,,1,30,,1106966,59,,,1,70,,1106914,59,,,1,30,,1106917,59,,,1,73,,1106940,59,,,1,30,,1106958,59,,,1,68,,1106916,59,,,1,30,,1106962,59,,,1,70,,1106945,59,,,1,30,,1106929,59,,,1,69,,1106935,59,,,1,30,,1106922,59,,,1,70,,1106943,59,,,1,30,,1106957,59,,,1,25,,1106930,59,,,1,70,,1106927,59,,,1,29,,1106960,59,,,1
601,'14',643,,1106975,59,,,1,63,,1107022,59,,,1,18,,1106981,59,,,1,19,,1107035,59,,,1,58,,1107006,59,,,1,18,,1106971,59,,,1,19,,1107000,59,,,1,17,,1106985,59,,,1,56,,1106984,59,,,1,12,,1107002,59,,,1,14,,1107025,59,,,1,14,,1106973,59,,,1,55,,1106979,59,,,1,12,,1106980,59,,,1,15,,1106996,59,,,1,15,,1107003,59,,,1,55,,1106982,59,,,1,17,,1106993,59,,,1,15,,1107027,59,,,1,16,,1107034,59,,,1,55,,1107032,59,,,1,18,,1107033,59,,,1,15,,1106983,59,,,1,14,,1106970,59,,,1,54,,1107041,59,,,1,15,,1106974,59,,,1,15,,1107013,59,,,1,15,,1106988,59,,,1,55,,1107031,59,,,1,15,,1107010,59,,,1,15,,1107008,59,,,1,20,,1106998,59,,,1,56,,1107012,59,,,1,33,,1107040,59,,,1,54,,1106987,59,,,1,16,,1106992,59,,,1,17,,1106969,59,,,1,72,,1106977,59,,,1,14,,1106968,59,,,1,12,,1106989,59,,,1,16,,1106972,59,,,1,53,,1107009,59,,,1,15,,1107019,59,,,1,15,,1107038,59,,,1,11,,1107015,59,,,1,14,,1107018,59,,,1,53,,1107016,59,,,1,15,,1106991,59,,,1,13,,1107004,59,,,1,14,,1107030,59,,,1,68,,1106976,59,,,1,27,,1107037,59,,,1,70,,1106990,59,,,1,32,,1106986,59,,,1,66,,1107036,59,,,1,28,,1107026,59,,,1,68,,1107014,59,,,1,28,,1107023,59,,,1,64,,1107011,59,,,1
601,'15',643,,1107095,59,,,1,63,,1107044,59,,,1,18,,1107076,59,,,1,19,,1107061,59,,,1,58,,1107051,59,,,1,18,,1107084,59,,,1,19,,1107099,59,,,1,17,,1107107,59,,,1,56,,1107117,59,,,1,12,,1107088,59,,,1,14,,1107101,59,,,1,14,,1107113,59,,,1,55,,1107081,59,,,1,12,,1107108,59,,,1,15,,1107115,59,,,1,15,,1107058,59,,,1,55,,1107096,59,,,1,17,,1107053,59,,,1,15,,1107087,59,,,1,16,,1107068,59,,,1,55,,1107048,59,,,1,18,,1107064,59,,,1,15,,1107109,59,,,1,14,,1107097,59,,,1,54,,1107092,59,,,1,15,,1107086,59,,,1,15,,1107055,59,,,1,15,,1107070,59,,,1,55,,1107090,59,,,1,15,,1107094,59,,,1,15,,1107060,59,,,1,20,,1107100,59,,,1,56,,1107043,59,,,1,33,,1107082,59,,,1,54,,1107049,59,,,1,16,,1107111,59,,,1,17,,1107077,59,,,1,72,,1107047,59,,,1,14,,1107083,59,,,1,12,,1107072,59,,,1,16,,1107105,59,,,1,53,,1107102,59,,,1,15,,1107052,59,,,1,15,,1107103,59,,,1,11,,1107059,59,,,1,14,,1107063,59,,,1,53,,1107080,59,,,1,15,,1107074,59,,,1,13,,1107057,59,,,1,14,,1107078,59,,,1,68,,1107073,59,,,1,27,,1107054,59,,,1,70,,1107079,59,,,1,32,,1107056,59,,,1,66,,1107106,59,,,1,28,,1107098,59,,,1,68,,1107093,59,,,1,28,,1107112,59,,,1,64,,1107065,59,,,1
601,'16',643,,1107162,59,,,1,63,,1079997,59,,,1,18,,1107147,59,,,1,19,,1107179,59,,,1,58,,1107140,59,,,1,18,,1107159,59,,,1,19,,1107160,59,,,1,17,,1107163,59,,,1,56,,1107172,59,,,1,12,,1086426,59,,,1,14,,1107126,59,,,1,14,,1107175,59,,,1,55,,1107143,59,,,1,12,,1107121,59,,,1,15,,1107178,59,,,1,15,,1107165,59,,,1,55,,1107167,59,,,1,17,,1107120,59,,,1,15,,1107181,59,,,1,16,,1107136,59,,,1,55,,1101791,59,,,1,18,,1107161,59,,,1,15,,1107182,59,,,1,14,,1107146,59,,,1,54,,1107177,59,,,1,15,,1107137,59,,,1,15,,1107127,59,,,1,15,,1107129,59,,,1,55,,1107171,59,,,1,15,,1107170,59,,,1,15,,1107135,59,,,1,20,,1107133,59,,,1,56,,1107154,59,,,1,33,,1107118,59,,,1,54,,1107119,59,,,1,16,,1107124,59,,,1,17,,1107123,59,,,1,72,,1107132,59,,,1,14,,1107148,59,,,1,12,,1107169,59,,,1,16,,1092924,59,,,1,53,,1107176,59,,,1,15,,1107168,59,,,1,15,,1107128,59,,,1,11,,979861,59,,,1,14,,1107157,59,,,1,53,,1107138,59,,,1,15,,1107180,59,,,1,13,,999863,59,,,1,14,,1107131,59,,,1,68,,1107156,59,,,1,27,,1107152,59,,,1,70,,1107134,59,,,1,32,,1107183,59,,,1,66,,1107153,59,,,1,28,,1107150,59,,,1,68,,1096160,59,,,1,28,,1107173,59,,,1,64,,1107130,59,,,1
601,'17',824,,1107205,59,,,1,34,,1107212,59,,,1,72,,1107220,59,,,1,70,,1107241,59,,,1,30,,1107197,59,,,1,73,,1107239,59,,,1,30,,1107194,59,,,1,70,,1107215,59,,,1,30,,1107190,59,,,1,69,,1107210,59,,,1,30,,1107238,59,,,1,69,,1107226,59,,,1,30,,1107237,59,,,1,70,,1107228,59,,,1,30,,1107225,59,,,1,70,,1107186,59,,,1,30,,1107242,59,,,1,70,,1107185,59,,,1,30,,1107189,59,,,1,73,,1107214,59,,,1,30,,1107232,59,,,1,68,,1107188,59,,,1,30,,1107236,59,,,1,70,,1107219,59,,,1,30,,1107203,59,,,1,69,,1107209,59,,,1,30,,1107196,59,,,1,70,,1107217,59,,,1,30,,1107231,59,,,1,25,,1107204,59,,,1,70,,1107201,59,,,1,29,,1107234,59,,,1
601,'2',712,,1107250,59,,,1,30,,1095787,59,,,1,70,,1107263,59,,,1,30,,1086533,59,,,1,75,,1107262,59,,,1,29,,1096241,59,,,1,70,,1067138,59,,,1,27,,1107279,59,,,1,68,,1107302,59,,,1,24,,1107251,59,,,1,66,,1107255,59,,,1,24,,1107289,59,,,1,24,,1107299,59,,,1,67,,1107253,59,,,1,24,,1107290,59,,,1,12,,1107283,59,,,1,52,,1107245,59,,,1,12,,1085125,59,,,1,12,,1035117,59,,,1,12,,1107252,59,,,1,12,,1107246,59,,,1,52,,1107276,59,,,1,12,,1097668,59,,,1,12,,1107257,59,,,1,12,,1107265,59,,,1,12,,1107286,59,,,1,52,,1107267,59,,,1,9,,1107280,59,,,1,15,,1107296,59,,,1,13,,1107300,59,,,1,12,,1107248,59,,,1,52,,1107254,59,,,1,12,,1107293,59,,,1,12,,1072227,59,,,1,12,,997255,59,,,1,12,,1107268,59,,,1,52,,1107282,59,,,1,12,,1107271,59,,,1,12,,1107277,59,,,1,12,,1107294,59,,,1,13,,1089040,59,,,1,55,,1107292,59,,,1,31,,1107259,59,,,1,70,,1107278,59,,,1,30,,1107261,59,,,1,67,,1107295,59,,,1,30,,1078498,59,,,1,70,,1107260,59,,,1,30,,1091048,59,,,1,65,,1107275,59,,,1,30,,1107298,59,,,1,69,,1107304,59,,,1,30,,1098250,59,,,1
601,'3',824,,1107325,59,,,1,34,,1107332,59,,,1,72,,1107340,59,,,1,70,,1107361,59,,,1,30,,1107317,59,,,1,73,,1107359,59,,,1,30,,1107314,59,,,1,70,,1107335,59,,,1,30,,1107310,59,,,1,69,,1107330,59,,,1,30,,1107358,59,,,1,69,,1107346,59,,,1,30,,1107357,59,,,1,70,,1107348,59,,,1,30,,1107345,59,,,1,70,,1107306,59,,,1,30,,1107362,59,,,1,70,,1107305,59,,,1,30,,1107309,59,,,1,73,,1107334,59,,,1,30,,1107352,59,,,1,68,,1107308,59,,,1,30,,1107356,59,,,1,70,,1107339,59,,,1,30,,1107323,59,,,1,69,,1107329,59,,,1,30,,1107316,59,,,1,70,,1107337,59,,,1,30,,1107351,59,,,1,25,,1107324,59,,,1,70,,1107321,59,,,1,29,,1107354,59,,,1
601,'4',824,,1107406,59,,,1,34,,1107412,59,,,1,72,,1107415,59,,,1,70,,1004297,59,,,1,30,,1107385,59,,,1,73,,1107380,59,,,1,30,,1107394,59,,,1,70,,1107395,59,,,1,30,,1107405,59,,,1,69,,1107407,59,,,1,30,,1107418,59,,,1,69,,1107369,59,,,1,30,,1107413,59,,,1,70,,1107391,59,,,1,30,,1107378,59,,,1,70,,1107367,59,,,1,30,,1107377,59,,,1,70,,1107410,59,,,1,30,,1107389,59,,,1,73,,1107408,59,,,1,30,,1000614,59,,,1,68,,1107382,59,,,1,30,,1089956,59,,,1,70,,1107392,59,,,1,30,,1107417,59,,,1,69,,1107383,59,,,1,30,,1107396,59,,,1,70,,1107402,59,,,1,30,,1107404,59,,,1,25,,1107374,59,,,1,70,,1107372,59,,,1,29,,1107403,59,,,1
601,'5',643,,1006953,59,,,1,63,,1107466,59,,,1,18,,1107429,59,,,1,19,,1107479,59,,,1,58,,1107451,59,,,1,18,,1107422,59,,,1,19,,1107445,59,,,1,17,,1047637,59,,,1,56,,939016,59,,,1,12,,1107447,59,,,1,14,,1107469,59,,,1,14,,1054264,59,,,1,55,,1107427,59,,,1,12,,1107428,59,,,1,15,,1107441,59,,,1,15,,1107448,59,,,1,55,,1107430,59,,,1,17,,1107438,59,,,1,15,,1107471,59,,,1,16,,1107478,59,,,1,55,,1107476,59,,,1,18,,1107477,59,,,1,15,,1107431,59,,,1,14,,1107421,59,,,1,54,,1081024,59,,,1,15,,1107423,59,,,1,15,,1107458,59,,,1,15,,1107433,59,,,1,55,,1107475,59,,,1,15,,1107455,59,,,1,15,,1107453,59,,,1,20,,1107443,59,,,1,56,,1107457,59,,,1,33,,1107482,59,,,1,54,,1079827,59,,,1,16,,1107437,59,,,1,17,,1107420,59,,,1,72,,1107425,59,,,1,14,,1107419,59,,,1,12,,1107434,59,,,1,16,,1086352,59,,,1,53,,1107454,59,,,1,15,,1107463,59,,,1,15,,996467,59,,,1,11,,1107460,59,,,1,14,,1107462,59,,,1,53,,1052208,59,,,1,15,,1107436,59,,,1,13,,1107449,59,,,1,14,,1107474,59,,,1,68,,1107424,59,,,1,27,,1107480,59,,,1,70,,1107435,59,,,1,32,,1107432,59,,,1,66,,979251,59,,,1,28,,1107470,59,,,1,68,,1107459,59,,,1,28,,1107467,59,,,1,64,,1107456,59,,,1
601,'6',643,,1107524,59,,,1,63,,1107487,59,,,1,18,,1107511,59,,,1,19,,1006989,59,,,1,58,,1107504,59,,,1,18,,1107521,59,,,1,19,,1107522,59,,,1,17,,1107525,59,,,1,56,,1107534,59,,,1,12,,1107494,59,,,1,14,,1107489,59,,,1,14,,1107537,59,,,1,55,,1107507,59,,,1,12,,1001059,59,,,1,15,,1073932,59,,,1,15,,1107527,59,,,1,55,,1107529,59,,,1,17,,1048627,59,,,1,15,,1107542,59,,,1,16,,1107500,59,,,1,55,,1107491,59,,,1,18,,1107523,59,,,1,15,,1107543,59,,,1,14,,1107510,59,,,1,54,,1107540,59,,,1,15,,1107501,59,,,1,15,,1107490,59,,,1,15,,1107493,59,,,1,55,,1107533,59,,,1,15,,1107532,59,,,1,15,,1107499,59,,,1,20,,1107497,59,,,1,56,,994404,59,,,1,33,,1107483,59,,,1,54,,1107484,59,,,1,16,,1101654,59,,,1,17,,1107486,59,,,1,72,,1107495,59,,,1,14,,1107512,59,,,1,12,,1107531,59,,,1,16,,1107496,59,,,1,53,,1097970,59,,,1,15,,1107530,59,,,1,15,,1107492,59,,,1,11,,1107539,59,,,1,14,,1096193,59,,,1,53,,1107502,59,,,1,15,,1033219,59,,,1,13,,1107488,59,,,1,14,,1103333,59,,,1,68,,1107519,59,,,1,27,,1107516,59,,,1,70,,1107498,59,,,1,32,,1107544,59,,,1,66,,1107517,59,,,1,28,,1107514,59,,,1,68,,1107541,59,,,1,28,,1107535,59,,,1,64,,1006258,59,,,1
601,'7',712,,1107548,59,,,1,30,,1107619,59,,,1,70,,1107605,59,,,1,30,,1107598,59,,,1,75,,1107552,59,,,1,29,,1107566,59,,,1,70,,1107597,59,,,1,27,,1107616,59,,,1,68,,1107591,59,,,1,24,,1107579,59,,,1,66,,1107596,59,,,1,24,,1107611,59,,,1,24,,1107588,59,,,1,67,,1107571,59,,,1,24,,1107609,59,,,1,12,,1107602,59,,,1,52,,1107590,59,,,1,12,,1107584,59,,,1,12,,1107604,59,,,1,12,,1107583,59,,,1,12,,1107555,59,,,1,52,,1107573,59,,,1,12,,1107601,59,,,1,12,,1107568,59,,,1,12,,1107610,59,,,1,12,,1107612,59,,,1,52,,1107581,59,,,1,9,,1107554,59,,,1,15,,1107607,59,,,1,13,,1107553,59,,,1,12,,1107613,59,,,1,52,,1107608,59,,,1,12,,1107603,59,,,1,12,,1107567,59,,,1,12,,1107593,59,,,1,12,,1107578,59,,,1,52,,1107599,59,,,1,12,,1107587,59,,,1,12,,1107565,59,,,1,12,,1107589,59,,,1,13,,1107569,59,,,1,55,,1107618,59,,,1,31,,1107549,59,,,1,70,,1107551,59,,,1,30,,1107560,59,,,1,67,,1107570,59,,,1,30,,1107615,59,,,1,70,,1107617,59,,,1,30,,1107585,59,,,1,65,,1107556,59,,,1,30,,1107564,59,,,1,69,,1107614,59,,,1,30,,1107546,59,,,1
601,'8',643,,1107669,59,,,1,63,,1107628,59,,,1,18,,1107654,59,,,1,19,,1107688,59,,,1,58,,1107647,59,,,1,18,,1107666,59,,,1,19,,1107667,59,,,1,17,,1107670,59,,,1,56,,1107679,59,,,1,12,,1107635,59,,,1,14,,1107630,59,,,1,14,,1107682,59,,,1,55,,1107650,59,,,1,12,,1107623,59,,,1,15,,1107687,59,,,1,15,,1107672,59,,,1,55,,1107674,59,,,1,17,,1107622,59,,,1,15,,1107691,59,,,1,16,,1107643,59,,,1,55,,1107632,59,,,1,18,,1107668,59,,,1,15,,1107692,59,,,1,14,,1107653,59,,,1,54,,1107686,59,,,1,15,,1107644,59,,,1,15,,1107631,59,,,1,15,,1107634,59,,,1,55,,1107678,59,,,1,15,,1107677,59,,,1,15,,1107642,59,,,1,20,,1107640,59,,,1,56,,1107661,59,,,1,33,,1107620,59,,,1,54,,1107621,59,,,1,16,,1107626,59,,,1,17,,1107625,59,,,1,72,,1107638,59,,,1,14,,1107655,59,,,1,12,,1107676,59,,,1,16,,1107639,59,,,1,53,,1107684,59,,,1,15,,1107675,59,,,1,15,,1107633,59,,,1,11,,1107685,59,,,1,14,,1107664,59,,,1,53,,1107645,59,,,1,15,,1107689,59,,,1,13,,1107629,59,,,1,14,,1107637,59,,,1,68,,1107663,59,,,1,27,,1107659,59,,,1,70,,1107641,59,,,1,32,,1107693,59,,,1,66,,1107660,59,,,1,28,,1107657,59,,,1,68,,1107690,59,,,1,28,,1107680,59,,,1,64,,1107636,59,,,1
601,'9',643,,1007119,59,,,1,63,,1107742,59,,,1,18,,1107705,59,,,1,19,,1107755,59,,,1,58,,1107727,59,,,1,18,,1107698,59,,,1,19,,1107721,59,,,1,17,,1047968,59,,,1,56,,938963,59,,,1,12,,1107723,59,,,1,14,,1107745,59,,,1,14,,1054379,59,,,1,55,,1107703,59,,,1,12,,1107704,59,,,1,15,,1107717,59,,,1,15,,1107724,59,,,1,55,,1107706,59,,,1,17,,1107714,59,,,1,15,,1107747,59,,,1,16,,1107754,59,,,1,55,,1107752,59,,,1,18,,1107753,59,,,1,15,,1107707,59,,,1,14,,1107697,59,,,1,54,,1080932,59,,,1,15,,1107699,59,,,1,15,,1107734,59,,,1,15,,1107709,59,,,1,55,,1107751,59,,,1,15,,1107731,59,,,1,15,,1107729,59,,,1,20,,1107719,59,,,1,56,,1107733,59,,,1,33,,1107758,59,,,1,54,,1079738,59,,,1,16,,1107713,59,,,1,17,,1107696,59,,,1,72,,1107701,59,,,1,14,,1107695,59,,,1,12,,1107710,59,,,1,16,,1086259,59,,,1,53,,1107730,59,,,1,15,,1107739,59,,,1,15,,996817,59,,,1,11,,1107736,59,,,1,14,,1107738,59,,,1,53,,1052382,59,,,1,15,,1107712,59,,,1,13,,1107725,59,,,1,14,,1107750,59,,,1,68,,1107700,59,,,1,27,,1107756,59,,,1,70,,1107711,59,,,1,32,,1107708,59,,,1,66,,979194,59,,,1,28,,1107746,59,,,1,68,,1107735,59,,,1,28,,1107743,59,,,1,64,,1107732,59,,,1
60600,'1',1527,,1073035,44,,,1
60600,'10',1527,,1072916,44,,,1
60600,'11',1527,,1073073,44,,,1
60600,'12',1527,,1198851,44,,,1
60600,'14',1527,,1198852,44,,,1
60600,'15',1527,,1198853,44,,,1
60600,'16',1527,,1198854,44,,,1
60600,'5',1527,,1073016,44,,,1
60600,'6',1527,,1076412,44,,,1
60600,'8',1527,,1198855,44,,,1
60600,'9',1527,,1072955,44,,,1
