6701,'1',648,,1157882,14,,,1,70,,1157863,14,,,1,30,,1091308,14,,,1,71,,1157867,14,,,1,29,,1157877,14,,,1,70,,1068561,14,,,1,30,,1157874,14,,,1,70,,1157871,14,,,1,30,,1157866,14,,,1,70,,1007574,14,,,1,30,,1077690,14,,,1,71,,1157879,14,,,1,30,,1157883,14,,,1,70,,1157872,14,,,1,30,,1157884,14,,,1,71,,1157875,14,,,1,17,,1157876,12,,,1,13,,1157869,14,,,1,71,,1157862,14,,,1,30,,1157881,14,,,1,70,,1157870,14,,,1,34,,1157865,24,,,1,69,,1157873,24,,,1,31,,1157864,24,,,1,70,,980044,24,,,1,30,,1103301,24,,,1,67,,1157878,24,,,1,35,,1157880,14,,,1,65,,1157868,14,,,1,100,,941152,14,,,1
6701,'10',648,,1157905,14,,,1,70,,1157886,14,,,1,30,,1091031,14,,,1,71,,1157890,14,,,1,29,,1157900,14,,,1,70,,1068522,14,,,1,30,,1157897,14,,,1,70,,1157894,14,,,1,30,,1157889,14,,,1,70,,1007680,14,,,1,30,,1077648,14,,,1,71,,1157902,14,,,1,30,,1157906,14,,,1,70,,1157895,14,,,1,30,,1157907,14,,,1,71,,1157898,14,,,1,17,,1157899,12,,,1,13,,1157892,14,,,1,71,,1157885,14,,,1,30,,1157904,14,,,1,70,,1157893,14,,,1,34,,1157888,24,,,1,69,,1157896,24,,,1,31,,1157887,24,,,1,70,,979777,24,,,1,30,,1103289,24,,,1,67,,1157901,24,,,1,35,,1157903,14,,,1,65,,1157891,14,,,1,100,,940879,14,,,1
6701,'11',648,,1157928,14,,,1,70,,1157909,14,,,1,30,,1091382,14,,,1,71,,1157913,14,,,1,29,,1157923,14,,,1,70,,1068574,14,,,1,30,,1157920,14,,,1,70,,1157917,14,,,1,30,,1157912,14,,,1,70,,1007545,14,,,1,30,,1077704,14,,,1,71,,1157925,14,,,1,30,,1157929,14,,,1,70,,1157918,14,,,1,30,,1157930,14,,,1,71,,1157921,14,,,1,17,,1157922,12,,,1,13,,1157915,14,,,1,71,,1157908,14,,,1,30,,1157927,14,,,1,70,,1157916,14,,,1,34,,1157911,24,,,1,69,,1157919,24,,,1,31,,1157910,24,,,1,70,,979994,24,,,1,30,,1103305,24,,,1,67,,1157924,24,,,1,35,,1157926,14,,,1,65,,1157914,14,,,1,100,,941104,14,,,1
6701,'12',648,,1157942,14,,,1,70,,1099284,14,,,1,30,,1157948,14,,,1,71,,1157932,14,,,1,29,,1157933,14,,,1,70,,1157943,14,,,1,30,,1157957,14,,,1,70,,1157934,14,,,1,30,,1157941,14,,,1,70,,1157938,14,,,1,30,,1157950,14,,,1,71,,1157949,14,,,1,30,,1157955,14,,,1,70,,1157936,14,,,1,30,,1157945,14,,,1,71,,1027870,14,,,1,17,,1157953,12,,,1,13,,1157952,14,,,1,71,,1157931,14,,,1,30,,1157951,14,,,1,70,,1157940,14,,,1,34,,1157935,24,,,1,69,,1157939,24,,,1,31,,1157956,24,,,1,70,,1157947,24,,,1,30,,1157958,24,,,1,67,,1157944,24,,,1,35,,1157946,14,,,1,65,,1157954,14,,,1,100,,1157937,14,,,1
6701,'13',725,,1157975,14,,,1,100,,1157962,14,,,1,100,,1073777,14,,,1,30,,1157965,14,,,1,70,,1099265,14,,,1,30,,1157964,14,,,1,71,,1157973,14,,,1,30,,1157970,14,,,1,70,,1157961,14,,,1,30,,1072966,14,,,1,70,,1157971,14,,,1,30,,1157966,14,,,1,70,,1157963,14,,,1,30,,1157959,14,,,1,70,,1157972,14,,,1,30,,1157974,14,,,1,70,,1157968,14,,,1,30,,1157960,14,,,1,100,,1157967,14,,,1,100,,1157969,14,,,1
6701,'14',648,,1157998,14,,,1,70,,1157977,14,,,1,30,,1158001,14,,,1,71,,1157983,14,,,1,29,,1157993,14,,,1,70,,1158004,14,,,1,30,,1157990,14,,,1,70,,1157987,14,,,1,30,,1157982,14,,,1,70,,1158003,14,,,1,30,,1158000,14,,,1,71,,1157995,14,,,1,30,,1158002,14,,,1,70,,1157988,14,,,1,30,,1158005,14,,,1,71,,1157991,14,,,1,17,,1157992,12,,,1,13,,1157985,14,,,1,71,,1157976,14,,,1,30,,1157997,14,,,1,70,,1157986,14,,,1,34,,1157981,24,,,1,69,,1157989,24,,,1,31,,1157980,24,,,1,70,,1157999,24,,,1,30,,1157979,24,,,1,67,,1157994,24,,,1,35,,1157996,14,,,1,65,,1157984,14,,,1,100,,1157978,14,,,1
6701,'15',648,,1158026,14,,,1,70,,1158025,14,,,1,30,,1158017,14,,,1,71,,1158009,14,,,1,29,,1158027,14,,,1,70,,1158021,14,,,1,30,,1158032,14,,,1,70,,1158024,14,,,1,30,,1158012,14,,,1,70,,1158015,14,,,1,30,,1158020,14,,,1,71,,1158010,14,,,1,30,,1158035,14,,,1,70,,1158011,14,,,1,30,,1158030,14,,,1,71,,1158022,14,,,1,17,,1158029,12,,,1,13,,1158031,14,,,1,71,,1158019,14,,,1,30,,1158028,14,,,1,70,,1158016,14,,,1,34,,1158014,24,,,1,69,,1158008,24,,,1,31,,1158034,24,,,1,70,,1158023,24,,,1,30,,1158006,24,,,1,67,,1158013,24,,,1,35,,1158033,14,,,1,65,,1158007,14,,,1,100,,1158018,14,,,1
6701,'16',648,,1158046,14,,,1,70,,1158060,14,,,1,30,,1158052,14,,,1,71,,1075571,14,,,1,29,,1158036,14,,,1,70,,1158047,14,,,1,30,,1081985,14,,,1,70,,1158038,14,,,1,30,,1158045,14,,,1,70,,1158042,14,,,1,30,,1158054,14,,,1,71,,1158053,14,,,1,30,,1158059,14,,,1,70,,1158040,14,,,1,30,,1158049,14,,,1,71,,1158037,14,,,1,17,,1158057,12,,,1,13,,1158056,14,,,1,71,,1085246,14,,,1,30,,1158055,14,,,1,70,,1158044,14,,,1,34,,1158039,24,,,1,69,,1158043,24,,,1,31,,1010328,24,,,1,70,,1158051,24,,,1,30,,1086438,24,,,1,67,,1158048,24,,,1,35,,1158050,14,,,1,65,,1158058,14,,,1,100,,1158041,14,,,1
6701,'17',725,,1158080,14,,,1,100,,1158066,14,,,1,100,,1158078,14,,,1,30,,1158069,14,,,1,70,,1158064,14,,,1,30,,1158068,14,,,1,71,,1158077,14,,,1,30,,1158074,14,,,1,70,,1158065,14,,,1,30,,1158062,14,,,1,70,,1158075,14,,,1,30,,1158070,14,,,1,70,,1158067,14,,,1,30,,1158061,14,,,1,70,,1158076,14,,,1,30,,1158079,14,,,1,70,,1158072,14,,,1,30,,1158063,14,,,1,100,,1158071,14,,,1,100,,1158073,14,,,1
6701,'2',658,,1158082,14,,,1,100,,1158097,14,,,1,70,,1158090,14,,,1,30,,1158094,14,,,1,70,,1158099,14,,,1,30,,1158095,14,,,1,70,,1158092,14,,,1,30,,1158101,14,,,1,71,,1158103,14,,,1,30,,1158102,14,,,1,70,,1158100,14,,,1,30,,1158086,14,,,1,70,,1158081,14,,,1,30,,1158085,14,,,1,70,,1158096,14,,,1,30,,1158093,14,,,1,70,,1158083,14,,,1,30,,1158088,14,,,1,70,,1158089,14,,,1,30,,1094721,14,,,1,100,,1158087,14,,,1,100,,1158098,14,,,1,100,,1158084,14,,,1,99,,1158091,14,,,1
6701,'3',725,,1158123,14,,,1,100,,1158109,14,,,1,100,,1158121,14,,,1,30,,1158112,14,,,1,70,,1158107,14,,,1,30,,1158111,14,,,1,71,,1158120,14,,,1,30,,1158117,14,,,1,70,,1158108,14,,,1,30,,1158105,14,,,1,70,,1158118,14,,,1,30,,1158113,14,,,1,70,,1158110,14,,,1,30,,1158104,14,,,1,70,,1158119,14,,,1,30,,1158122,14,,,1,70,,1158115,14,,,1,30,,1158106,14,,,1,100,,1158114,14,,,1,100,,1158116,14,,,1
6701,'4',725,,1158140,14,,,1,100,,1158125,14,,,1,100,,1069533,14,,,1,30,,1158133,14,,,1,70,,1158124,14,,,1,30,,1158132,14,,,1,71,,1158134,14,,,1,30,,1158130,14,,,1,70,,1158137,14,,,1,30,,1158139,14,,,1,70,,1158129,14,,,1,30,,1158138,14,,,1,70,,1158135,14,,,1,30,,1158141,14,,,1,70,,1158142,14,,,1,30,,1158131,14,,,1,70,,1158136,14,,,1,30,,1158127,14,,,1,100,,1158126,14,,,1,100,,1158128,14,,,1
6701,'5',648,,1158163,14,,,1,70,,1158144,14,,,1,30,,1091265,14,,,1,71,,1158148,14,,,1,29,,1158158,14,,,1,70,,1068548,14,,,1,30,,1158155,14,,,1,70,,1158152,14,,,1,30,,1158147,14,,,1,70,,1007394,14,,,1,30,,1077676,14,,,1,71,,1158160,14,,,1,30,,1158164,14,,,1,70,,1158153,14,,,1,30,,1158165,14,,,1,71,,1158156,14,,,1,17,,1158157,12,,,1,13,,1158150,14,,,1,71,,1158143,14,,,1,30,,1158162,14,,,1,70,,1158151,14,,,1,34,,1158146,24,,,1,69,,1158154,24,,,1,31,,1158145,24,,,1,70,,980200,24,,,1,30,,1103297,24,,,1,67,,1158159,24,,,1,35,,1158161,14,,,1,65,,1158149,14,,,1,100,,941297,14,,,1
6701,'6',648,,1158176,14,,,1,70,,1158190,14,,,1,30,,1158181,14,,,1,71,,1158167,14,,,1,29,,1158168,14,,,1,70,,1158177,14,,,1,30,,1158191,14,,,1,70,,1008867,14,,,1,30,,1158175,14,,,1,70,,1158172,14,,,1,30,,1158183,14,,,1,71,,1158182,14,,,1,30,,1158188,14,,,1,70,,1158170,14,,,1,30,,1158179,14,,,1,71,,1158169,14,,,1,17,,1158186,12,,,1,13,,1158185,14,,,1,71,,1158166,14,,,1,30,,1158184,14,,,1,70,,1158174,14,,,1,34,,1073488,24,,,1,69,,1158173,24,,,1,31,,1158189,24,,,1,70,,1158180,24,,,1,30,,1158192,24,,,1,67,,1158178,24,,,1,35,,1053535,14,,,1,65,,1158187,14,,,1,100,,1158171,14,,,1
6701,'7',658,,1158196,14,,,1,100,,1158193,14,,,1,70,,1158203,14,,,1,30,,1158210,14,,,1,70,,1158195,14,,,1,30,,1158206,14,,,1,70,,1158200,14,,,1,30,,1158209,14,,,1,71,,1158214,14,,,1,30,,1158211,14,,,1,70,,1158213,14,,,1,30,,1158197,14,,,1,70,,1158215,14,,,1,30,,1158205,14,,,1,70,,1158194,14,,,1,30,,1158207,14,,,1,70,,1158198,14,,,1,30,,1158208,14,,,1,70,,1158202,14,,,1,30,,1158199,14,,,1,100,,1158204,14,,,1,100,,1158216,14,,,1,100,,1158201,14,,,1,99,,1158212,14,,,1
6701,'8',648,,1158229,14,,,1,70,,1158244,14,,,1,30,,1158235,14,,,1,71,,1158218,14,,,1,29,,1158219,14,,,1,70,,1158230,14,,,1,30,,1158245,14,,,1,70,,1158221,14,,,1,30,,1158228,14,,,1,70,,1158225,14,,,1,30,,1158237,14,,,1,71,,1158236,14,,,1,30,,1158242,14,,,1,70,,1158223,14,,,1,30,,1158232,14,,,1,71,,1158220,14,,,1,17,,1158240,12,,,1,13,,1158239,14,,,1,71,,1158217,14,,,1,30,,1158238,14,,,1,70,,1158227,14,,,1,34,,1158222,24,,,1,69,,1158226,24,,,1,31,,1158243,24,,,1,70,,1158234,24,,,1,30,,1158246,24,,,1,67,,1158231,24,,,1,35,,1158233,14,,,1,65,,1158241,14,,,1,100,,1158224,14,,,1
6701,'9',648,,1158267,14,,,1,70,,1158248,14,,,1,30,,1091115,14,,,1,71,,1158252,14,,,1,29,,1158262,14,,,1,70,,1068535,14,,,1,30,,1158259,14,,,1,70,,1158256,14,,,1,30,,1158251,14,,,1,70,,1007603,14,,,1,30,,1077662,14,,,1,71,,1158264,14,,,1,30,,1158268,14,,,1,70,,1158257,14,,,1,30,,1158269,14,,,1,71,,1158260,14,,,1,17,,1158261,12,,,1,13,,1158254,14,,,1,71,,1158247,14,,,1,30,,1158266,14,,,1,70,,1158255,14,,,1,34,,1158250,24,,,1,69,,1158258,24,,,1,31,,1158249,24,,,1,70,,980150,24,,,1,30,,1103293,24,,,1,67,,1158263,24,,,1,35,,1158265,14,,,1,65,,1158253,14,,,1,100,,941249,14,,,1
16301,'1',611,,1191796,18,,,1,30,,1191806,18,,,1,70,,1100030,18,,,1,31,,1191794,18,,,1,69,,1191816,18,,,1,31,,1191793,18,,,1,69,,1191814,18,,,1,29,,1191803,18,,,1,70,,1191817,18,,,1,30,,1191818,18,,,1,70,,1068374,18,,,1,30,,1191805,18,,,1,71,,1191807,18,,,1,30,,1191815,18,,,1,70,,1191792,18,,,1,31,,1191801,18,,,1,71,,1191808,18,,,1,30,,1191798,18,,,1,71,,1191810,18,,,1,30,,1191795,18,,,1,69,,1191791,18,,,1,30,,1191809,18,,,1,70,,1191800,18,,,1,29,,1191811,18,,,1,70,,1191812,18,,,1,30,,1191813,18,,,1,70,,1191802,18,,,1,29,,1191804,18,,,1,70,,1077024,18,,,1,100,,1191799,18,,,1,100,,1191797,18,,,1
16301,'10',611,,1191824,18,,,1,30,,1191834,18,,,1,70,,1099886,18,,,1,31,,1191822,18,,,1,69,,1191844,18,,,1,31,,1191821,18,,,1,69,,1191842,18,,,1,29,,1191831,18,,,1,70,,1191845,18,,,1,30,,1191846,18,,,1,70,,1068133,18,,,1,30,,1191833,18,,,1,71,,1191835,18,,,1,30,,1191843,18,,,1,70,,1191820,18,,,1,31,,1191829,18,,,1,71,,1191836,18,,,1,30,,1191826,18,,,1,71,,1191838,18,,,1,30,,1191823,18,,,1,69,,1191819,18,,,1,30,,1191837,18,,,1,70,,1191828,18,,,1,29,,1191839,18,,,1,70,,1191840,18,,,1,30,,1191841,18,,,1,70,,1191830,18,,,1,29,,1191832,18,,,1,70,,1076800,18,,,1,100,,1191827,18,,,1,100,,1191825,18,,,1
16301,'11',611,,1191852,18,,,1,30,,1191862,18,,,1,70,,1100074,18,,,1,31,,1191850,18,,,1,69,,1191872,18,,,1,31,,1191849,18,,,1,69,,1191870,18,,,1,29,,1191859,18,,,1,70,,1191873,18,,,1,30,,1191874,18,,,1,70,,1068438,18,,,1,30,,1191861,18,,,1,71,,1191863,18,,,1,30,,1191871,18,,,1,70,,1191848,18,,,1,31,,1191857,18,,,1,71,,1191864,18,,,1,30,,1191854,18,,,1,71,,1191866,18,,,1,30,,1191851,18,,,1,69,,1191847,18,,,1,30,,1191865,18,,,1,70,,1191856,18,,,1,29,,1191867,18,,,1,70,,1191868,18,,,1,30,,1191869,18,,,1,70,,1191858,18,,,1,29,,1191860,18,,,1,70,,1077090,18,,,1,100,,1191855,18,,,1,100,,1191853,18,,,1
16301,'12',611,,1191900,18,,,1,30,,1191879,18,,,1,70,,1191883,18,,,1,31,,1191902,18,,,1,69,,1191901,18,,,1,31,,1191893,18,,,1,69,,1191885,18,,,1,29,,1191895,18,,,1,70,,1191888,18,,,1,30,,1191894,18,,,1,70,,1191886,18,,,1,30,,1191876,18,,,1,71,,1191896,18,,,1,30,,1191889,18,,,1,70,,1191897,18,,,1,31,,1191881,18,,,1,71,,1081626,18,,,1,30,,1191884,18,,,1,71,,1191878,18,,,1,30,,1191880,18,,,1,69,,1191899,18,,,1,30,,1191875,18,,,1,70,,1081288,18,,,1,29,,1191887,18,,,1,70,,1191891,18,,,1,30,,1063002,18,,,1,70,,1191877,18,,,1,29,,1191898,18,,,1,70,,1191890,18,,,1,100,,1191882,18,,,1,100,,1191892,18,,,1
16301,'13',739,,1085171,18,,,1,100,,1191907,18,,,1,70,,1191906,18,,,1,30,,1191905,18,,,1,70,,1191909,18,,,1,30,,1191916,18,,,1,70,,1101569,18,,,1,30,,1191915,18,,,1,70,,1191908,18,,,1,30,,1191910,18,,,1,70,,1191921,18,,,1,30,,1191913,18,,,1,70,,1191912,18,,,1,30,,1191918,18,,,1,70,,1191911,18,,,1,30,,1191920,18,,,1,70,,1191919,18,,,1,30,,1191903,18,,,1,70,,1191914,18,,,1,100,,1191904,18,,,1,100,,1191917,18,,,1
16301,'14',611,,1191929,18,,,1,30,,1191939,18,,,1,70,,1191923,18,,,1,31,,1191927,18,,,1,69,,1191949,18,,,1,31,,1191926,18,,,1,69,,1191947,18,,,1,29,,1191936,18,,,1,70,,1191950,18,,,1,30,,1191952,18,,,1,70,,1191924,18,,,1,30,,1191938,18,,,1,71,,1191940,18,,,1,30,,1191948,18,,,1,70,,1191925,18,,,1,31,,1191934,18,,,1,71,,1191941,18,,,1,30,,1191931,18,,,1,71,,1191943,18,,,1,30,,1191928,18,,,1,69,,1191922,18,,,1,30,,1191942,18,,,1,70,,1191933,18,,,1,29,,1191944,18,,,1,70,,1191945,18,,,1,30,,1191946,18,,,1,70,,1191935,18,,,1,29,,1191937,18,,,1,70,,1191951,18,,,1,100,,1191932,18,,,1,100,,1191930,18,,,1
16301,'15',611,,1191976,18,,,1,30,,1191982,18,,,1,70,,1191969,18,,,1,31,,1191980,18,,,1,69,,1191966,18,,,1,31,,1191960,18,,,1,69,,1191970,18,,,1,29,,1191973,18,,,1,70,,1191972,18,,,1,30,,1191963,18,,,1,70,,1191983,18,,,1,30,,1191979,18,,,1,71,,1191981,18,,,1,30,,1191975,18,,,1,70,,1191962,18,,,1,31,,1191953,18,,,1,71,,1191964,18,,,1,30,,1191971,18,,,1,71,,1191958,18,,,1,30,,1191956,18,,,1,69,,1191965,18,,,1,30,,1191959,18,,,1,70,,1191954,18,,,1,29,,1191977,18,,,1,70,,1191961,18,,,1,30,,1191974,18,,,1,70,,1191968,18,,,1,29,,1191978,18,,,1,70,,1191957,18,,,1,100,,1191955,18,,,1,100,,1191967,18,,,1
16301,'16',611,,1192011,18,,,1,30,,1191990,18,,,1,70,,1191994,18,,,1,31,,1192014,18,,,1,69,,1192012,18,,,1,31,,1192004,18,,,1,69,,1191996,18,,,1,29,,1192006,18,,,1,70,,1191999,18,,,1,30,,1192005,18,,,1,70,,1191997,18,,,1,30,,1191986,18,,,1,71,,1192007,18,,,1,30,,1192000,18,,,1,70,,1192008,18,,,1,31,,1191992,18,,,1,71,,1192013,18,,,1,30,,1191995,18,,,1,71,,1191988,18,,,1,30,,1191991,18,,,1,69,,1192010,18,,,1,30,,1191985,18,,,1,70,,1191984,18,,,1,29,,1191998,18,,,1,70,,1192002,18,,,1,30,,1191989,18,,,1,70,,1191987,18,,,1,29,,1192009,18,,,1,70,,1192001,18,,,1,100,,1191993,18,,,1,100,,1192003,18,,,1
16301,'17',739,,1192032,18,,,1,100,,1192019,18,,,1,70,,1192018,18,,,1,30,,1192017,18,,,1,70,,1192021,18,,,1,30,,1192028,18,,,1,70,,1192035,18,,,1,30,,1192027,18,,,1,70,,1192020,18,,,1,30,,1192022,18,,,1,70,,1192034,18,,,1,30,,1192025,18,,,1,70,,1192024,18,,,1,30,,1192030,18,,,1,70,,1192023,18,,,1,30,,1192033,18,,,1,70,,1192031,18,,,1,30,,1192015,18,,,1,70,,1192026,18,,,1,100,,1192016,18,,,1,100,,1192029,18,,,1
16301,'2',739,,1192040,18,,,1,70,,1192045,18,,,1,30,,1192042,18,,,1,70,,1192049,18,,,1,30,,1192051,18,,,1,70,,1079710,18,,,1,30,,1192043,18,,,1,70,,1192044,18,,,1,30,,1192037,18,,,1,70,,1192057,18,,,1,30,,1192055,18,,,1,70,,1192038,18,,,1,30,,1192046,18,,,1,70,,1192039,18,,,1,30,,1192052,18,,,1,70,,1192050,18,,,1,30,,1192056,18,,,1,70,,1192054,18,,,1,30,,1192053,18,,,1,70,,1192036,18,,,1,100,,1192041,18,,,1,100,,1192047,18,,,1,100,,1192058,18,,,1,100,,1192048,18,,,1,100,,1192059,18,,,1
16301,'3',739,,1192077,18,,,1,100,,1192064,18,,,1,70,,1192063,18,,,1,30,,1192062,18,,,1,70,,1192066,18,,,1,30,,1192073,18,,,1,70,,1192080,18,,,1,30,,1192072,18,,,1,70,,1192065,18,,,1,30,,1192067,18,,,1,70,,1192079,18,,,1,30,,1192070,18,,,1,70,,1192069,18,,,1,30,,1192075,18,,,1,70,,1192068,18,,,1,30,,1192078,18,,,1,70,,1192076,18,,,1,30,,1192060,18,,,1,70,,1192071,18,,,1,100,,1192061,18,,,1,100,,1192074,18,,,1
16301,'4',739,,1192097,18,,,1,100,,1192084,18,,,1,70,,1192090,18,,,1,30,,1192091,18,,,1,70,,1192095,18,,,1,30,,1192093,18,,,1,70,,1192099,18,,,1,30,,1192094,18,,,1,70,,1192088,18,,,1,30,,1192092,18,,,1,70,,1192098,18,,,1,30,,1192082,18,,,1,70,,1192101,18,,,1,30,,1192100,18,,,1,70,,1192089,18,,,1,30,,1192087,18,,,1,70,,1192081,18,,,1,30,,1192096,18,,,1,70,,1192086,18,,,1,100,,1192083,18,,,1,100,,1192085,18,,,1
16301,'5',611,,1192107,18,,,1,30,,1192117,18,,,1,70,,1100004,18,,,1,31,,1192105,18,,,1,69,,1192127,18,,,1,31,,1192104,18,,,1,69,,1192125,18,,,1,29,,1192114,18,,,1,70,,1192128,18,,,1,30,,1192129,18,,,1,70,,1068331,18,,,1,30,,1192116,18,,,1,71,,1192118,18,,,1,30,,1192126,18,,,1,70,,1192103,18,,,1,31,,1192112,18,,,1,71,,1192119,18,,,1,30,,1192109,18,,,1,71,,1192121,18,,,1,30,,1192106,18,,,1,69,,1192102,18,,,1,30,,1192120,18,,,1,70,,1192111,18,,,1,29,,1192122,18,,,1,70,,1192123,18,,,1,30,,1192124,18,,,1,70,,1192113,18,,,1,29,,1192115,18,,,1,70,,1076980,18,,,1,100,,1192110,18,,,1,100,,1192108,18,,,1
16301,'6',611,,1094260,18,,,1,30,,1192135,18,,,1,70,,1192137,18,,,1,31,,1097202,18,,,1,69,,1064526,18,,,1,31,,1192147,18,,,1,69,,1192139,18,,,1,29,,1192149,18,,,1,70,,1192142,18,,,1,30,,1192148,18,,,1,70,,1192140,18,,,1,30,,1099730,18,,,1,71,,1192150,18,,,1,30,,1192143,18,,,1,70,,1192151,18,,,1,31,,1054508,18,,,1,71,,1192153,18,,,1,30,,1192138,18,,,1,71,,1192133,18,,,1,30,,1076402,18,,,1,69,,1098922,18,,,1,30,,1192131,18,,,1,70,,1192130,18,,,1,29,,1192141,18,,,1,70,,1192145,18,,,1,30,,1192134,18,,,1,70,,1192132,18,,,1,29,,1192152,18,,,1,70,,1192144,18,,,1,100,,1192136,18,,,1,100,,1192146,18,,,1
16301,'7',739,,1192176,18,,,1,70,,1192172,18,,,1,30,,1192169,18,,,1,70,,1192178,18,,,1,30,,1192160,18,,,1,70,,1192168,18,,,1,30,,1192164,18,,,1,70,,1192171,18,,,1,30,,1192163,18,,,1,70,,1192159,18,,,1,30,,1192177,18,,,1,70,,1192166,18,,,1,30,,1192154,18,,,1,70,,1192170,18,,,1,30,,1192161,18,,,1,70,,1192158,18,,,1,30,,1192155,18,,,1,70,,1192167,18,,,1,30,,1192156,18,,,1,70,,1192162,18,,,1,100,,1192165,18,,,1,100,,1192174,18,,,1,100,,1192157,18,,,1,100,,1192173,18,,,1,100,,1192175,18,,,1
16301,'8',611,,1192206,18,,,1,30,,1192185,18,,,1,70,,1192189,18,,,1,31,,1192209,18,,,1,69,,1192207,18,,,1,31,,1192199,18,,,1,69,,1192191,18,,,1,29,,1192201,18,,,1,70,,1192194,18,,,1,30,,1192200,18,,,1,70,,1192192,18,,,1,30,,1192181,18,,,1,71,,1192202,18,,,1,30,,1192195,18,,,1,70,,1192203,18,,,1,31,,1192187,18,,,1,71,,1192208,18,,,1,30,,1192190,18,,,1,71,,1192183,18,,,1,30,,1192186,18,,,1,69,,1192205,18,,,1,30,,1192180,18,,,1,70,,1192179,18,,,1,29,,1192193,18,,,1,70,,1192197,18,,,1,30,,1192184,18,,,1,70,,1192182,18,,,1,29,,1192204,18,,,1,70,,1192196,18,,,1,100,,1192188,18,,,1,100,,1192198,18,,,1
16301,'9',611,,1192215,18,,,1,30,,1192225,18,,,1,70,,1099934,18,,,1,31,,1192213,18,,,1,69,,1192235,18,,,1,31,,1192212,18,,,1,69,,1192233,18,,,1,29,,1192222,18,,,1,70,,1192236,18,,,1,30,,1192237,18,,,1,70,,1068210,18,,,1,30,,1192224,18,,,1,71,,1192226,18,,,1,30,,1192234,18,,,1,70,,1192211,18,,,1,31,,1192220,18,,,1,71,,1192227,18,,,1,30,,1192217,18,,,1,71,,1192229,18,,,1,30,,1192214,18,,,1,69,,1192210,18,,,1,30,,1192228,18,,,1,70,,1192219,18,,,1,29,,1192230,18,,,1,70,,1192231,18,,,1,30,,1192232,18,,,1,70,,1192221,18,,,1,29,,1192223,18,,,1,70,,1076875,18,,,1,100,,1192218,18,,,1,100,,1192216,18,,,1
