8400,'1',605,,1170200,10,,,1,101,,1170198,10,,,1,101,,1170197,10,,,1,699,,1170199,10,,,1,100,,1170196,10,,,1,100,,1170195,10,,,1
8400,'10',605,,1170206,10,,,1,101,,1170204,10,,,1,101,,1170203,10,,,1,699,,1170205,10,,,1,100,,1170202,10,,,1,100,,1170201,10,,,1
8400,'11',605,,1170212,10,,,1,101,,1170210,10,,,1,101,,1170209,10,,,1,699,,1170211,10,,,1,100,,1170208,10,,,1,100,,1170207,10,,,1
8400,'12',605,,1170214,10,,,1,101,,1101580,10,,,1,101,,1170217,10,,,1,699,,1170213,10,,,1,100,,1170216,10,,,1,100,,1170215,10,,,1
8400,'14',605,,1170223,10,,,1,101,,1170221,10,,,1,101,,1170220,10,,,1,699,,1170222,10,,,1,100,,1170219,10,,,1,100,,1170218,10,,,1
8400,'15',605,,1170225,10,,,1,101,,1170224,10,,,1,101,,1170226,10,,,1,699,,1170229,10,,,1,100,,1170228,10,,,1,100,,1170227,10,,,1
8400,'16',605,,1170232,10,,,1,101,,1170230,10,,,1,101,,1170235,10,,,1,699,,1170231,10,,,1,100,,1170234,10,,,1,100,,1170233,10,,,1
8400,'5',605,,1170241,10,,,1,101,,1170239,10,,,1,101,,1170238,10,,,1,699,,1170240,10,,,1,100,,1170237,10,,,1,100,,1170236,10,,,1
8400,'6',605,,1170243,10,,,1,101,,1170242,10,,,1,101,,1024313,10,,,1,699,,1054282,10,,,1,100,,1170245,10,,,1,100,,1170244,10,,,1
8400,'8',605,,1170248,10,,,1,101,,1170246,10,,,1,101,,1170251,10,,,1,699,,1170247,10,,,1,100,,1170250,10,,,1,100,,1170249,10,,,1
8400,'9',605,,1170257,10,,,1,101,,1170255,10,,,1,101,,1170254,10,,,1,699,,1170256,10,,,1,100,,1170253,10,,,1,100,,1170252,10,,,1
