1001,'1',547,,1112869,27,0,82,1,71,,1112830,27,,,1,38,,1112849,27,,,1,55,,1112826,27,0,82,1,15,,1072359,27,,,1,15,,1112832,27,0,82,1,17,,1112842,27,,,1,54,,1112829,27,0,82,1,16,,1112824,27,,,1,19,,1112850,27,0,82,1,12,,1112837,27,,,1,54,,1112868,27,0,82,1,14,,1077939,27,,,1,15,,1112848,27,0,82,1,13,,1112833,27,,,1,55,,1112853,27,0,82,1,15,,1112839,27,,,1,15,,1112864,27,0,82,1,15,,1112860,27,,,1,56,,1112866,27,0,82,1,14,,1112854,27,,,1,15,,1112831,27,0,82,1,15,,1112862,27,,,1,55,,1080081,27,0,82,1,15,,1112823,27,,,1,15,,1112852,27,0,82,1,15,,1112867,27,,,1,55,,1112859,27,0,82,1,16,,1112841,27,,,1,16,,1112825,27,0,82,1,15,,1112861,27,,,1,56,,1112857,27,0,82,1,16,,1112856,27,,,1,15,,1112858,27,0,82,1,13,,951843,27,,,1,58,,1112845,27,0,82,1,16,,1112863,27,,,1,15,,1112835,27,0,82,1,55,,1077933,27,,,1,16,,1112840,27,0,82,1,14,,1031295,27,,,1,15,,1082906,27,0,82,1,55,,1112846,27,,,1,15,,1018468,27,0,82,1,15,,1112844,27,,,1,15,,1112827,27,0,82,1,57,,1066531,27,,,1,14,,1112865,27,0,82,1,25,,1112851,27,,,1,70,,1112847,27,,,1,30,,1112834,27,,,1,70,,1053778,27,,,1,30,,1112828,27,,,1,70,,1101621,27,,,1,29,,1112843,27,,,1,70,,1112838,27,,,1,27,,1112836,27,,,1,68,,1112855,27,,,1,27,,1083606,27,,,1
1001,'10',547,,1112916,27,0,82,1,71,,1112877,27,,,1,38,,1112896,27,,,1,55,,1112873,27,0,82,1,15,,1072213,27,,,1,15,,1112879,27,0,82,1,17,,1112889,27,,,1,54,,1112876,27,0,82,1,16,,1112871,27,,,1,19,,1112897,27,0,82,1,12,,1112884,27,,,1,54,,1112915,27,0,82,1,14,,1077730,27,,,1,15,,1112895,27,0,82,1,13,,1112880,27,,,1,55,,1112900,27,0,82,1,15,,1112886,27,,,1,15,,1112911,27,0,82,1,15,,1112907,27,,,1,56,,1112913,27,0,82,1,14,,1112901,27,,,1,15,,1112878,27,0,82,1,15,,1112909,27,,,1,55,,1080026,27,0,82,1,15,,1112870,27,,,1,15,,1112899,27,0,82,1,15,,1112914,27,,,1,55,,1112906,27,0,82,1,16,,1112888,27,,,1,16,,1112872,27,0,82,1,15,,1112908,27,,,1,56,,1112904,27,0,82,1,16,,1112903,27,,,1,15,,1112905,27,0,82,1,13,,951665,27,,,1,58,,1112892,27,0,82,1,16,,1112910,27,,,1,15,,1112882,27,0,82,1,55,,1077724,27,,,1,16,,1112887,27,0,82,1,14,,1031379,27,,,1,15,,1082846,27,0,82,1,55,,1112893,27,,,1,15,,1018623,27,0,82,1,15,,1112891,27,,,1,15,,1112874,27,0,82,1,57,,1066309,27,,,1,14,,1112912,27,0,82,1,25,,1112898,27,,,1,70,,1112894,27,,,1,30,,1112881,27,,,1,70,,1053871,27,,,1,30,,1112875,27,,,1,70,,1101529,27,,,1,29,,1112890,27,,,1,70,,1112885,27,,,1,27,,1112883,27,,,1,68,,1112902,27,,,1,27,,1083367,27,,,1
1001,'11',547,,1112963,27,0,82,1,71,,1112924,27,,,1,38,,1112943,27,,,1,55,,1112920,27,0,82,1,15,,1072395,27,,,1,15,,1112926,27,0,82,1,17,,1112936,27,,,1,54,,1112923,27,0,82,1,16,,1112918,27,,,1,19,,1112944,27,0,82,1,12,,1112931,27,,,1,54,,1112962,27,0,82,1,14,,1078002,27,,,1,15,,1112942,27,0,82,1,13,,1112927,27,,,1,55,,1112947,27,0,82,1,15,,1112933,27,,,1,15,,1112958,27,0,82,1,15,,1112954,27,,,1,56,,1112960,27,0,82,1,14,,1112948,27,,,1,15,,1112925,27,0,82,1,15,,1112956,27,,,1,55,,1080099,27,0,82,1,15,,1112917,27,,,1,15,,1112946,27,0,82,1,15,,1112961,27,,,1,55,,1112953,27,0,82,1,16,,1112935,27,,,1,16,,1112919,27,0,82,1,15,,1112955,27,,,1,56,,1112951,27,0,82,1,16,,1112950,27,,,1,15,,1112952,27,0,82,1,13,,951814,27,,,1,58,,1112939,27,0,82,1,16,,1112957,27,,,1,15,,1112929,27,0,82,1,55,,1077996,27,,,1,16,,1112934,27,0,82,1,14,,1031269,27,,,1,15,,1082926,27,0,82,1,55,,1112940,27,,,1,15,,1018423,27,0,82,1,15,,1112938,27,,,1,15,,1112921,27,0,82,1,57,,1066598,27,,,1,14,,1112959,27,0,82,1,25,,1112945,27,,,1,70,,1112941,27,,,1,30,,1112928,27,,,1,70,,1053750,27,,,1,30,,1112922,27,,,1,70,,1101649,27,,,1,29,,1112937,27,,,1,70,,1112932,27,,,1,27,,1112930,27,,,1,68,,1112949,27,,,1,27,,1083676,27,,,1
1001,'12',547,,1113004,27,0,82,1,71,,1112997,27,,,1,38,,1112983,27,,,1,55,,1112979,27,0,82,1,15,,1112974,27,,,1,15,,1112987,27,0,82,1,17,,1112972,27,,,1,54,,1112977,27,0,82,1,16,,1113014,27,,,1,19,,1112990,27,0,82,1,12,,1112992,27,,,1,54,,1113006,27,0,82,1,14,,1112999,27,,,1,15,,1113013,27,0,82,1,13,,1112973,27,,,1,55,,1112968,27,0,82,1,15,,1113011,27,,,1,15,,1113010,27,0,82,1,15,,1112976,27,,,1,56,,1112991,27,0,82,1,14,,1113002,27,,,1,15,,1112988,27,0,82,1,15,,1112996,27,,,1,55,,1112965,27,0,82,1,15,,1113009,27,,,1,15,,1112986,27,0,82,1,15,,1112966,27,,,1,55,,1112970,27,0,82,1,16,,1113007,27,,,1,16,,1112985,27,0,82,1,15,,1112995,27,,,1,56,,1113015,27,0,82,1,16,,1112982,27,,,1,15,,1067955,27,0,82,1,13,,1047520,27,,,1,58,,1113003,27,0,82,1,16,,1032356,27,,,1,15,,1113008,27,0,82,1,55,,1113016,27,,,1,16,,1079509,27,0,82,1,14,,1112980,27,,,1,15,,1112978,27,0,82,1,55,,1113012,27,,,1,15,,1113001,27,0,82,1,15,,1112969,27,,,1,15,,1112998,27,0,82,1,57,,1112989,27,,,1,14,,1112994,27,0,82,1,25,,1112984,27,,,1,70,,1112967,27,,,1,30,,1113000,27,,,1,70,,1026015,27,,,1,30,,1112964,27,,,1,70,,1112971,27,,,1,29,,1112975,27,,,1,70,,1112981,27,,,1,27,,1113005,27,,,1,68,,1076936,27,,,1,27,,1112993,27,,,1
1001,'13',559,,1113033,16,0,82,1,70,,1113043,16,0,82,1,30,,1113024,16,0,82,1,70,,1113032,27,0,82,1,30,,1113027,27,0,82,1,74,,1113040,27,,,1,70,,1113046,27,,,1,30,,1113017,27,,,1,70,,1113047,27,,,1,31,,1113023,27,,,1,70,,1063913,27,,,1,30,,1113038,27,,,1,70,,1113020,27,,,1,31,,1113037,27,,,1,70,,1113022,27,,,1,30,,1113042,27,,,1,70,,1113044,27,,,1,30,,1113021,27,,,1,70,,1113031,27,,,1,30,,1113035,27,,,1,70,,1113048,27,,,1,30,,1113045,27,,,1,70,,1113039,27,,,1,30,,1070813,27,,,1,70,,1091149,27,,,1,30,,1113034,27,,,1,70,,1113026,27,0,82,1,30,,1113019,27,0,82,1,68,,1113018,27,0,82,1,31,,1113041,27,0,82,1,70,,1113028,27,0,82,1,30,,1078199,27,0,82,1,70,,1113036,27,0,82,1,29,,1113025,27,0,82,1,70,,1113029,27,0,82,1,30,,1113030,27,0,82,1
1001,'14',547,,1113104,27,0,82,1,71,,1113063,27,,,1,38,,1113082,27,,,1,55,,1113058,27,0,82,1,15,,1113107,27,,,1,15,,1113065,27,0,82,1,17,,1113075,27,,,1,54,,1113061,27,0,82,1,16,,1113051,27,,,1,19,,1113083,27,0,82,1,12,,1113070,27,,,1,54,,1113103,27,0,82,1,14,,1113056,27,,,1,15,,1113081,27,0,82,1,13,,1113066,27,,,1,55,,1113086,27,0,82,1,15,,1113072,27,,,1,15,,1113097,27,0,82,1,15,,1113093,27,,,1,56,,1113099,27,0,82,1,14,,1113087,27,,,1,15,,1113064,27,0,82,1,15,,1113095,27,,,1,55,,1113054,27,0,82,1,15,,1113050,27,,,1,15,,1113085,27,0,82,1,15,,1113100,27,,,1,55,,1113092,27,0,82,1,16,,1113074,27,,,1,16,,1113055,27,0,82,1,15,,1113094,27,,,1,56,,1113090,27,0,82,1,16,,1113089,27,,,1,15,,1113091,27,0,82,1,13,,1113106,27,,,1,58,,1113078,27,0,82,1,16,,1113096,27,,,1,15,,1113068,27,0,82,1,55,,1113053,27,,,1,16,,1113073,27,0,82,1,14,,1113049,27,,,1,15,,1113057,27,0,82,1,55,,1113079,27,,,1,15,,1113101,27,0,82,1,15,,1113077,27,,,1,15,,1113059,27,0,82,1,57,,1113102,27,,,1,14,,1113098,27,0,82,1,25,,1113084,27,,,1,70,,1113080,27,,,1,30,,1113067,27,,,1,70,,1113052,27,,,1,30,,1113060,27,,,1,70,,1113105,27,,,1,29,,1113076,27,,,1,70,,1113071,27,,,1,27,,1113069,27,,,1,68,,1113088,27,,,1,27,,1113062,27,,,1
1001,'15',547,,1113142,27,0,82,1,71,,1113152,27,,,1,38,,1113116,27,,,1,55,,1113136,27,0,82,1,15,,1113108,27,,,1,15,,1113155,27,0,82,1,17,,1113135,27,,,1,54,,1113111,27,0,82,1,16,,1113110,27,,,1,19,,1113148,27,0,82,1,12,,1113139,27,,,1,54,,1113131,27,0,82,1,14,,1113133,27,,,1,15,,1113123,27,0,82,1,13,,1113109,27,,,1,55,,1113121,27,0,82,1,15,,1113112,27,,,1,15,,1113125,27,0,82,1,15,,1113144,27,,,1,56,,1113146,27,0,82,1,14,,1113156,27,,,1,15,,1113159,27,0,82,1,15,,1113130,27,,,1,55,,1113128,27,0,82,1,15,,1113126,27,,,1,15,,1113154,27,0,82,1,15,,1113115,27,,,1,55,,1113138,27,0,82,1,16,,1113158,27,,,1,16,,1113141,27,0,82,1,15,,1113127,27,,,1,56,,1113140,27,0,82,1,16,,1113145,27,,,1,15,,1113119,27,0,82,1,13,,1113124,27,,,1,58,,1113160,27,0,82,1,16,,1113157,27,,,1,15,,1113151,27,0,82,1,55,,1113163,27,,,1,16,,1113147,27,0,82,1,14,,1113161,27,,,1,15,,1113162,27,0,82,1,55,,1113143,27,,,1,15,,1113149,27,0,82,1,15,,1113134,27,,,1,15,,1113165,27,0,82,1,57,,1113113,27,,,1,14,,1113153,27,0,82,1,25,,1113132,27,,,1,70,,1113150,27,,,1,30,,1113166,27,,,1,70,,1113122,27,,,1,30,,1113129,27,,,1,70,,1113137,27,,,1,29,,1113117,27,,,1,70,,1113120,27,,,1,27,,1113114,27,,,1,68,,1113164,27,,,1,27,,1113118,27,,,1
1001,'16',547,,1113208,27,0,82,1,71,,1113201,27,,,1,38,,1113187,27,,,1,55,,1113183,27,0,82,1,15,,1113178,27,,,1,15,,1113191,27,0,82,1,17,,1113176,27,,,1,54,,1113181,27,0,82,1,16,,1046424,27,,,1,19,,1113194,27,0,82,1,12,,1113196,27,,,1,54,,1113210,27,0,82,1,14,,1113203,27,,,1,15,,1113216,27,0,82,1,13,,1113177,27,,,1,55,,1113171,27,0,82,1,15,,1113214,27,,,1,15,,1063175,27,0,82,1,15,,1113180,27,,,1,56,,1113195,27,0,82,1,14,,1113206,27,,,1,15,,1113192,27,0,82,1,15,,1113200,27,,,1,55,,1113167,27,0,82,1,15,,1113213,27,,,1,15,,1113190,27,0,82,1,15,,945323,27,,,1,55,,1113173,27,0,82,1,16,,1113211,27,,,1,16,,1113189,27,0,82,1,15,,1113199,27,,,1,56,,1113217,27,0,82,1,16,,1113186,27,,,1,15,,1113174,27,0,82,1,13,,1113169,27,,,1,58,,1113207,27,0,82,1,16,,1113168,27,,,1,15,,1113212,27,0,82,1,55,,1113218,27,,,1,16,,1113219,27,0,82,1,14,,1113184,27,,,1,15,,1113182,27,0,82,1,55,,1113215,27,,,1,15,,1113205,27,0,82,1,15,,1073874,27,,,1,15,,1113202,27,0,82,1,57,,1113193,27,,,1,14,,1113198,27,0,82,1,25,,1113188,27,,,1,70,,1113170,27,,,1,30,,1113204,27,,,1,70,,1113220,27,,,1,30,,1099697,27,,,1,70,,1113175,27,,,1,29,,1113179,27,,,1,70,,1113185,27,,,1,27,,1113209,27,,,1,68,,1113172,27,,,1,27,,1113197,27,,,1
1001,'17',559,,1113240,16,0,82,1,70,,1113251,16,0,82,1,30,,1113230,16,0,82,1,70,,1113239,27,0,82,1,30,,1113233,27,0,82,1,74,,1113248,27,,,1,70,,1113254,27,,,1,30,,1113223,27,,,1,70,,1113255,27,,,1,31,,1113229,27,,,1,70,,1113222,27,,,1,30,,1113245,27,,,1,70,,1113226,27,,,1,31,,1113244,27,,,1,70,,1113228,27,,,1,30,,1113250,27,,,1,70,,1113252,27,,,1,30,,1113227,27,,,1,70,,1113238,27,,,1,30,,1113242,27,,,1,70,,1113256,27,,,1,30,,1113253,27,,,1,70,,1113247,27,,,1,30,,1113221,27,,,1,70,,1113236,27,,,1,30,,1113241,27,,,1,70,,1113232,27,0,82,1,30,,1113225,27,0,82,1,68,,1113224,27,0,82,1,31,,1113249,27,0,82,1,70,,1113234,27,0,82,1,30,,1113246,27,0,82,1,70,,1113243,27,0,82,1,29,,1113231,27,0,82,1,70,,1113235,27,0,82,1,30,,1113237,27,0,82,1
1001,'2',553,,1113267,16,0,82,1,70,,1074184,16,0,82,1,30,,1113277,16,0,82,1,71,,1113272,27,0,82,1,35,,1113264,27,0,82,1,72,,1113288,27,0,82,1,70,,1113273,27,,,1,30,,1113279,27,,,1,70,,1113282,27,,,1,31,,1113266,27,,,1,70,,1113260,27,,,1,30,,1113283,27,,,1,70,,1113289,27,,,1,31,,1113259,27,,,1,70,,1113284,27,,,1,30,,1113287,27,,,1,70,,1099907,27,,,1,30,,1113269,27,,,1,70,,1113257,27,,,1,30,,1001732,27,,,1,70,,1113262,27,,,1,30,,1113275,27,,,1,70,,1113271,27,,,1,30,,1113290,27,,,1,70,,1113270,27,,,1,30,,1113281,27,,,1,70,,1113274,27,,,1,30,,1113276,27,,,1,70,,1113285,27,,,1,29,,1113286,27,,,1,70,,1113258,27,,,1,30,,1113263,27,,,1,70,,1113265,27,,,1,29,,1113268,27,,,1,70,,1113261,27,,,1,25,,1077775,27,0,82,1,28,,1049105,27,0,82,1,69,,1113280,27,0,82,1,30,,1113278,27,0,82,1
1001,'3',559,,1113310,16,0,82,1,70,,1113321,16,0,82,1,30,,1113300,16,0,82,1,70,,1113309,27,0,82,1,30,,1113303,27,0,82,1,74,,1113318,27,,,1,70,,1113324,27,,,1,30,,1113293,27,,,1,70,,1113325,27,,,1,31,,1113299,27,,,1,70,,1113292,27,,,1,30,,1113315,27,,,1,70,,1113296,27,,,1,31,,1113314,27,,,1,70,,1113298,27,,,1,30,,1113320,27,,,1,70,,1113322,27,,,1,30,,1113297,27,,,1,70,,1113308,27,,,1,30,,1113312,27,,,1,70,,1113326,27,,,1,30,,1113323,27,,,1,70,,1113317,27,,,1,30,,1113291,27,,,1,70,,1113306,27,,,1,30,,1113311,27,,,1,70,,1113302,27,0,82,1,30,,1113295,27,0,82,1,68,,1113294,27,0,82,1,31,,1113319,27,0,82,1,70,,1113304,27,0,82,1,30,,1113316,27,0,82,1,70,,1113313,27,0,82,1,29,,1113301,27,0,82,1,70,,1113305,27,0,82,1,30,,1113307,27,0,82,1
1001,'4',559,,1113351,16,0,82,1,70,,1113341,16,0,82,1,30,,1113327,16,0,82,1,70,,1113347,27,0,82,1,30,,1113330,27,0,82,1,74,,1113352,27,,,1,70,,1113346,27,,,1,30,,1113331,27,,,1,70,,1113349,27,,,1,31,,1113353,27,,,1,70,,1097747,27,,,1,30,,1113356,27,,,1,70,,1063977,27,,,1,31,,1113348,27,,,1,70,,1084076,27,,,1,30,,1113339,27,,,1,70,,1113357,27,,,1,30,,1113340,27,,,1,70,,1113334,27,,,1,30,,1113336,27,,,1,70,,1113354,27,,,1,30,,1113329,27,,,1,70,,1113342,27,,,1,30,,1113333,27,,,1,70,,1096337,27,,,1,30,,1113338,27,,,1,70,,1113355,27,0,82,1,30,,1113328,27,0,82,1,68,,1113344,27,0,82,1,31,,1113345,27,0,82,1,70,,1113343,27,0,82,1,30,,1113350,27,0,82,1,70,,1113335,27,0,82,1,29,,1113337,27,0,82,1,70,,1113332,27,0,82,1,30,,1051391,27,0,82,1
1001,'5',547,,1113404,27,0,82,1,71,,1113365,27,,,1,38,,1113384,27,,,1,55,,1113361,27,0,82,1,15,,1072338,27,,,1,15,,1113367,27,0,82,1,17,,1113377,27,,,1,54,,1113364,27,0,82,1,16,,1113359,27,,,1,19,,1113385,27,0,82,1,12,,1113372,27,,,1,54,,1113403,27,0,82,1,14,,1077900,27,,,1,15,,1113383,27,0,82,1,13,,1113368,27,,,1,55,,1113388,27,0,82,1,15,,1113374,27,,,1,15,,1113399,27,0,82,1,15,,1113395,27,,,1,56,,1113401,27,0,82,1,14,,1113389,27,,,1,15,,1113366,27,0,82,1,15,,1113397,27,,,1,55,,1080072,27,0,82,1,15,,1113358,27,,,1,15,,1113387,27,0,82,1,15,,1113402,27,,,1,55,,1113394,27,0,82,1,16,,1113376,27,,,1,16,,1113360,27,0,82,1,15,,1113396,27,,,1,56,,1113392,27,0,82,1,16,,1113391,27,,,1,15,,1113393,27,0,82,1,13,,951932,27,,,1,58,,1113380,27,0,82,1,16,,1113398,27,,,1,15,,1113370,27,0,82,1,55,,1077894,27,,,1,16,,1113375,27,0,82,1,14,,1031165,27,,,1,15,,1082886,27,0,82,1,55,,1113381,27,,,1,15,,1018236,27,0,82,1,15,,1113379,27,,,1,15,,1113362,27,0,82,1,57,,1066492,27,,,1,14,,1113400,27,0,82,1,25,,1113386,27,,,1,70,,1113382,27,,,1,30,,1113369,27,,,1,70,,1053629,27,,,1,30,,1113363,27,,,1,70,,1101604,27,,,1,29,,1113378,27,,,1,70,,1113373,27,,,1,27,,1113371,27,,,1,68,,1113390,27,,,1,27,,1083567,27,,,1
1001,'6',547,,1113447,27,0,82,1,71,,1113440,27,,,1,38,,1113426,27,,,1,55,,1113422,27,0,82,1,15,,1113417,27,,,1,15,,1113430,27,0,82,1,17,,1113415,27,,,1,54,,1113420,27,0,82,1,16,,1113453,27,,,1,19,,1113433,27,0,82,1,12,,1113435,27,,,1,54,,1113449,27,0,82,1,14,,1113442,27,,,1,15,,1085724,27,0,82,1,13,,1113416,27,,,1,55,,1067517,27,0,82,1,15,,1039263,27,,,1,15,,1113452,27,0,82,1,15,,1113419,27,,,1,56,,1113434,27,0,82,1,14,,1113445,27,,,1,15,,1113431,27,0,82,1,15,,1113439,27,,,1,55,,1113406,27,0,82,1,15,,1113451,27,,,1,15,,1113429,27,0,82,1,15,,1113408,27,,,1,55,,1065207,27,0,82,1,16,,1007847,27,,,1,16,,1113428,27,0,82,1,15,,1113438,27,,,1,56,,1087015,27,0,82,1,16,,1113425,27,,,1,15,,1113413,27,0,82,1,13,,1113409,27,,,1,58,,1113446,27,0,82,1,16,,1113407,27,,,1,15,,1113450,27,0,82,1,55,,1019505,27,,,1,16,,1113454,27,0,82,1,14,,1113423,27,,,1,15,,1113421,27,0,82,1,55,,1019713,27,,,1,15,,1113444,27,0,82,1,15,,1113412,27,,,1,15,,1113441,27,0,82,1,57,,1113432,27,,,1,14,,1113437,27,0,82,1,25,,1113427,27,,,1,70,,1113410,27,,,1,30,,1113443,27,,,1,70,,1113455,27,,,1,30,,1113405,27,,,1,70,,1113414,27,,,1,29,,1113418,27,,,1,70,,1113424,27,,,1,27,,1113448,27,,,1,68,,1113411,27,,,1,27,,1113436,27,,,1
1001,'7',553,,1113480,16,0,82,1,70,,1113466,16,0,82,1,30,,1113459,16,0,82,1,71,,1113482,27,0,82,1,35,,1113481,27,0,82,1,72,,1113485,27,0,82,1,70,,1113461,27,,,1,30,,1113462,27,,,1,70,,1113457,27,,,1,31,,1113486,27,,,1,70,,1113465,27,,,1,30,,1113456,27,,,1,70,,1113471,27,,,1,31,,1113472,27,,,1,70,,1113475,27,,,1,30,,1113491,27,,,1,70,,1113479,27,,,1,30,,1113488,27,,,1,70,,1113487,27,,,1,30,,1113469,27,,,1,70,,1113473,27,,,1,30,,1113467,27,,,1,70,,1113458,27,,,1,30,,1113493,27,,,1,70,,1113477,27,,,1,30,,1113474,27,,,1,70,,1113464,27,,,1,30,,1113470,27,,,1,70,,1113468,27,,,1,29,,1113492,27,,,1,70,,1113484,27,,,1,30,,1113460,27,,,1,70,,1113478,27,,,1,29,,1113494,27,,,1,70,,1113490,27,,,1,25,,1113489,27,0,82,1,28,,1113476,27,0,82,1,69,,1113483,27,0,82,1,30,,1113463,27,0,82,1
1001,'8',547,,1113539,27,0,82,1,71,,1113532,27,,,1,38,,1113518,27,,,1,55,,1113514,27,0,82,1,15,,1113509,27,,,1,15,,1113522,27,0,82,1,17,,1113507,27,,,1,54,,1113512,27,0,82,1,16,,1113549,27,,,1,19,,1113525,27,0,82,1,12,,1113527,27,,,1,54,,1113541,27,0,82,1,14,,1113534,27,,,1,15,,1113548,27,0,82,1,13,,1113508,27,,,1,55,,1113501,27,0,82,1,15,,1113546,27,,,1,15,,1113545,27,0,82,1,15,,1113511,27,,,1,56,,1113526,27,0,82,1,14,,1113537,27,,,1,15,,1113523,27,0,82,1,15,,1113531,27,,,1,55,,1113496,27,0,82,1,15,,1113544,27,,,1,15,,1113521,27,0,82,1,15,,1113498,27,,,1,55,,1113504,27,0,82,1,16,,1113542,27,,,1,16,,1113520,27,0,82,1,15,,1113530,27,,,1,56,,1113550,27,0,82,1,16,,1113517,27,,,1,15,,1113505,27,0,82,1,13,,1113499,27,,,1,58,,1113538,27,0,82,1,16,,1113497,27,,,1,15,,1113543,27,0,82,1,55,,1113551,27,,,1,16,,1113552,27,0,82,1,14,,1113515,27,,,1,15,,1113513,27,0,82,1,55,,1113547,27,,,1,15,,1113536,27,0,82,1,15,,1113503,27,,,1,15,,1113533,27,0,82,1,57,,1113524,27,,,1,14,,1113529,27,0,82,1,25,,1113519,27,,,1,70,,1113500,27,,,1,30,,1113535,27,,,1,70,,1113553,27,,,1,30,,1113495,27,,,1,70,,1113506,27,,,1,29,,1113510,27,,,1,70,,1113516,27,,,1,27,,1113540,27,,,1,68,,1113502,27,,,1,27,,1113528,27,,,1
1001,'9',547,,1113600,27,0,82,1,71,,1113561,27,,,1,38,,1113580,27,,,1,55,,1113557,27,0,82,1,15,,1072260,27,,,1,15,,1113563,27,0,82,1,17,,1113573,27,,,1,54,,1113560,27,0,82,1,16,,1113555,27,,,1,19,,1113581,27,0,82,1,12,,1113568,27,,,1,54,,1113599,27,0,82,1,14,,1077799,27,,,1,15,,1113579,27,0,82,1,13,,1113564,27,,,1,55,,1113584,27,0,82,1,15,,1113570,27,,,1,15,,1113595,27,0,82,1,15,,1113591,27,,,1,56,,1113597,27,0,82,1,14,,1113585,27,,,1,15,,1113562,27,0,82,1,15,,1113593,27,,,1,55,,1080043,27,0,82,1,15,,1113554,27,,,1,15,,1113583,27,0,82,1,15,,1113598,27,,,1,55,,1113590,27,0,82,1,16,,1113572,27,,,1,16,,1113556,27,0,82,1,15,,1113592,27,,,1,56,,1113588,27,0,82,1,16,,1113587,27,,,1,15,,1113589,27,0,82,1,13,,951903,27,,,1,58,,1113576,27,0,82,1,16,,1113594,27,,,1,15,,1113566,27,0,82,1,55,,1077793,27,,,1,16,,1113571,27,0,82,1,14,,1031321,27,,,1,15,,1082866,27,0,82,1,55,,1113577,27,,,1,15,,1018513,27,0,82,1,15,,1113575,27,,,1,15,,1113558,27,0,82,1,57,,1066376,27,,,1,14,,1113596,27,0,82,1,25,,1113582,27,,,1,70,,1113578,27,,,1,30,,1113565,27,,,1,70,,1053806,27,,,1,30,,1113559,27,,,1,70,,1101556,27,,,1,29,,1113574,27,,,1,70,,1113569,27,,,1,27,,1113567,27,,,1,68,,1113586,27,,,1,27,,1083438,27,,,1
1200,'1',608,,1115288,10,,,1,31,,1115287,10,,,1,69,,1115329,10,,,1,19,,1115285,10,,,1,16,,1115323,10,,,1,16,,1089770,10,,,1,57,,1115304,10,,,1,15,,1115301,10,,,1,15,,1115280,10,,,1,55,,1115275,10,,,1,14,,1115308,10,,,1,15,,1115319,10,,,1,14,,1115302,10,,,1,15,,1115270,10,,,1,56,,1115309,10,,,1,14,,1115272,10,,,1,15,,1066174,10,,,1,15,,1115328,10,,,1,55,,1115332,10,,,1,15,,1115295,10,,,1,15,,1115273,10,,,1,15,,1115297,10,,,1,55,,1115293,10,,,1,15,,1115312,10,,,1,15,,1115306,10,,,1,15,,1115317,10,,,1,55,,1063632,10,,,1,15,,1115282,10,,,1,13,,1115305,10,,,1,16,,1095209,10,,,1,56,,1115307,10,,,1,15,,1094149,10,,,1,30,,1115278,10,,,1,56,,1115314,10,,,1,15,,1115324,10,,,1,15,,1115313,10,,,1,55,,1079554,10,,,1,15,,1115318,10,,,1,33,,1059073,10,,,1,54,,1115321,10,,,1,17,,1115290,10,,,1,15,,1115322,10,,,1,13,,1115310,10,,,1,54,,1036991,10,,,1,12,,1115271,10,,,1,14,,1115316,10,,,1,31,,1115315,10,,,1,71,,1115298,10,,,1,30,,1115326,10,,,1,69,,1115289,10,,,1,31,,1115330,10,,,1,71,,1115300,10,,,1,29,,1115286,10,,,1,69,,1115276,10,,,1,100,,1115274,10,,,1
1200,'10',608,,1115351,10,,,1,31,,1115350,10,,,1,69,,1115392,10,,,1,19,,1115348,10,,,1,16,,1115386,10,,,1,16,,1089627,10,,,1,57,,1115367,10,,,1,15,,1115364,10,,,1,15,,1115343,10,,,1,55,,1115338,10,,,1,14,,1115371,10,,,1,15,,1115382,10,,,1,14,,1115365,10,,,1,15,,1115333,10,,,1,56,,1115372,10,,,1,14,,1115335,10,,,1,15,,1065952,10,,,1,15,,1115391,10,,,1,55,,1115395,10,,,1,15,,1115358,10,,,1,15,,1115336,10,,,1,15,,1115360,10,,,1,55,,1115356,10,,,1,15,,1115375,10,,,1,15,,1115369,10,,,1,15,,1115380,10,,,1,55,,1063328,10,,,1,15,,1115345,10,,,1,13,,1115368,10,,,1,16,,1094963,10,,,1,56,,1115370,10,,,1,15,,1093929,10,,,1,30,,1115341,10,,,1,56,,1115377,10,,,1,15,,1115387,10,,,1,15,,1115376,10,,,1,55,,1079362,10,,,1,15,,1115381,10,,,1,33,,1059089,10,,,1,54,,1115384,10,,,1,17,,1115353,10,,,1,15,,1115385,10,,,1,13,,1115373,10,,,1,54,,1037221,10,,,1,12,,1115334,10,,,1,14,,1115379,10,,,1,31,,1115378,10,,,1,71,,1115361,10,,,1,30,,1115389,10,,,1,69,,1115352,10,,,1,31,,1115393,10,,,1,71,,1115363,10,,,1,29,,1115349,10,,,1,69,,1115339,10,,,1,100,,1115337,10,,,1
1200,'11',608,,1115414,10,,,1,31,,1115413,10,,,1,69,,1115455,10,,,1,19,,1115411,10,,,1,16,,1115449,10,,,1,16,,1089812,10,,,1,57,,1115430,10,,,1,15,,1115427,10,,,1,15,,1115406,10,,,1,55,,1115401,10,,,1,14,,1115434,10,,,1,15,,1115445,10,,,1,14,,1115428,10,,,1,15,,1115396,10,,,1,56,,1115435,10,,,1,14,,1115398,10,,,1,15,,1066245,10,,,1,15,,1115454,10,,,1,55,,1115458,10,,,1,15,,1115421,10,,,1,15,,1115399,10,,,1,15,,1115423,10,,,1,55,,1115419,10,,,1,15,,1115438,10,,,1,15,,1115432,10,,,1,15,,1115443,10,,,1,55,,1063724,10,,,1,15,,1115408,10,,,1,13,,1115431,10,,,1,16,,1095283,10,,,1,56,,1115433,10,,,1,15,,1094212,10,,,1,30,,1115404,10,,,1,56,,1115440,10,,,1,15,,1115450,10,,,1,15,,1115439,10,,,1,55,,1079613,10,,,1,15,,1115444,10,,,1,33,,1059068,10,,,1,54,,1115447,10,,,1,17,,1115416,10,,,1,15,,1115448,10,,,1,13,,1115436,10,,,1,54,,1036924,10,,,1,12,,1115397,10,,,1,14,,1115442,10,,,1,31,,1115441,10,,,1,71,,1115424,10,,,1,30,,1115452,10,,,1,69,,1115415,10,,,1,31,,1115456,10,,,1,71,,1115426,10,,,1,29,,1115412,10,,,1,69,,1115402,10,,,1,100,,1115400,10,,,1
1200,'12',608,,1115492,10,,,1,31,,1115498,10,,,1,69,,1115502,10,,,1,19,,1096706,10,,,1,16,,1115491,10,,,1,16,,1115519,10,,,1,57,,1115522,10,,,1,15,,1115482,10,,,1,15,,1115493,10,,,1,55,,1115494,10,,,1,14,,1115500,10,,,1,15,,1115460,10,,,1,14,,1115488,10,,,1,15,,1115509,10,,,1,56,,1115517,10,,,1,14,,1115459,10,,,1,15,,1115466,10,,,1,15,,1115464,10,,,1,55,,1115511,10,,,1,15,,1115490,10,,,1,15,,1115483,10,,,1,15,,1115480,10,,,1,55,,1115489,10,,,1,15,,1115496,10,,,1,15,,1115468,10,,,1,15,,1115476,10,,,1,55,,902476,10,,,1,15,,1115487,10,,,1,13,,1115472,10,,,1,16,,1115513,10,,,1,56,,1115499,10,,,1,15,,1065739,10,,,1,30,,1115462,10,,,1,56,,1115514,10,,,1,15,,1115474,10,,,1,15,,1115518,10,,,1,55,,1036362,10,,,1,15,,1115470,10,,,1,33,,1115463,10,,,1,54,,1080438,10,,,1,17,,1115479,10,,,1,15,,1115505,10,,,1,13,,1115471,10,,,1,54,,1115501,10,,,1,12,,1115508,10,,,1,14,,1115506,10,,,1,31,,1115504,10,,,1,71,,1115520,10,,,1,30,,1115484,10,,,1,69,,1115481,10,,,1,31,,1115475,10,,,1,71,,1010637,10,,,1,29,,1115478,10,,,1,69,,1115510,10,,,1,100,,1115469,10,,,1
1200,'13',833,,1115546,10,,,1,96,,1115552,10,,,1,102,,1115568,10,,,1,100,,1115571,10,,,1,70,,1115527,10,,,1,30,,1115564,10,,,1,70,,1115539,10,,,1,30,,1115574,10,,,1,70,,1115524,10,,,1,30,,1115549,10,,,1,70,,1115567,10,,,1,30,,1115523,10,,,1,70,,1115545,10,,,1,30,,1115528,10,,,1,70,,1115547,10,,,1,30,,1115554,10,,,1,70,,1115561,10,,,1,43,,1115543,10,,,1
1200,'14',608,,1115600,10,,,1,31,,1115598,10,,,1,69,,1115645,10,,,1,19,,1115596,10,,,1,16,,1115638,10,,,1,16,,1115579,10,,,1,57,,1115617,10,,,1,15,,1115613,10,,,1,15,,1115590,10,,,1,55,,1115584,10,,,1,14,,1115621,10,,,1,15,,1115633,10,,,1,14,,1115614,10,,,1,15,,1115577,10,,,1,56,,1115622,10,,,1,14,,1115580,10,,,1,15,,1115650,10,,,1,15,,1115643,10,,,1,55,,1115649,10,,,1,15,,1115607,10,,,1,15,,1115581,10,,,1,15,,1115609,10,,,1,55,,1115605,10,,,1,15,,1115625,10,,,1,15,,1115619,10,,,1,15,,1115631,10,,,1,55,,1115647,10,,,1,15,,1115592,10,,,1,13,,1115618,10,,,1,16,,1115599,10,,,1,56,,1115620,10,,,1,15,,1115616,10,,,1,30,,1115588,10,,,1,56,,1115628,10,,,1,15,,1115639,10,,,1,15,,1115626,10,,,1,55,,1115582,10,,,1,15,,1115632,10,,,1,33,,1115627,10,,,1,54,,1115635,10,,,1,17,,1115602,10,,,1,15,,1115637,10,,,1,13,,1115623,10,,,1,54,,1115644,10,,,1,12,,1115578,10,,,1,14,,1115630,10,,,1,31,,1115629,10,,,1,71,,1115610,10,,,1,30,,1115641,10,,,1,69,,1115601,10,,,1,31,,1115646,10,,,1,71,,1115612,10,,,1,29,,1115597,10,,,1,69,,1115585,10,,,1,100,,1115583,10,,,1
1200,'15',608,,1115720,10,,,1,31,,1115682,10,,,1,69,,1115689,10,,,1,19,,1115711,10,,,1,16,,1115660,10,,,1,16,,1115673,10,,,1,57,,1115710,10,,,1,15,,1115724,10,,,1,15,,1115703,10,,,1,55,,1115693,10,,,1,14,,1115692,10,,,1,15,,1115697,10,,,1,14,,1115685,10,,,1,15,,1115691,10,,,1,56,,1115659,10,,,1,14,,1115672,10,,,1,15,,1115719,10,,,1,15,,1115690,10,,,1,55,,1115721,10,,,1,15,,1115686,10,,,1,15,,1115661,10,,,1,15,,1115656,10,,,1,55,,1115714,10,,,1,15,,1115712,10,,,1,15,,1115666,10,,,1,15,,1115705,10,,,1,55,,1115725,10,,,1,15,,1115715,10,,,1,13,,1115664,10,,,1,16,,1115665,10,,,1,56,,1115653,10,,,1,15,,1115717,10,,,1,30,,1115652,10,,,1,56,,1115681,10,,,1,15,,1115723,10,,,1,15,,1115657,10,,,1,55,,1115722,10,,,1,15,,1115694,10,,,1,33,,1115654,10,,,1,54,,1115699,10,,,1,17,,1115688,10,,,1,15,,1115706,10,,,1,13,,1115671,10,,,1,54,,1115709,10,,,1,12,,1115669,10,,,1,14,,1115718,10,,,1,31,,1115702,10,,,1,71,,1115676,10,,,1,30,,1115695,10,,,1,69,,1115684,10,,,1,31,,1115667,10,,,1,71,,1115674,10,,,1,29,,1115651,10,,,1,69,,1115658,10,,,1,100,,1115678,10,,,1
1200,'16',608,,1115763,10,,,1,31,,1115770,10,,,1,69,,1115776,10,,,1,19,,1115730,10,,,1,16,,1115762,10,,,1,16,,1115790,10,,,1,57,,970136,10,,,1,15,,1115753,10,,,1,15,,1115764,10,,,1,55,,1115765,10,,,1,14,,1115774,10,,,1,15,,1115727,10,,,1,14,,1115759,10,,,1,15,,1115782,10,,,1,56,,1115788,10,,,1,14,,1115726,10,,,1,15,,1115735,10,,,1,15,,1115729,10,,,1,55,,1096471,10,,,1,15,,1115761,10,,,1,15,,1115754,10,,,1,15,,1115751,10,,,1,55,,1115760,10,,,1,15,,1115767,10,,,1,15,,1115736,10,,,1,15,,1115747,10,,,1,55,,1115734,10,,,1,15,,1115758,10,,,1,13,,1115742,10,,,1,16,,1115785,10,,,1,56,,1115771,10,,,1,15,,1115739,10,,,1,30,,1008750,10,,,1,56,,1115786,10,,,1,15,,1115744,10,,,1,15,,1115789,10,,,1,55,,1115768,10,,,1,15,,1115740,10,,,1,33,,1115728,10,,,1,54,,1115733,10,,,1,17,,1115750,10,,,1,15,,1115779,10,,,1,13,,1115741,10,,,1,54,,1115775,10,,,1,12,,1066193,10,,,1,14,,1115780,10,,,1,31,,1115778,10,,,1,71,,1115791,10,,,1,30,,1115755,10,,,1,69,,1115752,10,,,1,31,,1115745,10,,,1,71,,1115732,10,,,1,29,,1115749,10,,,1,69,,1115783,10,,,1,100,,1115738,10,,,1
1200,'17',833,,1115818,10,,,1,96,,1115824,10,,,1,102,,1115840,10,,,1,100,,1115843,10,,,1,70,,1115798,10,,,1,30,,1115836,10,,,1,70,,1115811,10,,,1,30,,1115846,10,,,1,70,,1115795,10,,,1,30,,1115821,10,,,1,70,,1115839,10,,,1,30,,1115794,10,,,1,70,,1115817,10,,,1,30,,1115799,10,,,1,70,,1115819,10,,,1,30,,1115826,10,,,1,70,,1115833,10,,,1,43,,1115815,10,,,1
1200,'2',850,,1115887,10,,,1,70,,1115878,10,,,1,30,,1115868,10,,,1,70,,1115853,10,,,1,30,,1115908,10,,,1,92,,1115890,10,,,1,8,,1115866,10,,,1,70,,1115879,10,,,1,24,,1115885,10,,,1,76,,1115895,10,,,1,30,,1115905,10,,,1,70,,1115851,10,,,1,30,,1115889,10,,,1,70,,1115849,10,,,1,30,,1115867,10,,,1,70,,1115876,10,,,1,30,,1115875,10,,,1,70,,1115864,10,,,1,30,,1115907,10,,,1,70,,1115852,10,,,1,30,,1115870,10,,,1,70,,1115860,10,,,1,30,,1115857,10,,,1,70,,1115886,10,,,1,30,,1115896,10,,,1,98,,1008377,10,,,1,100,,1115894,10,,,1
1200,'3',833,,1115933,10,,,1,96,,1115939,10,,,1,102,,1115955,10,,,1,100,,1115958,10,,,1,70,,1115913,10,,,1,30,,1115951,10,,,1,70,,1115926,10,,,1,30,,1115961,10,,,1,70,,1115910,10,,,1,30,,1115936,10,,,1,70,,1115954,10,,,1,30,,1115909,10,,,1,70,,1115932,10,,,1,30,,1115914,10,,,1,70,,1115934,10,,,1,30,,1115941,10,,,1,70,,1115948,10,,,1,43,,1115930,10,,,1
1200,'4',833,,1115978,10,,,1,96,,1116004,10,,,1,102,,1115976,10,,,1,100,,1115994,10,,,1,70,,1115996,10,,,1,30,,1115972,10,,,1,70,,1116002,10,,,1,30,,1115964,10,,,1,70,,1115981,10,,,1,30,,1115985,10,,,1,70,,1115987,10,,,1,30,,1115980,10,,,1,70,,1116001,10,,,1,30,,1116010,10,,,1,70,,1116008,10,,,1,30,,1115990,10,,,1,70,,1115995,10,,,1,43,,1116015,10,,,1
1200,'5',608,,1116035,10,,,1,31,,1116034,10,,,1,69,,1116076,10,,,1,19,,1116032,10,,,1,16,,1116070,10,,,1,16,,1089747,10,,,1,57,,1116051,10,,,1,15,,1116048,10,,,1,15,,1116027,10,,,1,55,,1116022,10,,,1,14,,1116055,10,,,1,15,,1116066,10,,,1,14,,1116049,10,,,1,15,,1116017,10,,,1,56,,1116056,10,,,1,14,,1116019,10,,,1,15,,1066133,10,,,1,15,,1116075,10,,,1,55,,1116079,10,,,1,15,,1116042,10,,,1,15,,1116020,10,,,1,15,,1116044,10,,,1,55,,1116040,10,,,1,15,,1116059,10,,,1,15,,1116053,10,,,1,15,,1116064,10,,,1,55,,1063592,10,,,1,15,,1116029,10,,,1,13,,1116052,10,,,1,16,,1095161,10,,,1,56,,1116054,10,,,1,15,,1094110,10,,,1,30,,1116025,10,,,1,56,,1116061,10,,,1,15,,1116071,10,,,1,15,,1116060,10,,,1,55,,1079520,10,,,1,15,,1116065,10,,,1,33,,1059053,10,,,1,54,,1116068,10,,,1,17,,1116037,10,,,1,15,,1116069,10,,,1,13,,1116057,10,,,1,54,,1036576,10,,,1,12,,1116018,10,,,1,14,,1116063,10,,,1,31,,1116062,10,,,1,71,,1116045,10,,,1,30,,1116073,10,,,1,69,,1116036,10,,,1,31,,1116077,10,,,1,71,,1116047,10,,,1,29,,1116033,10,,,1,69,,1116023,10,,,1,100,,1116021,10,,,1
1200,'6',608,,1116114,10,,,1,31,,1116120,10,,,1,69,,1116126,10,,,1,19,,1116083,10,,,1,16,,1116113,10,,,1,16,,1069900,10,,,1,57,,1116145,10,,,1,15,,1116104,10,,,1,15,,1029727,10,,,1,55,,1116115,10,,,1,14,,1116124,10,,,1,15,,948157,10,,,1,14,,1116110,10,,,1,15,,1116133,10,,,1,56,,1088322,10,,,1,14,,1116080,10,,,1,15,,1097568,10,,,1,15,,1063735,10,,,1,55,,1116135,10,,,1,15,,1116112,10,,,1,15,,1116105,10,,,1,15,,1116102,10,,,1,55,,1116111,10,,,1,15,,1116117,10,,,1,15,,1116088,10,,,1,15,,1043988,10,,,1,55,,1116086,10,,,1,15,,1116109,10,,,1,13,,1116094,10,,,1,16,,1116137,10,,,1,56,,1116121,10,,,1,15,,1116091,10,,,1,30,,1116082,10,,,1,56,,1116138,10,,,1,15,,1116096,10,,,1,15,,1116141,10,,,1,55,,1116118,10,,,1,15,,1116092,10,,,1,33,,1047675,10,,,1,54,,1116085,10,,,1,17,,1116101,10,,,1,15,,1116129,10,,,1,13,,1116093,10,,,1,54,,1116125,10,,,1,12,,1116132,10,,,1,14,,1116130,10,,,1,31,,1116128,10,,,1,71,,1116142,10,,,1,30,,1116106,10,,,1,69,,1116103,10,,,1,31,,1116097,10,,,1,71,,1116084,10,,,1,29,,1116100,10,,,1,69,,1116134,10,,,1,100,,1116090,10,,,1
1200,'7',850,,1116176,10,,,1,70,,1116174,10,,,1,30,,1116147,10,,,1,70,,1116162,10,,,1,30,,1116206,10,,,1,92,,1116197,10,,,1,8,,1116210,10,,,1,70,,1116202,10,,,1,24,,1116180,10,,,1,76,,1116157,10,,,1,30,,1116194,10,,,1,70,,1116171,10,,,1,30,,1116152,10,,,1,70,,1116163,10,,,1,30,,1116154,10,,,1,70,,1116168,10,,,1,30,,1116151,10,,,1,70,,1116153,10,,,1,30,,1116207,10,,,1,70,,1116213,10,,,1,30,,1116193,10,,,1,70,,1116148,10,,,1,30,,1116198,10,,,1,70,,1116199,10,,,1,30,,1116178,10,,,1,98,,1116182,10,,,1,100,,1116170,10,,,1
1200,'8',608,,1116254,10,,,1,31,,1116261,10,,,1,69,,1116267,10,,,1,19,,1116220,10,,,1,16,,1116253,10,,,1,16,,1116284,10,,,1,57,,1116288,10,,,1,15,,1116244,10,,,1,15,,1116255,10,,,1,55,,1116256,10,,,1,14,,1116265,10,,,1,15,,1116215,10,,,1,14,,1116250,10,,,1,15,,1116274,10,,,1,56,,1116282,10,,,1,14,,1116214,10,,,1,15,,1116225,10,,,1,15,,1116219,10,,,1,55,,1116276,10,,,1,15,,1116252,10,,,1,15,,1116245,10,,,1,15,,1116242,10,,,1,55,,1116251,10,,,1,15,,1116258,10,,,1,15,,1116227,10,,,1,15,,1116238,10,,,1,55,,1116224,10,,,1,15,,1116249,10,,,1,13,,1116233,10,,,1,16,,1116278,10,,,1,56,,1116262,10,,,1,15,,1116230,10,,,1,30,,1116217,10,,,1,56,,1116279,10,,,1,15,,1116235,10,,,1,15,,1116283,10,,,1,55,,1116259,10,,,1,15,,1116231,10,,,1,33,,1116218,10,,,1,54,,1116223,10,,,1,17,,1116241,10,,,1,15,,1116270,10,,,1,13,,1116232,10,,,1,54,,1116266,10,,,1,12,,1116273,10,,,1,14,,1116271,10,,,1,31,,1116269,10,,,1,71,,1116285,10,,,1,30,,1116246,10,,,1,69,,1116243,10,,,1,31,,1116236,10,,,1,71,,1116222,10,,,1,29,,1116240,10,,,1,69,,1116275,10,,,1,100,,1116229,10,,,1
1200,'9',608,,1116307,10,,,1,31,,1116306,10,,,1,69,,1116348,10,,,1,19,,1116304,10,,,1,16,,1116342,10,,,1,16,,1089672,10,,,1,57,,1116323,10,,,1,15,,1116320,10,,,1,15,,1116299,10,,,1,55,,1116294,10,,,1,14,,1116327,10,,,1,15,,1116338,10,,,1,14,,1116321,10,,,1,15,,1116289,10,,,1,56,,1116328,10,,,1,14,,1116291,10,,,1,15,,1066024,10,,,1,15,,1116347,10,,,1,55,,1116351,10,,,1,15,,1116314,10,,,1,15,,1116292,10,,,1,15,,1116316,10,,,1,55,,1116312,10,,,1,15,,1116331,10,,,1,15,,1116325,10,,,1,15,,1116336,10,,,1,55,,1063421,10,,,1,15,,1116301,10,,,1,13,,1116324,10,,,1,16,,1095037,10,,,1,56,,1116326,10,,,1,15,,1093999,10,,,1,30,,1116297,10,,,1,56,,1116333,10,,,1,15,,1116343,10,,,1,15,,1116332,10,,,1,55,,1079421,10,,,1,15,,1116337,10,,,1,33,,1059078,10,,,1,54,,1116340,10,,,1,17,,1116309,10,,,1,15,,1116341,10,,,1,13,,1116329,10,,,1,54,,1037058,10,,,1,12,,1116290,10,,,1,14,,1116335,10,,,1,31,,1116334,10,,,1,71,,1116317,10,,,1,30,,1116345,10,,,1,69,,1116308,10,,,1,31,,1116349,10,,,1,71,,1116319,10,,,1,29,,1116305,10,,,1,69,,1116295,10,,,1,100,,1116293,10,,,1
5700,'1',2512,,1150280,28,0,66 67,1,30,,1150273,28,0,66 67,1,70,,1150272,28,0,66 67,1,35,,1055129,28,0,66 67,1
5700,'10',2512,,1150323,28,0,66 67,1,30,,1150316,28,0,66 67,1,70,,1150315,28,0,66 67,1,35,,1055192,28,0,66 67,1
5700,'11',2512,,1150366,28,0,66 67,1,30,,1150359,28,0,66 67,1,70,,1150358,28,0,66 67,1,35,,1055113,28,0,66 67,1
5700,'12',2512,,1150417,28,0,66 67,1,30,,1150438,28,0,66 67,1,70,,1150432,28,0,66 67,1,35,,1150421,28,0,66 67,1
5700,'13',642,,1150463,28,0,66 67,1,70,,1150445,28,0,66 67,1,30,,1150452,28,0,66 67,1,1599,,1150459,28,0,66 67,1
5700,'14',2512,,1150486,28,0,66 67,1,30,,1150479,28,0,66 67,1,70,,1150478,28,0,66 67,1,35,,1150489,28,0,66 67,1
5700,'15',2512,,1150557,28,0,66 67,1,30,,1150525,28,0,66 67,1,70,,1150522,28,0,66 67,1,35,,1150533,28,0,66 67,1
5700,'16',2512,,1150590,28,0,66 67,1,30,,1150609,28,0,66 67,1,70,,1150604,28,0,66 67,1,35,,1150594,28,0,66 67,1
5700,'17',642,,1150633,28,0,66 67,1,70,,1150615,28,0,66 67,1,30,,1150622,28,0,66 67,1,1599,,1150629,28,0,66 67,1
5700,'2',537,,1150644,28,0,66 67,1
5700,'3',642,,1150676,28,0,66 67,1,70,,1150658,28,0,66 67,1,30,,1150665,28,0,66 67,1,1599,,1150672,28,0,66 67,1
5700,'4',642,,1150685,28,0,66 67,1,70,,1150686,28,0,66 67,1,30,,1150682,28,0,66 67,1,1599,,1150684,28,0,66 67,1
5700,'5',2512,,1150719,28,0,66 67,1,30,,1150712,28,0,66 67,1,70,,1150711,28,0,66 67,1,35,,1055002,28,0,66 67,1
5700,'6',2512,,1150770,28,0,66 67,1,30,,1028810,28,0,66 67,1,70,,1069897,28,0,66 67,1,35,,1150774,28,0,66 67,1
5700,'7',537,,1150808,28,0,66 67,1
5700,'8',2512,,1150838,28,0,66 67,1,30,,1150859,28,0,66 67,1,70,,1150853,28,0,66 67,1,35,,1150842,28,0,66 67,1
5700,'9',2512,,1150880,28,0,66 67,1,30,,1150873,28,0,66 67,1,70,,1150872,28,0,66 67,1,35,,1055145,28,0,66 67,1
6100,'1',447,,1153219,29,0,66 67,1,2086,,1153205,68,0,66 67,1,72,,1153204,29,0,66 67,1,30,,1153200,29,0,66 67,1,70,,1153221,29,0,66 67,1,28,,1153215,29,0,66 67,1
6100,'10',447,,1153268,29,0,66 67,1,2086,,1153254,68,0,66 67,1,72,,1153253,29,0,66 67,1,30,,1153249,29,0,66 67,1,70,,1153270,29,0,66 67,1,28,,1153264,29,0,66 67,1
6100,'11',447,,1153317,29,0,66 67,1,2086,,1153303,68,0,66 67,1,72,,1153302,29,0,66 67,1,30,,1153298,29,0,66 67,1,70,,1153319,29,0,66 67,1,28,,1153313,29,0,66 67,1
6100,'12',447,,1153360,29,0,66 67,1,2086,,1153364,68,0,66 67,1,72,,1153335,29,0,66 67,1,30,,1153343,29,0,66 67,1,70,,1153356,29,0,66 67,1,28,,1153351,29,0,66 67,1
6100,'13',626,,1153401,29,0,66 67,1,32,,1153400,29,0,66 67,1,70,,1153407,68,0,66 67,1,1606,,1153396,68,0,66 67,1,69,,1153389,29,0,66 67,1,30,,1153403,68,0,66 67,1,70,,1153398,29,0,66 67,1,30,,1153415,29,0,66 67,1,70,,1153380,29,0,66 67,1,30,,1153412,29,0,66 67,1,70,,1153406,29,0,66 67,1
6100,'14',447,,1153463,29,0,66 67,1,2086,,1153449,68,0,66 67,1,72,,1153448,29,0,66 67,1,30,,1153442,29,0,66 67,1,70,,1153465,29,0,66 67,1,28,,1153459,29,0,66 67,1
6100,'15',447,,1153513,29,0,66 67,1,2086,,1153501,68,0,66 67,1,72,,1153486,29,0,66 67,1,30,,1153508,29,0,66 67,1,70,,1153498,29,0,66 67,1,28,,1153528,29,0,66 67,1
6100,'16',447,,1153570,29,0,66 67,1,2086,,1153574,68,0,66 67,1,72,,1087599,29,0,66 67,1,30,,1153553,29,0,66 67,1,70,,1153566,29,0,66 67,1,28,,1153561,29,0,66 67,1
6100,'17',626,,1153613,29,0,66 67,1,32,,1153612,29,0,66 67,1,70,,1153619,68,0,66 67,1,1606,,1153608,68,0,66 67,1,69,,1153600,29,0,66 67,1,30,,1153615,68,0,66 67,1,70,,1153610,29,0,66 67,1,30,,1153627,29,0,66 67,1,70,,1153591,29,0,66 67,1,30,,1153624,29,0,66 67,1,70,,1153618,29,0,66 67,1
6100,'2',2617,,1153665,29,0,66 67,1,30,,1153649,29,0,66 67,1,70,,1153637,29,0,66 67,1
6100,'3',626,,1153693,29,0,66 67,1,32,,1153692,29,0,66 67,1,70,,1153699,68,0,66 67,1,1606,,1153688,68,0,66 67,1,69,,1153680,29,0,66 67,1,30,,1153695,68,0,66 67,1,70,,1153690,29,0,66 67,1,30,,1153707,29,0,66 67,1,70,,1153671,29,0,66 67,1,30,,1153704,29,0,66 67,1,70,,1153698,29,0,66 67,1
6100,'4',626,,1153737,29,0,66 67,1,32,,1153747,29,0,66 67,1,70,,1153735,68,0,66 67,1,1606,,1153729,68,0,66 67,1,69,,1153733,29,0,66 67,1,30,,1153722,68,0,66 67,1,70,,1153715,29,0,66 67,1,30,,1092367,29,0,66 67,1,70,,1153743,29,0,66 67,1,30,,1153713,29,0,66 67,1,70,,1073178,29,0,66 67,1
6100,'5',447,,1153791,29,0,66 67,1,2086,,1153777,68,0,66 67,1,72,,1153776,29,0,66 67,1,30,,1153772,29,0,66 67,1,70,,1153793,29,0,66 67,1,28,,1153787,29,0,66 67,1
6100,'6',447,,1153833,29,0,66 67,1,2086,,1153837,68,0,66 67,1,72,,1153809,29,0,66 67,1,30,,1153817,29,0,66 67,1,70,,1153829,29,0,66 67,1,28,,1153823,29,0,66 67,1
6100,'7',2617,,1153880,29,0,66 67,1,30,,1153853,29,0,66 67,1,70,,1153875,29,0,66 67,1
6100,'8',447,,1153934,29,0,66 67,1,2086,,1153938,68,0,66 67,1,72,,1153907,29,0,66 67,1,30,,1153916,29,0,66 67,1,70,,1153930,29,0,66 67,1,28,,1153924,29,0,66 67,1
6100,'9',447,,1153995,29,0,66 67,1,2086,,1153981,68,0,66 67,1,72,,1153980,29,0,66 67,1,30,,1153976,29,0,66 67,1,70,,1153997,29,0,66 67,1,28,,1153991,29,0,66 67,1
7500,'1',415,,1060869,29,0,66 67,1,26,,1089192,29,0,66 67,1,2071,,1163739,29,0,66 67,1,29,,1163726,29,0,66 67,1,69,,1003826,29,0,66 67,1,29,,1163719,29,0,66 67,1,70,,1163763,29,0,66 67,1,40,,1163752,29,0,66 67,1
7500,'10',415,,1060875,29,0,66 67,1,26,,1088997,29,0,66 67,1,2071,,1163818,29,0,66 67,1,29,,1163805,29,0,66 67,1,69,,1003983,29,0,66 67,1,29,,1163798,29,0,66 67,1,70,,1163842,29,0,66 67,1,40,,1163831,29,0,66 67,1
7500,'11',415,,1060867,29,0,66 67,1,26,,1089247,29,0,66 67,1,2071,,1163897,29,0,66 67,1,29,,1163884,29,0,66 67,1,69,,1003778,29,0,66 67,1,29,,1163877,29,0,66 67,1,70,,1163921,29,0,66 67,1,40,,1163910,29,0,66 67,1
7500,'12',415,,1163952,29,0,66 67,1,26,,1163949,29,0,66 67,1,2071,,1163947,29,0,66 67,1,29,,1164001,29,0,66 67,1,69,,1163940,29,0,66 67,1,29,,1163944,29,0,66 67,1,70,,1163970,29,0,66 67,1,40,,1163950,29,0,66 67,1
7500,'13',419,,1164077,29,0,66 67,1,31,,1164023,29,0,66 67,1,70,,1164071,29,0,66 67,1,30,,1164080,29,0,66 67,1,70,,1164079,29,0,66 67,1,31,,1164058,29,0,66 67,1,70,,1164027,29,0,66 67,1,20,,1164031,29,0,66 67,1,1582,,1164030,29,0,66 67,1,30,,1164085,29,0,66 67,1,70,,1164045,29,0,66 67,1,30,,1164032,29,0,66 67,1,70,,993894,29,0,66 67,1,30,,1164090,29,0,66 67,1,70,,1164076,29,0,66 67,1,30,,1164087,29,0,66 67,1,70,,1164086,29,0,66 67,1
7500,'14',415,,1164159,29,0,66 67,1,26,,1164096,29,0,66 67,1,2071,,1164136,29,0,66 67,1,29,,1164123,29,0,66 67,1,69,,1164176,29,0,66 67,1,29,,1164116,29,0,66 67,1,70,,1164161,29,0,66 67,1,40,,1164149,29,0,66 67,1
7500,'15',415,,1164190,29,0,66 67,1,26,,1164254,29,0,66 67,1,2071,,1164196,29,0,66 67,1,29,,1164184,29,0,66 67,1,69,,1164238,29,0,66 67,1,29,,1164240,29,0,66 67,1,70,,1164272,29,0,66 67,1,40,,1164208,29,0,66 67,1
7500,'16',415,,1164291,29,0,66 67,1,26,,1164288,29,0,66 67,1,2071,,1164286,29,0,66 67,1,29,,1164339,29,0,66 67,1,69,,1073043,29,0,66 67,1,29,,1164283,29,0,66 67,1,70,,1164308,29,0,66 67,1,40,,1164289,29,0,66 67,1
7500,'17',419,,1164417,29,0,66 67,1,31,,1164361,29,0,66 67,1,70,,1164411,29,0,66 67,1,30,,1164420,29,0,66 67,1,70,,1164419,29,0,66 67,1,31,,1164398,29,0,66 67,1,70,,1164365,29,0,66 67,1,20,,1164371,29,0,66 67,1,1582,,1164370,29,0,66 67,1,30,,1164425,29,0,66 67,1,70,,1164385,29,0,66 67,1,30,,1164372,29,0,66 67,1,70,,1164427,29,0,66 67,1,30,,1164434,29,0,66 67,1,70,,1164416,29,0,66 67,1,30,,1164430,29,0,66 67,1,70,,1164429,29,0,66 67,1
7500,'2',413,,1164474,29,0,66 67,1,30,,1164489,29,0,66 67,1,70,,1164484,29,0,66 67,1,30,,1164483,29,0,66 67,1,2080,,1164459,29,0,66 67,1,30,,1164510,29,0,66 67,1,70,,1164493,29,0,66 67,1,30,,1164442,29,0,66 67,1
7500,'3',419,,1164568,29,0,66 67,1,31,,1164512,29,0,66 67,1,70,,1164562,29,0,66 67,1,30,,1164571,29,0,66 67,1,70,,1164570,29,0,66 67,1,31,,1164549,29,0,66 67,1,70,,1164516,29,0,66 67,1,20,,1164522,29,0,66 67,1,1582,,1164521,29,0,66 67,1,30,,1164576,29,0,66 67,1,70,,1164536,29,0,66 67,1,30,,1164523,29,0,66 67,1,70,,1164578,29,0,66 67,1,30,,1164585,29,0,66 67,1,70,,1164567,29,0,66 67,1,30,,1164581,29,0,66 67,1,70,,1164580,29,0,66 67,1
7500,'4',419,,1164644,29,0,66 67,1,31,,1164626,29,0,66 67,1,70,,1164597,29,0,66 67,1,30,,1164615,29,0,66 67,1,70,,1164651,29,0,66 67,1,31,,1164622,29,0,66 67,1,70,,1164653,29,0,66 67,1,20,,1164621,29,0,66 67,1,1582,,1164627,29,0,66 67,1,30,,1164598,29,0,66 67,1,70,,1164600,29,0,66 67,1,30,,1164633,29,0,66 67,1,70,,1164588,29,0,66 67,1,30,,1164631,29,0,66 67,1,70,,1164630,29,0,66 67,1,30,,1164628,29,0,66 67,1,70,,1079033,29,0,66 67,1
7500,'5',415,,1060861,29,0,66 67,1,26,,1089154,29,0,66 67,1,2071,,1164694,29,0,66 67,1,29,,1164681,29,0,66 67,1,69,,1003557,29,0,66 67,1,29,,1164674,29,0,66 67,1,70,,1164718,29,0,66 67,1,40,,1164707,29,0,66 67,1
7500,'6',415,,1164746,29,0,66 67,1,26,,1164743,29,0,66 67,1,2071,,1164741,29,0,66 67,1,29,,1164796,29,0,66 67,1,69,,1164736,29,0,66 67,1,29,,1064754,29,0,66 67,1,70,,1164764,29,0,66 67,1,40,,1164744,29,0,66 67,1
7500,'7',413,,1164850,29,0,66 67,1,30,,1164886,29,0,66 67,1,70,,1164877,29,0,66 67,1,30,,1164864,29,0,66 67,1,2080,,1164888,29,0,66 67,1,30,,1164840,29,0,66 67,1,70,,1164847,29,0,66 67,1,30,,1164895,29,0,66 67,1
7500,'8',415,,1164913,29,0,66 67,1,26,,1164910,29,0,66 67,1,2071,,1164908,29,0,66 67,1,29,,1164963,29,0,66 67,1,69,,1164898,29,0,66 67,1,29,,1164905,29,0,66 67,1,70,,1164931,29,0,66 67,1,40,,1164911,29,0,66 67,1
7500,'9',415,,1060871,29,0,66 67,1,26,,1089060,29,0,66 67,1,2071,,1165026,29,0,66 67,1,29,,1165013,29,0,66 67,1,69,,1003874,29,0,66 67,1,29,,1165006,29,0,66 67,1,70,,1165050,29,0,66 67,1,40,,1165039,29,0,66 67,1
