8700,'1',602,,1173597,8,,,1,30,,1173572,8,,,1,19,,1173555,8,,,1,57,,1173584,8,,,1,12,,1173553,8,,,1,15,,1015984,8,,,1,21,,1173569,18,,,1,53,,1173557,8,,,1,17,,1173582,18,,,1,18,,1173593,18,,,1,56,,1173558,18,,,1,15,,1173591,18,,,1,13,,1173571,18,,,1,15,,1173556,18,,,1,15,,1173585,18,,,1,55,,1173561,18,,,1,15,,1085578,18,,,1,15,,1173576,18,,,1,15,,1173580,18,,,1,55,,1034751,18,,,1,15,,1173559,18,,,1,15,,1173577,18,,,1,15,,1173567,18,,,1,55,,1173565,18,,,1,15,,1173586,18,,,1,15,,1173564,18,,,1,15,,1009386,18,,,1,56,,1173587,18,,,1,15,,1173554,18,,,1,15,,1173590,18,,,1,15,,1173592,18,,,1,55,,1173596,18,,,1,15,,1103228,18,,,1,15,,1173579,18,,,1,15,,1173568,18,,,1,55,,1173551,18,,,1,17,,1013392,18,,,1,15,,1173570,18,,,1,56,,1173581,18,,,1,15,,1173589,18,,,1,15,,1173560,18,,,1,15,,1173578,18,,,1,56,,1173574,18,,,1,29,,1173594,18,,,1,70,,1173583,18,,,1,27,,1173566,18,,,1,30,,1173588,18,,,1,69,,1173562,18,,,1,28,,1173575,18,,,1,73,,1173563,18,,,1,29,,1173552,18,,,1,70,,1173595,18,,,1,30,,1173573,18,,,1
8700,'10',602,,1173644,8,,,1,30,,1173619,8,,,1,19,,1173602,8,,,1,57,,1173631,8,,,1,12,,1173600,8,,,1,15,,1016184,8,,,1,21,,1173616,18,,,1,53,,1173604,8,,,1,17,,1173629,18,,,1,18,,1173640,18,,,1,56,,1173605,18,,,1,15,,1173638,18,,,1,13,,1173618,18,,,1,15,,1173603,18,,,1,15,,1173632,18,,,1,55,,1173608,18,,,1,15,,1085321,18,,,1,15,,1173623,18,,,1,15,,1173627,18,,,1,55,,1034886,18,,,1,15,,1173606,18,,,1,15,,1173624,18,,,1,15,,1173614,18,,,1,55,,1173612,18,,,1,15,,1173633,18,,,1,15,,1173611,18,,,1,15,,1009433,18,,,1,56,,1173634,18,,,1,15,,1173601,18,,,1,15,,1173637,18,,,1,15,,1173639,18,,,1,55,,1173643,18,,,1,15,,1103222,18,,,1,15,,1173626,18,,,1,15,,1173615,18,,,1,55,,1173598,18,,,1,17,,1013475,18,,,1,15,,1173617,18,,,1,56,,1173628,18,,,1,15,,1173636,18,,,1,15,,1173607,18,,,1,15,,1173625,18,,,1,56,,1173621,18,,,1,29,,1173641,18,,,1,70,,1173630,18,,,1,27,,1173613,18,,,1,30,,1173635,18,,,1,69,,1173609,18,,,1,28,,1173622,18,,,1,73,,1173610,18,,,1,29,,1173599,18,,,1,70,,1173642,18,,,1,30,,1173620,18,,,1
8700,'11',602,,1173691,8,,,1,30,,1173666,8,,,1,19,,1173649,8,,,1,57,,1173678,8,,,1,12,,1173647,8,,,1,15,,1015924,8,,,1,21,,1173663,18,,,1,53,,1173651,8,,,1,17,,1173676,18,,,1,18,,1173687,18,,,1,56,,1173652,18,,,1,15,,1173685,18,,,1,13,,1173665,18,,,1,15,,1173650,18,,,1,15,,1173679,18,,,1,55,,1173655,18,,,1,15,,1085658,18,,,1,15,,1173670,18,,,1,15,,1173674,18,,,1,55,,1034713,18,,,1,15,,1173653,18,,,1,15,,1173671,18,,,1,15,,1173661,18,,,1,55,,1173659,18,,,1,15,,1173680,18,,,1,15,,1173658,18,,,1,15,,1009372,18,,,1,56,,1173681,18,,,1,15,,1173648,18,,,1,15,,1173684,18,,,1,15,,1173686,18,,,1,55,,1173690,18,,,1,15,,1103230,18,,,1,15,,1173673,18,,,1,15,,1173662,18,,,1,55,,1173645,18,,,1,17,,1013368,18,,,1,15,,1173664,18,,,1,56,,1173675,18,,,1,15,,1173683,18,,,1,15,,1173654,18,,,1,15,,1173672,18,,,1,56,,1173668,18,,,1,29,,1173688,18,,,1,70,,1173677,18,,,1,27,,1173660,18,,,1,30,,1173682,18,,,1,69,,1173656,18,,,1,28,,1173669,18,,,1,73,,1173657,18,,,1,29,,1173646,18,,,1,70,,1173689,18,,,1,30,,1173667,18,,,1
8700,'12',602,,1173732,8,,,1,30,,1173696,8,,,1,19,,1173711,8,,,1,57,,1075867,8,,,1,12,,1173715,8,,,1,15,,1088661,8,,,1,21,,1173704,18,,,1,53,,1173724,8,,,1,17,,1173721,18,,,1,18,,1173727,18,,,1,56,,1173738,18,,,1,15,,1173720,18,,,1,13,,1173701,18,,,1,15,,1173709,18,,,1,15,,1173733,18,,,1,55,,1173698,18,,,1,15,,1173716,18,,,1,15,,1173737,18,,,1,15,,1173723,18,,,1,55,,1173734,18,,,1,15,,1173740,18,,,1,15,,1173703,18,,,1,15,,1173717,18,,,1,55,,1173739,18,,,1,15,,1173725,18,,,1,15,,1173705,18,,,1,15,,1173728,18,,,1,56,,1173708,18,,,1,15,,1173735,18,,,1,15,,1173719,18,,,1,15,,1173693,18,,,1,55,,1173713,18,,,1,15,,1173731,18,,,1,15,,1173718,18,,,1,15,,1064400,18,,,1,55,,1173699,18,,,1,17,,1173697,18,,,1,15,,1095135,18,,,1,56,,1173707,18,,,1,15,,1173702,18,,,1,15,,1173730,18,,,1,15,,1173729,18,,,1,56,,1173700,18,,,1,29,,1173695,18,,,1,70,,1173736,18,,,1,27,,1173712,18,,,1,30,,1173726,18,,,1,69,,1173706,18,,,1,28,,1173694,18,,,1,73,,1173692,18,,,1,29,,1173722,18,,,1,70,,1173710,18,,,1,30,,1173714,18,,,1
8700,'14',602,,1173807,8,,,1,30,,1173780,8,,,1,19,,1173760,8,,,1,57,,1173792,8,,,1,12,,1173757,8,,,1,15,,1173803,8,,,1,21,,1173777,18,,,1,53,,1173762,8,,,1,17,,1173790,18,,,1,18,,1173801,18,,,1,56,,1173763,18,,,1,15,,1173799,18,,,1,13,,1173779,18,,,1,15,,1173761,18,,,1,15,,1173793,18,,,1,55,,1173768,18,,,1,15,,1173759,18,,,1,15,,1173784,18,,,1,15,,1173788,18,,,1,55,,1173767,18,,,1,15,,1173764,18,,,1,15,,1173785,18,,,1,15,,1173775,18,,,1,55,,1173773,18,,,1,15,,1173794,18,,,1,15,,1173772,18,,,1,15,,1173769,18,,,1,56,,1173795,18,,,1,15,,1173758,18,,,1,15,,1173798,18,,,1,15,,1173800,18,,,1,55,,1173806,18,,,1,15,,1173804,18,,,1,15,,1173787,18,,,1,15,,1173776,18,,,1,55,,1173755,18,,,1,17,,1173765,18,,,1,15,,1173778,18,,,1,56,,1173789,18,,,1,15,,1173797,18,,,1,15,,1173766,18,,,1,15,,1173786,18,,,1,56,,1173782,18,,,1,29,,1173802,18,,,1,70,,1173791,18,,,1,27,,1173774,18,,,1,30,,1173796,18,,,1,69,,1173770,18,,,1,28,,1173783,18,,,1,73,,1173771,18,,,1,29,,1173756,18,,,1,70,,1173805,18,,,1,30,,1173781,18,,,1
8700,'15',602,,1173808,8,,,1,30,,1173839,8,,,1,19,,1173851,8,,,1,57,,1173859,8,,,1,12,,1173833,8,,,1,15,,1173841,8,,,1,21,,1173850,18,,,1,53,,1173809,8,,,1,17,,1173830,18,,,1,18,,1173824,18,,,1,56,,1173816,18,,,1,15,,1173857,18,,,1,13,,1173811,18,,,1,15,,1173834,18,,,1,15,,1173855,18,,,1,55,,1173813,18,,,1,15,,1173856,18,,,1,15,,1173818,18,,,1,15,,1173814,18,,,1,55,,1173848,18,,,1,15,,1173828,18,,,1,15,,1173852,18,,,1,15,,1173821,18,,,1,55,,1173846,18,,,1,15,,1173810,18,,,1,15,,1173854,18,,,1,15,,1173832,18,,,1,56,,1173843,18,,,1,15,,1173860,18,,,1,15,,1173820,18,,,1,15,,1173836,18,,,1,55,,1173831,18,,,1,15,,1173844,18,,,1,15,,1173858,18,,,1,15,,1173837,18,,,1,55,,1173842,18,,,1,17,,1173826,18,,,1,15,,1173845,18,,,1,56,,1173812,18,,,1,15,,1173823,18,,,1,15,,1173849,18,,,1,15,,1173822,18,,,1,56,,1173817,18,,,1,29,,1173838,18,,,1,70,,1173825,18,,,1,27,,1173819,18,,,1,30,,1173835,18,,,1,69,,1173853,18,,,1,28,,1173840,18,,,1,73,,1173847,18,,,1,29,,1173829,18,,,1,70,,1173827,18,,,1,30,,1173815,18,,,1
8700,'16',602,,1173899,8,,,1,30,,1173863,8,,,1,19,,1173878,8,,,1,57,,1173874,8,,,1,12,,1173882,8,,,1,15,,1173866,8,,,1,21,,1173870,18,,,1,53,,1173891,8,,,1,17,,1173888,18,,,1,18,,1173894,18,,,1,56,,1173903,18,,,1,15,,1173887,18,,,1,13,,1173867,18,,,1,15,,1173876,18,,,1,15,,1173900,18,,,1,55,,1173864,18,,,1,15,,1173883,18,,,1,15,,960090,18,,,1,15,,1173890,18,,,1,55,,1173901,18,,,1,15,,1095935,18,,,1,15,,1173869,18,,,1,15,,1173884,18,,,1,55,,1173904,18,,,1,15,,1173892,18,,,1,15,,1173871,18,,,1,15,,1173895,18,,,1,56,,1173875,18,,,1,15,,1012145,18,,,1,15,,1173886,18,,,1,15,,1173862,18,,,1,55,,1173880,18,,,1,15,,1173898,18,,,1,15,,1173885,18,,,1,15,,1173906,18,,,1,55,,1098702,18,,,1,17,,1099036,18,,,1,15,,1173905,18,,,1,56,,1173873,18,,,1,15,,1173868,18,,,1,15,,1173897,18,,,1,15,,1173896,18,,,1,56,,1173865,18,,,1,29,,1075968,18,,,1,70,,1173902,18,,,1,27,,1173879,18,,,1,30,,1173893,18,,,1,69,,1173872,18,,,1,28,,919114,18,,,1,73,,1173861,18,,,1,29,,1173889,18,,,1,70,,1173877,18,,,1,30,,1173881,18,,,1
8700,'5',602,,1174019,8,,,1,30,,1173994,8,,,1,19,,1173977,8,,,1,57,,1174006,8,,,1,12,,1173975,8,,,1,15,,1015618,8,,,1,21,,1173991,18,,,1,53,,1173979,8,,,1,17,,1174004,18,,,1,18,,1174015,18,,,1,56,,1173980,18,,,1,15,,1174013,18,,,1,13,,1173993,18,,,1,15,,1173978,18,,,1,15,,1174007,18,,,1,55,,1173983,18,,,1,15,,1085534,18,,,1,15,,1173998,18,,,1,15,,1174002,18,,,1,55,,1034531,18,,,1,15,,1173981,18,,,1,15,,1173999,18,,,1,15,,1173989,18,,,1,55,,1173987,18,,,1,15,,1174008,18,,,1,15,,1173986,18,,,1,15,,1009326,18,,,1,56,,1174009,18,,,1,15,,1173976,18,,,1,15,,1174012,18,,,1,15,,1174014,18,,,1,55,,1174018,18,,,1,15,,1103226,18,,,1,15,,1174001,18,,,1,15,,1173990,18,,,1,55,,1173973,18,,,1,17,,1013237,18,,,1,15,,1173992,18,,,1,56,,1174003,18,,,1,15,,1174011,18,,,1,15,,1173982,18,,,1,15,,1174000,18,,,1,56,,1173996,18,,,1,29,,1174016,18,,,1,70,,1174005,18,,,1,27,,1173988,18,,,1,30,,1174010,18,,,1,69,,1173984,18,,,1,28,,1173997,18,,,1,73,,1173985,18,,,1,29,,1173974,18,,,1,70,,1174017,18,,,1,30,,1173995,18,,,1
8700,'6',602,,1174056,8,,,1,30,,1174022,8,,,1,19,,1174037,8,,,1,57,,1174033,8,,,1,12,,1174041,8,,,1,15,,1174025,8,,,1,21,,1174029,18,,,1,53,,1174048,8,,,1,17,,1174046,18,,,1,18,,1174051,18,,,1,56,,1174061,18,,,1,15,,949284,18,,,1,13,,1174026,18,,,1,15,,1174035,18,,,1,15,,1174057,18,,,1,55,,1075671,18,,,1,15,,1174042,18,,,1,15,,1174060,18,,,1,15,,1174047,18,,,1,55,,1174058,18,,,1,15,,1174063,18,,,1,15,,1174028,18,,,1,15,,1174043,18,,,1,55,,966794,18,,,1,15,,1174049,18,,,1,15,,1174030,18,,,1,15,,1174052,18,,,1,56,,1174034,18,,,1,15,,1174059,18,,,1,15,,1174045,18,,,1,15,,1093531,18,,,1,55,,1174039,18,,,1,15,,1174055,18,,,1,15,,1174044,18,,,1,15,,1174064,18,,,1,55,,1174024,18,,,1,17,,1174023,18,,,1,15,,1174062,18,,,1,56,,1174032,18,,,1,15,,1174027,18,,,1,15,,1174054,18,,,1,15,,1174053,18,,,1,56,,1100313,18,,,1,29,,1174021,18,,,1,70,,1064519,18,,,1,27,,1174038,18,,,1,30,,1174050,18,,,1,69,,1174031,18,,,1,28,,1174020,18,,,1,73,,1060370,18,,,1,29,,1031872,18,,,1,70,,1174036,18,,,1,30,,1174040,18,,,1
8700,'8',602,,1174130,8,,,1,30,,1174092,8,,,1,19,,1174109,8,,,1,57,,1174105,8,,,1,12,,1174113,8,,,1,15,,1174097,8,,,1,21,,1174101,18,,,1,53,,1174122,8,,,1,17,,1174119,18,,,1,18,,1174125,18,,,1,56,,1174136,18,,,1,15,,1174118,18,,,1,13,,1174098,18,,,1,15,,1174107,18,,,1,15,,1174131,18,,,1,55,,1174094,18,,,1,15,,1174114,18,,,1,15,,1174135,18,,,1,15,,1174121,18,,,1,55,,1174132,18,,,1,15,,1174139,18,,,1,15,,1174100,18,,,1,15,,1174115,18,,,1,55,,1174137,18,,,1,15,,1174123,18,,,1,15,,1174102,18,,,1,15,,1174126,18,,,1,56,,1174106,18,,,1,15,,1174133,18,,,1,15,,1174117,18,,,1,15,,1174089,18,,,1,55,,1174111,18,,,1,15,,1174129,18,,,1,15,,1174116,18,,,1,15,,1174140,18,,,1,55,,1174095,18,,,1,17,,1174093,18,,,1,15,,1174138,18,,,1,56,,1174104,18,,,1,15,,1174099,18,,,1,15,,1174128,18,,,1,15,,1174127,18,,,1,56,,1174096,18,,,1,29,,1174091,18,,,1,70,,1174134,18,,,1,27,,1174110,18,,,1,30,,1174124,18,,,1,69,,1174103,18,,,1,28,,1174090,18,,,1,73,,1174088,18,,,1,29,,1174120,18,,,1,70,,1174108,18,,,1,30,,1174112,18,,,1
8700,'9',602,,1174187,8,,,1,30,,1174162,8,,,1,19,,1174145,8,,,1,57,,1174174,8,,,1,12,,1174143,8,,,1,15,,1016044,8,,,1,21,,1174159,18,,,1,53,,1174147,8,,,1,17,,1174172,18,,,1,18,,1174183,18,,,1,56,,1174148,18,,,1,15,,1174181,18,,,1,13,,1174161,18,,,1,15,,1174146,18,,,1,15,,1174175,18,,,1,55,,1174151,18,,,1,15,,1085403,18,,,1,15,,1174166,18,,,1,15,,1174170,18,,,1,55,,1034789,18,,,1,15,,1174149,18,,,1,15,,1174167,18,,,1,15,,1174157,18,,,1,55,,1174155,18,,,1,15,,1174176,18,,,1,15,,1174154,18,,,1,15,,1009400,18,,,1,56,,1174177,18,,,1,15,,1174144,18,,,1,15,,1174180,18,,,1,15,,1174182,18,,,1,55,,1174186,18,,,1,15,,1103224,18,,,1,15,,1174169,18,,,1,15,,1174158,18,,,1,55,,1174141,18,,,1,17,,1013416,18,,,1,15,,1174160,18,,,1,56,,1174171,18,,,1,15,,1174179,18,,,1,15,,1174150,18,,,1,15,,1174168,18,,,1,56,,1174164,18,,,1,29,,1174184,18,,,1,70,,1174173,18,,,1,27,,1174156,18,,,1,30,,1174178,18,,,1,69,,1174152,18,,,1,28,,1174165,18,,,1,73,,1174153,18,,,1,29,,1174142,18,,,1,70,,1174185,18,,,1,30,,1174163,18,,,1
