1400,'1',602,,1118152,14,,,1,15,,983977,14,,,1,15,,1118161,14,,,1,15,,1118150,14,,,1,56,,1118149,14,,,1,14,,1118145,14,,,1,18,,975681,14,,,1,16,,946779,14,,,1,55,,1118124,14,,,1,18,,1118142,14,,,1,15,,1118141,14,,,1,17,,1118126,14,,,1,54,,1118163,14,,,1,15,,1118157,14,,,1,13,,1094391,14,,,1,14,,1097864,14,,,1,55,,1118148,14,,,1,15,,1118140,14,,,1,13,,1118116,14,,,1,14,,1118123,14,,,1,54,,1118132,14,,,1,14,,1118120,14,,,1,15,,1118156,14,,,1,15,,1118162,14,,,1,58,,1118138,14,,,1,15,,954754,14,,,1,14,,1086692,14,,,1,16,,1118125,14,,,1,56,,1118155,14,,,1,14,,1118131,14,,,1,17,,959135,14,,,1,16,,1101779,14,,,1,56,,1118129,14,,,1,16,,1118153,14,,,1,17,,1118144,14,,,1,72,,1118117,14,,,1,18,,1118160,14,,,1,16,,1118121,14,,,1,55,,1118147,14,,,1,16,,1118146,14,,,1,17,,1118119,14,,,1,16,,1118134,14,,,1,55,,1118133,14,,,1,15,,1077285,14,,,1,16,,1118127,14,,,1,14,,1070032,14,,,1,52,,1118143,14,,,1,16,,1118118,14,,,1,28,,1028992,14,,,1,69,,1118159,14,,,1,32,,1118122,14,,,1,68,,1118135,14,,,1,29,,1118137,14,,,1,68,,1118151,14,,,1,27,,1118139,14,,,1,69,,1118136,14,,,1,29,,1118158,14,,,1,69,,1118154,14,,,1,28,,1118128,14,,,1,68,,1118130,14,,,1,28,,1077946,14,,,1
1400,'10',602,,1118200,14,,,1,15,,983883,14,,,1,15,,1118209,14,,,1,15,,1118198,14,,,1,56,,1118197,14,,,1,14,,1118193,14,,,1,18,,975354,14,,,1,16,,946605,14,,,1,55,,1118172,14,,,1,18,,1118190,14,,,1,15,,1118189,14,,,1,17,,1118174,14,,,1,54,,1118211,14,,,1,15,,1118205,14,,,1,13,,1094355,14,,,1,14,,1097640,14,,,1,55,,1118196,14,,,1,15,,1118188,14,,,1,13,,1118164,14,,,1,14,,1118171,14,,,1,54,,1118180,14,,,1,14,,1118168,14,,,1,15,,1118204,14,,,1,15,,1118210,14,,,1,58,,1118186,14,,,1,15,,954311,14,,,1,14,,1086522,14,,,1,16,,1118173,14,,,1,56,,1118203,14,,,1,14,,1118179,14,,,1,17,,958814,14,,,1,16,,1101678,14,,,1,56,,1118177,14,,,1,16,,1118201,14,,,1,17,,1118192,14,,,1,72,,1118165,14,,,1,18,,1118208,14,,,1,16,,1118169,14,,,1,55,,1118195,14,,,1,16,,1118194,14,,,1,17,,1118167,14,,,1,16,,1118182,14,,,1,55,,1118181,14,,,1,15,,1077147,14,,,1,16,,1118175,14,,,1,14,,1069903,14,,,1,52,,1118191,14,,,1,16,,1118166,14,,,1,28,,1029122,14,,,1,69,,1118207,14,,,1,32,,1118170,14,,,1,68,,1118183,14,,,1,29,,1118185,14,,,1,68,,1118199,14,,,1,27,,1118187,14,,,1,69,,1118184,14,,,1,29,,1118206,14,,,1,69,,1118202,14,,,1,28,,1118176,14,,,1,68,,1118178,14,,,1,28,,1077737,14,,,1
1400,'11',602,,1118248,14,,,1,15,,983954,14,,,1,15,,1118257,14,,,1,15,,1118246,14,,,1,56,,1118245,14,,,1,14,,1118241,14,,,1,18,,975633,14,,,1,16,,946754,14,,,1,55,,1118220,14,,,1,18,,1118238,14,,,1,15,,1118237,14,,,1,17,,1118222,14,,,1,54,,1118259,14,,,1,15,,1118253,14,,,1,13,,1094403,14,,,1,14,,1097932,14,,,1,55,,1118244,14,,,1,15,,1118236,14,,,1,13,,1118212,14,,,1,14,,1118219,14,,,1,54,,1118228,14,,,1,14,,1118216,14,,,1,15,,1118252,14,,,1,15,,1118258,14,,,1,58,,1118234,14,,,1,15,,954691,14,,,1,14,,1086747,14,,,1,16,,1118221,14,,,1,56,,1118251,14,,,1,14,,1118227,14,,,1,17,,959081,14,,,1,16,,1101810,14,,,1,56,,1118225,14,,,1,16,,1118249,14,,,1,17,,1118240,14,,,1,72,,1118213,14,,,1,18,,1118256,14,,,1,16,,1118217,14,,,1,55,,1118243,14,,,1,16,,1118242,14,,,1,17,,1118215,14,,,1,16,,1118230,14,,,1,55,,1118229,14,,,1,15,,1077325,14,,,1,16,,1118223,14,,,1,14,,1070072,14,,,1,52,,1118239,14,,,1,16,,1118214,14,,,1,28,,1028955,14,,,1,69,,1118255,14,,,1,32,,1118218,14,,,1,68,,1118231,14,,,1,29,,1118233,14,,,1,68,,1118247,14,,,1,27,,1118235,14,,,1,69,,1118232,14,,,1,29,,1118254,14,,,1,69,,1118250,14,,,1,28,,1118224,14,,,1,68,,1118226,14,,,1,28,,1078009,14,,,1
1400,'12',602,,973372,14,,,1,15,,1118294,14,,,1,15,,1118274,14,,,1,15,,1118305,14,,,1,56,,1118312,14,,,1,14,,1118284,14,,,1,18,,1118265,14,,,1,16,,1118295,14,,,1,55,,1118260,14,,,1,18,,1118308,14,,,1,15,,1118310,14,,,1,17,,1118285,14,,,1,54,,1118277,14,,,1,15,,1118292,14,,,1,13,,1118301,14,,,1,14,,1118299,14,,,1,55,,1118271,14,,,1,15,,1118263,14,,,1,13,,1118276,14,,,1,14,,1118289,14,,,1,54,,1118287,14,,,1,14,,1118283,14,,,1,15,,1118293,14,,,1,15,,1118261,14,,,1,58,,1118280,14,,,1,15,,1022094,14,,,1,14,,1118286,14,,,1,16,,1028655,14,,,1,56,,1118266,14,,,1,14,,1118306,14,,,1,17,,1118300,14,,,1,16,,1118311,14,,,1,56,,1118275,14,,,1,16,,1118279,14,,,1,17,,1118296,14,,,1,72,,1118264,14,,,1,18,,1118297,14,,,1,16,,1092379,14,,,1,55,,1118268,14,,,1,16,,1084990,14,,,1,17,,1089462,14,,,1,16,,1118281,14,,,1,55,,1118282,14,,,1,15,,1118267,14,,,1,16,,1118269,14,,,1,14,,1118291,14,,,1,52,,1118270,14,,,1,16,,1118304,14,,,1,28,,1118303,14,,,1,69,,1118262,14,,,1,32,,1118278,14,,,1,68,,1118288,14,,,1,29,,1118309,14,,,1,68,,1118307,14,,,1,27,,1118302,14,,,1,69,,1066455,14,,,1,29,,1118290,14,,,1,69,,1118298,14,,,1,28,,1078244,14,,,1,68,,1118272,14,,,1,28,,1118273,14,,,1
1400,'13',704,,1118335,14,,,1,102,,1118337,14,,,1,35,,1118316,14,,,1,70,,1118325,14,,,1,30,,1118314,14,,,1,71,,1118322,14,,,1,30,,1118332,14,,,1,70,,1085172,14,,,1,30,,1118313,14,,,1,70,,995890,14,,,1,30,,1118318,14,,,1,68,,1118326,14,,,1,29,,1079001,14,,,1,70,,1118336,14,,,1,30,,1118315,14,,,1,70,,1118319,14,,,1,30,,1118321,14,,,1,70,,1118324,14,,,1,30,,1118330,14,,,1,70,,1118320,14,,,1,30,,1118328,14,,,1,70,,1118338,14,,,1,30,,1118323,14,,,1,70,,1061631,14,,,1,30,,1118317,14,,,1,72,,1118333,14,,,1,100,,1118334,14,,,1,100,,1118331,14,,,1,99,,1118327,14,,,1,100,,1118329,14,,,1
1400,'14',602,,1118385,14,,,1,15,,1118343,14,,,1,15,,1118397,14,,,1,15,,1118383,14,,,1,56,,1118382,14,,,1,14,,1118378,14,,,1,18,,1118351,14,,,1,16,,1118394,14,,,1,55,,1118354,14,,,1,18,,1118375,14,,,1,15,,1118374,14,,,1,17,,1118357,14,,,1,54,,1118399,14,,,1,15,,1118390,14,,,1,13,,1118349,14,,,1,14,,1118396,14,,,1,55,,1118381,14,,,1,15,,1118373,14,,,1,13,,1118340,14,,,1,14,,1118353,14,,,1,54,,1118365,14,,,1,14,,1118347,14,,,1,15,,1118389,14,,,1,15,,1118398,14,,,1,58,,1118371,14,,,1,15,,1118341,14,,,1,14,,1118359,14,,,1,16,,1118355,14,,,1,56,,1118388,14,,,1,14,,1118364,14,,,1,17,,1118393,14,,,1,16,,1118356,14,,,1,56,,1118362,14,,,1,16,,1118386,14,,,1,17,,1118377,14,,,1,72,,1118342,14,,,1,18,,1118395,14,,,1,16,,1118348,14,,,1,55,,1118380,14,,,1,16,,1118379,14,,,1,17,,1118346,14,,,1,16,,1118367,14,,,1,55,,1118366,14,,,1,15,,1118344,14,,,1,16,,1118360,14,,,1,14,,1118339,14,,,1,52,,1118376,14,,,1,16,,1118345,14,,,1,28,,1118352,14,,,1,69,,1118392,14,,,1,32,,1118350,14,,,1,68,,1118368,14,,,1,29,,1118370,14,,,1,68,,1118384,14,,,1,27,,1118372,14,,,1,69,,1118369,14,,,1,29,,1118391,14,,,1,69,,1118387,14,,,1,28,,1118361,14,,,1,68,,1118363,14,,,1,28,,1118358,14,,,1
1400,'15',602,,1118417,14,,,1,15,,1118413,14,,,1,15,,1118438,14,,,1,15,,1118435,14,,,1,56,,1118416,14,,,1,14,,1118405,14,,,1,18,,1118412,14,,,1,16,,1118451,14,,,1,55,,1118439,14,,,1,18,,1118408,14,,,1,15,,1118459,14,,,1,17,,1118433,14,,,1,54,,1118430,14,,,1,15,,1118456,14,,,1,13,,1118457,14,,,1,14,,1118407,14,,,1,55,,1118418,14,,,1,15,,1118424,14,,,1,13,,1118427,14,,,1,14,,1118436,14,,,1,54,,1118419,14,,,1,14,,1118423,14,,,1,15,,1118455,14,,,1,15,,1118409,14,,,1,58,,1118448,14,,,1,15,,1118400,14,,,1,14,,1118453,14,,,1,16,,1118415,14,,,1,56,,1118420,14,,,1,14,,1118428,14,,,1,17,,1118434,14,,,1,16,,1118458,14,,,1,56,,1118425,14,,,1,16,,1118402,14,,,1,17,,1118441,14,,,1,72,,1118411,14,,,1,18,,1118443,14,,,1,16,,1118449,14,,,1,55,,1118406,14,,,1,16,,1118460,14,,,1,17,,1118454,14,,,1,16,,1118421,14,,,1,55,,1118403,14,,,1,15,,1118447,14,,,1,16,,1118410,14,,,1,14,,1118442,14,,,1,52,,1118452,14,,,1,16,,1118440,14,,,1,28,,1118414,14,,,1,69,,1118432,14,,,1,32,,1118445,14,,,1,68,,1118431,14,,,1,29,,1118444,14,,,1,68,,1118446,14,,,1,27,,1118422,14,,,1,69,,1118401,14,,,1,29,,1118404,14,,,1,69,,1118426,14,,,1,28,,1118429,14,,,1,68,,1118437,14,,,1,28,,1118450,14,,,1
1400,'16',602,,1118474,14,,,1,15,,1118498,14,,,1,15,,1118477,14,,,1,15,,1118509,14,,,1,56,,1118517,14,,,1,14,,1118487,14,,,1,18,,1118467,14,,,1,16,,1118499,14,,,1,55,,1118461,14,,,1,18,,1118512,14,,,1,15,,1118514,14,,,1,17,,1118488,14,,,1,54,,1118480,14,,,1,15,,1118496,14,,,1,13,,1118505,14,,,1,14,,1118503,14,,,1,55,,970120,14,,,1,15,,1118464,14,,,1,13,,1118479,14,,,1,14,,1118493,14,,,1,54,,1118490,14,,,1,14,,1118486,14,,,1,15,,1118497,14,,,1,15,,1118462,14,,,1,58,,1118483,14,,,1,15,,1118519,14,,,1,14,,1118489,14,,,1,16,,1118518,14,,,1,56,,1118468,14,,,1,14,,1118510,14,,,1,17,,1118504,14,,,1,16,,1118515,14,,,1,56,,1118478,14,,,1,16,,1118482,14,,,1,17,,1118500,14,,,1,72,,1118466,14,,,1,18,,1118501,14,,,1,16,,1118471,14,,,1,55,,1118470,14,,,1,16,,1118472,14,,,1,17,,1118492,14,,,1,16,,1118484,14,,,1,55,,1118485,14,,,1,15,,1118469,14,,,1,16,,997047,14,,,1,14,,1118495,14,,,1,52,,1118473,14,,,1,16,,1118508,14,,,1,28,,1118507,14,,,1,69,,1118463,14,,,1,32,,1118481,14,,,1,68,,1118491,14,,,1,29,,1118513,14,,,1,68,,1118511,14,,,1,27,,1118506,14,,,1,69,,1118465,14,,,1,29,,1118494,14,,,1,69,,1118502,14,,,1,28,,1118516,14,,,1,68,,1118475,14,,,1,28,,1118476,14,,,1
1400,'17',704,,1118545,14,,,1,102,,1118547,14,,,1,35,,1118525,14,,,1,70,,1118534,14,,,1,30,,1118521,14,,,1,71,,1118531,14,,,1,30,,1118541,14,,,1,70,,1118548,14,,,1,30,,1118520,14,,,1,70,,1118523,14,,,1,30,,1118527,14,,,1,68,,1118535,14,,,1,29,,1118524,14,,,1,70,,1118546,14,,,1,30,,1118522,14,,,1,70,,1118528,14,,,1,30,,1118530,14,,,1,70,,1118533,14,,,1,30,,1118539,14,,,1,70,,1118529,14,,,1,30,,1118537,14,,,1,70,,1118549,14,,,1,30,,1118532,14,,,1,70,,1118544,14,,,1,30,,1118526,14,,,1,72,,1118542,14,,,1,100,,1118543,14,,,1,100,,1118540,14,,,1,99,,1118536,14,,,1,100,,1118538,14,,,1
1400,'2',609,,1118585,14,,,1,30,,1118583,14,,,1,70,,1118577,14,,,1,30,,1118579,14,,,1,72,,1118578,14,,,1,30,,1118562,14,,,1,70,,1040832,14,,,1,30,,1118568,14,,,1,71,,1118569,14,,,1,30,,955725,14,,,1,70,,1065628,14,,,1,30,,1118589,14,,,1,70,,1118564,14,,,1,15,,1118555,14,,,1,15,,1096259,14,,,1,15,,1118567,14,,,1,55,,1118553,14,,,1,15,,1118593,14,,,1,15,,1118581,14,,,1,15,,1118588,14,,,1,55,,1069694,14,,,1,15,,1118560,14,,,1,15,,1118563,14,,,1,15,,1118556,14,,,1,55,,1118573,14,,,1,15,,1118587,14,,,1,15,,1118572,14,,,1,15,,1118558,14,,,1,55,,1118550,14,,,1,15,,1118576,14,,,1,15,,1118594,14,,,1,15,,1118552,14,,,1,55,,1118575,14,,,1,15,,1118595,14,,,1,15,,1118559,14,,,1,15,,1118551,14,,,1,55,,1118584,14,,,1,30,,1118557,14,,,1,70,,1118591,14,,,1,30,,1118582,14,,,1,69,,1118592,14,,,1,30,,1118566,14,,,1,70,,1118570,14,,,1,30,,1118561,14,,,1,70,,1118590,14,,,1,29,,1118574,14,,,1,70,,1118571,14,,,1,30,,1118554,14,,,1,70,,1118586,14,,,1,30,,1118565,14,,,1,72,,1118580,14,,,1
1400,'3',704,,1118621,14,,,1,102,,1118623,14,,,1,35,,1118601,14,,,1,70,,1118610,14,,,1,30,,1118597,14,,,1,71,,1118607,14,,,1,30,,1118617,14,,,1,70,,1118624,14,,,1,30,,1118596,14,,,1,70,,1118599,14,,,1,30,,1118603,14,,,1,68,,1118611,14,,,1,29,,1118600,14,,,1,70,,1118622,14,,,1,30,,1118598,14,,,1,70,,1118604,14,,,1,30,,1118606,14,,,1,70,,1118609,14,,,1,30,,1118615,14,,,1,70,,1118605,14,,,1,30,,1118613,14,,,1,70,,1118625,14,,,1,30,,1118608,14,,,1,70,,1118620,14,,,1,30,,1118602,14,,,1,72,,1118618,14,,,1,100,,1118619,14,,,1,100,,1118616,14,,,1,99,,1118612,14,,,1,100,,1118614,14,,,1
1400,'4',704,,1118637,14,,,1,102,,1118629,14,,,1,35,,1118627,14,,,1,70,,1118648,14,,,1,30,,1118638,14,,,1,71,,1118626,14,,,1,30,,1088619,14,,,1,70,,1118645,14,,,1,30,,963424,14,,,1,70,,1118641,14,,,1,30,,1118634,14,,,1,68,,1057351,14,,,1,29,,1118630,14,,,1,70,,1118649,14,,,1,30,,1118644,14,,,1,70,,1118640,14,,,1,30,,1118643,14,,,1,70,,1118647,14,,,1,30,,1118636,14,,,1,70,,1118642,14,,,1,30,,1118633,14,,,1,70,,1118631,14,,,1,30,,1118635,14,,,1,70,,1075394,14,,,1,30,,1118646,14,,,1,72,,1118628,14,,,1,100,,1059944,14,,,1,100,,1118632,14,,,1,99,,1118639,14,,,1,100,,1081268,14,,,1
1400,'5',602,,1118686,14,,,1,15,,984050,14,,,1,15,,1118695,14,,,1,15,,1118684,14,,,1,56,,1118683,14,,,1,14,,1118679,14,,,1,18,,975835,14,,,1,16,,946860,14,,,1,55,,1118658,14,,,1,18,,1118676,14,,,1,15,,1118675,14,,,1,17,,1118660,14,,,1,54,,1118697,14,,,1,15,,1118691,14,,,1,13,,1094379,14,,,1,14,,1097819,14,,,1,55,,1118682,14,,,1,15,,1118674,14,,,1,13,,1118650,14,,,1,14,,1118657,14,,,1,54,,1118666,14,,,1,14,,1118654,14,,,1,15,,1118690,14,,,1,15,,1118696,14,,,1,58,,1118672,14,,,1,15,,954949,14,,,1,14,,1086666,14,,,1,16,,1118659,14,,,1,56,,1118689,14,,,1,14,,1118665,14,,,1,17,,959311,14,,,1,16,,1101759,14,,,1,56,,1118663,14,,,1,16,,1118687,14,,,1,17,,1118678,14,,,1,72,,1118651,14,,,1,18,,1118694,14,,,1,16,,1118655,14,,,1,55,,1118681,14,,,1,16,,1118680,14,,,1,17,,1118653,14,,,1,16,,1118668,14,,,1,55,,1118667,14,,,1,15,,1077260,14,,,1,16,,1118661,14,,,1,14,,1070014,14,,,1,52,,1118677,14,,,1,16,,1118652,14,,,1,28,,1028746,14,,,1,69,,1118693,14,,,1,32,,1118656,14,,,1,68,,1118669,14,,,1,29,,1118671,14,,,1,68,,1118685,14,,,1,27,,1118673,14,,,1,69,,1118670,14,,,1,29,,1118692,14,,,1,69,,1118688,14,,,1,28,,1118662,14,,,1,68,,1118664,14,,,1,28,,1077907,14,,,1
1400,'6',602,,1118705,14,,,1,15,,1118730,14,,,1,15,,1118709,14,,,1,15,,1118740,14,,,1,56,,1036652,14,,,1,14,,1118719,14,,,1,18,,1072433,14,,,1,16,,1118731,14,,,1,55,,1035059,14,,,1,18,,1118743,14,,,1,15,,1118745,14,,,1,17,,1118720,14,,,1,54,,1118712,14,,,1,15,,1118728,14,,,1,13,,1095752,14,,,1,14,,1118735,14,,,1,55,,1118706,14,,,1,15,,984943,14,,,1,13,,1118711,14,,,1,14,,1118725,14,,,1,54,,1118722,14,,,1,14,,1118718,14,,,1,15,,1118729,14,,,1,15,,1118698,14,,,1,58,,1118715,14,,,1,15,,1118749,14,,,1,14,,1118721,14,,,1,16,,1118748,14,,,1,56,,1070095,14,,,1,14,,1118741,14,,,1,17,,1118736,14,,,1,16,,1118746,14,,,1,56,,1118710,14,,,1,16,,1118714,14,,,1,17,,1118732,14,,,1,72,,1073083,14,,,1,18,,1118733,14,,,1,16,,1118702,14,,,1,55,,1088949,14,,,1,16,,1118703,14,,,1,17,,1118724,14,,,1,16,,1118716,14,,,1,55,,1118717,14,,,1,15,,1118700,14,,,1,16,,1118701,14,,,1,14,,1118727,14,,,1,52,,1118704,14,,,1,16,,1118739,14,,,1,28,,1118738,14,,,1,69,,1073082,14,,,1,32,,1118713,14,,,1,68,,1118723,14,,,1,29,,1118744,14,,,1,68,,1118742,14,,,1,27,,1118737,14,,,1,69,,1118699,14,,,1,29,,1118726,14,,,1,69,,1118734,14,,,1,28,,1118747,14,,,1,68,,1118707,14,,,1,28,,1118708,14,,,1
1400,'7',609,,1118769,14,,,1,30,,1118759,14,,,1,70,,1118762,14,,,1,30,,1118767,14,,,1,72,,1118795,14,,,1,30,,1118760,14,,,1,70,,1118773,14,,,1,30,,1118799,14,,,1,71,,1118761,14,,,1,30,,1118755,14,,,1,70,,1118789,14,,,1,30,,1118800,14,,,1,70,,1118753,14,,,1,15,,1118792,14,,,1,15,,1118797,14,,,1,15,,1118790,14,,,1,55,,1118763,14,,,1,15,,1118779,14,,,1,15,,1118780,14,,,1,15,,1118798,14,,,1,55,,1118785,14,,,1,15,,1118787,14,,,1,15,,1118791,14,,,1,15,,1118776,14,,,1,55,,1118756,14,,,1,15,,1118764,14,,,1,15,,1118788,14,,,1,15,,1118778,14,,,1,55,,1118794,14,,,1,15,,1118796,14,,,1,15,,1118793,14,,,1,15,,1118784,14,,,1,55,,1118783,14,,,1,15,,1118765,14,,,1,15,,1118772,14,,,1,15,,1118774,14,,,1,55,,1118786,14,,,1,30,,1118770,14,,,1,70,,1118771,14,,,1,30,,1118750,14,,,1,69,,1118758,14,,,1,30,,1118752,14,,,1,70,,1118781,14,,,1,30,,1118775,14,,,1,70,,1118751,14,,,1,29,,1118757,14,,,1,70,,1118768,14,,,1,30,,1118766,14,,,1,70,,1118777,14,,,1,30,,1118782,14,,,1,72,,1118754,14,,,1
1400,'8',602,,1118815,14,,,1,15,,1118840,14,,,1,15,,1118819,14,,,1,15,,1118851,14,,,1,56,,1118859,14,,,1,14,,1118829,14,,,1,18,,1118807,14,,,1,16,,1118841,14,,,1,55,,1118801,14,,,1,18,,1118854,14,,,1,15,,1118856,14,,,1,17,,1118830,14,,,1,54,,1118822,14,,,1,15,,1118838,14,,,1,13,,1118847,14,,,1,14,,1118845,14,,,1,55,,1118816,14,,,1,15,,1118804,14,,,1,13,,1118821,14,,,1,14,,1118835,14,,,1,54,,1118832,14,,,1,14,,1118828,14,,,1,15,,1118839,14,,,1,15,,1118802,14,,,1,58,,1118825,14,,,1,15,,1118861,14,,,1,14,,1118831,14,,,1,16,,1118860,14,,,1,56,,1118808,14,,,1,14,,1118852,14,,,1,17,,1118846,14,,,1,16,,1118857,14,,,1,56,,1118820,14,,,1,16,,1118824,14,,,1,17,,1118842,14,,,1,72,,1118806,14,,,1,18,,1118843,14,,,1,16,,1118812,14,,,1,55,,1118810,14,,,1,16,,1118813,14,,,1,17,,1118834,14,,,1,16,,1118826,14,,,1,55,,1118827,14,,,1,15,,1118809,14,,,1,16,,1118811,14,,,1,14,,1118837,14,,,1,52,,1118814,14,,,1,16,,1118850,14,,,1,28,,1118849,14,,,1,69,,1118803,14,,,1,32,,1118823,14,,,1,68,,1118833,14,,,1,29,,1118855,14,,,1,68,,1118853,14,,,1,27,,1118848,14,,,1,69,,1118805,14,,,1,29,,1118836,14,,,1,69,,1118844,14,,,1,28,,1118858,14,,,1,68,,1118817,14,,,1,28,,1118818,14,,,1
1400,'9',602,,1118898,14,,,1,15,,984027,14,,,1,15,,1118907,14,,,1,15,,1118896,14,,,1,56,,1118895,14,,,1,14,,1118891,14,,,1,18,,975787,14,,,1,16,,946835,14,,,1,55,,1118870,14,,,1,18,,1118888,14,,,1,15,,1118887,14,,,1,17,,1118872,14,,,1,54,,1118909,14,,,1,15,,1118903,14,,,1,13,,1094367,14,,,1,14,,1097708,14,,,1,55,,1118894,14,,,1,15,,1118886,14,,,1,13,,1118862,14,,,1,14,,1118869,14,,,1,54,,1118878,14,,,1,14,,1118866,14,,,1,15,,1118902,14,,,1,15,,1118908,14,,,1,58,,1118884,14,,,1,15,,954886,14,,,1,14,,1086578,14,,,1,16,,1118871,14,,,1,56,,1118901,14,,,1,14,,1118877,14,,,1,17,,959257,14,,,1,16,,1101708,14,,,1,56,,1118875,14,,,1,16,,1118899,14,,,1,17,,1118890,14,,,1,72,,1118863,14,,,1,18,,1118906,14,,,1,16,,1118867,14,,,1,55,,1118893,14,,,1,16,,1118892,14,,,1,17,,1118865,14,,,1,16,,1118880,14,,,1,55,,1118879,14,,,1,15,,1077189,14,,,1,16,,1118873,14,,,1,14,,1069945,14,,,1,52,,1118889,14,,,1,16,,1118864,14,,,1,28,,1029029,14,,,1,69,,1118905,14,,,1,32,,1118868,14,,,1,68,,1118881,14,,,1,29,,1118883,14,,,1,68,,1118897,14,,,1,27,,1118885,14,,,1,69,,1118882,14,,,1,29,,1118904,14,,,1,69,,1118900,14,,,1,28,,1118874,14,,,1,68,,1118876,14,,,1,28,,1077806,14,,,1
