4901,'1',612,,1146248,4,,,1,30,,1146261,4,,,1,70,,1103492,4,,,1,30,,1146258,4,,,1,60,,1146265,4,,,1,21,,1146255,4,,,1,30,,1146259,4,,,1,173,,1146254,4,,,1,200,,1146250,4,,,1,200,,1146256,4,,,1,28,,1146257,4,,,1,74,,1146264,4,,,1,31,,1146252,4,,,1,71,,1146263,4,,,1,29,,1146249,4,,,1,70,,1146251,4,,,1,28,,1146253,4,,,1,75,,1146260,4,,,1,82,,1146262,4,,,1
4901,'10',612,,1146266,4,,,1,30,,1146279,4,,,1,70,,1103486,4,,,1,30,,1146276,4,,,1,60,,1146283,4,,,1,21,,1146273,4,,,1,30,,1146277,4,,,1,173,,1146272,4,,,1,200,,1146268,4,,,1,200,,1146274,4,,,1,28,,1146275,4,,,1,74,,1146282,4,,,1,31,,1146270,4,,,1,71,,1146281,4,,,1,29,,1146267,4,,,1,70,,1146269,4,,,1,28,,1146271,4,,,1,75,,1146278,4,,,1,82,,1146280,4,,,1
4901,'11',612,,1146284,4,,,1,30,,1146297,4,,,1,70,,1103494,4,,,1,30,,1146294,4,,,1,60,,1146301,4,,,1,21,,1146291,4,,,1,30,,1146295,4,,,1,173,,1146290,4,,,1,200,,1146286,4,,,1,200,,1146292,4,,,1,28,,1146293,4,,,1,74,,1146300,4,,,1,31,,1146288,4,,,1,71,,1146299,4,,,1,29,,1146285,4,,,1,70,,1146287,4,,,1,28,,1146289,4,,,1,75,,1146296,4,,,1,82,,1146298,4,,,1
4901,'12',612,,1146314,4,,,1,30,,1146307,4,,,1,70,,1146317,4,,,1,30,,1146304,4,,,1,60,,1146308,4,,,1,21,,1066081,4,,,1,30,,1146306,4,,,1,173,,1049960,4,,,1,200,,1045164,4,,,1,200,,1146310,4,,,1,28,,1146316,4,,,1,74,,1146309,4,,,1,31,,1146312,4,,,1,71,,1146313,4,,,1,29,,1146305,4,,,1,70,,1146311,4,,,1,28,,1146315,4,,,1,75,,1146302,4,,,1,82,,1146303,4,,,1
4901,'13',846,,1146325,4,,,1,100,,1091127,4,,,1,100,,1146318,4,,,1,100,,1146322,4,,,1,100,,1146323,4,,,1,100,,1146319,4,,,1,100,,1146321,4,,,1,100,,1146324,4,,,1,100,,1146326,4,,,1,100,,1146320,4,,,1
4901,'14',612,,1146327,4,,,1,30,,1146341,4,,,1,70,,1146331,4,,,1,30,,1146338,4,,,1,60,,1146345,4,,,1,21,,1146335,4,,,1,30,,1146339,4,,,1,173,,1146334,4,,,1,200,,1146329,4,,,1,200,,1146336,4,,,1,28,,1146337,4,,,1,74,,1146344,4,,,1,31,,1146332,4,,,1,71,,1146343,4,,,1,29,,1146328,4,,,1,70,,1146330,4,,,1,28,,1146333,4,,,1,75,,1146340,4,,,1,82,,1146342,4,,,1
4901,'15',612,,1146348,4,,,1,30,,1146361,4,,,1,70,,1146354,4,,,1,30,,1146351,4,,,1,60,,1146350,4,,,1,21,,1146346,4,,,1,30,,1146352,4,,,1,173,,1146363,4,,,1,200,,1146358,4,,,1,200,,1146359,4,,,1,28,,1146347,4,,,1,74,,1146364,4,,,1,31,,1146362,4,,,1,71,,1146353,4,,,1,29,,1146349,4,,,1,70,,1146360,4,,,1,28,,1146356,4,,,1,75,,1146355,4,,,1,82,,1146357,4,,,1
4901,'16',612,,1146379,4,,,1,30,,1146371,4,,,1,70,,1146380,4,,,1,30,,1146368,4,,,1,60,,1146372,4,,,1,21,,1146367,4,,,1,30,,1146370,4,,,1,173,,1146366,4,,,1,200,,1146377,4,,,1,200,,1146374,4,,,1,28,,1066571,4,,,1,74,,1146373,4,,,1,31,,1146376,4,,,1,71,,1146378,4,,,1,29,,1146369,4,,,1,70,,1146375,4,,,1,28,,1088205,4,,,1,75,,1146365,4,,,1,82,,1066982,4,,,1
4901,'17',846,,1146389,4,,,1,100,,1146381,4,,,1,100,,1146382,4,,,1,100,,1146386,4,,,1,100,,1146387,4,,,1,100,,1146383,4,,,1,100,,1146385,4,,,1,100,,1146388,4,,,1,100,,1146390,4,,,1,100,,1146384,4,,,1
4901,'2',907,,1146398,4,,,1,100,,1146391,4,,,1,100,,1146397,4,,,1,100,,1146396,4,,,1,100,,1146392,4,,,1,100,,1146393,4,,,1,100,,1146394,4,,,1,100,,1146400,4,,,1,100,,1146399,4,,,1,100,,1146395,4,,,1
4901,'3',846,,1146409,4,,,1,100,,1146401,4,,,1,100,,1146402,4,,,1,100,,1146406,4,,,1,100,,1146407,4,,,1,100,,1146403,4,,,1,100,,1146405,4,,,1,100,,1146408,4,,,1,100,,1146410,4,,,1,100,,1146404,4,,,1
4901,'4',846,,1146414,4,,,1,100,,1146417,4,,,1,100,,1146412,4,,,1,100,,1146415,4,,,1,100,,1146411,4,,,1,100,,1146416,4,,,1,100,,1037604,4,,,1,100,,1146413,4,,,1,100,,1146418,4,,,1,100,,1146419,4,,,1
4901,'5',612,,1146420,4,,,1,30,,1146433,4,,,1,70,,1103490,4,,,1,30,,1146430,4,,,1,60,,1146437,4,,,1,21,,1146427,4,,,1,30,,1146431,4,,,1,173,,1146426,4,,,1,200,,1146422,4,,,1,200,,1146428,4,,,1,28,,1146429,4,,,1,74,,1146436,4,,,1,31,,1146424,4,,,1,71,,1146435,4,,,1,29,,1146421,4,,,1,70,,1146423,4,,,1,28,,1146425,4,,,1,75,,1146432,4,,,1,82,,1146434,4,,,1
4901,'6',612,,1146451,4,,,1,30,,1146444,4,,,1,70,,1089621,4,,,1,30,,1146441,4,,,1,60,,1146445,4,,,1,21,,1146440,4,,,1,30,,1146443,4,,,1,173,,1146438,4,,,1,200,,1146449,4,,,1,200,,1146447,4,,,1,28,,1146453,4,,,1,74,,1146446,4,,,1,31,,1146448,4,,,1,71,,1146450,4,,,1,29,,1146442,4,,,1,70,,999985,4,,,1,28,,1146452,4,,,1,75,,1081432,4,,,1,82,,1146439,4,,,1
4901,'7',907,,1146458,4,,,1,100,,1146459,4,,,1,100,,1146454,4,,,1,100,,1146455,4,,,1,100,,1146461,4,,,1,100,,1146457,4,,,1,100,,1146456,4,,,1,100,,1146462,4,,,1,100,,1146460,4,,,1,100,,1146463,4,,,1
4901,'8',612,,1146479,4,,,1,30,,1146471,4,,,1,70,,1146482,4,,,1,30,,1146468,4,,,1,60,,1146472,4,,,1,21,,1146467,4,,,1,30,,1146470,4,,,1,173,,1146465,4,,,1,200,,1146477,4,,,1,200,,1146474,4,,,1,28,,1146481,4,,,1,74,,1146473,4,,,1,31,,1146476,4,,,1,71,,1146478,4,,,1,29,,1146469,4,,,1,70,,1146475,4,,,1,28,,1146480,4,,,1,75,,1146464,4,,,1,82,,1146466,4,,,1
4901,'9',612,,1146483,4,,,1,30,,1146496,4,,,1,70,,1103488,4,,,1,30,,1146493,4,,,1,60,,1146500,4,,,1,21,,1146490,4,,,1,30,,1146494,4,,,1,173,,1146489,4,,,1,200,,1146485,4,,,1,200,,1146491,4,,,1,28,,1146492,4,,,1,74,,1146499,4,,,1,31,,1146487,4,,,1,71,,1146498,4,,,1,29,,1146484,4,,,1,70,,1146486,4,,,1,28,,1146488,4,,,1,75,,1146495,4,,,1,82,,1146497,4,,,1
