1901,'1',645,,1121920,35,0,45,1,72,,1121924,35,0,45,1,32,,1121926,35,0,45,1,58,,1121915,35,0,45,1,27,,1121904,35,,,1,70,,1121927,35,,,1,31,,1121909,35,,,1,69,,965837,35,,,1,25,,1009510,35,,,1,29,,1121928,35,,,1,71,,1121908,35,,,1,72,,1121925,35,,,1,30,,1121923,35,,,1,70,,1121918,35,,,1,33,,1121912,35,,,1,71,,1121916,35,,,1,32,,1121907,35,,,1,77,,969117,35,,,1,34,,1121932,35,,,1,68,,1121914,35,,,1,33,,1121919,35,,,1,69,,1121917,35,,,1,30,,980045,35,,,1,67,,1121905,35,,,1,27,,1019211,35,,,1,70,,1121922,35,,,1,24,,1121931,35,,,1,69,,1121906,35,,,1,27,,1121910,35,,,1,24,,1094600,35,,,1,66,,1121921,35,,,1,30,,1121911,35,0,45,1,68,,1095905,35,,,1,32,,1121913,35,0,45,1,99,,1121929,35,0,45,1,104,,1121930,35,0,45,1
1901,'10',645,,1121949,35,0,45,1,72,,1121953,35,0,45,1,32,,1121955,35,0,45,1,58,,1121944,35,0,45,1,27,,1121933,35,,,1,70,,1121956,35,,,1,31,,1121938,35,,,1,69,,965559,35,,,1,25,,1009548,35,,,1,29,,1121957,35,,,1,71,,1121937,35,,,1,72,,1121954,35,,,1,30,,1121952,35,,,1,70,,1121947,35,,,1,33,,1121941,35,,,1,71,,1121945,35,,,1,32,,1121936,35,,,1,77,,968791,35,,,1,34,,1121961,35,,,1,68,,1121943,35,,,1,33,,1121948,35,,,1,69,,1121946,35,,,1,30,,979778,35,,,1,67,,1121934,35,,,1,27,,1019294,35,,,1,70,,1121951,35,,,1,24,,1121960,35,,,1,69,,1121935,35,,,1,27,,1121939,35,,,1,24,,1094430,35,,,1,66,,1121950,35,,,1,30,,1121940,35,0,45,1,68,,1095763,35,,,1,32,,1121942,35,0,45,1,99,,1121958,35,0,45,1,104,,1121959,35,0,45,1
1901,'11',645,,1121978,35,0,45,1,72,,1121982,35,0,45,1,32,,1121984,35,0,45,1,58,,1121973,35,0,45,1,27,,1121962,35,,,1,70,,1121985,35,,,1,31,,1121967,35,,,1,69,,965795,35,,,1,25,,1009500,35,,,1,29,,1121986,35,,,1,71,,1121966,35,,,1,72,,1121983,35,,,1,30,,1121981,35,,,1,70,,1121976,35,,,1,33,,1121970,35,,,1,71,,1121974,35,,,1,32,,1121965,35,,,1,77,,969065,35,,,1,34,,1121990,35,,,1,68,,1121972,35,,,1,33,,1121977,35,,,1,69,,1121975,35,,,1,30,,979995,35,,,1,67,,1121963,35,,,1,27,,1019186,35,,,1,70,,1121980,35,,,1,24,,1121989,35,,,1,69,,1121964,35,,,1,27,,1121968,35,,,1,24,,1094642,35,,,1,66,,1121979,35,,,1,30,,1121969,35,0,45,1,68,,1095941,35,,,1,32,,1121971,35,0,45,1,99,,1121987,35,0,45,1,104,,1121988,35,0,45,1
1901,'12',645,,1122007,35,0,45,1,72,,1121992,35,0,45,1,32,,1122019,35,0,45,1,58,,1122025,35,0,45,1,27,,1122017,35,,,1,70,,1122018,35,,,1,31,,1122009,35,,,1,69,,1121994,35,,,1,25,,1122004,35,,,1,29,,1122023,35,,,1,71,,1122022,35,,,1,72,,1122024,35,,,1,30,,1074896,35,,,1,70,,1122014,35,,,1,33,,1121997,35,,,1,71,,1122001,35,,,1,32,,1122021,35,,,1,77,,1122002,35,,,1,34,,1122020,35,,,1,68,,1122003,35,,,1,33,,1121998,35,,,1,69,,1122015,35,,,1,30,,1121993,35,,,1,67,,1122005,35,,,1,27,,1122013,35,,,1,70,,1121999,35,,,1,24,,1122000,35,,,1,69,,1122011,35,,,1,27,,1121991,35,,,1,24,,1121996,35,,,1,66,,1121995,35,,,1,30,,1122010,35,0,45,1,68,,1122008,35,,,1,32,,1122006,35,0,45,1,99,,1122012,35,0,45,1,104,,1122016,35,0,45,1
1901,'13',919,,1122048,35,,,1,30,,1122049,35,,,1,72,,1122026,35,,,1,31,,1122044,35,,,1,70,,1122027,35,,,1,30,,1122040,35,,,1,70,,1122045,35,,,1,31,,1122030,35,,,1,70,,1122038,35,,,1,30,,1082583,35,,,1,70,,1067234,35,,,1,30,,1122041,35,,,1,70,,1122042,35,,,1,30,,1122046,35,,,1,70,,1122035,35,,,1,29,,1122029,35,,,1,70,,1122034,35,,,1,30,,1122031,35,,,1,70,,1122047,35,,,1,29,,1122032,35,,,1,70,,1122043,35,,,1,30,,1029401,35,0,45,1,70,,1122037,35,0,45,1,28,,1122036,35,0,45,1,70,,1122033,35,0,45,1,30,,1122028,35,0,45,1,98,,1122039,35,0,45,1,100,,1098977,35,0,45,1
1901,'14',645,,1122071,35,0,45,1,72,,1122075,35,0,45,1,32,,1122078,35,0,45,1,58,,1122066,35,0,45,1,27,,1122053,35,,,1,70,,1122079,35,,,1,31,,1122059,35,,,1,69,,1122052,35,,,1,25,,1122060,35,,,1,29,,1122080,35,,,1,71,,1122058,35,,,1,72,,1122076,35,,,1,30,,1122074,35,,,1,70,,1122069,35,,,1,33,,1122063,35,,,1,71,,1122067,35,,,1,32,,1122057,35,,,1,77,,1122077,35,,,1,34,,1122085,35,,,1,68,,1122065,35,,,1,33,,1122070,35,,,1,69,,1122068,35,,,1,30,,1122082,35,,,1,67,,1122054,35,,,1,27,,1122055,35,,,1,70,,1122073,35,,,1,24,,1122084,35,,,1,69,,1122056,35,,,1,27,,1122061,35,,,1,24,,1122051,35,,,1,66,,1122072,35,,,1,30,,1122062,35,0,45,1,68,,1122050,35,,,1,32,,1122064,35,0,45,1,99,,1122081,35,0,45,1,104,,1122083,35,0,45,1
1901,'15',645,,1122088,35,0,45,1,72,,1122105,35,0,45,1,32,,1122111,35,0,45,1,58,,1122115,35,0,45,1,27,,1122096,35,,,1,70,,1122102,35,,,1,31,,1122112,35,,,1,69,,1122089,35,,,1,25,,1122106,35,,,1,29,,1122114,35,,,1,71,,1122118,35,,,1,72,,1122091,35,,,1,30,,1122103,35,,,1,70,,1122121,35,,,1,33,,1122109,35,,,1,71,,1122094,35,,,1,32,,1122098,35,,,1,77,,1122110,35,,,1,34,,1122086,35,,,1,68,,1122120,35,,,1,33,,1122108,35,,,1,69,,1122116,35,,,1,30,,1122100,35,,,1,67,,1122119,35,,,1,27,,1122104,35,,,1,70,,1122095,35,,,1,24,,1122090,35,,,1,69,,1122113,35,,,1,27,,1122097,35,,,1,24,,1122117,35,,,1,66,,1122099,35,,,1,30,,1122087,35,0,45,1,68,,1122101,35,,,1,32,,1122092,35,0,45,1,99,,1122093,35,0,45,1,104,,1122107,35,0,45,1
1901,'16',645,,1122137,35,0,45,1,72,,1122123,35,0,45,1,32,,1122148,35,0,45,1,58,,1100067,35,0,45,1,27,,1122146,35,,,1,70,,1122147,35,,,1,31,,1122139,35,,,1,69,,1063648,35,,,1,25,,1122134,35,,,1,29,,1122152,35,,,1,71,,1122151,35,,,1,72,,1095663,35,,,1,30,,1122125,35,,,1,70,,1122143,35,,,1,33,,1122127,35,,,1,71,,1122131,35,,,1,32,,1122150,35,,,1,77,,1122132,35,,,1,34,,1122149,35,,,1,68,,1122133,35,,,1,33,,1122128,35,,,1,69,,1122144,35,,,1,30,,1122124,35,,,1,67,,1122135,35,,,1,27,,1122142,35,,,1,70,,1122129,35,,,1,24,,1122130,35,,,1,69,,1122140,35,,,1,27,,1122122,35,,,1,24,,1122126,35,,,1,66,,1101624,35,,,1,30,,1083643,35,0,45,1,68,,1122138,35,,,1,32,,1122136,35,0,45,1,99,,1122141,35,0,45,1,104,,1122145,35,0,45,1
1901,'17',919,,1122179,35,,,1,30,,1122180,35,,,1,72,,1122153,35,,,1,31,,1122174,35,,,1,70,,1122154,35,,,1,30,,1122170,35,,,1,70,,1122175,35,,,1,31,,1122158,35,,,1,70,,1122168,35,,,1,30,,1122178,35,,,1,70,,1122160,35,,,1,30,,1122171,35,,,1,70,,1122172,35,,,1,30,,1122176,35,,,1,70,,1122165,35,,,1,29,,1122157,35,,,1,70,,1122164,35,,,1,30,,1122161,35,,,1,70,,1122177,35,,,1,29,,1122162,35,,,1,70,,1122173,35,,,1,30,,1122155,35,0,45,1,70,,1122167,35,0,45,1,28,,1122166,35,0,45,1,70,,1122163,35,0,45,1,30,,1122156,35,0,45,1,98,,1122169,35,0,45,1,100,,1122159,35,0,45,1
1901,'2',846,,1122195,35,,,1,70,,1122196,35,,,1,30,,1122182,35,,,1,72,,1122198,35,,,1,31,,1122187,35,,,1,70,,1122199,35,,,1,30,,1122194,35,,,1,70,,1122188,35,,,1,31,,1122200,35,,,1,70,,1122203,35,,,1,30,,1122209,35,,,1,70,,1054758,35,,,1,30,,1122184,35,,,1,70,,1122192,35,,,1,30,,1122208,35,,,1,70,,1122183,35,,,1,29,,1122190,35,,,1,70,,1122202,35,,,1,30,,1122186,35,,,1,70,,1122205,35,,,1,29,,1122197,35,,,1,70,,1122189,35,,,1,30,,1122207,35,,,1,70,,1122206,35,,,1,28,,1122201,35,,,1,70,,1122191,35,,,1,30,,1122204,35,0,45,1,98,,1122181,35,0,45,1,100,,1122193,35,0,45,1,100,,1122185,35,0,45,1
1901,'3',919,,1122236,35,,,1,30,,1122237,35,,,1,72,,1122210,35,,,1,31,,1122231,35,,,1,70,,1122211,35,,,1,30,,1122227,35,,,1,70,,1122232,35,,,1,31,,1122215,35,,,1,70,,1122225,35,,,1,30,,1122235,35,,,1,70,,1122217,35,,,1,30,,1122228,35,,,1,70,,1122229,35,,,1,30,,1122233,35,,,1,70,,1122222,35,,,1,29,,1122214,35,,,1,70,,1122221,35,,,1,30,,1122218,35,,,1,70,,1122234,35,,,1,29,,1122219,35,,,1,70,,1122230,35,,,1,30,,1122212,35,0,45,1,70,,1122224,35,0,45,1,28,,1122223,35,0,45,1,70,,1122220,35,0,45,1,30,,1122213,35,0,45,1,98,,1122226,35,0,45,1,100,,1122216,35,0,45,1
1901,'4',919,,1122263,35,,,1,30,,1122264,35,,,1,72,,1122252,35,,,1,31,,1122245,35,,,1,70,,1122240,35,,,1,30,,1122241,35,,,1,70,,1122259,35,,,1,31,,1074855,35,,,1,70,,1122249,35,,,1,30,,1122250,35,,,1,70,,1122247,35,,,1,30,,1122253,35,,,1,70,,1122243,35,,,1,30,,1122238,35,,,1,70,,1122256,35,,,1,29,,1122244,35,,,1,70,,1122258,35,,,1,30,,1122248,35,,,1,70,,1122239,35,,,1,29,,1122251,35,,,1,70,,1122254,35,,,1,30,,1122246,35,0,45,1,70,,1122260,35,0,45,1,28,,1122242,35,0,45,1,70,,1122262,35,0,45,1,30,,1122257,35,0,45,1,98,,1122261,35,0,45,1,100,,1122255,35,0,45,1
1901,'5',645,,1122281,35,0,45,1,72,,1122285,35,0,45,1,32,,1122287,35,0,45,1,58,,1122276,35,0,45,1,27,,1122265,35,,,1,70,,1122288,35,,,1,31,,1122270,35,,,1,69,,965970,35,,,1,25,,1009458,35,,,1,29,,1122289,35,,,1,71,,1122269,35,,,1,72,,1122286,35,,,1,30,,1122284,35,,,1,70,,1122279,35,,,1,33,,1122273,35,,,1,71,,1122277,35,,,1,32,,1122268,35,,,1,77,,969288,35,,,1,34,,1122293,35,,,1,68,,1122275,35,,,1,33,,1122280,35,,,1,69,,1122278,35,,,1,30,,980201,35,,,1,67,,1122266,35,,,1,27,,1019074,35,,,1,70,,1122283,35,,,1,24,,1122292,35,,,1,69,,1122267,35,,,1,27,,1122271,35,,,1,24,,1094577,35,,,1,66,,1122282,35,,,1,30,,1122272,35,0,45,1,68,,1095886,35,,,1,32,,1122274,35,0,45,1,99,,1122290,35,0,45,1,104,,1122291,35,0,45,1
1901,'6',645,,1122306,35,0,45,1,72,,1055012,35,0,45,1,32,,1122318,35,0,45,1,58,,1122322,35,0,45,1,27,,1122316,35,,,1,70,,1122317,35,,,1,31,,1122308,35,,,1,69,,1122294,35,,,1,25,,1122304,35,,,1,29,,1064983,35,,,1,71,,1122320,35,,,1,72,,1122321,35,,,1,30,,1122296,35,,,1,70,,1122313,35,,,1,33,,995722,35,,,1,71,,1122301,35,,,1,32,,1122319,35,,,1,77,,1122302,35,,,1,34,,1034292,35,,,1,68,,1122303,35,,,1,33,,1122298,35,,,1,69,,1122314,35,,,1,30,,1027913,35,,,1,67,,1122305,35,,,1,27,,1122312,35,,,1,70,,1122299,35,,,1,24,,1122300,35,,,1,69,,1122310,35,,,1,27,,971018,35,,,1,24,,1122297,35,,,1,66,,1122295,35,,,1,30,,1122309,35,0,45,1,68,,1122307,35,,,1,32,,1063754,35,0,45,1,99,,1122311,35,0,45,1,104,,1122315,35,0,45,1
1901,'7',846,,1122352,35,,,1,70,,1122332,35,,,1,30,,1122350,35,,,1,72,,1122324,35,,,1,31,,1122349,35,,,1,70,,1122323,35,,,1,30,,1122339,35,,,1,70,,1122329,35,,,1,31,,1122335,35,,,1,70,,1122328,35,,,1,30,,1122348,35,,,1,70,,1122334,35,,,1,30,,1122327,35,,,1,70,,1122351,35,,,1,30,,1122345,35,,,1,70,,1122337,35,,,1,29,,1122325,35,,,1,70,,1122343,35,,,1,30,,1122331,35,,,1,70,,1122347,35,,,1,29,,1122326,35,,,1,70,,1122330,35,,,1,30,,1122336,35,,,1,70,,1122346,35,,,1,28,,1122340,35,,,1,70,,1122341,35,,,1,30,,1122342,35,0,45,1,98,,1122333,35,0,45,1,100,,1122344,35,0,45,1,100,,1122338,35,0,45,1
1901,'8',645,,1122370,35,0,45,1,72,,1122354,35,0,45,1,32,,1122382,35,0,45,1,58,,1122388,35,0,45,1,27,,1122380,35,,,1,70,,1122381,35,,,1,31,,1122372,35,,,1,69,,1122356,35,,,1,25,,1122367,35,,,1,29,,1122386,35,,,1,71,,1122385,35,,,1,72,,1122387,35,,,1,30,,1122358,35,,,1,70,,1122377,35,,,1,33,,1122360,35,,,1,71,,1122364,35,,,1,32,,1122384,35,,,1,77,,1122365,35,,,1,34,,1122383,35,,,1,68,,1122366,35,,,1,33,,1122361,35,,,1,69,,1122378,35,,,1,30,,1122355,35,,,1,67,,1122368,35,,,1,27,,1122376,35,,,1,70,,1122362,35,,,1,24,,1122363,35,,,1,69,,1122374,35,,,1,27,,1122353,35,,,1,24,,1122359,35,,,1,66,,1122357,35,,,1,30,,1122373,35,0,45,1,68,,1122371,35,,,1,32,,1122369,35,0,45,1,99,,1122375,35,0,45,1,104,,1122379,35,0,45,1
1901,'9',645,,1122405,35,0,45,1,72,,1122409,35,0,45,1,32,,1122411,35,0,45,1,58,,1122400,35,0,45,1,27,,1122389,35,,,1,70,,1122412,35,,,1,31,,1122394,35,,,1,69,,965928,35,,,1,25,,1009520,35,,,1,29,,1122413,35,,,1,71,,1122393,35,,,1,72,,1122410,35,,,1,30,,1122408,35,,,1,70,,1122403,35,,,1,33,,1122397,35,,,1,71,,1122401,35,,,1,32,,1122392,35,,,1,77,,969236,35,,,1,34,,1122417,35,,,1,68,,1122399,35,,,1,33,,1122404,35,,,1,69,,1122402,35,,,1,30,,980151,35,,,1,67,,1122390,35,,,1,27,,1019236,35,,,1,70,,1122407,35,,,1,24,,1122416,35,,,1,69,,1122391,35,,,1,27,,1122395,35,,,1,24,,1094480,35,,,1,66,,1122406,35,,,1,30,,1122396,35,0,45,1,68,,1095804,35,,,1,32,,1122398,35,0,45,1,99,,1122414,35,0,45,1,104,,1122415,35,0,45,1
3401,'1',1459,,1098384,5,,,1
3401,'10',1459,,1098238,5,,,1
3401,'11',1459,,1098424,5,,,1
3401,'12',1459,,1130621,5,,,1
3401,'14',1459,,1130690,5,,,1
3401,'15',1459,,1130726,5,,,1
3401,'16',1459,,1130747,5,,,1
3401,'5',1459,,1098366,5,,,1
3401,'6',1459,,1130890,5,,,1
3401,'8',1459,,1130950,5,,,1
3401,'9',1459,,1098286,5,,,1
62000,'1',1518,,1199090,6,,,1
62000,'10',1518,,1199091,6,,,1
62000,'11',1518,,1199092,6,,,1
62000,'12',1518,,965922,6,,,1
62000,'14',1518,,1199093,6,,,1
62000,'15',1518,,1199094,6,,,1
62000,'16',1518,,1199095,6,,,1
62000,'5',1518,,1199096,6,,,1
62000,'6',1518,,1199097,6,,,1
62000,'8',1518,,1199098,6,,,1
62000,'9',1518,,1199099,6,,,1
