2501,'1',614,,1125726,38,,,1,30,,1125728,55,,,1,75,,1070955,55,,,1,29,,1125701,55,,,1,71,,1028413,55,,,1,30,,1125692,55,,,1,69,,1125703,55,,,1,30,,1067408,55,,,1,53,,1125700,55,,,1,14,,1125693,55,,,1,14,,1125709,55,,,1,14,,1125713,55,,,1,15,,1125730,55,,,1,55,,1125691,55,,,1,16,,1125694,55,,,1,15,,1125681,55,,,1,57,,1125684,55,,,1,15,,1125689,55,,,1,16,,1071933,55,,,1,15,,1125714,55,,,1,55,,1125708,55,,,1,15,,1125718,55,,,1,15,,1125697,55,,,1,15,,1125707,55,,,1,56,,1125725,55,,,1,15,,1094139,55,,,1,15,,1125695,55,,,1,15,,1125729,55,,,1,56,,1125683,55,,,1,16,,1125688,55,,,1,18,,1125704,55,,,1,75,,1100970,55,,,1,15,,1125706,55,,,1,15,,1125722,55,,,1,57,,1125686,55,,,1,15,,1125702,55,,,1,14,,1096131,55,,,1,14,,1125705,55,,,1,14,,1125731,55,,,1,50,,1125682,55,,,1,14,,1125720,55,,,1,13,,1125723,55,,,1,14,,1125715,55,,,1,55,,1125687,55,,,1,14,,1125710,55,,,1,15,,1125698,55,,,1,27,,1125717,55,,,1,69,,1125690,55,,,1,26,,1125712,55,,,1,70,,1125699,55,,,1,30,,1125716,55,,,1,68,,1125711,55,,,1,29,,1125696,55,,,1,65,,1125727,55,,,1,26,,1125685,55,,,1,69,,1125721,55,,,1,40,,1125732,38,,,1,70,,1125724,38,,,1
2501,'10',614,,1125778,38,,,1,30,,1125780,55,,,1,75,,1070741,55,,,1,29,,1125753,55,,,1,71,,1028553,55,,,1,30,,1125744,55,,,1,69,,1125755,55,,,1,30,,1067116,55,,,1,53,,1125752,55,,,1,14,,1125745,55,,,1,14,,1125761,55,,,1,14,,1125765,55,,,1,15,,1125782,55,,,1,55,,1125743,55,,,1,16,,1125746,55,,,1,15,,1125733,55,,,1,57,,1125736,55,,,1,15,,1125741,55,,,1,16,,1071787,55,,,1,15,,1125766,55,,,1,55,,1125760,55,,,1,15,,1125770,55,,,1,15,,1125749,55,,,1,15,,1125759,55,,,1,56,,1125777,55,,,1,15,,1093919,55,,,1,15,,1125747,55,,,1,15,,1125781,55,,,1,56,,1125735,55,,,1,16,,1125740,55,,,1,18,,1125756,55,,,1,75,,1100809,55,,,1,15,,1125758,55,,,1,15,,1125774,55,,,1,57,,1125738,55,,,1,15,,1125754,55,,,1,14,,1095988,55,,,1,14,,1125757,55,,,1,14,,1125783,55,,,1,50,,1125734,55,,,1,14,,1125772,55,,,1,13,,1125775,55,,,1,14,,1125767,55,,,1,55,,1125739,55,,,1,14,,1125762,55,,,1,15,,1125750,55,,,1,27,,1125769,55,,,1,69,,1125742,55,,,1,26,,1125764,55,,,1,70,,1125751,55,,,1,30,,1125768,55,,,1,68,,1125763,55,,,1,29,,1125748,55,,,1,65,,1125779,55,,,1,26,,1125737,55,,,1,69,,1125773,55,,,1,40,,1125784,38,,,1,70,,1125776,38,,,1
2501,'11',614,,1125830,38,,,1,30,,1125832,55,,,1,75,,1071020,55,,,1,29,,1125805,55,,,1,71,,1028373,55,,,1,30,,1125796,55,,,1,69,,1125807,55,,,1,30,,1067490,55,,,1,53,,1125804,55,,,1,14,,1125797,55,,,1,14,,1125813,55,,,1,14,,1125817,55,,,1,15,,1125834,55,,,1,55,,1125795,55,,,1,16,,1125798,55,,,1,15,,1125785,55,,,1,57,,1125788,55,,,1,15,,1125793,55,,,1,16,,1071979,55,,,1,15,,1125818,55,,,1,55,,1125812,55,,,1,15,,1125822,55,,,1,15,,1125801,55,,,1,15,,1125811,55,,,1,56,,1125829,55,,,1,15,,1094202,55,,,1,15,,1125799,55,,,1,15,,1125833,55,,,1,56,,1125787,55,,,1,16,,1125792,55,,,1,18,,1125808,55,,,1,75,,1101007,55,,,1,15,,1125810,55,,,1,15,,1125826,55,,,1,57,,1125790,55,,,1,15,,1125806,55,,,1,14,,1096174,55,,,1,14,,1125809,55,,,1,14,,1125835,55,,,1,50,,1125786,55,,,1,14,,1125824,55,,,1,13,,1125827,55,,,1,14,,1125819,55,,,1,55,,1125791,55,,,1,14,,1125814,55,,,1,15,,1125802,55,,,1,27,,1125821,55,,,1,69,,1125794,55,,,1,26,,1125816,55,,,1,70,,1125803,55,,,1,30,,1125820,55,,,1,68,,1125815,55,,,1,29,,1125800,55,,,1,65,,1125831,55,,,1,26,,1125789,55,,,1,69,,1125825,55,,,1,40,,1125836,38,,,1,70,,1125828,38,,,1
2501,'12',614,,1125859,38,,,1,30,,936928,55,,,1,75,,1125867,55,,,1,29,,1066887,55,,,1,71,,1125845,55,,,1,30,,1125840,55,,,1,69,,1125851,55,,,1,30,,1125839,55,,,1,53,,1125874,55,,,1,14,,1098671,55,,,1,14,,1125862,55,,,1,14,,1101584,55,,,1,15,,1125838,55,,,1,55,,1125871,55,,,1,16,,1125863,55,,,1,15,,1125842,55,,,1,57,,1125879,55,,,1,15,,1125846,55,,,1,16,,1125872,55,,,1,15,,1125841,55,,,1,55,,1125865,55,,,1,15,,1125869,55,,,1,15,,1125853,55,,,1,15,,1125854,55,,,1,56,,1125878,55,,,1,15,,966936,55,,,1,15,,1125868,55,,,1,15,,1125870,55,,,1,56,,1125850,55,,,1,16,,1125864,55,,,1,18,,1125855,55,,,1,75,,1125856,55,,,1,15,,1125876,55,,,1,15,,1125844,55,,,1,57,,1125880,55,,,1,15,,1125860,55,,,1,14,,1125858,55,,,1,14,,1125873,55,,,1,14,,1125857,55,,,1,50,,1091846,55,,,1,14,,990402,55,,,1,13,,1125849,55,,,1,14,,1125843,55,,,1,55,,1125861,55,,,1,14,,1125881,55,,,1,15,,1125875,55,,,1,27,,1125866,55,,,1,69,,1125877,55,,,1,26,,1090444,55,,,1,70,,1047536,55,,,1,30,,1125837,55,,,1,68,,1064010,55,,,1,29,,1125882,55,,,1,65,,1097107,55,,,1,26,,1125852,55,,,1,69,,1125848,55,,,1,40,,1125847,38,,,1,70,,1074902,38,,,1
2501,'13',809,,1125894,38,,,1,30,,1125906,38,,,1,70,,1125900,38,,,1,31,,1125907,50,,,1,70,,1125884,50,,,1,32,,1125883,50,,,1,70,,1125898,50,,,1,30,,1125902,50,,,1,70,,1125890,50,,,1,31,,1125893,50,,,1,70,,1125885,50,,,1,30,,1125892,50,,,1,70,,1125887,50,,,1,30,,1125895,50,,,1,70,,1090725,50,,,1,30,,1125910,50,,,1,70,,1125905,50,,,1,30,,1125896,50,,,1,70,,1125897,50,,,1,30,,1071173,50,,,1,70,,1077432,50,,,1,28,,1125912,50,,,1,70,,1125886,50,,,1,30,,1125908,50,,,1,70,,1064605,38,,,1,30,,1125911,50,,,1,70,,1125909,38,,,1,28,,1125901,50,,,1,70,,1125899,38,,,1,30,,1125904,50,,,1,70,,1125891,38,,,1,30,,1125903,38,,,1,70,,1125889,38,,,1,30,,1125888,38,,,1
2501,'14',614,,1125964,38,,,1,30,,1125966,55,,,1,75,,1125967,55,,,1,29,,1125937,55,,,1,71,,1125917,55,,,1,30,,1125927,55,,,1,69,,1125939,55,,,1,30,,1125958,55,,,1,53,,1125936,55,,,1,14,,1125928,55,,,1,14,,1125945,55,,,1,14,,1125949,55,,,1,15,,1125969,55,,,1,55,,1125926,55,,,1,16,,1125930,55,,,1,15,,1125913,55,,,1,57,,1125916,55,,,1,15,,1125923,55,,,1,16,,1125929,55,,,1,15,,1125950,55,,,1,55,,1125944,55,,,1,15,,1125954,55,,,1,15,,1125933,55,,,1,15,,1125943,55,,,1,56,,1125963,55,,,1,15,,1125924,55,,,1,15,,1125931,55,,,1,15,,1125968,55,,,1,56,,1125915,55,,,1,16,,1125922,55,,,1,18,,1125940,55,,,1,75,,1125919,55,,,1,15,,1125942,55,,,1,15,,1125960,55,,,1,57,,1125920,55,,,1,15,,1125938,55,,,1,14,,1125957,55,,,1,14,,1125941,55,,,1,14,,1125970,55,,,1,50,,1125914,55,,,1,14,,1125956,55,,,1,13,,1125961,55,,,1,14,,1125951,55,,,1,55,,1125921,55,,,1,14,,1125946,55,,,1,15,,1125934,55,,,1,27,,1125953,55,,,1,69,,1125925,55,,,1,26,,1125948,55,,,1,70,,1125935,55,,,1,30,,1125952,55,,,1,68,,1125947,55,,,1,29,,1125932,55,,,1,65,,1125965,55,,,1,26,,1125918,55,,,1,69,,1125959,55,,,1,40,,1125971,38,,,1,70,,1125962,38,,,1
2501,'15',614,,1126022,38,,,1,30,,1125977,55,,,1,75,,1126024,55,,,1,29,,1126019,55,,,1,71,,1125987,55,,,1,30,,1126018,55,,,1,69,,1125979,55,,,1,30,,1126023,55,,,1,53,,1125993,55,,,1,14,,1126021,55,,,1,14,,1125998,55,,,1,14,,1125976,55,,,1,15,,1126029,55,,,1,55,,1126016,55,,,1,16,,1125984,55,,,1,15,,1126010,55,,,1,57,,1125974,55,,,1,15,,1125982,55,,,1,16,,1126001,55,,,1,15,,1126009,55,,,1,55,,1126028,55,,,1,15,,1125983,55,,,1,15,,1125992,55,,,1,15,,1126002,55,,,1,56,,1125978,55,,,1,15,,1126020,55,,,1,15,,1126007,55,,,1,15,,1126026,55,,,1,56,,1125986,55,,,1,16,,1126000,55,,,1,18,,1126013,55,,,1,75,,1126014,55,,,1,15,,1125995,55,,,1,15,,1126005,55,,,1,57,,1125988,55,,,1,15,,1126017,55,,,1,14,,1125973,55,,,1,14,,1126003,55,,,1,14,,1125997,55,,,1,50,,1125999,55,,,1,14,,1126030,55,,,1,13,,1126006,55,,,1,14,,1126004,55,,,1,55,,1125981,55,,,1,14,,1125994,55,,,1,15,,1125980,55,,,1,27,,1125985,55,,,1,69,,1125996,55,,,1,26,,1125991,55,,,1,70,,1126012,55,,,1,30,,1126015,55,,,1,68,,1126027,55,,,1,29,,1125975,55,,,1,65,,1126025,55,,,1,26,,1125972,55,,,1,69,,1126008,55,,,1,40,,1126011,38,,,1,70,,1125989,38,,,1
2501,'16',614,,1126057,38,,,1,30,,1126033,55,,,1,75,,1126066,55,,,1,29,,1126069,55,,,1,71,,1101206,55,,,1,30,,1126035,55,,,1,69,,1126050,55,,,1,30,,1073041,55,,,1,53,,1126074,55,,,1,14,,1126037,55,,,1,14,,1070974,55,,,1,14,,1126077,55,,,1,15,,1126032,55,,,1,55,,1126071,55,,,1,16,,1126061,55,,,1,15,,1126038,55,,,1,57,,1126080,55,,,1,15,,1126046,55,,,1,16,,1126072,55,,,1,15,,1126036,55,,,1,55,,1126064,55,,,1,15,,1126068,55,,,1,15,,1126052,55,,,1,15,,1126053,55,,,1,56,,1072650,55,,,1,15,,1126034,55,,,1,15,,1126067,55,,,1,15,,1126070,55,,,1,56,,1064149,55,,,1,16,,1126063,55,,,1,18,,1126054,55,,,1,75,,1126055,55,,,1,15,,1126076,55,,,1,15,,1126042,55,,,1,57,,1101632,55,,,1,15,,1126058,55,,,1,14,,1126056,55,,,1,14,,1126073,55,,,1,14,,947163,55,,,1,50,,1126044,55,,,1,14,,1126040,55,,,1,13,,1126049,55,,,1,14,,1126039,55,,,1,55,,1126060,55,,,1,14,,1094185,55,,,1,15,,1126075,55,,,1,27,,1126065,55,,,1,69,,1126079,55,,,1,26,,1126078,55,,,1,70,,1126059,55,,,1,30,,1126031,55,,,1,68,,1126043,55,,,1,29,,1090922,55,,,1,65,,1126062,55,,,1,26,,1126051,55,,,1,69,,1126048,55,,,1,40,,1126047,38,,,1,70,,1126045,38,,,1
2501,'17',809,,1126096,38,,,1,30,,1126108,38,,,1,70,,1126102,38,,,1,31,,1126109,50,,,1,70,,1126083,50,,,1,32,,1126081,50,,,1,70,,1126100,50,,,1,30,,1126104,50,,,1,70,,1126091,50,,,1,31,,1126095,50,,,1,70,,1126084,50,,,1,30,,1126093,50,,,1,70,,1126088,50,,,1,30,,1126097,50,,,1,70,,1126082,50,,,1,30,,1126112,50,,,1,70,,1126107,50,,,1,30,,1126098,50,,,1,70,,1126099,50,,,1,30,,1126087,50,,,1,70,,1126094,50,,,1,28,,1126114,50,,,1,70,,1126086,50,,,1,30,,1126110,50,,,1,70,,1126085,38,,,1,30,,1126113,50,,,1,70,,1126111,38,,,1,28,,1126103,50,,,1,70,,1126101,38,,,1,30,,1126106,50,,,1,70,,1126092,38,,,1,30,,1126105,38,,,1,70,,1126090,38,,,1,30,,1126089,38,,,1
2501,'2',748,,1126136,38,,,1,72,,1126123,50,,,1,30,,1126140,38,,,1,70,,1126138,50,,,1,31,,1126134,50,,,1,70,,1066732,50,,,1,32,,1126135,50,,,1,70,,1040168,50,,,1,30,,1126126,50,,,1,70,,1067163,50,,,1,31,,1126143,50,,,1,70,,1126116,50,,,1,30,,1081506,50,,,1,70,,1126129,50,,,1,30,,1126124,50,,,1,70,,1126121,50,,,1,30,,1092619,50,,,1,70,,1126118,50,,,1,30,,1126117,50,,,1,70,,1126133,50,,,1,30,,1126128,50,,,1,70,,1126132,50,,,1,28,,1126141,50,,,1,70,,1126137,50,,,1,30,,1126131,50,,,1,69,,1096011,38,,,1,30,,1126139,50,,,1,70,,1126115,38,,,1,28,,1126130,50,,,1,70,,1126119,38,,,1,30,,1092617,50,,,1,70,,1126122,38,,,1,30,,1126127,50,,,1,70,,1126120,38,,,1,30,,1126142,38,,,1,70,,1126125,38,,,1,30,,1085795,38,,,1
2501,'3',809,,1126159,38,,,1,30,,1126171,38,,,1,70,,1126165,38,,,1,31,,1126172,50,,,1,70,,1126146,50,,,1,32,,1126144,50,,,1,70,,1126163,50,,,1,30,,1126167,50,,,1,70,,1126154,50,,,1,31,,1126158,50,,,1,70,,1126147,50,,,1,30,,1126156,50,,,1,70,,1126151,50,,,1,30,,1126160,50,,,1,70,,1126145,50,,,1,30,,1126175,50,,,1,70,,1126170,50,,,1,30,,1126161,50,,,1,70,,1126162,50,,,1,30,,1126150,50,,,1,70,,1126157,50,,,1,28,,1126177,50,,,1,70,,1126149,50,,,1,30,,1126173,50,,,1,70,,1126148,38,,,1,30,,1126176,50,,,1,70,,1126174,38,,,1,28,,1126166,50,,,1,70,,1126164,38,,,1,30,,1126169,50,,,1,70,,1126155,38,,,1,30,,1126168,38,,,1,70,,1126153,38,,,1,30,,1126152,38,,,1
2501,'4',809,,1126192,38,,,1,30,,1126184,38,,,1,70,,1126193,38,,,1,31,,1126179,50,,,1,70,,1126204,50,,,1,32,,1126191,50,,,1,70,,1090783,50,,,1,30,,1126196,50,,,1,70,,1126182,50,,,1,31,,1126200,50,,,1,70,,1126186,50,,,1,30,,1126180,50,,,1,70,,1126197,50,,,1,30,,1126198,50,,,1,70,,1126194,50,,,1,30,,1126181,50,,,1,70,,1001815,50,,,1,30,,1126183,50,,,1,70,,1126199,50,,,1,30,,1030639,50,,,1,70,,1092746,50,,,1,28,,1126203,50,,,1,70,,1126202,50,,,1,30,,1126187,50,,,1,70,,1126195,38,,,1,30,,1126178,50,,,1,70,,1126190,38,,,1,28,,994494,50,,,1,70,,1063481,38,,,1,30,,1126205,50,,,1,70,,1126188,38,,,1,30,,1126201,38,,,1,70,,1126185,38,,,1,30,,1126189,38,,,1
2501,'5',614,,1126251,38,,,1,30,,1126253,55,,,1,75,,1070916,55,,,1,29,,1126226,55,,,1,71,,1028173,55,,,1,30,,1126217,55,,,1,69,,1126228,55,,,1,30,,1059493,55,,,1,53,,1126225,55,,,1,14,,1126218,55,,,1,14,,1126234,55,,,1,14,,1126238,55,,,1,15,,1126255,55,,,1,55,,1126216,55,,,1,16,,1126219,55,,,1,15,,1126206,55,,,1,57,,1126209,55,,,1,15,,1126214,55,,,1,16,,1071909,55,,,1,15,,1126239,55,,,1,55,,1126233,55,,,1,15,,1126243,55,,,1,15,,1126222,55,,,1,15,,1126232,55,,,1,56,,1126250,55,,,1,15,,1094100,55,,,1,15,,1126220,55,,,1,15,,1126254,55,,,1,56,,1126208,55,,,1,16,,1126213,55,,,1,18,,1126229,55,,,1,75,,1100948,55,,,1,15,,1126231,55,,,1,15,,1126247,55,,,1,57,,1126211,55,,,1,15,,1126227,55,,,1,14,,1096111,55,,,1,14,,1126230,55,,,1,14,,1126256,55,,,1,50,,1126207,55,,,1,14,,1126245,55,,,1,13,,1126248,55,,,1,14,,1126240,55,,,1,55,,1126212,55,,,1,14,,1126235,55,,,1,15,,1126223,55,,,1,27,,1126242,55,,,1,69,,1126215,55,,,1,26,,1126237,55,,,1,70,,1126224,55,,,1,30,,1126241,55,,,1,68,,1126236,55,,,1,29,,1126221,55,,,1,65,,1126252,55,,,1,26,,1126210,55,,,1,69,,1126246,55,,,1,40,,1126257,38,,,1,70,,1126249,38,,,1
2501,'6',614,,1126282,38,,,1,30,,1126260,55,,,1,75,,1126291,55,,,1,29,,1126294,55,,,1,71,,1126270,55,,,1,30,,1053252,55,,,1,69,,1126276,55,,,1,30,,1126259,55,,,1,53,,1069662,55,,,1,14,,1126263,55,,,1,14,,1126286,55,,,1,14,,1126301,55,,,1,15,,1056497,55,,,1,55,,1126296,55,,,1,16,,1126287,55,,,1,15,,961429,55,,,1,57,,1126304,55,,,1,15,,1083323,55,,,1,16,,1126297,55,,,1,15,,1126262,55,,,1,55,,1126289,55,,,1,15,,1126293,55,,,1,15,,1126277,55,,,1,15,,1126278,55,,,1,56,,1126303,55,,,1,15,,1126261,55,,,1,15,,1126292,55,,,1,15,,1126295,55,,,1,56,,1126275,55,,,1,16,,1011547,55,,,1,18,,1126279,55,,,1,75,,1126280,55,,,1,15,,1126300,55,,,1,15,,1126267,55,,,1,57,,1126305,55,,,1,15,,1126283,55,,,1,14,,1072897,55,,,1,14,,1126298,55,,,1,14,,1126281,55,,,1,50,,1126269,55,,,1,14,,1126265,55,,,1,13,,1126274,55,,,1,14,,1126264,55,,,1,55,,1126285,55,,,1,14,,1126306,55,,,1,15,,1126299,55,,,1,27,,1126290,55,,,1,69,,1071054,55,,,1,26,,1126302,55,,,1,70,,1126284,55,,,1,30,,1126258,55,,,1,68,,1126268,55,,,1,29,,1126307,55,,,1,65,,1126288,55,,,1,26,,1057314,55,,,1,69,,1126273,55,,,1,40,,1126272,38,,,1,70,,1126271,38,,,1
2501,'7',748,,1126330,38,,,1,72,,1126325,50,,,1,30,,1126324,38,,,1,70,,1126342,50,,,1,31,,1126323,50,,,1,70,,1126311,50,,,1,32,,1126316,50,,,1,70,,1126344,50,,,1,30,,1126332,50,,,1,70,,1126331,50,,,1,31,,1126319,50,,,1,70,,1126320,50,,,1,30,,1126326,50,,,1,70,,1126312,50,,,1,30,,1126335,50,,,1,70,,1126334,50,,,1,30,,1126318,50,,,1,70,,1126315,50,,,1,30,,1126308,50,,,1,70,,1126328,50,,,1,30,,1126322,50,,,1,70,,1126309,50,,,1,28,,1126321,50,,,1,70,,1126337,50,,,1,30,,1126339,50,,,1,69,,1126314,38,,,1,30,,1126313,50,,,1,70,,1126338,38,,,1,28,,1126340,50,,,1,70,,1126329,38,,,1,30,,1126317,50,,,1,70,,1126327,38,,,1,30,,1126336,50,,,1,70,,1126310,38,,,1,30,,1126341,38,,,1,70,,1126333,38,,,1,30,,1126343,38,,,1
2501,'8',614,,1126375,38,,,1,30,,1126348,55,,,1,75,,1126385,55,,,1,29,,1126388,55,,,1,71,,1126360,55,,,1,30,,1126350,55,,,1,69,,1126367,55,,,1,30,,1126347,55,,,1,53,,1126393,55,,,1,14,,1126352,55,,,1,14,,1126379,55,,,1,14,,1126396,55,,,1,15,,1126346,55,,,1,55,,1126390,55,,,1,16,,1126380,55,,,1,15,,1126353,55,,,1,57,,1126400,55,,,1,15,,1126362,55,,,1,16,,1126391,55,,,1,15,,1126351,55,,,1,55,,1126383,55,,,1,15,,1126387,55,,,1,15,,1126369,55,,,1,15,,1126370,55,,,1,56,,1126399,55,,,1,15,,1126349,55,,,1,15,,1126386,55,,,1,15,,1126389,55,,,1,56,,1126366,55,,,1,16,,1126382,55,,,1,18,,1126371,55,,,1,75,,1126372,55,,,1,15,,1126395,55,,,1,15,,1126357,55,,,1,57,,1126401,55,,,1,15,,1126376,55,,,1,14,,1126374,55,,,1,14,,1126392,55,,,1,14,,1126373,55,,,1,50,,1126359,55,,,1,14,,1126355,55,,,1,13,,1126365,55,,,1,14,,1126354,55,,,1,55,,1126378,55,,,1,14,,1126402,55,,,1,15,,1126394,55,,,1,27,,1126384,55,,,1,69,,1126398,55,,,1,26,,1126397,55,,,1,70,,1126377,55,,,1,30,,1126345,55,,,1,68,,1126358,55,,,1,29,,1126403,55,,,1,65,,1126381,55,,,1,26,,1126368,55,,,1,69,,1126364,55,,,1,40,,1126363,38,,,1,70,,1126361,38,,,1
2501,'9',614,,1126449,38,,,1,30,,1126451,55,,,1,75,,1070808,55,,,1,29,,1126424,55,,,1,71,,1028453,55,,,1,30,,1126415,55,,,1,69,,1126426,55,,,1,30,,1067208,55,,,1,53,,1126423,55,,,1,14,,1126416,55,,,1,14,,1126432,55,,,1,14,,1126436,55,,,1,15,,1126453,55,,,1,55,,1126414,55,,,1,16,,1126417,55,,,1,15,,1126404,55,,,1,57,,1126407,55,,,1,15,,1126412,55,,,1,16,,1071837,55,,,1,15,,1126437,55,,,1,55,,1126431,55,,,1,15,,1126441,55,,,1,15,,1126420,55,,,1,15,,1126430,55,,,1,56,,1126448,55,,,1,15,,1093989,55,,,1,15,,1126418,55,,,1,15,,1126452,55,,,1,56,,1126406,55,,,1,16,,1126411,55,,,1,18,,1126427,55,,,1,75,,1100857,55,,,1,15,,1126429,55,,,1,15,,1126445,55,,,1,57,,1126409,55,,,1,15,,1126425,55,,,1,14,,1096034,55,,,1,14,,1126428,55,,,1,14,,1126454,55,,,1,50,,1126405,55,,,1,14,,1126443,55,,,1,13,,1126446,55,,,1,14,,1126438,55,,,1,55,,1126410,55,,,1,14,,1126433,55,,,1,15,,1126421,55,,,1,27,,1126440,55,,,1,69,,1126413,55,,,1,26,,1126435,55,,,1,70,,1126422,55,,,1,30,,1126439,55,,,1,68,,1126434,55,,,1,29,,1126419,55,,,1,65,,1126450,55,,,1,26,,1126408,55,,,1,69,,1126444,55,,,1,40,,1126455,38,,,1,70,,1126447,38,,,1
3001,'1',601,,1102813,35,,,1,47,,1127362,35,,,1,71,,1127358,35,,,1,30,,1102280,35,,,1,69,,1127351,35,,,1,32,,1127356,35,,,1,68,,999577,35,,,1,28,,1127346,35,,,1,69,,1127357,35,,,1,30,,1127374,35,,,1,70,,1127348,35,,,1,30,,1102840,35,,,1,70,,1127360,35,,,1,30,,1127347,35,,,1,70,,1127354,35,,,1,33,,1127371,35,,,1,70,,1052874,35,,,1,33,,1093780,35,,,1,70,,1103440,35,,,1,25,,1127353,35,,,1,57,,1070132,35,,,1,30,,1099827,35,,,1,15,,1081049,35,,,1,55,,1127370,35,,,1,15,,1127369,35,,,1,15,,1127363,35,,,1,15,,1060037,35,,,1,55,,1127350,35,,,1,14,,1127359,35,,,1,14,,1074980,35,,,1,12,,1127368,35,,,1,14,,1127364,35,,,1,54,,1127355,35,,,1,17,,1127352,35,,,1,27,,1127367,35,,,1,70,,1127373,35,,,1,31,,1127366,35,,,1,69,,1127361,35,,,1,32,,1127365,35,,,1,66,,1127349,35,,,1,106,,1127372,35,,,1
3001,'10',601,,1102807,35,,,1,47,,1127391,35,,,1,71,,1127387,35,,,1,30,,1102271,35,,,1,69,,1127380,35,,,1,32,,1127385,35,,,1,68,,999737,35,,,1,28,,1127375,35,,,1,69,,1127386,35,,,1,30,,1127403,35,,,1,70,,1127377,35,,,1,30,,1102837,35,,,1,70,,1127389,35,,,1,30,,1127376,35,,,1,70,,1127383,35,,,1,33,,1127400,35,,,1,70,,1052920,35,,,1,33,,1093580,35,,,1,70,,1103425,35,,,1,25,,1127382,35,,,1,57,,1070126,35,,,1,30,,1099741,35,,,1,15,,1080867,35,,,1,55,,1127399,35,,,1,15,,1127398,35,,,1,15,,1127392,35,,,1,15,,1060043,35,,,1,55,,1127379,35,,,1,14,,1127388,35,,,1,14,,1074608,35,,,1,12,,1127397,35,,,1,14,,1127393,35,,,1,54,,1127384,35,,,1,17,,1127381,35,,,1,27,,1127396,35,,,1,70,,1127402,35,,,1,31,,1127395,35,,,1,69,,1127390,35,,,1,32,,1127394,35,,,1,66,,1127378,35,,,1,106,,1127401,35,,,1
3001,'11',601,,1102815,35,,,1,47,,1127420,35,,,1,71,,1127416,35,,,1,30,,1102283,35,,,1,69,,1127409,35,,,1,32,,1127414,35,,,1,68,,999528,35,,,1,28,,1127404,35,,,1,69,,1127415,35,,,1,30,,1127432,35,,,1,70,,1127406,35,,,1,30,,1102841,35,,,1,70,,1127418,35,,,1,30,,1127405,35,,,1,70,,1127412,35,,,1,33,,1127429,35,,,1,70,,1052861,35,,,1,33,,1093840,35,,,1,70,,1103445,35,,,1,25,,1127411,35,,,1,57,,1070134,35,,,1,30,,1099853,35,,,1,15,,1081103,35,,,1,55,,1127428,35,,,1,15,,1127427,35,,,1,15,,1127421,35,,,1,15,,1060035,35,,,1,55,,1127408,35,,,1,14,,1127417,35,,,1,14,,1075086,35,,,1,12,,1127426,35,,,1,14,,1127422,35,,,1,54,,1127413,35,,,1,17,,1127410,35,,,1,27,,1127425,35,,,1,70,,1127431,35,,,1,31,,1127424,35,,,1,69,,1127419,35,,,1,32,,1127423,35,,,1,66,,1127407,35,,,1,106,,1127430,35,,,1
3001,'12',601,,1127441,35,,,1,47,,1087498,35,,,1,71,,1127451,35,,,1,30,,1127455,35,,,1,69,,1127454,35,,,1,32,,1127440,35,,,1,68,,1127469,35,,,1,28,,1127465,35,,,1,69,,1074477,35,,,1,30,,1127461,35,,,1,70,,1127459,35,,,1,30,,1127437,35,,,1,70,,1127456,35,,,1,30,,1127446,35,,,1,70,,1127442,35,,,1,33,,1127466,35,,,1,70,,1127464,35,,,1,33,,1127460,35,,,1,70,,1127439,35,,,1,25,,1127463,35,,,1,57,,1054461,35,,,1,30,,1127444,35,,,1,15,,1127445,35,,,1,55,,1127443,35,,,1,15,,1127467,35,,,1,15,,1127436,35,,,1,15,,1127462,35,,,1,55,,1127468,35,,,1,14,,1127438,35,,,1,14,,1127458,35,,,1,12,,1127434,35,,,1,14,,1127457,35,,,1,54,,1074889,35,,,1,17,,1127447,35,,,1,27,,1127453,35,,,1,70,,1127448,35,,,1,31,,1127449,35,,,1,69,,1127450,35,,,1,32,,1127433,35,,,1,66,,1127452,35,,,1,106,,1127435,35,,,1
3001,'13',812,,1127487,35,,,1,101,,1127476,35,,,1,101,,1127481,35,,,1,30,,1127474,35,,,1,70,,1127477,35,,,1,30,,1127471,35,,,1,70,,1127473,35,,,1,32,,1127488,35,,,1,70,,1127491,35,,,1,30,,1087135,35,,,1,70,,1127482,35,,,1,30,,1066030,35,,,1,70,,1127485,35,,,1,30,,1127479,35,,,1,70,,1127483,35,,,1,30,,1127486,35,,,1,70,,1100874,35,,,1,30,,1127472,35,,,1,70,,1127478,35,,,1,30,,1127480,35,,,1,70,,1127490,35,,,1,28,,1127475,35,,,1,70,,1127489,35,,,1,29,,1127470,35,,,1,100,,1127484,35,,,1,100,,1127492,35,,,1
3001,'14',601,,1127501,35,,,1,47,,1127518,35,,,1,71,,1127514,35,,,1,30,,1127522,35,,,1,69,,1127506,35,,,1,32,,1127511,35,,,1,68,,1127502,35,,,1,28,,1127496,35,,,1,69,,1127512,35,,,1,30,,1127532,35,,,1,70,,1127500,35,,,1,30,,1127504,35,,,1,70,,1127516,35,,,1,30,,1127497,35,,,1,70,,1127509,35,,,1,33,,1127528,35,,,1,70,,1127533,35,,,1,33,,1127494,35,,,1,70,,1127493,35,,,1,25,,1127508,35,,,1,57,,1127513,35,,,1,30,,1127498,35,,,1,15,,1127531,35,,,1,55,,1127527,35,,,1,15,,1127526,35,,,1,15,,1127519,35,,,1,15,,1127495,35,,,1,55,,1127505,35,,,1,14,,1127515,35,,,1,14,,1127499,35,,,1,12,,1127525,35,,,1,14,,1127520,35,,,1,54,,1127510,35,,,1,17,,1127507,35,,,1,27,,1127524,35,,,1,70,,1127530,35,,,1,31,,1127523,35,,,1,69,,1127517,35,,,1,32,,1127521,35,,,1,66,,1127503,35,,,1,106,,1127529,35,,,1
3001,'15',601,,1127542,35,,,1,47,,1127555,35,,,1,71,,1127554,35,,,1,30,,1127565,35,,,1,69,,1127543,35,,,1,32,,1127572,35,,,1,68,,1127557,35,,,1,28,,1127535,35,,,1,69,,1127551,35,,,1,30,,1127574,35,,,1,70,,1127566,35,,,1,30,,1127534,35,,,1,70,,1127536,35,,,1,30,,1127548,35,,,1,70,,1127569,35,,,1,33,,1127553,35,,,1,70,,1127564,35,,,1,33,,1127550,35,,,1,70,,1127552,35,,,1,25,,1127540,35,,,1,57,,1127560,35,,,1,30,,1127563,35,,,1,15,,1127545,35,,,1,55,,1127546,35,,,1,15,,1127539,35,,,1,15,,1127538,35,,,1,15,,1127537,35,,,1,55,,1127558,35,,,1,14,,1127562,35,,,1,14,,1127544,35,,,1,12,,1127556,35,,,1,14,,1127561,35,,,1,54,,1127571,35,,,1,17,,1127549,35,,,1,27,,1127570,35,,,1,70,,1127547,35,,,1,31,,1127559,35,,,1,69,,1127568,35,,,1,32,,1127573,35,,,1,66,,1127567,35,,,1,106,,1127541,35,,,1
3001,'16',601,,1127585,35,,,1,47,,1127612,35,,,1,71,,1127595,35,,,1,30,,1127599,35,,,1,69,,1127598,35,,,1,32,,1127584,35,,,1,68,,1076342,35,,,1,28,,1076337,35,,,1,69,,1127580,35,,,1,30,,1127605,35,,,1,70,,1127603,35,,,1,30,,1127581,35,,,1,70,,1127600,35,,,1,30,,1127590,35,,,1,70,,1127586,35,,,1,33,,1127610,35,,,1,70,,1127609,35,,,1,33,,1127604,35,,,1,70,,1127583,35,,,1,25,,1127608,35,,,1,57,,1127607,35,,,1,30,,1127588,35,,,1,15,,1127589,35,,,1,55,,1127587,35,,,1,15,,1127611,35,,,1,15,,1127579,35,,,1,15,,1127606,35,,,1,55,,1127613,35,,,1,14,,1127582,35,,,1,14,,1127602,35,,,1,12,,1127577,35,,,1,14,,1127601,35,,,1,54,,1127576,35,,,1,17,,1127591,35,,,1,27,,1127597,35,,,1,70,,1127592,35,,,1,31,,1127593,35,,,1,69,,1127594,35,,,1,32,,1127575,35,,,1,66,,1127596,35,,,1,106,,1127578,35,,,1
3001,'17',812,,1127633,35,,,1,101,,1127622,35,,,1,101,,1127627,35,,,1,30,,1127619,35,,,1,70,,1127623,35,,,1,30,,1127615,35,,,1,70,,1127618,35,,,1,32,,1127634,35,,,1,70,,1127638,35,,,1,30,,1127637,35,,,1,70,,1127628,35,,,1,30,,1127616,35,,,1,70,,1127631,35,,,1,30,,1127625,35,,,1,70,,1127629,35,,,1,30,,1127632,35,,,1,70,,1127620,35,,,1,30,,1127617,35,,,1,70,,1127624,35,,,1,30,,1127626,35,,,1,70,,1127636,35,,,1,28,,1127621,35,,,1,70,,1127635,35,,,1,29,,1127614,35,,,1,100,,1127630,35,,,1,100,,1127639,35,,,1
3001,'2',742,,1127659,35,,,1,101,,1127647,35,,,1,70,,1127666,35,,,1,33,,1127660,35,,,1,68,,1127654,35,,,1,30,,1127658,35,,,1,70,,1127664,35,,,1,30,,1127656,35,,,1,70,,1127643,35,,,1,32,,1127653,35,,,1,70,,1127644,35,,,1,30,,1100340,35,,,1,70,,1127645,35,,,1,30,,1127661,35,,,1,70,,1127663,35,,,1,30,,1127651,35,,,1,70,,1127646,35,,,1,30,,1127650,35,,,1,70,,1127648,35,,,1,30,,1127649,35,,,1,70,,1127641,35,,,1,30,,1127640,35,,,1,70,,1127657,35,,,1,28,,1127665,35,,,1,70,,1127662,35,,,1,29,,1127655,35,,,1,70,,1127652,35,,,1,30,,1127642,35,,,1,100,,1052270,35,,,1
3001,'3',812,,1127686,35,,,1,101,,1127675,35,,,1,101,,1127680,35,,,1,30,,1127672,35,,,1,70,,1127676,35,,,1,30,,1127668,35,,,1,70,,1127671,35,,,1,32,,1127687,35,,,1,70,,1127691,35,,,1,30,,1127690,35,,,1,70,,1127681,35,,,1,30,,1127669,35,,,1,70,,1127684,35,,,1,30,,1127678,35,,,1,70,,1127682,35,,,1,30,,1127685,35,,,1,70,,1127673,35,,,1,30,,1127670,35,,,1,70,,1127677,35,,,1,30,,1127679,35,,,1,70,,1127689,35,,,1,28,,1127674,35,,,1,70,,1127688,35,,,1,29,,1127667,35,,,1,100,,1127683,35,,,1,100,,1127692,35,,,1
3001,'4',812,,1127707,35,,,1,101,,1090767,35,,,1,101,,1127703,35,,,1,30,,1127696,35,,,1,70,,1127706,35,,,1,30,,1127712,35,,,1,70,,1127697,35,,,1,32,,1127701,35,,,1,70,,1127713,35,,,1,30,,1076194,35,,,1,70,,1127708,35,,,1,30,,1127693,35,,,1,70,,1127704,35,,,1,30,,1127695,35,,,1,70,,1127705,35,,,1,30,,1071870,35,,,1,70,,1127699,35,,,1,30,,1127702,35,,,1,70,,1027743,35,,,1,30,,1127709,35,,,1,70,,1127714,35,,,1,28,,1127700,35,,,1,70,,1127698,35,,,1,29,,1127711,35,,,1,100,,1127694,35,,,1,100,,1127710,35,,,1
3001,'5',601,,1102811,35,,,1,47,,1127731,35,,,1,71,,1127727,35,,,1,30,,1102277,35,,,1,69,,1127720,35,,,1,32,,1127725,35,,,1,68,,999317,35,,,1,28,,1127715,35,,,1,69,,1127726,35,,,1,30,,1127743,35,,,1,70,,1127717,35,,,1,30,,1102839,35,,,1,70,,1127729,35,,,1,30,,1127716,35,,,1,70,,1127723,35,,,1,33,,1127740,35,,,1,70,,1052773,35,,,1,33,,1093745,35,,,1,70,,1103435,35,,,1,25,,1127722,35,,,1,57,,1070130,35,,,1,30,,1099813,35,,,1,15,,1081020,35,,,1,55,,1127739,35,,,1,15,,1127738,35,,,1,15,,1127732,35,,,1,15,,1060031,35,,,1,55,,1127719,35,,,1,14,,1127728,35,,,1,14,,1074928,35,,,1,12,,1127737,35,,,1,14,,1127733,35,,,1,54,,1127724,35,,,1,17,,1127721,35,,,1,27,,1127736,35,,,1,70,,1127742,35,,,1,31,,1127735,35,,,1,69,,1127730,35,,,1,32,,1127734,35,,,1,66,,1127718,35,,,1,106,,1127741,35,,,1
3001,'6',601,,1127751,35,,,1,47,,1127777,35,,,1,71,,1127761,35,,,1,30,,1127765,35,,,1,69,,1127764,35,,,1,32,,1127750,35,,,1,68,,1127778,35,,,1,28,,1127776,35,,,1,69,,1127747,35,,,1,30,,1127771,35,,,1,70,,1127769,35,,,1,30,,1031861,35,,,1,70,,1127766,35,,,1,30,,1127756,35,,,1,70,,1127752,35,,,1,33,,1013270,35,,,1,70,,1127775,35,,,1,33,,1127770,35,,,1,70,,1127749,35,,,1,25,,1127774,35,,,1,57,,1127773,35,,,1,30,,1127754,35,,,1,15,,1127755,35,,,1,55,,1127753,35,,,1,15,,1101479,35,,,1,15,,1127746,35,,,1,15,,1127772,35,,,1,55,,1071532,35,,,1,14,,1127748,35,,,1,14,,1127768,35,,,1,12,,1127745,35,,,1,14,,1127767,35,,,1,54,,1127744,35,,,1,17,,1127757,35,,,1,27,,1127763,35,,,1,70,,1127758,35,,,1,31,,1127759,35,,,1,69,,1127760,35,,,1,32,,1067501,35,,,1,66,,1127762,35,,,1,106,,1091699,35,,,1
3001,'7',742,,1127789,35,,,1,101,,1127801,35,,,1,70,,1127803,35,,,1,33,,1127792,35,,,1,68,,1127806,35,,,1,30,,1127783,35,,,1,70,,1127797,35,,,1,30,,1127785,35,,,1,70,,1127786,35,,,1,32,,1127779,35,,,1,70,,1127784,35,,,1,30,,1127805,35,,,1,70,,1127793,35,,,1,30,,1127782,35,,,1,70,,1127800,35,,,1,30,,1127795,35,,,1,70,,1127796,35,,,1,30,,1127799,35,,,1,70,,1127794,35,,,1,30,,1127781,35,,,1,70,,1127802,35,,,1,30,,1127790,35,,,1,70,,1127788,35,,,1,28,,1127807,35,,,1,70,,1127798,35,,,1,29,,1127780,35,,,1,70,,1127791,35,,,1,30,,1127804,35,,,1,100,,1127787,35,,,1
3001,'8',601,,1127818,35,,,1,47,,1127846,35,,,1,71,,1127828,35,,,1,30,,1127832,35,,,1,69,,1127831,35,,,1,32,,1127817,35,,,1,68,,1127848,35,,,1,28,,1127843,35,,,1,69,,1127813,35,,,1,30,,1127838,35,,,1,70,,1127836,35,,,1,30,,1127814,35,,,1,70,,1127833,35,,,1,30,,1127823,35,,,1,70,,1127819,35,,,1,33,,1127844,35,,,1,70,,1127842,35,,,1,33,,1127837,35,,,1,70,,1127816,35,,,1,25,,1127841,35,,,1,57,,1127840,35,,,1,30,,1127821,35,,,1,15,,1127822,35,,,1,55,,1127820,35,,,1,15,,1127845,35,,,1,15,,1127812,35,,,1,15,,1127839,35,,,1,55,,1127847,35,,,1,14,,1127815,35,,,1,14,,1127835,35,,,1,12,,1127810,35,,,1,14,,1127834,35,,,1,54,,1127809,35,,,1,17,,1127824,35,,,1,27,,1127830,35,,,1,70,,1127825,35,,,1,31,,1127826,35,,,1,69,,1127827,35,,,1,32,,1127808,35,,,1,66,,1127829,35,,,1,106,,1127811,35,,,1
3001,'9',601,,1102809,35,,,1,47,,1127865,35,,,1,71,,1127861,35,,,1,30,,1102274,35,,,1,69,,1127854,35,,,1,32,,1127859,35,,,1,68,,999626,35,,,1,28,,1127849,35,,,1,69,,1127860,35,,,1,30,,1127877,35,,,1,70,,1127851,35,,,1,30,,1102838,35,,,1,70,,1127863,35,,,1,30,,1127850,35,,,1,70,,1127857,35,,,1,33,,1127874,35,,,1,70,,1052887,35,,,1,33,,1093636,35,,,1,70,,1103430,35,,,1,25,,1127856,35,,,1,57,,1070128,35,,,1,30,,1099770,35,,,1,15,,1080928,35,,,1,55,,1127873,35,,,1,15,,1127872,35,,,1,15,,1127866,35,,,1,15,,1060039,35,,,1,55,,1127853,35,,,1,14,,1127862,35,,,1,14,,1074722,35,,,1,12,,1127871,35,,,1,14,,1127867,35,,,1,54,,1127858,35,,,1,17,,1127855,35,,,1,27,,1127870,35,,,1,70,,1127876,35,,,1,31,,1127869,35,,,1,69,,1127864,35,,,1,32,,1127868,35,,,1,66,,1127852,35,,,1,106,,1127875,35,,,1
3901,'1',603,,1135302,35,,,1,33,,1135290,35,,,1,21,,1135307,35,,,1,72,,1068638,35,,,1,29,,1084752,35,,,1,68,,1135314,35,,,1,33,,1070954,35,,,1,68,,1135308,35,,,1,30,,1135297,35,,,1,70,,1135300,35,,,1,30,,1135274,35,,,1,70,,1135298,35,,,1,30,,1135279,35,,,1,70,,950258,35,,,1,30,,1135265,35,,,1,70,,1135281,35,,,1,30,,1135315,35,,,1,70,,1135284,35,,,1,74,,1135273,35,,,1,30,,1135278,35,,,1,17,,1135310,35,,,1,53,,1135262,35,,,1,15,,1135261,27,,,1,12,,1135295,27,,,1,16,,1135303,27,,,1,14,,1135267,27,,,1,56,,1063109,27,,,1,15,,1135299,27,,,1,15,,1135306,27,,,1,14,,1135292,27,,,1,55,,1135264,27,,,1,15,,1135289,27,,,1,15,,1135271,27,,,1,15,,1032814,27,,,1,67,,1135293,27,,,1,30,,1135311,27,,,1,70,,1135277,27,,,1,30,,1135275,27,,,1,70,,1135286,27,,,1,28,,1135285,27,,,1,70,,1135260,27,,,1,30,,1135280,27,,,1
3901,'10',603,,1135362,35,,,1,33,,1135350,35,,,1,21,,1135367,35,,,1,72,,1068593,35,,,1,29,,1084581,35,,,1,68,,1135374,35,,,1,33,,1070740,35,,,1,68,,1135368,35,,,1,30,,1135357,35,,,1,70,,1135360,35,,,1,30,,1135334,35,,,1,70,,1135358,35,,,1,30,,1135339,35,,,1,70,,950092,35,,,1,30,,1135325,35,,,1,70,,1135341,35,,,1,30,,1135375,35,,,1,70,,1135344,35,,,1,74,,1135333,35,,,1,30,,1135338,35,,,1,17,,1135370,35,,,1,53,,1135322,35,,,1,15,,1135321,27,,,1,12,,1135355,27,,,1,16,,1135363,27,,,1,14,,1135327,27,,,1,56,,1062767,27,,,1,15,,1135359,27,,,1,15,,1135366,27,,,1,14,,1135352,27,,,1,55,,1135324,27,,,1,15,,1135349,27,,,1,15,,1135331,27,,,1,15,,1032991,27,,,1,67,,1135353,27,,,1,30,,1135371,27,,,1,70,,1135337,27,,,1,30,,1135335,27,,,1,70,,1135346,27,,,1,28,,1135345,27,,,1,70,,1135320,27,,,1,30,,1135340,27,,,1
3901,'11',603,,1135422,35,,,1,33,,1135410,35,,,1,21,,1135427,35,,,1,72,,1068653,35,,,1,29,,1084805,35,,,1,68,,1135434,35,,,1,33,,1071019,35,,,1,68,,1135428,35,,,1,30,,1135417,35,,,1,70,,1135420,35,,,1,30,,1135394,35,,,1,70,,1135418,35,,,1,30,,1135399,35,,,1,70,,950232,35,,,1,30,,1135385,35,,,1,70,,1135401,35,,,1,30,,1135435,35,,,1,70,,1135404,35,,,1,74,,1135393,35,,,1,30,,1135398,35,,,1,17,,1135430,35,,,1,53,,1135382,35,,,1,15,,1135381,27,,,1,12,,1135415,27,,,1,16,,1135423,27,,,1,14,,1135387,27,,,1,56,,1063210,27,,,1,15,,1135419,27,,,1,15,,1135426,27,,,1,14,,1135412,27,,,1,55,,1135384,27,,,1,15,,1135409,27,,,1,15,,1135391,27,,,1,15,,1032762,27,,,1,67,,1135413,27,,,1,30,,1135431,27,,,1,70,,1135397,27,,,1,30,,1135395,27,,,1,70,,1135406,27,,,1,28,,1135405,27,,,1,70,,1135380,27,,,1,30,,1135400,27,,,1
3901,'12',603,,1135479,35,,,1,33,,1135460,35,,,1,21,,1135451,35,,,1,72,,1135488,35,,,1,29,,1135446,35,,,1,68,,1135484,35,,,1,33,,1135469,35,,,1,68,,1135445,35,,,1,30,,1093717,35,,,1,70,,1135489,35,,,1,30,,1135485,35,,,1,70,,1135453,35,,,1,30,,1135496,35,,,1,70,,1135456,35,,,1,30,,1135481,35,,,1,70,,1135478,35,,,1,30,,1135464,35,,,1,70,,1135443,35,,,1,74,,1135447,35,,,1,30,,1135437,35,,,1,17,,1135474,35,,,1,53,,1135452,35,,,1,15,,1135497,27,,,1,12,,1135494,27,,,1,16,,1135509,27,,,1,14,,1135506,27,,,1,56,,1135454,27,,,1,15,,1135475,27,,,1,15,,1135477,27,,,1,14,,1135510,27,,,1,55,,1135438,27,,,1,15,,1135436,27,,,1,15,,1135486,27,,,1,15,,1135493,27,,,1,67,,1135465,27,,,1,30,,1135500,27,,,1,70,,1050491,27,,,1,30,,1135442,27,,,1,70,,1135499,27,,,1,28,,1135461,27,,,1,70,,1135482,27,,,1,30,,1135480,27,,,1
3901,'13',945,,1135538,35,,,1,70,,1135534,35,,,1,30,,1135577,35,,,1,70,,1135549,35,,,1,30,,1096307,35,,,1,70,,1135519,35,,,1,30,,1135521,35,,,1,70,,1135542,35,,,1,30,,1135523,35,,,1,70,,1135541,35,,,1,30,,1135558,35,,,1,70,,1135562,35,,,1,30,,1135526,35,,,1,70,,1135574,35,,,1,30,,1075326,35,,,1,70,,1135528,35,,,1,30,,1135553,35,,,1,70,,1135560,35,,,1,30,,1014996,35,,,1,70,,1135550,35,,,1,30,,1135524,35,,,1,70,,1135520,35,,,1,30,,1135545,35,,,1,70,,1135540,35,,,1
3901,'14',603,,1135639,35,,,1,33,,1135627,35,,,1,21,,1135644,35,,,1,72,,1135593,35,,,1,29,,1135652,35,,,1,68,,1135657,35,,,1,33,,1135653,35,,,1,68,,1135645,35,,,1,30,,1135634,35,,,1,70,,1135637,35,,,1,30,,1135611,35,,,1,70,,1135635,35,,,1,30,,1135616,35,,,1,70,,1135602,35,,,1,30,,1135598,35,,,1,70,,1135618,35,,,1,30,,1135659,35,,,1,70,,1135621,35,,,1,74,,1135610,35,,,1,30,,1135615,35,,,1,17,,1135647,35,,,1,53,,1135589,35,,,1,15,,1135587,27,,,1,12,,1135632,27,,,1,16,,1135640,27,,,1,14,,1135603,27,,,1,56,,1135601,27,,,1,15,,1135636,27,,,1,15,,1135643,27,,,1,14,,1135629,27,,,1,55,,1135594,27,,,1,15,,1135626,27,,,1,15,,1135608,27,,,1,15,,1135600,27,,,1,67,,1135630,27,,,1,30,,1135649,27,,,1,70,,1135614,27,,,1,30,,1135612,27,,,1,70,,1135623,27,,,1,28,,1135622,27,,,1,70,,1135586,27,,,1,30,,1135617,27,,,1
3901,'15',603,,1135699,35,,,1,33,,1135674,35,,,1,21,,1135711,35,,,1,72,,1135675,35,,,1,29,,1135668,35,,,1,68,,1135666,35,,,1,33,,1135671,35,,,1,68,,1135713,35,,,1,30,,1135672,35,,,1,70,,1135721,35,,,1,30,,1135717,35,,,1,70,,1135667,35,,,1,30,,1135662,35,,,1,70,,1135682,35,,,1,30,,1135691,35,,,1,70,,1135718,35,,,1,30,,1135669,35,,,1,70,,1135670,35,,,1,74,,1135690,35,,,1,30,,1135694,35,,,1,17,,1135716,35,,,1,53,,1135701,35,,,1,15,,1135715,27,,,1,12,,1135661,27,,,1,16,,1135684,27,,,1,14,,1135681,27,,,1,56,,1135722,27,,,1,15,,1135680,27,,,1,15,,1135726,27,,,1,14,,1135665,27,,,1,55,,1135719,27,,,1,15,,1135733,27,,,1,15,,1135700,27,,,1,15,,1135709,27,,,1,67,,1135737,27,,,1,30,,1135703,27,,,1,70,,1135698,27,,,1,30,,1135678,27,,,1,70,,1135687,27,,,1,28,,1135730,27,,,1,70,,1135731,27,,,1,30,,1135693,27,,,1
3901,'16',603,,1135780,35,,,1,33,,1135761,35,,,1,21,,1041269,35,,,1,72,,1135789,35,,,1,29,,1135748,35,,,1,68,,1135785,35,,,1,33,,1135770,35,,,1,68,,1135747,35,,,1,30,,1135740,35,,,1,70,,1135790,35,,,1,30,,1135786,35,,,1,70,,1135756,35,,,1,30,,1135798,35,,,1,70,,1092926,35,,,1,30,,1135782,35,,,1,70,,1135779,35,,,1,30,,1135765,35,,,1,70,,1135745,35,,,1,74,,1135749,35,,,1,30,,1135741,35,,,1,17,,1135775,35,,,1,53,,1135755,35,,,1,15,,1135799,27,,,1,12,,1135796,27,,,1,16,,1062663,27,,,1,14,,1135809,27,,,1,56,,1135757,27,,,1,15,,1135776,27,,,1,15,,1135778,27,,,1,14,,1135811,27,,,1,55,,1135742,27,,,1,15,,1073245,27,,,1,15,,1135787,27,,,1,15,,1135795,27,,,1,67,,1135766,27,,,1,30,,1135802,27,,,1,70,,1135792,27,,,1,30,,1086706,27,,,1,70,,1135801,27,,,1,28,,1135762,27,,,1,70,,1135783,27,,,1,30,,1135781,27,,,1
3901,'17',945,,1135844,35,,,1,70,,1135840,35,,,1,30,,1135883,35,,,1,70,,1135855,35,,,1,30,,1135824,35,,,1,70,,1135821,35,,,1,30,,1135826,35,,,1,70,,1135848,35,,,1,30,,1135828,35,,,1,70,,1135847,35,,,1,30,,1135864,35,,,1,70,,1135868,35,,,1,30,,1135831,35,,,1,70,,1135880,35,,,1,30,,1135813,35,,,1,70,,1135834,35,,,1,30,,1135859,35,,,1,70,,1135866,35,,,1,30,,1135833,35,,,1,70,,1135856,35,,,1,30,,1135829,35,,,1,70,,1135825,35,,,1,30,,1135851,35,,,1,70,,1135846,35,,,1
3901,'2',844,,1135930,35,,,1,70,,1135904,35,,,1,30,,1135917,35,,,1,70,,1135955,35,,,1,30,,1135905,35,,,1,70,,1135940,35,,,1,30,,1135888,35,,,1,70,,1028832,35,,,1,30,,1056531,35,,,1,70,,1135887,35,,,1,30,,1024348,35,,,1,70,,1135898,35,,,1,30,,1135901,35,,,1,70,,1135908,35,,,1,30,,1094471,35,,,1,70,,1135954,35,,,1,30,,1135941,35,,,1,70,,1135935,35,,,1,30,,1135920,35,,,1,70,,1135897,35,,,1,30,,1135936,35,,,1,70,,1135912,35,,,1,30,,1135892,35,,,1,70,,1135924,35,,,1,30,,1135913,35,,,1,70,,1135946,35,,,1,30,,1135932,35,,,1,70,,1135937,35,,,1
3901,'3',945,,1135988,35,,,1,70,,1135984,35,,,1,30,,1136027,35,,,1,70,,1135999,35,,,1,30,,1135968,35,,,1,70,,1135965,35,,,1,30,,1135970,35,,,1,70,,1135992,35,,,1,30,,1135972,35,,,1,70,,1135991,35,,,1,30,,1136008,35,,,1,70,,1136012,35,,,1,30,,1135975,35,,,1,70,,1136024,35,,,1,30,,1135957,35,,,1,70,,1135978,35,,,1,30,,1136003,35,,,1,70,,1136010,35,,,1,30,,1135977,35,,,1,70,,1136000,35,,,1,30,,1135973,35,,,1,70,,1135969,35,,,1,30,,1135995,35,,,1,70,,1135990,35,,,1
3901,'4',945,,1136033,35,,,1,70,,1136076,35,,,1,30,,1136058,35,,,1,70,,1065726,35,,,1,30,,1136032,35,,,1,70,,1055304,35,,,1,30,,1136043,35,,,1,70,,1095513,35,,,1,30,,1136046,35,,,1,70,,1136047,35,,,1,30,,1136050,35,,,1,70,,1136056,35,,,1,30,,1136049,35,,,1,70,,1136080,35,,,1,30,,1100906,35,,,1,70,,1136065,35,,,1,30,,1136075,35,,,1,70,,1136071,35,,,1,30,,1136062,35,,,1,70,,1036802,35,,,1,30,,1136054,35,,,1,70,,1136072,35,,,1,30,,1136082,35,,,1,70,,1136083,35,,,1
3901,'5',603,,1136137,35,,,1,33,,1136125,35,,,1,21,,1136142,35,,,1,72,,1068623,35,,,1,29,,1084723,35,,,1,68,,1136149,35,,,1,33,,1070915,35,,,1,68,,1136143,35,,,1,30,,1136132,35,,,1,70,,1136135,35,,,1,30,,1136109,35,,,1,70,,1136133,35,,,1,30,,1136114,35,,,1,70,,950342,35,,,1,30,,1136100,35,,,1,70,,1136116,35,,,1,30,,1136150,35,,,1,70,,1136119,35,,,1,74,,1136108,35,,,1,30,,1136113,35,,,1,17,,1136145,35,,,1,53,,1136097,35,,,1,15,,1136096,27,,,1,12,,1136130,27,,,1,16,,1136138,27,,,1,14,,1136102,27,,,1,56,,1063055,27,,,1,15,,1136134,27,,,1,15,,1136141,27,,,1,14,,1136127,27,,,1,55,,1136099,27,,,1,15,,1136124,27,,,1,15,,1136106,27,,,1,15,,1032512,27,,,1,67,,1136128,27,,,1,30,,1136146,27,,,1,70,,1136112,27,,,1,30,,1136110,27,,,1,70,,1136121,27,,,1,28,,1136120,27,,,1,70,,1136095,27,,,1,30,,1136115,27,,,1
3901,'6',603,,1136185,35,,,1,33,,1136167,35,,,1,21,,1136160,35,,,1,72,,1136194,35,,,1,29,,1051253,35,,,1,68,,1136190,35,,,1,33,,1136175,35,,,1,68,,1087661,35,,,1,30,,1136151,35,,,1,70,,1136195,35,,,1,30,,1136191,35,,,1,70,,1136161,35,,,1,30,,1136201,35,,,1,70,,1136163,35,,,1,30,,1136187,35,,,1,70,,1136184,35,,,1,30,,1136171,35,,,1,70,,1070375,35,,,1,74,,1020307,35,,,1,30,,1071028,35,,,1,17,,1136180,35,,,1,53,,958939,35,,,1,15,,1082708,27,,,1,12,,1091983,27,,,1,16,,1136209,27,,,1,14,,1022137,27,,,1,56,,966130,27,,,1,15,,1136181,27,,,1,15,,1136183,27,,,1,14,,1059780,27,,,1,55,,1066247,27,,,1,15,,1136152,27,,,1,15,,1136192,27,,,1,15,,1067066,27,,,1,67,,1136172,27,,,1,30,,1136203,27,,,1,70,,1136197,27,,,1,30,,1136155,27,,,1,70,,1136202,27,,,1,28,,1136168,27,,,1,70,,1136188,27,,,1,30,,1136186,27,,,1
3901,'7',844,,1136275,35,,,1,70,,1136230,35,,,1,30,,1136265,35,,,1,70,,1136270,35,,,1,30,,1136249,35,,,1,70,,1136216,35,,,1,30,,1136272,35,,,1,70,,1136213,35,,,1,30,,1136219,35,,,1,70,,1136212,35,,,1,30,,1136248,35,,,1,70,,1136229,35,,,1,30,,1136252,35,,,1,70,,1136263,35,,,1,30,,1136259,35,,,1,70,,1136222,35,,,1,30,,1136224,35,,,1,70,,1136225,35,,,1,30,,1136284,35,,,1,70,,1136246,35,,,1,30,,1136217,35,,,1,70,,1136238,35,,,1,30,,1136282,35,,,1,70,,1136251,35,,,1,30,,1136286,35,,,1,70,,1136283,35,,,1,30,,1136287,35,,,1,70,,1136218,35,,,1
3901,'8',603,,1136334,35,,,1,33,,1136315,35,,,1,21,,1136306,35,,,1,72,,1136343,35,,,1,29,,1136299,35,,,1,68,,1136339,35,,,1,33,,1136324,35,,,1,68,,1136298,35,,,1,30,,1136288,35,,,1,70,,1136344,35,,,1,30,,1136340,35,,,1,70,,1136308,35,,,1,30,,1136352,35,,,1,70,,1136311,35,,,1,30,,1136336,35,,,1,70,,1136333,35,,,1,30,,1136319,35,,,1,70,,1136296,35,,,1,74,,1136300,35,,,1,30,,1136290,35,,,1,17,,1136329,35,,,1,53,,1136307,35,,,1,15,,1136353,27,,,1,12,,1136350,27,,,1,16,,1136366,27,,,1,14,,1136363,27,,,1,56,,1136309,27,,,1,15,,1136330,27,,,1,15,,1136332,27,,,1,14,,1136367,27,,,1,55,,1136291,27,,,1,15,,1136289,27,,,1,15,,1136341,27,,,1,15,,1136349,27,,,1,67,,1136320,27,,,1,30,,1136356,27,,,1,70,,1136346,27,,,1,30,,1136295,27,,,1,70,,1136355,27,,,1,28,,1136316,27,,,1,70,,1136337,27,,,1,30,,1136335,27,,,1
3901,'9',603,,1136414,35,,,1,33,,1136402,35,,,1,21,,1136419,35,,,1,72,,1068608,35,,,1,29,,1084635,35,,,1,68,,1136426,35,,,1,33,,1070807,35,,,1,68,,1136420,35,,,1,30,,1136409,35,,,1,70,,1136412,35,,,1,30,,1136386,35,,,1,70,,1136410,35,,,1,30,,1136391,35,,,1,70,,950316,35,,,1,30,,1136377,35,,,1,70,,1136393,35,,,1,30,,1136427,35,,,1,70,,1136396,35,,,1,74,,1136385,35,,,1,30,,1136390,35,,,1,17,,1136422,35,,,1,53,,1136374,35,,,1,15,,1136373,27,,,1,12,,1136407,27,,,1,16,,1136415,27,,,1,14,,1136379,27,,,1,56,,1062879,27,,,1,15,,1136411,27,,,1,15,,1136418,27,,,1,14,,1136404,27,,,1,55,,1136376,27,,,1,15,,1136401,27,,,1,15,,1136383,27,,,1,15,,1032866,27,,,1,67,,1136405,27,,,1,30,,1136423,27,,,1,70,,1136389,27,,,1,30,,1136387,27,,,1,70,,1136398,27,,,1,28,,1136397,27,,,1,70,,1136372,27,,,1,30,,1136392,27,,,1
61801,'1',1541,,1199043,46,,,1
61801,'10',1541,,1199045,46,,,1
61801,'11',1541,,1199047,46,,,1
61801,'12',1541,,1199049,46,,,1
61801,'14',1541,,1199051,46,,,1
61801,'15',1541,,1199053,46,,,1
61801,'16',1541,,1199055,46,,,1
61801,'5',1541,,1199057,46,,,1
61801,'6',1541,,1199058,46,,,1
61801,'8',1541,,1199060,46,,,1
61801,'9',1541,,1199062,46,,,1
63001,'1',1625,,1199297,48,,,1
63001,'10',1625,,1199298,48,,,1
63001,'11',1625,,1199299,48,,,1
63001,'12',1625,,1199300,48,,,1
63001,'14',1625,,1199301,48,,,1
63001,'15',1625,,1199302,48,,,1
63001,'16',1625,,1199303,48,,,1
63001,'5',1625,,1199304,48,,,1
63001,'6',1625,,1199305,48,,,1
63001,'8',1625,,1199306,48,,,1
63001,'9',1625,,1199307,48,,,1
