701,'1',518,,1108837,18,,,1,84,,1108801,18,,,1,30,,1108832,18,,,1,15,,1044925,47,,,1,65,,1108819,47,,,1,17,,1108799,47,,,1,14,,1108840,47,,,1,58,,1108795,47,,,1,24,,1108827,47,,,1,12,,1108809,47,,,1,19,,1108836,47,,,1,51,,1108805,47,,,1,16,,1108813,47,,,1,15,,1108825,47,,,1,15,,1108815,47,,,1,55,,1108793,47,,,1,12,,1095914,47,,,1,15,,1063626,47,,,1,15,,1108830,47,,,1,55,,1108831,47,,,1,17,,1108820,47,,,1,16,,1079148,47,,,1,17,,1108839,47,,,1,57,,1108838,47,,,1,16,,1095911,47,,,1,11,,1086975,47,,,1,15,,1108835,47,,,1,56,,1108807,47,,,1,15,,1108800,47,,,1,15,,1045540,47,,,1,16,,1108792,47,,,1,57,,1108822,47,,,1,14,,1108821,47,,,1,16,,1108829,47,,,1,59,,1005227,47,,,1,14,,1108828,47,,,1,32,,1108794,47,,,1,54,,1029469,47,,,1,18,,1108833,47,,,1,14,,1108834,47,,,1,15,,1108803,47,,,1,56,,1108788,47,,,1,14,,1108823,47,,,1,15,,1079575,47,,,1,16,,1108806,47,,,1,55,,1108786,47,,,1,13,,1108812,47,,,1,14,,1108804,47,,,1,12,,1108797,47,,,1,13,,1108816,47,,,1,52,,1108808,47,,,1,15,,1108789,47,,,1,14,,1108798,47,,,1,14,,1108790,47,,,1,54,,1087586,47,,,1,20,,1108811,47,,,1,31,,1108810,47,,,1,70,,1108826,47,,,1,26,,1108824,47,,,1,67,,1108814,47,,,1,24,,1108818,47,,,1,69,,1108791,47,,,1,30,,1051516,47,,,1,72,,1108787,47,,,1,23,,1108802,47,,,1,70,,1019419,47,,,1,30,,1108817,47,,,1
701,'10',518,,1108892,18,,,1,84,,1108856,18,,,1,30,,1108887,18,,,1,15,,1045082,47,,,1,65,,1108874,47,,,1,17,,1108854,47,,,1,14,,1108895,47,,,1,58,,1108850,47,,,1,24,,1108882,47,,,1,12,,1108864,47,,,1,19,,1108891,47,,,1,51,,1108860,47,,,1,16,,1108868,47,,,1,15,,1108880,47,,,1,15,,1108870,47,,,1,55,,1108848,47,,,1,12,,1095772,47,,,1,15,,1063322,47,,,1,15,,1108885,47,,,1,55,,1108886,47,,,1,17,,1108875,47,,,1,16,,1078894,47,,,1,17,,1108894,47,,,1,57,,1108893,47,,,1,16,,1095769,47,,,1,11,,1086918,47,,,1,15,,1108890,47,,,1,56,,1108862,47,,,1,15,,1108855,47,,,1,15,,1045703,47,,,1,16,,1108847,47,,,1,57,,1108877,47,,,1,14,,1108876,47,,,1,16,,1108884,47,,,1,59,,1005321,47,,,1,14,,1108883,47,,,1,32,,1108849,47,,,1,54,,1029563,47,,,1,18,,1108888,47,,,1,14,,1108889,47,,,1,15,,1108858,47,,,1,56,,1108843,47,,,1,14,,1108878,47,,,1,15,,1079383,47,,,1,16,,1108861,47,,,1,55,,1108841,47,,,1,13,,1108867,47,,,1,14,,1108859,47,,,1,12,,1108852,47,,,1,13,,1108871,47,,,1,52,,1108863,47,,,1,15,,1108844,47,,,1,14,,1108853,47,,,1,14,,1108845,47,,,1,54,,1087376,47,,,1,20,,1108866,47,,,1,31,,1108865,47,,,1,70,,1108881,47,,,1,26,,1108879,47,,,1,67,,1108869,47,,,1,24,,1108873,47,,,1,69,,1108846,47,,,1,30,,1051695,47,,,1,72,,1108842,47,,,1,23,,1108857,47,,,1,70,,1019459,47,,,1,30,,1108872,47,,,1
701,'11',518,,1108947,18,,,1,84,,1108911,18,,,1,30,,1108942,18,,,1,15,,1044877,47,,,1,65,,1108929,47,,,1,17,,1108909,47,,,1,14,,1108950,47,,,1,58,,1108905,47,,,1,24,,1108937,47,,,1,12,,1108919,47,,,1,19,,1108946,47,,,1,51,,1108915,47,,,1,16,,1108923,47,,,1,15,,1108935,47,,,1,15,,1108925,47,,,1,55,,1108903,47,,,1,12,,1095950,47,,,1,15,,1063718,47,,,1,15,,1108940,47,,,1,55,,1108941,47,,,1,17,,1108930,47,,,1,16,,1079228,47,,,1,17,,1108949,47,,,1,57,,1108948,47,,,1,16,,1095947,47,,,1,11,,1086994,47,,,1,15,,1108945,47,,,1,56,,1108917,47,,,1,15,,1108910,47,,,1,15,,1045491,47,,,1,16,,1108902,47,,,1,57,,1108932,47,,,1,14,,1108931,47,,,1,16,,1108939,47,,,1,59,,1005199,47,,,1,14,,1108938,47,,,1,32,,1108904,47,,,1,54,,1029440,47,,,1,18,,1108943,47,,,1,14,,1108944,47,,,1,15,,1108913,47,,,1,56,,1108898,47,,,1,14,,1108933,47,,,1,15,,1079634,47,,,1,16,,1108916,47,,,1,55,,1108896,47,,,1,13,,1108922,47,,,1,14,,1108914,47,,,1,12,,1108907,47,,,1,13,,1108926,47,,,1,52,,1108918,47,,,1,15,,1108899,47,,,1,14,,1108908,47,,,1,14,,1108900,47,,,1,54,,1087650,47,,,1,20,,1108921,47,,,1,31,,1108920,47,,,1,70,,1108936,47,,,1,26,,1108934,47,,,1,67,,1108924,47,,,1,24,,1108928,47,,,1,69,,1108901,47,,,1,30,,1051463,47,,,1,72,,1108897,47,,,1,23,,1108912,47,,,1,70,,1019408,47,,,1,30,,1108927,47,,,1
701,'12',518,,1005351,18,,,1,84,,1108998,18,,,1,30,,1108976,18,,,1,15,,1108970,47,,,1,65,,1109006,47,,,1,17,,1108987,47,,,1,14,,1108985,47,,,1,58,,1108994,47,,,1,24,,1108978,47,,,1,12,,1108966,47,,,1,19,,1109007,47,,,1,51,,1108968,47,,,1,16,,1108988,47,,,1,15,,1108996,47,,,1,15,,1095538,47,,,1,55,,1109012,47,,,1,12,,1108975,47,,,1,15,,1108958,47,,,1,15,,1108951,47,,,1,55,,1108972,47,,,1,17,,1108979,47,,,1,16,,1108963,47,,,1,17,,1109009,47,,,1,57,,1108999,47,,,1,16,,1108956,47,,,1,11,,1108982,47,,,1,15,,1094572,47,,,1,56,,1108964,47,,,1,15,,1108957,47,,,1,15,,1109011,47,,,1,16,,1108981,47,,,1,57,,1108965,47,,,1,14,,1108984,47,,,1,16,,1108953,47,,,1,59,,1083852,47,,,1,14,,1108989,47,,,1,32,,1109002,47,,,1,54,,1108974,47,,,1,18,,1109005,47,,,1,14,,1108980,47,,,1,15,,1108955,47,,,1,56,,1108961,47,,,1,14,,1108990,47,,,1,15,,1108959,47,,,1,16,,1109010,47,,,1,55,,1108962,47,,,1,13,,1108973,47,,,1,14,,1108971,47,,,1,12,,1108997,47,,,1,13,,1108992,47,,,1,52,,1109008,47,,,1,15,,1108991,47,,,1,14,,1108977,47,,,1,14,,1109000,47,,,1,54,,1109001,47,,,1,20,,1108954,47,,,1,31,,1084113,47,,,1,70,,1108993,47,,,1,26,,1108952,47,,,1,67,,1108969,47,,,1,24,,1108967,47,,,1,69,,1109004,47,,,1,30,,1108960,47,,,1,72,,1062989,47,,,1,23,,1109003,47,,,1,70,,1108995,47,,,1,30,,1108986,47,,,1
701,'13',711,,1109052,47,,,1,25,,1109042,47,,,1,71,,1109050,47,,,1,30,,1109061,47,,,1,72,,1109066,47,,,1,30,,1109022,47,,,1,80,,1109036,47,,,1,32,,1109053,47,,,1,70,,1109017,47,,,1,30,,1109032,47,,,1,70,,1109047,47,,,1,33,,1109063,47,,,1,70,,1109044,47,,,1,30,,1109062,47,,,1,70,,1109016,47,,,1,30,,1109027,47,,,1,64,,1109013,47,,,1,24,,1078198,47,,,1,64,,1109024,47,,,1,24,,1109058,47,,,1,24,,1109051,47,,,1,64,,981957,47,,,1,24,,1109025,47,,,1,64,,1109038,47,,,1,24,,1109015,47,,,1,22,,1109054,47,,,1,70,,1109039,47,,,1,30,,1109018,47,,,1,70,,1077222,47,,,1,29,,1109019,47,,,1,63,,1109060,47,,,1,30,,1109040,47,,,1,70,,1109023,47,,,1,27,,1109029,47,,,1,70,,1109043,47,,,1,30,,1109037,47,,,1,70,,1109028,47,,,1
701,'14',518,,1109128,18,,,1,84,,1109088,18,,,1,30,,1109121,18,,,1,15,,1109092,47,,,1,65,,1109107,47,,,1,17,,1109086,47,,,1,14,,1109136,47,,,1,58,,1109081,47,,,1,24,,1109116,47,,,1,12,,1109097,47,,,1,19,,1109127,47,,,1,51,,1109093,47,,,1,16,,1109101,47,,,1,15,,1109114,47,,,1,15,,1109103,47,,,1,55,,1109078,47,,,1,12,,1109082,47,,,1,15,,1109123,47,,,1,15,,1109119,47,,,1,55,,1109120,47,,,1,17,,1109108,47,,,1,16,,1109110,47,,,1,17,,1109133,47,,,1,57,,1109132,47,,,1,16,,1109076,47,,,1,11,,1109129,47,,,1,15,,1109125,47,,,1,56,,1109095,47,,,1,15,,1109087,47,,,1,15,,1109135,47,,,1,16,,1109077,47,,,1,57,,1109111,47,,,1,14,,1109109,47,,,1,16,,1109118,47,,,1,59,,1109126,47,,,1,14,,1109117,47,,,1,32,,1109080,47,,,1,54,,1109079,47,,,1,18,,1109122,47,,,1,14,,1109124,47,,,1,15,,1109090,47,,,1,56,,1109071,47,,,1,14,,1109112,47,,,1,15,,1109130,47,,,1,16,,1109094,47,,,1,55,,1109069,47,,,1,13,,1109100,47,,,1,14,,1109091,47,,,1,12,,1109084,47,,,1,13,,1109104,47,,,1,52,,1109096,47,,,1,15,,1109072,47,,,1,14,,1109085,47,,,1,14,,1109073,47,,,1,54,,1109131,47,,,1,20,,1109099,47,,,1,31,,1109098,47,,,1,70,,1109115,47,,,1,26,,1109113,47,,,1,67,,1109102,47,,,1,24,,1109106,47,,,1,69,,1109075,47,,,1,30,,1109134,47,,,1,72,,1109070,47,,,1,23,,1109089,47,,,1,70,,1109074,47,,,1,30,,1109105,47,,,1
701,'15',518,,1109142,18,,,1,84,,1109149,18,,,1,30,,1109168,18,,,1,15,,1109202,47,,,1,65,,1109194,47,,,1,17,,1109181,47,,,1,14,,1109160,47,,,1,58,,1109190,47,,,1,24,,1109162,47,,,1,12,,1109155,47,,,1,19,,1109193,47,,,1,51,,1109184,47,,,1,16,,1109169,47,,,1,15,,1109189,47,,,1,15,,1109201,47,,,1,55,,1109147,47,,,1,12,,1109187,47,,,1,15,,1109173,47,,,1,15,,1109199,47,,,1,55,,1109176,47,,,1,17,,1109195,47,,,1,16,,1109144,47,,,1,17,,1109172,47,,,1,57,,1109182,47,,,1,16,,1109145,47,,,1,11,,1109200,47,,,1,15,,1109192,47,,,1,56,,1109141,47,,,1,15,,1109154,47,,,1,15,,1109163,47,,,1,16,,1109139,47,,,1,57,,1109137,47,,,1,14,,1109177,47,,,1,16,,1109188,47,,,1,59,,1109171,47,,,1,14,,1109178,47,,,1,32,,1109191,47,,,1,54,,1109186,47,,,1,18,,1109167,47,,,1,14,,1109148,47,,,1,15,,1109179,47,,,1,56,,1109159,47,,,1,14,,1109183,47,,,1,15,,1109151,47,,,1,16,,1109165,47,,,1,55,,1109164,47,,,1,13,,1109138,47,,,1,14,,1109140,47,,,1,12,,1109157,47,,,1,13,,1109180,47,,,1,52,,1109197,47,,,1,15,,1109174,47,,,1,14,,1109196,47,,,1,14,,1109158,47,,,1,54,,1109153,47,,,1,20,,1109161,47,,,1,31,,1109150,47,,,1,70,,1109175,47,,,1,26,,1109143,47,,,1,67,,1109170,47,,,1,24,,1109152,47,,,1,69,,1109198,47,,,1,30,,1109203,47,,,1,72,,1109146,47,,,1,23,,1109185,47,,,1,70,,1109204,47,,,1,30,,1109166,47,,,1
701,'16',518,,1109205,18,,,1,84,,1109249,18,,,1,30,,1109228,18,,,1,15,,1109223,47,,,1,65,,1034003,47,,,1,17,,1109238,47,,,1,14,,1109236,47,,,1,58,,1109245,47,,,1,24,,1109230,47,,,1,12,,1109219,47,,,1,19,,1109257,47,,,1,51,,1109221,47,,,1,16,,1109239,47,,,1,15,,1109247,47,,,1,15,,1109218,47,,,1,55,,1109262,47,,,1,12,,1079187,47,,,1,15,,1064705,47,,,1,15,,1069836,47,,,1,55,,1109225,47,,,1,17,,1109231,47,,,1,16,,1109216,47,,,1,17,,1109259,47,,,1,57,,1109250,47,,,1,16,,1109211,47,,,1,11,,1109234,47,,,1,15,,1109261,47,,,1,56,,1098164,47,,,1,15,,1096803,47,,,1,15,,1082673,47,,,1,16,,1109233,47,,,1,57,,1109217,47,,,1,14,,946010,47,,,1,16,,1109207,47,,,1,59,,1109215,47,,,1,14,,1109240,47,,,1,32,,1109253,47,,,1,54,,1109227,47,,,1,18,,1109256,47,,,1,14,,1109232,47,,,1,15,,1109210,47,,,1,56,,1109213,47,,,1,14,,1109241,47,,,1,15,,1013893,47,,,1,16,,999876,47,,,1,55,,1109214,47,,,1,13,,1109226,47,,,1,14,,1109224,47,,,1,12,,1109248,47,,,1,13,,1109243,47,,,1,52,,1109258,47,,,1,15,,1109242,47,,,1,14,,1109229,47,,,1,14,,1109251,47,,,1,54,,1109252,47,,,1,20,,1109209,47,,,1,31,,1109260,47,,,1,70,,1109244,47,,,1,26,,1109206,47,,,1,67,,1109222,47,,,1,24,,1109220,47,,,1,69,,1109255,47,,,1,30,,1109212,47,,,1,72,,1109208,47,,,1,23,,1109254,47,,,1,70,,1109246,47,,,1,30,,1109237,47,,,1
701,'17',711,,1109327,47,,,1,25,,1109313,47,,,1,71,,1109324,47,,,1,30,,1109343,47,,,1,72,,1109352,47,,,1,30,,1109285,47,,,1,80,,1109306,47,,,1,32,,1109328,47,,,1,70,,1109275,47,,,1,30,,1109300,47,,,1,70,,1109319,47,,,1,33,,1109345,47,,,1,70,,1109315,47,,,1,30,,1109344,47,,,1,70,,1109274,47,,,1,30,,1109293,47,,,1,64,,1109263,47,,,1,24,,1109295,47,,,1,64,,1109290,47,,,1,24,,1109335,47,,,1,24,,1109325,47,,,1,64,,1109272,47,,,1,24,,1109291,47,,,1,64,,1109309,47,,,1,24,,1109273,47,,,1,22,,1109330,47,,,1,70,,1109310,47,,,1,30,,1109279,47,,,1,70,,1109277,47,,,1,29,,1109280,47,,,1,63,,1109340,47,,,1,30,,1109311,47,,,1,70,,1109287,47,,,1,27,,1109297,47,,,1,70,,1109314,47,,,1,30,,1109308,47,,,1,70,,1109296,47,,,1
701,'2',623,,1109416,18,,,1,30,,1109410,18,,,1,65,,1070763,47,,,1,30,,1109412,47,,,1,71,,1109369,47,,,1,32,,1109387,47,,,1,70,,1109395,47,,,1,30,,1109399,47,,,1,70,,1109382,47,,,1,30,,1109364,47,,,1,65,,1109360,47,,,1,24,,1109378,47,,,1,64,,1109411,47,,,1,24,,1109386,47,,,1,15,,1109391,47,,,1,12,,1109358,47,,,1,52,,1109368,47,,,1,13,,1035733,47,,,1,12,,1091482,47,,,1,13,,1109409,47,,,1,12,,1109374,47,,,1,52,,1109384,47,,,1,12,,1109388,47,,,1,12,,1109366,47,,,1,12,,1109365,47,,,1,12,,1109393,47,,,1,52,,1109396,47,,,1,12,,1109400,47,,,1,12,,1109363,47,,,1,12,,1084297,47,,,1,12,,1109361,47,,,1,52,,1109417,47,,,1,12,,1109414,47,,,1,12,,1109413,47,,,1,13,,1109373,47,,,1,12,,1109418,47,,,1,52,,1109415,47,,,1,12,,997289,47,,,1,12,,1109362,47,,,1,12,,1109385,47,,,1,12,,1109359,47,,,1,52,,1109394,47,,,1,12,,1109401,47,,,1,12,,1069469,47,,,1,9,,1109397,47,,,1,64,,1109389,47,,,1,24,,1109390,47,,,1,69,,1109392,47,,,1,30,,1109381,47,,,1,29,,1109375,47,,,1,55,,1109377,47,,,1,15,,1098008,47,,,1,15,,1088461,47,,,1,15,,1109371,47,,,1,64,,1109379,47,,,1,27,,1109372,47,,,1,70,,1109408,47,,,1,30,,1109402,47,,,1,70,,1056176,47,,,1,30,,1109405,47,,,1,76,,1109370,47,,,1
701,'3',711,,1109463,47,,,1,25,,1109453,47,,,1,71,,1109461,47,,,1,30,,1109472,47,,,1,72,,1109477,47,,,1,30,,1109432,47,,,1,80,,1109447,47,,,1,32,,1109464,47,,,1,70,,1109426,47,,,1,30,,1109443,47,,,1,70,,1109458,47,,,1,33,,1109474,47,,,1,70,,1109455,47,,,1,30,,1109473,47,,,1,70,,1109425,47,,,1,30,,1109437,47,,,1,64,,1109419,47,,,1,24,,1109438,47,,,1,64,,1109434,47,,,1,24,,1109469,47,,,1,24,,1109462,47,,,1,64,,1109423,47,,,1,24,,1109435,47,,,1,64,,1109449,47,,,1,24,,1109424,47,,,1,22,,1109465,47,,,1,70,,1109450,47,,,1,30,,1109428,47,,,1,70,,1109427,47,,,1,29,,1109429,47,,,1,63,,1109471,47,,,1,30,,1109451,47,,,1,70,,1109433,47,,,1,27,,1109440,47,,,1,70,,1109454,47,,,1,30,,1109448,47,,,1,70,,1109439,47,,,1
701,'4',711,,1109534,47,,,1,25,,1109517,47,,,1,71,,1109526,47,,,1,30,,1109486,47,,,1,72,,1109499,47,,,1,30,,1109481,47,,,1,80,,1109507,47,,,1,32,,1109516,47,,,1,70,,1109519,47,,,1,30,,1109520,47,,,1,70,,1091835,47,,,1,33,,1109508,47,,,1,70,,1109489,47,,,1,30,,1109485,47,,,1,70,,1109501,47,,,1,30,,1109518,47,,,1,64,,1109511,47,,,1,24,,1109514,47,,,1,64,,1109502,47,,,1,24,,1109528,47,,,1,24,,1109527,47,,,1,64,,1109492,47,,,1,24,,1109494,47,,,1,64,,1109490,47,,,1,24,,1109509,47,,,1,22,,1109522,47,,,1,70,,1109482,47,,,1,30,,1052288,47,,,1,70,,1109530,47,,,1,29,,1050080,47,,,1,63,,1109505,47,,,1,30,,1109491,47,,,1,70,,1109484,47,,,1,27,,1109523,47,,,1,70,,1098655,47,,,1,30,,1109513,47,,,1,70,,1109500,47,,,1
701,'5',518,,1109586,18,,,1,84,,1109550,18,,,1,30,,1109581,18,,,1,15,,1044678,47,,,1,65,,1109568,47,,,1,17,,1109548,47,,,1,14,,1109589,47,,,1,58,,1109544,47,,,1,24,,1109576,47,,,1,12,,1109558,47,,,1,19,,1109585,47,,,1,51,,1109554,47,,,1,16,,1109562,47,,,1,15,,1109574,47,,,1,15,,1109564,47,,,1,55,,1109542,47,,,1,12,,1095895,47,,,1,15,,1063586,47,,,1,15,,1109579,47,,,1,55,,1109580,47,,,1,17,,1109569,47,,,1,16,,1079103,47,,,1,17,,1109588,47,,,1,57,,1109587,47,,,1,16,,1095892,47,,,1,11,,1086956,47,,,1,15,,1109584,47,,,1,56,,1109556,47,,,1,15,,1109549,47,,,1,15,,1045274,47,,,1,16,,1109541,47,,,1,57,,1109571,47,,,1,14,,1109570,47,,,1,16,,1109578,47,,,1,59,,1005064,47,,,1,14,,1109577,47,,,1,32,,1109543,47,,,1,54,,1029295,47,,,1,18,,1109582,47,,,1,14,,1109583,47,,,1,15,,1109552,47,,,1,56,,1109537,47,,,1,14,,1109572,47,,,1,15,,1079541,47,,,1,16,,1109555,47,,,1,55,,1109535,47,,,1,13,,1109561,47,,,1,14,,1109553,47,,,1,12,,1109546,47,,,1,13,,1109565,47,,,1,52,,1109557,47,,,1,15,,1109538,47,,,1,14,,1109547,47,,,1,14,,1109539,47,,,1,54,,1087543,47,,,1,20,,1109560,47,,,1,31,,1109559,47,,,1,70,,1109575,47,,,1,26,,1109573,47,,,1,67,,1109563,47,,,1,24,,1109567,47,,,1,69,,1109540,47,,,1,30,,1051233,47,,,1,72,,1109536,47,,,1,23,,1109551,47,,,1,70,,1019365,47,,,1,30,,1109566,47,,,1
701,'6',518,,1109591,18,,,1,84,,1109635,18,,,1,30,,1109614,18,,,1,15,,1109608,47,,,1,65,,1109643,47,,,1,17,,1109624,47,,,1,14,,1109622,47,,,1,58,,1109631,47,,,1,24,,1109616,47,,,1,12,,1109604,47,,,1,19,,1109644,47,,,1,51,,1109606,47,,,1,16,,1109625,47,,,1,15,,1109633,47,,,1,15,,1109603,47,,,1,55,,1109650,47,,,1,12,,1109613,47,,,1,15,,1109596,47,,,1,15,,1109590,47,,,1,55,,1109610,47,,,1,17,,1025658,47,,,1,16,,1068482,47,,,1,17,,1091711,47,,,1,57,,1109636,47,,,1,16,,1109594,47,,,1,11,,1109619,47,,,1,15,,1109649,47,,,1,56,,1109602,47,,,1,15,,1109595,47,,,1,15,,1109648,47,,,1,16,,1109618,47,,,1,57,,1097958,47,,,1,14,,1109621,47,,,1,16,,994377,47,,,1,59,,1109601,47,,,1,14,,1109626,47,,,1,32,,1109639,47,,,1,54,,1109612,47,,,1,18,,1109642,47,,,1,14,,1109617,47,,,1,15,,973660,47,,,1,56,,1109599,47,,,1,14,,1109627,47,,,1,15,,1109597,47,,,1,16,,1109647,47,,,1,55,,1109600,47,,,1,13,,1109611,47,,,1,14,,1109609,47,,,1,12,,1109634,47,,,1,13,,1109629,47,,,1,52,,1109645,47,,,1,15,,1109628,47,,,1,14,,1109615,47,,,1,14,,1109637,47,,,1,54,,1109638,47,,,1,20,,1068469,47,,,1,31,,1109646,47,,,1,70,,1109630,47,,,1,26,,1109592,47,,,1,67,,1109607,47,,,1,24,,1109605,47,,,1,69,,1109641,47,,,1,30,,1109598,47,,,1,72,,1109593,47,,,1,23,,1109640,47,,,1,70,,1109632,47,,,1,30,,1109623,47,,,1
701,'7',623,,1109698,18,,,1,30,,1109679,18,,,1,65,,1109659,47,,,1,30,,1109697,47,,,1,71,,1109670,47,,,1,32,,1109651,47,,,1,70,,1109709,47,,,1,30,,1109715,47,,,1,70,,1109695,47,,,1,30,,1109686,47,,,1,65,,1109683,47,,,1,24,,1109655,47,,,1,64,,1109720,47,,,1,24,,1109661,47,,,1,15,,1109687,47,,,1,12,,1109708,47,,,1,52,,1109706,47,,,1,13,,1109664,47,,,1,12,,1109704,47,,,1,13,,1109712,47,,,1,12,,1109680,47,,,1,52,,1109714,47,,,1,12,,1109676,47,,,1,12,,1109711,47,,,1,12,,1109672,47,,,1,12,,1109660,47,,,1,52,,1109693,47,,,1,12,,1109690,47,,,1,12,,1109675,47,,,1,12,,1109663,47,,,1,12,,1109716,47,,,1,52,,1109673,47,,,1,12,,1109692,47,,,1,12,,1109710,47,,,1,13,,1109657,47,,,1,12,,1109684,47,,,1,52,,1109656,47,,,1,12,,1109685,47,,,1,12,,1109719,47,,,1,12,,1109653,47,,,1,12,,1109688,47,,,1,52,,1109705,47,,,1,12,,1109722,47,,,1,12,,1109665,47,,,1,9,,1109717,47,,,1,64,,1109654,47,,,1,24,,1109674,47,,,1,69,,1109707,47,,,1,30,,1109699,47,,,1,29,,1109668,47,,,1,55,,1109677,47,,,1,15,,1109666,47,,,1,15,,1109701,47,,,1,15,,1109669,47,,,1,64,,1109681,47,,,1,27,,1109691,47,,,1,70,,1109721,47,,,1,30,,1109678,47,,,1,70,,1109718,47,,,1,30,,1109700,47,,,1,76,,1109702,47,,,1
701,'8',518,,1109724,18,,,1,84,,1109774,18,,,1,30,,1109752,18,,,1,15,,1109746,47,,,1,65,,1109782,47,,,1,17,,1109763,47,,,1,14,,1109761,47,,,1,58,,1109770,47,,,1,24,,1109754,47,,,1,12,,1109742,47,,,1,19,,1109783,47,,,1,51,,1109744,47,,,1,16,,1109764,47,,,1,15,,1109772,47,,,1,15,,1109741,47,,,1,55,,1109790,47,,,1,12,,1109751,47,,,1,15,,1109732,47,,,1,15,,1109723,47,,,1,55,,1109748,47,,,1,17,,1109755,47,,,1,16,,1109738,47,,,1,17,,1109785,47,,,1,57,,1109775,47,,,1,16,,1109730,47,,,1,11,,1109758,47,,,1,15,,1109789,47,,,1,56,,1109739,47,,,1,15,,1109731,47,,,1,15,,1109788,47,,,1,16,,1109757,47,,,1,57,,1109740,47,,,1,14,,1109760,47,,,1,16,,1109726,47,,,1,59,,1109737,47,,,1,14,,1109765,47,,,1,32,,1109778,47,,,1,54,,1109750,47,,,1,18,,1109781,47,,,1,14,,1109756,47,,,1,15,,1109729,47,,,1,56,,1109735,47,,,1,14,,1109766,47,,,1,15,,1109733,47,,,1,16,,1109787,47,,,1,55,,1109736,47,,,1,13,,1109749,47,,,1,14,,1109747,47,,,1,12,,1109773,47,,,1,13,,1109768,47,,,1,52,,1109784,47,,,1,15,,1109767,47,,,1,14,,1109753,47,,,1,14,,1109776,47,,,1,54,,1109777,47,,,1,20,,1109728,47,,,1,31,,1109786,47,,,1,70,,1109769,47,,,1,26,,1109725,47,,,1,67,,1109745,47,,,1,24,,1109743,47,,,1,69,,1109780,47,,,1,30,,1109734,47,,,1,72,,1109727,47,,,1,23,,1109779,47,,,1,70,,1109771,47,,,1,30,,1109762,47,,,1
701,'9',518,,1109842,18,,,1,84,,1109806,18,,,1,30,,1109837,18,,,1,15,,1044973,47,,,1,65,,1109824,47,,,1,17,,1109804,47,,,1,14,,1109845,47,,,1,58,,1109800,47,,,1,24,,1109832,47,,,1,12,,1109814,47,,,1,19,,1109841,47,,,1,51,,1109810,47,,,1,16,,1109818,47,,,1,15,,1109830,47,,,1,15,,1109820,47,,,1,55,,1109798,47,,,1,12,,1095813,47,,,1,15,,1063415,47,,,1,15,,1109835,47,,,1,55,,1109836,47,,,1,17,,1109825,47,,,1,16,,1078970,47,,,1,17,,1109844,47,,,1,57,,1109843,47,,,1,16,,1095810,47,,,1,11,,1086937,47,,,1,15,,1109840,47,,,1,56,,1109812,47,,,1,15,,1109805,47,,,1,15,,1045589,47,,,1,16,,1109797,47,,,1,57,,1109827,47,,,1,14,,1109826,47,,,1,16,,1109834,47,,,1,59,,1005255,47,,,1,14,,1109833,47,,,1,32,,1109799,47,,,1,54,,1029498,47,,,1,18,,1109838,47,,,1,14,,1109839,47,,,1,15,,1109808,47,,,1,56,,1109793,47,,,1,14,,1109828,47,,,1,15,,1079442,47,,,1,16,,1109811,47,,,1,55,,1109791,47,,,1,13,,1109817,47,,,1,14,,1109809,47,,,1,12,,1109802,47,,,1,13,,1109821,47,,,1,52,,1109813,47,,,1,15,,1109794,47,,,1,14,,1109803,47,,,1,14,,1109795,47,,,1,54,,1087443,47,,,1,20,,1109816,47,,,1,31,,1109815,47,,,1,70,,1109831,47,,,1,26,,1109829,47,,,1,67,,1109819,47,,,1,24,,1109823,47,,,1,69,,1109796,47,,,1,30,,1051569,47,,,1,72,,1109792,47,,,1,23,,1109807,47,,,1,70,,1019430,47,,,1,30,,1109822,47,,,1
