26301,'1',1643,,1197337,39,,,1,93,,1083207,39,,,1,100,,1197336,39,,,1,89,,1197335,39,,,1
26301,'10',1643,,1197340,39,,,1,93,,1082974,39,,,1,100,,1197339,39,,,1,89,,1197338,39,,,1
26301,'11',1643,,1197343,39,,,1,93,,1083282,39,,,1,100,,1197342,39,,,1,89,,1197341,39,,,1
26301,'12',1643,,1197344,39,,,1,93,,1197346,39,,,1,100,,1197345,39,,,1,89,,1197347,39,,,1
26301,'14',1643,,1197351,39,,,1,93,,1197348,39,,,1,100,,1197350,39,,,1,89,,1197349,39,,,1
26301,'15',1643,,1197354,39,,,1,93,,1197352,39,,,1,100,,1197353,39,,,1,89,,1197355,39,,,1
26301,'16',1643,,1197356,39,,,1,93,,1197358,39,,,1,100,,1197357,39,,,1,89,,1197359,39,,,1
26301,'5',1643,,1197362,39,,,1,93,,1083167,39,,,1,100,,1197361,39,,,1,89,,1197360,39,,,1
26301,'6',1643,,1049582,39,,,1,93,,1197364,39,,,1,100,,1197363,39,,,1,89,,1197365,39,,,1
26301,'8',1643,,1197366,39,,,1,93,,1197368,39,,,1,100,,1197367,39,,,1,89,,1197369,39,,,1
26301,'9',1643,,1197372,39,,,1,93,,1083043,39,,,1,100,,1197371,39,,,1,89,,1197370,39,,,1
28301,'1',1658,,1197955,20,,,1,72,,1101771,20,,,1,73,,1197954,20,0,80,1,53,,1197956,20,0,80,1
28301,'10',1658,,1197958,20,,,1,72,,1101670,20,,,1,73,,1197957,20,0,80,1,53,,1197959,20,0,80,1
28301,'11',1658,,1197961,20,,,1,72,,1101802,20,,,1,73,,1197960,20,0,80,1,53,,1197962,20,0,80,1
28301,'12',1658,,1070860,20,,,1,72,,1197963,20,,,1,73,,1197965,20,0,80,1,53,,1197964,20,0,80,1
28301,'14',1658,,1197968,20,,,1,72,,1197966,20,,,1,73,,1197967,20,0,80,1,53,,1197969,20,0,80,1
28301,'15',1658,,1197972,20,,,1,72,,1197971,20,,,1,73,,1197970,20,0,80,1,53,,1197973,20,0,80,1
28301,'16',1658,,1197974,20,,,1,72,,1197975,20,,,1,73,,1197977,20,0,80,1,53,,1197976,20,0,80,1
28301,'5',1658,,1197979,20,,,1,72,,1101751,20,,,1,73,,1197978,20,0,80,1,53,,1197980,20,0,80,1
28301,'6',1658,,1197981,20,,,1,72,,1197982,20,,,1,73,,1197984,20,0,80,1,53,,1197983,20,0,80,1
28301,'8',1658,,1197985,20,,,1,72,,1197986,20,,,1,73,,1197988,20,0,80,1,53,,1197987,20,0,80,1
28301,'9',1658,,1197990,20,,,1,72,,1101700,20,,,1,73,,1197989,20,0,80,1,53,,1197991,20,0,80,1
30101,'10',1526,,1198181,70,,,1
30101,'3',1526,,1198182,70,,,1
30101,'6',1526,,1198183,70,,,1
