4901,'1',616,,1146248,12,,,1,30,,1146261,12,,,1,70,,1103492,12,,,1,30,,1146258,12,,,1,60,,1146265,12,,,1,21,,1146255,12,,,1,30,,1146259,12,,,1,173,,1146254,12,,,1,200,,1146250,12,,,1,200,,1146256,12,,,1,28,,1146257,12,,,1,74,,1146264,12,,,1,71,,1146252,12,,,1,31,,1146263,12,,,1,69,,1146249,12,,,1,30,,1146251,12,,,1,68,,1146253,12,,,1,35,,1146260,12,,,1,82,,1146262,12,,,1
4901,'10',616,,1146266,12,,,1,30,,1146279,12,,,1,70,,1103486,12,,,1,30,,1146276,12,,,1,60,,1146283,12,,,1,21,,1146273,12,,,1,30,,1146277,12,,,1,173,,1146272,12,,,1,200,,1146268,12,,,1,200,,1146274,12,,,1,28,,1146275,12,,,1,74,,1146282,12,,,1,71,,1146270,12,,,1,31,,1146281,12,,,1,69,,1146267,12,,,1,30,,1146269,12,,,1,68,,1146271,12,,,1,35,,1146278,12,,,1,82,,1146280,12,,,1
4901,'11',616,,1146284,12,,,1,30,,1146297,12,,,1,70,,1103494,12,,,1,30,,1146294,12,,,1,60,,1146301,12,,,1,21,,1146291,12,,,1,30,,1146295,12,,,1,173,,1146290,12,,,1,200,,1146286,12,,,1,200,,1146292,12,,,1,28,,1146293,12,,,1,74,,1146300,12,,,1,71,,1146288,12,,,1,31,,1146299,12,,,1,69,,1146285,12,,,1,30,,1146287,12,,,1,68,,1146289,12,,,1,35,,1146296,12,,,1,82,,1146298,12,,,1
4901,'12',616,,1146314,12,,,1,30,,1146307,12,,,1,70,,1146317,12,,,1,30,,1146304,12,,,1,60,,1146308,12,,,1,21,,1066081,12,,,1,30,,1146306,12,,,1,173,,1049960,12,,,1,200,,1045164,12,,,1,200,,1146310,12,,,1,28,,1146316,12,,,1,74,,1146309,12,,,1,71,,1146312,12,,,1,31,,1146313,12,,,1,69,,1146305,12,,,1,30,,1146311,12,,,1,68,,1146315,12,,,1,35,,1146302,12,,,1,82,,1146303,12,,,1
4901,'13',850,,1146325,12,,,1,100,,1091127,12,,,1,100,,1146318,12,,,1,100,,1146322,12,,,1,100,,1146323,12,,,1,100,,1146319,12,,,1,100,,1146321,12,,,1,100,,1146324,12,,,1,100,,1146326,12,,,1,100,,1146320,12,,,1
4901,'14',616,,1146327,12,,,1,30,,1146341,12,,,1,70,,1146331,12,,,1,30,,1146338,12,,,1,60,,1146345,12,,,1,21,,1146335,12,,,1,30,,1146339,12,,,1,173,,1146334,12,,,1,200,,1146329,12,,,1,200,,1146336,12,,,1,28,,1146337,12,,,1,74,,1146344,12,,,1,71,,1146332,12,,,1,31,,1146343,12,,,1,69,,1146328,12,,,1,30,,1146330,12,,,1,68,,1146333,12,,,1,35,,1146340,12,,,1,82,,1146342,12,,,1
4901,'15',616,,1146348,12,,,1,30,,1146361,12,,,1,70,,1146354,12,,,1,30,,1146351,12,,,1,60,,1146350,12,,,1,21,,1146346,12,,,1,30,,1146352,12,,,1,173,,1146363,12,,,1,200,,1146358,12,,,1,200,,1146359,12,,,1,28,,1146347,12,,,1,74,,1146364,12,,,1,71,,1146362,12,,,1,31,,1146353,12,,,1,69,,1146349,12,,,1,30,,1146360,12,,,1,68,,1146356,12,,,1,35,,1146355,12,,,1,82,,1146357,12,,,1
4901,'16',616,,1146379,12,,,1,30,,1146371,12,,,1,70,,1146380,12,,,1,30,,1146368,12,,,1,60,,1146372,12,,,1,21,,1146367,12,,,1,30,,1146370,12,,,1,173,,1146366,12,,,1,200,,1146377,12,,,1,200,,1146374,12,,,1,28,,1066571,12,,,1,74,,1146373,12,,,1,71,,1146376,12,,,1,31,,1146378,12,,,1,69,,1146369,12,,,1,30,,1146375,12,,,1,68,,1088205,12,,,1,35,,1146365,12,,,1,82,,1066982,12,,,1
4901,'17',850,,1146389,12,,,1,100,,1146381,12,,,1,100,,1146382,12,,,1,100,,1146386,12,,,1,100,,1146387,12,,,1,100,,1146383,12,,,1,100,,1146385,12,,,1,100,,1146388,12,,,1,100,,1146390,12,,,1,100,,1146384,12,,,1
4901,'2',911,,1146398,12,,,1,100,,1146391,12,,,1,100,,1146397,12,,,1,100,,1146396,12,,,1,100,,1146392,12,,,1,100,,1146393,12,,,1,100,,1146394,12,,,1,100,,1146400,12,,,1,100,,1146399,12,,,1,100,,1146395,12,,,1
4901,'3',850,,1146409,12,,,1,100,,1146401,12,,,1,100,,1146402,12,,,1,100,,1146406,12,,,1,100,,1146407,12,,,1,100,,1146403,12,,,1,100,,1146405,12,,,1,100,,1146408,12,,,1,100,,1146410,12,,,1,100,,1146404,12,,,1
4901,'4',850,,1146414,12,,,1,100,,1146417,12,,,1,100,,1146412,12,,,1,100,,1146415,12,,,1,100,,1146411,12,,,1,100,,1146416,12,,,1,100,,1037604,12,,,1,100,,1146413,12,,,1,100,,1146418,12,,,1,100,,1146419,12,,,1
4901,'5',616,,1146420,12,,,1,30,,1146433,12,,,1,70,,1103490,12,,,1,30,,1146430,12,,,1,60,,1146437,12,,,1,21,,1146427,12,,,1,30,,1146431,12,,,1,173,,1146426,12,,,1,200,,1146422,12,,,1,200,,1146428,12,,,1,28,,1146429,12,,,1,74,,1146436,12,,,1,71,,1146424,12,,,1,31,,1146435,12,,,1,69,,1146421,12,,,1,30,,1146423,12,,,1,68,,1146425,12,,,1,35,,1146432,12,,,1,82,,1146434,12,,,1
4901,'6',616,,1146451,12,,,1,30,,1146444,12,,,1,70,,1089621,12,,,1,30,,1146441,12,,,1,60,,1146445,12,,,1,21,,1146440,12,,,1,30,,1146443,12,,,1,173,,1146438,12,,,1,200,,1146449,12,,,1,200,,1146447,12,,,1,28,,1146453,12,,,1,74,,1146446,12,,,1,71,,1146448,12,,,1,31,,1146450,12,,,1,69,,1146442,12,,,1,30,,999985,12,,,1,68,,1146452,12,,,1,35,,1081432,12,,,1,82,,1146439,12,,,1
4901,'7',911,,1146458,12,,,1,100,,1146459,12,,,1,100,,1146454,12,,,1,100,,1146455,12,,,1,100,,1146461,12,,,1,100,,1146457,12,,,1,100,,1146456,12,,,1,100,,1146462,12,,,1,100,,1146460,12,,,1,100,,1146463,12,,,1
4901,'8',616,,1146479,12,,,1,30,,1146471,12,,,1,70,,1146482,12,,,1,30,,1146468,12,,,1,60,,1146472,12,,,1,21,,1146467,12,,,1,30,,1146470,12,,,1,173,,1146465,12,,,1,200,,1146477,12,,,1,200,,1146474,12,,,1,28,,1146481,12,,,1,74,,1146473,12,,,1,71,,1146476,12,,,1,31,,1146478,12,,,1,69,,1146469,12,,,1,30,,1146475,12,,,1,68,,1146480,12,,,1,35,,1146464,12,,,1,82,,1146466,12,,,1
4901,'9',616,,1146483,12,,,1,30,,1146496,12,,,1,70,,1103488,12,,,1,30,,1146493,12,,,1,60,,1146500,12,,,1,21,,1146490,12,,,1,30,,1146494,12,,,1,173,,1146489,12,,,1,200,,1146485,12,,,1,200,,1146491,12,,,1,28,,1146492,12,,,1,74,,1146499,12,,,1,71,,1146487,12,,,1,31,,1146498,12,,,1,69,,1146484,12,,,1,30,,1146486,12,,,1,68,,1146488,12,,,1,35,,1146495,12,,,1,82,,1146497,12,,,1
