1901,'1',853,,1121904,46,,,1,70,,1121927,46,,,1,30,,1121909,46,,,1,69,,965837,46,,,1,25,,1009510,46,,,1,69,,1121928,46,,,1,31,,1121908,46,,,1,72,,1121925,46,,,1,30,,1121923,46,,,1,70,,1121918,46,,,1,33,,1121912,46,,,1,71,,1121916,46,,,1,32,,1121907,46,,,1,78,,969117,46,,,1,74,,1121932,46,,,1,28,,1121914,46,,,1,73,,1121919,46,,,1,29,,1121917,46,,,1,70,,980045,46,,,1,27,,1121905,46,,,1,66,,1019211,46,,,1,30,,1121922,46,,,1,23,,1121931,46,,,1,69,,1121906,46,,,1,27,,1121910,46,,,1,64,,1094600,46,,,1,25,,1121921,46,,,1,98,,1095905,46,,,1
1901,'10',853,,1121933,46,,,1,70,,1121956,46,,,1,30,,1121938,46,,,1,69,,965559,46,,,1,25,,1009548,46,,,1,69,,1121957,46,,,1,31,,1121937,46,,,1,72,,1121954,46,,,1,30,,1121952,46,,,1,70,,1121947,46,,,1,33,,1121941,46,,,1,71,,1121945,46,,,1,32,,1121936,46,,,1,78,,968791,46,,,1,74,,1121961,46,,,1,28,,1121943,46,,,1,73,,1121948,46,,,1,29,,1121946,46,,,1,70,,979778,46,,,1,27,,1121934,46,,,1,66,,1019294,46,,,1,30,,1121951,46,,,1,23,,1121960,46,,,1,69,,1121935,46,,,1,27,,1121939,46,,,1,64,,1094430,46,,,1,25,,1121950,46,,,1,98,,1095763,46,,,1
1901,'11',853,,1121962,46,,,1,70,,1121985,46,,,1,30,,1121967,46,,,1,69,,965795,46,,,1,25,,1009500,46,,,1,69,,1121986,46,,,1,31,,1121966,46,,,1,72,,1121983,46,,,1,30,,1121981,46,,,1,70,,1121976,46,,,1,33,,1121970,46,,,1,71,,1121974,46,,,1,32,,1121965,46,,,1,78,,969065,46,,,1,74,,1121990,46,,,1,28,,1121972,46,,,1,73,,1121977,46,,,1,29,,1121975,46,,,1,70,,979995,46,,,1,27,,1121963,46,,,1,66,,1019186,46,,,1,30,,1121980,46,,,1,23,,1121989,46,,,1,69,,1121964,46,,,1,27,,1121968,46,,,1,64,,1094642,46,,,1,25,,1121979,46,,,1,98,,1095941,46,,,1
1901,'12',853,,1122017,46,,,1,70,,1122018,46,,,1,30,,1122009,46,,,1,69,,1121994,46,,,1,25,,1122004,46,,,1,69,,1122023,46,,,1,31,,1122022,46,,,1,72,,1122024,46,,,1,30,,1074896,46,,,1,70,,1122014,46,,,1,33,,1121997,46,,,1,71,,1122001,46,,,1,32,,1122021,46,,,1,78,,1122002,46,,,1,74,,1122020,46,,,1,28,,1122003,46,,,1,73,,1121998,46,,,1,29,,1122015,46,,,1,70,,1121993,46,,,1,27,,1122005,46,,,1,66,,1122013,46,,,1,30,,1121999,46,,,1,23,,1122000,46,,,1,69,,1122011,46,,,1,27,,1121991,46,,,1,64,,1121996,46,,,1,25,,1121995,46,,,1,98,,1122008,46,,,1
1901,'13',932,,1122048,46,,,1,70,,1122049,46,,,1,32,,1122026,46,,,1,71,,1122044,46,,,1,30,,1122027,46,,,1,70,,1122040,46,,,1,30,,1122045,46,,,1,71,,1122030,46,,,1,30,,1122038,46,,,1,70,,1082583,46,,,1,30,,1067234,46,,,1,70,,1122041,46,,,1,30,,1122042,46,,,1,70,,1122046,46,,,1,30,,1122035,46,,,1,69,,1122029,46,,,1,30,,1122034,46,,,1,70,,1122031,46,,,1,30,,1122047,46,,,1,69,,1122032,46,,,1,30,,1122043,46,,,1
1901,'14',853,,1122053,46,,,1,70,,1122079,46,,,1,30,,1122059,46,,,1,69,,1122052,46,,,1,25,,1122060,46,,,1,69,,1122080,46,,,1,31,,1122058,46,,,1,72,,1122076,46,,,1,30,,1122074,46,,,1,70,,1122069,46,,,1,33,,1122063,46,,,1,71,,1122067,46,,,1,32,,1122057,46,,,1,78,,1122077,46,,,1,74,,1122085,46,,,1,28,,1122065,46,,,1,73,,1122070,46,,,1,29,,1122068,46,,,1,70,,1122082,46,,,1,27,,1122054,46,,,1,66,,1122055,46,,,1,30,,1122073,46,,,1,23,,1122084,46,,,1,69,,1122056,46,,,1,27,,1122061,46,,,1,64,,1122051,46,,,1,25,,1122072,46,,,1,98,,1122050,46,,,1
1901,'15',853,,1122096,46,,,1,70,,1122102,46,,,1,30,,1122112,46,,,1,69,,1122089,46,,,1,25,,1122106,46,,,1,69,,1122114,46,,,1,31,,1122118,46,,,1,72,,1122091,46,,,1,30,,1122103,46,,,1,70,,1122121,46,,,1,33,,1122109,46,,,1,71,,1122094,46,,,1,32,,1122098,46,,,1,78,,1122110,46,,,1,74,,1122086,46,,,1,28,,1122120,46,,,1,73,,1122108,46,,,1,29,,1122116,46,,,1,70,,1122100,46,,,1,27,,1122119,46,,,1,66,,1122104,46,,,1,30,,1122095,46,,,1,23,,1122090,46,,,1,69,,1122113,46,,,1,27,,1122097,46,,,1,64,,1122117,46,,,1,25,,1122099,46,,,1,98,,1122101,46,,,1
1901,'16',853,,1122146,46,,,1,70,,1122147,46,,,1,30,,1122139,46,,,1,69,,1063648,46,,,1,25,,1122134,46,,,1,69,,1122152,46,,,1,31,,1122151,46,,,1,72,,1095663,46,,,1,30,,1122125,46,,,1,70,,1122143,46,,,1,33,,1122127,46,,,1,71,,1122131,46,,,1,32,,1122150,46,,,1,78,,1122132,46,,,1,74,,1122149,46,,,1,28,,1122133,46,,,1,73,,1122128,46,,,1,29,,1122144,46,,,1,70,,1122124,46,,,1,27,,1122135,46,,,1,66,,1122142,46,,,1,30,,1122129,46,,,1,23,,1122130,46,,,1,69,,1122140,46,,,1,27,,1122122,46,,,1,64,,1122126,46,,,1,25,,1101624,46,,,1,98,,1122138,46,,,1
1901,'17',932,,1122179,46,,,1,70,,1122180,46,,,1,32,,1122153,46,,,1,71,,1122174,46,,,1,30,,1122154,46,,,1,70,,1122170,46,,,1,30,,1122175,46,,,1,71,,1122158,46,,,1,30,,1122168,46,,,1,70,,1122178,46,,,1,30,,1122160,46,,,1,70,,1122171,46,,,1,30,,1122172,46,,,1,70,,1122176,46,,,1,30,,1122165,46,,,1,69,,1122157,46,,,1,30,,1122164,46,,,1,70,,1122161,46,,,1,30,,1122177,46,,,1,69,,1122162,46,,,1,30,,1122173,46,,,1
1901,'2',859,,1122195,46,,,1,70,,1122196,46,,,1,30,,1122182,46,,,1,72,,1122198,46,,,1,71,,1122187,46,,,1,30,,1122199,46,,,1,70,,1122194,46,,,1,30,,1122188,46,,,1,71,,1122200,46,,,1,30,,1122203,46,,,1,70,,1122209,46,,,1,30,,1054758,46,,,1,70,,1122184,46,,,1,30,,1122192,46,,,1,70,,1122208,46,,,1,30,,1122183,46,,,1,69,,1122190,46,,,1,30,,1122202,46,,,1,70,,1122186,46,,,1,30,,1122205,46,,,1,69,,1122197,46,,,1,30,,1122189,46,,,1,70,,1122207,46,,,1,30,,1122206,46,,,1,28,,1122201,46,,,1,70,,1122191,46,,,1
1901,'3',932,,1122236,46,,,1,70,,1122237,46,,,1,32,,1122210,46,,,1,71,,1122231,46,,,1,30,,1122211,46,,,1,70,,1122227,46,,,1,30,,1122232,46,,,1,71,,1122215,46,,,1,30,,1122225,46,,,1,70,,1122235,46,,,1,30,,1122217,46,,,1,70,,1122228,46,,,1,30,,1122229,46,,,1,70,,1122233,46,,,1,30,,1122222,46,,,1,69,,1122214,46,,,1,30,,1122221,46,,,1,70,,1122218,46,,,1,30,,1122234,46,,,1,69,,1122219,46,,,1,30,,1122230,46,,,1
1901,'4',932,,1122263,46,,,1,70,,1122264,46,,,1,32,,1122252,46,,,1,71,,1122245,46,,,1,30,,1122240,46,,,1,70,,1122241,46,,,1,30,,1122259,46,,,1,71,,1074855,46,,,1,30,,1122249,46,,,1,70,,1122250,46,,,1,30,,1122247,46,,,1,70,,1122253,46,,,1,30,,1122243,46,,,1,70,,1122238,46,,,1,30,,1122256,46,,,1,69,,1122244,46,,,1,30,,1122258,46,,,1,70,,1122248,46,,,1,30,,1122239,46,,,1,69,,1122251,46,,,1,30,,1122254,46,,,1
1901,'5',853,,1122265,46,,,1,70,,1122288,46,,,1,30,,1122270,46,,,1,69,,965970,46,,,1,25,,1009458,46,,,1,69,,1122289,46,,,1,31,,1122269,46,,,1,72,,1122286,46,,,1,30,,1122284,46,,,1,70,,1122279,46,,,1,33,,1122273,46,,,1,71,,1122277,46,,,1,32,,1122268,46,,,1,78,,969288,46,,,1,74,,1122293,46,,,1,28,,1122275,46,,,1,73,,1122280,46,,,1,29,,1122278,46,,,1,70,,980201,46,,,1,27,,1122266,46,,,1,66,,1019074,46,,,1,30,,1122283,46,,,1,23,,1122292,46,,,1,69,,1122267,46,,,1,27,,1122271,46,,,1,64,,1094577,46,,,1,25,,1122282,46,,,1,98,,1095886,46,,,1
1901,'6',853,,1122316,46,,,1,70,,1122317,46,,,1,30,,1122308,46,,,1,69,,1122294,46,,,1,25,,1122304,46,,,1,69,,1064983,46,,,1,31,,1122320,46,,,1,72,,1122321,46,,,1,30,,1122296,46,,,1,70,,1122313,46,,,1,33,,995722,46,,,1,71,,1122301,46,,,1,32,,1122319,46,,,1,78,,1122302,46,,,1,74,,1034292,46,,,1,28,,1122303,46,,,1,73,,1122298,46,,,1,29,,1122314,46,,,1,70,,1027913,46,,,1,27,,1122305,46,,,1,66,,1122312,46,,,1,30,,1122299,46,,,1,23,,1122300,46,,,1,69,,1122310,46,,,1,27,,971018,46,,,1,64,,1122297,46,,,1,25,,1122295,46,,,1,98,,1122307,46,,,1
1901,'7',859,,1122352,46,,,1,70,,1122332,46,,,1,30,,1122350,46,,,1,72,,1122324,46,,,1,71,,1122349,46,,,1,30,,1122323,46,,,1,70,,1122339,46,,,1,30,,1122329,46,,,1,71,,1122335,46,,,1,30,,1122328,46,,,1,70,,1122348,46,,,1,30,,1122334,46,,,1,70,,1122327,46,,,1,30,,1122351,46,,,1,70,,1122345,46,,,1,30,,1122337,46,,,1,69,,1122325,46,,,1,30,,1122343,46,,,1,70,,1122331,46,,,1,30,,1122347,46,,,1,69,,1122326,46,,,1,30,,1122330,46,,,1,70,,1122336,46,,,1,30,,1122346,46,,,1,28,,1122340,46,,,1,70,,1122341,46,,,1
1901,'8',853,,1122380,46,,,1,70,,1122381,46,,,1,30,,1122372,46,,,1,69,,1122356,46,,,1,25,,1122367,46,,,1,69,,1122386,46,,,1,31,,1122385,46,,,1,72,,1122387,46,,,1,30,,1122358,46,,,1,70,,1122377,46,,,1,33,,1122360,46,,,1,71,,1122364,46,,,1,32,,1122384,46,,,1,78,,1122365,46,,,1,74,,1122383,46,,,1,28,,1122366,46,,,1,73,,1122361,46,,,1,29,,1122378,46,,,1,70,,1122355,46,,,1,27,,1122368,46,,,1,66,,1122376,46,,,1,30,,1122362,46,,,1,23,,1122363,46,,,1,69,,1122374,46,,,1,27,,1122353,46,,,1,64,,1122359,46,,,1,25,,1122357,46,,,1,98,,1122371,46,,,1
1901,'9',853,,1122389,46,,,1,70,,1122412,46,,,1,30,,1122394,46,,,1,69,,965928,46,,,1,25,,1009520,46,,,1,69,,1122413,46,,,1,31,,1122393,46,,,1,72,,1122410,46,,,1,30,,1122408,46,,,1,70,,1122403,46,,,1,33,,1122397,46,,,1,71,,1122401,46,,,1,32,,1122392,46,,,1,78,,969236,46,,,1,74,,1122417,46,,,1,28,,1122399,46,,,1,73,,1122404,46,,,1,29,,1122402,46,,,1,70,,980151,46,,,1,27,,1122390,46,,,1,66,,1019236,46,,,1,30,,1122407,46,,,1,23,,1122416,46,,,1,69,,1122391,46,,,1,27,,1122395,46,,,1,64,,1094480,46,,,1,25,,1122406,46,,,1,98,,1095804,46,,,1
4201,'1',608,,1140212,35,,,1,96,,1066147,35,,,1,31,,1140203,35,,,1,68,,1140200,35,,,1,32,,1140205,35,,,1,15,,1140189,35,,,1,54,,1140201,35,,,1,32,,1064429,35,,,1,70,,1140197,35,,,1,30,,1140198,35,,,1,70,,998745,35,,,1,30,,1140196,35,,,1,71,,1140209,35,,,1,31,,1140207,35,,,1,72,,1140202,35,,,1,31,,1140191,35,,,1,70,,1140199,35,,,1,31,,1140211,35,,,1,70,,1084746,35,,,1,31,,1072633,35,,,1,72,,1002721,35,,,1,33,,1140194,35,,,1,72,,1140193,35,,,1,28,,1140208,35,,,1,65,,1140195,35,,,1,23,,1140206,35,,,1,66,,1140213,35,,,1,30,,1091285,35,,,1,70,,1140210,35,,,1,30,,1140190,35,,,1,69,,1140192,35,,,1,32,,1140204,35,,,1,70,,1140214,35,,,1
4201,'10',608,,1140238,35,,,1,96,,1065925,35,,,1,31,,1140229,35,,,1,68,,1140226,35,,,1,32,,1140231,35,,,1,15,,1140215,35,,,1,54,,1140227,35,,,1,32,,1064268,35,,,1,70,,1140223,35,,,1,30,,1140224,35,,,1,70,,998824,35,,,1,30,,1140222,35,,,1,71,,1140235,35,,,1,31,,1140233,35,,,1,72,,1140228,35,,,1,31,,1140217,35,,,1,70,,1140225,35,,,1,31,,1140237,35,,,1,70,,1084575,35,,,1,31,,1072486,35,,,1,72,,1002891,35,,,1,33,,1140220,35,,,1,72,,1140219,35,,,1,28,,1140234,35,,,1,65,,1140221,35,,,1,23,,1140232,35,,,1,66,,1140239,35,,,1,30,,1091008,35,,,1,70,,1140236,35,,,1,30,,1140216,35,,,1,69,,1140218,35,,,1,32,,1140230,35,,,1,70,,1140240,35,,,1
4201,'11',608,,1140264,35,,,1,96,,1066218,35,,,1,31,,1140255,35,,,1,68,,1140252,35,,,1,32,,1140257,35,,,1,15,,1140241,35,,,1,54,,1140253,35,,,1,32,,1064481,35,,,1,70,,1140249,35,,,1,30,,1140250,35,,,1,70,,998723,35,,,1,30,,1140248,35,,,1,71,,1140261,35,,,1,31,,1140259,35,,,1,72,,1140254,35,,,1,31,,1140243,35,,,1,70,,1140251,35,,,1,31,,1140263,35,,,1,70,,1084799,35,,,1,31,,1072674,35,,,1,72,,1002674,35,,,1,33,,1140246,35,,,1,72,,1140245,35,,,1,28,,1140260,35,,,1,65,,1140247,35,,,1,23,,1140258,35,,,1,66,,1140265,35,,,1,30,,1091359,35,,,1,70,,1140262,35,,,1,30,,1140242,35,,,1,69,,1140244,35,,,1,32,,1140256,35,,,1,70,,1140266,35,,,1
4201,'12',608,,1140293,35,,,1,96,,1022643,35,,,1,31,,1140276,35,,,1,68,,1140282,35,,,1,32,,1066886,35,,,1,15,,1140289,35,,,1,54,,1140268,35,,,1,32,,1140287,35,,,1,70,,1140286,35,,,1,30,,1089141,35,,,1,70,,1140283,35,,,1,30,,1030000,35,,,1,71,,1140269,35,,,1,31,,1140270,35,,,1,72,,1140272,35,,,1,31,,1140288,35,,,1,70,,1140280,35,,,1,31,,1140274,35,,,1,70,,1140273,35,,,1,31,,1140275,35,,,1,72,,1140271,35,,,1,33,,1140284,35,,,1,72,,1092772,35,,,1,28,,1140279,35,,,1,65,,1140292,35,,,1,23,,1140278,35,,,1,66,,1140285,35,,,1,30,,1140281,35,,,1,70,,1140267,35,,,1,30,,1140277,35,,,1,69,,1140294,35,,,1,32,,1140290,35,,,1,70,,1140291,35,,,1
4201,'13',752,,1140296,35,,,1,100,,1140306,35,,,1,100,,1140297,35,,,1,70,,1140303,35,,,1,30,,1140307,35,,,1,70,,1140299,35,,,1,30,,1140311,35,,,1,70,,1140305,35,,,1,30,,1140295,35,,,1,71,,1140310,35,,,1,30,,1140300,35,,,1,70,,1140309,35,,,1,30,,1140313,35,,,1,70,,1140301,35,,,1,30,,1140304,35,,,1,69,,1140312,35,,,1,30,,1140298,35,,,1,70,,1140314,35,,,1,30,,1140308,35,,,1,70,,1140302,35,,,1
4201,'14',608,,1140344,35,,,1,96,,1140323,35,,,1,31,,1140335,35,,,1,68,,1140332,35,,,1,32,,1140337,35,,,1,15,,1140315,35,,,1,54,,1140333,35,,,1,32,,1140316,35,,,1,70,,1140328,35,,,1,30,,1140329,35,,,1,70,,1140318,35,,,1,30,,1140327,35,,,1,71,,1140341,35,,,1,31,,1140339,35,,,1,72,,1140334,35,,,1,31,,1140320,35,,,1,70,,1140330,35,,,1,31,,1140343,35,,,1,70,,1140326,35,,,1,31,,1140347,35,,,1,72,,1140331,35,,,1,33,,1140324,35,,,1,72,,1140322,35,,,1,28,,1140340,35,,,1,65,,1140325,35,,,1,23,,1140338,35,,,1,66,,1140345,35,,,1,30,,1140319,35,,,1,70,,1140342,35,,,1,30,,1140317,35,,,1,69,,1140321,35,,,1,32,,1140336,35,,,1,70,,1140346,35,,,1
4201,'15',608,,1140377,35,,,1,96,,1140353,35,,,1,31,,1140380,35,,,1,68,,1140348,35,,,1,32,,1140372,35,,,1,15,,1140350,35,,,1,54,,1140357,35,,,1,32,,1140370,35,,,1,70,,1140364,35,,,1,30,,1140355,35,,,1,70,,1140367,35,,,1,30,,1140359,35,,,1,71,,1140373,35,,,1,31,,1140376,35,,,1,72,,1140374,35,,,1,31,,1140362,35,,,1,70,,1140354,35,,,1,31,,1140358,35,,,1,70,,1140349,35,,,1,31,,1140351,35,,,1,72,,1140356,35,,,1,33,,1140352,35,,,1,72,,1140375,35,,,1,28,,1140365,35,,,1,65,,1140368,35,,,1,23,,1140369,35,,,1,66,,1140371,35,,,1,30,,1140378,35,,,1,70,,1140379,35,,,1,30,,1140360,35,,,1,69,,1140361,35,,,1,32,,1140363,35,,,1,70,,1140366,35,,,1
4201,'16',608,,1073055,35,,,1,96,,1140382,35,,,1,31,,1038472,35,,,1,68,,1140398,35,,,1,32,,1140390,35,,,1,15,,1140405,35,,,1,54,,1083233,35,,,1,32,,1140403,35,,,1,70,,1140402,35,,,1,30,,1140394,35,,,1,70,,1140399,35,,,1,30,,1140386,35,,,1,71,,1140384,35,,,1,31,,1140385,35,,,1,72,,1090028,35,,,1,31,,1140404,35,,,1,70,,1140396,35,,,1,31,,1140389,35,,,1,70,,1140388,35,,,1,31,,1140391,35,,,1,72,,1140387,35,,,1,33,,1140400,35,,,1,72,,1140383,35,,,1,28,,1140395,35,,,1,65,,1140407,35,,,1,23,,1140393,35,,,1,66,,1140401,35,,,1,30,,1140397,35,,,1,70,,1140381,35,,,1,30,,1140392,35,,,1,69,,1140408,35,,,1,32,,1140406,35,,,1,70,,1099847,35,,,1
4201,'17',752,,1140410,35,,,1,100,,1140420,35,,,1,100,,1140411,35,,,1,70,,1140417,35,,,1,30,,1140421,35,,,1,70,,1140413,35,,,1,30,,1140425,35,,,1,70,,1140419,35,,,1,30,,1140409,35,,,1,71,,1140424,35,,,1,30,,1140414,35,,,1,70,,1140423,35,,,1,30,,1140427,35,,,1,70,,1140415,35,,,1,30,,1140418,35,,,1,69,,1140426,35,,,1,30,,1140412,35,,,1,70,,1140428,35,,,1,30,,1140422,35,,,1,70,,1140416,35,,,1
4201,'2',628,,1140433,35,,,1,100,,1140439,35,,,1,100,,1140444,35,,,1,30,,1140431,35,,,1,70,,1140438,35,,,1,30,,1140437,35,,,1,70,,1140450,35,,,1,30,,1140429,35,,,1,70,,1140440,35,,,1,30,,1140449,35,,,1,70,,1140435,35,,,1,30,,1140448,35,,,1,71,,1140442,35,,,1,72,,1077179,35,,,1,28,,1140451,35,,,1,30,,1140447,35,,,1,70,,1140443,35,,,1,29,,1071805,35,,,1,70,,1140430,35,,,1,30,,1140432,35,,,1,70,,1140445,35,,,1,30,,1140441,35,,,1,72,,1140436,35,,,1,28,,1140446,35,,,1,70,,1140434,35,,,1
4201,'3',752,,1140453,35,,,1,100,,1140463,35,,,1,100,,1140454,35,,,1,70,,1140460,35,,,1,30,,1140464,35,,,1,70,,1140456,35,,,1,30,,1140468,35,,,1,70,,1140462,35,,,1,30,,1140452,35,,,1,71,,1140467,35,,,1,30,,1140457,35,,,1,70,,1140466,35,,,1,30,,1140470,35,,,1,70,,1140458,35,,,1,30,,1140461,35,,,1,69,,1140469,35,,,1,30,,1140455,35,,,1,70,,1140471,35,,,1,30,,1140465,35,,,1,70,,1140459,35,,,1
4201,'4',752,,1140473,35,,,1,100,,1140478,35,,,1,100,,1140477,35,,,1,70,,1140474,35,,,1,30,,1014931,35,,,1,70,,1140481,35,,,1,30,,1140483,35,,,1,70,,1140475,35,,,1,30,,1140489,35,,,1,71,,1140479,35,,,1,30,,1140480,35,,,1,70,,1140484,35,,,1,30,,1140490,35,,,1,70,,1140487,35,,,1,30,,1140485,35,,,1,69,,1140472,35,,,1,30,,1140488,35,,,1,70,,1140482,35,,,1,30,,1140476,35,,,1,70,,1140486,35,,,1
4201,'5',608,,1140514,35,,,1,96,,1066106,35,,,1,31,,1140505,35,,,1,68,,1140502,35,,,1,32,,1140507,35,,,1,15,,1140491,35,,,1,54,,1140503,35,,,1,32,,1064404,35,,,1,70,,1140499,35,,,1,30,,1140500,35,,,1,70,,998591,35,,,1,30,,1140498,35,,,1,71,,1140511,35,,,1,31,,1140509,35,,,1,72,,1140504,35,,,1,31,,1140493,35,,,1,70,,1140501,35,,,1,31,,1140513,35,,,1,70,,1084717,35,,,1,31,,1072611,35,,,1,72,,1002402,35,,,1,33,,1140496,35,,,1,72,,1140495,35,,,1,28,,1140510,35,,,1,65,,1140497,35,,,1,23,,1140508,35,,,1,66,,1140515,35,,,1,30,,1091242,35,,,1,70,,1140512,35,,,1,30,,1140492,35,,,1,69,,1140494,35,,,1,32,,1140506,35,,,1,70,,1140516,35,,,1
4201,'6',608,,1140542,35,,,1,96,,1140518,35,,,1,31,,1140526,35,,,1,68,,1140533,35,,,1,32,,1140524,35,,,1,15,,1140540,35,,,1,54,,1140517,35,,,1,32,,1140538,35,,,1,70,,1140537,35,,,1,30,,1140529,35,,,1,70,,1140534,35,,,1,30,,1140520,35,,,1,71,,1082944,35,,,1,31,,1065550,35,,,1,72,,1140521,35,,,1,31,,1140539,35,,,1,70,,1140531,35,,,1,31,,1140523,35,,,1,70,,1140522,35,,,1,31,,1140525,35,,,1,72,,1085288,35,,,1,33,,1140535,35,,,1,72,,1140519,35,,,1,28,,1140530,35,,,1,65,,998249,35,,,1,23,,1140528,35,,,1,66,,1140536,35,,,1,30,,1140532,35,,,1,70,,1073079,35,,,1,30,,1140527,35,,,1,69,,1093057,35,,,1,32,,1019112,35,,,1,70,,1140541,35,,,1
4201,'7',628,,1140564,35,,,1,100,,1140547,35,,,1,100,,1140562,35,,,1,30,,1140565,35,,,1,70,,1140558,35,,,1,30,,1140549,35,,,1,70,,1140543,35,,,1,30,,1140561,35,,,1,70,,1140554,35,,,1,30,,1140546,35,,,1,70,,1140548,35,,,1,30,,1140560,35,,,1,71,,1140559,35,,,1,72,,1140566,35,,,1,28,,1140551,35,,,1,30,,1140544,35,,,1,70,,1140563,35,,,1,29,,1140556,35,,,1,70,,1140545,35,,,1,30,,1140552,35,,,1,70,,1140553,35,,,1,30,,1140550,35,,,1,72,,1140567,35,,,1,28,,1140557,35,,,1,70,,1140555,35,,,1
4201,'8',608,,1140599,35,,,1,96,,1140570,35,,,1,31,,1140581,35,,,1,68,,1140588,35,,,1,32,,1140579,35,,,1,15,,1140595,35,,,1,54,,1140569,35,,,1,32,,1140593,35,,,1,70,,1140592,35,,,1,30,,1140584,35,,,1,70,,1140589,35,,,1,30,,1140574,35,,,1,71,,1140572,35,,,1,31,,1140573,35,,,1,72,,1140576,35,,,1,31,,1140594,35,,,1,70,,1140586,35,,,1,31,,1140578,35,,,1,70,,1140577,35,,,1,31,,1140580,35,,,1,72,,1140575,35,,,1,33,,1140590,35,,,1,72,,1140571,35,,,1,28,,1140585,35,,,1,65,,1140598,35,,,1,23,,1140583,35,,,1,66,,1140591,35,,,1,30,,1140587,35,,,1,70,,1140568,35,,,1,30,,1140582,35,,,1,69,,1140600,35,,,1,32,,1140596,35,,,1,70,,1140597,35,,,1
4201,'9',608,,1140624,35,,,1,96,,1065997,35,,,1,31,,1140615,35,,,1,68,,1140612,35,,,1,32,,1140617,35,,,1,15,,1140601,35,,,1,54,,1140613,35,,,1,32,,1064315,35,,,1,70,,1140609,35,,,1,30,,1140610,35,,,1,70,,998767,35,,,1,30,,1140608,35,,,1,71,,1140621,35,,,1,31,,1140619,35,,,1,72,,1140614,35,,,1,31,,1140603,35,,,1,70,,1140611,35,,,1,31,,1140623,35,,,1,70,,1084629,35,,,1,31,,1072534,35,,,1,72,,1002768,35,,,1,33,,1140606,35,,,1,72,,1140605,35,,,1,28,,1140620,35,,,1,65,,1140607,35,,,1,23,,1140618,35,,,1,66,,1140625,35,,,1,30,,1091092,35,,,1,70,,1140622,35,,,1,30,,1140602,35,,,1,69,,1140604,35,,,1,32,,1140616,35,,,1,70,,1140626,35,,,1
4401,'1',520,,1141878,42,,,1,35,,1141864,42,,,1,71,,1068024,42,,,1,15,,1141869,42,,,1,15,,1141853,42,,,1,57,,1096781,42,,,1,15,,1141867,42,,,1,15,,1141863,42,,,1,14,,1141873,42,,,1,59,,1141875,42,,,1,15,,1141843,42,,,1,15,,1141882,42,,,1,13,,1141854,42,,,1,55,,1141887,42,,,1,13,,1141888,42,,,1,15,,1078308,42,,,1,15,,1141866,42,,,1,55,,1092443,42,,,1,15,,1141856,42,,,1,15,,1095623,42,,,1,15,,1141880,42,,,1,55,,1141871,42,,,1,15,,1141886,42,,,1,15,,1141860,42,,,1,15,,1141872,42,,,1,55,,1141858,42,,,1,15,,1141842,42,,,1,15,,1141881,42,,,1,15,,1141848,42,,,1,55,,1141879,42,,,1,15,,1141840,42,,,1,15,,1141876,42,,,1,15,,1095234,42,,,1,55,,1141855,42,,,1,15,,1052647,42,,,1,15,,1141865,42,,,1,60,,1141883,42,,,1,2,,1141889,25,,,1,13,,1141845,42,,,1,13,,1141850,42,,,1,17,,1141838,42,,,1,53,,961534,42,,,1,17,,973343,42,,,1,13,,1141857,42,,,1,17,,1141844,42,,,1,53,,1141862,42,,,1,15,,1141861,42,,,1,15,,1141877,42,,,1,15,,1141885,42,,,1,55,,1141868,42,,,1,15,,1141839,42,,,1,15,,1141851,42,,,1,11,,1022954,42,,,1,15,,1141846,42,,,1,55,,1141841,42,,,1,15,,1141859,42,,,1,29,,1141884,42,,,1,70,,1141849,42,,,1,30,,1141837,42,,,1,70,,1141847,42,,,1,30,,1141874,42,,,1,70,,1082790,42,,,1,28,,1141836,42,,,1,70,,1141852,42,,,1,30,,1141870,42,,,1,79,,1061743,42,,,1
4401,'10',520,,1141932,42,,,1,35,,1141918,42,,,1,71,,1067808,42,,,1,15,,1141923,42,,,1,15,,1141907,42,,,1,57,,1096548,42,,,1,15,,1141921,42,,,1,15,,1141917,42,,,1,14,,1141927,42,,,1,59,,1141929,42,,,1,15,,1141897,42,,,1,15,,1141936,42,,,1,13,,1141908,42,,,1,55,,1141941,42,,,1,13,,1141942,42,,,1,15,,1078096,42,,,1,15,,1141920,42,,,1,55,,1092287,42,,,1,15,,1141910,42,,,1,15,,1095389,42,,,1,15,,1141934,42,,,1,55,,1141925,42,,,1,15,,1141940,42,,,1,15,,1141914,42,,,1,15,,1141926,42,,,1,55,,1141912,42,,,1,15,,1141896,42,,,1,15,,1141935,42,,,1,15,,1141902,42,,,1,55,,1141933,42,,,1,15,,1141894,42,,,1,15,,1141930,42,,,1,15,,1094988,42,,,1,55,,1141909,42,,,1,15,,1052693,42,,,1,15,,1141919,42,,,1,60,,1141937,42,,,1,2,,1141943,25,,,1,13,,1141899,42,,,1,13,,1141904,42,,,1,17,,1141892,42,,,1,53,,961349,42,,,1,17,,973085,42,,,1,13,,1141911,42,,,1,17,,1141898,42,,,1,53,,1141916,42,,,1,15,,1141915,42,,,1,15,,1141931,42,,,1,15,,1141939,42,,,1,55,,1141922,42,,,1,15,,1141893,42,,,1,15,,1141905,42,,,1,11,,1023068,42,,,1,15,,1141900,42,,,1,55,,1141895,42,,,1,15,,1141913,42,,,1,29,,1141938,42,,,1,70,,1141903,42,,,1,30,,1141891,42,,,1,70,,1141901,42,,,1,30,,1141928,42,,,1,70,,1082730,42,,,1,28,,1141890,42,,,1,70,,1141906,42,,,1,30,,1141924,42,,,1,79,,1061518,42,,,1
4401,'11',520,,1141986,42,,,1,35,,1141972,42,,,1,71,,1068078,42,,,1,15,,1141977,42,,,1,15,,1141961,42,,,1,57,,1096847,42,,,1,15,,1141975,42,,,1,15,,1141971,42,,,1,14,,1141981,42,,,1,59,,1141983,42,,,1,15,,1141951,42,,,1,15,,1141990,42,,,1,13,,1141962,42,,,1,55,,1141995,42,,,1,13,,1141996,42,,,1,15,,1078370,42,,,1,15,,1141974,42,,,1,55,,1092490,42,,,1,15,,1141964,42,,,1,15,,1095696,42,,,1,15,,1141988,42,,,1,55,,1141979,42,,,1,15,,1141994,42,,,1,15,,1141968,42,,,1,15,,1141980,42,,,1,55,,1141966,42,,,1,15,,1141950,42,,,1,15,,1141989,42,,,1,15,,1141956,42,,,1,55,,1141987,42,,,1,15,,1141948,42,,,1,15,,1141984,42,,,1,15,,1095308,42,,,1,55,,1141963,42,,,1,15,,1052634,42,,,1,15,,1141973,42,,,1,60,,1141991,42,,,1,2,,1141997,25,,,1,13,,1141953,42,,,1,13,,1141958,42,,,1,17,,1141946,42,,,1,53,,961504,42,,,1,17,,973291,42,,,1,13,,1141965,42,,,1,17,,1141952,42,,,1,53,,1141970,42,,,1,15,,1141969,42,,,1,15,,1141985,42,,,1,15,,1141993,42,,,1,55,,1141976,42,,,1,15,,1141947,42,,,1,15,,1141959,42,,,1,11,,1022921,42,,,1,15,,1141954,42,,,1,55,,1141949,42,,,1,15,,1141967,42,,,1,29,,1141992,42,,,1,70,,1141957,42,,,1,30,,1141945,42,,,1,70,,1141955,42,,,1,30,,1141982,42,,,1,70,,1082810,42,,,1,28,,1141944,42,,,1,70,,1141960,42,,,1,30,,1141978,42,,,1,79,,1061810,42,,,1
4401,'12',520,,1142034,42,,,1,35,,1072796,42,,,1,71,,1142027,42,,,1,15,,1073202,42,,,1,15,,1142030,42,,,1,57,,1142021,42,,,1,15,,1142040,42,,,1,15,,1142008,42,,,1,14,,1019478,42,,,1,59,,1142011,42,,,1,15,,1142009,42,,,1,15,,1142028,42,,,1,13,,1142039,42,,,1,55,,999232,42,,,1,13,,1087163,42,,,1,15,,1142041,42,,,1,15,,1092766,42,,,1,55,,1142001,42,,,1,15,,1142024,42,,,1,15,,1142043,42,,,1,15,,1142032,42,,,1,55,,1090206,42,,,1,15,,1142003,42,,,1,15,,1142014,42,,,1,15,,1142016,42,,,1,55,,1142019,42,,,1,15,,1142002,42,,,1,15,,1142038,42,,,1,15,,1142007,42,,,1,55,,1142037,42,,,1,15,,1141998,42,,,1,15,,1142051,42,,,1,15,,1142017,42,,,1,55,,1142020,42,,,1,15,,1142047,42,,,1,15,,1142026,42,,,1,60,,1142050,42,,,1,2,,1141999,25,,,1,13,,1142031,42,,,1,13,,1081306,42,,,1,17,,1142013,42,,,1,53,,1142029,42,,,1,17,,1142010,42,,,1,13,,1071647,42,,,1,17,,1142025,42,,,1,53,,1142042,42,,,1,15,,1142023,42,,,1,15,,1142005,42,,,1,15,,1142045,42,,,1,55,,1142036,42,,,1,15,,1142022,42,,,1,15,,1080688,42,,,1,11,,1142012,42,,,1,15,,1142006,42,,,1,55,,1142000,42,,,1,15,,1142015,42,,,1,29,,1142004,42,,,1,70,,1142035,42,,,1,30,,1142049,42,,,1,70,,1142052,42,,,1,30,,1142018,42,,,1,70,,1142044,42,,,1,28,,984618,42,,,1,70,,1142046,42,,,1,30,,1142033,42,,,1,79,,1142048,42,,,1
4401,'13',623,,1142074,42,,,1,98,,1142068,42,,,1,102,,1142082,42,,,1,30,,1142061,42,,,1,70,,1142053,42,,,1,30,,1142080,42,,,1,70,,1142081,42,,,1,30,,1142071,42,,,1,70,,1142060,42,,,1,30,,1081572,42,,,1,70,,1090168,42,,,1,31,,1142069,42,,,1,70,,1142062,42,,,1,30,,1142057,42,,,1,70,,1142066,42,,,1,30,,1142076,42,,,1,70,,1142064,42,,,1,30,,1142077,42,,,1,70,,1142078,42,,,1,30,,1142073,42,,,1,70,,1142065,42,,,1,30,,993896,42,,,1,70,,1142072,42,,,1,30,,1142063,42,,,1,70,,1142067,42,,,1,30,,1142056,42,,,1,70,,1142054,42,,,1,29,,1142055,42,,,1,70,,1142070,42,,,1,30,,1142079,42,,,1,70,,1142075,42,,,1,29,,1142059,42,,,1,70,,1142058,42,,,1
4401,'14',520,,1142132,42,,,1,35,,1142117,42,,,1,71,,1142141,42,,,1,15,,1142122,42,,,1,15,,1142105,42,,,1,57,,1142093,42,,,1,15,,1142120,42,,,1,15,,1142115,42,,,1,14,,1142126,42,,,1,59,,1142129,42,,,1,15,,1142094,42,,,1,15,,1142136,42,,,1,13,,1142106,42,,,1,55,,1142142,42,,,1,13,,1142145,42,,,1,15,,1142100,42,,,1,15,,1142119,42,,,1,55,,1142128,42,,,1,15,,1142108,42,,,1,15,,1142090,42,,,1,15,,1142134,42,,,1,55,,1142124,42,,,1,15,,1142140,42,,,1,15,,1142112,42,,,1,15,,1142125,42,,,1,55,,1142110,42,,,1,15,,1142092,42,,,1,15,,1142135,42,,,1,15,,1142099,42,,,1,55,,1142133,42,,,1,15,,1142088,42,,,1,15,,1142130,42,,,1,15,,1142148,42,,,1,55,,1142107,42,,,1,15,,1142144,42,,,1,15,,1142118,42,,,1,60,,1142137,42,,,1,2,,1142147,25,,,1,13,,1142096,42,,,1,13,,1142102,42,,,1,17,,1142085,42,,,1,53,,1142086,42,,,1,17,,1142143,42,,,1,13,,1142109,42,,,1,17,,1142095,42,,,1,53,,1142114,42,,,1,15,,1142113,42,,,1,15,,1142131,42,,,1,15,,1142139,42,,,1,55,,1142121,42,,,1,15,,1142087,42,,,1,15,,1142103,42,,,1,11,,1142146,42,,,1,15,,1142097,42,,,1,55,,1142089,42,,,1,15,,1142111,42,,,1,29,,1142138,42,,,1,70,,1142101,42,,,1,30,,1142084,42,,,1,70,,1142098,42,,,1,30,,1142127,42,,,1,70,,1142116,42,,,1,28,,1142083,42,,,1,70,,1142104,42,,,1,30,,1142123,42,,,1,79,,1142091,42,,,1
4401,'15',520,,1142165,42,,,1,35,,1142168,42,,,1,71,,1142198,42,,,1,15,,1142158,42,,,1,15,,1142211,42,,,1,57,,1142184,42,,,1,15,,1142166,42,,,1,15,,1142160,42,,,1,14,,1142161,42,,,1,59,,1142201,42,,,1,15,,1142194,42,,,1,15,,1142208,42,,,1,13,,1142185,42,,,1,55,,1142150,42,,,1,13,,1142172,42,,,1,15,,1142178,42,,,1,15,,1142193,42,,,1,55,,1142154,42,,,1,15,,1142159,42,,,1,15,,1142196,42,,,1,15,,1142176,42,,,1,55,,1142180,42,,,1,15,,1142209,42,,,1,15,,1142202,42,,,1,15,,1142173,42,,,1,55,,1142210,42,,,1,15,,1142151,42,,,1,15,,1142190,42,,,1,15,,1142203,42,,,1,55,,1142181,42,,,1,15,,1142170,42,,,1,15,,1142171,42,,,1,15,,1142187,42,,,1,55,,1142169,42,,,1,15,,1142162,42,,,1,15,,1142192,42,,,1,60,,1142152,42,,,1,2,,1142188,25,,,1,13,,1142182,42,,,1,13,,1142167,42,,,1,17,,1142179,42,,,1,53,,1142175,42,,,1,17,,1142189,42,,,1,13,,1142195,42,,,1,17,,1142156,42,,,1,53,,1142199,42,,,1,15,,1142149,42,,,1,15,,1142157,42,,,1,15,,1142205,42,,,1,55,,1142213,42,,,1,15,,1142177,42,,,1,15,,1142212,42,,,1,11,,1142214,42,,,1,15,,1142174,42,,,1,55,,1142153,42,,,1,15,,1142164,42,,,1,29,,1142207,42,,,1,70,,1142191,42,,,1,30,,1142197,42,,,1,70,,1142204,42,,,1,30,,1142206,42,,,1,70,,1142200,42,,,1,28,,1142186,42,,,1,70,,1142183,42,,,1,30,,1142155,42,,,1,79,,1142163,42,,,1
4401,'16',520,,1142257,42,,,1,35,,1142216,42,,,1,71,,1142250,42,,,1,15,,1142272,42,,,1,15,,1142253,42,,,1,57,,1142244,42,,,1,15,,1142263,42,,,1,15,,1142231,42,,,1,14,,1142277,42,,,1,59,,1142234,42,,,1,15,,1142232,42,,,1,15,,1142251,42,,,1,13,,1142262,42,,,1,55,,1142227,42,,,1,13,,1142271,42,,,1,15,,1142264,42,,,1,15,,1142215,42,,,1,55,,1142222,42,,,1,15,,1142247,42,,,1,15,,1142266,42,,,1,15,,1142255,42,,,1,55,,1142276,42,,,1,15,,1142224,42,,,1,15,,1142237,42,,,1,15,,1142239,42,,,1,55,,1142242,42,,,1,15,,1142223,42,,,1,15,,1142261,42,,,1,15,,1142230,42,,,1,55,,1142260,42,,,1,15,,1142219,42,,,1,15,,1142275,42,,,1,15,,1142240,42,,,1,55,,1142243,42,,,1,15,,1142269,42,,,1,15,,1142249,42,,,1,60,,1142274,42,,,1,2,,1142220,25,,,1,13,,1142254,42,,,1,13,,1142279,42,,,1,17,,1142236,42,,,1,53,,1142252,42,,,1,17,,1142233,42,,,1,13,,1142218,42,,,1,17,,1142248,42,,,1,53,,1142265,42,,,1,15,,1142246,42,,,1,15,,1142228,42,,,1,15,,1142268,42,,,1,55,,1142259,42,,,1,15,,1142245,42,,,1,15,,1142225,42,,,1,11,,1142235,42,,,1,15,,1142229,42,,,1,55,,1142221,42,,,1,15,,1142238,42,,,1,29,,1142226,42,,,1,70,,1142258,42,,,1,30,,1142273,42,,,1,70,,1142278,42,,,1,30,,1142241,42,,,1,70,,1142267,42,,,1,28,,1142217,42,,,1,70,,1071723,42,,,1,30,,1142256,42,,,1,79,,1142270,42,,,1
4401,'17',623,,1142302,42,,,1,98,,1142296,42,,,1,102,,1142312,42,,,1,30,,1142289,42,,,1,70,,1142280,42,,,1,30,,1142308,42,,,1,70,,1142309,42,,,1,30,,1142299,42,,,1,70,,1142288,42,,,1,30,,1142310,42,,,1,70,,1142284,42,,,1,31,,1142297,42,,,1,70,,1142290,42,,,1,30,,1142285,42,,,1,70,,1142294,42,,,1,30,,1142304,42,,,1,70,,1142292,42,,,1,30,,1142305,42,,,1,70,,1142306,42,,,1,30,,1142301,42,,,1,70,,1142293,42,,,1,30,,1142311,42,,,1,70,,1142300,42,,,1,30,,1142291,42,,,1,70,,1142295,42,,,1,30,,1142283,42,,,1,70,,1142281,42,,,1,29,,1142282,42,,,1,70,,1142298,42,,,1,30,,1142307,42,,,1,70,,1142303,42,,,1,29,,1142287,42,,,1,70,,1142286,42,,,1
4401,'2',615,,1142338,42,,,1,27,,1142313,42,,,1,70,,1142321,42,,,1,30,,1142320,42,,,1,72,,1142344,42,,,1,30,,1142325,42,,,1,70,,1142331,42,,,1,22,,1142317,42,,,1,70,,1142336,42,,,1,30,,1098622,42,,,1,70,,1142314,42,,,1,30,,1142341,42,,,1,70,,1142343,42,,,1,30,,1142333,42,,,1,71,,1142318,42,,,1,30,,1142328,42,,,1,70,,1142332,42,,,1,30,,1142329,42,,,1,70,,1142315,42,,,1,30,,1142342,42,,,1,70,,1142322,42,,,1,30,,1142345,42,,,1,70,,1142337,42,,,1,30,,1142340,42,,,1,70,,1142335,42,,,1,29,,1142346,42,,,1,70,,1142324,42,,,1,30,,1142323,42,,,1,70,,1142330,42,,,1,30,,1142326,42,,,1,69,,1142316,42,,,1,30,,1142334,42,,,1,70,,1142348,42,,,1,30,,1142339,42,,,1,69,,1072720,42,,,1,30,,1142347,42,,,1,70,,1142327,42,,,1,38,,1142319,42,,,1
4401,'3',623,,1142371,42,,,1,98,,1142365,42,,,1,102,,1142381,42,,,1,30,,1142358,42,,,1,70,,1142349,42,,,1,30,,1142377,42,,,1,70,,1142378,42,,,1,30,,1142368,42,,,1,70,,1142357,42,,,1,30,,1142379,42,,,1,70,,1142353,42,,,1,31,,1142366,42,,,1,70,,1142359,42,,,1,30,,1142354,42,,,1,70,,1142363,42,,,1,30,,1142373,42,,,1,70,,1142361,42,,,1,30,,1142374,42,,,1,70,,1142375,42,,,1,30,,1142370,42,,,1,70,,1142362,42,,,1,30,,1142380,42,,,1,70,,1142369,42,,,1,30,,1142360,42,,,1,70,,1142364,42,,,1,30,,1142352,42,,,1,70,,1142350,42,,,1,29,,1142351,42,,,1,70,,1142367,42,,,1,30,,1142376,42,,,1,70,,1142372,42,,,1,29,,1142356,42,,,1,70,,1142355,42,,,1
4401,'4',623,,1142388,42,,,1,98,,1099978,42,,,1,102,,1142383,42,,,1,30,,1142390,42,,,1,70,,1142407,42,,,1,30,,1142400,42,,,1,70,,1142411,42,,,1,30,,1142384,42,,,1,70,,1142404,42,,,1,30,,1142395,42,,,1,70,,1142408,42,,,1,31,,1142382,42,,,1,70,,1142409,42,,,1,30,,1142387,42,,,1,70,,1072982,42,,,1,30,,1142398,42,,,1,70,,1142399,42,,,1,30,,1142392,42,,,1,70,,1142394,42,,,1,30,,1142406,42,,,1,70,,1142402,42,,,1,30,,1142389,42,,,1,70,,1142405,42,,,1,30,,1142410,42,,,1,70,,1142386,42,,,1,30,,1142397,42,,,1,70,,1142396,42,,,1,29,,1142403,42,,,1,70,,1142385,42,,,1,30,,1142412,42,,,1,70,,1142393,42,,,1,29,,1142391,42,,,1,70,,1142401,42,,,1
4401,'5',520,,1142455,42,,,1,35,,1142441,42,,,1,71,,1067991,42,,,1,15,,1142446,42,,,1,15,,1142430,42,,,1,57,,1096749,42,,,1,15,,1142444,42,,,1,15,,1142440,42,,,1,14,,1142450,42,,,1,59,,1142452,42,,,1,15,,1142420,42,,,1,15,,1142459,42,,,1,13,,1142431,42,,,1,55,,1142464,42,,,1,13,,1142465,42,,,1,15,,1078270,42,,,1,15,,1142443,42,,,1,55,,1092410,42,,,1,15,,1142433,42,,,1,15,,1095576,42,,,1,15,,1142457,42,,,1,55,,1142448,42,,,1,15,,1142463,42,,,1,15,,1142437,42,,,1,15,,1142449,42,,,1,55,,1142435,42,,,1,15,,1142419,42,,,1,15,,1142458,42,,,1,15,,1142425,42,,,1,55,,1142456,42,,,1,15,,1142417,42,,,1,15,,1142453,42,,,1,15,,1095186,42,,,1,55,,1142432,42,,,1,15,,1052551,42,,,1,15,,1142442,42,,,1,60,,1142460,42,,,1,2,,1142466,25,,,1,13,,1142422,42,,,1,13,,1142427,42,,,1,17,,1142415,42,,,1,53,,961619,42,,,1,17,,973506,42,,,1,13,,1142434,42,,,1,17,,1142421,42,,,1,53,,1142439,42,,,1,15,,1142438,42,,,1,15,,1142454,42,,,1,15,,1142462,42,,,1,55,,1142445,42,,,1,15,,1142416,42,,,1,15,,1142428,42,,,1,11,,1022752,42,,,1,15,,1142423,42,,,1,55,,1142418,42,,,1,15,,1142436,42,,,1,29,,1142461,42,,,1,70,,1142426,42,,,1,30,,1142414,42,,,1,70,,1142424,42,,,1,30,,1142451,42,,,1,70,,1082770,42,,,1,28,,1142413,42,,,1,70,,1142429,42,,,1,30,,1142447,42,,,1,79,,1061701,42,,,1
4401,'6',520,,1142501,42,,,1,35,,1142468,42,,,1,71,,1142494,42,,,1,15,,1142516,42,,,1,15,,1142497,42,,,1,57,,1142489,42,,,1,15,,1142507,42,,,1,15,,1029723,42,,,1,14,,1142519,42,,,1,59,,1142481,42,,,1,15,,1142479,42,,,1,15,,1142495,42,,,1,13,,1142506,42,,,1,55,,1142475,42,,,1,13,,1142515,42,,,1,15,,1142508,42,,,1,15,,1142467,42,,,1,55,,1142471,42,,,1,15,,1142492,42,,,1,15,,1142510,42,,,1,15,,1142499,42,,,1,55,,1142518,42,,,1,15,,1142473,42,,,1,15,,1142483,42,,,1,15,,1142485,42,,,1,55,,1142487,42,,,1,15,,1142472,42,,,1,15,,1142505,42,,,1,15,,1142478,42,,,1,55,,1142504,42,,,1,15,,1083309,42,,,1,15,,1004209,42,,,1,15,,1101505,42,,,1,55,,1142488,42,,,1,15,,1014808,42,,,1,15,,1142493,42,,,1,60,,1142517,42,,,1,2,,1079248,25,,,1,13,,1142498,42,,,1,13,,1142521,42,,,1,17,,1142482,42,,,1,53,,1142496,42,,,1,17,,1142480,42,,,1,13,,1142470,42,,,1,17,,1026133,42,,,1,53,,1142509,42,,,1,15,,1142491,42,,,1,15,,1142476,42,,,1,15,,1142512,42,,,1,55,,1142503,42,,,1,15,,1142490,42,,,1,15,,1142474,42,,,1,11,,1103585,42,,,1,15,,1142477,42,,,1,55,,1093023,42,,,1,15,,1142484,42,,,1,29,,1053260,42,,,1,70,,1142502,42,,,1,30,,1066646,42,,,1,70,,1142520,42,,,1,30,,1142486,42,,,1,70,,1142511,42,,,1,28,,1142469,42,,,1,70,,1142513,42,,,1,30,,1142500,42,,,1,79,,1142514,42,,,1
4401,'7',615,,1142554,42,,,1,27,,1142523,42,,,1,70,,1142531,42,,,1,30,,1142549,42,,,1,72,,1142534,42,,,1,30,,1142532,42,,,1,70,,1142551,42,,,1,22,,1142538,42,,,1,70,,1142527,42,,,1,30,,1142540,42,,,1,70,,1142529,42,,,1,30,,1142559,42,,,1,70,,1142541,42,,,1,30,,1142543,42,,,1,71,,1142556,42,,,1,30,,1142533,42,,,1,70,,1142558,42,,,1,30,,1142535,42,,,1,70,,1142528,42,,,1,30,,1142542,42,,,1,70,,1142555,42,,,1,30,,1142522,42,,,1,70,,1142550,42,,,1,30,,1142525,42,,,1,70,,1142524,42,,,1,29,,1142539,42,,,1,70,,1142552,42,,,1,30,,1142530,42,,,1,70,,1142553,42,,,1,30,,1142526,42,,,1,69,,1142557,42,,,1,30,,1142547,42,,,1,70,,1142536,42,,,1,30,,1142544,42,,,1,69,,1142537,42,,,1,30,,1142546,42,,,1,70,,1142548,42,,,1,38,,1142545,42,,,1
4401,'8',520,,1142602,42,,,1,35,,1142561,42,,,1,71,,1142595,42,,,1,15,,1142618,42,,,1,15,,1142598,42,,,1,57,,1142589,42,,,1,15,,1142608,42,,,1,15,,1142576,42,,,1,14,,1142623,42,,,1,59,,1142579,42,,,1,15,,1142577,42,,,1,15,,1142596,42,,,1,13,,1142607,42,,,1,55,,1142572,42,,,1,13,,1142617,42,,,1,15,,1142609,42,,,1,15,,1142560,42,,,1,55,,1142567,42,,,1,15,,1142592,42,,,1,15,,1142611,42,,,1,15,,1142600,42,,,1,55,,1142622,42,,,1,15,,1142569,42,,,1,15,,1142582,42,,,1,15,,1142584,42,,,1,55,,1142587,42,,,1,15,,1142568,42,,,1,15,,1142606,42,,,1,15,,1142575,42,,,1,55,,1142605,42,,,1,15,,1142564,42,,,1,15,,1142621,42,,,1,15,,1142585,42,,,1,55,,1142588,42,,,1,15,,1142615,42,,,1,15,,1142594,42,,,1,60,,1142620,42,,,1,2,,1142565,25,,,1,13,,1142599,42,,,1,13,,1142625,42,,,1,17,,1142581,42,,,1,53,,1142597,42,,,1,17,,1142578,42,,,1,13,,1142563,42,,,1,17,,1142593,42,,,1,53,,1142610,42,,,1,15,,1142591,42,,,1,15,,1142573,42,,,1,15,,1142613,42,,,1,55,,1142604,42,,,1,15,,1142590,42,,,1,15,,1142570,42,,,1,11,,1142580,42,,,1,15,,1142574,42,,,1,55,,1142566,42,,,1,15,,1142583,42,,,1,29,,1142571,42,,,1,70,,1142603,42,,,1,30,,1142619,42,,,1,70,,1142624,42,,,1,30,,1142586,42,,,1,70,,1142612,42,,,1,28,,1142562,42,,,1,70,,1142614,42,,,1,30,,1142601,42,,,1,79,,1142616,42,,,1
4401,'9',520,,1142668,42,,,1,35,,1142654,42,,,1,71,,1067880,42,,,1,15,,1142659,42,,,1,15,,1142643,42,,,1,57,,1096616,42,,,1,15,,1142657,42,,,1,15,,1142653,42,,,1,14,,1142663,42,,,1,59,,1142665,42,,,1,15,,1142633,42,,,1,15,,1142672,42,,,1,13,,1142644,42,,,1,55,,1142677,42,,,1,13,,1142678,42,,,1,15,,1078166,42,,,1,15,,1142656,42,,,1,55,,1092336,42,,,1,15,,1142646,42,,,1,15,,1095464,42,,,1,15,,1142670,42,,,1,55,,1142661,42,,,1,15,,1142676,42,,,1,15,,1142650,42,,,1,15,,1142662,42,,,1,55,,1142648,42,,,1,15,,1142632,42,,,1,15,,1142671,42,,,1,15,,1142638,42,,,1,55,,1142669,42,,,1,15,,1142630,42,,,1,15,,1142666,42,,,1,15,,1095062,42,,,1,55,,1142645,42,,,1,15,,1052660,42,,,1,15,,1142655,42,,,1,60,,1142673,42,,,1,2,,1142679,25,,,1,13,,1142635,42,,,1,13,,1142640,42,,,1,17,,1142628,42,,,1,53,,961589,42,,,1,17,,973454,42,,,1,13,,1142647,42,,,1,17,,1142634,42,,,1,53,,1142652,42,,,1,15,,1142651,42,,,1,15,,1142667,42,,,1,15,,1142675,42,,,1,55,,1142658,42,,,1,15,,1142629,42,,,1,15,,1142641,42,,,1,11,,1022987,42,,,1,15,,1142636,42,,,1,55,,1142631,42,,,1,15,,1142649,42,,,1,29,,1142674,42,,,1,70,,1142639,42,,,1,30,,1142627,42,,,1,70,,1142637,42,,,1,30,,1142664,42,,,1,70,,1082750,42,,,1,28,,1142626,42,,,1,70,,1142642,42,,,1,30,,1142660,42,,,1,79,,1061586,42,,,1
4800,'1',519,,1005986,49,,,1,90,,1144754,49,,,1,19,,1144780,49,,,1,8,,1144744,51,,,1,16,,1144767,51,,,1,56,,1144753,51,,,1,17,,1144751,51,,,1,18,,1144758,51,,,1,11,,1144755,51,,,1,52,,1144776,51,,,1,16,,1144757,51,,,1,17,,1144768,51,,,1,19,,1144750,51,,,1,55,,1144756,51,,,1,16,,1144775,51,,,1,12,,1144764,51,,,1,67,,1144771,51,,,1,28,,1081363,51,,,1,68,,1144749,51,,,1,29,,1144783,51,,,1,71,,1144786,51,,,1,32,,1144752,51,,,1,70,,1144747,51,,,1,30,,1144773,51,,,1,70,,1144770,51,,,1,34,,1144774,51,,,1,72,,1144772,51,,,1,35,,1144769,51,,,1,57,,1015997,51,,,1,17,,1144765,51,,,1,16,,1144748,51,,,1,15,,1144762,51,,,1,56,,1144782,51,,,1,15,,1144781,51,,,1,14,,1144746,51,,,1,14,,1144778,51,,,1,51,,1144784,51,,,1,12,,1144777,51,,,1,14,,1144785,51,,,1,14,,1144766,51,,,1,68,,1097458,51,,,1,26,,1144759,51,,,1,67,,1144761,51,,,1,27,,1144760,51,,,1,27,,1071696,51,,,1,69,,1013729,51,,,1,32,,1144779,51,,,1,161,,1144763,49,,,1,100,,1144745,49,,,1
4800,'10',519,,1006083,49,,,1,90,,1144797,49,,,1,19,,1144823,49,,,1,8,,1144787,51,,,1,16,,1144810,51,,,1,56,,1144796,51,,,1,17,,1144794,51,,,1,18,,1144801,51,,,1,11,,1144798,51,,,1,52,,1144819,51,,,1,16,,1144800,51,,,1,17,,1144811,51,,,1,19,,1144793,51,,,1,55,,1144799,51,,,1,16,,1144818,51,,,1,12,,1144807,51,,,1,67,,1144814,51,,,1,28,,1081160,51,,,1,68,,1144792,51,,,1,29,,1144826,51,,,1,71,,1144829,51,,,1,32,,1144795,51,,,1,70,,1144790,51,,,1,30,,1144816,51,,,1,70,,1144813,51,,,1,34,,1144817,51,,,1,72,,1144815,51,,,1,35,,1144812,51,,,1,57,,1016197,51,,,1,17,,1144808,51,,,1,16,,1144791,51,,,1,15,,1144805,51,,,1,56,,1144825,51,,,1,15,,1144824,51,,,1,14,,1144789,51,,,1,14,,1144821,51,,,1,51,,1144827,51,,,1,12,,1144820,51,,,1,14,,1144828,51,,,1,14,,1144809,51,,,1,68,,1097221,51,,,1,26,,1144802,51,,,1,67,,1144804,51,,,1,27,,1144803,51,,,1,27,,1071547,51,,,1,69,,1013817,51,,,1,32,,1144822,51,,,1,161,,1144806,49,,,1,100,,1144788,49,,,1
4800,'11',519,,1005956,49,,,1,90,,1144840,49,,,1,19,,1144866,49,,,1,8,,1144830,51,,,1,16,,1144853,51,,,1,56,,1144839,51,,,1,17,,1144837,51,,,1,18,,1144844,51,,,1,11,,1144841,51,,,1,52,,1144862,51,,,1,16,,1144843,51,,,1,17,,1144854,51,,,1,19,,1144836,51,,,1,55,,1144842,51,,,1,16,,1144861,51,,,1,12,,1144850,51,,,1,67,,1144857,51,,,1,28,,1081415,51,,,1,68,,1144835,51,,,1,29,,1144869,51,,,1,71,,1144872,51,,,1,32,,1144838,51,,,1,70,,1144833,51,,,1,30,,1144859,51,,,1,70,,1144856,51,,,1,34,,1144860,51,,,1,72,,1144858,51,,,1,35,,1144855,51,,,1,57,,1015937,51,,,1,17,,1144851,51,,,1,16,,1144834,51,,,1,15,,1144848,51,,,1,56,,1144868,51,,,1,15,,1144867,51,,,1,14,,1144832,51,,,1,14,,1144864,51,,,1,51,,1144870,51,,,1,12,,1144863,51,,,1,14,,1144871,51,,,1,14,,1144852,51,,,1,68,,1097527,51,,,1,26,,1144845,51,,,1,67,,1144847,51,,,1,27,,1144846,51,,,1,27,,1071738,51,,,1,69,,1013702,51,,,1,32,,1144865,51,,,1,161,,1144849,49,,,1,100,,1144831,49,,,1
4800,'12',519,,1144915,49,,,1,90,,1144875,49,,,1,19,,1144907,49,,,1,8,,1144904,51,,,1,16,,1144894,51,,,1,56,,1020177,51,,,1,17,,1144889,51,,,1,18,,1144873,51,,,1,11,,1144879,51,,,1,52,,1144885,51,,,1,16,,1144890,51,,,1,17,,1144883,51,,,1,19,,1144901,51,,,1,55,,1144908,51,,,1,16,,1144880,51,,,1,12,,1144881,51,,,1,67,,1144891,51,,,1,28,,1144909,51,,,1,68,,1144892,51,,,1,29,,1144912,51,,,1,71,,1144902,51,,,1,32,,1144888,51,,,1,70,,1144905,51,,,1,30,,1144910,51,,,1,70,,1144906,51,,,1,34,,1144898,51,,,1,72,,1144897,51,,,1,35,,1144887,51,,,1,57,,1144884,51,,,1,17,,1144914,51,,,1,16,,1144896,51,,,1,15,,1144877,51,,,1,56,,1093322,51,,,1,15,,1144900,51,,,1,14,,1144874,51,,,1,14,,1098996,51,,,1,51,,1144882,51,,,1,12,,1075454,51,,,1,14,,1144895,51,,,1,14,,1144899,51,,,1,68,,1144893,51,,,1,26,,1144911,51,,,1,67,,1009273,51,,,1,27,,1144886,51,,,1,27,,1144878,51,,,1,69,,1144876,51,,,1,32,,1144903,51,,,1,161,,1144913,49,,,1,100,,1079972,49,,,1
4800,'13',724,,1144917,49,,,1,100,,1144918,49,,,1,29,,1144938,51,,,1,100,,1144941,51,,,1,70,,1084654,51,,,1,32,,1144934,51,,,1,70,,1144932,51,,,1,30,,1144931,51,,,1,70,,1073357,51,,,1,34,,1066809,51,,,1,71,,1144920,51,,,1,71,,1144919,51,,,1,30,,1144921,51,,,1,70,,1144930,51,,,1,30,,1144942,51,,,1,70,,1144935,51,,,1,30,,1144929,51,,,1,70,,1144916,51,,,1,30,,1144925,51,,,1,69,,1144928,51,,,1,29,,1144933,51,,,1,29,,1144923,51,,,1,70,,1144940,51,,,1,30,,1144936,51,,,1,70,,1144922,49,,,1,28,,1144926,49,,,1,70,,1144924,49,,,1,100,,1144937,49,,,1,100,,1144939,49,,,1,100,,1144927,49,,,1
4800,'14',519,,1144949,49,,,1,90,,1144958,49,,,1,19,,1144984,49,,,1,8,,1144943,51,,,1,16,,1144971,51,,,1,56,,1144957,51,,,1,17,,1144954,51,,,1,18,,1144962,51,,,1,11,,1144959,51,,,1,52,,1144980,51,,,1,16,,1144961,51,,,1,17,,1144972,51,,,1,19,,1144952,51,,,1,55,,1144960,51,,,1,16,,1144979,51,,,1,12,,1144968,51,,,1,67,,1144975,51,,,1,28,,1144953,51,,,1,68,,1144950,51,,,1,29,,1144987,51,,,1,71,,1144990,51,,,1,32,,1144956,51,,,1,70,,1144946,51,,,1,30,,1144977,51,,,1,70,,1144974,51,,,1,34,,1144978,51,,,1,72,,1144976,51,,,1,35,,1144973,51,,,1,57,,1144991,51,,,1,17,,1144969,51,,,1,16,,1144948,51,,,1,15,,1144966,51,,,1,56,,1144986,51,,,1,15,,1144985,51,,,1,14,,1144945,51,,,1,14,,1144982,51,,,1,51,,1144988,51,,,1,12,,1144981,51,,,1,14,,1144989,51,,,1,14,,1144970,51,,,1,68,,1144955,51,,,1,26,,1144963,51,,,1,67,,1144965,51,,,1,27,,1144964,51,,,1,27,,1144951,51,,,1,69,,1144947,51,,,1,32,,1144983,51,,,1,161,,1144967,49,,,1,100,,1144944,49,,,1
4800,'15',519,,1145024,49,,,1,90,,1145034,49,,,1,19,,1145009,49,,,1,8,,1145029,51,,,1,16,,1144995,51,,,1,56,,1145021,51,,,1,17,,1144992,51,,,1,18,,1145023,51,,,1,11,,1145025,51,,,1,52,,1145017,51,,,1,16,,1145036,51,,,1,17,,1145015,51,,,1,19,,1145037,51,,,1,55,,1145038,51,,,1,16,,1145031,51,,,1,12,,1144996,51,,,1,67,,1144999,51,,,1,28,,1145019,51,,,1,68,,1145004,51,,,1,29,,1145032,51,,,1,71,,1145006,51,,,1,32,,1145002,51,,,1,70,,1145011,51,,,1,30,,1145000,51,,,1,70,,1145033,51,,,1,34,,1145026,51,,,1,72,,1145022,51,,,1,35,,1145013,51,,,1,57,,1145012,51,,,1,17,,1145014,51,,,1,16,,1145035,51,,,1,15,,1145040,51,,,1,56,,1144997,51,,,1,15,,1145027,51,,,1,14,,1144993,51,,,1,14,,1144998,51,,,1,51,,1145018,51,,,1,12,,1145020,51,,,1,14,,1144994,51,,,1,14,,1145005,51,,,1,68,,1145010,51,,,1,26,,1145030,51,,,1,67,,1145008,51,,,1,27,,1145039,51,,,1,27,,1145016,51,,,1,69,,1145028,51,,,1,32,,1145001,51,,,1,161,,1145003,49,,,1,100,,1145007,49,,,1
4800,'16',519,,1080784,49,,,1,90,,1145043,49,,,1,19,,1145077,49,,,1,8,,1145074,51,,,1,16,,1145064,51,,,1,56,,1145085,51,,,1,17,,1145060,51,,,1,18,,1145041,51,,,1,11,,1145047,51,,,1,52,,1145056,51,,,1,16,,1145061,51,,,1,17,,1145054,51,,,1,19,,1145071,51,,,1,55,,1145078,51,,,1,16,,1145048,51,,,1,12,,1145049,51,,,1,67,,1145062,51,,,1,28,,1145079,51,,,1,68,,1145063,51,,,1,29,,1145082,51,,,1,71,,1145072,51,,,1,32,,1145059,51,,,1,70,,1145075,51,,,1,30,,1145080,51,,,1,70,,1145076,51,,,1,34,,1145068,51,,,1,72,,1145067,51,,,1,35,,1145058,51,,,1,57,,1145055,51,,,1,17,,1053216,51,,,1,16,,1145066,51,,,1,15,,1145045,51,,,1,56,,1145086,51,,,1,15,,1145070,51,,,1,14,,1145042,51,,,1,14,,1145084,51,,,1,51,,1145053,51,,,1,12,,1145052,51,,,1,14,,1145065,51,,,1,14,,1145069,51,,,1,68,,1066992,51,,,1,26,,1145081,51,,,1,67,,1145051,51,,,1,27,,1145057,51,,,1,27,,1145046,51,,,1,69,,1145044,51,,,1,32,,1145073,51,,,1,161,,1145083,49,,,1,100,,1145050,49,,,1
4800,'17',724,,1145089,49,,,1,100,,1145090,49,,,1,29,,1145111,51,,,1,100,,1145114,51,,,1,70,,1145094,51,,,1,32,,1145107,51,,,1,70,,1145105,51,,,1,30,,1145104,51,,,1,70,,1145087,51,,,1,34,,1145116,51,,,1,71,,1145092,51,,,1,71,,1145091,51,,,1,30,,1145093,51,,,1,70,,1145103,51,,,1,30,,1145115,51,,,1,70,,1145108,51,,,1,30,,1145102,51,,,1,70,,1145088,51,,,1,30,,1145098,51,,,1,69,,1145101,51,,,1,29,,1145106,51,,,1,29,,1145096,51,,,1,70,,1145113,51,,,1,30,,1145109,51,,,1,70,,1145095,49,,,1,28,,1145099,49,,,1,70,,1145097,49,,,1,100,,1145110,49,,,1,100,,1145112,49,,,1,100,,1145100,49,,,1
4800,'2',618,,1086554,49,,,1,100,,1145144,49,,,1,99,,1145132,51,,,1,30,,1145118,51,,,1,70,,1145130,51,,,1,30,,1145129,51,,,1,70,,1145135,51,,,1,32,,1145137,51,,,1,70,,1145145,51,,,1,30,,1145139,51,,,1,70,,1145119,51,,,1,34,,1145142,51,,,1,70,,1145141,51,,,1,30,,1145128,51,,,1,70,,1051308,51,,,1,30,,1145117,51,,,1,70,,1065626,51,,,1,30,,1145121,51,,,1,70,,1145138,51,,,1,30,,1145140,51,,,1,70,,1145134,51,,,1,30,,1145125,51,,,1,70,,1145146,51,,,1,29,,1023377,51,,,1,70,,1145131,51,,,1,30,,1145133,51,,,1,70,,1145136,51,,,1,27,,1145122,51,,,1,70,,1088409,51,,,1,30,,1145124,51,,,1,70,,1145126,51,,,1,29,,1145120,51,,,1,71,,1145143,49,,,1,100,,1145127,49,,,1,110,,1145123,49,,,1
4800,'3',724,,1145149,49,,,1,100,,1145150,49,,,1,29,,1145171,51,,,1,100,,1145174,51,,,1,70,,1145154,51,,,1,32,,1145167,51,,,1,70,,1145165,51,,,1,30,,1145164,51,,,1,70,,1145147,51,,,1,34,,1145176,51,,,1,71,,1145152,51,,,1,71,,1145151,51,,,1,30,,1145153,51,,,1,70,,1145163,51,,,1,30,,1145175,51,,,1,70,,1145168,51,,,1,30,,1145162,51,,,1,70,,1145148,51,,,1,30,,1145158,51,,,1,69,,1145161,51,,,1,29,,1145166,51,,,1,29,,1145156,51,,,1,70,,1145173,51,,,1,30,,1145169,51,,,1,70,,1145155,49,,,1,28,,1145159,49,,,1,70,,1145157,49,,,1,100,,1145170,49,,,1,100,,1145172,49,,,1,100,,1145160,49,,,1
4800,'4',724,,1145201,49,,,1,100,,1145196,49,,,1,29,,1145200,51,,,1,100,,1004693,51,,,1,70,,1145180,51,,,1,32,,1145195,51,,,1,70,,1145194,51,,,1,30,,1145199,51,,,1,70,,1145186,51,,,1,34,,1145183,51,,,1,71,,1145182,51,,,1,71,,1145177,51,,,1,30,,1145185,51,,,1,70,,1145203,51,,,1,30,,1145181,51,,,1,70,,1145191,51,,,1,30,,1145204,51,,,1,70,,1145187,51,,,1,30,,1145192,51,,,1,69,,1061646,51,,,1,29,,1145202,51,,,1,29,,1145189,51,,,1,70,,1145179,51,,,1,30,,1145178,51,,,1,70,,1145193,49,,,1,28,,1145198,49,,,1,70,,1145190,49,,,1,100,,1145184,49,,,1,100,,1145197,49,,,1,100,,1145188,49,,,1
4800,'5',519,,1005815,49,,,1,90,,1145215,49,,,1,19,,1145241,49,,,1,8,,1145205,51,,,1,16,,1145228,51,,,1,56,,1145214,51,,,1,17,,1145212,51,,,1,18,,1145219,51,,,1,11,,1145216,51,,,1,52,,1145237,51,,,1,16,,1145218,51,,,1,17,,1145229,51,,,1,19,,1145211,51,,,1,55,,1145217,51,,,1,16,,1145236,51,,,1,12,,1145225,51,,,1,67,,1145232,51,,,1,28,,1081327,51,,,1,68,,1145210,51,,,1,29,,1145244,51,,,1,71,,1145247,51,,,1,32,,1145213,51,,,1,70,,1145208,51,,,1,30,,1145234,51,,,1,70,,1145231,51,,,1,34,,1145235,51,,,1,72,,1145233,51,,,1,35,,1145230,51,,,1,57,,1015631,51,,,1,17,,1145226,51,,,1,16,,1145209,51,,,1,15,,1145223,51,,,1,56,,1145243,51,,,1,15,,1145242,51,,,1,14,,1145207,51,,,1,14,,1145239,51,,,1,51,,1145245,51,,,1,12,,1145238,51,,,1,14,,1145246,51,,,1,14,,1145227,51,,,1,68,,1097412,51,,,1,26,,1145220,51,,,1,67,,1145222,51,,,1,27,,1145221,51,,,1,27,,1071672,51,,,1,69,,1013575,51,,,1,32,,1145240,51,,,1,161,,1145224,49,,,1,100,,1145206,49,,,1
4800,'6',519,,1145286,49,,,1,90,,1145249,49,,,1,19,,1145279,49,,,1,8,,1145276,51,,,1,16,,1145266,51,,,1,56,,1145287,51,,,1,17,,1145261,51,,,1,18,,1145248,51,,,1,11,,1011087,51,,,1,52,,1145257,51,,,1,16,,1145262,51,,,1,17,,1145255,51,,,1,19,,1145273,51,,,1,55,,1099075,51,,,1,16,,1040766,51,,,1,12,,1145250,51,,,1,67,,1145263,51,,,1,28,,1145280,51,,,1,68,,1145264,51,,,1,29,,1145283,51,,,1,71,,1145274,51,,,1,32,,1145260,51,,,1,70,,1145277,51,,,1,30,,1145281,51,,,1,70,,1145278,51,,,1,34,,1145270,51,,,1,72,,1145269,51,,,1,35,,1145259,51,,,1,57,,1145256,51,,,1,17,,1145284,51,,,1,16,,1145268,51,,,1,15,,1094343,51,,,1,56,,1145288,51,,,1,15,,1145272,51,,,1,14,,944620,51,,,1,14,,1145285,51,,,1,51,,1145254,51,,,1,12,,1145253,51,,,1,14,,1145267,51,,,1,14,,1145271,51,,,1,68,,1145265,51,,,1,26,,1145282,51,,,1,67,,1145252,51,,,1,27,,1145258,51,,,1,27,,954510,51,,,1,69,,1058876,51,,,1,32,,1145275,51,,,1,161,,1064518,49,,,1,100,,1145251,49,,,1
4800,'7',618,,1145297,49,,,1,100,,1145307,49,,,1,99,,1145301,51,,,1,30,,1145320,51,,,1,70,,1145293,51,,,1,30,,1145291,51,,,1,70,,1145321,51,,,1,32,,1145310,51,,,1,70,,1145295,51,,,1,30,,1145313,51,,,1,70,,1145302,51,,,1,34,,1145312,51,,,1,70,,1145318,51,,,1,30,,1145290,51,,,1,70,,1145303,51,,,1,30,,1145305,51,,,1,70,,1145298,51,,,1,30,,1145306,51,,,1,70,,1145300,51,,,1,30,,1145322,51,,,1,70,,1145292,51,,,1,30,,1145314,51,,,1,70,,1145308,51,,,1,29,,1145311,51,,,1,70,,1145309,51,,,1,30,,1145296,51,,,1,70,,1145323,51,,,1,27,,1145319,51,,,1,70,,1145317,51,,,1,30,,1145304,51,,,1,70,,1145315,51,,,1,29,,1145294,51,,,1,71,,1145316,49,,,1,100,,1145299,49,,,1,110,,1145289,49,,,1
4800,'8',519,,1145370,49,,,1,90,,1145326,49,,,1,19,,1145361,49,,,1,8,,1145358,51,,,1,16,,1145348,51,,,1,56,,1145371,51,,,1,17,,1145343,51,,,1,18,,1145324,51,,,1,11,,1145330,51,,,1,52,,1145339,51,,,1,16,,1145344,51,,,1,17,,1145337,51,,,1,19,,1145355,51,,,1,55,,1145362,51,,,1,16,,1145331,51,,,1,12,,1145332,51,,,1,67,,1145345,51,,,1,28,,1145363,51,,,1,68,,1145346,51,,,1,29,,1145366,51,,,1,71,,1145356,51,,,1,32,,1145342,51,,,1,70,,1145359,51,,,1,30,,1145364,51,,,1,70,,1145360,51,,,1,34,,1145352,51,,,1,72,,1145351,51,,,1,35,,1145341,51,,,1,57,,1145338,51,,,1,17,,1145368,51,,,1,16,,1145350,51,,,1,15,,1145328,51,,,1,56,,1145372,51,,,1,15,,1145354,51,,,1,14,,1145325,51,,,1,14,,1145369,51,,,1,51,,1145336,51,,,1,12,,1145335,51,,,1,14,,1145349,51,,,1,14,,1145353,51,,,1,68,,1145347,51,,,1,26,,1145365,51,,,1,67,,1145334,51,,,1,27,,1145340,51,,,1,27,,1145329,51,,,1,69,,1145327,51,,,1,32,,1145357,51,,,1,161,,1145367,49,,,1,100,,1145333,49,,,1
4800,'9',519,,1006016,49,,,1,90,,1145383,49,,,1,19,,1145409,49,,,1,8,,1145373,51,,,1,16,,1145396,51,,,1,56,,1145382,51,,,1,17,,1145380,51,,,1,18,,1145387,51,,,1,11,,1145384,51,,,1,52,,1145405,51,,,1,16,,1145386,51,,,1,17,,1145397,51,,,1,19,,1145379,51,,,1,55,,1145385,51,,,1,16,,1145404,51,,,1,12,,1145393,51,,,1,67,,1145400,51,,,1,28,,1081220,51,,,1,68,,1145378,51,,,1,29,,1145412,51,,,1,71,,1145415,51,,,1,32,,1145381,51,,,1,70,,1145376,51,,,1,30,,1145402,51,,,1,70,,1145399,51,,,1,34,,1145403,51,,,1,72,,1145401,51,,,1,35,,1145398,51,,,1,57,,1016057,51,,,1,17,,1145394,51,,,1,16,,1145377,51,,,1,15,,1145391,51,,,1,56,,1145411,51,,,1,15,,1145410,51,,,1,14,,1145375,51,,,1,14,,1145407,51,,,1,51,,1145413,51,,,1,12,,1145406,51,,,1,14,,1145414,51,,,1,14,,1145395,51,,,1,68,,1097296,51,,,1,26,,1145388,51,,,1,67,,1145390,51,,,1,27,,1145389,51,,,1,27,,1071595,51,,,1,69,,1013756,51,,,1,32,,1145408,51,,,1,161,,1145392,49,,,1,100,,1145374,49,,,1
