2501,'1',556,,1125726,18,,,1,69,,1125728,35,,,1,33,,1070955,35,,,1,68,,1125701,35,,,1,31,,1028413,35,,,1,70,,1125692,35,,,1,30,,1125703,35,,,1,70,,1067408,35,,,1,13,,1125700,35,,,1,14,,1125693,35,,,1,54,,1125709,35,,,1,14,,1125713,35,,,1,15,,1125730,35,,,1,15,,1125691,35,,,1,55,,1125694,35,,,1,15,,1125681,35,,,1,16,,1125684,35,,,1,15,,1125689,35,,,1,56,,1071933,35,,,1,15,,1125714,35,,,1,15,,1125708,35,,,1,15,,1125718,35,,,1,55,,1125697,35,,,1,15,,1125707,35,,,1,15,,1125725,35,,,1,15,,1094139,35,,,1,55,,1125695,35,,,1,15,,1125729,35,,,1,15,,1125683,35,,,1,16,,1125688,35,,,1,58,,1125704,35,,,1,33,,1100970,35,,,1,55,,1125706,35,,,1,15,,1125722,35,,,1,17,,1125686,35,,,1,15,,1125702,35,,,1,55,,1096131,35,,,1,14,,1125705,35,,,1,14,,1125731,35,,,1,12,,1125682,35,,,1,14,,1125720,35,,,1,53,,1125723,35,,,1,15,,1125715,35,,,1,15,,1125687,35,,,1,14,,1125710,35,,,1,55,,1125698,35,,,1,29,,1125717,35,,,1,69,,1125690,35,,,1,26,,1125712,35,,,1,70,,1125699,35,,,1,30,,1125716,35,,,1,70,,1125711,35,,,1,29,,1125696,35,,,1,27,,1125727,35,,,1,67,,1125685,35,,,1,29,,1125721,35,,,1,80,,1125732,18,,,1,70,,1125724,18,,,1
2501,'10',556,,1125778,18,,,1,69,,1125780,35,,,1,33,,1070741,35,,,1,68,,1125753,35,,,1,31,,1028553,35,,,1,70,,1125744,35,,,1,30,,1125755,35,,,1,70,,1067116,35,,,1,13,,1125752,35,,,1,14,,1125745,35,,,1,54,,1125761,35,,,1,14,,1125765,35,,,1,15,,1125782,35,,,1,15,,1125743,35,,,1,55,,1125746,35,,,1,15,,1125733,35,,,1,16,,1125736,35,,,1,15,,1125741,35,,,1,56,,1071787,35,,,1,15,,1125766,35,,,1,15,,1125760,35,,,1,15,,1125770,35,,,1,55,,1125749,35,,,1,15,,1125759,35,,,1,15,,1125777,35,,,1,15,,1093919,35,,,1,55,,1125747,35,,,1,15,,1125781,35,,,1,15,,1125735,35,,,1,16,,1125740,35,,,1,58,,1125756,35,,,1,33,,1100809,35,,,1,55,,1125758,35,,,1,15,,1125774,35,,,1,17,,1125738,35,,,1,15,,1125754,35,,,1,55,,1095988,35,,,1,14,,1125757,35,,,1,14,,1125783,35,,,1,12,,1125734,35,,,1,14,,1125772,35,,,1,53,,1125775,35,,,1,15,,1125767,35,,,1,15,,1125739,35,,,1,14,,1125762,35,,,1,55,,1125750,35,,,1,29,,1125769,35,,,1,69,,1125742,35,,,1,26,,1125764,35,,,1,70,,1125751,35,,,1,30,,1125768,35,,,1,70,,1125763,35,,,1,29,,1125748,35,,,1,27,,1125779,35,,,1,67,,1125737,35,,,1,29,,1125773,35,,,1,80,,1125784,18,,,1,70,,1125776,18,,,1
2501,'11',556,,1125830,18,,,1,69,,1125832,35,,,1,33,,1071020,35,,,1,68,,1125805,35,,,1,31,,1028373,35,,,1,70,,1125796,35,,,1,30,,1125807,35,,,1,70,,1067490,35,,,1,13,,1125804,35,,,1,14,,1125797,35,,,1,54,,1125813,35,,,1,14,,1125817,35,,,1,15,,1125834,35,,,1,15,,1125795,35,,,1,55,,1125798,35,,,1,15,,1125785,35,,,1,16,,1125788,35,,,1,15,,1125793,35,,,1,56,,1071979,35,,,1,15,,1125818,35,,,1,15,,1125812,35,,,1,15,,1125822,35,,,1,55,,1125801,35,,,1,15,,1125811,35,,,1,15,,1125829,35,,,1,15,,1094202,35,,,1,55,,1125799,35,,,1,15,,1125833,35,,,1,15,,1125787,35,,,1,16,,1125792,35,,,1,58,,1125808,35,,,1,33,,1101007,35,,,1,55,,1125810,35,,,1,15,,1125826,35,,,1,17,,1125790,35,,,1,15,,1125806,35,,,1,55,,1096174,35,,,1,14,,1125809,35,,,1,14,,1125835,35,,,1,12,,1125786,35,,,1,14,,1125824,35,,,1,53,,1125827,35,,,1,15,,1125819,35,,,1,15,,1125791,35,,,1,14,,1125814,35,,,1,55,,1125802,35,,,1,29,,1125821,35,,,1,69,,1125794,35,,,1,26,,1125816,35,,,1,70,,1125803,35,,,1,30,,1125820,35,,,1,70,,1125815,35,,,1,29,,1125800,35,,,1,27,,1125831,35,,,1,67,,1125789,35,,,1,29,,1125825,35,,,1,80,,1125836,18,,,1,70,,1125828,18,,,1
2501,'12',556,,1125859,18,,,1,69,,936928,35,,,1,33,,1125867,35,,,1,68,,1066887,35,,,1,31,,1125845,35,,,1,70,,1125840,35,,,1,30,,1125851,35,,,1,70,,1125839,35,,,1,13,,1125874,35,,,1,14,,1098671,35,,,1,54,,1125862,35,,,1,14,,1101584,35,,,1,15,,1125838,35,,,1,15,,1125871,35,,,1,55,,1125863,35,,,1,15,,1125842,35,,,1,16,,1125879,35,,,1,15,,1125846,35,,,1,56,,1125872,35,,,1,15,,1125841,35,,,1,15,,1125865,35,,,1,15,,1125869,35,,,1,55,,1125853,35,,,1,15,,1125854,35,,,1,15,,1125878,35,,,1,15,,966936,35,,,1,55,,1125868,35,,,1,15,,1125870,35,,,1,15,,1125850,35,,,1,16,,1125864,35,,,1,58,,1125855,35,,,1,33,,1125856,35,,,1,55,,1125876,35,,,1,15,,1125844,35,,,1,17,,1125880,35,,,1,15,,1125860,35,,,1,55,,1125858,35,,,1,14,,1125873,35,,,1,14,,1125857,35,,,1,12,,1091846,35,,,1,14,,990402,35,,,1,53,,1125849,35,,,1,15,,1125843,35,,,1,15,,1125861,35,,,1,14,,1125881,35,,,1,55,,1125875,35,,,1,29,,1125866,35,,,1,69,,1125877,35,,,1,26,,1090444,35,,,1,70,,1047536,35,,,1,30,,1125837,35,,,1,70,,1064010,35,,,1,29,,1125882,35,,,1,27,,1097107,35,,,1,67,,1125852,35,,,1,29,,1125848,35,,,1,80,,1125847,18,,,1,70,,1074902,18,,,1
2501,'13',751,,1125894,18,,,1,70,,1125906,18,,,1,30,,1125900,18,,,1,71,,1125907,30,,,1,30,,1125884,30,,,1,71,,1125883,30,,,1,30,,1125898,30,,,1,70,,1125902,30,,,1,30,,1125890,30,,,1,70,,1125893,30,,,1,30,,1125885,30,,,1,70,,1125892,30,,,1,30,,1125887,30,,,1,70,,1125895,30,,,1,30,,1090725,30,,,1,70,,1125910,30,,,1,30,,1125905,30,,,1,70,,1125896,30,,,1,30,,1125897,30,,,1,70,,1071173,30,,,1,30,,1077432,30,,,1,69,,1125912,30,,,1,30,,1125886,30,,,1,70,,1125908,30,,,1,30,,1064605,18,,,1,70,,1125911,30,,,1,30,,1125909,18,,,1,69,,1125901,30,,,1,30,,1125899,18,,,1,70,,1125904,30,,,1,30,,1125891,18,,,1,70,,1125903,18,,,1,30,,1125889,18,,,1,70,,1125888,18,,,1
2501,'14',556,,1125964,18,,,1,69,,1125966,35,,,1,33,,1125967,35,,,1,68,,1125937,35,,,1,31,,1125917,35,,,1,70,,1125927,35,,,1,30,,1125939,35,,,1,70,,1125958,35,,,1,13,,1125936,35,,,1,14,,1125928,35,,,1,54,,1125945,35,,,1,14,,1125949,35,,,1,15,,1125969,35,,,1,15,,1125926,35,,,1,55,,1125930,35,,,1,15,,1125913,35,,,1,16,,1125916,35,,,1,15,,1125923,35,,,1,56,,1125929,35,,,1,15,,1125950,35,,,1,15,,1125944,35,,,1,15,,1125954,35,,,1,55,,1125933,35,,,1,15,,1125943,35,,,1,15,,1125963,35,,,1,15,,1125924,35,,,1,55,,1125931,35,,,1,15,,1125968,35,,,1,15,,1125915,35,,,1,16,,1125922,35,,,1,58,,1125940,35,,,1,33,,1125919,35,,,1,55,,1125942,35,,,1,15,,1125960,35,,,1,17,,1125920,35,,,1,15,,1125938,35,,,1,55,,1125957,35,,,1,14,,1125941,35,,,1,14,,1125970,35,,,1,12,,1125914,35,,,1,14,,1125956,35,,,1,53,,1125961,35,,,1,15,,1125951,35,,,1,15,,1125921,35,,,1,14,,1125946,35,,,1,55,,1125934,35,,,1,29,,1125953,35,,,1,69,,1125925,35,,,1,26,,1125948,35,,,1,70,,1125935,35,,,1,30,,1125952,35,,,1,70,,1125947,35,,,1,29,,1125932,35,,,1,27,,1125965,35,,,1,67,,1125918,35,,,1,29,,1125959,35,,,1,80,,1125971,18,,,1,70,,1125962,18,,,1
2501,'15',556,,1126022,18,,,1,69,,1125977,35,,,1,33,,1126024,35,,,1,68,,1126019,35,,,1,31,,1125987,35,,,1,70,,1126018,35,,,1,30,,1125979,35,,,1,70,,1126023,35,,,1,13,,1125993,35,,,1,14,,1126021,35,,,1,54,,1125998,35,,,1,14,,1125976,35,,,1,15,,1126029,35,,,1,15,,1126016,35,,,1,55,,1125984,35,,,1,15,,1126010,35,,,1,16,,1125974,35,,,1,15,,1125982,35,,,1,56,,1126001,35,,,1,15,,1126009,35,,,1,15,,1126028,35,,,1,15,,1125983,35,,,1,55,,1125992,35,,,1,15,,1126002,35,,,1,15,,1125978,35,,,1,15,,1126020,35,,,1,55,,1126007,35,,,1,15,,1126026,35,,,1,15,,1125986,35,,,1,16,,1126000,35,,,1,58,,1126013,35,,,1,33,,1126014,35,,,1,55,,1125995,35,,,1,15,,1126005,35,,,1,17,,1125988,35,,,1,15,,1126017,35,,,1,55,,1125973,35,,,1,14,,1126003,35,,,1,14,,1125997,35,,,1,12,,1125999,35,,,1,14,,1126030,35,,,1,53,,1126006,35,,,1,15,,1126004,35,,,1,15,,1125981,35,,,1,14,,1125994,35,,,1,55,,1125980,35,,,1,29,,1125985,35,,,1,69,,1125996,35,,,1,26,,1125991,35,,,1,70,,1126012,35,,,1,30,,1126015,35,,,1,70,,1126027,35,,,1,29,,1125975,35,,,1,27,,1126025,35,,,1,67,,1125972,35,,,1,29,,1126008,35,,,1,80,,1126011,18,,,1,70,,1125989,18,,,1
2501,'16',556,,1126057,18,,,1,69,,1126033,35,,,1,33,,1126066,35,,,1,68,,1126069,35,,,1,31,,1101206,35,,,1,70,,1126035,35,,,1,30,,1126050,35,,,1,70,,1073041,35,,,1,13,,1126074,35,,,1,14,,1126037,35,,,1,54,,1070974,35,,,1,14,,1126077,35,,,1,15,,1126032,35,,,1,15,,1126071,35,,,1,55,,1126061,35,,,1,15,,1126038,35,,,1,16,,1126080,35,,,1,15,,1126046,35,,,1,56,,1126072,35,,,1,15,,1126036,35,,,1,15,,1126064,35,,,1,15,,1126068,35,,,1,55,,1126052,35,,,1,15,,1126053,35,,,1,15,,1072650,35,,,1,15,,1126034,35,,,1,55,,1126067,35,,,1,15,,1126070,35,,,1,15,,1064149,35,,,1,16,,1126063,35,,,1,58,,1126054,35,,,1,33,,1126055,35,,,1,55,,1126076,35,,,1,15,,1126042,35,,,1,17,,1101632,35,,,1,15,,1126058,35,,,1,55,,1126056,35,,,1,14,,1126073,35,,,1,14,,947163,35,,,1,12,,1126044,35,,,1,14,,1126040,35,,,1,53,,1126049,35,,,1,15,,1126039,35,,,1,15,,1126060,35,,,1,14,,1094185,35,,,1,55,,1126075,35,,,1,29,,1126065,35,,,1,69,,1126079,35,,,1,26,,1126078,35,,,1,70,,1126059,35,,,1,30,,1126031,35,,,1,70,,1126043,35,,,1,29,,1090922,35,,,1,27,,1126062,35,,,1,67,,1126051,35,,,1,29,,1126048,35,,,1,80,,1126047,18,,,1,70,,1126045,18,,,1
2501,'17',751,,1126096,18,,,1,70,,1126108,18,,,1,30,,1126102,18,,,1,71,,1126109,30,,,1,30,,1126083,30,,,1,71,,1126081,30,,,1,30,,1126100,30,,,1,70,,1126104,30,,,1,30,,1126091,30,,,1,70,,1126095,30,,,1,30,,1126084,30,,,1,70,,1126093,30,,,1,30,,1126088,30,,,1,70,,1126097,30,,,1,30,,1126082,30,,,1,70,,1126112,30,,,1,30,,1126107,30,,,1,70,,1126098,30,,,1,30,,1126099,30,,,1,70,,1126087,30,,,1,30,,1126094,30,,,1,69,,1126114,30,,,1,30,,1126086,30,,,1,70,,1126110,30,,,1,30,,1126085,18,,,1,70,,1126113,30,,,1,30,,1126111,18,,,1,69,,1126103,30,,,1,30,,1126101,18,,,1,70,,1126106,30,,,1,30,,1126092,18,,,1,70,,1126105,18,,,1,30,,1126090,18,,,1,70,,1126089,18,,,1
2501,'2',730,,1126136,18,,,1,72,,1126123,30,,,1,30,,1126140,18,,,1,70,,1126138,30,,,1,31,,1126134,30,,,1,70,,1066732,30,,,1,31,,1126135,30,,,1,70,,1040168,30,,,1,30,,1126126,30,,,1,70,,1067163,30,,,1,30,,1126143,30,,,1,70,,1126116,30,,,1,30,,1081506,30,,,1,70,,1126129,30,,,1,30,,1126124,30,,,1,70,,1126121,30,,,1,30,,1092619,30,,,1,70,,1126118,30,,,1,30,,1126117,30,,,1,70,,1126133,30,,,1,30,,1126128,30,,,1,70,,1126132,30,,,1,29,,1126141,30,,,1,70,,1126137,30,,,1,30,,1126131,30,,,1,69,,1096011,18,,,1,30,,1126139,30,,,1,70,,1126115,18,,,1,29,,1126130,30,,,1,70,,1126119,18,,,1,30,,1092617,30,,,1,70,,1126122,18,,,1,30,,1126127,30,,,1,70,,1126120,18,,,1,30,,1126142,18,,,1,70,,1126125,18,,,1,30,,1085795,18,,,1
2501,'3',751,,1126159,18,,,1,70,,1126171,18,,,1,30,,1126165,18,,,1,71,,1126172,30,,,1,30,,1126146,30,,,1,71,,1126144,30,,,1,30,,1126163,30,,,1,70,,1126167,30,,,1,30,,1126154,30,,,1,70,,1126158,30,,,1,30,,1126147,30,,,1,70,,1126156,30,,,1,30,,1126151,30,,,1,70,,1126160,30,,,1,30,,1126145,30,,,1,70,,1126175,30,,,1,30,,1126170,30,,,1,70,,1126161,30,,,1,30,,1126162,30,,,1,70,,1126150,30,,,1,30,,1126157,30,,,1,69,,1126177,30,,,1,30,,1126149,30,,,1,70,,1126173,30,,,1,30,,1126148,18,,,1,70,,1126176,30,,,1,30,,1126174,18,,,1,69,,1126166,30,,,1,30,,1126164,18,,,1,70,,1126169,30,,,1,30,,1126155,18,,,1,70,,1126168,18,,,1,30,,1126153,18,,,1,70,,1126152,18,,,1
2501,'4',751,,1126192,18,,,1,70,,1126184,18,,,1,30,,1126193,18,,,1,71,,1126179,30,,,1,30,,1126204,30,,,1,71,,1126191,30,,,1,30,,1090783,30,,,1,70,,1126196,30,,,1,30,,1126182,30,,,1,70,,1126200,30,,,1,30,,1126186,30,,,1,70,,1126180,30,,,1,30,,1126197,30,,,1,70,,1126198,30,,,1,30,,1126194,30,,,1,70,,1126181,30,,,1,30,,1001815,30,,,1,70,,1126183,30,,,1,30,,1126199,30,,,1,70,,1030639,30,,,1,30,,1092746,30,,,1,69,,1126203,30,,,1,30,,1126202,30,,,1,70,,1126187,30,,,1,30,,1126195,18,,,1,70,,1126178,30,,,1,30,,1126190,18,,,1,69,,994494,30,,,1,30,,1063481,18,,,1,70,,1126205,30,,,1,30,,1126188,18,,,1,70,,1126201,18,,,1,30,,1126185,18,,,1,70,,1126189,18,,,1
2501,'5',556,,1126251,18,,,1,69,,1126253,35,,,1,33,,1070916,35,,,1,68,,1126226,35,,,1,31,,1028173,35,,,1,70,,1126217,35,,,1,30,,1126228,35,,,1,70,,1059493,35,,,1,13,,1126225,35,,,1,14,,1126218,35,,,1,54,,1126234,35,,,1,14,,1126238,35,,,1,15,,1126255,35,,,1,15,,1126216,35,,,1,55,,1126219,35,,,1,15,,1126206,35,,,1,16,,1126209,35,,,1,15,,1126214,35,,,1,56,,1071909,35,,,1,15,,1126239,35,,,1,15,,1126233,35,,,1,15,,1126243,35,,,1,55,,1126222,35,,,1,15,,1126232,35,,,1,15,,1126250,35,,,1,15,,1094100,35,,,1,55,,1126220,35,,,1,15,,1126254,35,,,1,15,,1126208,35,,,1,16,,1126213,35,,,1,58,,1126229,35,,,1,33,,1100948,35,,,1,55,,1126231,35,,,1,15,,1126247,35,,,1,17,,1126211,35,,,1,15,,1126227,35,,,1,55,,1096111,35,,,1,14,,1126230,35,,,1,14,,1126256,35,,,1,12,,1126207,35,,,1,14,,1126245,35,,,1,53,,1126248,35,,,1,15,,1126240,35,,,1,15,,1126212,35,,,1,14,,1126235,35,,,1,55,,1126223,35,,,1,29,,1126242,35,,,1,69,,1126215,35,,,1,26,,1126237,35,,,1,70,,1126224,35,,,1,30,,1126241,35,,,1,70,,1126236,35,,,1,29,,1126221,35,,,1,27,,1126252,35,,,1,67,,1126210,35,,,1,29,,1126246,35,,,1,80,,1126257,18,,,1,70,,1126249,18,,,1
2501,'6',556,,1126282,18,,,1,69,,1126260,35,,,1,33,,1126291,35,,,1,68,,1126294,35,,,1,31,,1126270,35,,,1,70,,1053252,35,,,1,30,,1126276,35,,,1,70,,1126259,35,,,1,13,,1069662,35,,,1,14,,1126263,35,,,1,54,,1126286,35,,,1,14,,1126301,35,,,1,15,,1056497,35,,,1,15,,1126296,35,,,1,55,,1126287,35,,,1,15,,961429,35,,,1,16,,1126304,35,,,1,15,,1083323,35,,,1,56,,1126297,35,,,1,15,,1126262,35,,,1,15,,1126289,35,,,1,15,,1126293,35,,,1,55,,1126277,35,,,1,15,,1126278,35,,,1,15,,1126303,35,,,1,15,,1126261,35,,,1,55,,1126292,35,,,1,15,,1126295,35,,,1,15,,1126275,35,,,1,16,,1011547,35,,,1,58,,1126279,35,,,1,33,,1126280,35,,,1,55,,1126300,35,,,1,15,,1126267,35,,,1,17,,1126305,35,,,1,15,,1126283,35,,,1,55,,1072897,35,,,1,14,,1126298,35,,,1,14,,1126281,35,,,1,12,,1126269,35,,,1,14,,1126265,35,,,1,53,,1126274,35,,,1,15,,1126264,35,,,1,15,,1126285,35,,,1,14,,1126306,35,,,1,55,,1126299,35,,,1,29,,1126290,35,,,1,69,,1071054,35,,,1,26,,1126302,35,,,1,70,,1126284,35,,,1,30,,1126258,35,,,1,70,,1126268,35,,,1,29,,1126307,35,,,1,27,,1126288,35,,,1,67,,1057314,35,,,1,29,,1126273,35,,,1,80,,1126272,18,,,1,70,,1126271,18,,,1
2501,'7',730,,1126330,18,,,1,72,,1126325,30,,,1,30,,1126324,18,,,1,70,,1126342,30,,,1,31,,1126323,30,,,1,70,,1126311,30,,,1,31,,1126316,30,,,1,70,,1126344,30,,,1,30,,1126332,30,,,1,70,,1126331,30,,,1,30,,1126319,30,,,1,70,,1126320,30,,,1,30,,1126326,30,,,1,70,,1126312,30,,,1,30,,1126335,30,,,1,70,,1126334,30,,,1,30,,1126318,30,,,1,70,,1126315,30,,,1,30,,1126308,30,,,1,70,,1126328,30,,,1,30,,1126322,30,,,1,70,,1126309,30,,,1,29,,1126321,30,,,1,70,,1126337,30,,,1,30,,1126339,30,,,1,69,,1126314,18,,,1,30,,1126313,30,,,1,70,,1126338,18,,,1,29,,1126340,30,,,1,70,,1126329,18,,,1,30,,1126317,30,,,1,70,,1126327,18,,,1,30,,1126336,30,,,1,70,,1126310,18,,,1,30,,1126341,18,,,1,70,,1126333,18,,,1,30,,1126343,18,,,1
2501,'8',556,,1126375,18,,,1,69,,1126348,35,,,1,33,,1126385,35,,,1,68,,1126388,35,,,1,31,,1126360,35,,,1,70,,1126350,35,,,1,30,,1126367,35,,,1,70,,1126347,35,,,1,13,,1126393,35,,,1,14,,1126352,35,,,1,54,,1126379,35,,,1,14,,1126396,35,,,1,15,,1126346,35,,,1,15,,1126390,35,,,1,55,,1126380,35,,,1,15,,1126353,35,,,1,16,,1126400,35,,,1,15,,1126362,35,,,1,56,,1126391,35,,,1,15,,1126351,35,,,1,15,,1126383,35,,,1,15,,1126387,35,,,1,55,,1126369,35,,,1,15,,1126370,35,,,1,15,,1126399,35,,,1,15,,1126349,35,,,1,55,,1126386,35,,,1,15,,1126389,35,,,1,15,,1126366,35,,,1,16,,1126382,35,,,1,58,,1126371,35,,,1,33,,1126372,35,,,1,55,,1126395,35,,,1,15,,1126357,35,,,1,17,,1126401,35,,,1,15,,1126376,35,,,1,55,,1126374,35,,,1,14,,1126392,35,,,1,14,,1126373,35,,,1,12,,1126359,35,,,1,14,,1126355,35,,,1,53,,1126365,35,,,1,15,,1126354,35,,,1,15,,1126378,35,,,1,14,,1126402,35,,,1,55,,1126394,35,,,1,29,,1126384,35,,,1,69,,1126398,35,,,1,26,,1126397,35,,,1,70,,1126377,35,,,1,30,,1126345,35,,,1,70,,1126358,35,,,1,29,,1126403,35,,,1,27,,1126381,35,,,1,67,,1126368,35,,,1,29,,1126364,35,,,1,80,,1126363,18,,,1,70,,1126361,18,,,1
2501,'9',556,,1126449,18,,,1,69,,1126451,35,,,1,33,,1070808,35,,,1,68,,1126424,35,,,1,31,,1028453,35,,,1,70,,1126415,35,,,1,30,,1126426,35,,,1,70,,1067208,35,,,1,13,,1126423,35,,,1,14,,1126416,35,,,1,54,,1126432,35,,,1,14,,1126436,35,,,1,15,,1126453,35,,,1,15,,1126414,35,,,1,55,,1126417,35,,,1,15,,1126404,35,,,1,16,,1126407,35,,,1,15,,1126412,35,,,1,56,,1071837,35,,,1,15,,1126437,35,,,1,15,,1126431,35,,,1,15,,1126441,35,,,1,55,,1126420,35,,,1,15,,1126430,35,,,1,15,,1126448,35,,,1,15,,1093989,35,,,1,55,,1126418,35,,,1,15,,1126452,35,,,1,15,,1126406,35,,,1,16,,1126411,35,,,1,58,,1126427,35,,,1,33,,1100857,35,,,1,55,,1126429,35,,,1,15,,1126445,35,,,1,17,,1126409,35,,,1,15,,1126425,35,,,1,55,,1096034,35,,,1,14,,1126428,35,,,1,14,,1126454,35,,,1,12,,1126405,35,,,1,14,,1126443,35,,,1,53,,1126446,35,,,1,15,,1126438,35,,,1,15,,1126410,35,,,1,14,,1126433,35,,,1,55,,1126421,35,,,1,29,,1126440,35,,,1,69,,1126413,35,,,1,26,,1126435,35,,,1,70,,1126422,35,,,1,30,,1126439,35,,,1,70,,1126434,35,,,1,29,,1126419,35,,,1,27,,1126450,35,,,1,67,,1126408,35,,,1,29,,1126444,35,,,1,80,,1126455,18,,,1,70,,1126447,18,,,1
64801,'1',1516,,1199613,13,,,1
64801,'10',1516,,1199614,13,,,1
64801,'11',1516,,1199615,13,,,1
64801,'12',1516,,1199616,13,,,1
64801,'14',1516,,1199617,13,,,1
64801,'15',1516,,1199618,13,,,1
64801,'16',1516,,1199619,13,,,1
64801,'5',1516,,1199620,13,,,1
64801,'6',1516,,1199621,13,,,1
64801,'8',1516,,1199622,13,,,1
64801,'9',1516,,1199623,13,,,1
