2401,'1',626,,1124178,36,,,1,30,,1124184,36,,,1,70,,1078723,36,,,1,28,,1124192,36,,,1,74,,1124176,36,,,1,30,,1124175,36,,,1,75,,1124170,36,,,1,73,,1124180,70,,,1,30,,1124191,70,,,1,70,,1124190,70,,,1,30,,1089787,70,,,1,69,,1124195,70,,,1,30,,1124204,70,,,1,70,,1124199,70,,,1,30,,1124200,70,,,1,69,,1124162,70,,,1,30,,1124168,70,,,1,70,,1124167,70,,,1,23,,1124196,70,,,1,19,,1124169,10,,,1,2,,1042878,10,,,1,57,,1124186,70,,,1,29,,1124181,70,,,1,10,,1124177,36,,,1,61,,1124194,70,,,1,9,,1124189,36,,,1,20,,1124174,70,,,1,10,,1124203,36,,,1,63,,1082238,70,,,1,7,,1124193,36,,,1,23,,1124179,70,,,1,7,,1124187,36,,,1,11,,1124182,70,,,1,65,,1124160,70,,,1,30,,1124185,70,,,1,71,,1124163,36,,,1,29,,1094137,70,,,1,54,,1124158,36,,,1,35,,1124183,70,,,1,65,,1124159,36,,,1,35,,1124188,70,,,1,103,,1124198,70,,,1
2401,'10',626,,1124225,36,,,1,30,,1124231,36,,,1,70,,1078459,36,,,1,28,,1124239,36,,,1,74,,1124223,36,,,1,30,,1124222,36,,,1,75,,1124217,36,,,1,73,,1124227,70,,,1,30,,1124238,70,,,1,70,,1124237,70,,,1,30,,1089644,70,,,1,69,,1124242,70,,,1,30,,1124251,70,,,1,70,,1124246,70,,,1,30,,1124247,70,,,1,69,,1124209,70,,,1,30,,1124215,70,,,1,70,,1124214,70,,,1,23,,1124243,70,,,1,19,,1124216,10,,,1,2,,1043002,10,,,1,57,,1124233,70,,,1,29,,1124228,70,,,1,10,,1124224,36,,,1,61,,1124241,70,,,1,9,,1124236,36,,,1,20,,1124221,70,,,1,10,,1124250,36,,,1,63,,1082075,70,,,1,7,,1124240,36,,,1,23,,1124226,70,,,1,7,,1124234,36,,,1,11,,1124229,70,,,1,65,,1124207,70,,,1,30,,1124232,70,,,1,71,,1124210,36,,,1,29,,1093917,70,,,1,54,,1124205,36,,,1,35,,1124230,70,,,1,65,,1124206,36,,,1,35,,1124235,70,,,1,103,,1124245,70,,,1
2401,'11',626,,1124272,36,,,1,30,,1124278,36,,,1,70,,1078803,36,,,1,28,,1124286,36,,,1,74,,1124270,36,,,1,30,,1124269,36,,,1,75,,1124264,36,,,1,73,,1124274,70,,,1,30,,1124285,70,,,1,70,,1124284,70,,,1,30,,1089829,70,,,1,69,,1124289,70,,,1,30,,1124298,70,,,1,70,,1124293,70,,,1,30,,1124294,70,,,1,69,,1124256,70,,,1,30,,1124262,70,,,1,70,,1124261,70,,,1,23,,1124290,70,,,1,19,,1124263,10,,,1,2,,1042843,10,,,1,57,,1124280,70,,,1,29,,1124275,70,,,1,10,,1124271,36,,,1,61,,1124288,70,,,1,9,,1124283,36,,,1,20,,1124268,70,,,1,10,,1124297,36,,,1,63,,1082291,70,,,1,7,,1124287,36,,,1,23,,1124273,70,,,1,7,,1124281,36,,,1,11,,1124276,70,,,1,65,,1124254,70,,,1,30,,1124279,70,,,1,71,,1124257,36,,,1,29,,1094200,70,,,1,54,,1124252,36,,,1,35,,1124277,70,,,1,65,,1124253,36,,,1,35,,1124282,70,,,1,103,,1124292,70,,,1
2401,'12',626,,1124328,36,,,1,30,,1124306,36,,,1,70,,1124324,36,,,1,28,,1124303,36,,,1,74,,1124315,36,,,1,30,,1124310,36,,,1,75,,1124329,36,,,1,73,,1043798,70,,,1,30,,1124340,70,,,1,70,,1064870,70,,,1,30,,1023317,70,,,1,69,,1124327,70,,,1,30,,1124346,70,,,1,70,,1124322,70,,,1,30,,1124326,70,,,1,69,,1124304,70,,,1,30,,1124321,70,,,1,70,,1124305,70,,,1,23,,1124308,70,,,1,19,,1124334,10,,,1,2,,1124331,10,,,1,57,,1124317,70,,,1,29,,1124312,70,,,1,10,,1124300,36,,,1,61,,1124320,70,,,1,9,,1124338,36,,,1,20,,1124301,70,,,1,10,,1124332,36,,,1,63,,1124339,70,,,1,7,,1124330,36,,,1,23,,1124307,70,,,1,7,,1074492,36,,,1,11,,1124335,70,,,1,65,,1124309,70,,,1,30,,1124316,70,,,1,71,,1124325,36,,,1,29,,1124311,70,,,1,54,,1124343,36,,,1,35,,1124302,70,,,1,65,,1124341,36,,,1,35,,1124344,70,,,1,103,,1124333,70,,,1
2401,'13',852,,1124352,37,,,1,101,,1124371,45,,,1,102,,1124350,45,,,1,70,,1124348,45,,,1,30,,1124359,45,,,1,71,,1124358,45,,,1,30,,1124347,45,,,1,70,,1124370,45,,,1,30,,1124349,45,,,1,70,,1124368,45,,,1,30,,1124364,45,,,1,70,,1124354,45,,,1,30,,1124365,45,,,1,70,,1124363,45,,,1,30,,1124366,45,,,1,70,,1124357,45,,,1,30,,1124360,45,,,1,69,,1124353,45,,,1,76,,1124351,37,,,1,38,,1124369,37,,,1,70,,1124367,37,,,1,28,,1124355,37,,,1
2401,'14',626,,1124393,36,,,1,30,,1124399,36,,,1,70,,1124419,36,,,1,28,,1124407,36,,,1,74,,1124391,36,,,1,30,,1124390,36,,,1,75,,1124385,36,,,1,73,,1124395,70,,,1,30,,1124406,70,,,1,70,,1124405,70,,,1,30,,1124421,70,,,1,69,,1124410,70,,,1,30,,1124423,70,,,1,70,,1124414,70,,,1,30,,1124415,70,,,1,69,,1124376,70,,,1,30,,1124383,70,,,1,70,,1124382,70,,,1,23,,1124411,70,,,1,19,,1124384,10,,,1,2,,1124416,10,,,1,57,,1124401,70,,,1,29,,1124396,70,,,1,10,,1124392,36,,,1,61,,1124409,70,,,1,9,,1124404,36,,,1,20,,1124389,70,,,1,10,,1124420,36,,,1,63,,1124422,70,,,1,7,,1124408,36,,,1,23,,1124394,70,,,1,7,,1124402,36,,,1,11,,1124397,70,,,1,65,,1124374,70,,,1,30,,1124400,70,,,1,71,,1124377,36,,,1,29,,1124379,70,,,1,54,,1124372,36,,,1,35,,1124398,70,,,1,65,,1124373,36,,,1,35,,1124403,70,,,1,103,,1124413,70,,,1
2401,'15',626,,1124475,36,,,1,30,,1124459,36,,,1,70,,1124444,36,,,1,28,,1124436,36,,,1,74,,1124456,36,,,1,30,,1124439,36,,,1,75,,1124473,36,,,1,73,,1124462,70,,,1,30,,1124434,70,,,1,70,,1124428,70,,,1,30,,1124461,70,,,1,69,,1124469,70,,,1,30,,1124441,70,,,1,70,,1124437,70,,,1,30,,1124431,70,,,1,69,,1124454,70,,,1,30,,1124432,70,,,1,70,,1124443,70,,,1,23,,1124451,70,,,1,19,,1124430,10,,,1,2,,1124467,10,,,1,57,,1124463,70,,,1,29,,1124435,70,,,1,10,,1124425,36,,,1,61,,1124448,70,,,1,9,,1124466,36,,,1,20,,1124447,70,,,1,10,,1124465,36,,,1,63,,1124433,70,,,1,7,,1124453,36,,,1,23,,1124445,70,,,1,7,,1124442,36,,,1,11,,1124472,70,,,1,65,,1124455,70,,,1,30,,1124450,70,,,1,71,,1124464,36,,,1,29,,1124427,70,,,1,54,,1124468,36,,,1,35,,1124477,70,,,1,65,,1124457,36,,,1,35,,1124458,70,,,1,103,,1124476,70,,,1
2401,'16',626,,1124504,36,,,1,30,,1124483,36,,,1,70,,1124500,36,,,1,28,,1124480,36,,,1,74,,1124491,36,,,1,30,,1124486,36,,,1,75,,1124505,36,,,1,73,,1124522,70,,,1,30,,1124516,70,,,1,70,,1124484,70,,,1,30,,1124518,70,,,1,69,,1124503,70,,,1,30,,1124524,70,,,1,70,,1124498,70,,,1,30,,1124502,70,,,1,69,,1124482,70,,,1,30,,1124497,70,,,1,70,,1098163,70,,,1,23,,1088835,70,,,1,19,,1124510,10,,,1,2,,1124507,10,,,1,57,,1124493,70,,,1,29,,1124488,70,,,1,10,,1124478,36,,,1,61,,1124496,70,,,1,9,,1124514,36,,,1,20,,1070332,70,,,1,10,,1124508,36,,,1,63,,1124515,70,,,1,7,,1124506,36,,,1,23,,1064711,70,,,1,7,,1124525,36,,,1,11,,1124511,70,,,1,65,,1124485,70,,,1,30,,1124492,70,,,1,71,,1124501,36,,,1,29,,1124487,70,,,1,54,,1124520,36,,,1,35,,1124479,70,,,1,65,,1124517,36,,,1,35,,1124521,70,,,1,103,,1124509,70,,,1
2401,'17',852,,1124531,37,,,1,101,,1124550,45,,,1,102,,1124529,45,,,1,70,,1124527,45,,,1,30,,1124538,45,,,1,71,,1124537,45,,,1,30,,1124526,45,,,1,70,,1124549,45,,,1,30,,1124528,45,,,1,70,,1124547,45,,,1,30,,1124543,45,,,1,70,,1124533,45,,,1,30,,1124544,45,,,1,70,,1124542,45,,,1,30,,1124545,45,,,1,70,,1124536,45,,,1,30,,1124539,45,,,1,69,,1124532,45,,,1,76,,1124530,37,,,1,38,,1124548,37,,,1,70,,1124546,37,,,1,28,,1124534,37,,,1
2401,'2',651,,1124563,37,,,1,72,,1124570,45,,,1,101,,1124565,45,,,1,31,,1124556,45,,,1,70,,1124567,45,,,1,30,,1124577,45,,,1,72,,1124559,45,,,1,30,,1124572,45,,,1,70,,1124578,45,,,1,30,,1124551,45,,,1,69,,1051910,45,,,1,31,,1124564,45,,,1,70,,1124575,45,,,1,30,,1124579,45,,,1,70,,1124561,45,,,1,30,,1124560,45,,,1,71,,1124571,45,,,1,29,,1124552,45,,,1,70,,1012230,45,,,1,30,,1124557,45,,,1,70,,1124553,45,,,1,30,,1124574,45,,,1,70,,1124558,45,,,1,30,,1124555,45,,,1,70,,1124568,45,,,1,27,,1067840,45,,,1
2401,'3',852,,1124585,37,,,1,101,,1124604,45,,,1,102,,1124583,45,,,1,70,,1124581,45,,,1,30,,1124592,45,,,1,71,,1124591,45,,,1,30,,1124580,45,,,1,70,,1124603,45,,,1,30,,1124582,45,,,1,70,,1124601,45,,,1,30,,1124597,45,,,1,70,,1124587,45,,,1,30,,1124598,45,,,1,70,,1124596,45,,,1,30,,1124599,45,,,1,70,,1124590,45,,,1,30,,1124593,45,,,1,69,,1124586,45,,,1,76,,1124584,37,,,1,38,,1124602,37,,,1,70,,1124600,37,,,1,28,,1124588,37,,,1
2401,'4',852,,1124624,37,,,1,101,,1124605,45,,,1,102,,1124621,45,,,1,70,,1082164,45,,,1,30,,1124610,45,,,1,71,,1124612,45,,,1,30,,1124623,45,,,1,70,,1124615,45,,,1,30,,1124609,45,,,1,70,,1124613,45,,,1,30,,1124625,45,,,1,70,,1124620,45,,,1,30,,1076923,45,,,1,70,,1124626,45,,,1,30,,1124618,45,,,1,70,,1124608,45,,,1,30,,1124617,45,,,1,69,,1124606,45,,,1,76,,1124614,37,,,1,38,,1124611,37,,,1,70,,1124607,37,,,1,28,,1124619,37,,,1
2401,'5',626,,1124648,36,,,1,30,,1124654,36,,,1,70,,1078675,36,,,1,28,,1124662,36,,,1,74,,1124646,36,,,1,30,,1124645,36,,,1,75,,1124640,36,,,1,73,,1124650,70,,,1,30,,1124661,70,,,1,70,,1124660,70,,,1,30,,1089764,70,,,1,69,,1124665,70,,,1,30,,1124674,70,,,1,70,,1124669,70,,,1,30,,1124670,70,,,1,69,,1124632,70,,,1,30,,1124638,70,,,1,70,,1124637,70,,,1,23,,1124666,70,,,1,19,,1124639,10,,,1,2,,1042681,10,,,1,57,,1124656,70,,,1,29,,1124651,70,,,1,10,,1124647,36,,,1,61,,1124664,70,,,1,9,,1124659,36,,,1,20,,1124644,70,,,1,10,,1124673,36,,,1,63,,1082208,70,,,1,7,,1124663,36,,,1,23,,1124649,70,,,1,7,,1124657,36,,,1,11,,1124652,70,,,1,65,,1124630,70,,,1,30,,1124655,70,,,1,71,,1124633,36,,,1,29,,1094098,70,,,1,54,,1124628,36,,,1,35,,1124653,70,,,1,65,,1124629,36,,,1,35,,1124658,70,,,1,103,,1124668,70,,,1
2401,'6',626,,1124702,36,,,1,30,,1017700,36,,,1,70,,1124698,36,,,1,28,,1124677,36,,,1,74,,1124689,36,,,1,30,,1124684,36,,,1,75,,1124703,36,,,1,73,,1124718,70,,,1,30,,1124714,70,,,1,70,,1124680,70,,,1,30,,1124716,70,,,1,69,,1124701,70,,,1,30,,1050643,70,,,1,70,,1124696,70,,,1,30,,1124700,70,,,1,69,,1050050,70,,,1,30,,1124695,70,,,1,70,,1124679,70,,,1,23,,1124682,70,,,1,19,,1124708,10,,,1,2,,1124705,10,,,1,57,,1124691,70,,,1,29,,1124686,70,,,1,10,,1080823,36,,,1,61,,1124694,70,,,1,9,,1124712,36,,,1,20,,1124676,70,,,1,10,,1124706,36,,,1,63,,1124713,70,,,1,7,,1124704,36,,,1,23,,1124681,70,,,1,7,,1124720,36,,,1,11,,1124709,70,,,1,65,,1124683,70,,,1,30,,1124690,70,,,1,71,,1124699,36,,,1,29,,1124685,70,,,1,54,,1096524,36,,,1,35,,1102459,70,,,1,65,,1124715,36,,,1,35,,1062731,70,,,1,103,,1124707,70,,,1
2401,'7',651,,1124723,37,,,1,72,,1124744,45,,,1,101,,1124738,45,,,1,31,,1124725,45,,,1,70,,1124721,45,,,1,30,,1124748,45,,,1,72,,1124731,45,,,1,30,,1124728,45,,,1,70,,1124743,45,,,1,30,,1124749,45,,,1,69,,1124722,45,,,1,31,,1124751,45,,,1,70,,1124732,45,,,1,30,,1124726,45,,,1,70,,1124727,45,,,1,30,,1124735,45,,,1,71,,1124736,45,,,1,29,,1124737,45,,,1,70,,1124742,45,,,1,30,,1124739,45,,,1,70,,1124746,45,,,1,30,,1124747,45,,,1,70,,1124730,45,,,1,30,,1124734,45,,,1,70,,1124724,45,,,1,27,,1124745,45,,,1
2401,'8',626,,1124784,36,,,1,30,,1124761,36,,,1,70,,1124780,36,,,1,28,,1124757,36,,,1,74,,1124771,36,,,1,30,,1124766,36,,,1,75,,1124785,36,,,1,73,,1124802,70,,,1,30,,1124796,70,,,1,70,,1124762,70,,,1,30,,1124798,70,,,1,69,,1124783,70,,,1,30,,1124804,70,,,1,70,,1124778,70,,,1,30,,1124782,70,,,1,69,,1124759,70,,,1,30,,1124777,70,,,1,70,,1124760,70,,,1,23,,1124764,70,,,1,19,,1124790,10,,,1,2,,1124787,10,,,1,57,,1124773,70,,,1,29,,1124768,70,,,1,10,,1124754,36,,,1,61,,1124776,70,,,1,9,,1124794,36,,,1,20,,1124755,70,,,1,10,,1124788,36,,,1,63,,1124795,70,,,1,7,,1124786,36,,,1,23,,1124763,70,,,1,7,,1124805,36,,,1,11,,1124791,70,,,1,65,,1124765,70,,,1,30,,1124772,70,,,1,71,,1124781,36,,,1,29,,1124767,70,,,1,54,,1124800,36,,,1,35,,1124756,70,,,1,65,,1124797,36,,,1,35,,1124801,70,,,1,103,,1124789,70,,,1
2401,'9',626,,1124826,36,,,1,30,,1124832,36,,,1,70,,1078540,36,,,1,28,,1124840,36,,,1,74,,1124824,36,,,1,30,,1124823,36,,,1,75,,1124818,36,,,1,73,,1124828,70,,,1,30,,1124839,70,,,1,70,,1124838,70,,,1,30,,1089689,70,,,1,69,,1124843,70,,,1,30,,1124852,70,,,1,70,,1124847,70,,,1,30,,1124848,70,,,1,69,,1124810,70,,,1,30,,1124816,70,,,1,70,,1124815,70,,,1,23,,1124844,70,,,1,19,,1124817,10,,,1,2,,1042913,10,,,1,57,,1124834,70,,,1,29,,1124829,70,,,1,10,,1124825,36,,,1,61,,1124842,70,,,1,9,,1124837,36,,,1,20,,1124822,70,,,1,10,,1124851,36,,,1,63,,1082126,70,,,1,7,,1124841,36,,,1,23,,1124827,70,,,1,7,,1124835,36,,,1,11,,1124830,70,,,1,65,,1124808,70,,,1,30,,1124833,70,,,1,71,,1124811,36,,,1,29,,1093987,70,,,1,54,,1124806,36,,,1,35,,1124831,70,,,1,65,,1124807,36,,,1,35,,1124836,70,,,1,103,,1124846,70,,,1
3900,'1',338,,1134022,8,,,1,65,,1133987,8,,,1,27,,1133988,8,,,1,71,,1134017,9,0,93,1,2018,,1133967,9,,,1,30,,1134030,9,,,1,70,,1134016,9,,,1,31,,1133980,9,,,1
3900,'10',338,,1134095,8,,,1,65,,1134060,8,,,1,27,,1134061,8,,,1,71,,1134090,9,0,93,1,2018,,1134040,9,,,1,30,,1134103,9,,,1,70,,1134089,9,,,1,31,,1134053,9,,,1
3900,'11',338,,1134168,8,,,1,65,,1134133,8,,,1,27,,1134134,8,,,1,71,,1134163,9,0,93,1,2018,,1134113,9,,,1,30,,1134176,9,,,1,70,,1134162,9,,,1,31,,1134126,9,,,1
3900,'12',338,,949401,8,,,1,65,,1134251,8,,,1,27,,1134196,8,,,1,71,,1134202,9,0,93,1,2018,,1134247,9,,,1,30,,1134214,9,,,1,70,,1134216,9,,,1,31,,1134256,9,,,1
3900,'13',341,,1134285,8,,,1,70,,1134277,8,,,1,30,,1134258,8,,,1,70,,1134323,8,,,1,30,,1134298,8,,,1,70,,1134257,8,,,1,30,,1134280,8,,,1,70,,1134322,8,,,1,30,,1134295,8,,,1,1575,,1134293,8,,,1,30,,1134326,8,,,1,70,,1134266,8,,,1,30,,1134270,8,,,1,70,,1134303,8,,,1,30,,1134269,8,,,1,70,,1134268,8,,,1,30,,1134304,8,,,1,70,,1134301,8,,,1
3900,'14',338,,1134396,8,,,1,65,,1134360,8,,,1,27,,1134361,8,,,1,71,,1134391,9,0,93,1,2018,,1134336,9,,,1,30,,1134404,9,,,1,70,,1134390,9,,,1,31,,1134353,9,,,1
3900,'15',338,,1134438,8,,,1,65,,1134418,8,,,1,27,,1134472,8,,,1,71,,1134429,9,0,93,1,2018,,1134474,9,,,1,30,,1134436,9,,,1,70,,1134463,9,,,1,31,,1134464,9,,,1
3900,'16',338,,1134499,8,,,1,65,,1100278,8,,,1,27,,1134513,8,,,1,71,,1134519,9,0,93,1,2018,,1134562,9,,,1,30,,1134531,9,,,1,70,,1082259,9,,,1,31,,1134572,9,,,1
3900,'17',341,,1134601,8,,,1,70,,1134593,8,,,1,30,,1134574,8,,,1,70,,1134639,8,,,1,30,,1134614,8,,,1,70,,1134573,8,,,1,30,,1134596,8,,,1,70,,1134638,8,,,1,30,,1134611,8,,,1,1575,,1134609,8,,,1,30,,1134643,8,,,1,70,,1134582,8,,,1,30,,1134586,8,,,1,70,,1134619,8,,,1,30,,1134585,8,,,1,70,,1134584,8,,,1,30,,1134620,8,,,1,70,,1134617,8,,,1
3900,'2',332,,1134684,8,,,1,20,,1134674,8,,,1,70,,1134649,8,,,1,30,,1134663,8,,,1,70,,1134655,8,,,1,30,,1134680,8,,,1,2060,,1087403,8,,,1,30,,1134713,8,,,1,70,,1134667,8,,,1
3900,'3',341,,1134751,8,,,1,70,,1134743,8,,,1,30,,1134724,8,,,1,70,,1134789,8,,,1,30,,1134764,8,,,1,70,,1134723,8,,,1,30,,1134746,8,,,1,70,,1134788,8,,,1,30,,1134761,8,,,1,1575,,1134759,8,,,1,30,,1134793,8,,,1,70,,1134732,8,,,1,30,,1134736,8,,,1,70,,1134769,8,,,1,30,,1134735,8,,,1,70,,1134734,8,,,1,30,,1134770,8,,,1,70,,1134767,8,,,1
3900,'4',341,,1134846,8,,,1,70,,1134800,8,,,1,30,,1134863,8,,,1,70,,1134830,8,,,1,30,,1134823,8,,,1,70,,1134815,8,,,1,30,,1134845,8,,,1,70,,1134840,8,,,1,30,,1134812,8,,,1,1575,,1134810,8,,,1,30,,1134857,8,,,1,70,,1134821,8,,,1,30,,1134869,8,,,1,70,,1134843,8,,,1,30,,1134870,8,,,1,70,,1134831,8,,,1,30,,1134852,8,,,1,70,,1134864,8,,,1
3900,'5',338,,1134932,8,,,1,65,,1134897,8,,,1,27,,1134898,8,,,1,71,,1134927,9,0,93,1,2018,,1134877,9,,,1,30,,1134940,9,,,1,70,,1134926,9,,,1,31,,1134890,9,,,1
3900,'6',338,,1134950,8,,,1,65,,1135014,8,,,1,27,,1134961,8,,,1,71,,1134967,9,0,93,1,2018,,1135011,9,,,1,30,,1134980,9,,,1,70,,1134982,9,,,1,31,,1096200,9,,,1
3900,'7',332,,1135052,8,,,1,20,,1135076,8,,,1,70,,1135074,8,,,1,30,,1135065,8,,,1,70,,1135032,8,,,1,30,,1135096,8,,,1,2060,,1135082,8,,,1,30,,1135030,8,,,1,70,,1135098,8,,,1
3900,'8',338,,1135103,8,,,1,65,,1135174,8,,,1,27,,1135118,8,,,1,71,,1135124,9,0,93,1,2018,,1135170,9,,,1,30,,1135137,9,,,1,70,,1135139,9,,,1,31,,1135182,9,,,1
3900,'9',338,,1135241,8,,,1,65,,1135206,8,,,1,27,,1135207,8,,,1,71,,1135236,9,0,93,1,2018,,1135186,9,,,1,30,,1135249,9,,,1,70,,1135235,9,,,1,31,,1135199,9,,,1
62401,'1',1557,,1199147,9,,,1
62401,'10',1557,,1199148,9,,,1
62401,'11',1557,,1199149,9,,,1
62401,'12',1557,,1199150,9,,,1
62401,'14',1557,,1199151,9,,,1
62401,'15',1557,,1199152,9,,,1
62401,'16',1557,,1199153,9,,,1
62401,'5',1557,,1199154,9,,,1
62401,'6',1557,,1076038,9,,,1
62401,'8',1557,,1199155,9,,,1
62401,'9',1557,,1199156,9,,,1
63301,'1',1510,,1199341,10,,,1
63301,'10',1510,,1199342,10,,,1
63301,'11',1510,,1199343,10,,,1
63301,'12',1510,,1199344,10,,,1
63301,'14',1510,,1199345,10,,,1
63301,'15',1510,,1199346,10,,,1
63301,'16',1510,,1199347,10,,,1
63301,'5',1510,,1199348,10,,,1
63301,'6',1510,,1199349,10,,,1
63301,'8',1510,,1199350,10,,,1
63301,'9',1510,,1199351,10,,,1
