7001,'1',448,,1160896,19,,,1,63,,1160888,19,,,1,100,,1160891,19,,,1,15,,1160898,19,,,1,13,,1160892,19,,,1,16,,1103524,19,,,1,57,,1160877,19,,,1,15,,1160870,19,,,1,15,,1085561,19,,,1,15,,1160875,19,,,1,55,,1160907,19,,,1,15,,1160886,19,,,1,15,,1160906,19,,,1,15,,1160910,19,,,1,55,,1160873,19,,,1,29,,1160884,19,,,1,70,,1160908,19,,,1,30,,1160879,19,,,1,70,,1160903,19,,,1,30,,1160871,19,,,1,70,,1160901,19,,,1,30,,1160899,19,,,1,70,,1160909,19,,,1,30,,1160887,19,,,1,72,,1160883,19,,,1,30,,1160885,19,,,1,70,,1160882,19,,,1,30,,1160874,19,,,1,16,,1160872,19,,,1,54,,1160876,19,,,1,16,,1160895,19,,,1,14,,1160904,19,,,1,15,,965862,19,,,1,55,,998760,19,,,1,15,,1160911,19,,,1,15,,1160893,19,,,1,14,,1160897,19,,,1,55,,1160905,19,,,1,15,,1160900,19,,,1,15,,1160902,19,,,1,70,,1160881,19,,,1,30,,875531,19,,,1,70,,1160890,19,,,1,29,,1160894,19,,,1,70,,1160889,19,,,1,30,,1160878,19,,,1,70,,1000722,19,,,1,98,,947837,19,,,1
7001,'10',448,,1160938,19,,,1,63,,1160930,19,,,1,100,,1160933,19,,,1,15,,1160940,19,,,1,13,,1160934,19,,,1,16,,1103521,19,,,1,57,,1160919,19,,,1,15,,1160912,19,,,1,15,,1085304,19,,,1,15,,1160917,19,,,1,55,,1160949,19,,,1,15,,1160928,19,,,1,15,,1160948,19,,,1,15,,1160952,19,,,1,55,,1160915,19,,,1,29,,1160926,19,,,1,70,,1160950,19,,,1,30,,1160921,19,,,1,70,,1160945,19,,,1,30,,1160913,19,,,1,70,,1160943,19,,,1,30,,1160941,19,,,1,70,,1160951,19,,,1,30,,1160929,19,,,1,72,,1160925,19,,,1,30,,1160927,19,,,1,70,,1160924,19,,,1,30,,1160916,19,,,1,16,,1160914,19,,,1,54,,1160918,19,,,1,16,,1160937,19,,,1,14,,1160946,19,,,1,15,,965584,19,,,1,55,,998839,19,,,1,15,,1160953,19,,,1,15,,1160935,19,,,1,14,,1160939,19,,,1,55,,1160947,19,,,1,15,,1160942,19,,,1,15,,1160944,19,,,1,70,,1160923,19,,,1,30,,875539,19,,,1,70,,1160932,19,,,1,29,,1160936,19,,,1,70,,1160931,19,,,1,30,,1160920,19,,,1,70,,1000870,19,,,1,98,,947619,19,,,1
7001,'11',448,,1160980,19,,,1,63,,1160972,19,,,1,100,,1160975,19,,,1,15,,1160982,19,,,1,13,,1160976,19,,,1,16,,1103525,19,,,1,57,,1160961,19,,,1,15,,1160954,19,,,1,15,,1085641,19,,,1,15,,1160959,19,,,1,55,,1160991,19,,,1,15,,1160970,19,,,1,15,,1160990,19,,,1,15,,1160994,19,,,1,55,,1160957,19,,,1,29,,1160968,19,,,1,70,,1160992,19,,,1,30,,1160963,19,,,1,70,,1160987,19,,,1,30,,1160955,19,,,1,70,,1160985,19,,,1,30,,1160983,19,,,1,70,,1160993,19,,,1,30,,1160971,19,,,1,72,,1160967,19,,,1,30,,1160969,19,,,1,70,,1160966,19,,,1,30,,1160958,19,,,1,16,,1160956,19,,,1,54,,1160960,19,,,1,16,,1160979,19,,,1,14,,1160988,19,,,1,15,,965820,19,,,1,55,,998738,19,,,1,15,,1160995,19,,,1,15,,1160977,19,,,1,14,,1160981,19,,,1,55,,1160989,19,,,1,15,,1160984,19,,,1,15,,1160986,19,,,1,70,,1160965,19,,,1,30,,875515,19,,,1,70,,1160974,19,,,1,29,,1160978,19,,,1,70,,1160973,19,,,1,30,,1160962,19,,,1,70,,1000680,19,,,1,98,,947796,19,,,1
7001,'12',448,,1161023,19,,,1,63,,1161014,19,,,1,100,,1161017,19,,,1,15,,1161001,19,,,1,13,,1161010,19,,,1,16,,1161018,19,,,1,57,,1161000,19,,,1,15,,1161028,19,,,1,15,,1161019,19,,,1,15,,1160996,19,,,1,55,,1161015,19,,,1,15,,1160998,19,,,1,15,,1022671,19,,,1,15,,1161033,19,,,1,55,,1161022,19,,,1,29,,1161013,19,,,1,70,,1161006,19,,,1,30,,1161029,19,,,1,70,,1161036,19,,,1,30,,1160997,19,,,1,70,,1161034,19,,,1,30,,1161027,19,,,1,70,,1161031,19,,,1,30,,1161012,19,,,1,72,,1161039,19,,,1,30,,1161020,19,,,1,70,,1048182,19,,,1,30,,1161021,19,,,1,16,,1161008,19,,,1,54,,1161009,19,,,1,16,,1161026,19,,,1,14,,1161005,19,,,1,15,,1161004,19,,,1,55,,1161024,19,,,1,15,,1161025,19,,,1,15,,1013165,19,,,1,14,,1161030,19,,,1,55,,1161037,19,,,1,15,,1161003,19,,,1,15,,1160999,19,,,1,70,,1161016,19,,,1,30,,1161032,19,,,1,70,,1161035,19,,,1,29,,1161007,19,,,1,70,,1033495,19,,,1,30,,1161038,19,,,1,70,,1161002,19,,,1,98,,1161011,19,,,1
7001,'13',440,,1083823,19,,,1,70,,1069746,19,,,1,100,,1161066,19,0,64 139,1,30,,1161060,19,0,64 139,1,65,,1161059,19,,,1,30,,1161049,19,,,1,100,,1161058,19,,,1,100,,1161042,19,,,1,100,,1161053,19,,,1,70,,1085870,19,,,1,30,,1161056,19,,,1,70,,1161047,19,,,1,30,,1161063,19,,,1,70,,1161048,19,,,1,30,,1161068,19,,,1,70,,1161046,19,,,1,30,,1161041,19,,,1,70,,1161055,19,,,1,30,,1161050,19,,,1,70,,1161043,19,,,1,30,,1161044,19,,,1,70,,1161062,19,,,1,30,,1161052,19,,,1,70,,1161051,19,,,1,30,,1161045,19,,,1,70,,1161061,19,,,1,30,,1161040,19,,,1,70,,1161067,19,,,1,100,,1161057,19,,,1,100,,1161065,19,,,1,100,,1161064,19,,,1,105,,1161054,19,,,1
7001,'14',448,,1161099,19,,,1,63,,1161091,19,,,1,100,,1161094,19,,,1,15,,1161101,19,,,1,13,,1161095,19,,,1,16,,1161070,19,,,1,57,,1161079,19,,,1,15,,1161072,19,,,1,15,,1161069,19,,,1,15,,1161077,19,,,1,55,,1161110,19,,,1,15,,1161089,19,,,1,15,,1161109,19,,,1,15,,1161113,19,,,1,55,,1161075,19,,,1,29,,1161086,19,,,1,70,,1161111,19,,,1,30,,1161081,19,,,1,70,,1161106,19,,,1,30,,1161073,19,,,1,70,,1161104,19,,,1,30,,1161102,19,,,1,70,,1161112,19,,,1,30,,1161090,19,,,1,72,,1161085,19,,,1,30,,1161088,19,,,1,70,,1161084,19,,,1,30,,1161076,19,,,1,16,,1161074,19,,,1,54,,1161078,19,,,1,16,,1161098,19,,,1,14,,1161107,19,,,1,15,,1161087,19,,,1,55,,1161117,19,,,1,15,,1161116,19,,,1,15,,1161096,19,,,1,14,,1161100,19,,,1,55,,1161108,19,,,1,15,,1161103,19,,,1,15,,1161105,19,,,1,70,,1161083,19,,,1,30,,1161114,19,,,1,70,,1161093,19,,,1,29,,1161097,19,,,1,70,,1161092,19,,,1,30,,1161080,19,,,1,70,,1161115,19,,,1,98,,1161071,19,,,1
7001,'15',448,,1161148,19,,,1,63,,1161142,19,,,1,100,,1161129,19,,,1,15,,1161125,19,,,1,13,,1161126,19,,,1,16,,1161143,19,,,1,57,,1161119,19,,,1,15,,1161139,19,,,1,15,,1161149,19,,,1,15,,1161162,19,,,1,55,,1161165,19,,,1,15,,1161146,19,,,1,15,,1161121,19,,,1,15,,1161136,19,,,1,55,,1161120,19,,,1,29,,1161160,19,,,1,70,,1161155,19,,,1,30,,1161144,19,,,1,70,,1161159,19,,,1,30,,1161141,19,,,1,70,,1161127,19,,,1,30,,1161130,19,,,1,70,,1161164,19,,,1,30,,1161151,19,,,1,72,,1161134,19,,,1,30,,1161163,19,,,1,70,,1161140,19,,,1,30,,1161138,19,,,1,16,,1161132,19,,,1,54,,1161147,19,,,1,16,,1161123,19,,,1,14,,1161156,19,,,1,15,,1161124,19,,,1,55,,1161131,19,,,1,15,,1161166,19,,,1,15,,1161118,19,,,1,14,,1161158,19,,,1,55,,1161161,19,,,1,15,,1161137,19,,,1,15,,1161145,19,,,1,70,,1161153,19,,,1,30,,1161152,19,,,1,70,,1161122,19,,,1,29,,1161133,19,,,1,70,,1161150,19,,,1,30,,1161157,19,,,1,70,,1161128,19,,,1,98,,1161135,19,,,1
7001,'16',448,,1161192,19,,,1,63,,1161183,19,,,1,100,,1161186,19,,,1,15,,1065489,19,,,1,13,,1161179,19,,,1,16,,1161187,19,,,1,57,,1161170,19,,,1,15,,1161197,19,,,1,15,,1161188,19,,,1,15,,1074539,19,,,1,55,,1161184,19,,,1,15,,1161169,19,,,1,15,,1161207,19,,,1,15,,1161202,19,,,1,55,,1161191,19,,,1,29,,1161182,19,,,1,70,,1161175,19,,,1,30,,1161198,19,,,1,70,,1013546,19,,,1,30,,1065484,19,,,1,70,,1161203,19,,,1,30,,1161196,19,,,1,70,,1161200,19,,,1,30,,1161181,19,,,1,72,,1161209,19,,,1,30,,1161189,19,,,1,70,,1161205,19,,,1,30,,1161190,19,,,1,16,,1161177,19,,,1,54,,1161178,19,,,1,16,,1161195,19,,,1,14,,1161174,19,,,1,15,,1161173,19,,,1,55,,1161193,19,,,1,15,,1161194,19,,,1,15,,1161171,19,,,1,14,,1161199,19,,,1,55,,1161206,19,,,1,15,,1064714,19,,,1,15,,1039522,19,,,1,70,,1161185,19,,,1,30,,1161201,19,,,1,70,,1161204,19,,,1,29,,1161176,19,,,1,70,,1161167,19,,,1,30,,1161208,19,,,1,70,,1161172,19,,,1,98,,1161180,19,,,1
7001,'17',440,,1161237,19,,,1,70,,1161214,19,,,1,100,,1161239,19,0,64 139,1,30,,1161232,19,0,64 139,1,65,,1161231,19,,,1,30,,1161221,19,,,1,100,,1161230,19,,,1,100,,1161212,19,,,1,100,,1161225,19,,,1,70,,1161213,19,,,1,30,,1161228,19,,,1,70,,1161219,19,,,1,30,,1161235,19,,,1,70,,1161220,19,,,1,30,,1161241,19,,,1,70,,1161218,19,,,1,30,,1161211,19,,,1,70,,1161227,19,,,1,30,,1161222,19,,,1,70,,1161215,19,,,1,30,,1161216,19,,,1,70,,1161234,19,,,1,30,,1161224,19,,,1,70,,1161223,19,,,1,30,,1161217,19,,,1,70,,1161233,19,,,1,30,,1161210,19,,,1,70,,1161240,19,,,1,100,,1161229,19,,,1,100,,1161238,19,,,1,100,,1161236,19,,,1,105,,1161226,19,,,1
7001,'2',447,,1161251,19,,,1,70,,1161242,19,,,1,136,,1161255,19,,,1,65,,1161247,19,,,1,30,,1161243,19,,,1,100,,1161259,19,,,1,100,,1161261,19,,,1,100,,1081194,19,,,1,70,,1161267,19,,,1,30,,1161268,19,,,1,70,,1161265,19,,,1,30,,1161264,19,,,1,70,,1161260,19,,,1,30,,1161245,19,,,1,70,,1161257,19,,,1,30,,1161266,19,,,1,70,,1161258,19,,,1,30,,1161244,19,,,1,70,,1161269,19,,,1,30,,1161262,19,,,1,70,,1161248,19,,,1,30,,1161253,19,,,1,70,,1161270,19,,,1,30,,1161250,19,,,1,70,,1161249,19,,,1,30,,1161252,19,,,1,70,,1161271,19,,,1,30,,1161254,19,,,1,70,,1161256,19,,,1,30,,1161263,19,,,1,97,,1049619,19,,,1,103,,1161272,19,,,1,100,,1161246,19,,,1
7001,'3',440,,1161300,19,,,1,70,,1161277,19,,,1,100,,1161302,19,0,64 139,1,30,,1161295,19,0,64 139,1,65,,1161294,19,,,1,30,,1161284,19,,,1,100,,1161293,19,,,1,100,,1161275,19,,,1,100,,1161288,19,,,1,70,,1161276,19,,,1,30,,1161291,19,,,1,70,,1161282,19,,,1,30,,1161298,19,,,1,70,,1161283,19,,,1,30,,1161304,19,,,1,70,,1161281,19,,,1,30,,1161274,19,,,1,70,,1161290,19,,,1,30,,1161285,19,,,1,70,,1161278,19,,,1,30,,1161279,19,,,1,70,,1161297,19,,,1,30,,1161287,19,,,1,70,,1161286,19,,,1,30,,1161280,19,,,1,70,,1161296,19,,,1,30,,1161273,19,,,1,70,,1161303,19,,,1,100,,1161292,19,,,1,100,,1161301,19,,,1,100,,1161299,19,,,1,105,,1161289,19,,,1
7001,'4',440,,1161323,19,,,1,70,,1161325,19,,,1,100,,1161312,19,0,64 139,1,30,,1161328,19,0,64 139,1,65,,1161307,19,,,1,30,,1161308,19,,,1,100,,1161331,19,,,1,100,,1161322,19,,,1,100,,1161324,19,,,1,70,,1161306,19,,,1,30,,1161313,19,,,1,70,,1161315,19,,,1,30,,1161329,19,,,1,70,,1161309,19,,,1,30,,1161310,19,,,1,70,,1161317,19,,,1,30,,1161321,19,,,1,70,,1161332,19,,,1,30,,1161319,19,,,1,70,,1073183,19,,,1,30,,1161334,19,,,1,70,,1161327,19,,,1,30,,1161316,19,,,1,70,,1161314,19,,,1,30,,1161333,19,,,1,70,,1161311,19,,,1,30,,1161326,19,,,1,70,,1161318,19,,,1,100,,1058899,19,,,1,100,,1161320,19,,,1,100,,1161305,19,,,1,105,,1161330,19,,,1
7001,'5',448,,1161361,19,,,1,63,,1161353,19,,,1,100,,1161356,19,,,1,15,,1161363,19,,,1,13,,1161357,19,,,1,16,,1103523,19,,,1,57,,1161342,19,,,1,15,,1161335,19,,,1,15,,1085517,19,,,1,15,,1161340,19,,,1,55,,1161372,19,,,1,15,,1161351,19,,,1,15,,1161371,19,,,1,15,,1161375,19,,,1,55,,1161338,19,,,1,29,,1161349,19,,,1,70,,1161373,19,,,1,30,,1161344,19,,,1,70,,1161368,19,,,1,30,,1161336,19,,,1,70,,1161366,19,,,1,30,,1161364,19,,,1,70,,1161374,19,,,1,30,,1161352,19,,,1,72,,1161348,19,,,1,30,,1161350,19,,,1,70,,1161347,19,,,1,30,,1161339,19,,,1,16,,1161337,19,,,1,54,,1161341,19,,,1,16,,1161360,19,,,1,14,,1161369,19,,,1,15,,965995,19,,,1,55,,998606,19,,,1,15,,1161376,19,,,1,15,,1161358,19,,,1,14,,1161362,19,,,1,55,,1161370,19,,,1,15,,1161365,19,,,1,15,,1161367,19,,,1,70,,1161346,19,,,1,30,,875563,19,,,1,70,,1161355,19,,,1,29,,1161359,19,,,1,70,,1161354,19,,,1,30,,1161343,19,,,1,70,,1000474,19,,,1,98,,947965,19,,,1
7001,'6',448,,1161401,19,,,1,63,,1161393,19,,,1,100,,1161395,19,,,1,15,,1161382,19,,,1,13,,1161389,19,,,1,16,,1161396,19,,,1,57,,1066624,19,,,1,15,,1161406,19,,,1,15,,1161397,19,,,1,15,,1161378,19,,,1,55,,1070385,19,,,1,15,,1091972,19,,,1,15,,1161415,19,,,1,15,,1161411,19,,,1,55,,1161400,19,,,1,29,,1161392,19,,,1,70,,1018279,19,,,1,30,,1161407,19,,,1,70,,1161414,19,,,1,30,,1161380,19,,,1,70,,997216,19,,,1,30,,1161405,19,,,1,70,,1161409,19,,,1,30,,1161391,19,,,1,72,,1078859,19,,,1,30,,1161398,19,,,1,70,,1161413,19,,,1,30,,1161399,19,,,1,16,,1161387,19,,,1,54,,1161388,19,,,1,16,,1161404,19,,,1,14,,1089611,19,,,1,15,,1161385,19,,,1,55,,1161402,19,,,1,15,,1161403,19,,,1,15,,1161383,19,,,1,14,,1161408,19,,,1,55,,954553,19,,,1,15,,1161384,19,,,1,15,,1161381,19,,,1,70,,1161394,19,,,1,30,,1161410,19,,,1,70,,1161412,19,,,1,29,,1161386,19,,,1,70,,1161377,19,,,1,30,,1094682,19,,,1,70,,1077546,19,,,1,98,,1161390,19,,,1
7001,'7',447,,1161426,19,,,1,70,,1161421,19,,,1,136,,1161420,19,,,1,65,,1161417,19,,,1,30,,1161446,19,,,1,100,,1161429,19,,,1,100,,1161438,19,,,1,100,,1161444,19,,,1,70,,1161442,19,,,1,30,,1161419,19,,,1,70,,1161447,19,,,1,30,,1161445,19,,,1,70,,1161437,19,,,1,30,,1161431,19,,,1,70,,1161416,19,,,1,30,,1161422,19,,,1,70,,1161434,19,,,1,30,,1161430,19,,,1,70,,1161439,19,,,1,30,,1161436,19,,,1,70,,1161425,19,,,1,30,,1161441,19,,,1,70,,1161427,19,,,1,30,,1161428,19,,,1,70,,1161435,19,,,1,30,,1161424,19,,,1,70,,1161443,19,,,1,30,,1161432,19,,,1,70,,1161448,19,,,1,30,,1161418,19,,,1,97,,1161423,19,,,1,103,,1161440,19,,,1,100,,1161433,19,,,1
7001,'8',448,,1161479,19,,,1,63,,1161470,19,,,1,100,,1161473,19,,,1,15,,1161456,19,,,1,13,,1161466,19,,,1,16,,1161474,19,,,1,57,,1161455,19,,,1,15,,1161484,19,,,1,15,,1161475,19,,,1,15,,1161450,19,,,1,55,,1161471,19,,,1,15,,1161453,19,,,1,15,,1161495,19,,,1,15,,1161489,19,,,1,55,,1161478,19,,,1,29,,1161469,19,,,1,70,,1161462,19,,,1,30,,1161485,19,,,1,70,,1161493,19,,,1,30,,1161452,19,,,1,70,,1161490,19,,,1,30,,1161483,19,,,1,70,,1161487,19,,,1,30,,1161468,19,,,1,72,,1161497,19,,,1,30,,1161476,19,,,1,70,,1161492,19,,,1,30,,1161477,19,,,1,16,,1161464,19,,,1,54,,1161465,19,,,1,16,,1161482,19,,,1,14,,1161461,19,,,1,15,,1161460,19,,,1,55,,1161480,19,,,1,15,,1161481,19,,,1,15,,1161457,19,,,1,14,,1161486,19,,,1,55,,1161494,19,,,1,15,,1161459,19,,,1,15,,1161454,19,,,1,70,,1161472,19,,,1,30,,1161488,19,,,1,70,,1161491,19,,,1,29,,1161463,19,,,1,70,,1161449,19,,,1,30,,1161496,19,,,1,70,,1161458,19,,,1,98,,1161467,19,,,1
7001,'9',448,,1161524,19,,,1,63,,1161516,19,,,1,100,,1161519,19,,,1,15,,1161526,19,,,1,13,,1161520,19,,,1,16,,1103522,19,,,1,57,,1161505,19,,,1,15,,1161498,19,,,1,15,,1085386,19,,,1,15,,1161503,19,,,1,55,,1161535,19,,,1,15,,1161514,19,,,1,15,,1161534,19,,,1,15,,1161538,19,,,1,55,,1161501,19,,,1,29,,1161512,19,,,1,70,,1161536,19,,,1,30,,1161507,19,,,1,70,,1161531,19,,,1,30,,1161499,19,,,1,70,,1161529,19,,,1,30,,1161527,19,,,1,70,,1161537,19,,,1,30,,1161515,19,,,1,72,,1161511,19,,,1,30,,1161513,19,,,1,70,,1161510,19,,,1,30,,1161502,19,,,1,16,,1161500,19,,,1,54,,1161504,19,,,1,16,,1161523,19,,,1,14,,1161532,19,,,1,15,,965953,19,,,1,55,,998782,19,,,1,15,,1161539,19,,,1,15,,1161521,19,,,1,14,,1161525,19,,,1,55,,1161533,19,,,1,15,,1161528,19,,,1,15,,1161530,19,,,1,70,,1161509,19,,,1,30,,875547,19,,,1,70,,1161518,19,,,1,29,,1161522,19,,,1,70,,1161517,19,,,1,30,,1161506,19,,,1,70,,1000764,19,,,1,98,,947923,19,,,1
11001,'1',445,,1185032,2,,,1,70,,1185038,2,,,1,95,,1185035,73,0,35,1,38,,1185058,73,0,35,1,70,,1185047,73,0,35,1,30,,1185051,73,0,35,1,70,,1185040,73,0,35,1,35,,1185053,73,0,35,1,68,,1185044,73,0,35,1,30,,1185039,73,0,35,1,66,,1185056,73,0,35,1,29,,1185061,73,0,35,1,70,,1063087,73,0,35,1,34,,1185048,73,0,35,1,70,,1185037,73,0,35,1,30,,1185059,73,0,35,1,68,,1185054,73,0,35,1,30,,1185049,73,0,35,1,69,,1185034,73,0,35,1,30,,1036958,73,0,35,1,70,,1185033,73,0,35,1,30,,1185052,73,0,35,1,78,,1185031,73,0,35,1,76,,1185046,73,0,35,1,33,,1185060,73,0,35,1,25,,1185041,73,0,35,1,70,,1185050,73,0,35,1,27,,1185057,73,0,35,1,65,,1185042,73,0,35,1,25,,1185043,73,0,35,1,61,,1185036,73,0,35,1,30,,1185055,73,0,35,1,70,,1185045,73,0,35,1
11001,'10',445,,1185063,2,,,1,70,,1185069,2,,,1,95,,1185066,73,0,35,1,38,,1185089,73,0,35,1,70,,1185078,73,0,35,1,30,,1185082,73,0,35,1,70,,1185071,73,0,35,1,35,,1185084,73,0,35,1,68,,1185075,73,0,35,1,30,,1185070,73,0,35,1,66,,1185087,73,0,35,1,29,,1185092,73,0,35,1,70,,1062745,73,0,35,1,34,,1185079,73,0,35,1,70,,1185068,73,0,35,1,30,,1185090,73,0,35,1,68,,1185085,73,0,35,1,30,,1185080,73,0,35,1,69,,1185065,73,0,35,1,30,,1037188,73,0,35,1,70,,1185064,73,0,35,1,30,,1185083,73,0,35,1,78,,1185062,73,0,35,1,76,,1185077,73,0,35,1,33,,1185091,73,0,35,1,25,,1185072,73,0,35,1,70,,1185081,73,0,35,1,27,,1185088,73,0,35,1,65,,1185073,73,0,35,1,25,,1185074,73,0,35,1,61,,1185067,73,0,35,1,30,,1185086,73,0,35,1,70,,1185076,73,0,35,1
11001,'11',445,,1185094,2,,,1,70,,1185100,2,,,1,95,,1185097,73,0,35,1,38,,1185120,73,0,35,1,70,,1185109,73,0,35,1,30,,1185113,73,0,35,1,70,,1185102,73,0,35,1,35,,1185115,73,0,35,1,68,,1185106,73,0,35,1,30,,1185101,73,0,35,1,66,,1185118,73,0,35,1,29,,1185123,73,0,35,1,70,,1063188,73,0,35,1,34,,1185110,73,0,35,1,70,,1185099,73,0,35,1,30,,1185121,73,0,35,1,68,,1185116,73,0,35,1,30,,1185111,73,0,35,1,69,,1185096,73,0,35,1,30,,1036891,73,0,35,1,70,,1185095,73,0,35,1,30,,1185114,73,0,35,1,78,,1185093,73,0,35,1,76,,1185108,73,0,35,1,33,,1185122,73,0,35,1,25,,1185103,73,0,35,1,70,,1185112,73,0,35,1,27,,1185119,73,0,35,1,65,,1185104,73,0,35,1,25,,1185105,73,0,35,1,61,,1185098,73,0,35,1,30,,1185117,73,0,35,1,70,,1185107,73,0,35,1
11001,'12',445,,1185148,2,,,1,70,,1185151,2,,,1,95,,936978,73,0,35,1,38,,1185127,73,0,35,1,70,,1185128,73,0,35,1,30,,1185125,73,0,35,1,70,,1185153,73,0,35,1,35,,1185143,73,0,35,1,68,,1185134,73,0,35,1,30,,1185150,73,0,35,1,66,,1185145,73,0,35,1,29,,1185137,73,0,35,1,70,,1185140,73,0,35,1,34,,1185147,73,0,35,1,70,,1185146,73,0,35,1,30,,1100693,73,0,35,1,68,,1185136,73,0,35,1,30,,1185152,73,0,35,1,69,,1185149,73,0,35,1,30,,1185135,73,0,35,1,70,,1185126,73,0,35,1,30,,1185131,73,0,35,1,78,,1185133,73,0,35,1,76,,1185132,73,0,35,1,33,,1185141,73,0,35,1,25,,1185129,73,0,35,1,70,,1185144,73,0,35,1,27,,1185142,73,0,35,1,65,,1185124,73,0,35,1,25,,1185138,73,0,35,1,61,,1185130,73,0,35,1,30,,1185139,73,0,35,1,70,,1094066,73,0,35,1
11001,'13',444,,1185157,2,0,41,1,70,,1185154,2,0,41,1,130,,1185158,74,0,35,1,70,,1185156,74,0,35,1,1032,,1185155,74,0,35,1,70,,1185159,74,0,35,1
11001,'14',445,,1185162,2,,,1,70,,1185169,2,,,1,95,,1185166,73,0,35,1,38,,1185189,73,0,35,1,70,,1185178,73,0,35,1,30,,1185182,73,0,35,1,70,,1185171,73,0,35,1,35,,1185184,73,0,35,1,68,,1185175,73,0,35,1,30,,1185170,73,0,35,1,66,,1185187,73,0,35,1,29,,1185192,73,0,35,1,70,,1185160,73,0,35,1,34,,1185179,73,0,35,1,70,,1185168,73,0,35,1,30,,1185190,73,0,35,1,68,,1185185,73,0,35,1,30,,1185180,73,0,35,1,69,,1185164,73,0,35,1,30,,1185165,73,0,35,1,70,,1185163,73,0,35,1,30,,1185183,73,0,35,1,78,,1185161,73,0,35,1,76,,1185177,73,0,35,1,33,,1185191,73,0,35,1,25,,1185172,73,0,35,1,70,,1185181,73,0,35,1,27,,1185188,73,0,35,1,65,,1185173,73,0,35,1,25,,1185174,73,0,35,1,61,,1185167,73,0,35,1,30,,1185186,73,0,35,1,70,,1185176,73,0,35,1
11001,'15',445,,1185203,2,,,1,70,,1185208,2,,,1,95,,1185218,73,0,35,1,38,,1185225,73,0,35,1,70,,1185207,73,0,35,1,30,,1185195,73,0,35,1,70,,1185200,73,0,35,1,35,,1185209,73,0,35,1,68,,1185194,73,0,35,1,30,,1185196,73,0,35,1,66,,1185212,73,0,35,1,29,,1185199,73,0,35,1,70,,1185205,73,0,35,1,34,,1185223,73,0,35,1,70,,1185215,73,0,35,1,30,,1185214,73,0,35,1,68,,1185211,73,0,35,1,30,,1185201,73,0,35,1,69,,1185197,73,0,35,1,30,,1185202,73,0,35,1,70,,1185217,73,0,35,1,30,,1185224,73,0,35,1,78,,1185204,73,0,35,1,76,,1185210,73,0,35,1,33,,1185216,73,0,35,1,25,,1185206,73,0,35,1,70,,1185213,73,0,35,1,27,,1185219,73,0,35,1,65,,1185193,73,0,35,1,25,,1185222,73,0,35,1,61,,1185220,73,0,35,1,30,,1185198,73,0,35,1,70,,1185221,73,0,35,1
11001,'16',445,,1185251,2,,,1,70,,1185254,2,,,1,95,,1185256,73,0,35,1,38,,1083917,73,0,35,1,70,,1185231,73,0,35,1,30,,1185228,73,0,35,1,70,,894323,73,0,35,1,35,,1185246,73,0,35,1,68,,1185237,73,0,35,1,30,,1185253,73,0,35,1,66,,1185248,73,0,35,1,29,,1185240,73,0,35,1,70,,1185243,73,0,35,1,34,,1185250,73,0,35,1,70,,1185249,73,0,35,1,30,,1185230,73,0,35,1,68,,1185239,73,0,35,1,30,,1185255,73,0,35,1,69,,1185252,73,0,35,1,30,,1185238,73,0,35,1,70,,1185229,73,0,35,1,30,,1185234,73,0,35,1,78,,1185236,73,0,35,1,76,,1185235,73,0,35,1,33,,1185244,73,0,35,1,25,,1185232,73,0,35,1,70,,1185247,73,0,35,1,27,,1185245,73,0,35,1,65,,1185227,73,0,35,1,25,,1185241,73,0,35,1,61,,1185233,73,0,35,1,30,,1185242,73,0,35,1,70,,1185226,73,0,35,1
11001,'17',444,,1185260,2,0,41,1,70,,1185257,2,0,41,1,130,,1185261,74,0,35,1,70,,1185259,74,0,35,1,1032,,1185258,74,0,35,1,70,,1185262,74,0,35,1
11001,'2',444,,1185263,2,,,1,70,,1185264,2,,,1,130,,1185265,74,0,35,1,70,,1185268,74,0,35,1,1032,,1185266,74,0,35,1,70,,1185267,74,0,35,1
11001,'3',444,,1185272,2,0,41,1,70,,1185269,2,0,41,1,130,,1185273,74,0,35,1,70,,1185271,74,0,35,1,1032,,1185270,74,0,35,1,70,,1185274,74,0,35,1
11001,'4',444,,1185276,2,0,41,1,70,,1185280,2,0,41,1,130,,1185277,74,0,35,1,70,,1185279,74,0,35,1,1032,,1185278,74,0,35,1,70,,1185275,74,0,35,1
11001,'5',445,,1185282,2,,,1,70,,1185288,2,,,1,95,,1185285,73,0,35,1,38,,1185308,73,0,35,1,70,,1185297,73,0,35,1,30,,1185301,73,0,35,1,70,,1185290,73,0,35,1,35,,1185303,73,0,35,1,68,,1185294,73,0,35,1,30,,1185289,73,0,35,1,66,,1185306,73,0,35,1,29,,1185311,73,0,35,1,70,,1063033,73,0,35,1,34,,1185298,73,0,35,1,70,,1185287,73,0,35,1,30,,1185309,73,0,35,1,68,,1185304,73,0,35,1,30,,1185299,73,0,35,1,69,,1185284,73,0,35,1,30,,1036543,73,0,35,1,70,,1185283,73,0,35,1,30,,1185302,73,0,35,1,78,,1185281,73,0,35,1,76,,1185296,73,0,35,1,33,,1185310,73,0,35,1,25,,1185291,73,0,35,1,70,,1185300,73,0,35,1,27,,1185307,73,0,35,1,65,,1185292,73,0,35,1,25,,1185293,73,0,35,1,61,,1185286,73,0,35,1,30,,1185305,73,0,35,1,70,,1185295,73,0,35,1
11001,'6',445,,1185330,2,,,1,70,,1185332,2,,,1,95,,1185333,73,0,35,1,38,,1185314,73,0,35,1,70,,1086771,73,0,35,1,30,,1043192,73,0,35,1,70,,1185334,73,0,35,1,35,,1185325,73,0,35,1,68,,1185318,73,0,35,1,30,,1080836,73,0,35,1,66,,1185327,73,0,35,1,29,,1185320,73,0,35,1,70,,1185323,73,0,35,1,34,,1185329,73,0,35,1,70,,1185328,73,0,35,1,30,,1185313,73,0,35,1,68,,1060066,73,0,35,1,30,,1070393,73,0,35,1,69,,1185331,73,0,35,1,30,,1185319,73,0,35,1,70,,947726,73,0,35,1,30,,1185315,73,0,35,1,78,,1185317,73,0,35,1,76,,1185316,73,0,35,1,33,,1101477,73,0,35,1,25,,1102787,73,0,35,1,70,,1185326,73,0,35,1,27,,1185324,73,0,35,1,65,,1026581,73,0,35,1,25,,1185321,73,0,35,1,61,,1085083,73,0,35,1,30,,1185322,73,0,35,1,70,,1185312,73,0,35,1
11001,'7',444,,1185337,2,,,1,70,,1185340,2,,,1,130,,1185339,74,0,35,1,70,,1185336,74,0,35,1,1032,,1185335,74,0,35,1,70,,1185338,74,0,35,1
11001,'8',445,,1185367,2,,,1,70,,1185370,2,,,1,95,,1185372,73,0,35,1,38,,1185346,73,0,35,1,70,,1185347,73,0,35,1,30,,1185343,73,0,35,1,70,,1185373,73,0,35,1,35,,1185362,73,0,35,1,68,,1185353,73,0,35,1,30,,1185369,73,0,35,1,66,,1185364,73,0,35,1,29,,1185356,73,0,35,1,70,,1185359,73,0,35,1,34,,1185366,73,0,35,1,70,,1185365,73,0,35,1,30,,1185345,73,0,35,1,68,,1185355,73,0,35,1,30,,1185371,73,0,35,1,69,,1185368,73,0,35,1,30,,1185354,73,0,35,1,70,,1185344,73,0,35,1,30,,1185350,73,0,35,1,78,,1185352,73,0,35,1,76,,1185351,73,0,35,1,33,,1185360,73,0,35,1,25,,1185348,73,0,35,1,70,,1185363,73,0,35,1,27,,1185361,73,0,35,1,65,,1185342,73,0,35,1,25,,1185357,73,0,35,1,61,,1185349,73,0,35,1,30,,1185358,73,0,35,1,70,,1185341,73,0,35,1
11001,'9',445,,1185375,2,,,1,70,,1185381,2,,,1,95,,1185378,73,0,35,1,38,,1185401,73,0,35,1,70,,1185390,73,0,35,1,30,,1185394,73,0,35,1,70,,1185383,73,0,35,1,35,,1185396,73,0,35,1,68,,1185387,73,0,35,1,30,,1185382,73,0,35,1,66,,1185399,73,0,35,1,29,,1185404,73,0,35,1,70,,1062857,73,0,35,1,34,,1185391,73,0,35,1,70,,1185380,73,0,35,1,30,,1185402,73,0,35,1,68,,1185397,73,0,35,1,30,,1185392,73,0,35,1,69,,1185377,73,0,35,1,30,,1037025,73,0,35,1,70,,1185376,73,0,35,1,30,,1185395,73,0,35,1,78,,1185374,73,0,35,1,76,,1185389,73,0,35,1,33,,1185403,73,0,35,1,25,,1185384,73,0,35,1,70,,1185393,73,0,35,1,27,,1185400,73,0,35,1,65,,1185385,73,0,35,1,25,,1185386,73,0,35,1,61,,1185379,73,0,35,1,30,,1185398,73,0,35,1,70,,1185388,73,0,35,1
17301,'1',446,,1066523,4,,,1,70,,1041557,4,,,1,24,,1194423,4,,,1,80,,1194420,4,,,1,32,,1008502,4,,,1,70,,1194413,4,,,1,30,,1083221,4,,,1,70,,1194430,4,,,1,31,,1194435,4,,,1,70,,1194440,4,,,1,30,,1194425,4,,,1,69,,1194428,4,,,1,30,,1194427,4,,,1,70,,1194410,4,,,1,30,,1194431,4,,,1,70,,1095194,4,,,1,30,,1194411,4,,,1,70,,1194432,4,,,1,30,,1194436,4,,,1,71,,1194416,4,,,1,28,,1194424,4,,,1,74,,1194419,4,,,1,30,,1194433,4,,,1,70,,1194418,4,,,1,30,,1194412,4,,,1,70,,1194439,4,,,1,30,,1194434,4,,,1,69,,1194421,4,,,1,29,,1194438,4,,,1,69,,1194422,4,,,1,30,,1194414,4,,,1,70,,1194415,4,,,1,30,,1194426,4,,,1,70,,1194429,4,,,1,29,,1194417,4,,,1,96,,1194437,4,,,1
17301,'10',446,,1066301,4,,,1,70,,1041680,4,,,1,24,,1194454,4,,,1,80,,1194451,4,,,1,32,,1008644,4,,,1,70,,1194444,4,,,1,30,,1082988,4,,,1,70,,1194461,4,,,1,31,,1194466,4,,,1,70,,1194471,4,,,1,30,,1194456,4,,,1,69,,1194459,4,,,1,30,,1194458,4,,,1,70,,1194441,4,,,1,30,,1194462,4,,,1,70,,1094948,4,,,1,30,,1194442,4,,,1,70,,1194463,4,,,1,30,,1194467,4,,,1,71,,1194447,4,,,1,28,,1194455,4,,,1,74,,1194450,4,,,1,30,,1194464,4,,,1,70,,1194449,4,,,1,30,,1194443,4,,,1,70,,1194470,4,,,1,30,,1194465,4,,,1,69,,1194452,4,,,1,29,,1194469,4,,,1,69,,1194453,4,,,1,30,,1194445,4,,,1,70,,1194446,4,,,1,30,,1194457,4,,,1,70,,1194460,4,,,1,29,,1194448,4,,,1,96,,1194468,4,,,1
17301,'11',446,,1066590,4,,,1,70,,1041520,4,,,1,24,,1194485,4,,,1,80,,1194482,4,,,1,32,,1008463,4,,,1,70,,1194475,4,,,1,30,,1083296,4,,,1,70,,1194492,4,,,1,31,,1194497,4,,,1,70,,1194502,4,,,1,30,,1194487,4,,,1,69,,1194490,4,,,1,30,,1194489,4,,,1,70,,1194472,4,,,1,30,,1194493,4,,,1,70,,1095268,4,,,1,30,,1194473,4,,,1,70,,1194494,4,,,1,30,,1194498,4,,,1,71,,1194478,4,,,1,28,,1194486,4,,,1,74,,1194481,4,,,1,30,,1194495,4,,,1,70,,1194480,4,,,1,30,,1194474,4,,,1,70,,1194501,4,,,1,30,,1194496,4,,,1,69,,1194483,4,,,1,29,,1194500,4,,,1,69,,1194484,4,,,1,30,,1194476,4,,,1,70,,1194477,4,,,1,30,,1194488,4,,,1,70,,1194491,4,,,1,29,,1194479,4,,,1,96,,1194499,4,,,1
17301,'12',446,,1194509,4,,,1,70,,1194512,4,,,1,24,,1070274,4,,,1,80,,1070266,4,,,1,32,,1194508,4,,,1,70,,1194515,4,,,1,30,,1194534,4,,,1,70,,1194524,4,,,1,31,,1194519,4,,,1,70,,1194505,4,,,1,30,,1194510,4,,,1,69,,1194529,4,,,1,30,,1194516,4,,,1,70,,1194527,4,,,1,30,,1194503,4,,,1,70,,1194507,4,,,1,30,,1194533,4,,,1,70,,1194535,4,,,1,30,,1194530,4,,,1,71,,1194531,4,,,1,28,,1194506,4,,,1,74,,1194521,4,,,1,30,,1194522,4,,,1,70,,1194525,4,,,1,30,,1194518,4,,,1,70,,1194523,4,,,1,30,,1194514,4,,,1,69,,1089145,4,,,1,29,,1194528,4,,,1,69,,1194532,4,,,1,30,,1194526,4,,,1,70,,1194511,4,,,1,30,,1194504,4,,,1,70,,1194517,4,,,1,29,,1194520,4,,,1,96,,1194513,4,,,1
17301,'13',445,,1194545,4,,,1,70,,1087933,4,,,1,200,,1194541,4,,,1,140,,1194557,4,,,1,100,,1194543,4,,,1,70,,1194536,4,,,1,30,,1098308,4,,,1,70,,1194556,4,,,1,30,,1194546,4,,,1,70,,1072067,4,,,1,30,,1194537,4,,,1,70,,1194544,4,,,1,30,,1194547,4,,,1,70,,1194549,4,,,1,30,,1194559,4,,,1,70,,1194551,4,,,1,30,,1194548,4,,,1,70,,1194550,4,,,1,30,,1194554,4,,,1,70,,1194540,4,,,1,30,,1194538,4,,,1,70,,1097721,4,,,1,30,,1194558,4,,,1,70,,1194555,4,,,1,30,,1194552,4,,,1,100,,1194553,4,,,1,100,,1194542,4,,,1,100,,1194539,4,,,1
17301,'14',446,,1194567,4,,,1,70,,1194593,4,,,1,24,,1194576,4,,,1,80,,1194573,4,,,1,32,,1194562,4,,,1,70,,1194564,4,,,1,30,,1194592,4,,,1,70,,1194583,4,,,1,31,,1194588,4,,,1,70,,1194595,4,,,1,30,,1194578,4,,,1,69,,1194581,4,,,1,30,,1194580,4,,,1,70,,1194560,4,,,1,30,,1194584,4,,,1,70,,1194566,4,,,1,30,,1194561,4,,,1,70,,1194585,4,,,1,30,,1194589,4,,,1,71,,1194569,4,,,1,28,,1194577,4,,,1,74,,1194572,4,,,1,30,,1194586,4,,,1,70,,1194571,4,,,1,30,,1194563,4,,,1,70,,1194594,4,,,1,30,,1194587,4,,,1,69,,1194574,4,,,1,29,,1194591,4,,,1,69,,1194575,4,,,1,30,,1194565,4,,,1,70,,1194568,4,,,1,30,,1194579,4,,,1,70,,1194582,4,,,1,29,,1194570,4,,,1,96,,1194590,4,,,1
17301,'15',446,,1194616,4,,,1,70,,1194600,4,,,1,24,,1194606,4,,,1,80,,1194620,4,,,1,32,,1194610,4,,,1,70,,1194619,4,,,1,30,,1194598,4,,,1,70,,1194614,4,,,1,31,,1194627,4,,,1,70,,1194624,4,,,1,30,,1194603,4,,,1,69,,1194611,4,,,1,30,,1194599,4,,,1,70,,1194596,4,,,1,30,,1194617,4,,,1,70,,1194622,4,,,1,30,,1194623,4,,,1,70,,1194630,4,,,1,30,,1194609,4,,,1,71,,1194621,4,,,1,28,,1194602,4,,,1,74,,1194628,4,,,1,30,,1194618,4,,,1,70,,1194605,4,,,1,30,,1194597,4,,,1,70,,1194615,4,,,1,30,,1194629,4,,,1,69,,1194608,4,,,1,29,,1194607,4,,,1,69,,1194604,4,,,1,30,,1194613,4,,,1,70,,1194612,4,,,1,30,,1194625,4,,,1,70,,1194631,4,,,1,29,,1194626,4,,,1,96,,1194601,4,,,1
17301,'16',446,,1063658,4,,,1,70,,1194640,4,,,1,24,,1194637,4,,,1,80,,1194633,4,,,1,32,,1194636,4,,,1,70,,1194643,4,,,1,30,,1194663,4,,,1,70,,1194652,4,,,1,31,,1194647,4,,,1,70,,1194634,4,,,1,30,,1194638,4,,,1,69,,1194657,4,,,1,30,,1194644,4,,,1,70,,1194655,4,,,1,30,,1101192,4,,,1,70,,1194635,4,,,1,30,,1194661,4,,,1,70,,1194664,4,,,1,30,,1194658,4,,,1,71,,1194659,4,,,1,28,,1079868,4,,,1,74,,1194649,4,,,1,30,,1194650,4,,,1,70,,1194653,4,,,1,30,,1194646,4,,,1,70,,1194651,4,,,1,30,,1194642,4,,,1,69,,1194662,4,,,1,29,,1194656,4,,,1,69,,1194660,4,,,1,30,,1194654,4,,,1,70,,1194639,4,,,1,30,,1194632,4,,,1,70,,1194645,4,,,1,29,,1194648,4,,,1,96,,1194641,4,,,1
17301,'17',445,,1194676,4,,,1,70,,1194689,4,,,1,200,,1194672,4,,,1,140,,1194688,4,,,1,100,,1194674,4,,,1,70,,1194665,4,,,1,30,,1194692,4,,,1,70,,1194687,4,,,1,30,,1194677,4,,,1,70,,1194669,4,,,1,30,,1194666,4,,,1,70,,1194675,4,,,1,30,,1194678,4,,,1,70,,1194680,4,,,1,30,,1194691,4,,,1,70,,1194682,4,,,1,30,,1194679,4,,,1,70,,1194681,4,,,1,30,,1194685,4,,,1,70,,1194671,4,,,1,30,,1194668,4,,,1,70,,1194667,4,,,1,30,,1194690,4,,,1,70,,1194686,4,,,1,30,,1194683,4,,,1,100,,1194684,4,,,1,100,,1194673,4,,,1,100,,1194670,4,,,1
17301,'2',440,,1194711,4,,,1,70,,1194707,4,,,1,205,,1194701,4,,,1,101,,1194708,4,,,1,33,,1194719,4,,,1,70,,1194696,4,,,1,30,,1194704,4,,,1,70,,1194709,4,,,1,30,,1086538,4,,,1,70,,1194702,4,,,1,30,,1194700,4,,,1,70,,1194715,4,,,1,30,,1194710,4,,,1,70,,1194695,4,,,1,30,,1194698,4,,,1,70,,1194712,4,,,1,30,,1194697,4,,,1,70,,1194714,4,,,1,30,,1194705,4,,,1,70,,953792,4,,,1,30,,1194717,4,,,1,70,,1194720,4,,,1,30,,1194721,4,,,1,70,,1194694,4,,,1,30,,1096572,4,,,1,70,,1194693,4,,,1,30,,1194703,4,,,1,70,,1194718,4,,,1,30,,1194699,4,,,1,70,,1064570,4,,,1,30,,1194713,4,,,1,100,,1194706,4,,,1,100,,1194716,4,,,1
17301,'3',445,,1194733,4,,,1,70,,1194746,4,,,1,200,,1194729,4,,,1,140,,1194745,4,,,1,100,,1194731,4,,,1,70,,1194722,4,,,1,30,,1194749,4,,,1,70,,1194744,4,,,1,30,,1194734,4,,,1,70,,1194726,4,,,1,30,,1194723,4,,,1,70,,1194732,4,,,1,30,,1194735,4,,,1,70,,1194737,4,,,1,30,,1194748,4,,,1,70,,1194739,4,,,1,30,,1194736,4,,,1,70,,1194738,4,,,1,30,,1194742,4,,,1,70,,1194728,4,,,1,30,,1194725,4,,,1,70,,1194724,4,,,1,30,,1194747,4,,,1,70,,1194743,4,,,1,30,,1194740,4,,,1,100,,1194741,4,,,1,100,,1194730,4,,,1,100,,1194727,4,,,1
17301,'4',445,,1194762,4,,,1,70,,1194751,4,,,1,200,,1194772,4,,,1,140,,1194760,4,,,1,100,,1042775,4,,,1,70,,1194761,4,,,1,30,,1194767,4,,,1,70,,1194753,4,,,1,30,,1194758,4,,,1,70,,1194769,4,,,1,30,,1194757,4,,,1,70,,1194775,4,,,1,30,,1194766,4,,,1,70,,1194765,4,,,1,30,,1194756,4,,,1,70,,1194770,4,,,1,30,,1194763,4,,,1,70,,1194771,4,,,1,30,,1194759,4,,,1,70,,1194750,4,,,1,30,,1194752,4,,,1,70,,1194755,4,,,1,30,,1194768,4,,,1,70,,1194773,4,,,1,30,,1194776,4,,,1,100,,1194774,4,,,1,100,,1194764,4,,,1,100,,1194754,4,,,1
17301,'5',446,,1066484,4,,,1,70,,1041354,4,,,1,24,,1194790,4,,,1,80,,1194787,4,,,1,32,,1008258,4,,,1,70,,1194780,4,,,1,30,,1083181,4,,,1,70,,1194797,4,,,1,31,,1194802,4,,,1,70,,1194807,4,,,1,30,,1194792,4,,,1,69,,1194795,4,,,1,30,,1194794,4,,,1,70,,1194777,4,,,1,30,,1194798,4,,,1,70,,1095146,4,,,1,30,,1194778,4,,,1,70,,1194799,4,,,1,30,,1194803,4,,,1,71,,1194783,4,,,1,28,,1194791,4,,,1,74,,1194786,4,,,1,30,,1194800,4,,,1,70,,1194785,4,,,1,30,,1194779,4,,,1,70,,1194806,4,,,1,30,,1194801,4,,,1,69,,1194788,4,,,1,29,,1194805,4,,,1,69,,1194789,4,,,1,30,,1194781,4,,,1,70,,1194782,4,,,1,30,,1194793,4,,,1,70,,1194796,4,,,1,29,,1194784,4,,,1,96,,1194804,4,,,1
17301,'6',446,,1194814,4,,,1,70,,1194817,4,,,1,24,,1194813,4,,,1,80,,1194810,4,,,1,32,,960492,4,,,1,70,,1194820,4,,,1,30,,1084251,4,,,1,70,,1194829,4,,,1,31,,1194824,4,,,1,70,,1089595,4,,,1,30,,1194815,4,,,1,69,,1194834,4,,,1,30,,1194821,4,,,1,70,,1194832,4,,,1,30,,1194808,4,,,1,70,,1194812,4,,,1,30,,1194837,4,,,1,70,,1031518,4,,,1,30,,1194835,4,,,1,71,,1078847,4,,,1,28,,1194811,4,,,1,74,,1194826,4,,,1,30,,1194827,4,,,1,70,,1194830,4,,,1,30,,1194823,4,,,1,70,,1194828,4,,,1,30,,1194819,4,,,1,69,,1194838,4,,,1,29,,1194833,4,,,1,69,,1194836,4,,,1,30,,1194831,4,,,1,70,,1194816,4,,,1,30,,1194809,4,,,1,70,,1194822,4,,,1,29,,1194825,4,,,1,96,,1194818,4,,,1
17301,'7',440,,1194847,4,,,1,70,,1194853,4,,,1,205,,1194864,4,,,1,101,,1194850,4,,,1,33,,1194840,4,,,1,70,,1194846,4,,,1,30,,1194839,4,,,1,70,,1194861,4,,,1,30,,1194843,4,,,1,70,,1194851,4,,,1,30,,1194856,4,,,1,70,,1194844,4,,,1,30,,1194866,4,,,1,70,,1194869,4,,,1,30,,1194863,4,,,1,70,,1194849,4,,,1,30,,1194871,4,,,1,70,,1194865,4,,,1,30,,1194868,4,,,1,70,,1194842,4,,,1,30,,1194860,4,,,1,70,,1194858,4,,,1,30,,1194870,4,,,1,70,,1194845,4,,,1,30,,1194854,4,,,1,70,,1194859,4,,,1,30,,1194867,4,,,1,70,,1194848,4,,,1,30,,1194862,4,,,1,70,,1194841,4,,,1,30,,1194852,4,,,1,100,,1194855,4,,,1,100,,1194857,4,,,1
17301,'8',446,,1194880,4,,,1,70,,1194883,4,,,1,24,,1194879,4,,,1,80,,1194874,4,,,1,32,,1194878,4,,,1,70,,1194886,4,,,1,30,,1194906,4,,,1,70,,1194895,4,,,1,31,,1194890,4,,,1,70,,1194875,4,,,1,30,,1194881,4,,,1,69,,1194900,4,,,1,30,,1194887,4,,,1,70,,1194898,4,,,1,30,,1194872,4,,,1,70,,1194877,4,,,1,30,,1194904,4,,,1,70,,1194907,4,,,1,30,,1194901,4,,,1,71,,1194902,4,,,1,28,,1194876,4,,,1,74,,1194892,4,,,1,30,,1194893,4,,,1,70,,1194896,4,,,1,30,,1194889,4,,,1,70,,1194894,4,,,1,30,,1194885,4,,,1,69,,1194905,4,,,1,29,,1194899,4,,,1,69,,1194903,4,,,1,30,,1194897,4,,,1,70,,1194882,4,,,1,30,,1194873,4,,,1,70,,1194888,4,,,1,29,,1194891,4,,,1,96,,1194884,4,,,1
17301,'9',446,,1066368,4,,,1,70,,1041594,4,,,1,24,,1194921,4,,,1,80,,1194918,4,,,1,32,,1008541,4,,,1,70,,1194911,4,,,1,30,,1083057,4,,,1,70,,1194928,4,,,1,31,,1194933,4,,,1,70,,1194938,4,,,1,30,,1194923,4,,,1,69,,1194926,4,,,1,30,,1194925,4,,,1,70,,1194908,4,,,1,30,,1194929,4,,,1,70,,1095022,4,,,1,30,,1194909,4,,,1,70,,1194930,4,,,1,30,,1194934,4,,,1,71,,1194914,4,,,1,28,,1194922,4,,,1,74,,1194917,4,,,1,30,,1194931,4,,,1,70,,1194916,4,,,1,30,,1194910,4,,,1,70,,1194937,4,,,1,30,,1194932,4,,,1,69,,1194919,4,,,1,29,,1194936,4,,,1,69,,1194920,4,,,1,30,,1194912,4,,,1,70,,1194913,4,,,1,30,,1194924,4,,,1,70,,1194927,4,,,1,29,,1194915,4,,,1,96,,1194935,4,,,1
