3000,'1',518,,1126838,17,,,1,83,,1126837,17,,,1,16,,1126840,17,,,1,16,,1084149,17,,,1,15,,1126841,17,,,1,55,,1126824,17,,,1,16,,1126818,17,,,1,15,,1126835,17,,,1,15,,1126823,17,,,1,54,,1126819,17,,,1,13,,1126834,17,,,1,18,,1126825,17,,,1,70,,1126839,17,,,1,27,,1126830,17,,,1,69,,1126844,17,,,1,28,,1126836,17,,,1,30,,1084155,17,,,1,70,,1126828,17,,,1,30,,1126831,17,,,1,70,,1126832,17,,,1,31,,1092172,17,,,1,71,,1126833,17,,,1,71,,1077950,17,,,1,31,,1126822,17,,,1,103,,1126845,17,,,1,69,,1126821,17,,,1,100,,1126827,17,,,1,30,,1126842,17,,,1,70,,1126817,17,,,1,30,,1126816,17,,,1,70,,1126843,17,,,1,31,,1126826,17,,,1,71,,1084447,17,,,1,30,,1126815,17,,,1,71,,1126820,17,,,1,30,,1089518,17,,,1,97,,1126829,17,,,1
3000,'10',518,,1126869,17,,,1,83,,1126868,17,,,1,16,,1126871,17,,,1,16,,1083977,17,,,1,15,,1126872,17,,,1,55,,1126855,17,,,1,16,,1126849,17,,,1,15,,1126866,17,,,1,15,,1126854,17,,,1,54,,1126850,17,,,1,13,,1126865,17,,,1,18,,1126856,17,,,1,70,,1126870,17,,,1,27,,1126861,17,,,1,69,,1126875,17,,,1,28,,1126867,17,,,1,30,,1083983,17,,,1,70,,1126859,17,,,1,30,,1126862,17,,,1,70,,1126863,17,,,1,31,,1092011,17,,,1,71,,1126864,17,,,1,71,,1077741,17,,,1,31,,1126853,17,,,1,103,,1126876,17,,,1,69,,1126852,17,,,1,100,,1126858,17,,,1,30,,1126873,17,,,1,70,,1126848,17,,,1,30,,1126847,17,,,1,70,,1126874,17,,,1,31,,1126857,17,,,1,71,,1084263,17,,,1,30,,1126846,17,,,1,71,,1126851,17,,,1,30,,1089334,17,,,1,97,,1126860,17,,,1
3000,'11',518,,1126900,17,,,1,83,,1126899,17,,,1,16,,1126902,17,,,1,16,,1084203,17,,,1,15,,1126903,17,,,1,55,,1126886,17,,,1,16,,1126880,17,,,1,15,,1126897,17,,,1,15,,1126885,17,,,1,54,,1126881,17,,,1,13,,1126896,17,,,1,18,,1126887,17,,,1,70,,1126901,17,,,1,27,,1126892,17,,,1,69,,1126906,17,,,1,28,,1126898,17,,,1,30,,1084209,17,,,1,70,,1126890,17,,,1,30,,1126893,17,,,1,70,,1126894,17,,,1,31,,1092217,17,,,1,71,,1126895,17,,,1,71,,1078013,17,,,1,31,,1126884,17,,,1,103,,1126907,17,,,1,69,,1126883,17,,,1,100,,1126889,17,,,1,30,,1126904,17,,,1,70,,1126879,17,,,1,30,,1126878,17,,,1,70,,1126905,17,,,1,31,,1126888,17,,,1,71,,1084503,17,,,1,30,,1126877,17,,,1,71,,1126882,17,,,1,30,,1089569,17,,,1,97,,1126891,17,,,1
3000,'12',518,,1126937,17,,,1,83,,1126915,17,,,1,16,,1065389,17,,,1,16,,1126922,17,,,1,15,,1126913,17,,,1,55,,1126928,17,,,1,16,,1126920,17,,,1,15,,1126917,17,,,1,15,,1126931,17,,,1,54,,1126918,17,,,1,13,,970392,17,,,1,18,,1126929,17,,,1,70,,1126926,17,,,1,27,,1126936,17,,,1,69,,1126927,17,,,1,28,,1126935,17,,,1,30,,1090205,17,,,1,70,,1126909,17,,,1,30,,1126908,17,,,1,70,,1126934,17,,,1,31,,1126925,17,,,1,71,,1126939,17,,,1,71,,1126910,17,,,1,31,,1126938,17,,,1,103,,1126921,17,,,1,69,,1126912,17,,,1,100,,1126933,17,,,1,30,,1126914,17,,,1,70,,1126916,17,,,1,30,,1126919,17,,,1,70,,1126941,17,,,1,31,,1126940,17,,,1,71,,1126923,17,,,1,30,,1126911,17,,,1,71,,1126924,17,,,1,30,,1126930,17,,,1,97,,1126932,17,,,1
3000,'13',728,,1126954,17,,,1,100,,1126947,17,,,1,100,,1126952,17,,,1,101,,1126965,17,,,1,30,,1126957,17,,,1,70,,1126945,17,,,1,30,,1126953,17,,,1,70,,1126956,17,,,1,30,,1126943,17,,,1,70,,1126967,17,,,1,30,,1126948,17,,,1,70,,851430,17,,,1,30,,1126942,17,,,1,70,,1126964,17,,,1,30,,1126961,17,,,1,71,,1126960,17,,,1,70,,1126950,17,,,1,30,,1126963,17,,,1,70,,1099267,17,,,1,28,,1126951,17,,,1,30,,1126966,17,,,1,70,,1126962,17,,,1,30,,1126958,17,,,1,70,,1126946,17,,,1,30,,1126949,17,,,1,70,,1126955,17,,,1,30,,1126944,17,,,1,96,,1126959,17,,,1
3000,'14',518,,1126997,17,,,1,83,,1126996,17,,,1,16,,1126999,17,,,1,16,,1126971,17,,,1,15,,1127000,17,,,1,55,,1126983,17,,,1,16,,1126972,17,,,1,15,,1126994,17,,,1,15,,1126982,17,,,1,54,,1126973,17,,,1,13,,1126993,17,,,1,18,,1126984,17,,,1,70,,1126998,17,,,1,27,,1126989,17,,,1,69,,1127003,17,,,1,28,,1126995,17,,,1,30,,1126974,17,,,1,70,,1126987,17,,,1,30,,1126990,17,,,1,70,,1126991,17,,,1,31,,1126977,17,,,1,71,,1126992,17,,,1,71,,1126976,17,,,1,31,,1126981,17,,,1,103,,1127004,17,,,1,69,,1126980,17,,,1,100,,1126986,17,,,1,30,,1127001,17,,,1,70,,1126970,17,,,1,30,,1126969,17,,,1,70,,1127002,17,,,1,31,,1126985,17,,,1,71,,1126978,17,,,1,30,,1126968,17,,,1,71,,1126979,17,,,1,30,,1126975,17,,,1,97,,1126988,17,,,1
3000,'15',518,,1127024,17,,,1,83,,1127011,17,,,1,16,,1127021,17,,,1,16,,1127028,17,,,1,15,,1127012,17,,,1,55,,1127017,17,,,1,16,,1127019,17,,,1,15,,1127025,17,,,1,15,,1127040,17,,,1,54,,1127015,17,,,1,13,,1127030,17,,,1,18,,1127034,17,,,1,70,,1127032,17,,,1,27,,1127033,17,,,1,69,,1127016,17,,,1,28,,1127013,17,,,1,30,,1127005,17,,,1,70,,1127007,17,,,1,30,,1127036,17,,,1,70,,1127014,17,,,1,31,,1127031,17,,,1,71,,1127023,17,,,1,71,,1127010,17,,,1,31,,1127026,17,,,1,103,,1127041,17,,,1,69,,1127035,17,,,1,100,,1127027,17,,,1,30,,1127037,17,,,1,70,,1127022,17,,,1,30,,1127009,17,,,1,70,,1127008,17,,,1,31,,1127020,17,,,1,71,,1127006,17,,,1,30,,1127039,17,,,1,71,,1127029,17,,,1,30,,1127018,17,,,1,97,,1127038,17,,,1
3000,'16',518,,1127071,17,,,1,83,,1025559,17,,,1,16,,1127046,17,,,1,16,,1127056,17,,,1,15,,1127048,17,,,1,55,,1127062,17,,,1,16,,1127054,17,,,1,15,,1127051,17,,,1,15,,1127065,17,,,1,54,,1127052,17,,,1,13,,1127077,17,,,1,18,,1127063,17,,,1,70,,1127060,17,,,1,27,,1127070,17,,,1,69,,1127061,17,,,1,28,,1127069,17,,,1,30,,1127076,17,,,1,70,,1127043,17,,,1,30,,1127042,17,,,1,70,,1127068,17,,,1,31,,1127059,17,,,1,71,,1127073,17,,,1,71,,1127044,17,,,1,31,,1127072,17,,,1,103,,1127055,17,,,1,69,,1127047,17,,,1,100,,1127067,17,,,1,30,,1127049,17,,,1,70,,1127050,17,,,1,30,,1127053,17,,,1,70,,1127075,17,,,1,31,,1127074,17,,,1,71,,1127057,17,,,1,30,,1127045,17,,,1,71,,1127058,17,,,1,30,,1127064,17,,,1,97,,1127066,17,,,1
3000,'17',728,,1127092,17,,,1,100,,1127083,17,,,1,100,,1127090,17,,,1,101,,1127103,17,,,1,30,,1127095,17,,,1,70,,1127081,17,,,1,30,,1127091,17,,,1,70,,1127094,17,,,1,30,,1127079,17,,,1,70,,1127105,17,,,1,30,,1127085,17,,,1,70,,1127084,17,,,1,30,,1127078,17,,,1,70,,1127102,17,,,1,30,,1127099,17,,,1,71,,1127098,17,,,1,70,,1127088,17,,,1,30,,1127101,17,,,1,70,,1127087,17,,,1,28,,1127089,17,,,1,30,,1127104,17,,,1,70,,1127100,17,,,1,30,,1127096,17,,,1,70,,1127082,17,,,1,30,,1127086,17,,,1,70,,1127093,17,,,1,30,,1127080,17,,,1,96,,1127097,17,,,1
3000,'2',729,,1127107,17,,,1,100,,1127118,17,,,1,30,,1127116,17,,,1,70,,1127128,17,,,1,30,,1127115,17,,,1,71,,1127112,17,,,1,70,,1127125,17,,,1,30,,1127114,17,,,1,70,,1127130,17,,,1,30,,1127123,17,,,1,70,,1127113,17,,,1,30,,1127124,17,,,1,70,,1127127,17,,,1,30,,1127108,17,,,1,70,,1127110,17,,,1,30,,1127109,17,,,1,70,,1070440,17,,,1,31,,1127111,17,,,1,70,,1127121,17,,,1,30,,1127131,17,,,1,70,,1069708,17,,,1,28,,1127120,17,,,1,29,,1127129,17,,,1,70,,1127106,17,,,1,30,,1127119,17,,,1,70,,1127126,17,,,1,30,,1127117,17,,,1,70,,1127122,17,,,1,100,,1100830,17,,,1
3000,'3',728,,1127146,17,,,1,100,,1127137,17,,,1,100,,1127144,17,,,1,101,,1127157,17,,,1,30,,1127149,17,,,1,70,,1127135,17,,,1,30,,1127145,17,,,1,70,,1127148,17,,,1,30,,1127133,17,,,1,70,,1127159,17,,,1,30,,1127139,17,,,1,70,,1127138,17,,,1,30,,1127132,17,,,1,70,,1127156,17,,,1,30,,1127153,17,,,1,71,,1127152,17,,,1,70,,1127142,17,,,1,30,,1127155,17,,,1,70,,1127141,17,,,1,28,,1127143,17,,,1,30,,1127158,17,,,1,70,,1127154,17,,,1,30,,1127150,17,,,1,70,,1127136,17,,,1,30,,1127140,17,,,1,70,,1127147,17,,,1,30,,1127134,17,,,1,96,,1127151,17,,,1
3000,'4',728,,1127167,17,,,1,100,,1127161,17,,,1,100,,1127170,17,,,1,101,,1127182,17,,,1,30,,1127166,17,,,1,70,,1127179,17,,,1,30,,1127171,17,,,1,70,,1127180,17,,,1,30,,1127173,17,,,1,70,,1127162,17,,,1,30,,1127175,17,,,1,70,,1127176,17,,,1,30,,1094543,17,,,1,70,,1127181,17,,,1,30,,1127177,17,,,1,71,,1127169,17,,,1,70,,1127165,17,,,1,30,,1127183,17,,,1,70,,1127160,17,,,1,28,,1127164,17,,,1,30,,1036753,17,,,1,70,,1127178,17,,,1,30,,1127172,17,,,1,70,,1127184,17,,,1,30,,1127168,17,,,1,70,,1003124,17,,,1,30,,1127163,17,,,1,96,,1127174,17,,,1
3000,'5',518,,1127208,17,,,1,83,,1127207,17,,,1,16,,1127210,17,,,1,16,,1084122,17,,,1,15,,1127211,17,,,1,55,,1127194,17,,,1,16,,1127188,17,,,1,15,,1127205,17,,,1,15,,1127193,17,,,1,54,,1127189,17,,,1,13,,1127204,17,,,1,18,,1127195,17,,,1,70,,1127209,17,,,1,27,,1127200,17,,,1,69,,1127214,17,,,1,28,,1127206,17,,,1,30,,1084128,17,,,1,70,,1127198,17,,,1,30,,1127201,17,,,1,70,,1127202,17,,,1,31,,1092139,17,,,1,71,,1127203,17,,,1,71,,1077911,17,,,1,31,,1127192,17,,,1,103,,1127215,17,,,1,69,,1127191,17,,,1,100,,1127197,17,,,1,30,,1127212,17,,,1,70,,1127187,17,,,1,30,,1127186,17,,,1,70,,1127213,17,,,1,31,,1127196,17,,,1,71,,1084414,17,,,1,30,,1127185,17,,,1,71,,1127190,17,,,1,30,,1089483,17,,,1,97,,1127199,17,,,1
3000,'6',518,,1127242,17,,,1,83,,1127222,17,,,1,16,,1127219,17,,,1,16,,1127227,17,,,1,15,,1127220,17,,,1,55,,1127233,17,,,1,16,,1127225,17,,,1,15,,1068103,17,,,1,15,,1127236,17,,,1,54,,1088965,17,,,1,13,,1127248,17,,,1,18,,1127234,17,,,1,70,,1127231,17,,,1,27,,1127241,17,,,1,69,,1127232,17,,,1,28,,1127240,17,,,1,30,,1127247,17,,,1,70,,1127216,17,,,1,30,,979420,17,,,1,70,,1127239,17,,,1,31,,1127230,17,,,1,71,,1127244,17,,,1,71,,1127217,17,,,1,31,,1127243,17,,,1,103,,1127226,17,,,1,69,,1043983,17,,,1,100,,1127238,17,,,1,30,,1127221,17,,,1,70,,1127223,17,,,1,30,,1127224,17,,,1,70,,1127246,17,,,1,31,,1127245,17,,,1,71,,1127228,17,,,1,30,,1127218,17,,,1,71,,1127229,17,,,1,30,,1127235,17,,,1,97,,1127237,17,,,1
3000,'7',729,,1127275,17,,,1,100,,1127273,17,,,1,30,,1127258,17,,,1,70,,1127256,17,,,1,30,,1127255,17,,,1,71,,1127274,17,,,1,70,,1127270,17,,,1,30,,1127251,17,,,1,70,,1127268,17,,,1,30,,1127259,17,,,1,70,,1127266,17,,,1,30,,1127257,17,,,1,70,,1127276,17,,,1,30,,1127262,17,,,1,70,,1127265,17,,,1,30,,1127263,17,,,1,70,,1127254,17,,,1,31,,1127249,17,,,1,70,,1127250,17,,,1,30,,1127253,17,,,1,70,,1127260,17,,,1,28,,1127264,17,,,1,29,,1127252,17,,,1,70,,1127269,17,,,1,30,,1127277,17,,,1,70,,1127267,17,,,1,30,,1127272,17,,,1,70,,1127261,17,,,1,100,,1127271,17,,,1
3000,'8',518,,1127308,17,,,1,83,,1127286,17,,,1,16,,1127282,17,,,1,16,,1127293,17,,,1,15,,1127284,17,,,1,55,,1127299,17,,,1,16,,1127291,17,,,1,15,,1127288,17,,,1,15,,1127302,17,,,1,54,,1127289,17,,,1,13,,1127314,17,,,1,18,,1127300,17,,,1,70,,1127297,17,,,1,27,,1127307,17,,,1,69,,1127298,17,,,1,28,,1127306,17,,,1,30,,1127313,17,,,1,70,,1127279,17,,,1,30,,1127278,17,,,1,70,,1127305,17,,,1,31,,1127296,17,,,1,71,,1127310,17,,,1,71,,1127280,17,,,1,31,,1127309,17,,,1,103,,1127292,17,,,1,69,,1127283,17,,,1,100,,1127304,17,,,1,30,,1127285,17,,,1,70,,1127287,17,,,1,30,,1127290,17,,,1,70,,1127312,17,,,1,31,,1127311,17,,,1,71,,1127294,17,,,1,30,,1127281,17,,,1,71,,1127295,17,,,1,30,,1127301,17,,,1,97,,1127303,17,,,1
3000,'9',518,,1127338,17,,,1,83,,1127337,17,,,1,16,,1127340,17,,,1,16,,1084031,17,,,1,15,,1127341,17,,,1,55,,1127324,17,,,1,16,,1127318,17,,,1,15,,1127335,17,,,1,15,,1127323,17,,,1,54,,1127319,17,,,1,13,,1127334,17,,,1,18,,1127325,17,,,1,70,,1127339,17,,,1,27,,1127330,17,,,1,69,,1127344,17,,,1,28,,1127336,17,,,1,30,,1084037,17,,,1,70,,1127328,17,,,1,30,,1127331,17,,,1,70,,1127332,17,,,1,31,,1092065,17,,,1,71,,1127333,17,,,1,71,,1077810,17,,,1,31,,1127322,17,,,1,103,,1127345,17,,,1,69,,1127321,17,,,1,100,,1127327,17,,,1,30,,1127342,17,,,1,70,,1127317,17,,,1,30,,1127316,17,,,1,70,,1127343,17,,,1,31,,1127326,17,,,1,71,,1084324,17,,,1,30,,1127315,17,,,1,71,,1127320,17,,,1,30,,1089398,17,,,1,97,,1127329,17,,,1
61800,'1',737,,1199026,17,,,1,4,,1087237,17,,,1
61800,'10',737,,1199027,17,,,1,4,,1087046,17,,,1
61800,'11',737,,1199028,17,,,1,4,,1087292,17,,,1
61800,'12',737,,1199029,17,,,1,4,,1199030,17,,,1
61800,'14',737,,1199031,17,,,1,4,,1199032,17,,,1
61800,'15',737,,1199033,17,,,1,4,,1199034,17,,,1
61800,'16',737,,1199035,17,,,1,4,,1199036,17,,,1
61800,'5',737,,1199037,17,,,1,4,,1087199,17,,,1
61800,'6',737,,1009631,17,,,1,4,,1199038,17,,,1
61800,'8',737,,1199039,17,,,1,4,,1199040,17,,,1
61800,'9',737,,1199041,17,,,1,4,,1087108,17,,,1
63000,'1',823,,1199276,17,,,1
63000,'10',823,,1199278,17,,,1
63000,'11',823,,1199280,17,,,1
63000,'12',823,,1199282,17,,,1
63000,'14',823,,1199284,17,,,1
63000,'15',823,,1199286,17,,,1
63000,'16',823,,1199288,17,,,1
63000,'5',823,,1199290,17,,,1
63000,'6',823,,1199292,17,,,1
63000,'8',823,,1199294,17,,,1
63000,'9',823,,1199296,17,,,1
