11201,'1',554,,1187748,28,,,1,70,,1187733,28,,,1,32,,979075,28,,,1,70,,1187744,28,,,1,76,,1187747,28,,,1,30,,1187740,28,,,1,27,,1187734,28,,,1,70,,1187745,28,,,1,30,,1071699,28,,,1,69,,1187743,28,,,1,30,,1089196,28,,,1,70,,1187735,28,,,1,30,,1187738,28,,,1,72,,1187729,28,,,1,70,,1187731,28,,,1,29,,1187737,28,,,1,30,,1187739,28,,,1,72,,1187727,28,,,1,71,,1035994,28,,,1,30,,1187728,28,,,1,70,,1041011,28,,,1,32,,1187726,28,,,1,69,,1187742,28,,,1,30,,1187750,28,,,1,70,,1187732,28,,,1,27,,1187752,28,,,1,70,,1187730,28,,,1,28,,1187749,28,,,1,30,,1187746,28,,,1,65,,1187725,28,,,1,30,,1039389,28,,,1,70,,1187751,28,,,1,27,,1187741,28,,,1,68,,1057230,28,,,1,30,,1187736,28,,,1,100,,996026,28,,,1
11201,'10',554,,1187776,28,,,1,70,,1187761,28,,,1,32,,978733,28,,,1,70,,1187772,28,,,1,76,,1187775,28,,,1,30,,1187768,28,,,1,27,,1187762,28,,,1,70,,1187773,28,,,1,30,,1071550,28,,,1,69,,1187771,28,,,1,30,,1089001,28,,,1,70,,1187763,28,,,1,30,,1187766,28,,,1,72,,1187757,28,,,1,70,,1187759,28,,,1,29,,1187765,28,,,1,30,,1187767,28,,,1,72,,1187755,28,,,1,71,,1036212,28,,,1,30,,1187756,28,,,1,70,,1041158,28,,,1,32,,1187754,28,,,1,69,,1187770,28,,,1,30,,1187778,28,,,1,70,,1187760,28,,,1,27,,1187780,28,,,1,70,,1187758,28,,,1,28,,1187777,28,,,1,30,,1187774,28,,,1,65,,1187753,28,,,1,30,,1039473,28,,,1,70,,1187779,28,,,1,27,,1187769,28,,,1,68,,1057248,28,,,1,30,,1187764,28,,,1,100,,996203,28,,,1
11201,'11',554,,1187804,28,,,1,70,,1187789,28,,,1,32,,979018,28,,,1,70,,1187800,28,,,1,76,,1187803,28,,,1,30,,1187796,28,,,1,27,,1187790,28,,,1,70,,1187801,28,,,1,30,,1071741,28,,,1,69,,1187799,28,,,1,30,,1089251,28,,,1,70,,1187791,28,,,1,30,,1187794,28,,,1,72,,1187785,28,,,1,70,,1187787,28,,,1,29,,1187793,28,,,1,30,,1187795,28,,,1,72,,1187783,28,,,1,71,,1035931,28,,,1,30,,1187784,28,,,1,70,,1040972,28,,,1,32,,1187782,28,,,1,69,,1187798,28,,,1,30,,1187806,28,,,1,70,,1187788,28,,,1,27,,1187808,28,,,1,70,,1187786,28,,,1,28,,1187805,28,,,1,30,,1187802,28,,,1,65,,1187781,28,,,1,30,,1039365,28,,,1,70,,1187807,28,,,1,27,,1187797,28,,,1,68,,1057224,28,,,1,30,,1187792,28,,,1,100,,995975,28,,,1
11201,'12',554,,1187813,28,,,1,70,,1187836,28,,,1,32,,947893,28,,,1,70,,1187837,28,,,1,76,,1187818,28,,,1,30,,1082420,28,,,1,27,,1187821,28,,,1,70,,1187810,28,,,1,30,,1187819,28,,,1,69,,1187839,28,,,1,30,,1187830,28,,,1,70,,1068836,28,,,1,30,,1187815,28,,,1,72,,1187832,28,,,1,70,,1187828,28,,,1,29,,886394,28,,,1,30,,1187820,28,,,1,72,,1187829,28,,,1,71,,1187811,28,,,1,30,,1187831,28,,,1,70,,1187835,28,,,1,32,,1187834,28,,,1,69,,1187838,28,,,1,30,,1187827,28,,,1,70,,1187833,28,,,1,27,,1187816,28,,,1,70,,1187814,28,,,1,28,,1187809,28,,,1,30,,1187826,28,,,1,65,,1187824,28,,,1,30,,1187825,28,,,1,70,,1187812,28,,,1,27,,1187823,28,,,1,68,,1187822,28,,,1,30,,1187840,28,,,1,100,,1187817,28,,,1
11201,'13',821,,1187855,28,,,1,102,,1187863,28,,,1,30,,1187851,28,,,1,70,,1187852,28,,,1,30,,1187843,28,,,1,71,,1006712,28,,,1,30,,1187864,28,,,1,70,,1187844,28,,,1,30,,1187845,28,,,1,70,,1187862,28,,,1,30,,1080415,28,,,1,70,,1004321,28,,,1,30,,1187842,28,,,1,70,,1187861,28,,,1,30,,1187850,28,,,1,70,,1187846,28,,,1,30,,1187854,28,,,1,70,,1187859,28,,,1,30,,1187856,28,,,1,70,,1097330,28,,,1,30,,1187858,28,,,1,69,,1187849,28,,,1,30,,1187857,28,,,1,69,,1187865,28,,,1,30,,1187860,28,,,1,70,,1187853,28,,,1,30,,1187848,28,,,1,70,,1187847,28,,,1,110,,1187841,28,,,1
11201,'14',554,,1187894,28,,,1,70,,1187876,28,,,1,32,,1187895,28,,,1,70,,1187889,28,,,1,76,,1187892,28,,,1,30,,1187884,28,,,1,27,,1187877,28,,,1,70,,1187890,28,,,1,30,,1187882,28,,,1,69,,1187888,28,,,1,30,,1187867,28,,,1,70,,1187878,28,,,1,30,,1187881,28,,,1,72,,1187872,28,,,1,70,,1187874,28,,,1,29,,1187880,28,,,1,30,,1187883,28,,,1,72,,1187870,28,,,1,71,,1187868,28,,,1,30,,1187871,28,,,1,70,,1187887,28,,,1,32,,1187869,28,,,1,69,,1187886,28,,,1,30,,1187898,28,,,1,70,,1187875,28,,,1,27,,1187901,28,,,1,70,,1187873,28,,,1,28,,1187897,28,,,1,30,,1187891,28,,,1,65,,1187866,28,,,1,30,,1187896,28,,,1,70,,1187899,28,,,1,27,,1187885,28,,,1,68,,1187893,28,,,1,30,,1187879,28,,,1,100,,1187900,28,,,1
11201,'15',554,,1187914,28,,,1,70,,1187902,28,,,1,32,,1187912,28,,,1,70,,1187932,28,,,1,76,,1187910,28,,,1,30,,1187913,28,,,1,27,,1187920,28,,,1,70,,1187928,28,,,1,30,,1187911,28,,,1,69,,1187917,28,,,1,30,,1187915,28,,,1,70,,1187937,28,,,1,30,,1187929,28,,,1,72,,1187903,28,,,1,70,,1187906,28,,,1,29,,1187933,28,,,1,30,,1187921,28,,,1,72,,1187927,28,,,1,71,,1187904,28,,,1,30,,1187916,28,,,1,70,,1187918,28,,,1,32,,1187908,28,,,1,69,,1187907,28,,,1,30,,1187934,28,,,1,70,,1187905,28,,,1,27,,1187936,28,,,1,70,,1187931,28,,,1,28,,1187922,28,,,1,30,,1187923,28,,,1,65,,1187926,28,,,1,30,,1187925,28,,,1,70,,1187909,28,,,1,27,,1187930,28,,,1,68,,1187935,28,,,1,30,,1187924,28,,,1,100,,1187919,28,,,1
11201,'16',554,,1187945,28,,,1,70,,1187968,28,,,1,32,,1187944,28,,,1,70,,1187969,28,,,1,76,,1187950,28,,,1,30,,1187943,28,,,1,27,,1187953,28,,,1,70,,1187939,28,,,1,30,,1187951,28,,,1,69,,1187971,28,,,1,30,,1187962,28,,,1,70,,1187940,28,,,1,30,,1187947,28,,,1,72,,1187964,28,,,1,70,,1187960,28,,,1,29,,1187942,28,,,1,30,,1187952,28,,,1,72,,1187961,28,,,1,71,,1083913,28,,,1,30,,1187963,28,,,1,70,,1187967,28,,,1,32,,1187966,28,,,1,69,,1187970,28,,,1,30,,1187959,28,,,1,70,,1187965,28,,,1,27,,1187948,28,,,1,70,,1187946,28,,,1,28,,1187938,28,,,1,30,,1187958,28,,,1,65,,1187956,28,,,1,30,,1187957,28,,,1,70,,1187941,28,,,1,27,,1187955,28,,,1,68,,1187954,28,,,1,30,,1187972,28,,,1,100,,1187949,28,,,1
11201,'17',821,,1187990,28,,,1,102,,1187998,28,,,1,30,,1187986,28,,,1,70,,1187987,28,,,1,30,,1187977,28,,,1,71,,1187973,28,,,1,30,,1187999,28,,,1,70,,1187978,28,,,1,30,,1187980,28,,,1,70,,1187997,28,,,1,30,,1188001,28,,,1,70,,1187979,28,,,1,30,,1187976,28,,,1,70,,1187996,28,,,1,30,,1187985,28,,,1,70,,1187981,28,,,1,30,,1187989,28,,,1,70,,1187994,28,,,1,30,,1187991,28,,,1,70,,1187975,28,,,1,30,,1187993,28,,,1,69,,1187984,28,,,1,30,,1187992,28,,,1,69,,1188000,28,,,1,30,,1187995,28,,,1,70,,1187988,28,,,1,30,,1187983,28,,,1,70,,1187982,28,,,1,110,,1187974,28,,,1
11201,'2',541,,1188028,28,,,1,90,,1188026,28,,,1,100,,1188017,28,,,1,70,,1188009,28,,,1,30,,1188023,28,,,1,70,,1188006,28,,,1,32,,1188013,28,,,1,70,,1188004,28,,,1,30,,1188003,28,,,1,70,,1188016,28,,,1,31,,1188018,28,,,1,70,,1188011,28,,,1,30,,1188035,28,,,1,70,,1188010,28,,,1,30,,1188031,28,,,1,70,,1188012,28,,,1,30,,1188014,28,,,1,70,,1188025,28,,,1,30,,1188021,28,,,1,70,,1188032,28,,,1,30,,1188029,28,,,1,70,,1188005,28,,,1,30,,1188002,28,,,1,70,,1188024,28,,,1,30,,1188027,28,,,1,70,,1188030,28,,,1,29,,1188034,28,,,1,70,,1188007,28,,,1,29,,1188019,28,,,1,70,,1188022,28,,,1,30,,1188008,28,,,1,70,,1188036,28,,,1,30,,1188015,28,,,1,70,,1188020,28,,,1,110,,1188033,28,,,1
11201,'3',821,,1188054,28,,,1,102,,1188062,28,,,1,30,,1188050,28,,,1,70,,1188051,28,,,1,30,,1188041,28,,,1,71,,1188037,28,,,1,30,,1188063,28,,,1,70,,1188042,28,,,1,30,,1188044,28,,,1,70,,1188061,28,,,1,30,,1188065,28,,,1,70,,1188043,28,,,1,30,,1188040,28,,,1,70,,1188060,28,,,1,30,,1188049,28,,,1,70,,1188045,28,,,1,30,,1188053,28,,,1,70,,1188058,28,,,1,30,,1188055,28,,,1,70,,1188039,28,,,1,30,,1188057,28,,,1,69,,1188048,28,,,1,30,,1188056,28,,,1,69,,1188064,28,,,1,30,,1188059,28,,,1,70,,1188052,28,,,1,30,,1188047,28,,,1,70,,1188046,28,,,1,110,,1188038,28,,,1
11201,'4',821,,1188088,28,,,1,102,,1188068,28,,,1,30,,1188069,28,,,1,70,,1188080,28,,,1,30,,1188067,28,,,1,71,,940943,28,,,1,30,,1188066,28,,,1,70,,1188078,28,,,1,30,,1188091,28,,,1,70,,1188071,28,,,1,30,,1188084,28,,,1,70,,1188081,28,,,1,30,,1188077,28,,,1,70,,1188092,28,,,1,30,,1188087,28,,,1,70,,1188089,28,,,1,30,,1188082,28,,,1,70,,1053287,28,,,1,30,,1188086,28,,,1,70,,1188075,28,,,1,30,,1188073,28,,,1,69,,1188070,28,,,1,30,,1188079,28,,,1,69,,1188072,28,,,1,30,,1188074,28,,,1,70,,1188090,28,,,1,30,,1188085,28,,,1,70,,1188076,28,,,1,110,,1188083,28,,,1
11201,'5',554,,1188116,28,,,1,70,,1188101,28,,,1,32,,979259,28,,,1,70,,1188112,28,,,1,76,,1188115,28,,,1,30,,1188108,28,,,1,27,,1188102,28,,,1,70,,1188113,28,,,1,30,,1071675,28,,,1,69,,1188111,28,,,1,30,,1089158,28,,,1,70,,1188103,28,,,1,30,,1188106,28,,,1,72,,1188097,28,,,1,70,,1188099,28,,,1,29,,1188105,28,,,1,30,,1188107,28,,,1,72,,1188095,28,,,1,71,,1035587,28,,,1,30,,1188096,28,,,1,70,,1040735,28,,,1,32,,1188094,28,,,1,69,,1188110,28,,,1,30,,1188118,28,,,1,70,,1188100,28,,,1,27,,1188120,28,,,1,70,,1188098,28,,,1,28,,1188117,28,,,1,30,,1188114,28,,,1,65,,1188093,28,,,1,30,,1039240,28,,,1,70,,1188119,28,,,1,27,,1188109,28,,,1,68,,1057210,28,,,1,30,,1188104,28,,,1,100,,995683,28,,,1
11201,'6',554,,1188126,28,,,1,70,,1188149,28,,,1,32,,1188125,28,,,1,70,,1101243,28,,,1,76,,1188131,28,,,1,30,,1188124,28,,,1,27,,1188134,28,,,1,70,,1017692,28,,,1,30,,1188132,28,,,1,69,,1100113,28,,,1,30,,1188143,28,,,1,70,,1188121,28,,,1,30,,1188128,28,,,1,72,,1188145,28,,,1,70,,1188141,28,,,1,29,,1188123,28,,,1,30,,1188133,28,,,1,72,,1188142,28,,,1,71,,1188122,28,,,1,30,,1188144,28,,,1,70,,1188148,28,,,1,32,,1188147,28,,,1,69,,1188150,28,,,1,30,,1188140,28,,,1,70,,1188146,28,,,1,27,,1188129,28,,,1,70,,1188127,28,,,1,28,,1084813,28,,,1,30,,1188139,28,,,1,65,,1188137,28,,,1,30,,1188138,28,,,1,70,,1102998,28,,,1,27,,1188136,28,,,1,68,,1188135,28,,,1,30,,1188151,28,,,1,100,,1188130,28,,,1
11201,'7',541,,1188170,28,,,1,90,,1188174,28,,,1,100,,1188153,28,,,1,70,,1188178,28,,,1,30,,1188165,28,,,1,70,,1188181,28,,,1,32,,1188162,28,,,1,70,,1188173,28,,,1,30,,1188180,28,,,1,70,,1188158,28,,,1,31,,1188161,28,,,1,70,,1188177,28,,,1,30,,1188172,28,,,1,70,,1188155,28,,,1,30,,1188175,28,,,1,70,,1188163,28,,,1,30,,1188186,28,,,1,70,,1188185,28,,,1,30,,1188184,28,,,1,70,,1188152,28,,,1,30,,1188159,28,,,1,70,,1188169,28,,,1,30,,1188154,28,,,1,70,,1188164,28,,,1,30,,1188156,28,,,1,70,,1188166,28,,,1,29,,1188171,28,,,1,70,,1188179,28,,,1,29,,1188167,28,,,1,70,,1188160,28,,,1,30,,1188183,28,,,1,70,,1188157,28,,,1,30,,1188168,28,,,1,70,,1188182,28,,,1,110,,1188176,28,,,1
11201,'8',554,,1188195,28,,,1,70,,1188218,28,,,1,32,,1188194,28,,,1,70,,1188219,28,,,1,76,,1188200,28,,,1,30,,1188193,28,,,1,27,,1188203,28,,,1,70,,1188188,28,,,1,30,,1188201,28,,,1,69,,1188221,28,,,1,30,,1188212,28,,,1,70,,1188189,28,,,1,30,,1188197,28,,,1,72,,1188214,28,,,1,70,,1188210,28,,,1,29,,1188192,28,,,1,30,,1188202,28,,,1,72,,1188211,28,,,1,71,,1188190,28,,,1,30,,1188213,28,,,1,70,,1188217,28,,,1,32,,1188216,28,,,1,69,,1188220,28,,,1,30,,1188209,28,,,1,70,,1188215,28,,,1,27,,1188198,28,,,1,70,,1188196,28,,,1,28,,1188187,28,,,1,30,,1188208,28,,,1,65,,1188206,28,,,1,30,,1188207,28,,,1,70,,1188191,28,,,1,27,,1188205,28,,,1,68,,1188204,28,,,1,30,,1188222,28,,,1,100,,1188199,28,,,1
11201,'9',554,,1188246,28,,,1,70,,1188231,28,,,1,32,,979202,28,,,1,70,,1188242,28,,,1,76,,1188245,28,,,1,30,,1188238,28,,,1,27,,1188232,28,,,1,70,,1188243,28,,,1,30,,1071598,28,,,1,69,,1188241,28,,,1,30,,1089064,28,,,1,70,,1188233,28,,,1,30,,1188236,28,,,1,72,,1188227,28,,,1,70,,1188229,28,,,1,29,,1188235,28,,,1,30,,1188237,28,,,1,72,,1188225,28,,,1,71,,1036057,28,,,1,30,,1188226,28,,,1,70,,1041050,28,,,1,32,,1188224,28,,,1,69,,1188240,28,,,1,30,,1188248,28,,,1,70,,1188230,28,,,1,27,,1188250,28,,,1,70,,1188228,28,,,1,28,,1188247,28,,,1,30,,1188244,28,,,1,65,,1188223,28,,,1,30,,1039413,28,,,1,70,,1188249,28,,,1,27,,1188239,28,,,1,68,,1057236,28,,,1,30,,1188234,28,,,1,100,,996077,28,,,1
61001,'1',1513,,1198921,30,,,1
61001,'10',1513,,1198922,30,,,1
61001,'11',1513,,1198923,30,,,1
61001,'12',1513,,1198924,30,,,1
61001,'14',1513,,1198925,30,,,1
61001,'15',1513,,1198926,30,,,1
61001,'16',1513,,1198927,30,,,1
61001,'5',1513,,1198928,30,,,1
61001,'6',1513,,1198929,30,,,1
61001,'8',1513,,1198930,30,,,1
61001,'9',1513,,1198931,30,,,1
68801,'1',1430,,1200571,3,,,1
68801,'10',1430,,1200573,3,,,1
68801,'11',1430,,1200575,3,,,1
68801,'12',1430,,1200578,3,,,1
68801,'14',1430,,1200581,3,,,1
68801,'15',1430,,1200584,3,,,1
68801,'16',1430,,1200587,3,,,1
68801,'5',1430,,1200589,3,,,1
68801,'6',1430,,1200592,3,,,1
68801,'8',1430,,1200595,3,,,1
68801,'9',1430,,1200597,3,,,1
