22100,'1',642,,1196315,13,,,1,70,,1086684,13,,,1
22100,'10',642,,1196316,13,,,1,70,,1086514,13,,,1
22100,'11',642,,1196317,13,,,1,70,,1086739,13,,,1
22100,'12',642,,1196318,13,,,1,70,,1196320,13,,,1
22100,'14',642,,1196322,13,,,1,70,,1196321,13,,,1
22100,'15',642,,1196327,13,,,1,70,,1196325,13,,,1
22100,'16',642,,1038841,13,,,1,70,,1196331,13,,,1
22100,'5',642,,1196332,13,,,1,70,,1086658,13,,,1
22100,'6',642,,1196334,13,,,1,70,,1196336,13,,,1
22100,'8',642,,1196338,13,,,1,70,,1196340,13,,,1
22100,'9',642,,1196341,13,,,1,70,,1086570,13,,,1
22101,'1',1708,,1196343,50,4,,1,101,,1196344,50,4,,1
22101,'10',1708,,1196347,50,4,,1,101,,1196348,50,4,,1
22101,'11',1708,,1196351,50,4,,1,101,,1196352,50,4,,1
22101,'12',1708,,1196356,50,4,,1,101,,1196357,50,4,,1
22101,'14',1708,,1196359,50,4,,1,101,,1196360,50,4,,1
22101,'15',1708,,1196364,50,4,,1,101,,1196365,50,4,,1
22101,'16',1708,,1196368,50,4,,1,101,,1196369,50,4,,1
22101,'5',1708,,1196371,50,4,,1,101,,1196372,50,4,,1
22101,'6',1708,,1196375,50,4,,1,101,,1196376,50,4,,1
22101,'8',1708,,1196379,50,4,,1,101,,1196380,50,4,,1
22101,'9',1708,,1196382,50,4,,1,101,,1196383,50,4,,1
