6700,'1',601,,1157418,12,,,1,39,,1157432,12,,,1,71,,1157411,12,,,1,26,,1157419,12,,,1,73,,1157429,12,,,1,31,,1157404,12,,,1,69,,1157415,12,0,9 10,1,29,,1157410,12,0,9 10,1,70,,1157428,12,0,9 10,1,30,,1157401,12,0,9 10,1,70,,1157420,12,0,9 10,1,28,,1157416,12,0,9 10,1,70,,1157407,12,0,9 10,1,31,,1157426,12,0,9 10,1,70,,1157408,12,0,9 10,1,30,,1157413,12,0,9 10,1,70,,1157425,12,0,9 10,1,31,,1157430,12,0,9 10,1,71,,1157422,12,0,9 10,1,31,,1157412,12,0,9 10,1,70,,1157417,12,0,9 10,1,30,,1157403,12,0,9 10,1,75,,1157409,12,0,9 10,1,30,,1157423,12,0,9 10,1,71,,1157431,12,0,9 10,1,30,,1157406,12,0,9 10,1,70,,1157421,12,0,9 10,1,29,,1157402,12,0,9 10,1,68,,1157427,12,0,9 10,1,25,,1157424,12,0,9 10,1,100,,1157414,12,0,9 10,1
6700,'10',601,,1157450,12,,,1,39,,1157464,12,,,1,71,,1157443,12,,,1,26,,1157451,12,,,1,73,,1157461,12,,,1,31,,1157436,12,,,1,69,,1157447,12,0,9 10,1,29,,1157442,12,0,9 10,1,70,,1157460,12,0,9 10,1,30,,1157433,12,0,9 10,1,70,,1157452,12,0,9 10,1,28,,1157448,12,0,9 10,1,70,,1157439,12,0,9 10,1,31,,1157458,12,0,9 10,1,70,,1157440,12,0,9 10,1,30,,1157445,12,0,9 10,1,70,,1157457,12,0,9 10,1,31,,1157462,12,0,9 10,1,71,,1157454,12,0,9 10,1,31,,1157444,12,0,9 10,1,70,,1157449,12,0,9 10,1,30,,1157435,12,0,9 10,1,75,,1157441,12,0,9 10,1,30,,1157455,12,0,9 10,1,71,,1157463,12,0,9 10,1,30,,1157438,12,0,9 10,1,70,,1157453,12,0,9 10,1,29,,1157434,12,0,9 10,1,68,,1157459,12,0,9 10,1,25,,1157456,12,0,9 10,1,100,,1157446,12,0,9 10,1
6700,'11',601,,1157482,12,,,1,39,,1157496,12,,,1,71,,1157475,12,,,1,26,,1157483,12,,,1,73,,1157493,12,,,1,31,,1157468,12,,,1,69,,1157479,12,0,9 10,1,29,,1157474,12,0,9 10,1,70,,1157492,12,0,9 10,1,30,,1157465,12,0,9 10,1,70,,1157484,12,0,9 10,1,28,,1157480,12,0,9 10,1,70,,1157471,12,0,9 10,1,31,,1157490,12,0,9 10,1,70,,1157472,12,0,9 10,1,30,,1157477,12,0,9 10,1,70,,1157489,12,0,9 10,1,31,,1157494,12,0,9 10,1,71,,1157486,12,0,9 10,1,31,,1157476,12,0,9 10,1,70,,1157481,12,0,9 10,1,30,,1157467,12,0,9 10,1,75,,1157473,12,0,9 10,1,30,,1157487,12,0,9 10,1,71,,1157495,12,0,9 10,1,30,,1157470,12,0,9 10,1,70,,1157485,12,0,9 10,1,29,,1157466,12,0,9 10,1,68,,1157491,12,0,9 10,1,25,,1157488,12,0,9 10,1,100,,1157478,12,0,9 10,1
6700,'12',601,,1157517,12,,,1,39,,1157516,12,,,1,71,,1157498,12,,,1,26,,1157497,12,,,1,73,,1157504,12,,,1,31,,1157519,12,,,1,69,,1021443,12,0,9 10,1,29,,1157508,12,0,9 10,1,70,,1157502,12,0,9 10,1,30,,1157522,12,0,9 10,1,70,,1157503,12,0,9 10,1,28,,1157505,12,0,9 10,1,70,,1157510,12,0,9 10,1,31,,1157518,12,0,9 10,1,70,,1157521,12,0,9 10,1,30,,1157500,12,0,9 10,1,70,,1157512,12,0,9 10,1,31,,1157511,12,0,9 10,1,71,,1028658,12,0,9 10,1,31,,1157506,12,0,9 10,1,70,,1054229,12,0,9 10,1,30,,1157514,12,0,9 10,1,75,,1157520,12,0,9 10,1,30,,1157499,12,0,9 10,1,71,,1157513,12,0,9 10,1,30,,1157515,12,0,9 10,1,70,,1030001,12,0,9 10,1,29,,1157507,12,0,9 10,1,68,,1157523,12,0,9 10,1,25,,1064882,12,0,9 10,1,100,,1157501,12,0,9 10,1
6700,'13',743,,1157532,12,0,9 10,1,100,,1157535,12,0,9 10,1,100,,1157531,12,0,9 10,1,70,,1157537,12,0,9 10,1,30,,1157524,12,0,9 10,1,70,,1157540,12,0,9 10,1,30,,1157529,12,0,9 10,1,70,,1157527,12,0,9 10,1,30,,1157526,12,0,9 10,1,70,,1157536,12,0,9 10,1,30,,1157534,12,0,9 10,1,70,,1157533,12,0,9 10,1,30,,1157525,12,0,9 10,1,70,,1157538,12,0,9 10,1,30,,1095072,12,0,9 10,1,70,,1157539,12,0,9 10,1,30,,1091530,12,0,9 10,1,70,,1157528,12,0,9 10,1,100,,1157530,12,0,9 10,1,100,,1046208,12,0,9 10,1
6700,'14',601,,1157558,12,,,1,39,,1157572,12,,,1,71,,1157551,12,,,1,26,,1157559,12,,,1,73,,1157569,12,,,1,31,,1157544,12,,,1,69,,1157555,12,0,9 10,1,29,,1157550,12,0,9 10,1,70,,1157568,12,0,9 10,1,30,,1157541,12,0,9 10,1,70,,1157560,12,0,9 10,1,28,,1157556,12,0,9 10,1,70,,1157547,12,0,9 10,1,31,,1157566,12,0,9 10,1,70,,1157548,12,0,9 10,1,30,,1157553,12,0,9 10,1,70,,1157565,12,0,9 10,1,31,,1157570,12,0,9 10,1,71,,1157562,12,0,9 10,1,31,,1157552,12,0,9 10,1,70,,1157557,12,0,9 10,1,30,,1157543,12,0,9 10,1,75,,1157549,12,0,9 10,1,30,,1157563,12,0,9 10,1,71,,1157571,12,0,9 10,1,30,,1157546,12,0,9 10,1,70,,1157561,12,0,9 10,1,29,,1157542,12,0,9 10,1,68,,1157567,12,0,9 10,1,25,,1157564,12,0,9 10,1,100,,1157554,12,0,9 10,1
6700,'15',601,,1157584,12,,,1,39,,1157603,12,,,1,71,,1157602,12,,,1,26,,1157582,12,,,1,73,,1157594,12,,,1,31,,1157588,12,,,1,69,,1157591,12,0,9 10,1,29,,1157585,12,0,9 10,1,70,,1157583,12,0,9 10,1,30,,1157587,12,0,9 10,1,70,,1157589,12,0,9 10,1,28,,1157578,12,0,9 10,1,70,,1157577,12,0,9 10,1,31,,1157595,12,0,9 10,1,70,,1157604,12,0,9 10,1,30,,1157575,12,0,9 10,1,70,,1157590,12,0,9 10,1,31,,1157596,12,0,9 10,1,71,,1157574,12,0,9 10,1,31,,1157592,12,0,9 10,1,70,,1157573,12,0,9 10,1,30,,1157597,12,0,9 10,1,75,,1157601,12,0,9 10,1,30,,1157580,12,0,9 10,1,71,,1157579,12,0,9 10,1,30,,1157598,12,0,9 10,1,70,,1157593,12,0,9 10,1,29,,1157581,12,0,9 10,1,68,,1157599,12,0,9 10,1,25,,1157600,12,0,9 10,1,100,,1157586,12,0,9 10,1
6700,'16',601,,1157623,12,,,1,39,,1157622,12,,,1,71,,964684,12,,,1,26,,1157605,12,,,1,73,,1157610,12,,,1,31,,1157625,12,,,1,69,,1157633,12,0,9 10,1,29,,1157614,12,0,9 10,1,70,,1084483,12,0,9 10,1,30,,1157629,12,0,9 10,1,70,,1157609,12,0,9 10,1,28,,1157611,12,0,9 10,1,70,,1157616,12,0,9 10,1,31,,1157624,12,0,9 10,1,70,,1157627,12,0,9 10,1,30,,1157607,12,0,9 10,1,70,,1157618,12,0,9 10,1,31,,1157617,12,0,9 10,1,71,,1157631,12,0,9 10,1,31,,1157612,12,0,9 10,1,70,,1157628,12,0,9 10,1,30,,1157620,12,0,9 10,1,75,,1157626,12,0,9 10,1,30,,1079593,12,0,9 10,1,71,,1157619,12,0,9 10,1,30,,1157621,12,0,9 10,1,70,,1157606,12,0,9 10,1,29,,1157613,12,0,9 10,1,68,,1157630,12,0,9 10,1,25,,1157632,12,0,9 10,1,100,,1157608,12,0,9 10,1
6700,'17',743,,1157643,12,0,9 10,1,100,,1157646,12,0,9 10,1,100,,1157642,12,0,9 10,1,70,,1157648,12,0,9 10,1,30,,1157634,12,0,9 10,1,70,,1157653,12,0,9 10,1,30,,1157640,12,0,9 10,1,70,,1157637,12,0,9 10,1,30,,1157636,12,0,9 10,1,70,,1157647,12,0,9 10,1,30,,1157645,12,0,9 10,1,70,,1157644,12,0,9 10,1,30,,1157635,12,0,9 10,1,70,,1157649,12,0,9 10,1,30,,1157638,12,0,9 10,1,70,,1157650,12,0,9 10,1,30,,1157651,12,0,9 10,1,70,,1157639,12,0,9 10,1,100,,1157641,12,0,9 10,1,100,,1157652,12,0,9 10,1
6700,'2',716,,1157658,12,0,9 10,1,100,,1157663,12,0,9 10,1,30,,1157673,12,0,9 10,1,70,,1157656,12,0,9 10,1,30,,1157657,12,0,9 10,1,70,,1157662,12,0,9 10,1,30,,1157670,12,0,9 10,1,70,,1157665,12,0,9 10,1,30,,1157659,12,0,9 10,1,70,,1157667,12,0,9 10,1,30,,1157672,12,0,9 10,1,70,,1157664,12,0,9 10,1,30,,1157668,12,0,9 10,1,70,,1157654,12,0,9 10,1,30,,1005876,12,0,9 10,1,70,,1157675,12,0,9 10,1,30,,1157671,12,0,9 10,1,70,,1157674,12,0,9 10,1,30,,1157660,12,0,9 10,1,70,,1157669,12,0,9 10,1,100,,1157666,12,0,9 10,1,100,,1157661,12,0,9 10,1,100,,1157655,12,0,9 10,1,100,,1011233,12,0,9 10,1
6700,'3',743,,1157685,12,0,9 10,1,100,,1157688,12,0,9 10,1,100,,1157684,12,0,9 10,1,70,,1157690,12,0,9 10,1,30,,1157676,12,0,9 10,1,70,,1157695,12,0,9 10,1,30,,1157682,12,0,9 10,1,70,,1157679,12,0,9 10,1,30,,1157678,12,0,9 10,1,70,,1157689,12,0,9 10,1,30,,1157687,12,0,9 10,1,70,,1157686,12,0,9 10,1,30,,1157677,12,0,9 10,1,70,,1157691,12,0,9 10,1,30,,1157680,12,0,9 10,1,70,,1157692,12,0,9 10,1,30,,1157693,12,0,9 10,1,70,,1157681,12,0,9 10,1,100,,1157683,12,0,9 10,1,100,,1157694,12,0,9 10,1
6700,'4',743,,1157710,12,0,9 10,1,100,,1157713,12,0,9 10,1,100,,1157701,12,0,9 10,1,70,,1157704,12,0,9 10,1,30,,1157696,12,0,9 10,1,70,,1157709,12,0,9 10,1,30,,1157699,12,0,9 10,1,70,,1157697,12,0,9 10,1,30,,1157705,12,0,9 10,1,70,,1157711,12,0,9 10,1,30,,1157702,12,0,9 10,1,70,,1157708,12,0,9 10,1,30,,1157706,12,0,9 10,1,70,,1157700,12,0,9 10,1,30,,1157707,12,0,9 10,1,70,,1003106,12,0,9 10,1,30,,1157698,12,0,9 10,1,70,,1157703,12,0,9 10,1,100,,1157712,12,0,9 10,1,100,,1091179,12,0,9 10,1
6700,'5',601,,1157731,12,,,1,39,,1157745,12,,,1,71,,1157724,12,,,1,26,,1157732,12,,,1,73,,1157742,12,,,1,31,,1157717,12,,,1,69,,1157728,12,0,9 10,1,29,,1157723,12,0,9 10,1,70,,1157741,12,0,9 10,1,30,,1157714,12,0,9 10,1,70,,1157733,12,0,9 10,1,28,,1157729,12,0,9 10,1,70,,1157720,12,0,9 10,1,31,,1157739,12,0,9 10,1,70,,1157721,12,0,9 10,1,30,,1157726,12,0,9 10,1,70,,1157738,12,0,9 10,1,31,,1157743,12,0,9 10,1,71,,1157735,12,0,9 10,1,31,,1157725,12,0,9 10,1,70,,1157730,12,0,9 10,1,30,,1157716,12,0,9 10,1,75,,1157722,12,0,9 10,1,30,,1157736,12,0,9 10,1,71,,1157744,12,0,9 10,1,30,,1157719,12,0,9 10,1,70,,1157734,12,0,9 10,1,29,,1157715,12,0,9 10,1,68,,1157740,12,0,9 10,1,25,,1157737,12,0,9 10,1,100,,1157727,12,0,9 10,1
6700,'6',601,,1157764,12,,,1,39,,1157763,12,,,1,71,,1157746,12,,,1,26,,1081116,12,,,1,73,,1157751,12,,,1,31,,1157766,12,,,1,69,,1157773,12,0,9 10,1,29,,1157755,12,0,9 10,1,70,,1157749,12,0,9 10,1,30,,920164,12,0,9 10,1,70,,1157750,12,0,9 10,1,28,,1157752,12,0,9 10,1,70,,1157757,12,0,9 10,1,31,,1157765,12,0,9 10,1,70,,1157768,12,0,9 10,1,30,,1040779,12,0,9 10,1,70,,1157759,12,0,9 10,1,31,,1157758,12,0,9 10,1,71,,1157771,12,0,9 10,1,31,,1157753,12,0,9 10,1,70,,1157769,12,0,9 10,1,30,,1157761,12,0,9 10,1,75,,1157767,12,0,9 10,1,30,,1157747,12,0,9 10,1,71,,1157760,12,0,9 10,1,30,,1157762,12,0,9 10,1,70,,1157748,12,0,9 10,1,29,,1157754,12,0,9 10,1,68,,1157770,12,0,9 10,1,25,,1157772,12,0,9 10,1,100,,1087675,12,0,9 10,1
6700,'7',716,,1157794,12,0,9 10,1,100,,1157781,12,0,9 10,1,30,,1157782,12,0,9 10,1,70,,1157776,12,0,9 10,1,30,,1157791,12,0,9 10,1,70,,1157788,12,0,9 10,1,30,,1157795,12,0,9 10,1,70,,1157796,12,0,9 10,1,30,,1157779,12,0,9 10,1,70,,1157793,12,0,9 10,1,30,,1157797,12,0,9 10,1,70,,1157778,12,0,9 10,1,30,,1157790,12,0,9 10,1,70,,1157787,12,0,9 10,1,30,,1157786,12,0,9 10,1,70,,1157780,12,0,9 10,1,30,,1157783,12,0,9 10,1,70,,1157789,12,0,9 10,1,30,,1157785,12,0,9 10,1,70,,1157774,12,0,9 10,1,100,,1157784,12,0,9 10,1,100,,1157777,12,0,9 10,1,100,,1157792,12,0,9 10,1,100,,1157775,12,0,9 10,1
6700,'8',601,,1157819,12,,,1,39,,1157818,12,,,1,71,,1157799,12,,,1,26,,1157798,12,,,1,73,,1157806,12,,,1,31,,1157821,12,,,1,69,,1157829,12,0,9 10,1,29,,1157810,12,0,9 10,1,70,,1157804,12,0,9 10,1,30,,1157825,12,0,9 10,1,70,,1157805,12,0,9 10,1,28,,1157807,12,0,9 10,1,70,,1157812,12,0,9 10,1,31,,1157820,12,0,9 10,1,70,,1157823,12,0,9 10,1,30,,1157802,12,0,9 10,1,70,,1157814,12,0,9 10,1,31,,1157813,12,0,9 10,1,71,,1157827,12,0,9 10,1,31,,1157808,12,0,9 10,1,70,,1157824,12,0,9 10,1,30,,1157816,12,0,9 10,1,75,,1157822,12,0,9 10,1,30,,1157800,12,0,9 10,1,71,,1157815,12,0,9 10,1,30,,1157817,12,0,9 10,1,70,,1157801,12,0,9 10,1,29,,1157809,12,0,9 10,1,68,,1157826,12,0,9 10,1,25,,1157828,12,0,9 10,1,100,,1157803,12,0,9 10,1
6700,'9',601,,1157847,12,,,1,39,,1157861,12,,,1,71,,1157840,12,,,1,26,,1157848,12,,,1,73,,1157858,12,,,1,31,,1157833,12,,,1,69,,1157844,12,0,9 10,1,29,,1157839,12,0,9 10,1,70,,1157857,12,0,9 10,1,30,,1157830,12,0,9 10,1,70,,1157849,12,0,9 10,1,28,,1157845,12,0,9 10,1,70,,1157836,12,0,9 10,1,31,,1157855,12,0,9 10,1,70,,1157837,12,0,9 10,1,30,,1157842,12,0,9 10,1,70,,1157854,12,0,9 10,1,31,,1157859,12,0,9 10,1,71,,1157851,12,0,9 10,1,31,,1157841,12,0,9 10,1,70,,1157846,12,0,9 10,1,30,,1157832,12,0,9 10,1,75,,1157838,12,0,9 10,1,30,,1157852,12,0,9 10,1,71,,1157860,12,0,9 10,1,30,,1157835,12,0,9 10,1,70,,1157850,12,0,9 10,1,29,,1157831,12,0,9 10,1,68,,1157856,12,0,9 10,1,25,,1157853,12,0,9 10,1,100,,1157843,12,0,9 10,1
