7000,'1',534,,1160248,8,,,1,76,,1160243,8,,,1,12,,1160247,8,,,1,14,,1160244,8,,,1,15,,1160216,8,,,1,55,,1160224,8,,,1,15,,1160228,8,,,1,13,,1160215,8,,,1,15,,1160252,8,,,1,55,,1088754,8,,,1,17,,1160214,8,,,1,11,,1160219,8,,,1,74,,1062610,8,,,1,32,,1160227,8,,,1,70,,1160238,8,,,1,30,,1160253,8,,,1,70,,1160246,8,,,1,30,,969079,8,,,1,70,,1160218,8,,,1,30,,1160239,8,,,1,70,,1160251,8,,,1,30,,1160222,8,,,1,69,,1160245,8,,,1,30,,1160235,8,,,1,69,,1160237,8,,,1,30,,1160240,8,,,1,12,,1160249,8,,,1,55,,1160233,8,,,1,15,,995209,8,,,1,15,,1084453,8,,,1,15,,1160250,8,,,1,55,,1094143,8,,,1,15,,1160229,8,,,1,15,,1160232,8,,,1,15,,1032084,8,,,1,55,,1160225,8,,,1,17,,1160236,8,,,1,17,,1160231,8,,,1,15,,1160226,8,,,1,57,,1160241,8,,,1,30,,1160242,8,,,1,70,,1005617,8,,,1,34,,1160221,8,,,1,70,,1160220,8,,,1,30,,1160234,8,,,1,100,,1038250,8,,,1
7000,'10',534,,1160288,8,,,1,76,,1160283,8,,,1,12,,1160287,8,,,1,14,,1160284,8,,,1,15,,1160256,8,,,1,55,,1160264,8,,,1,15,,1160268,8,,,1,13,,1160255,8,,,1,15,,1160292,8,,,1,55,,1088349,8,,,1,17,,1160254,8,,,1,11,,1160259,8,,,1,74,,1062300,8,,,1,32,,1160267,8,,,1,70,,1160278,8,,,1,30,,1160293,8,,,1,70,,1160286,8,,,1,30,,968753,8,,,1,70,,1160258,8,,,1,30,,1160279,8,,,1,70,,1160291,8,,,1,30,,1160262,8,,,1,69,,1160285,8,,,1,30,,1160275,8,,,1,69,,1160277,8,,,1,30,,1160280,8,,,1,12,,1160289,8,,,1,55,,1160273,8,,,1,15,,995378,8,,,1,15,,1084269,8,,,1,15,,1160290,8,,,1,55,,1093923,8,,,1,15,,1160269,8,,,1,15,,1160272,8,,,1,15,,1032263,8,,,1,55,,1160265,8,,,1,17,,1160276,8,,,1,17,,1160271,8,,,1,15,,1160266,8,,,1,57,,1160281,8,,,1,30,,1160282,8,,,1,70,,1005704,8,,,1,34,,1160261,8,,,1,70,,1160260,8,,,1,30,,1160274,8,,,1,100,,1038382,8,,,1
7000,'11',534,,1160328,8,,,1,76,,1160323,8,,,1,12,,1160327,8,,,1,14,,1160324,8,,,1,15,,1160296,8,,,1,55,,1160304,8,,,1,15,,1160308,8,,,1,13,,1160295,8,,,1,15,,1160332,8,,,1,55,,1088875,8,,,1,17,,1160294,8,,,1,11,,1160299,8,,,1,74,,1062688,8,,,1,32,,1160307,8,,,1,70,,1160318,8,,,1,30,,1160333,8,,,1,70,,1160326,8,,,1,30,,969027,8,,,1,70,,1160298,8,,,1,30,,1160319,8,,,1,70,,1160331,8,,,1,30,,1160302,8,,,1,69,,1160325,8,,,1,30,,1160315,8,,,1,69,,1160317,8,,,1,30,,1160320,8,,,1,12,,1160329,8,,,1,55,,1160313,8,,,1,15,,995161,8,,,1,15,,1084509,8,,,1,15,,1160330,8,,,1,55,,1094206,8,,,1,15,,1160309,8,,,1,15,,1160312,8,,,1,15,,1032030,8,,,1,55,,1160305,8,,,1,17,,1160316,8,,,1,17,,1160311,8,,,1,15,,1160306,8,,,1,57,,1160321,8,,,1,30,,1160322,8,,,1,70,,1005592,8,,,1,34,,1160301,8,,,1,70,,1160300,8,,,1,30,,1160314,8,,,1,100,,1038216,8,,,1
7000,'12',534,,1160368,8,,,1,76,,1160362,8,,,1,12,,1160339,8,,,1,14,,1160355,8,,,1,15,,1160356,8,,,1,55,,1160345,8,,,1,15,,1160352,8,,,1,13,,1160369,8,,,1,15,,1160350,8,,,1,55,,1160374,8,,,1,17,,1070273,8,,,1,11,,1160372,8,,,1,74,,1160375,8,,,1,32,,1160365,8,,,1,70,,1160337,8,,,1,30,,1160343,8,,,1,70,,1160379,8,,,1,30,,1160334,8,,,1,70,,1160349,8,,,1,30,,1160378,8,,,1,70,,1160347,8,,,1,30,,1160344,8,,,1,69,,1098529,8,,,1,30,,1160370,8,,,1,69,,1160341,8,,,1,30,,1160351,8,,,1,12,,1160367,8,,,1,55,,1160340,8,,,1,15,,1160359,8,,,1,15,,1160361,8,,,1,15,,1087158,8,,,1,55,,1160348,8,,,1,15,,1160342,8,,,1,15,,1160376,8,,,1,15,,1160335,8,,,1,55,,1160371,8,,,1,17,,1160357,8,,,1,17,,1160346,8,,,1,15,,1160373,8,,,1,57,,1160364,8,,,1,30,,1160338,8,,,1,70,,1160353,8,,,1,34,,1160363,8,,,1,70,,1160336,8,,,1,30,,1160354,8,,,1,100,,1160377,8,,,1
7000,'13',729,,1160383,8,,,1,100,,1160392,8,,,1,100,,1079465,8,,,1,30,,1160405,8,,,1,70,,1160387,8,,,1,30,,1160400,8,,,1,70,,1160406,8,,,1,30,,1160399,8,,,1,70,,1160395,8,,,1,30,,1160390,8,,,1,70,,1160381,8,,,1,30,,1160408,8,,,1,70,,1160397,8,,,1,30,,1160398,8,,,1,70,,1160385,8,,,1,30,,1077439,8,,,1,70,,1160391,8,,,1,30,,1160389,8,,,1,70,,1160407,8,,,1,30,,1160396,8,,,1,70,,1160403,8,,,1,30,,1082590,8,,,1,70,,1160394,8,,,1,30,,1160382,8,,,1,100,,1160384,8,,,1,100,,1160401,8,,,1,145,,1160380,8,,,1
7000,'14',534,,1160451,8,,,1,76,,1160444,8,,,1,12,,1160449,8,,,1,14,,1160445,8,,,1,15,,1160414,8,,,1,55,,1160424,8,,,1,15,,1160429,8,,,1,13,,1160411,8,,,1,15,,1160455,8,,,1,55,,1160416,8,,,1,17,,1160410,8,,,1,11,,1160419,8,,,1,74,,1160450,8,,,1,32,,1160428,8,,,1,70,,1160439,8,,,1,30,,1160457,8,,,1,70,,1160448,8,,,1,30,,1160409,8,,,1,70,,1160418,8,,,1,30,,1160440,8,,,1,70,,1160454,8,,,1,30,,1160422,8,,,1,69,,1160447,8,,,1,30,,1160436,8,,,1,69,,1160438,8,,,1,30,,1160441,8,,,1,12,,1160452,8,,,1,55,,1160434,8,,,1,15,,1160412,8,,,1,15,,1160446,8,,,1,15,,1160453,8,,,1,55,,1160425,8,,,1,15,,1160430,8,,,1,15,,1160433,8,,,1,15,,1160413,8,,,1,55,,1160426,8,,,1,17,,1160437,8,,,1,17,,1160432,8,,,1,15,,1160427,8,,,1,57,,1160442,8,,,1,30,,1160443,8,,,1,70,,1160456,8,,,1,34,,1160421,8,,,1,70,,1160420,8,,,1,30,,1160435,8,,,1,100,,1160417,8,,,1
7000,'15',534,,1160504,8,,,1,76,,1160469,8,,,1,12,,1160477,8,,,1,14,,1160486,8,,,1,15,,1160496,8,,,1,55,,1160500,8,,,1,15,,1160474,8,,,1,13,,1160505,8,,,1,15,,1160462,8,,,1,55,,1160484,8,,,1,17,,1160503,8,,,1,11,,1160461,8,,,1,74,,1160487,8,,,1,32,,1160497,8,,,1,70,,1160502,8,,,1,30,,1160485,8,,,1,70,,1160471,8,,,1,30,,1160464,8,,,1,70,,1160499,8,,,1,30,,1160480,8,,,1,70,,1160490,8,,,1,30,,1160478,8,,,1,69,,1160470,8,,,1,30,,1160463,8,,,1,69,,1160458,8,,,1,30,,1160495,8,,,1,12,,1160472,8,,,1,55,,1160494,8,,,1,15,,1160479,8,,,1,15,,1160489,8,,,1,15,,1160460,8,,,1,55,,1160482,8,,,1,15,,1160467,8,,,1,15,,1160506,8,,,1,15,,1160465,8,,,1,55,,1160491,8,,,1,17,,1160476,8,,,1,17,,1160468,8,,,1,15,,1160488,8,,,1,57,,1160498,8,,,1,30,,1160475,8,,,1,70,,1160492,8,,,1,34,,1160501,8,,,1,70,,1160473,8,,,1,30,,1160481,8,,,1,100,,1160459,8,,,1
7000,'16',534,,1160539,8,,,1,76,,1160534,8,,,1,12,,1160512,8,,,1,14,,1016356,8,,,1,15,,1160528,8,,,1,55,,1160519,8,,,1,15,,1160525,8,,,1,13,,1160540,8,,,1,15,,1160523,8,,,1,55,,1160545,8,,,1,17,,1160513,8,,,1,11,,1160543,8,,,1,74,,1160547,8,,,1,32,,1088843,8,,,1,70,,1160510,8,,,1,30,,1160517,8,,,1,70,,1076345,8,,,1,30,,1160507,8,,,1,70,,1160522,8,,,1,30,,1076343,8,,,1,70,,1075063,8,,,1,30,,1160518,8,,,1,69,,1160546,8,,,1,30,,1160541,8,,,1,69,,1160515,8,,,1,30,,1160524,8,,,1,12,,1160538,8,,,1,55,,1067427,8,,,1,15,,1160531,8,,,1,15,,1160533,8,,,1,15,,1160514,8,,,1,55,,1160521,8,,,1,15,,1160516,8,,,1,15,,1160548,8,,,1,15,,1160508,8,,,1,55,,1160542,8,,,1,17,,1160529,8,,,1,17,,1160520,8,,,1,15,,1160544,8,,,1,57,,1160536,8,,,1,30,,1160511,8,,,1,70,,1160526,8,,,1,34,,1160535,8,,,1,70,,1160509,8,,,1,30,,1160527,8,,,1,100,,1160549,8,,,1
7000,'17',729,,1160553,8,,,1,100,,1160563,8,,,1,100,,1160556,8,,,1,30,,1160576,8,,,1,70,,1160558,8,,,1,30,,1160571,8,,,1,70,,1160577,8,,,1,30,,1160570,8,,,1,70,,1160566,8,,,1,30,,1160561,8,,,1,70,,1160551,8,,,1,30,,1160579,8,,,1,70,,1160568,8,,,1,30,,1160569,8,,,1,70,,1160555,8,,,1,30,,1160581,8,,,1,70,,1160562,8,,,1,30,,1160560,8,,,1,70,,1160578,8,,,1,30,,1160567,8,,,1,70,,1160574,8,,,1,30,,1160580,8,,,1,70,,1160565,8,,,1,30,,1160552,8,,,1,100,,1160554,8,,,1,100,,1160572,8,,,1,145,,1160550,8,,,1
7000,'2',542,,1160599,8,,,1,70,,1072505,8,,,1,30,,1160603,8,,,1,70,,1069924,8,,,1,100,,1160586,8,,,1,100,,1160606,8,,,1,30,,1160597,8,,,1,70,,1160591,8,,,1,30,,1160598,8,,,1,70,,1160595,8,,,1,30,,1160605,8,,,1,70,,1160582,8,,,1,30,,1160585,8,,,1,70,,1064808,8,,,1,30,,1160583,8,,,1,70,,1160589,8,,,1,30,,1160587,8,,,1,70,,1160584,8,,,1,30,,1080366,8,,,1,70,,1160609,8,,,1,30,,1160588,8,,,1,70,,1160592,8,,,1,30,,1088433,8,,,1,70,,1160608,8,,,1,30,,1160601,8,,,1,70,,1160596,8,,,1,30,,1160604,8,,,1,70,,1160594,8,,,1,30,,1160593,8,,,1,70,,1160600,8,,,1,100,,1160602,8,,,1,100,,1160607,8,,,1
7000,'3',729,,1160613,8,,,1,100,,1160623,8,,,1,100,,1160616,8,,,1,30,,1160636,8,,,1,70,,1160618,8,,,1,30,,1160631,8,,,1,70,,1160637,8,,,1,30,,1160630,8,,,1,70,,1160626,8,,,1,30,,1160621,8,,,1,70,,1160611,8,,,1,30,,1160639,8,,,1,70,,1160628,8,,,1,30,,1160629,8,,,1,70,,1160615,8,,,1,30,,1160641,8,,,1,70,,1160622,8,,,1,30,,1160620,8,,,1,70,,1160638,8,,,1,30,,1160627,8,,,1,70,,1160634,8,,,1,30,,1160640,8,,,1,70,,1160625,8,,,1,30,,1160612,8,,,1,100,,1160614,8,,,1,100,,1160632,8,,,1,145,,1160610,8,,,1
7000,'4',729,,1160661,8,,,1,100,,1160648,8,,,1,100,,1160645,8,,,1,30,,1160655,8,,,1,70,,1049681,8,,,1,30,,1160656,8,,,1,70,,1160649,8,,,1,30,,1160665,8,,,1,70,,1160668,8,,,1,30,,1160658,8,,,1,70,,1160666,8,,,1,30,,1160659,8,,,1,70,,1160643,8,,,1,30,,1160670,8,,,1,70,,1160669,8,,,1,30,,1160671,8,,,1,70,,1160667,8,,,1,30,,1160660,8,,,1,70,,1160652,8,,,1,30,,1160651,8,,,1,70,,1015761,8,,,1,30,,1160653,8,,,1,70,,1160642,8,,,1,30,,1160664,8,,,1,100,,1160646,8,,,1,100,,1160663,8,,,1,145,,1160662,8,,,1
7000,'5',534,,1160706,8,,,1,76,,1160701,8,,,1,12,,1160705,8,,,1,14,,1160702,8,,,1,15,,1160674,8,,,1,55,,1160682,8,,,1,15,,1160686,8,,,1,13,,1160673,8,,,1,15,,1160710,8,,,1,55,,1088690,8,,,1,17,,1160672,8,,,1,11,,1160677,8,,,1,74,,1062571,8,,,1,32,,1160685,8,,,1,70,,1160696,8,,,1,30,,1160711,8,,,1,70,,1160704,8,,,1,30,,969250,8,,,1,70,,1160676,8,,,1,30,,1160697,8,,,1,70,,1160709,8,,,1,30,,1160680,8,,,1,69,,1160703,8,,,1,30,,1160693,8,,,1,69,,1160695,8,,,1,30,,1160698,8,,,1,12,,1160707,8,,,1,55,,1160691,8,,,1,15,,994904,8,,,1,15,,1084420,8,,,1,15,,1160708,8,,,1,55,,1094104,8,,,1,15,,1160687,8,,,1,15,,1160690,8,,,1,15,,1031777,8,,,1,55,,1160683,8,,,1,17,,1160694,8,,,1,17,,1160689,8,,,1,15,,1160684,8,,,1,57,,1160699,8,,,1,30,,1160700,8,,,1,70,,1005451,8,,,1,34,,1160679,8,,,1,70,,1160678,8,,,1,30,,1160692,8,,,1,100,,1038021,8,,,1
7000,'6',534,,1160737,8,,,1,76,,1160731,8,,,1,12,,1021577,8,,,1,14,,1160724,8,,,1,15,,1160725,8,,,1,55,,1160716,8,,,1,15,,1095336,8,,,1,13,,1160738,8,,,1,15,,1160720,8,,,1,55,,995740,8,,,1,17,,1160712,8,,,1,11,,1160741,8,,,1,74,,1160744,8,,,1,32,,1160734,8,,,1,70,,1073080,8,,,1,30,,1053670,8,,,1,70,,1160746,8,,,1,30,,1088281,8,,,1,70,,1160719,8,,,1,30,,1160745,8,,,1,70,,1160718,8,,,1,30,,1160715,8,,,1,69,,1160743,8,,,1,30,,1160739,8,,,1,69,,1091977,8,,,1,30,,1160721,8,,,1,12,,1160736,8,,,1,55,,1160713,8,,,1,15,,1160728,8,,,1,15,,1160730,8,,,1,15,,1160714,8,,,1,55,,1084829,8,,,1,15,,993750,8,,,1,15,,1061868,8,,,1,15,,1098912,8,,,1,55,,1160740,8,,,1,17,,1160726,8,,,1,17,,1160717,8,,,1,15,,1160742,8,,,1,57,,1160733,8,,,1,30,,1065881,8,,,1,70,,1160722,8,,,1,34,,1160732,8,,,1,70,,1087663,8,,,1,30,,1160723,8,,,1,100,,1065910,8,,,1
7000,'7',542,,1160771,8,,,1,70,,1160765,8,,,1,30,,1160777,8,,,1,70,,1160754,8,,,1,100,,1160763,8,,,1,100,,1160768,8,,,1,30,,1160770,8,,,1,70,,1160759,8,,,1,30,,1160762,8,,,1,70,,1160760,8,,,1,30,,1160748,8,,,1,70,,1160747,8,,,1,30,,1160773,8,,,1,70,,1160761,8,,,1,30,,1160756,8,,,1,70,,1160758,8,,,1,30,,1160769,8,,,1,70,,1160778,8,,,1,30,,1160749,8,,,1,70,,1160776,8,,,1,30,,1160752,8,,,1,70,,1160755,8,,,1,30,,1160751,8,,,1,70,,1160750,8,,,1,30,,1160780,8,,,1,70,,1160779,8,,,1,30,,1160766,8,,,1,70,,1160775,8,,,1,30,,1160774,8,,,1,70,,1160772,8,,,1,100,,1160767,8,,,1,100,,1160764,8,,,1
7000,'8',534,,1160817,8,,,1,76,,1160811,8,,,1,12,,1160786,8,,,1,14,,1160804,8,,,1,15,,1160805,8,,,1,55,,1160794,8,,,1,15,,1160801,8,,,1,13,,1160818,8,,,1,15,,1160799,8,,,1,55,,1160823,8,,,1,17,,1160787,8,,,1,11,,1160821,8,,,1,74,,1160825,8,,,1,32,,1160814,8,,,1,70,,1160784,8,,,1,30,,1160792,8,,,1,70,,1160829,8,,,1,30,,1160781,8,,,1,70,,1160798,8,,,1,30,,1160828,8,,,1,70,,1160796,8,,,1,30,,1160793,8,,,1,69,,1160824,8,,,1,30,,1160819,8,,,1,69,,1160790,8,,,1,30,,1160800,8,,,1,12,,1160816,8,,,1,55,,1160788,8,,,1,15,,1160808,8,,,1,15,,1160810,8,,,1,15,,1160789,8,,,1,55,,1160797,8,,,1,15,,1160791,8,,,1,15,,1160826,8,,,1,15,,1160782,8,,,1,55,,1160820,8,,,1,17,,1160806,8,,,1,17,,1160795,8,,,1,15,,1160822,8,,,1,57,,1160813,8,,,1,30,,1160785,8,,,1,70,,1160802,8,,,1,34,,1160812,8,,,1,70,,1160783,8,,,1,30,,1160803,8,,,1,100,,1160827,8,,,1
7000,'9',534,,1160864,8,,,1,76,,1160859,8,,,1,12,,1160863,8,,,1,14,,1160860,8,,,1,15,,1160832,8,,,1,55,,1160840,8,,,1,15,,1160844,8,,,1,13,,1160831,8,,,1,15,,1160868,8,,,1,55,,1088475,8,,,1,17,,1160830,8,,,1,11,,1160835,8,,,1,74,,1062399,8,,,1,32,,1160843,8,,,1,70,,1160854,8,,,1,30,,1160869,8,,,1,70,,1160862,8,,,1,30,,969198,8,,,1,70,,1160834,8,,,1,30,,1160855,8,,,1,70,,1160867,8,,,1,30,,1160838,8,,,1,69,,1160861,8,,,1,30,,1160851,8,,,1,69,,1160853,8,,,1,30,,1160856,8,,,1,12,,1160865,8,,,1,55,,1160849,8,,,1,15,,995257,8,,,1,15,,1084330,8,,,1,15,,1160866,8,,,1,55,,1093993,8,,,1,15,,1160845,8,,,1,15,,1160848,8,,,1,15,,1032138,8,,,1,55,,1160841,8,,,1,17,,1160852,8,,,1,17,,1160847,8,,,1,15,,1160842,8,,,1,57,,1160857,8,,,1,30,,1160858,8,,,1,70,,1005642,8,,,1,34,,1160837,8,,,1,70,,1160836,8,,,1,30,,1160850,8,,,1,100,,1038284,8,,,1
7001,'1',519,,1160896,63,,,1,27,,1160888,63,,,1,100,,1160891,63,,,1,55,,1160898,63,,,1,13,,1160892,63,,,1,20,,1103524,63,,,1,17,,1160877,63,,,1,55,,1160870,63,,,1,15,,1085561,63,,,1,15,,1160875,63,,,1,15,,1160907,63,,,1,55,,1160886,63,,,1,15,,1160906,63,,,1,15,,1160910,63,,,1,15,,1160873,63,,,1,65,,1160884,63,,,1,30,,1160908,63,,,1,70,,1160879,63,,,1,30,,1160903,63,,,1,70,,1160871,63,,,1,30,,1160901,63,,,1,70,,1160899,63,,,1,30,,1160909,63,,,1,70,,1160887,63,,,1,37,,1160883,63,,,1,70,,1160885,63,,,1,30,,1160882,63,,,1,70,,1160874,63,,,1,16,,1160872,63,,,1,14,,1160876,63,,,1,56,,1160895,63,,,1,14,,1160904,63,,,1,15,,965862,63,,,1,15,,998760,63,,,1,55,,1160911,63,,,1,15,,1160893,63,,,1,13,,1160897,63,,,1,15,,1160905,63,,,1,55,,1160900,63,,,1,15,,1160902,63,,,1,30,,1160881,63,,,1,70,,875531,63,,,1,30,,1160890,63,,,1,64,,1160894,63,,,1,30,,1160889,63,,,1,70,,1160878,63,,,1,30,,1000722,63,,,1,94,,947837,63,,,1
7001,'10',519,,1160938,63,,,1,27,,1160930,63,,,1,100,,1160933,63,,,1,55,,1160940,63,,,1,13,,1160934,63,,,1,20,,1103521,63,,,1,17,,1160919,63,,,1,55,,1160912,63,,,1,15,,1085304,63,,,1,15,,1160917,63,,,1,15,,1160949,63,,,1,55,,1160928,63,,,1,15,,1160948,63,,,1,15,,1160952,63,,,1,15,,1160915,63,,,1,65,,1160926,63,,,1,30,,1160950,63,,,1,70,,1160921,63,,,1,30,,1160945,63,,,1,70,,1160913,63,,,1,30,,1160943,63,,,1,70,,1160941,63,,,1,30,,1160951,63,,,1,70,,1160929,63,,,1,37,,1160925,63,,,1,70,,1160927,63,,,1,30,,1160924,63,,,1,70,,1160916,63,,,1,16,,1160914,63,,,1,14,,1160918,63,,,1,56,,1160937,63,,,1,14,,1160946,63,,,1,15,,965584,63,,,1,15,,998839,63,,,1,55,,1160953,63,,,1,15,,1160935,63,,,1,13,,1160939,63,,,1,15,,1160947,63,,,1,55,,1160942,63,,,1,15,,1160944,63,,,1,30,,1160923,63,,,1,70,,875539,63,,,1,30,,1160932,63,,,1,64,,1160936,63,,,1,30,,1160931,63,,,1,70,,1160920,63,,,1,30,,1000870,63,,,1,94,,947619,63,,,1
7001,'11',519,,1160980,63,,,1,27,,1160972,63,,,1,100,,1160975,63,,,1,55,,1160982,63,,,1,13,,1160976,63,,,1,20,,1103525,63,,,1,17,,1160961,63,,,1,55,,1160954,63,,,1,15,,1085641,63,,,1,15,,1160959,63,,,1,15,,1160991,63,,,1,55,,1160970,63,,,1,15,,1160990,63,,,1,15,,1160994,63,,,1,15,,1160957,63,,,1,65,,1160968,63,,,1,30,,1160992,63,,,1,70,,1160963,63,,,1,30,,1160987,63,,,1,70,,1160955,63,,,1,30,,1160985,63,,,1,70,,1160983,63,,,1,30,,1160993,63,,,1,70,,1160971,63,,,1,37,,1160967,63,,,1,70,,1160969,63,,,1,30,,1160966,63,,,1,70,,1160958,63,,,1,16,,1160956,63,,,1,14,,1160960,63,,,1,56,,1160979,63,,,1,14,,1160988,63,,,1,15,,965820,63,,,1,15,,998738,63,,,1,55,,1160995,63,,,1,15,,1160977,63,,,1,13,,1160981,63,,,1,15,,1160989,63,,,1,55,,1160984,63,,,1,15,,1160986,63,,,1,30,,1160965,63,,,1,70,,875515,63,,,1,30,,1160974,63,,,1,64,,1160978,63,,,1,30,,1160973,63,,,1,70,,1160962,63,,,1,30,,1000680,63,,,1,94,,947796,63,,,1
7001,'12',519,,1161023,63,,,1,27,,1161014,63,,,1,100,,1161017,63,,,1,55,,1161001,63,,,1,13,,1161010,63,,,1,20,,1161018,63,,,1,17,,1161000,63,,,1,55,,1161028,63,,,1,15,,1161019,63,,,1,15,,1160996,63,,,1,15,,1161015,63,,,1,55,,1160998,63,,,1,15,,1022671,63,,,1,15,,1161033,63,,,1,15,,1161022,63,,,1,65,,1161013,63,,,1,30,,1161006,63,,,1,70,,1161029,63,,,1,30,,1161036,63,,,1,70,,1160997,63,,,1,30,,1161034,63,,,1,70,,1161027,63,,,1,30,,1161031,63,,,1,70,,1161012,63,,,1,37,,1161039,63,,,1,70,,1161020,63,,,1,30,,1048182,63,,,1,70,,1161021,63,,,1,16,,1161008,63,,,1,14,,1161009,63,,,1,56,,1161026,63,,,1,14,,1161005,63,,,1,15,,1161004,63,,,1,15,,1161024,63,,,1,55,,1161025,63,,,1,15,,1013165,63,,,1,13,,1161030,63,,,1,15,,1161037,63,,,1,55,,1161003,63,,,1,15,,1160999,63,,,1,30,,1161016,63,,,1,70,,1161032,63,,,1,30,,1161035,63,,,1,64,,1161007,63,,,1,30,,1033495,63,,,1,70,,1161038,63,,,1,30,,1161002,63,,,1,94,,1161011,63,,,1
7001,'13',515,,1083823,63,,,1,30,,1069746,63,,,1,195,,1161059,63,,,1,70,,1161049,63,,,1,100,,1161058,63,,,1,100,,1161042,63,,,1,101,,1161053,63,,,1,30,,1085870,63,,,1,70,,1161056,63,,,1,30,,1161047,63,,,1,70,,1161063,63,,,1,30,,1161048,63,,,1,70,,1161068,63,,,1,30,,1161046,63,,,1,70,,1161041,63,,,1,30,,1161055,63,,,1,70,,1161050,63,,,1,30,,1161043,63,,,1,70,,1161044,63,,,1,30,,1161062,63,,,1,70,,1161052,63,,,1,30,,1161051,63,,,1,70,,1161045,63,,,1,30,,1161061,63,,,1,70,,1161040,63,,,1,30,,1161067,63,,,1,100,,1161057,63,,,1,99,,1161065,63,,,1,100,,1161064,63,,,1,105,,1161054,63,,,1
7001,'14',519,,1161099,63,,,1,27,,1161091,63,,,1,100,,1161094,63,,,1,55,,1161101,63,,,1,13,,1161095,63,,,1,20,,1161070,63,,,1,17,,1161079,63,,,1,55,,1161072,63,,,1,15,,1161069,63,,,1,15,,1161077,63,,,1,15,,1161110,63,,,1,55,,1161089,63,,,1,15,,1161109,63,,,1,15,,1161113,63,,,1,15,,1161075,63,,,1,65,,1161086,63,,,1,30,,1161111,63,,,1,70,,1161081,63,,,1,30,,1161106,63,,,1,70,,1161073,63,,,1,30,,1161104,63,,,1,70,,1161102,63,,,1,30,,1161112,63,,,1,70,,1161090,63,,,1,37,,1161085,63,,,1,70,,1161088,63,,,1,30,,1161084,63,,,1,70,,1161076,63,,,1,16,,1161074,63,,,1,14,,1161078,63,,,1,56,,1161098,63,,,1,14,,1161107,63,,,1,15,,1161087,63,,,1,15,,1161117,63,,,1,55,,1161116,63,,,1,15,,1161096,63,,,1,13,,1161100,63,,,1,15,,1161108,63,,,1,55,,1161103,63,,,1,15,,1161105,63,,,1,30,,1161083,63,,,1,70,,1161114,63,,,1,30,,1161093,63,,,1,64,,1161097,63,,,1,30,,1161092,63,,,1,70,,1161080,63,,,1,30,,1161115,63,,,1,94,,1161071,63,,,1
7001,'15',519,,1161148,63,,,1,27,,1161142,63,,,1,100,,1161129,63,,,1,55,,1161125,63,,,1,13,,1161126,63,,,1,20,,1161143,63,,,1,17,,1161119,63,,,1,55,,1161139,63,,,1,15,,1161149,63,,,1,15,,1161162,63,,,1,15,,1161165,63,,,1,55,,1161146,63,,,1,15,,1161121,63,,,1,15,,1161136,63,,,1,15,,1161120,63,,,1,65,,1161160,63,,,1,30,,1161155,63,,,1,70,,1161144,63,,,1,30,,1161159,63,,,1,70,,1161141,63,,,1,30,,1161127,63,,,1,70,,1161130,63,,,1,30,,1161164,63,,,1,70,,1161151,63,,,1,37,,1161134,63,,,1,70,,1161163,63,,,1,30,,1161140,63,,,1,70,,1161138,63,,,1,16,,1161132,63,,,1,14,,1161147,63,,,1,56,,1161123,63,,,1,14,,1161156,63,,,1,15,,1161124,63,,,1,15,,1161131,63,,,1,55,,1161166,63,,,1,15,,1161118,63,,,1,13,,1161158,63,,,1,15,,1161161,63,,,1,55,,1161137,63,,,1,15,,1161145,63,,,1,30,,1161153,63,,,1,70,,1161152,63,,,1,30,,1161122,63,,,1,64,,1161133,63,,,1,30,,1161150,63,,,1,70,,1161157,63,,,1,30,,1161128,63,,,1,94,,1161135,63,,,1
7001,'16',519,,1161192,63,,,1,27,,1161183,63,,,1,100,,1161186,63,,,1,55,,1065489,63,,,1,13,,1161179,63,,,1,20,,1161187,63,,,1,17,,1161170,63,,,1,55,,1161197,63,,,1,15,,1161188,63,,,1,15,,1074539,63,,,1,15,,1161184,63,,,1,55,,1161169,63,,,1,15,,1161207,63,,,1,15,,1161202,63,,,1,15,,1161191,63,,,1,65,,1161182,63,,,1,30,,1161175,63,,,1,70,,1161198,63,,,1,30,,1013546,63,,,1,70,,1065484,63,,,1,30,,1161203,63,,,1,70,,1161196,63,,,1,30,,1161200,63,,,1,70,,1161181,63,,,1,37,,1161209,63,,,1,70,,1161189,63,,,1,30,,1161205,63,,,1,70,,1161190,63,,,1,16,,1161177,63,,,1,14,,1161178,63,,,1,56,,1161195,63,,,1,14,,1161174,63,,,1,15,,1161173,63,,,1,15,,1161193,63,,,1,55,,1161194,63,,,1,15,,1161171,63,,,1,13,,1161199,63,,,1,15,,1161206,63,,,1,55,,1064714,63,,,1,15,,1039522,63,,,1,30,,1161185,63,,,1,70,,1161201,63,,,1,30,,1161204,63,,,1,64,,1161176,63,,,1,30,,1161167,63,,,1,70,,1161208,63,,,1,30,,1161172,63,,,1,94,,1161180,63,,,1
7001,'17',515,,1161237,63,,,1,30,,1161214,63,,,1,195,,1161231,63,,,1,70,,1161221,63,,,1,100,,1161230,63,,,1,100,,1161212,63,,,1,101,,1161225,63,,,1,30,,1161213,63,,,1,70,,1161228,63,,,1,30,,1161219,63,,,1,70,,1161235,63,,,1,30,,1161220,63,,,1,70,,1161241,63,,,1,30,,1161218,63,,,1,70,,1161211,63,,,1,30,,1161227,63,,,1,70,,1161222,63,,,1,30,,1161215,63,,,1,70,,1161216,63,,,1,30,,1161234,63,,,1,70,,1161224,63,,,1,30,,1161223,63,,,1,70,,1161217,63,,,1,30,,1161233,63,,,1,70,,1161210,63,,,1,30,,1161240,63,,,1,100,,1161229,63,,,1,99,,1161238,63,,,1,100,,1161236,63,,,1,105,,1161226,63,,,1
7001,'2',522,,1161251,63,,,1,30,,1161242,63,,,1,176,,1161255,63,,,1,25,,1161247,63,,,1,70,,1161243,63,,,1,100,,1161259,63,,,1,101,,1161261,63,,,1,100,,1081194,63,,,1,30,,1161267,63,,,1,70,,1161268,63,,,1,30,,1161265,63,,,1,70,,1161264,63,,,1,30,,1161260,63,,,1,70,,1161245,63,,,1,30,,1161257,63,,,1,70,,1161266,63,,,1,30,,1161258,63,,,1,70,,1161244,63,,,1,30,,1161269,63,,,1,70,,1161262,63,,,1,30,,1161248,63,,,1,70,,1161253,63,,,1,30,,1161270,63,,,1,70,,1161250,63,,,1,30,,1161249,63,,,1,70,,1161252,63,,,1,30,,1161271,63,,,1,70,,1161254,63,,,1,29,,1161256,63,,,1,70,,1161263,63,,,1,97,,1049619,63,,,1,103,,1161272,63,,,1,100,,1161246,63,,,1
7001,'3',515,,1161300,63,,,1,30,,1161277,63,,,1,195,,1161294,63,,,1,70,,1161284,63,,,1,100,,1161293,63,,,1,100,,1161275,63,,,1,101,,1161288,63,,,1,30,,1161276,63,,,1,70,,1161291,63,,,1,30,,1161282,63,,,1,70,,1161298,63,,,1,30,,1161283,63,,,1,70,,1161304,63,,,1,30,,1161281,63,,,1,70,,1161274,63,,,1,30,,1161290,63,,,1,70,,1161285,63,,,1,30,,1161278,63,,,1,70,,1161279,63,,,1,30,,1161297,63,,,1,70,,1161287,63,,,1,30,,1161286,63,,,1,70,,1161280,63,,,1,30,,1161296,63,,,1,70,,1161273,63,,,1,30,,1161303,63,,,1,100,,1161292,63,,,1,99,,1161301,63,,,1,100,,1161299,63,,,1,105,,1161289,63,,,1
7001,'4',515,,1161323,63,,,1,30,,1161325,63,,,1,195,,1161307,63,,,1,70,,1161308,63,,,1,100,,1161331,63,,,1,100,,1161322,63,,,1,101,,1161324,63,,,1,30,,1161306,63,,,1,70,,1161313,63,,,1,30,,1161315,63,,,1,70,,1161329,63,,,1,30,,1161309,63,,,1,70,,1161310,63,,,1,30,,1161317,63,,,1,70,,1161321,63,,,1,30,,1161332,63,,,1,70,,1161319,63,,,1,30,,1073183,63,,,1,70,,1161334,63,,,1,30,,1161327,63,,,1,70,,1161316,63,,,1,30,,1161314,63,,,1,70,,1161333,63,,,1,30,,1161311,63,,,1,70,,1161326,63,,,1,30,,1161318,63,,,1,100,,1058899,63,,,1,99,,1161320,63,,,1,100,,1161305,63,,,1,105,,1161330,63,,,1
7001,'5',519,,1161361,63,,,1,27,,1161353,63,,,1,100,,1161356,63,,,1,55,,1161363,63,,,1,13,,1161357,63,,,1,20,,1103523,63,,,1,17,,1161342,63,,,1,55,,1161335,63,,,1,15,,1085517,63,,,1,15,,1161340,63,,,1,15,,1161372,63,,,1,55,,1161351,63,,,1,15,,1161371,63,,,1,15,,1161375,63,,,1,15,,1161338,63,,,1,65,,1161349,63,,,1,30,,1161373,63,,,1,70,,1161344,63,,,1,30,,1161368,63,,,1,70,,1161336,63,,,1,30,,1161366,63,,,1,70,,1161364,63,,,1,30,,1161374,63,,,1,70,,1161352,63,,,1,37,,1161348,63,,,1,70,,1161350,63,,,1,30,,1161347,63,,,1,70,,1161339,63,,,1,16,,1161337,63,,,1,14,,1161341,63,,,1,56,,1161360,63,,,1,14,,1161369,63,,,1,15,,965995,63,,,1,15,,998606,63,,,1,55,,1161376,63,,,1,15,,1161358,63,,,1,13,,1161362,63,,,1,15,,1161370,63,,,1,55,,1161365,63,,,1,15,,1161367,63,,,1,30,,1161346,63,,,1,70,,875563,63,,,1,30,,1161355,63,,,1,64,,1161359,63,,,1,30,,1161354,63,,,1,70,,1161343,63,,,1,30,,1000474,63,,,1,94,,947965,63,,,1
7001,'6',519,,1161401,63,,,1,27,,1161393,63,,,1,100,,1161395,63,,,1,55,,1161382,63,,,1,13,,1161389,63,,,1,20,,1161396,63,,,1,17,,1066624,63,,,1,55,,1161406,63,,,1,15,,1161397,63,,,1,15,,1161378,63,,,1,15,,1070385,63,,,1,55,,1091972,63,,,1,15,,1161415,63,,,1,15,,1161411,63,,,1,15,,1161400,63,,,1,65,,1161392,63,,,1,30,,1018279,63,,,1,70,,1161407,63,,,1,30,,1161414,63,,,1,70,,1161380,63,,,1,30,,997216,63,,,1,70,,1161405,63,,,1,30,,1161409,63,,,1,70,,1161391,63,,,1,37,,1078859,63,,,1,70,,1161398,63,,,1,30,,1161413,63,,,1,70,,1161399,63,,,1,16,,1161387,63,,,1,14,,1161388,63,,,1,56,,1161404,63,,,1,14,,1089611,63,,,1,15,,1161385,63,,,1,15,,1161402,63,,,1,55,,1161403,63,,,1,15,,1161383,63,,,1,13,,1161408,63,,,1,15,,954553,63,,,1,55,,1161384,63,,,1,15,,1161381,63,,,1,30,,1161394,63,,,1,70,,1161410,63,,,1,30,,1161412,63,,,1,64,,1161386,63,,,1,30,,1161377,63,,,1,70,,1094682,63,,,1,30,,1077546,63,,,1,94,,1161390,63,,,1
7001,'7',522,,1161426,63,,,1,30,,1161421,63,,,1,176,,1161420,63,,,1,25,,1161417,63,,,1,70,,1161446,63,,,1,100,,1161429,63,,,1,101,,1161438,63,,,1,100,,1161444,63,,,1,30,,1161442,63,,,1,70,,1161419,63,,,1,30,,1161447,63,,,1,70,,1161445,63,,,1,30,,1161437,63,,,1,70,,1161431,63,,,1,30,,1161416,63,,,1,70,,1161422,63,,,1,30,,1161434,63,,,1,70,,1161430,63,,,1,30,,1161439,63,,,1,70,,1161436,63,,,1,30,,1161425,63,,,1,70,,1161441,63,,,1,30,,1161427,63,,,1,70,,1161428,63,,,1,30,,1161435,63,,,1,70,,1161424,63,,,1,30,,1161443,63,,,1,70,,1161432,63,,,1,29,,1161448,63,,,1,70,,1161418,63,,,1,97,,1161423,63,,,1,103,,1161440,63,,,1,100,,1161433,63,,,1
7001,'8',519,,1161479,63,,,1,27,,1161470,63,,,1,100,,1161473,63,,,1,55,,1161456,63,,,1,13,,1161466,63,,,1,20,,1161474,63,,,1,17,,1161455,63,,,1,55,,1161484,63,,,1,15,,1161475,63,,,1,15,,1161450,63,,,1,15,,1161471,63,,,1,55,,1161453,63,,,1,15,,1161495,63,,,1,15,,1161489,63,,,1,15,,1161478,63,,,1,65,,1161469,63,,,1,30,,1161462,63,,,1,70,,1161485,63,,,1,30,,1161493,63,,,1,70,,1161452,63,,,1,30,,1161490,63,,,1,70,,1161483,63,,,1,30,,1161487,63,,,1,70,,1161468,63,,,1,37,,1161497,63,,,1,70,,1161476,63,,,1,30,,1161492,63,,,1,70,,1161477,63,,,1,16,,1161464,63,,,1,14,,1161465,63,,,1,56,,1161482,63,,,1,14,,1161461,63,,,1,15,,1161460,63,,,1,15,,1161480,63,,,1,55,,1161481,63,,,1,15,,1161457,63,,,1,13,,1161486,63,,,1,15,,1161494,63,,,1,55,,1161459,63,,,1,15,,1161454,63,,,1,30,,1161472,63,,,1,70,,1161488,63,,,1,30,,1161491,63,,,1,64,,1161463,63,,,1,30,,1161449,63,,,1,70,,1161496,63,,,1,30,,1161458,63,,,1,94,,1161467,63,,,1
7001,'9',519,,1161524,63,,,1,27,,1161516,63,,,1,100,,1161519,63,,,1,55,,1161526,63,,,1,13,,1161520,63,,,1,20,,1103522,63,,,1,17,,1161505,63,,,1,55,,1161498,63,,,1,15,,1085386,63,,,1,15,,1161503,63,,,1,15,,1161535,63,,,1,55,,1161514,63,,,1,15,,1161534,63,,,1,15,,1161538,63,,,1,15,,1161501,63,,,1,65,,1161512,63,,,1,30,,1161536,63,,,1,70,,1161507,63,,,1,30,,1161531,63,,,1,70,,1161499,63,,,1,30,,1161529,63,,,1,70,,1161527,63,,,1,30,,1161537,63,,,1,70,,1161515,63,,,1,37,,1161511,63,,,1,70,,1161513,63,,,1,30,,1161510,63,,,1,70,,1161502,63,,,1,16,,1161500,63,,,1,14,,1161504,63,,,1,56,,1161523,63,,,1,14,,1161532,63,,,1,15,,965953,63,,,1,15,,998782,63,,,1,55,,1161539,63,,,1,15,,1161521,63,,,1,13,,1161525,63,,,1,15,,1161533,63,,,1,55,,1161528,63,,,1,15,,1161530,63,,,1,30,,1161509,63,,,1,70,,875547,63,,,1,30,,1161518,63,,,1,64,,1161522,63,,,1,30,,1161517,63,,,1,70,,1161506,63,,,1,30,,1000764,63,,,1,94,,947923,63,,,1
7300,'1',535,,1161543,21,,,1,96,,1161561,40,,,1,28,,1161544,40,,,1,71,,1161540,40,,,1,70,,1161542,40,,,1,30,,1161546,40,,,1,70,,1161552,40,,,1,30,,1070957,40,,,1,70,,1161566,40,,,1,26,,1161550,21,,,1,30,,1161554,21,,,1,70,,1161547,21,,,1,30,,950256,21,,,1,70,,1161564,21,,,1,30,,1161563,21,,,1,70,,1161541,21,,,1,30,,1161560,21,,,1,70,,1043491,21,,,1,31,,1161557,21,,,1,79,,1161555,26,,,1,68,,1161562,26,,,1,30,,1161549,26,,,1,70,,1161558,26,,,1,30,,1161567,26,,,1,70,,1161556,26,,,1,30,,1161565,26,,,1,22,,1161545,21,,,1,70,,1161568,21,,,1,30,,1161553,21,,,1,70,,1074285,21,,,1,30,,1161551,21,,,1,70,,1161548,21,,,1,30,,1161559,21,,,1
7300,'10',535,,1161572,21,,,1,96,,1161590,40,,,1,28,,1161573,40,,,1,71,,1161569,40,,,1,70,,1161571,40,,,1,30,,1161575,40,,,1,70,,1161581,40,,,1,30,,1070743,40,,,1,70,,1161595,40,,,1,26,,1161579,21,,,1,30,,1161583,21,,,1,70,,1161576,21,,,1,30,,950090,21,,,1,70,,1161593,21,,,1,30,,1161592,21,,,1,70,,1161570,21,,,1,30,,1161589,21,,,1,70,,1043694,21,,,1,31,,1161586,21,,,1,79,,1161584,26,,,1,68,,1161591,26,,,1,30,,1161578,26,,,1,70,,1161587,26,,,1,30,,1161596,26,,,1,70,,1161585,26,,,1,30,,1161594,26,,,1,22,,1161574,21,,,1,70,,1161597,21,,,1,30,,1161582,21,,,1,70,,1074143,21,,,1,30,,1161580,21,,,1,70,,1161577,21,,,1,30,,1161588,21,,,1
7300,'11',535,,1161601,21,,,1,96,,1161619,40,,,1,28,,1161602,40,,,1,71,,1161598,40,,,1,70,,1161600,40,,,1,30,,1161604,40,,,1,70,,1161610,40,,,1,30,,1071022,40,,,1,70,,1161624,40,,,1,26,,1161608,21,,,1,30,,1161612,21,,,1,70,,1161605,21,,,1,30,,950230,21,,,1,70,,1161622,21,,,1,30,,1161621,21,,,1,70,,1161599,21,,,1,30,,1161618,21,,,1,70,,1043432,21,,,1,31,,1161615,21,,,1,79,,1161613,26,,,1,68,,1161620,26,,,1,30,,1161607,26,,,1,70,,1161616,26,,,1,30,,1161625,26,,,1,70,,1161614,26,,,1,30,,1161623,26,,,1,22,,1161603,21,,,1,70,,1161626,21,,,1,30,,1161611,21,,,1,70,,1074328,21,,,1,30,,1161609,21,,,1,70,,1161606,21,,,1,30,,1161617,21,,,1
7300,'12',535,,1161639,21,,,1,96,,1161635,40,,,1,28,,1161643,40,,,1,71,,1161646,40,,,1,70,,1161642,40,,,1,30,,1161641,40,,,1,70,,1161637,40,,,1,30,,1161650,40,,,1,70,,1161658,40,,,1,26,,1161633,21,,,1,30,,1161647,21,,,1,70,,1161653,21,,,1,30,,1161640,21,,,1,70,,1085946,21,,,1,30,,1161649,21,,,1,70,,1161628,21,,,1,30,,1161651,21,,,1,70,,1161636,21,,,1,31,,1161629,21,,,1,79,,1161630,26,,,1,68,,1161656,26,,,1,30,,1161632,26,,,1,70,,1161652,26,,,1,30,,1161644,26,,,1,70,,1161655,26,,,1,30,,1161654,26,,,1,22,,1161645,21,,,1,70,,1161657,21,,,1,30,,1161648,21,,,1,70,,1161638,21,,,1,30,,1161634,21,,,1,70,,1161627,21,,,1,30,,1161631,21,,,1
7300,'14',535,,1161665,21,,,1,96,,1161683,40,,,1,28,,1161666,40,,,1,71,,1161659,40,,,1,70,,1161663,40,,,1,30,,1161668,40,,,1,70,,1161674,40,,,1,30,,1161690,40,,,1,70,,1161688,40,,,1,26,,1161672,21,,,1,30,,1161676,21,,,1,70,,1161669,21,,,1,30,,1161661,21,,,1,70,,1161686,21,,,1,30,,1161685,21,,,1,70,,1161662,21,,,1,30,,1161682,21,,,1,70,,1161664,21,,,1,31,,1161679,21,,,1,79,,1161677,26,,,1,68,,1161684,26,,,1,30,,1161671,26,,,1,70,,1161680,26,,,1,30,,1161689,26,,,1,70,,1161678,26,,,1,30,,1161687,26,,,1,22,,1161667,21,,,1,70,,1161691,21,,,1,30,,1161675,21,,,1,70,,1161660,21,,,1,30,,1161673,21,,,1,70,,1161670,21,,,1,30,,1161681,21,,,1
7300,'15',535,,1161695,21,,,1,96,,1161706,40,,,1,28,,1161696,40,,,1,71,,1161704,40,,,1,70,,1161714,40,,,1,30,,1161713,40,,,1,70,,1161705,40,,,1,30,,1161693,40,,,1,70,,1161719,40,,,1,26,,1161694,21,,,1,30,,1161708,21,,,1,70,,1161699,21,,,1,30,,1161718,21,,,1,70,,1161709,21,,,1,30,,1161715,21,,,1,70,,1161703,21,,,1,30,,1161722,21,,,1,70,,1161698,21,,,1,31,,1161692,21,,,1,79,,1161712,26,,,1,68,,1161717,26,,,1,30,,1161721,26,,,1,70,,1161723,26,,,1,30,,1161720,26,,,1,70,,1161710,26,,,1,30,,1161716,26,,,1,22,,1161697,21,,,1,70,,1161711,21,,,1,30,,1161701,21,,,1,70,,1161700,21,,,1,30,,1161707,21,,,1,70,,1161724,21,,,1,30,,1161702,21,,,1
7300,'16',535,,1161735,21,,,1,96,,1161731,40,,,1,28,,1161739,40,,,1,71,,1161742,40,,,1,70,,1161738,40,,,1,30,,1161737,40,,,1,70,,1161733,40,,,1,30,,1161746,40,,,1,70,,1099045,40,,,1,26,,1161729,21,,,1,30,,1161743,21,,,1,70,,1161749,21,,,1,30,,1161736,21,,,1,70,,1161752,21,,,1,30,,1161745,21,,,1,70,,1161725,21,,,1,30,,1161747,21,,,1,70,,1161732,21,,,1,31,,1161726,21,,,1,79,,1094845,26,,,1,68,,1161753,26,,,1,30,,1161728,26,,,1,70,,1161748,26,,,1,30,,1161740,26,,,1,70,,1161751,26,,,1,30,,1161750,26,,,1,22,,1161741,21,,,1,70,,1086726,21,,,1,30,,1161744,21,,,1,70,,1161734,21,,,1,30,,1161730,21,,,1,70,,1070329,21,,,1,30,,1161727,21,,,1
7300,'5',535,,1161757,21,,,1,96,,1161775,40,,,1,28,,1161758,40,,,1,71,,1161754,40,,,1,70,,1161756,40,,,1,30,,1161760,40,,,1,70,,1161766,40,,,1,30,,1070918,40,,,1,70,,1161780,40,,,1,26,,1161764,21,,,1,30,,1161768,21,,,1,70,,1161761,21,,,1,30,,950340,21,,,1,70,,1161778,21,,,1,30,,1161777,21,,,1,70,,1161755,21,,,1,30,,1161774,21,,,1,70,,1043150,21,,,1,31,,1161771,21,,,1,79,,1161769,26,,,1,68,,1161776,26,,,1,30,,1161763,26,,,1,70,,1161772,26,,,1,30,,1161781,26,,,1,70,,1161770,26,,,1,30,,1161779,26,,,1,22,,1161759,21,,,1,70,,1161782,21,,,1,30,,1161767,21,,,1,70,,1074262,21,,,1,30,,1161765,21,,,1,70,,1161762,21,,,1,30,,1161773,21,,,1
7300,'6',535,,1161793,21,,,1,96,,1161789,40,,,1,28,,1161796,40,,,1,71,,1161799,40,,,1,70,,1161795,40,,,1,30,,999984,40,,,1,70,,1161791,40,,,1,30,,1161802,40,,,1,70,,1161810,40,,,1,26,,1161787,21,,,1,30,,979433,21,,,1,70,,1161805,21,,,1,30,,1161794,21,,,1,70,,1161808,21,,,1,30,,1161801,21,,,1,70,,1016469,21,,,1,30,,1161803,21,,,1,70,,1161790,21,,,1,31,,1161784,21,,,1,79,,1161785,26,,,1,68,,1089313,26,,,1,30,,1089845,26,,,1,70,,1161804,26,,,1,30,,1161797,26,,,1,70,,1161807,26,,,1,30,,1161806,26,,,1,22,,1161798,21,,,1,70,,1161809,21,,,1,30,,1161800,21,,,1,70,,1161792,21,,,1,30,,1161788,21,,,1,70,,1161783,21,,,1,30,,1161786,21,,,1
7300,'8',535,,1161823,21,,,1,96,,1161819,40,,,1,28,,1161827,40,,,1,71,,1161830,40,,,1,70,,1161826,40,,,1,30,,1161825,40,,,1,70,,1161821,40,,,1,30,,1161834,40,,,1,70,,1161843,40,,,1,26,,1161817,21,,,1,30,,1161831,21,,,1,70,,1161837,21,,,1,30,,1161824,21,,,1,70,,1161840,21,,,1,30,,1161833,21,,,1,70,,1161812,21,,,1,30,,1161835,21,,,1,70,,1161820,21,,,1,31,,1161813,21,,,1,79,,1161814,26,,,1,68,,1161841,26,,,1,30,,1161816,26,,,1,70,,1161836,26,,,1,30,,1161828,26,,,1,70,,1161839,26,,,1,30,,1161838,26,,,1,22,,1161829,21,,,1,70,,1161842,21,,,1,30,,1161832,21,,,1,70,,1161822,21,,,1,30,,1161818,21,,,1,70,,1161811,21,,,1,30,,1161815,21,,,1
7300,'9',535,,1161847,21,,,1,96,,1161865,40,,,1,28,,1161848,40,,,1,71,,1161844,40,,,1,70,,1161846,40,,,1,30,,1161850,40,,,1,70,,1161856,40,,,1,30,,1070810,40,,,1,70,,1161870,40,,,1,26,,1161854,21,,,1,30,,1161858,21,,,1,70,,1161851,21,,,1,30,,950314,21,,,1,70,,1161868,21,,,1,30,,1161867,21,,,1,70,,1161845,21,,,1,30,,1161864,21,,,1,70,,1043550,21,,,1,31,,1161861,21,,,1,79,,1161859,26,,,1,68,,1161866,26,,,1,30,,1161853,26,,,1,70,,1161862,26,,,1,30,,1161871,26,,,1,70,,1161860,26,,,1,30,,1161869,26,,,1,22,,1161849,21,,,1,70,,1161872,21,,,1,30,,1161857,21,,,1,70,,1074190,21,,,1,30,,1161855,21,,,1,70,,1161852,21,,,1,30,,1161863,21,,,1
7301,'1',519,,1161882,8,0,43,1,101,,1161887,8,0,43,1,31,,1161893,8,0,43,1,69,,1087240,8,0,43,1,33,,1161879,8,0,43,1,67,,1161898,8,0,43,1,30,,1161876,8,0,43,1,70,,1161886,8,0,43,1,30,,1161897,8,0,43,1,70,,970696,8,0,43,1,20,,1089532,8,0,43,1,69,,1161881,8,0,43,1,30,,1161885,8,0,43,1,70,,1161878,8,0,43,1,30,,1161894,8,0,43,1,70,,1161888,8,0,43,1,30,,1161873,8,0,43,1,73,,1161883,8,0,43,1,36,,1161896,8,,,1,73,,1161884,8,,,1,35,,1161900,8,,,1,70,,1161899,8,,,1,30,,1161877,8,,,1,70,,1161875,8,,,1,29,,1161874,8,,,1,70,,1161901,8,,,1,29,,1161891,8,,,1,60,,1161889,8,0,43,1,30,,1161880,8,0,43,1,70,,1161895,8,0,43,1,30,,1161890,8,0,43,1,70,,1161892,8,0,43,1,30,,1161902,8,0,43,1,70,,1077025,8,0,43,1
7301,'10',519,,1161912,8,0,43,1,101,,1161917,8,0,43,1,31,,1161923,8,0,43,1,69,,1087049,8,0,43,1,33,,1161909,8,0,43,1,67,,1161928,8,0,43,1,30,,1161906,8,0,43,1,70,,1161916,8,0,43,1,30,,1161927,8,0,43,1,70,,970466,8,0,43,1,20,,1089348,8,0,43,1,69,,1161911,8,0,43,1,30,,1161915,8,0,43,1,70,,1161908,8,0,43,1,30,,1161924,8,0,43,1,70,,1161918,8,0,43,1,30,,1161903,8,0,43,1,73,,1161913,8,0,43,1,36,,1161926,8,,,1,73,,1161914,8,,,1,35,,1161930,8,,,1,70,,1161929,8,,,1,30,,1161907,8,,,1,70,,1161905,8,,,1,29,,1161904,8,,,1,70,,1161931,8,,,1,29,,1161921,8,,,1,60,,1161919,8,0,43,1,30,,1161910,8,0,43,1,70,,1161925,8,0,43,1,30,,1161920,8,0,43,1,70,,1161922,8,0,43,1,30,,1161932,8,0,43,1,70,,1076801,8,0,43,1
7301,'11',519,,1161942,8,0,43,1,101,,1161947,8,0,43,1,31,,1161953,8,0,43,1,69,,1087295,8,0,43,1,33,,1161939,8,0,43,1,67,,1161958,8,0,43,1,30,,1161936,8,0,43,1,70,,1161946,8,0,43,1,30,,1161957,8,0,43,1,70,,970653,8,0,43,1,20,,1089583,8,0,43,1,69,,1161941,8,0,43,1,30,,1161945,8,0,43,1,70,,1161938,8,0,43,1,30,,1161954,8,0,43,1,70,,1161948,8,0,43,1,30,,1161933,8,0,43,1,73,,1161943,8,0,43,1,36,,1161956,8,,,1,73,,1161944,8,,,1,35,,1161960,8,,,1,70,,1161959,8,,,1,30,,1161937,8,,,1,70,,1161935,8,,,1,29,,1161934,8,,,1,70,,1161961,8,,,1,29,,1161951,8,,,1,60,,1161949,8,0,43,1,30,,1161940,8,0,43,1,70,,1161955,8,0,43,1,30,,1161950,8,0,43,1,70,,1161952,8,0,43,1,30,,1161962,8,0,43,1,70,,1077091,8,0,43,1
7301,'12',519,,1161963,8,0,43,1,101,,1161979,8,0,43,1,31,,1161992,8,0,43,1,69,,1161990,8,0,43,1,33,,1161969,8,0,43,1,67,,1161970,8,0,43,1,30,,1161982,8,0,43,1,70,,1161975,8,0,43,1,30,,1102718,8,0,43,1,70,,1161983,8,0,43,1,20,,1161986,8,0,43,1,69,,1161987,8,0,43,1,30,,1161989,8,0,43,1,70,,1161972,8,0,43,1,30,,1161974,8,0,43,1,70,,1161965,8,0,43,1,30,,1161988,8,0,43,1,73,,1161994,8,0,43,1,36,,1161968,8,,,1,73,,1161967,8,,,1,35,,1161976,8,,,1,70,,1161991,8,,,1,30,,1161973,8,,,1,70,,1161977,8,,,1,29,,1161964,8,,,1,70,,1161980,8,,,1,29,,1161978,8,,,1,60,,1161981,8,0,43,1,30,,1161984,8,0,43,1,70,,1161966,8,0,43,1,30,,1161985,8,0,43,1,70,,1161993,8,0,43,1,30,,1084684,8,0,43,1,70,,1161971,8,0,43,1
7301,'14',519,,1162005,8,0,43,1,101,,1162010,8,0,43,1,31,,1162016,8,0,43,1,69,,1162028,8,0,43,1,33,,1162002,8,0,43,1,67,,1162021,8,0,43,1,30,,1161999,8,0,43,1,70,,1162009,8,0,43,1,30,,1162020,8,0,43,1,70,,1161995,8,0,43,1,20,,1162026,8,0,43,1,69,,1162004,8,0,43,1,30,,1162008,8,0,43,1,70,,1162001,8,0,43,1,30,,1162017,8,0,43,1,70,,1162011,8,0,43,1,30,,1161996,8,0,43,1,73,,1162006,8,0,43,1,36,,1162019,8,,,1,73,,1162007,8,,,1,35,,1162023,8,,,1,70,,1162022,8,,,1,30,,1162000,8,,,1,70,,1161998,8,,,1,29,,1161997,8,,,1,70,,1162024,8,,,1,29,,1162014,8,,,1,60,,1162012,8,0,43,1,30,,1162003,8,0,43,1,70,,1162018,8,0,43,1,30,,1162013,8,0,43,1,70,,1162015,8,0,43,1,30,,1162027,8,0,43,1,70,,1162025,8,0,43,1
7301,'15',519,,1162030,8,0,43,1,101,,1162040,8,0,43,1,31,,1162055,8,0,43,1,69,,1162058,8,0,43,1,33,,1162041,8,0,43,1,67,,1162039,8,0,43,1,30,,1162054,8,0,43,1,70,,1162057,8,0,43,1,30,,1162053,8,0,43,1,70,,1162044,8,0,43,1,20,,1162060,8,0,43,1,69,,1162035,8,0,43,1,30,,1162056,8,0,43,1,70,,1162032,8,0,43,1,30,,1162029,8,0,43,1,70,,1162047,8,0,43,1,30,,1162033,8,0,43,1,73,,1162036,8,0,43,1,36,,1162049,8,,,1,73,,1162052,8,,,1,35,,1162045,8,,,1,70,,1162061,8,,,1,30,,1162031,8,,,1,70,,1162038,8,,,1,29,,1162051,8,,,1,70,,1162042,8,,,1,29,,1162034,8,,,1,60,,1162048,8,0,43,1,30,,1162037,8,0,43,1,70,,1162050,8,0,43,1,30,,1162062,8,0,43,1,70,,1162059,8,0,43,1,30,,1162043,8,0,43,1,70,,1162046,8,0,43,1
7301,'16',519,,1077313,8,0,43,1,101,,1162077,8,0,43,1,31,,1162088,8,0,43,1,69,,1162087,8,0,43,1,33,,975232,8,0,43,1,67,,1162068,8,0,43,1,30,,1162080,8,0,43,1,70,,1162073,8,0,43,1,30,,1162072,8,0,43,1,70,,1162081,8,0,43,1,20,,1162084,8,0,43,1,69,,1162085,8,0,43,1,30,,1016362,8,0,43,1,70,,1162070,8,0,43,1,30,,1162071,8,0,43,1,70,,1162063,8,0,43,1,30,,1162086,8,0,43,1,73,,1162090,8,0,43,1,36,,1162066,8,,,1,73,,1162065,8,,,1,35,,1162074,8,,,1,70,,1075991,8,,,1,30,,1065496,8,,,1,70,,1162075,8,,,1,29,,1065826,8,,,1,70,,1162078,8,,,1,29,,1162076,8,,,1,60,,1162079,8,0,43,1,30,,1162082,8,0,43,1,70,,1162064,8,0,43,1,30,,1162083,8,0,43,1,70,,1162089,8,0,43,1,30,,1162067,8,0,43,1,70,,1162069,8,0,43,1
7301,'5',519,,1162100,8,0,43,1,101,,1162105,8,0,43,1,31,,1162111,8,0,43,1,69,,1087202,8,0,43,1,33,,1162097,8,0,43,1,67,,1162116,8,0,43,1,30,,1162094,8,0,43,1,70,,1162104,8,0,43,1,30,,1162115,8,0,43,1,70,,970836,8,0,43,1,20,,1089497,8,0,43,1,69,,1162099,8,0,43,1,30,,1162103,8,0,43,1,70,,1162096,8,0,43,1,30,,1162112,8,0,43,1,70,,1162106,8,0,43,1,30,,1162091,8,0,43,1,73,,1162101,8,0,43,1,36,,1162114,8,,,1,73,,1162102,8,,,1,35,,1162118,8,,,1,70,,1162117,8,,,1,30,,1162095,8,,,1,70,,1162093,8,,,1,29,,1162092,8,,,1,70,,1162119,8,,,1,29,,1162109,8,,,1,60,,1162107,8,0,43,1,30,,1162098,8,0,43,1,70,,1162113,8,0,43,1,30,,1162108,8,0,43,1,70,,1162110,8,0,43,1,30,,1162120,8,0,43,1,70,,1076981,8,0,43,1
7301,'6',519,,1162121,8,0,43,1,101,,1162135,8,0,43,1,31,,1081138,8,0,43,1,69,,1073934,8,0,43,1,33,,1162125,8,0,43,1,67,,1089303,8,0,43,1,30,,1162138,8,0,43,1,70,,1162131,8,0,43,1,30,,1162130,8,0,43,1,70,,1162139,8,0,43,1,20,,1162142,8,0,43,1,69,,1162143,8,0,43,1,30,,1162145,8,0,43,1,70,,1162127,8,0,43,1,30,,1162129,8,0,43,1,70,,1075667,8,0,43,1,30,,1162144,8,0,43,1,73,,1086782,8,0,43,1,36,,1162123,8,,,1,73,,1013966,8,,,1,35,,1162132,8,,,1,70,,1162146,8,,,1,30,,1162128,8,,,1,70,,1162133,8,,,1,29,,1162122,8,,,1,70,,1162136,8,,,1,29,,1162134,8,,,1,60,,1162137,8,0,43,1,30,,1162140,8,0,43,1,70,,994958,8,0,43,1,30,,1162141,8,0,43,1,70,,1162147,8,0,43,1,30,,1162124,8,0,43,1,70,,1162126,8,0,43,1
7301,'8',519,,1162148,8,0,43,1,101,,1162166,8,0,43,1,31,,1162179,8,0,43,1,69,,1162177,8,0,43,1,33,,1162155,8,0,43,1,67,,1162156,8,0,43,1,30,,1162169,8,0,43,1,70,,1162162,8,0,43,1,30,,1162161,8,0,43,1,70,,1162170,8,0,43,1,20,,1162173,8,0,43,1,69,,1162174,8,0,43,1,30,,1162176,8,0,43,1,70,,1162158,8,0,43,1,30,,1162160,8,0,43,1,70,,1162150,8,0,43,1,30,,1162175,8,0,43,1,73,,1162181,8,0,43,1,36,,1162153,8,,,1,73,,1162152,8,,,1,35,,1162163,8,,,1,70,,1162178,8,,,1,30,,1162159,8,,,1,70,,1162164,8,,,1,29,,1162149,8,,,1,70,,1162167,8,,,1,29,,1162165,8,,,1,60,,1162168,8,0,43,1,30,,1162171,8,0,43,1,70,,1162151,8,0,43,1,30,,1162172,8,0,43,1,70,,1162180,8,0,43,1,30,,1162154,8,0,43,1,70,,1162157,8,0,43,1
7301,'9',519,,1162191,8,0,43,1,101,,1162196,8,0,43,1,31,,1162202,8,0,43,1,69,,1087111,8,0,43,1,33,,1162188,8,0,43,1,67,,1162207,8,0,43,1,30,,1162185,8,0,43,1,70,,1162195,8,0,43,1,30,,1162206,8,0,43,1,70,,970793,8,0,43,1,20,,1089412,8,0,43,1,69,,1162190,8,0,43,1,30,,1162194,8,0,43,1,70,,1162187,8,0,43,1,30,,1162203,8,0,43,1,70,,1162197,8,0,43,1,30,,1162182,8,0,43,1,73,,1162192,8,0,43,1,36,,1162205,8,,,1,73,,1162193,8,,,1,35,,1162209,8,,,1,70,,1162208,8,,,1,30,,1162186,8,,,1,70,,1162184,8,,,1,29,,1162183,8,,,1,70,,1162210,8,,,1,29,,1162200,8,,,1,60,,1162198,8,0,43,1,30,,1162189,8,0,43,1,70,,1162204,8,0,43,1,30,,1162199,8,0,43,1,70,,1162201,8,0,43,1,30,,1162211,8,0,43,1,70,,1076876,8,0,43,1
7400,'1',602,,1162228,15,,,1,43,,1162249,29,,,1,76,,1162254,29,,,1,36,,1162251,29,,,1,70,,1162250,29,,,1,17,,1087214,29,,,1,15,,1162260,29,,,1,53,,1162227,29,,,1,15,,1162259,29,,,1,15,,1162234,29,,,1,12,,1162253,29,,,1,55,,1162212,29,,,1,16,,1162233,29,,,1,15,,1071704,29,,,1,15,,1162264,29,,,1,55,,1162240,29,,,1,15,,1162231,29,,,1,15,,1162248,29,,,1,17,,1162229,29,,,1,55,,1162216,29,,,1,15,,1100549,29,,,1,15,,1162263,29,,,1,15,,1162235,29,,,1,55,,1162237,29,,,1,15,,1162213,29,,,1,15,,1092176,29,,,1,15,,1162222,29,,,1,55,,1162218,29,,,1,15,,1162225,29,,,1,15,,1162219,29,,,1,15,,1003799,29,,,1,55,,1162215,29,,,1,15,,1162245,29,,,1,17,,1162221,29,,,1,15,,952146,29,,,1,57,,1162232,29,,,1,17,,1162217,29,,,1,12,,1162241,29,,,1,56,,1162252,29,,,1,15,,1162261,29,,,1,15,,1162214,29,,,1,15,,1162238,29,,,1,57,,1162223,29,,,1,15,,1162230,29,,,1,15,,1162247,29,,,1,24,,1162243,29,,,1,70,,1162242,29,,,1,85,,1162244,29,,,1,99,,1162255,29,,,1,100,,1162262,29,,,1,102,,1162258,30,,,1,121,,1162246,15,,,1
7400,'10',602,,1162281,15,,,1,43,,1162302,29,,,1,76,,1162307,29,,,1,36,,1162304,29,,,1,70,,1162303,29,,,1,17,,1087023,29,,,1,15,,1162313,29,,,1,53,,1162280,29,,,1,15,,1162312,29,,,1,15,,1162287,29,,,1,12,,1162306,29,,,1,55,,1162265,29,,,1,16,,1162286,29,,,1,15,,1071555,29,,,1,15,,1162317,29,,,1,55,,1162293,29,,,1,15,,1162284,29,,,1,15,,1162301,29,,,1,17,,1162282,29,,,1,55,,1162269,29,,,1,15,,1100471,29,,,1,15,,1162316,29,,,1,15,,1162288,29,,,1,55,,1162290,29,,,1,15,,1162266,29,,,1,15,,1092015,29,,,1,15,,1162275,29,,,1,55,,1162271,29,,,1,15,,1162278,29,,,1,15,,1162272,29,,,1,15,,1003956,29,,,1,55,,1162268,29,,,1,15,,1162298,29,,,1,17,,1162274,29,,,1,15,,951977,29,,,1,57,,1162285,29,,,1,17,,1162270,29,,,1,12,,1162294,29,,,1,56,,1162305,29,,,1,15,,1162314,29,,,1,15,,1162267,29,,,1,15,,1162291,29,,,1,57,,1162276,29,,,1,15,,1162283,29,,,1,15,,1162300,29,,,1,24,,1162296,29,,,1,70,,1162295,29,,,1,85,,1162297,29,,,1,99,,1162308,29,,,1,100,,1162315,29,,,1,102,,1162311,30,,,1,121,,1162299,15,,,1
7400,'11',602,,1162334,15,,,1,43,,1162355,29,,,1,76,,1162360,29,,,1,36,,1162357,29,,,1,70,,1162356,29,,,1,17,,1087269,29,,,1,15,,1162366,29,,,1,53,,1162333,29,,,1,15,,1162365,29,,,1,15,,1162340,29,,,1,12,,1162359,29,,,1,55,,1162318,29,,,1,16,,1162339,29,,,1,15,,1071746,29,,,1,15,,1162370,29,,,1,55,,1162346,29,,,1,15,,1162337,29,,,1,15,,1162354,29,,,1,17,,1162335,29,,,1,55,,1162322,29,,,1,15,,1100570,29,,,1,15,,1162369,29,,,1,15,,1162341,29,,,1,55,,1162343,29,,,1,15,,1162319,29,,,1,15,,1092221,29,,,1,15,,1162328,29,,,1,55,,1162324,29,,,1,15,,1162331,29,,,1,15,,1162325,29,,,1,15,,1003751,29,,,1,55,,1162321,29,,,1,15,,1162351,29,,,1,17,,1162327,29,,,1,15,,952118,29,,,1,57,,1162338,29,,,1,17,,1162323,29,,,1,12,,1162347,29,,,1,56,,1162358,29,,,1,15,,1162367,29,,,1,15,,1162320,29,,,1,15,,1162344,29,,,1,57,,1162329,29,,,1,15,,1162336,29,,,1,15,,1162353,29,,,1,24,,1162349,29,,,1,70,,1162348,29,,,1,85,,1162350,29,,,1,99,,1162361,29,,,1,100,,1162368,29,,,1,102,,1162364,30,,,1,121,,1162352,15,,,1
7400,'12',602,,1162396,15,,,1,43,,1162397,29,,,1,76,,1162379,29,,,1,36,,1162384,29,,,1,70,,1034236,29,,,1,17,,1162401,29,,,1,15,,1162394,29,,,1,53,,1088681,29,,,1,15,,1162371,29,,,1,15,,1162388,29,,,1,12,,1162387,29,,,1,55,,1162398,29,,,1,16,,1162404,29,,,1,15,,1162402,29,,,1,15,,1162408,29,,,1,55,,1162393,29,,,1,15,,1162405,29,,,1,15,,1162414,29,,,1,17,,1162410,29,,,1,55,,1162378,29,,,1,15,,1162399,29,,,1,15,,1162412,29,,,1,15,,1162400,29,,,1,55,,1162374,29,,,1,15,,1162418,29,,,1,15,,1162415,29,,,1,15,,1162411,29,,,1,55,,1162403,29,,,1,15,,1162421,29,,,1,15,,1162377,29,,,1,15,,927274,29,,,1,55,,1162390,29,,,1,15,,999848,29,,,1,17,,1162380,29,,,1,15,,1087169,29,,,1,57,,1032373,29,,,1,17,,1162385,29,,,1,12,,1162373,29,,,1,56,,1162381,29,,,1,15,,1162406,29,,,1,15,,1162417,29,,,1,15,,1162386,29,,,1,57,,1162382,29,,,1,15,,1162372,29,,,1,15,,1162391,29,,,1,24,,1162375,29,,,1,70,,1162416,29,,,1,85,,1162383,29,,,1,99,,1065100,29,,,1,100,,1162376,29,,,1,102,,1162392,30,,,1,121,,1162420,15,,,1
7400,'13',750,,1162429,15,,,1,100,,1162434,15,,,1,100,,1162437,15,,,1,102,,1162430,30,,,1,70,,1162439,30,,,1,30,,1162426,30,,,1,70,,1162432,30,,,1,31,,1162440,30,,,1,70,,1162427,30,,,1,30,,1162422,30,,,1,70,,1162444,30,,,1,30,,1162423,30,,,1,70,,1162443,30,,,1,30,,1162424,30,,,1,70,,1162435,30,,,1,30,,1162428,30,,,1,70,,1162442,30,,,1,30,,1162425,30,,,1,70,,1162438,30,,,1,30,,1162433,30,,,1,98,,1162431,15,,,1,99,,1162445,15,,,1,100,,1162436,15,,,1,100,,1162441,15,,,1
7400,'14',602,,1162464,15,,,1,43,,1162487,29,,,1,76,,1162492,29,,,1,36,,1162489,29,,,1,70,,1162488,29,,,1,17,,1162449,29,,,1,15,,1162499,29,,,1,53,,1162463,29,,,1,15,,1162497,29,,,1,15,,1162470,29,,,1,12,,1162491,29,,,1,55,,1162446,29,,,1,16,,1162469,29,,,1,15,,1162498,29,,,1,15,,1162504,29,,,1,55,,1162477,29,,,1,15,,1162467,29,,,1,15,,1162486,29,,,1,17,,1162465,29,,,1,55,,1162451,29,,,1,15,,1162478,29,,,1,15,,1162502,29,,,1,15,,1162471,29,,,1,55,,1162473,29,,,1,15,,1162447,29,,,1,15,,1162476,29,,,1,15,,1162458,29,,,1,55,,1162453,29,,,1,15,,1162461,29,,,1,15,,1162454,29,,,1,15,,1162456,29,,,1,55,,1162450,29,,,1,15,,1162483,29,,,1,17,,1162457,29,,,1,15,,1162503,29,,,1,57,,1162468,29,,,1,17,,1162452,29,,,1,12,,1162479,29,,,1,56,,1162490,29,,,1,15,,1162500,29,,,1,15,,1162448,29,,,1,15,,1162474,29,,,1,57,,1162459,29,,,1,15,,1162466,29,,,1,15,,1162485,29,,,1,24,,1162481,29,,,1,70,,1162480,29,,,1,85,,1162482,29,,,1,99,,1162493,29,,,1,100,,1162501,29,,,1,102,,1162496,30,,,1,121,,1162484,15,,,1
7400,'15',602,,1162510,15,,,1,43,,1162558,29,,,1,76,,1162555,29,,,1,36,,1162551,29,,,1,70,,1162541,29,,,1,17,,1162556,29,,,1,15,,1162530,29,,,1,53,,1162512,29,,,1,15,,1162562,29,,,1,15,,1162515,29,,,1,12,,1162526,29,,,1,55,,1162517,29,,,1,16,,1162542,29,,,1,15,,1162557,29,,,1,15,,1162521,29,,,1,55,,1162520,29,,,1,15,,1162509,29,,,1,15,,1162506,29,,,1,17,,1162540,29,,,1,55,,1162535,29,,,1,15,,1162524,29,,,1,15,,1162545,29,,,1,15,,1162527,29,,,1,55,,1162563,29,,,1,15,,1162561,29,,,1,15,,1162544,29,,,1,15,,1162513,29,,,1,55,,1162532,29,,,1,15,,1162528,29,,,1,15,,1162523,29,,,1,15,,1162549,29,,,1,55,,1162538,29,,,1,15,,1162537,29,,,1,17,,1162550,29,,,1,15,,1162507,29,,,1,57,,1162514,29,,,1,17,,1162522,29,,,1,12,,1162519,29,,,1,56,,1162533,29,,,1,15,,1162553,29,,,1,15,,1162516,29,,,1,15,,1162546,29,,,1,57,,1162536,29,,,1,15,,1162560,29,,,1,15,,1162543,29,,,1,24,,1162518,29,,,1,70,,1162525,29,,,1,85,,1162534,29,,,1,99,,1162554,29,,,1,100,,1162529,29,,,1,102,,1162539,30,,,1,121,,1162559,15,,,1
7400,'16',602,,1162585,15,,,1,43,,1162586,29,,,1,76,,1162569,29,,,1,36,,1162574,29,,,1,70,,1162608,29,,,1,17,,1162590,29,,,1,15,,1162583,29,,,1,53,,1162615,29,,,1,15,,1162564,29,,,1,15,,1162578,29,,,1,12,,1162577,29,,,1,55,,1162587,29,,,1,16,,1162593,29,,,1,15,,1162591,29,,,1,15,,1162597,29,,,1,55,,1162582,29,,,1,15,,1162594,29,,,1,15,,1162603,29,,,1,17,,1162599,29,,,1,55,,1162568,29,,,1,15,,1162588,29,,,1,15,,1162601,29,,,1,15,,1162589,29,,,1,55,,1092914,29,,,1,15,,1162607,29,,,1,15,,1162604,29,,,1,15,,1162600,29,,,1,55,,1162592,29,,,1,15,,1162613,29,,,1,15,,1088814,29,,,1,15,,1162610,29,,,1,55,,1101207,29,,,1,15,,1162612,29,,,1,17,,1162570,29,,,1,15,,1162614,29,,,1,57,,1162571,29,,,1,17,,1162575,29,,,1,12,,1094170,29,,,1,56,,1162572,29,,,1,15,,1162595,29,,,1,15,,1162606,29,,,1,15,,1162576,29,,,1,57,,1026026,29,,,1,15,,1162565,29,,,1,15,,1162580,29,,,1,24,,1066181,29,,,1,70,,1162605,29,,,1,85,,1046809,29,,,1,99,,1162566,29,,,1,100,,1162567,29,,,1,102,,1162581,30,,,1,121,,1162611,15,,,1
7400,'17',750,,1162623,15,,,1,100,,1162628,15,,,1,100,,1162631,15,,,1,102,,1162624,30,,,1,70,,1162633,30,,,1,30,,1162620,30,,,1,70,,1162626,30,,,1,31,,1162634,30,,,1,70,,1162621,30,,,1,30,,1162616,30,,,1,70,,1162638,30,,,1,30,,1162617,30,,,1,70,,1162637,30,,,1,30,,1162618,30,,,1,70,,1162629,30,,,1,30,,1162622,30,,,1,70,,1162636,30,,,1,30,,1162619,30,,,1,70,,1162632,30,,,1,30,,1162627,30,,,1,98,,1162625,15,,,1,99,,1162639,15,,,1,100,,1162630,15,,,1,100,,1162635,15,,,1
7400,'2',714,,1162651,15,,,1,31,,1162665,15,,,1,70,,1162658,15,,,1,30,,1162656,15,,,1,70,,1162659,15,,,1,30,,1162669,30,,,1,70,,1162661,30,,,1,30,,1162646,30,,,1,70,,1162664,30,,,1,30,,1162652,30,,,1,70,,1162654,30,,,1,30,,1162640,30,,,1,71,,1162647,30,,,1,30,,1162670,30,,,1,70,,1162641,30,,,1,30,,1162663,30,,,1,70,,1096258,30,,,1,30,,1162643,30,,,1,70,,1162666,30,,,1,30,,1162642,30,,,1,70,,1162653,30,,,1,30,,1162668,30,,,1,70,,1088406,30,,,1,30,,1162657,30,,,1,70,,1162645,30,,,1,30,,1162655,30,,,1,70,,1162667,30,,,1,30,,1162650,30,,,1,69,,1162660,30,,,1,30,,1162644,30,,,1,70,,1162662,30,,,1,99,,1162649,15,,,1,102,,1162648,15,,,1
7400,'3',750,,1162678,15,,,1,100,,1162683,15,,,1,100,,1162686,15,,,1,102,,1162679,30,,,1,70,,1162688,30,,,1,30,,1162675,30,,,1,70,,1162681,30,,,1,31,,1162689,30,,,1,70,,1162676,30,,,1,30,,1162671,30,,,1,70,,1162693,30,,,1,30,,1162672,30,,,1,70,,1162692,30,,,1,30,,1162673,30,,,1,70,,1162684,30,,,1,30,,1162677,30,,,1,70,,1162691,30,,,1,30,,1162674,30,,,1,70,,1162687,30,,,1,30,,1162682,30,,,1,98,,1162680,15,,,1,99,,1162694,15,,,1,100,,1162685,15,,,1,100,,1162690,15,,,1
7400,'4',750,,1162708,15,,,1,100,,1162703,15,,,1,100,,1162710,15,,,1,102,,1162697,30,,,1,70,,1162699,30,,,1,30,,1162702,30,,,1,70,,1162696,30,,,1,31,,1162715,30,,,1,70,,1010083,30,,,1,30,,1162712,30,,,1,70,,1162704,30,,,1,30,,1162695,30,,,1,70,,1162713,30,,,1,30,,1162706,30,,,1,70,,1162711,30,,,1,30,,1162716,30,,,1,70,,1162717,30,,,1,30,,1162700,30,,,1,70,,1162714,30,,,1,30,,1162709,30,,,1,98,,1162707,15,,,1,99,,1162701,15,,,1,100,,1162705,15,,,1,100,,1162698,15,,,1
7400,'5',602,,1162734,15,,,1,43,,1162755,29,,,1,76,,1162760,29,,,1,36,,1162757,29,,,1,70,,1162756,29,,,1,17,,1087176,29,,,1,15,,1162766,29,,,1,53,,1162733,29,,,1,15,,1162765,29,,,1,15,,1162740,29,,,1,12,,1162759,29,,,1,55,,1162718,29,,,1,16,,1162739,29,,,1,15,,1071680,29,,,1,15,,1162770,29,,,1,55,,1162746,29,,,1,15,,1162737,29,,,1,15,,1162754,29,,,1,17,,1162735,29,,,1,55,,1162722,29,,,1,15,,1100536,29,,,1,15,,1162769,29,,,1,15,,1162741,29,,,1,55,,1162743,29,,,1,15,,1162719,29,,,1,15,,1092143,29,,,1,15,,1162728,29,,,1,55,,1162724,29,,,1,15,,1162731,29,,,1,15,,1162725,29,,,1,15,,1003531,29,,,1,55,,1162721,29,,,1,15,,1162751,29,,,1,17,,1162727,29,,,1,15,,952234,29,,,1,57,,1162738,29,,,1,17,,1162723,29,,,1,12,,1162747,29,,,1,56,,1162758,29,,,1,15,,1162767,29,,,1,15,,1162720,29,,,1,15,,1162744,29,,,1,57,,1162729,29,,,1,15,,1162736,29,,,1,15,,1162753,29,,,1,24,,1162749,29,,,1,70,,1162748,29,,,1,85,,1162750,29,,,1,99,,1162761,29,,,1,100,,1162768,29,,,1,102,,1162764,30,,,1,121,,1162752,15,,,1
7400,'6',602,,1162793,15,,,1,43,,1162794,29,,,1,76,,1036605,29,,,1,36,,1162781,29,,,1,70,,1162813,29,,,1,17,,1162797,29,,,1,15,,1162791,29,,,1,53,,1162817,29,,,1,15,,1046489,29,,,1,15,,1162785,29,,,1,12,,1162784,29,,,1,55,,1162795,29,,,1,16,,1162800,29,,,1,15,,1162798,29,,,1,15,,1162803,29,,,1,55,,1162790,29,,,1,15,,1162801,29,,,1,15,,1162808,29,,,1,17,,1072409,29,,,1,55,,1101655,29,,,1,15,,1066268,29,,,1,15,,1162806,29,,,1,15,,1162796,29,,,1,55,,1162772,29,,,1,15,,1162812,29,,,1,15,,1162809,29,,,1,15,,1162805,29,,,1,55,,1162799,29,,,1,15,,1083342,29,,,1,15,,1162775,29,,,1,15,,1162814,29,,,1,55,,1162787,29,,,1,15,,1162815,29,,,1,17,,1162776,29,,,1,15,,1162816,29,,,1,57,,1162777,29,,,1,17,,1162782,29,,,1,12,,1162771,29,,,1,56,,1079657,29,,,1,15,,1079269,29,,,1,15,,1162811,29,,,1,15,,1162783,29,,,1,57,,1162778,29,,,1,15,,962634,29,,,1,15,,1162788,29,,,1,24,,1162773,29,,,1,70,,1162810,29,,,1,85,,1162780,29,,,1,99,,1162774,29,,,1,100,,1073913,29,,,1,102,,1162789,30,,,1,121,,954552,15,,,1
7400,'7',714,,1162843,15,,,1,31,,1162846,15,,,1,70,,1162836,15,,,1,30,,1162838,15,,,1,70,,1162829,15,,,1,30,,1162818,30,,,1,70,,1162819,30,,,1,30,,1162841,30,,,1,70,,1162839,30,,,1,30,,1162834,30,,,1,70,,1162828,30,,,1,30,,1162842,30,,,1,71,,1162840,30,,,1,30,,1162832,30,,,1,70,,1162825,30,,,1,30,,1162822,30,,,1,70,,1162848,30,,,1,30,,1162823,30,,,1,70,,1162833,30,,,1,30,,1162844,30,,,1,70,,1162849,30,,,1,30,,1162821,30,,,1,70,,1162831,30,,,1,30,,1162820,30,,,1,70,,1162850,30,,,1,30,,1162835,30,,,1,70,,1162827,30,,,1,30,,1162845,30,,,1,69,,1162824,30,,,1,30,,1162826,30,,,1,70,,1162830,30,,,1,99,,1162837,15,,,1,102,,1162847,15,,,1
7400,'8',602,,1162879,15,,,1,43,,1162880,29,,,1,76,,1162860,29,,,1,36,,1162867,29,,,1,70,,1162902,29,,,1,17,,1162884,29,,,1,15,,1162877,29,,,1,53,,1162909,29,,,1,15,,1162851,29,,,1,15,,1162871,29,,,1,12,,1162870,29,,,1,55,,1162881,29,,,1,16,,1162887,29,,,1,15,,1162885,29,,,1,15,,1162891,29,,,1,55,,1162876,29,,,1,15,,1162888,29,,,1,15,,1162897,29,,,1,17,,1162893,29,,,1,55,,1162859,29,,,1,15,,1162882,29,,,1,15,,1162895,29,,,1,15,,1162883,29,,,1,55,,1162854,29,,,1,15,,1162901,29,,,1,15,,1162898,29,,,1,15,,1162894,29,,,1,55,,1162886,29,,,1,15,,1162907,29,,,1,15,,1162858,29,,,1,15,,1162904,29,,,1,55,,1162873,29,,,1,15,,1162906,29,,,1,17,,1162861,29,,,1,15,,1162908,29,,,1,57,,1162862,29,,,1,17,,1162868,29,,,1,12,,1162853,29,,,1,56,,1162863,29,,,1,15,,1162889,29,,,1,15,,1162900,29,,,1,15,,1162869,29,,,1,57,,1162864,29,,,1,15,,1162852,29,,,1,15,,1162874,29,,,1,24,,1162855,29,,,1,70,,1162899,29,,,1,85,,1162866,29,,,1,99,,1162856,29,,,1,100,,1162857,29,,,1,102,,1162875,30,,,1,121,,1162905,15,,,1
7400,'9',602,,1162926,15,,,1,43,,1162947,29,,,1,76,,1162952,29,,,1,36,,1162949,29,,,1,70,,1162948,29,,,1,17,,1087085,29,,,1,15,,1162958,29,,,1,53,,1162925,29,,,1,15,,1162957,29,,,1,15,,1162932,29,,,1,12,,1162951,29,,,1,55,,1162910,29,,,1,16,,1162931,29,,,1,15,,1071603,29,,,1,15,,1162962,29,,,1,55,,1162938,29,,,1,15,,1162929,29,,,1,15,,1162946,29,,,1,17,,1162927,29,,,1,55,,1162914,29,,,1,15,,1100499,29,,,1,15,,1162961,29,,,1,15,,1162933,29,,,1,55,,1162935,29,,,1,15,,1162911,29,,,1,15,,1092069,29,,,1,15,,1162920,29,,,1,55,,1162916,29,,,1,15,,1162923,29,,,1,15,,1162917,29,,,1,15,,1003847,29,,,1,55,,1162913,29,,,1,15,,1162943,29,,,1,17,,1162919,29,,,1,15,,952206,29,,,1,57,,1162930,29,,,1,17,,1162915,29,,,1,12,,1162939,29,,,1,56,,1162950,29,,,1,15,,1162959,29,,,1,15,,1162912,29,,,1,15,,1162936,29,,,1,57,,1162921,29,,,1,15,,1162928,29,,,1,15,,1162945,29,,,1,24,,1162941,29,,,1,70,,1162940,29,,,1,85,,1162942,29,,,1,99,,1162953,29,,,1,100,,1162960,29,,,1,102,,1162956,30,,,1,121,,1162944,15,,,1
7401,'1',551,,1103761,8,,,1,64,,1162967,8,,,1,14,,1163009,8,,,1,16,,1162983,8,,,1,13,,1162993,8,,,1,55,,1162999,8,,,1,12,,1162965,8,,,1,18,,1162986,8,,,1,16,,1005990,8,,,1,54,,1162973,8,,,1,15,,1163000,8,,,1,17,,1003156,8,,,1,55,,1162970,8,,,1,15,,1162995,8,,,1,15,,1162976,8,,,1,15,,1163004,8,,,1,55,,1162994,8,,,1,15,,1162979,8,,,1,15,,1096134,8,,,1,15,,1088158,8,,,1,55,,1163006,8,,,1,15,,1162981,8,,,1,15,,1162992,8,,,1,15,,1162998,8,,,1,55,,1005233,8,,,1,15,,1098140,8,,,1,15,,1162985,8,,,1,15,,1162977,8,,,1,55,,1162980,8,,,1,15,,1162978,8,,,1,15,,1162972,8,,,1,15,,1162974,8,,,1,55,,1162997,8,,,1,15,,1162988,8,,,1,15,,1162982,8,,,1,15,,1162966,8,,,1,55,,1062140,8,,,1,15,,1162968,8,,,1,15,,1072344,8,,,1,15,,1072632,8,,,1,57,,1162969,8,,,1,15,,1162987,8,,,1,17,,1162964,8,,,1,13,,1163008,8,,,1,55,,1162984,8,,,1,15,,1162989,8,,,1,15,,1163007,8,,,1,15,,1089226,8,,,1,55,,1046245,8,,,1,28,,1163001,8,,,1,70,,1162990,8,,,1,30,,1163002,8,,,1,70,,1163005,8,,,1,30,,1163003,8,,,1,70,,1162963,8,,,1,30,,1162971,8,,,1,100,,1162996,8,0,43,1,101,,955347,8,0,43,1,116,,1162991,8,0,43,1
7401,'10',551,,1103734,8,,,1,64,,1163014,8,,,1,14,,1163056,8,,,1,16,,1163030,8,,,1,13,,1163040,8,,,1,55,,1163046,8,,,1,12,,1163012,8,,,1,18,,1163033,8,,,1,16,,1006087,8,,,1,54,,1163020,8,,,1,15,,1163047,8,,,1,17,,1003233,8,,,1,55,,1163017,8,,,1,15,,1163042,8,,,1,15,,1163023,8,,,1,15,,1163051,8,,,1,55,,1163041,8,,,1,15,,1163026,8,,,1,15,,1095991,8,,,1,15,,1087750,8,,,1,55,,1163053,8,,,1,15,,1163028,8,,,1,15,,1163039,8,,,1,15,,1163045,8,,,1,55,,1005327,8,,,1,15,,1097990,8,,,1,15,,1163032,8,,,1,15,,1163024,8,,,1,55,,1163027,8,,,1,15,,1163025,8,,,1,15,,1163019,8,,,1,15,,1163021,8,,,1,55,,1163044,8,,,1,15,,1163035,8,,,1,15,,1163029,8,,,1,15,,1163013,8,,,1,55,,1061907,8,,,1,15,,1163015,8,,,1,15,,1072198,8,,,1,15,,1072485,8,,,1,57,,1163016,8,,,1,15,,1163034,8,,,1,17,,1163011,8,,,1,13,,1163055,8,,,1,55,,1163031,8,,,1,15,,1163036,8,,,1,15,,1163054,8,,,1,15,,1089031,8,,,1,55,,1046333,8,,,1,28,,1163048,8,,,1,70,,1163037,8,,,1,30,,1163049,8,,,1,70,,1163052,8,,,1,30,,1163050,8,,,1,70,,1163010,8,,,1,30,,1163018,8,,,1,100,,1163043,8,0,43,1,101,,955068,8,0,43,1,116,,1163038,8,0,43,1
7401,'11',551,,1103770,8,,,1,64,,1163061,8,,,1,14,,1163103,8,,,1,16,,1163077,8,,,1,13,,1163087,8,,,1,55,,1163093,8,,,1,12,,1163059,8,,,1,18,,1163080,8,,,1,16,,1005960,8,,,1,54,,1163067,8,,,1,15,,1163094,8,,,1,17,,1003136,8,,,1,55,,1163064,8,,,1,15,,1163089,8,,,1,15,,1163070,8,,,1,15,,1163098,8,,,1,55,,1163088,8,,,1,15,,1163073,8,,,1,15,,1096177,8,,,1,15,,1088270,8,,,1,55,,1163100,8,,,1,15,,1163075,8,,,1,15,,1163086,8,,,1,15,,1163092,8,,,1,55,,1005205,8,,,1,15,,1098185,8,,,1,15,,1163079,8,,,1,15,,1163071,8,,,1,55,,1163074,8,,,1,15,,1163072,8,,,1,15,,1163066,8,,,1,15,,1163068,8,,,1,55,,1163091,8,,,1,15,,1163082,8,,,1,15,,1163076,8,,,1,15,,1163060,8,,,1,55,,1062215,8,,,1,15,,1163062,8,,,1,15,,1072380,8,,,1,15,,1072673,8,,,1,57,,1163063,8,,,1,15,,1163081,8,,,1,17,,1163058,8,,,1,13,,1163102,8,,,1,55,,1163078,8,,,1,15,,1163083,8,,,1,15,,1163101,8,,,1,15,,1089281,8,,,1,55,,1046219,8,,,1,28,,1163095,8,,,1,70,,1163084,8,,,1,30,,1163096,8,,,1,70,,1163099,8,,,1,30,,1163097,8,,,1,70,,1163057,8,,,1,30,,1163065,8,,,1,100,,1163090,8,0,43,1,101,,955300,8,0,43,1,116,,1163085,8,0,43,1
7401,'12',551,,1163144,8,,,1,64,,1163150,8,,,1,14,,1163143,8,,,1,16,,1163129,8,,,1,13,,1163154,8,,,1,55,,1163122,8,,,1,12,,1163148,8,,,1,18,,1163125,8,,,1,16,,1163132,8,,,1,54,,1163112,8,,,1,15,,1163113,8,,,1,17,,1163114,8,,,1,55,,1163120,8,,,1,15,,1163109,8,,,1,15,,1163108,8,,,1,15,,1163121,8,,,1,55,,1163141,8,,,1,15,,1163118,8,,,1,15,,1163124,8,,,1,15,,1163158,8,,,1,55,,1163140,8,,,1,15,,1163135,8,,,1,15,,1163119,8,,,1,15,,1163151,8,,,1,55,,1163138,8,,,1,15,,1096372,8,,,1,15,,1163115,8,,,1,15,,1163137,8,,,1,55,,1020172,8,,,1,15,,1163128,8,,,1,15,,1163123,8,,,1,15,,1163117,8,,,1,55,,1163156,8,,,1,15,,1163126,8,,,1,15,,1163133,8,,,1,15,,1070267,8,,,1,55,,1038829,8,,,1,15,,1163110,8,,,1,15,,1163107,8,,,1,15,,1163155,8,,,1,57,,1163127,8,,,1,15,,1163146,8,,,1,17,,1163104,8,,,1,13,,1163153,8,,,1,55,,1163152,8,,,1,15,,1163149,8,,,1,15,,1163147,8,,,1,15,,1163105,8,,,1,55,,1163159,8,,,1,28,,1163142,8,,,1,70,,1163139,8,,,1,30,,1163145,8,,,1,70,,1163130,8,,,1,30,,1163136,8,,,1,70,,1163116,8,,,1,30,,1163134,8,,,1,100,,1163111,8,0,43,1,101,,1163131,8,0,43,1,116,,1163157,8,0,43,1
7401,'13',815,,1163176,8,0,43,1,100,,1163169,8,0,43,1,30,,1163182,8,,,1,70,,1163172,8,,,1,30,,1163177,8,,,1,70,,1163161,8,,,1,30,,1163170,8,,,1,70,,1163184,8,,,1,30,,1163171,8,,,1,70,,1163167,8,,,1,30,,1163168,8,,,1,70,,1163179,8,,,1,30,,1163181,8,,,1,70,,1163183,8,,,1,30,,1163166,8,,,1,70,,1163174,8,,,1,30,,1163164,8,,,1,70,,1163162,8,0,43,1,30,,1163175,8,0,43,1,70,,1163180,8,0,43,1,30,,1056939,8,0,43,1,70,,1163163,8,0,43,1,100,,1163160,8,0,43,1,100,,1163165,8,0,43,1,100,,1163173,8,0,43,1,133,,1163178,8,0,43,1
7401,'14',551,,1163192,8,,,1,64,,1163191,8,,,1,14,,1163242,8,,,1,16,,1163212,8,,,1,13,,1163222,8,,,1,55,,1163228,8,,,1,12,,1163187,8,,,1,18,,1163215,8,,,1,16,,1163194,8,,,1,54,,1163201,8,,,1,15,,1163229,8,,,1,17,,1163188,8,,,1,55,,1163198,8,,,1,15,,1163224,8,,,1,15,,1163204,8,,,1,15,,1163234,8,,,1,55,,1163223,8,,,1,15,,1163207,8,,,1,15,,1163237,8,,,1,15,,1163239,8,,,1,55,,1163236,8,,,1,15,,1163209,8,,,1,15,,1163221,8,,,1,15,,1163227,8,,,1,55,,1163244,8,,,1,15,,1163195,8,,,1,15,,1163214,8,,,1,15,,1163205,8,,,1,55,,1163208,8,,,1,15,,1163206,8,,,1,15,,1163200,8,,,1,15,,1163202,8,,,1,55,,1163226,8,,,1,15,,1163217,8,,,1,15,,1163211,8,,,1,15,,1163190,8,,,1,55,,1163231,8,,,1,15,,1163193,8,,,1,15,,1163189,8,,,1,15,,1163241,8,,,1,57,,1163196,8,,,1,15,,1163216,8,,,1,17,,1163186,8,,,1,13,,1163240,8,,,1,55,,1163213,8,,,1,15,,1163218,8,,,1,15,,1163238,8,,,1,15,,1163243,8,,,1,55,,1163197,8,,,1,28,,1163230,8,,,1,70,,1163219,8,,,1,30,,1163232,8,,,1,70,,1163235,8,,,1,30,,1163233,8,,,1,70,,1163185,8,,,1,30,,1163199,8,,,1,100,,1163225,8,0,43,1,101,,1163210,8,0,43,1,116,,1163220,8,0,43,1
7401,'15',551,,1163265,8,,,1,64,,1163295,8,,,1,14,,1163268,8,,,1,16,,1163288,8,,,1,13,,1163256,8,,,1,55,,1163247,8,,,1,12,,1163274,8,,,1,18,,1163250,8,,,1,16,,1163246,8,,,1,54,,1163266,8,,,1,15,,1163280,8,,,1,17,,1163302,8,,,1,55,,1163248,8,,,1,15,,1163262,8,,,1,15,,1163301,8,,,1,15,,1163267,8,,,1,55,,1163272,8,,,1,15,,1163275,8,,,1,15,,1163303,8,,,1,15,,1163277,8,,,1,55,,1163289,8,,,1,15,,1163285,8,,,1,15,,1163251,8,,,1,15,,1163279,8,,,1,55,,1163278,8,,,1,15,,1163254,8,,,1,15,,1163264,8,,,1,15,,1163263,8,,,1,55,,1163249,8,,,1,15,,1163294,8,,,1,15,,1163257,8,,,1,15,,1163292,8,,,1,55,,1163283,8,,,1,15,,1163287,8,,,1,15,,1163253,8,,,1,15,,1163276,8,,,1,55,,1163300,8,,,1,15,,1163269,8,,,1,15,,1163252,8,,,1,15,,1163290,8,,,1,57,,1163261,8,,,1,15,,1163258,8,,,1,17,,1163270,8,,,1,13,,1163284,8,,,1,55,,1163281,8,,,1,15,,1163282,8,,,1,15,,1163298,8,,,1,15,,1163291,8,,,1,55,,1163286,8,,,1,28,,1163296,8,,,1,70,,1163304,8,,,1,30,,1163297,8,,,1,70,,1163259,8,,,1,30,,1163273,8,,,1,70,,1163255,8,,,1,30,,1163293,8,,,1,100,,1163245,8,0,43,1,101,,1163271,8,0,43,1,116,,1163299,8,0,43,1
7401,'16',551,,1163338,8,,,1,64,,1163344,8,,,1,14,,1163337,8,,,1,16,,1163323,8,,,1,13,,1163347,8,,,1,55,,1163317,8,,,1,12,,1163342,8,,,1,18,,1163319,8,,,1,16,,1163326,8,,,1,54,,1074546,8,,,1,15,,1052153,8,,,1,17,,1163310,8,,,1,55,,1163315,8,,,1,15,,1163309,8,,,1,15,,1071304,8,,,1,15,,1163316,8,,,1,55,,1163335,8,,,1,15,,1163313,8,,,1,15,,1163318,8,,,1,15,,1095937,8,,,1,55,,1163334,8,,,1,15,,1163329,8,,,1,15,,1163314,8,,,1,15,,1163345,8,,,1,55,,1163332,8,,,1,15,,1163308,8,,,1,15,,1037978,8,,,1,15,,1163331,8,,,1,55,,1163346,8,,,1,15,,1163322,8,,,1,15,,1079880,8,,,1,15,,1163312,8,,,1,55,,1163349,8,,,1,15,,1163320,8,,,1,15,,1163327,8,,,1,15,,1163306,8,,,1,55,,1163350,8,,,1,15,,1070967,8,,,1,15,,1163307,8,,,1,15,,1163348,8,,,1,57,,1163321,8,,,1,15,,1163340,8,,,1,17,,1163305,8,,,1,13,,1090515,8,,,1,55,,1052155,8,,,1,15,,1163343,8,,,1,15,,1163341,8,,,1,15,,1064133,8,,,1,55,,1163351,8,,,1,28,,1163336,8,,,1,70,,1163333,8,,,1,30,,1163339,8,,,1,70,,1163324,8,,,1,30,,1163330,8,,,1,70,,1163311,8,,,1,30,,1163328,8,,,1,100,,1068414,8,0,43,1,101,,1163325,8,0,43,1,116,,1076340,8,0,43,1
7401,'17',815,,1163369,8,0,43,1,100,,1163362,8,0,43,1,30,,1163375,8,,,1,70,,1163365,8,,,1,30,,1163370,8,,,1,70,,1163354,8,,,1,30,,1163363,8,,,1,70,,1163377,8,,,1,30,,1163364,8,,,1,70,,1163360,8,,,1,30,,1163361,8,,,1,70,,1163372,8,,,1,30,,1163374,8,,,1,70,,1163376,8,,,1,30,,1163359,8,,,1,70,,1163367,8,,,1,30,,1163357,8,,,1,70,,1163355,8,0,43,1,30,,1163368,8,0,43,1,70,,1163373,8,0,43,1,30,,1163353,8,0,43,1,70,,1163356,8,0,43,1,100,,1163352,8,0,43,1,100,,1163358,8,0,43,1,100,,1163366,8,0,43,1,133,,1163371,8,0,43,1
7401,'2',636,,1163389,8,0,43,1,70,,1163392,8,0,43,1,30,,1163405,8,0,43,1,70,,1163396,8,,,1,31,,1163403,8,,,1,70,,1163383,8,,,1,31,,1163382,8,,,1,70,,1163398,8,,,1,30,,1163391,8,,,1,70,,1163399,8,,,1,30,,1017152,8,,,1,70,,1163385,8,,,1,30,,1163390,8,,,1,70,,1163388,8,,,1,30,,1163380,8,,,1,70,,1163381,8,,,1,30,,1163393,8,,,1,70,,1163408,8,,,1,30,,1163407,8,,,1,70,,1163378,8,,,1,30,,1163404,8,,,1,68,,1163401,8,,,1,30,,1098245,8,,,1,70,,1163397,8,,,1,30,,1163402,8,,,1,70,,1163386,8,,,1,30,,1163379,8,,,1,70,,1163387,8,,,1,30,,1063375,8,,,1,69,,1163400,8,0,43,1,30,,1163394,8,0,43,1,100,,1163395,8,0,43,1,100,,1163384,8,0,43,1,109,,1163406,8,0,43,1
7401,'3',815,,1163426,8,0,43,1,100,,1163419,8,0,43,1,30,,1163432,8,,,1,70,,1163422,8,,,1,30,,1163427,8,,,1,70,,1163411,8,,,1,30,,1163420,8,,,1,70,,1163434,8,,,1,30,,1163421,8,,,1,70,,1163417,8,,,1,30,,1163418,8,,,1,70,,1163429,8,,,1,30,,1163431,8,,,1,70,,1163433,8,,,1,30,,1163416,8,,,1,70,,1163424,8,,,1,30,,1163414,8,,,1,70,,1163412,8,0,43,1,30,,1163425,8,0,43,1,70,,1163430,8,0,43,1,30,,1163410,8,0,43,1,70,,1163413,8,0,43,1,100,,1163409,8,0,43,1,100,,1163415,8,0,43,1,100,,1163423,8,0,43,1,133,,1163428,8,0,43,1
7401,'4',815,,1163436,8,0,43,1,100,,1163453,8,0,43,1,30,,1163447,8,,,1,70,,1163455,8,,,1,30,,1163454,8,,,1,70,,1163437,8,,,1,30,,1163435,8,,,1,70,,1163456,8,,,1,30,,1163459,8,,,1,70,,1163443,8,,,1,30,,1163439,8,,,1,70,,1163440,8,,,1,30,,1163444,8,,,1,70,,1163438,8,,,1,30,,1163441,8,,,1,70,,1163446,8,,,1,30,,1163449,8,,,1,70,,1163458,8,0,43,1,30,,1163450,8,0,43,1,70,,1163451,8,0,43,1,30,,1163457,8,0,43,1,70,,1163442,8,0,43,1,100,,1071633,8,0,43,1,100,,1163452,8,0,43,1,100,,1163448,8,0,43,1,133,,1163445,8,0,43,1
7401,'5',551,,1103752,8,,,1,64,,1163464,8,,,1,14,,1163506,8,,,1,16,,1163480,8,,,1,13,,1163490,8,,,1,55,,1163496,8,,,1,12,,1163462,8,,,1,18,,1163483,8,,,1,16,,1005819,8,,,1,54,,1163470,8,,,1,15,,1163497,8,,,1,17,,1003046,8,,,1,55,,1163467,8,,,1,15,,1163492,8,,,1,15,,1163473,8,,,1,15,,1163501,8,,,1,55,,1163491,8,,,1,15,,1163476,8,,,1,15,,1096114,8,,,1,15,,1088097,8,,,1,55,,1163503,8,,,1,15,,1163478,8,,,1,15,,1163489,8,,,1,15,,1163495,8,,,1,55,,1005070,8,,,1,15,,1098118,8,,,1,15,,1163482,8,,,1,15,,1163474,8,,,1,55,,1163477,8,,,1,15,,1163475,8,,,1,15,,1163469,8,,,1,15,,1163471,8,,,1,55,,1163494,8,,,1,15,,1163485,8,,,1,15,,1163479,8,,,1,15,,1163463,8,,,1,55,,1062092,8,,,1,15,,1163465,8,,,1,15,,1072323,8,,,1,15,,1072610,8,,,1,57,,1163466,8,,,1,15,,1163484,8,,,1,17,,1163461,8,,,1,13,,1163505,8,,,1,55,,1163481,8,,,1,15,,1163486,8,,,1,15,,1163504,8,,,1,15,,1089188,8,,,1,55,,1046091,8,,,1,28,,1163498,8,,,1,70,,1163487,8,,,1,30,,1163499,8,,,1,70,,1163502,8,,,1,30,,1163500,8,,,1,70,,1163460,8,,,1,30,,1163468,8,,,1,100,,1163493,8,0,43,1,101,,955502,8,0,43,1,116,,1163488,8,0,43,1
7401,'6',551,,1163546,8,,,1,64,,1163551,8,,,1,14,,1163545,8,,,1,16,,1163531,8,,,1,13,,1163556,8,,,1,55,,1163524,8,,,1,12,,1163549,8,,,1,18,,1163527,8,,,1,16,,1163534,8,,,1,54,,1163515,8,,,1,15,,1163516,8,,,1,17,,965696,8,,,1,55,,1163522,8,,,1,15,,1103028,8,,,1,15,,1163511,8,,,1,15,,1163523,8,,,1,55,,1163543,8,,,1,15,,1163520,8,,,1,15,,1163526,8,,,1,15,,1163559,8,,,1,55,,1163542,8,,,1,15,,1163537,8,,,1,15,,1163521,8,,,1,15,,1163552,8,,,1,55,,1163540,8,,,1,15,,1163512,8,,,1,15,,1163517,8,,,1,15,,1163539,8,,,1,55,,1163553,8,,,1,15,,1163530,8,,,1,15,,1163525,8,,,1,15,,1163519,8,,,1,55,,1014334,8,,,1,15,,1163528,8,,,1,15,,1163535,8,,,1,15,,1163510,8,,,1,55,,1163557,8,,,1,15,,1163513,8,,,1,15,,1082497,8,,,1,15,,1082715,8,,,1,57,,1163529,8,,,1,15,,1163548,8,,,1,17,,1163507,8,,,1,13,,1163555,8,,,1,55,,1163554,8,,,1,15,,1163550,8,,,1,15,,1004987,8,,,1,15,,1163508,8,,,1,55,,1097596,8,,,1,28,,1163544,8,,,1,70,,1163541,8,,,1,30,,1163547,8,,,1,70,,1163532,8,,,1,30,,1163538,8,,,1,70,,1163518,8,,,1,30,,1163536,8,,,1,100,,1163514,8,0,43,1,101,,1163533,8,0,43,1,116,,1163558,8,0,43,1
7401,'7',636,,1163572,8,0,43,1,70,,1163573,8,0,43,1,30,,1163578,8,0,43,1,70,,1163588,8,,,1,31,,1163581,8,,,1,70,,1163586,8,,,1,31,,1163569,8,,,1,70,,1163579,8,,,1,30,,1163563,8,,,1,70,,1163580,8,,,1,30,,1163592,8,,,1,70,,1163585,8,,,1,30,,1163571,8,,,1,70,,1163566,8,,,1,30,,1163593,8,,,1,70,,1163583,8,,,1,30,,1163590,8,,,1,70,,1163561,8,,,1,30,,1163584,8,,,1,70,,1163564,8,,,1,30,,1163576,8,,,1,68,,1163567,8,,,1,30,,1163589,8,,,1,70,,1163587,8,,,1,30,,1163582,8,,,1,70,,1163562,8,,,1,30,,1163577,8,,,1,70,,1163591,8,,,1,30,,1163575,8,,,1,69,,1163565,8,0,43,1,30,,1163574,8,0,43,1,100,,1163560,8,0,43,1,100,,1163570,8,0,43,1,109,,1163568,8,0,43,1
7401,'8',551,,1163636,8,,,1,64,,1163642,8,,,1,14,,1163635,8,,,1,16,,1163621,8,,,1,13,,1163647,8,,,1,55,,1163614,8,,,1,12,,1163640,8,,,1,18,,1163617,8,,,1,16,,1163624,8,,,1,54,,1163604,8,,,1,15,,1163605,8,,,1,17,,1163606,8,,,1,55,,1163612,8,,,1,15,,1163601,8,,,1,15,,1163599,8,,,1,15,,1163613,8,,,1,55,,1163633,8,,,1,15,,1163610,8,,,1,15,,1163616,8,,,1,15,,1163652,8,,,1,55,,1163632,8,,,1,15,,1163627,8,,,1,15,,1163611,8,,,1,15,,1163643,8,,,1,55,,1163630,8,,,1,15,,1163600,8,,,1,15,,1163607,8,,,1,15,,1163629,8,,,1,55,,1163644,8,,,1,15,,1163620,8,,,1,15,,1163615,8,,,1,15,,1163609,8,,,1,55,,1163649,8,,,1,15,,1163618,8,,,1,15,,1163625,8,,,1,15,,1163597,8,,,1,55,,1163650,8,,,1,15,,1163602,8,,,1,15,,1163598,8,,,1,15,,1163648,8,,,1,57,,1163619,8,,,1,15,,1163638,8,,,1,17,,1163594,8,,,1,13,,1163646,8,,,1,55,,1163645,8,,,1,15,,1163641,8,,,1,15,,1163639,8,,,1,15,,1163595,8,,,1,55,,1163653,8,,,1,28,,1163634,8,,,1,70,,1163631,8,,,1,30,,1163637,8,,,1,70,,1163622,8,,,1,30,,1163628,8,,,1,70,,1163608,8,,,1,30,,1163626,8,,,1,100,,1163603,8,0,43,1,101,,1163623,8,0,43,1,116,,1163651,8,0,43,1
7401,'9',551,,1103743,8,,,1,64,,1163658,8,,,1,14,,1163700,8,,,1,16,,1163674,8,,,1,13,,1163684,8,,,1,55,,1163690,8,,,1,12,,1163656,8,,,1,18,,1163677,8,,,1,16,,1006020,8,,,1,54,,1163664,8,,,1,15,,1163691,8,,,1,17,,1003176,8,,,1,55,,1163661,8,,,1,15,,1163686,8,,,1,15,,1163667,8,,,1,15,,1163695,8,,,1,55,,1163685,8,,,1,15,,1163670,8,,,1,15,,1096037,8,,,1,15,,1087880,8,,,1,55,,1163697,8,,,1,15,,1163672,8,,,1,15,,1163683,8,,,1,15,,1163689,8,,,1,55,,1005261,8,,,1,15,,1098034,8,,,1,15,,1163676,8,,,1,15,,1163668,8,,,1,55,,1163671,8,,,1,15,,1163669,8,,,1,15,,1163663,8,,,1,15,,1163665,8,,,1,55,,1163688,8,,,1,15,,1163679,8,,,1,15,,1163673,8,,,1,15,,1163657,8,,,1,55,,1061981,8,,,1,15,,1163659,8,,,1,15,,1072245,8,,,1,15,,1072533,8,,,1,57,,1163660,8,,,1,15,,1163678,8,,,1,17,,1163655,8,,,1,13,,1163699,8,,,1,55,,1163675,8,,,1,15,,1163680,8,,,1,15,,1163698,8,,,1,15,,1089094,8,,,1,55,,1046271,8,,,1,28,,1163692,8,,,1,70,,1163681,8,,,1,30,,1163693,8,,,1,70,,1163696,8,,,1,30,,1163694,8,,,1,70,,1163654,8,,,1,30,,1163662,8,,,1,100,,1163687,8,0,43,1,101,,955455,8,0,43,1,116,,1163682,8,0,43,1
9900,'1',1423,,1182123,11,4,,1
9900,'10',1423,,1182155,11,4,,1
9900,'11',1423,,1182187,11,4,,1
9900,'12',1423,,1182223,11,4,,1
9900,'14',1423,,1182279,11,4,,1
9900,'15',1423,,1182328,11,4,,1
9900,'16',1423,,1182355,11,4,,1
9900,'5',1423,,1182495,11,4,,1
9900,'6',1423,,1182527,11,4,,1
9900,'8',1423,,1182597,11,4,,1
9900,'9',1423,,1182630,11,4,,1
9901,'1',729,,1182649,1,0,23 46 47,1
9901,'10',729,,1182680,1,0,23 46 47,1
9901,'11',729,,1182711,1,0,23 46 47,1
9901,'12',729,,1182765,1,0,23 46 47,1
9901,'14',729,,1182801,1,0,23 46 47,1
9901,'15',729,,1182872,1,0,23 46 47,1
9901,'16',729,,1182903,1,0,23 46 47,1
9901,'5',729,,1183027,1,0,23 46 47,1
9901,'6',729,,1183082,1,0,23 46 47,1
9901,'8',729,,1183150,1,0,23 46 47,1
9901,'9',729,,1183162,1,0,23 46 47,1
11000,'1',559,,1184703,8,,,1,61,,1079567,8,,,1,31,,1063111,8,,,1,70,,1095224,8,,,1,30,,1184689,8,,,1,70,,1184694,8,,,1,30,,1184700,8,,,1,68,,1184709,8,,,1,30,,1184705,8,,,1,70,,1184704,8,,,1,30,,1184712,8,,,1,70,,1184710,8,,,1,30,,1184708,8,,,1,70,,1184707,8,,,1,30,,1184692,8,,,1,70,,1184711,8,,,1,29,,1184693,8,,,1,99,,1033798,8,,,1,70,,1184695,8,,,1,31,,1184690,8,,,1,69,,1184714,8,,,1,34,,1184696,8,,,1,68,,1184706,8,,,1,30,,1184699,8,,,1,70,,1015941,8,,,1,29,,1184702,8,,,1,70,,1184698,8,,,1,30,,1184697,8,,,1,71,,1184713,8,,,1
11000,'10',559,,1184729,8,,,1,61,,1079375,8,,,1,31,,1062769,8,,,1,70,,1094978,8,,,1,30,,1184715,8,,,1,70,,1184720,8,,,1,30,,1184726,8,,,1,68,,1184735,8,,,1,30,,1184731,8,,,1,70,,1184730,8,,,1,30,,1184738,8,,,1,70,,1184736,8,,,1,30,,1184734,8,,,1,70,,1184733,8,,,1,30,,1184718,8,,,1,70,,1184737,8,,,1,29,,1184719,8,,,1,99,,1033917,8,,,1,70,,1184721,8,,,1,31,,1184716,8,,,1,69,,1184740,8,,,1,34,,1184722,8,,,1,68,,1184732,8,,,1,30,,1184725,8,,,1,70,,1016141,8,,,1,29,,1184728,8,,,1,70,,1184724,8,,,1,30,,1184723,8,,,1,71,,1184739,8,,,1
11000,'11',559,,1184755,8,,,1,61,,1079626,8,,,1,31,,1063212,8,,,1,70,,1095298,8,,,1,30,,1184741,8,,,1,70,,1184746,8,,,1,30,,1184752,8,,,1,68,,1184761,8,,,1,30,,1184757,8,,,1,70,,1184756,8,,,1,30,,1184764,8,,,1,70,,1184762,8,,,1,30,,1184760,8,,,1,70,,1184759,8,,,1,30,,1184744,8,,,1,70,,1184763,8,,,1,29,,1184745,8,,,1,99,,1033763,8,,,1,70,,1184747,8,,,1,31,,1184742,8,,,1,69,,1184766,8,,,1,34,,1184748,8,,,1,68,,1184758,8,,,1,30,,1184751,8,,,1,70,,1015881,8,,,1,29,,1184754,8,,,1,70,,1184750,8,,,1,30,,1184749,8,,,1,71,,1184765,8,,,1
11000,'12',559,,1184775,8,,,1,61,,1184788,8,,,1,31,,1184773,8,,,1,70,,1184774,8,,,1,30,,1052952,8,,,1,70,,1184778,8,,,1,30,,1184770,8,,,1,68,,1184772,8,,,1,30,,1184777,8,,,1,70,,1184789,8,,,1,30,,1184782,8,,,1,70,,1184779,8,,,1,30,,1184786,8,,,1,70,,1184769,8,,,1,30,,1184781,8,,,1,70,,1184783,8,,,1,29,,1091192,8,,,1,99,,1090194,8,,,1,70,,1184787,8,,,1,31,,1184767,8,,,1,69,,1184790,8,,,1,34,,1067310,8,,,1,68,,1184784,8,,,1,30,,1184792,8,,,1,70,,1184771,8,,,1,29,,1184791,8,,,1,70,,1184793,8,,,1,30,,1184780,8,,,1,71,,1184776,8,,,1
11000,'13',620,,1184796,8,,,1,30,,1184798,8,,,1,1070,,1184795,8,,,1,30,,1184794,8,,,1
11000,'14',559,,1184818,8,,,1,61,,1184808,8,,,1,31,,1184807,8,,,1,70,,1184828,8,,,1,30,,1184801,8,,,1,70,,1184809,8,,,1,30,,1184815,8,,,1,68,,1184824,8,,,1,30,,1184820,8,,,1,70,,1184819,8,,,1,30,,1184827,8,,,1,70,,1184825,8,,,1,30,,1184823,8,,,1,70,,1184822,8,,,1,30,,1184804,8,,,1,70,,1184826,8,,,1,29,,1184805,8,,,1,99,,1184806,8,,,1,70,,1184810,8,,,1,31,,1184802,8,,,1,69,,1184830,8,,,1,34,,1184811,8,,,1,68,,1184821,8,,,1,30,,1184814,8,,,1,70,,1184800,8,,,1,29,,1184817,8,,,1,70,,1184813,8,,,1,30,,1184812,8,,,1,71,,1184829,8,,,1
11000,'15',559,,1184861,8,,,1,61,,1184839,8,,,1,31,,1184849,8,,,1,70,,1184844,8,,,1,30,,1184832,8,,,1,70,,1184836,8,,,1,30,,1184845,8,,,1,68,,1184851,8,,,1,30,,1184846,8,,,1,70,,1184831,8,,,1,30,,1184852,8,,,1,70,,1184843,8,,,1,30,,1184848,8,,,1,70,,1184841,8,,,1,30,,1184860,8,,,1,70,,1184858,8,,,1,29,,1184847,8,,,1,99,,1184833,8,,,1,70,,1184838,8,,,1,31,,1184842,8,,,1,69,,1184835,8,,,1,34,,1184856,8,,,1,68,,1184834,8,,,1,30,,1184854,8,,,1,70,,1184853,8,,,1,29,,1184840,8,,,1,70,,1184837,8,,,1,30,,1184857,8,,,1,71,,1184855,8,,,1
11000,'16',559,,1184870,8,,,1,61,,1184883,8,,,1,31,,1184868,8,,,1,70,,1184869,8,,,1,30,,1184887,8,,,1,70,,1184873,8,,,1,30,,1184865,8,,,1,68,,1184867,8,,,1,30,,1184872,8,,,1,70,,1184884,8,,,1,30,,1184877,8,,,1,70,,1184874,8,,,1,30,,1184881,8,,,1,70,,1004622,8,,,1,30,,1184876,8,,,1,70,,1184878,8,,,1,29,,1184862,8,,,1,99,,1184863,8,,,1,70,,1184882,8,,,1,31,,1072638,8,,,1,69,,1085050,8,,,1,34,,1184864,8,,,1,68,,1184879,8,,,1,30,,1184886,8,,,1,70,,1184866,8,,,1,29,,1184885,8,,,1,70,,1072374,8,,,1,30,,1184875,8,,,1,71,,1184871,8,,,1
11000,'17',620,,1184890,8,,,1,30,,1184892,8,,,1,1070,,1184889,8,,,1,30,,1184888,8,,,1
11000,'2',619,,1184898,8,,,1,30,,1184894,8,,,1,1070,,1184897,8,,,1,30,,1184899,8,,,1
11000,'3',620,,1184902,8,,,1,30,,1184904,8,,,1,1070,,1184901,8,,,1,30,,1184900,8,,,1
11000,'4',620,,1184911,8,,,1,30,,1184907,8,,,1,1070,,1184909,8,,,1,30,,1184910,8,,,1
11000,'5',559,,1184926,8,,,1,61,,1079533,8,,,1,31,,1063057,8,,,1,70,,1095176,8,,,1,30,,1184912,8,,,1,70,,1184917,8,,,1,30,,1184923,8,,,1,68,,1184932,8,,,1,30,,1184928,8,,,1,70,,1184927,8,,,1,30,,1184935,8,,,1,70,,1184933,8,,,1,30,,1184931,8,,,1,70,,1184930,8,,,1,30,,1184915,8,,,1,70,,1184934,8,,,1,29,,1184916,8,,,1,99,,1033598,8,,,1,70,,1184918,8,,,1,31,,1184913,8,,,1,69,,1184937,8,,,1,34,,1184919,8,,,1,68,,1184929,8,,,1,30,,1184922,8,,,1,70,,1015575,8,,,1,29,,1184925,8,,,1,70,,1184921,8,,,1,30,,1184920,8,,,1,71,,1184936,8,,,1
11000,'6',559,,1184949,8,,,1,61,,1184961,8,,,1,31,,1184947,8,,,1,70,,1184948,8,,,1,30,,1184966,8,,,1,70,,1184951,8,,,1,30,,1184944,8,,,1,68,,1184946,8,,,1,30,,1184950,8,,,1,70,,1184962,8,,,1,30,,1184955,8,,,1,70,,1184952,8,,,1,30,,1184959,8,,,1,70,,1184943,8,,,1,30,,1184954,8,,,1,70,,1184956,8,,,1,29,,1184938,8,,,1,99,,1184939,8,,,1,70,,1184960,8,,,1,31,,1184940,8,,,1,69,,1184963,8,,,1,34,,1184942,8,,,1,68,,1184957,8,,,1,30,,1184965,8,,,1,70,,1184945,8,,,1,29,,1184964,8,,,1,70,,1184967,8,,,1,30,,1184953,8,,,1,71,,1096882,8,,,1
11000,'7',619,,1184972,8,,,1,30,,1184973,8,,,1,1070,,1184968,8,,,1,30,,1184970,8,,,1
11000,'8',559,,1184985,8,,,1,61,,1184998,8,,,1,31,,1184983,8,,,1,70,,1184984,8,,,1,30,,1185003,8,,,1,70,,1184988,8,,,1,30,,1184980,8,,,1,68,,1184982,8,,,1,30,,1184987,8,,,1,70,,1184999,8,,,1,30,,1184992,8,,,1,70,,1184989,8,,,1,30,,1184996,8,,,1,70,,1184979,8,,,1,30,,1184991,8,,,1,70,,1184993,8,,,1,29,,1184974,8,,,1,99,,1184975,8,,,1,70,,1184997,8,,,1,31,,1184976,8,,,1,69,,1185000,8,,,1,34,,1184978,8,,,1,68,,1184994,8,,,1,30,,1185002,8,,,1,70,,1184981,8,,,1,29,,1185001,8,,,1,70,,1185004,8,,,1,30,,1184990,8,,,1,71,,1184986,8,,,1
11000,'9',559,,1185019,8,,,1,61,,1079434,8,,,1,31,,1062881,8,,,1,70,,1095052,8,,,1,30,,1185005,8,,,1,70,,1185010,8,,,1,30,,1185016,8,,,1,68,,1185025,8,,,1,30,,1185021,8,,,1,70,,1185020,8,,,1,30,,1185028,8,,,1,70,,1185026,8,,,1,30,,1185024,8,,,1,70,,1185023,8,,,1,30,,1185008,8,,,1,70,,1185027,8,,,1,29,,1185009,8,,,1,99,,1033833,8,,,1,70,,1185011,8,,,1,31,,1185006,8,,,1,69,,1185030,8,,,1,34,,1185012,8,,,1,68,,1185022,8,,,1,30,,1185015,8,,,1,70,,1016001,8,,,1,29,,1185018,8,,,1,70,,1185014,8,,,1,30,,1185013,8,,,1,71,,1185029,8,,,1
11001,'1',500,,1185032,21,,,1,30,,1185038,21,,,1,96,,1185035,92,0,35,1,81,,1185058,92,0,35,1,30,,1185047,92,0,35,1,70,,1185051,92,0,35,1,30,,1185040,92,0,35,1,77,,1185053,92,0,35,1,27,,1185044,92,0,35,1,70,,1185039,92,0,35,1,25,,1185056,92,0,35,1,71,,1185061,92,0,35,1,30,,1063087,92,0,35,1,74,,1185048,92,0,35,1,30,,1185037,92,0,35,1,70,,1185059,92,0,35,1,28,,1185054,92,0,35,1,70,,1185049,92,0,35,1,28,,1185034,92,0,35,1,70,,1036958,92,0,35,1,30,,1185033,92,0,35,1,70,,1185052,92,0,35,1,40,,1185031,92,0,35,1,77,,1185046,92,0,35,1,33,,1185060,92,0,35,1,65,,1185041,92,0,35,1,30,,1185050,92,0,35,1,66,,1185057,92,0,35,1,23,,1185042,92,0,35,1,63,,1185043,92,0,35,1,19,,1185036,92,0,35,1,30,,1185055,92,0,35,1,70,,1185045,92,0,35,1
11001,'10',500,,1185063,21,,,1,30,,1185069,21,,,1,96,,1185066,92,0,35,1,81,,1185089,92,0,35,1,30,,1185078,92,0,35,1,70,,1185082,92,0,35,1,30,,1185071,92,0,35,1,77,,1185084,92,0,35,1,27,,1185075,92,0,35,1,70,,1185070,92,0,35,1,25,,1185087,92,0,35,1,71,,1185092,92,0,35,1,30,,1062745,92,0,35,1,74,,1185079,92,0,35,1,30,,1185068,92,0,35,1,70,,1185090,92,0,35,1,28,,1185085,92,0,35,1,70,,1185080,92,0,35,1,28,,1185065,92,0,35,1,70,,1037188,92,0,35,1,30,,1185064,92,0,35,1,70,,1185083,92,0,35,1,40,,1185062,92,0,35,1,77,,1185077,92,0,35,1,33,,1185091,92,0,35,1,65,,1185072,92,0,35,1,30,,1185081,92,0,35,1,66,,1185088,92,0,35,1,23,,1185073,92,0,35,1,63,,1185074,92,0,35,1,19,,1185067,92,0,35,1,30,,1185086,92,0,35,1,70,,1185076,92,0,35,1
11001,'11',500,,1185094,21,,,1,30,,1185100,21,,,1,96,,1185097,92,0,35,1,81,,1185120,92,0,35,1,30,,1185109,92,0,35,1,70,,1185113,92,0,35,1,30,,1185102,92,0,35,1,77,,1185115,92,0,35,1,27,,1185106,92,0,35,1,70,,1185101,92,0,35,1,25,,1185118,92,0,35,1,71,,1185123,92,0,35,1,30,,1063188,92,0,35,1,74,,1185110,92,0,35,1,30,,1185099,92,0,35,1,70,,1185121,92,0,35,1,28,,1185116,92,0,35,1,70,,1185111,92,0,35,1,28,,1185096,92,0,35,1,70,,1036891,92,0,35,1,30,,1185095,92,0,35,1,70,,1185114,92,0,35,1,40,,1185093,92,0,35,1,77,,1185108,92,0,35,1,33,,1185122,92,0,35,1,65,,1185103,92,0,35,1,30,,1185112,92,0,35,1,66,,1185119,92,0,35,1,23,,1185104,92,0,35,1,63,,1185105,92,0,35,1,19,,1185098,92,0,35,1,30,,1185117,92,0,35,1,70,,1185107,92,0,35,1
11001,'12',500,,1185148,21,,,1,30,,1185151,21,,,1,96,,936978,92,0,35,1,81,,1185127,92,0,35,1,30,,1185128,92,0,35,1,70,,1185125,92,0,35,1,30,,1185153,92,0,35,1,77,,1185143,92,0,35,1,27,,1185134,92,0,35,1,70,,1185150,92,0,35,1,25,,1185145,92,0,35,1,71,,1185137,92,0,35,1,30,,1185140,92,0,35,1,74,,1185147,92,0,35,1,30,,1185146,92,0,35,1,70,,1100693,92,0,35,1,28,,1185136,92,0,35,1,70,,1185152,92,0,35,1,28,,1185149,92,0,35,1,70,,1185135,92,0,35,1,30,,1185126,92,0,35,1,70,,1185131,92,0,35,1,40,,1185133,92,0,35,1,77,,1185132,92,0,35,1,33,,1185141,92,0,35,1,65,,1185129,92,0,35,1,30,,1185144,92,0,35,1,66,,1185142,92,0,35,1,23,,1185124,92,0,35,1,63,,1185138,92,0,35,1,19,,1185130,92,0,35,1,30,,1185139,92,0,35,1,70,,1094066,92,0,35,1
11001,'13',504,,1185157,21,0,41,1,30,,1185154,21,0,41,1,170,,1185158,93,0,35,1,30,,1185156,93,0,35,1,1072,,1185155,93,0,35,1,30,,1185159,93,0,35,1
11001,'14',500,,1185162,21,,,1,30,,1185169,21,,,1,96,,1185166,92,0,35,1,81,,1185189,92,0,35,1,30,,1185178,92,0,35,1,70,,1185182,92,0,35,1,30,,1185171,92,0,35,1,77,,1185184,92,0,35,1,27,,1185175,92,0,35,1,70,,1185170,92,0,35,1,25,,1185187,92,0,35,1,71,,1185192,92,0,35,1,30,,1185160,92,0,35,1,74,,1185179,92,0,35,1,30,,1185168,92,0,35,1,70,,1185190,92,0,35,1,28,,1185185,92,0,35,1,70,,1185180,92,0,35,1,28,,1185164,92,0,35,1,70,,1185165,92,0,35,1,30,,1185163,92,0,35,1,70,,1185183,92,0,35,1,40,,1185161,92,0,35,1,77,,1185177,92,0,35,1,33,,1185191,92,0,35,1,65,,1185172,92,0,35,1,30,,1185181,92,0,35,1,66,,1185188,92,0,35,1,23,,1185173,92,0,35,1,63,,1185174,92,0,35,1,19,,1185167,92,0,35,1,30,,1185186,92,0,35,1,70,,1185176,92,0,35,1
11001,'15',500,,1185203,21,,,1,30,,1185208,21,,,1,96,,1185218,92,0,35,1,81,,1185225,92,0,35,1,30,,1185207,92,0,35,1,70,,1185195,92,0,35,1,30,,1185200,92,0,35,1,77,,1185209,92,0,35,1,27,,1185194,92,0,35,1,70,,1185196,92,0,35,1,25,,1185212,92,0,35,1,71,,1185199,92,0,35,1,30,,1185205,92,0,35,1,74,,1185223,92,0,35,1,30,,1185215,92,0,35,1,70,,1185214,92,0,35,1,28,,1185211,92,0,35,1,70,,1185201,92,0,35,1,28,,1185197,92,0,35,1,70,,1185202,92,0,35,1,30,,1185217,92,0,35,1,70,,1185224,92,0,35,1,40,,1185204,92,0,35,1,77,,1185210,92,0,35,1,33,,1185216,92,0,35,1,65,,1185206,92,0,35,1,30,,1185213,92,0,35,1,66,,1185219,92,0,35,1,23,,1185193,92,0,35,1,63,,1185222,92,0,35,1,19,,1185220,92,0,35,1,30,,1185198,92,0,35,1,70,,1185221,92,0,35,1
11001,'16',500,,1185251,21,,,1,30,,1185254,21,,,1,96,,1185256,92,0,35,1,81,,1083917,92,0,35,1,30,,1185231,92,0,35,1,70,,1185228,92,0,35,1,30,,894323,92,0,35,1,77,,1185246,92,0,35,1,27,,1185237,92,0,35,1,70,,1185253,92,0,35,1,25,,1185248,92,0,35,1,71,,1185240,92,0,35,1,30,,1185243,92,0,35,1,74,,1185250,92,0,35,1,30,,1185249,92,0,35,1,70,,1185230,92,0,35,1,28,,1185239,92,0,35,1,70,,1185255,92,0,35,1,28,,1185252,92,0,35,1,70,,1185238,92,0,35,1,30,,1185229,92,0,35,1,70,,1185234,92,0,35,1,40,,1185236,92,0,35,1,77,,1185235,92,0,35,1,33,,1185244,92,0,35,1,65,,1185232,92,0,35,1,30,,1185247,92,0,35,1,66,,1185245,92,0,35,1,23,,1185227,92,0,35,1,63,,1185241,92,0,35,1,19,,1185233,92,0,35,1,30,,1185242,92,0,35,1,70,,1185226,92,0,35,1
11001,'17',504,,1185260,21,0,41,1,30,,1185257,21,0,41,1,170,,1185261,93,0,35,1,30,,1185259,93,0,35,1,1072,,1185258,93,0,35,1,30,,1185262,93,0,35,1
11001,'2',503,,1185263,21,,,1,30,,1185264,21,,,1,171,,1185265,93,0,35,1,30,,1185268,93,0,35,1,1072,,1185266,93,0,35,1,30,,1185267,93,0,35,1
11001,'3',504,,1185272,21,0,41,1,30,,1185269,21,0,41,1,170,,1185273,93,0,35,1,30,,1185271,93,0,35,1,1072,,1185270,93,0,35,1,30,,1185274,93,0,35,1
11001,'4',504,,1185276,21,0,41,1,30,,1185280,21,0,41,1,170,,1185277,93,0,35,1,30,,1185279,93,0,35,1,1072,,1185278,93,0,35,1,30,,1185275,93,0,35,1
11001,'5',500,,1185282,21,,,1,30,,1185288,21,,,1,96,,1185285,92,0,35,1,81,,1185308,92,0,35,1,30,,1185297,92,0,35,1,70,,1185301,92,0,35,1,30,,1185290,92,0,35,1,77,,1185303,92,0,35,1,27,,1185294,92,0,35,1,70,,1185289,92,0,35,1,25,,1185306,92,0,35,1,71,,1185311,92,0,35,1,30,,1063033,92,0,35,1,74,,1185298,92,0,35,1,30,,1185287,92,0,35,1,70,,1185309,92,0,35,1,28,,1185304,92,0,35,1,70,,1185299,92,0,35,1,28,,1185284,92,0,35,1,70,,1036543,92,0,35,1,30,,1185283,92,0,35,1,70,,1185302,92,0,35,1,40,,1185281,92,0,35,1,77,,1185296,92,0,35,1,33,,1185310,92,0,35,1,65,,1185291,92,0,35,1,30,,1185300,92,0,35,1,66,,1185307,92,0,35,1,23,,1185292,92,0,35,1,63,,1185293,92,0,35,1,19,,1185286,92,0,35,1,30,,1185305,92,0,35,1,70,,1185295,92,0,35,1
11001,'6',500,,1185330,21,,,1,30,,1185332,21,,,1,96,,1185333,92,0,35,1,81,,1185314,92,0,35,1,30,,1086771,92,0,35,1,70,,1043192,92,0,35,1,30,,1185334,92,0,35,1,77,,1185325,92,0,35,1,27,,1185318,92,0,35,1,70,,1080836,92,0,35,1,25,,1185327,92,0,35,1,71,,1185320,92,0,35,1,30,,1185323,92,0,35,1,74,,1185329,92,0,35,1,30,,1185328,92,0,35,1,70,,1185313,92,0,35,1,28,,1060066,92,0,35,1,70,,1070393,92,0,35,1,28,,1185331,92,0,35,1,70,,1185319,92,0,35,1,30,,947726,92,0,35,1,70,,1185315,92,0,35,1,40,,1185317,92,0,35,1,77,,1185316,92,0,35,1,33,,1101477,92,0,35,1,65,,1102787,92,0,35,1,30,,1185326,92,0,35,1,66,,1185324,92,0,35,1,23,,1026581,92,0,35,1,63,,1185321,92,0,35,1,19,,1085083,92,0,35,1,30,,1185322,92,0,35,1,70,,1185312,92,0,35,1
11001,'7',503,,1185337,21,,,1,30,,1185340,21,,,1,171,,1185339,93,0,35,1,30,,1185336,93,0,35,1,1072,,1185335,93,0,35,1,30,,1185338,93,0,35,1
11001,'8',500,,1185367,21,,,1,30,,1185370,21,,,1,96,,1185372,92,0,35,1,81,,1185346,92,0,35,1,30,,1185347,92,0,35,1,70,,1185343,92,0,35,1,30,,1185373,92,0,35,1,77,,1185362,92,0,35,1,27,,1185353,92,0,35,1,70,,1185369,92,0,35,1,25,,1185364,92,0,35,1,71,,1185356,92,0,35,1,30,,1185359,92,0,35,1,74,,1185366,92,0,35,1,30,,1185365,92,0,35,1,70,,1185345,92,0,35,1,28,,1185355,92,0,35,1,70,,1185371,92,0,35,1,28,,1185368,92,0,35,1,70,,1185354,92,0,35,1,30,,1185344,92,0,35,1,70,,1185350,92,0,35,1,40,,1185352,92,0,35,1,77,,1185351,92,0,35,1,33,,1185360,92,0,35,1,65,,1185348,92,0,35,1,30,,1185363,92,0,35,1,66,,1185361,92,0,35,1,23,,1185342,92,0,35,1,63,,1185357,92,0,35,1,19,,1185349,92,0,35,1,30,,1185358,92,0,35,1,70,,1185341,92,0,35,1
11001,'9',500,,1185375,21,,,1,30,,1185381,21,,,1,96,,1185378,92,0,35,1,81,,1185401,92,0,35,1,30,,1185390,92,0,35,1,70,,1185394,92,0,35,1,30,,1185383,92,0,35,1,77,,1185396,92,0,35,1,27,,1185387,92,0,35,1,70,,1185382,92,0,35,1,25,,1185399,92,0,35,1,71,,1185404,92,0,35,1,30,,1062857,92,0,35,1,74,,1185391,92,0,35,1,30,,1185380,92,0,35,1,70,,1185402,92,0,35,1,28,,1185397,92,0,35,1,70,,1185392,92,0,35,1,28,,1185377,92,0,35,1,70,,1037025,92,0,35,1,30,,1185376,92,0,35,1,70,,1185395,92,0,35,1,40,,1185374,92,0,35,1,77,,1185389,92,0,35,1,33,,1185403,92,0,35,1,65,,1185384,92,0,35,1,30,,1185393,92,0,35,1,66,,1185400,92,0,35,1,23,,1185385,92,0,35,1,63,,1185386,92,0,35,1,19,,1185379,92,0,35,1,30,,1185398,92,0,35,1,70,,1185388,92,0,35,1
19800,'1',614,,1196214,27,,,1,93,,1196215,27,,,1,103,,1038260,27,,,1,901,,1196212,27,,,1,100,,1196213,27,,,1
19800,'10',614,,1196218,27,,,1,93,,1196219,27,,,1,103,,1038392,27,,,1,901,,1196216,27,,,1,100,,1196217,27,,,1
19800,'11',614,,1196222,27,,,1,93,,1196223,27,,,1,103,,1038226,27,,,1,901,,1196220,27,,,1,100,,1196221,27,,,1
19800,'12',614,,1196227,27,,,1,93,,1098992,27,,,1,103,,1196225,27,,,1,901,,1196226,27,,,1,100,,1196224,27,,,1
19800,'14',614,,1196231,27,,,1,93,,1196232,27,,,1,103,,1196228,27,,,1,901,,1196229,27,,,1,100,,1196230,27,,,1
19800,'15',614,,1196234,27,,,1,93,,1196235,27,,,1,103,,1196237,27,,,1,901,,1196236,27,,,1,100,,1196233,27,,,1
19800,'16',614,,1196242,27,,,1,93,,1196239,27,,,1,103,,1196240,27,,,1,901,,1196241,27,,,1,100,,1196238,27,,,1
19800,'5',614,,1196245,27,,,1,93,,1196246,27,,,1,103,,1038031,27,,,1,901,,1196243,27,,,1,100,,1196244,27,,,1
19800,'6',614,,1196250,27,,,1,93,,1196247,27,,,1,103,,1196248,27,,,1,901,,1196249,27,,,1,100,,1103780,27,,,1
19800,'8',614,,1196255,27,,,1,93,,1196252,27,,,1,103,,1196253,27,,,1,901,,1196254,27,,,1,100,,1196251,27,,,1
19800,'9',614,,1196258,27,,,1,93,,1196259,27,,,1,103,,1038294,27,,,1,901,,1196256,27,,,1,100,,1196257,27,,,1
19801,'1',653,,1196260,8,,,1,100,,1079155,8,,,1,789,,1196262,8,,,1,69,,1196261,8,,,1,102,,1196263,8,,,1,116,,1007571,8,,,1
19801,'10',653,,1196264,8,,,1,100,,1078901,8,,,1,789,,1196266,8,,,1,69,,1196265,8,,,1,102,,1196267,8,,,1,116,,1007677,8,,,1
19801,'11',653,,1196268,8,,,1,100,,1079235,8,,,1,789,,1196270,8,,,1,69,,1196269,8,,,1,102,,1196271,8,,,1,116,,1007542,8,,,1
19801,'12',653,,1196275,8,,,1,100,,1196277,8,,,1,789,,1196272,8,,,1,69,,1196273,8,,,1,102,,1196274,8,,,1,116,,1196276,8,,,1
19801,'14',653,,1196278,8,,,1,100,,1196282,8,,,1,789,,1196280,8,,,1,69,,1196279,8,,,1,102,,1196281,8,,,1,116,,1196283,8,,,1
19801,'15',653,,1196289,8,,,1,100,,1196288,8,,,1,789,,1196287,8,,,1,69,,1196285,8,,,1,102,,1196284,8,,,1,116,,1196286,8,,,1
19801,'16',653,,1196293,8,,,1,100,,1196295,8,,,1,789,,1196290,8,,,1,69,,1196291,8,,,1,102,,1196292,8,,,1,116,,1196294,8,,,1
19801,'5',653,,1196296,8,,,1,100,,1079110,8,,,1,789,,1196298,8,,,1,69,,1196297,8,,,1,102,,1196299,8,,,1,116,,1007391,8,,,1
19801,'6',653,,1196302,8,,,1,100,,1196304,8,,,1,789,,1040756,8,,,1,69,,1196300,8,,,1,102,,1196301,8,,,1,116,,1196303,8,,,1
19801,'8',653,,1196308,8,,,1,100,,1196310,8,,,1,789,,1196305,8,,,1,69,,1196306,8,,,1,102,,1196307,8,,,1,116,,1196309,8,,,1
19801,'9',653,,1196311,8,,,1,100,,1078977,8,,,1,789,,1196313,8,,,1,69,,1196312,8,,,1,102,,1196314,8,,,1,116,,1007600,8,,,1
28300,'1',550,,1197923,39,,,1,98,,1197921,39,,,1,75,,1197922,26,,,1
28300,'10',550,,1197926,39,,,1,98,,1197924,39,,,1,75,,1197925,26,,,1
28300,'11',550,,1197929,39,,,1,98,,1197927,39,,,1,75,,1197928,26,,,1
28300,'12',550,,1197932,39,,,1,98,,1197930,39,,,1,75,,1197931,26,,,1
28300,'14',550,,1197935,39,,,1,98,,1197933,39,,,1,75,,1197934,26,,,1
28300,'15',550,,1197937,39,,,1,98,,1197938,39,,,1,75,,1197936,26,,,1
28300,'16',550,,1197941,39,,,1,98,,1197939,39,,,1,75,,1197940,26,,,1
28300,'5',550,,1197944,39,,,1,98,,1197942,39,,,1,75,,1197943,26,,,1
28300,'6',550,,1197947,39,,,1,98,,1197945,39,,,1,75,,1197946,26,,,1
28300,'8',550,,1197950,39,,,1,98,,1197948,39,,,1,75,,1197949,26,,,1
28300,'9',550,,1197953,39,,,1,98,,1197951,39,,,1,75,,1197952,26,,,1
28301,'1',1632,,1197955,8,,,1,72,,1101771,8,,,1,34,,1197954,8,0,80,1,93,,1197956,8,0,80,1
28301,'10',1632,,1197958,8,,,1,72,,1101670,8,,,1,34,,1197957,8,0,80,1,93,,1197959,8,0,80,1
28301,'11',1632,,1197961,8,,,1,72,,1101802,8,,,1,34,,1197960,8,0,80,1,93,,1197962,8,0,80,1
28301,'12',1632,,1070860,8,,,1,72,,1197963,8,,,1,34,,1197965,8,0,80,1,93,,1197964,8,0,80,1
28301,'14',1632,,1197968,8,,,1,72,,1197966,8,,,1,34,,1197967,8,0,80,1,93,,1197969,8,0,80,1
28301,'15',1632,,1197972,8,,,1,72,,1197971,8,,,1,34,,1197970,8,0,80,1,93,,1197973,8,0,80,1
28301,'16',1632,,1197974,8,,,1,72,,1197975,8,,,1,34,,1197977,8,0,80,1,93,,1197976,8,0,80,1
28301,'5',1632,,1197979,8,,,1,72,,1101751,8,,,1,34,,1197978,8,0,80,1,93,,1197980,8,0,80,1
28301,'6',1632,,1197981,8,,,1,72,,1197982,8,,,1,34,,1197984,8,0,80,1,93,,1197983,8,0,80,1
28301,'8',1632,,1197985,8,,,1,72,,1197986,8,,,1,34,,1197988,8,0,80,1,93,,1197987,8,0,80,1
28301,'9',1632,,1197990,8,,,1,72,,1101700,8,,,1,34,,1197989,8,0,80,1,93,,1197991,8,0,80,1
40600,'14',1724,,1198212,8,,,1
40600,'15',1724,,1198213,8,,,1
67600,'1',746,,1200264,1,,,1,59,,1200265,1,,,1
67600,'10',746,,1200266,1,,,1,59,,1200267,1,,,1
67600,'11',746,,1200268,1,,,1,59,,1200269,1,,,1
67600,'12',746,,1200270,1,,,1,59,,1069063,1,,,1
67600,'14',746,,1200271,1,,,1,59,,1200272,1,,,1
67600,'15',746,,1200273,1,,,1,59,,1200274,1,,,1
67600,'16',746,,1200275,1,,,1,59,,1200276,1,,,1
67600,'5',746,,1200277,1,,,1,59,,1200278,1,,,1
67600,'6',746,,1021573,1,,,1,59,,1200279,1,,,1
67600,'8',746,,1200280,1,,,1,59,,1200281,1,,,1
67600,'9',746,,1200282,1,,,1,59,,1200283,1,,,1
67601,'1',1519,,1200285,20,4,,1
67601,'10',1519,,1200287,20,4,,1
67601,'11',1519,,1200289,20,4,,1
67601,'12',1519,,1200291,20,4,,1
67601,'14',1519,,1200293,20,4,,1
67601,'15',1519,,1200295,20,4,,1
67601,'16',1519,,1200297,20,4,,1
67601,'5',1519,,1200299,20,4,,1
67601,'6',1519,,1200301,20,4,,1
67601,'8',1519,,1200303,20,4,,1
67601,'9',1519,,1200305,20,4,,1
