22200,'1',614,,1196386,13,,,1,33,,1196387,13,,,1,68,,1196385,13,,,1
22200,'10',614,,1196389,13,,,1,33,,1196390,13,,,1,68,,1196388,13,,,1
22200,'11',614,,1196392,13,,,1,33,,1196393,13,,,1,68,,1196391,13,,,1
22200,'12',614,,1196394,13,,,1,33,,1196396,13,,,1,68,,1196395,13,,,1
22200,'14',614,,1196398,13,,,1,33,,1196399,13,,,1,68,,1196397,13,,,1
22200,'15',614,,1196401,13,,,1,33,,1196402,13,,,1,68,,1196400,13,,,1
22200,'16',614,,1196403,13,,,1,33,,1196405,13,,,1,68,,1196404,13,,,1
22200,'5',614,,1196407,13,,,1,33,,1196408,13,,,1,68,,1196406,13,,,1
22200,'6',614,,1088294,13,,,1,33,,1196410,13,,,1,68,,1196409,13,,,1
22200,'8',614,,1196411,13,,,1,33,,1196413,13,,,1,68,,1196412,13,,,1
22200,'9',614,,1196415,13,,,1,33,,1196416,13,,,1,68,,1196414,13,,,1
