9201,'1',627,,1052870,28,,,1,30,,1075009,28,,,1,72,,1178872,28,,,1,21,,1178876,28,,,1,80,,1178867,28,,,1,29,,1100418,28,,,1,141,,1178877,28,0,91,1,100,,1178875,28,0,91,1,100,,1178866,28,0,91,1,101,,1178870,28,0,91,1,100,,1178865,28,0,91,1,100,,1178873,28,0,91,1,21,,1178869,38,0,91,1,279,,1062128,28,0,91,1,100,,1178874,28,0,91,1,55,,1052362,28,0,91,1,100,,1178868,28,0,91,1,100,,1178864,28,0,91,1,99,,1178871,28,0,91,1
9201,'10',627,,1052916,28,,,1,30,,1074637,28,,,1,72,,1178886,28,,,1,21,,1178890,28,,,1,80,,1178881,28,,,1,29,,1100333,28,,,1,141,,1178891,28,0,91,1,100,,1178889,28,0,91,1,100,,1178880,28,0,91,1,101,,1178884,28,0,91,1,100,,1178879,28,0,91,1,100,,1178887,28,0,91,1,21,,1178883,38,0,91,1,279,,1061895,28,0,91,1,100,,1178888,28,0,91,1,55,,1052442,28,0,91,1,100,,1178882,28,0,91,1,100,,1178878,28,0,91,1,99,,1178885,28,0,91,1
9201,'11',627,,1052857,28,,,1,30,,1075115,28,,,1,72,,1178900,28,,,1,21,,1178904,28,,,1,80,,1178895,28,,,1,29,,1100442,28,,,1,141,,1178905,28,0,91,1,100,,1178903,28,0,91,1,100,,1178894,28,0,91,1,101,,1178898,28,0,91,1,100,,1178893,28,0,91,1,100,,1178901,28,0,91,1,21,,1178897,38,0,91,1,279,,1062203,28,0,91,1,100,,1178902,28,0,91,1,55,,1052340,28,0,91,1,100,,1178896,28,0,91,1,100,,1178892,28,0,91,1,99,,1178899,28,0,91,1
9201,'12',627,,1178922,28,,,1,30,,1178910,28,,,1,72,,1178906,28,,,1,21,,1178917,28,,,1,80,,1178907,28,,,1,29,,1178920,28,,,1,141,,1178916,28,0,91,1,100,,1178912,28,0,91,1,100,,1178919,28,0,91,1,101,,1178913,28,0,91,1,100,,1178918,28,0,91,1,100,,1026483,28,0,91,1,21,,1178911,38,0,91,1,279,,1178915,28,0,91,1,100,,1178908,28,0,91,1,55,,1178909,28,0,91,1,100,,1178914,28,0,91,1,100,,1178921,28,0,91,1,99,,1082605,28,0,91,1
9201,'14',627,,1178932,28,,,1,30,,1178936,28,,,1,72,,1178934,28,,,1,21,,1178940,28,,,1,80,,1178927,28,,,1,29,,1178933,28,,,1,141,,1178941,28,0,91,1,100,,1178939,28,0,91,1,100,,1178926,28,0,91,1,101,,1178930,28,0,91,1,100,,1178924,28,0,91,1,100,,1178935,28,0,91,1,21,,1178929,38,0,91,1,279,,1178925,28,0,91,1,100,,1178937,28,0,91,1,55,,1178938,28,0,91,1,100,,1178928,28,0,91,1,100,,1178923,28,0,91,1,99,,1178931,28,0,91,1
9201,'15',627,,1178949,28,,,1,30,,1178952,28,,,1,72,,1178944,28,,,1,21,,1178957,28,,,1,80,,1178958,28,,,1,29,,1178946,28,,,1,141,,1178956,28,0,91,1,100,,1178954,28,0,91,1,100,,1178960,28,0,91,1,101,,1178943,28,0,91,1,100,,1178948,28,0,91,1,100,,1178947,28,0,91,1,21,,1178950,38,0,91,1,279,,1178959,28,0,91,1,100,,1178953,28,0,91,1,55,,1178942,28,0,91,1,100,,1178945,28,0,91,1,100,,1178955,28,0,91,1,99,,1178951,28,0,91,1
9201,'16',627,,1034985,28,,,1,30,,1178965,28,,,1,72,,1178961,28,,,1,21,,1178974,28,,,1,80,,1178962,28,,,1,29,,1178976,28,,,1,141,,1178973,28,0,91,1,100,,1178967,28,0,91,1,100,,1092469,28,0,91,1,101,,1178970,28,0,91,1,100,,1178975,28,0,91,1,100,,1178969,28,0,91,1,21,,1178966,38,0,91,1,279,,1178972,28,0,91,1,100,,1178963,28,0,91,1,55,,1178964,28,0,91,1,100,,1178971,28,0,91,1,100,,1178977,28,0,91,1,99,,1178968,28,0,91,1
9201,'5',627,,1052769,28,,,1,30,,1074957,28,,,1,72,,1178986,28,,,1,21,,1178990,28,,,1,80,,1178981,28,,,1,29,,1100402,28,,,1,141,,1178991,28,0,91,1,100,,1178989,28,0,91,1,100,,1178980,28,0,91,1,101,,1178984,28,0,91,1,100,,1178979,28,0,91,1,100,,1178987,28,0,91,1,21,,1178983,38,0,91,1,279,,1062080,28,0,91,1,100,,1178988,28,0,91,1,55,,1052210,28,0,91,1,100,,1178982,28,0,91,1,100,,1178978,28,0,91,1,99,,1178985,28,0,91,1
9201,'6',627,,1179005,28,,,1,30,,1102298,28,,,1,72,,1178992,28,,,1,21,,1179000,28,,,1,80,,1178993,28,,,1,29,,1179003,28,,,1,141,,1178999,28,0,91,1,100,,1090547,28,0,91,1,100,,1179002,28,0,91,1,101,,1178996,28,0,91,1,100,,1179001,28,0,91,1,100,,1178995,28,0,91,1,21,,1085691,38,0,91,1,279,,1178998,28,0,91,1,100,,1077543,28,0,91,1,55,,1011031,28,0,91,1,100,,1178997,28,0,91,1,100,,1179004,28,0,91,1,99,,1178994,28,0,91,1
9201,'8',627,,1179024,28,,,1,30,,1179010,28,,,1,72,,1179006,28,,,1,21,,1179019,28,,,1,80,,1179007,28,,,1,29,,1179022,28,,,1,141,,1179018,28,0,91,1,100,,1179012,28,0,91,1,100,,1179021,28,0,91,1,101,,1179015,28,0,91,1,100,,1179020,28,0,91,1,100,,1179014,28,0,91,1,21,,1179011,38,0,91,1,279,,1179017,28,0,91,1,100,,1179008,28,0,91,1,55,,1179009,28,0,91,1,100,,1179016,28,0,91,1,100,,1179023,28,0,91,1,99,,1179013,28,0,91,1
9201,'9',627,,1052883,28,,,1,30,,1074751,28,,,1,72,,1179033,28,,,1,21,,1179037,28,,,1,80,,1179028,28,,,1,29,,1100361,28,,,1,141,,1179038,28,0,91,1,100,,1179036,28,0,91,1,100,,1179027,28,0,91,1,101,,1179031,28,0,91,1,100,,1179026,28,0,91,1,100,,1179034,28,0,91,1,21,,1179030,38,0,91,1,279,,1061969,28,0,91,1,100,,1179035,28,0,91,1,55,,1052384,28,0,91,1,100,,1179029,28,0,91,1,100,,1179025,28,0,91,1,99,,1179032,28,0,91,1
