1200,'1',447,,1115331,42,,,1,60,,1058665,42,,,1,32,,1115281,42,,,1,75,,1115303,42,,,1,36,,1115288,55,,,1,73,,1115287,55,,,1,77,,1115329,55,,,1,22,,1115285,55,,,1,17,,1115323,55,,,1,14,,1089770,55,,,1,58,,1115304,55,,,1,14,,1115301,55,,,1,15,,1115280,55,,,1,14,,1115275,55,,,1,52,,1115308,55,,,1,14,,1115319,55,,,1,14,,1115302,55,,,1,15,,1115270,55,,,1,56,,1115309,55,,,1,14,,1115272,55,,,1,16,,1066174,55,,,1,16,,1115328,55,,,1,56,,1115332,55,,,1,16,,1115295,55,,,1,17,,1115273,55,,,1,14,,1115297,55,,,1,52,,1115293,55,,,1,14,,1115312,55,,,1,16,,1115306,55,,,1,16,,1115317,55,,,1,56,,1063632,55,,,1,16,,1115282,55,,,1,15,,1115305,55,,,1,18,,1095209,55,,,1,59,,1115307,55,,,1,19,,1094149,55,,,1,71,,1115278,55,,,1,17,,1115314,55,,,1,15,,1115324,55,,,1,14,,1115313,55,,,1,54,,1079554,55,,,1,14,,1115318,55,,,1,31,,1059073,55,,,1,55,,1115321,55,,,1,13,,1115290,55,,,1,11,,1115322,55,,,1,11,,1115310,55,,,1,11,,1036991,55,,,1,52,,1115271,55,,,1,8,,1115316,55,,,1,13,,1115325,42,,,1,17,,1115315,55,,,1,15,,1115311,42,,,1,56,,1115298,55,,,1,11,,1096790,42,,,1,17,,1115326,55,,,1,14,,1115320,42,,,1,56,,1115289,55,,,1,13,,1115296,42,,,1,17,,1115330,55,,,1,14,,1115294,42,,,1,56,,1115300,55,,,1,11,,1115291,42,,,1,16,,1115286,55,,,1,12,,1115279,42,,,1,55,,1115276,55,,,1,13,,1115327,42,,,1,14,,1115283,42,,,1,71,,1115274,55,,,1,13,,1090478,42,,,1,23,,1115292,42,,,1,66,,1115284,42,,,1,29,,1115299,42,,,1,66,,1115277,42,,,1,29,,1077496,42,,,1
1200,'10',447,,1115394,42,,,1,60,,1058683,42,,,1,32,,1115344,42,,,1,75,,1115366,42,,,1,36,,1115351,55,,,1,73,,1115350,55,,,1,77,,1115392,55,,,1,22,,1115348,55,,,1,17,,1115386,55,,,1,14,,1089627,55,,,1,58,,1115367,55,,,1,14,,1115364,55,,,1,15,,1115343,55,,,1,14,,1115338,55,,,1,52,,1115371,55,,,1,14,,1115382,55,,,1,14,,1115365,55,,,1,15,,1115333,55,,,1,56,,1115372,55,,,1,14,,1115335,55,,,1,16,,1065952,55,,,1,16,,1115391,55,,,1,56,,1115395,55,,,1,16,,1115358,55,,,1,17,,1115336,55,,,1,14,,1115360,55,,,1,52,,1115356,55,,,1,14,,1115375,55,,,1,16,,1115369,55,,,1,16,,1115380,55,,,1,56,,1063328,55,,,1,16,,1115345,55,,,1,15,,1115368,55,,,1,18,,1094963,55,,,1,59,,1115370,55,,,1,19,,1093929,55,,,1,71,,1115341,55,,,1,17,,1115377,55,,,1,15,,1115387,55,,,1,14,,1115376,55,,,1,54,,1079362,55,,,1,14,,1115381,55,,,1,31,,1059089,55,,,1,55,,1115384,55,,,1,13,,1115353,55,,,1,11,,1115385,55,,,1,11,,1115373,55,,,1,11,,1037221,55,,,1,52,,1115334,55,,,1,8,,1115379,55,,,1,13,,1115388,42,,,1,17,,1115378,55,,,1,15,,1115374,42,,,1,56,,1115361,55,,,1,11,,1096557,42,,,1,17,,1115389,55,,,1,14,,1115383,42,,,1,56,,1115352,55,,,1,13,,1115359,42,,,1,17,,1115393,55,,,1,14,,1115357,42,,,1,56,,1115363,55,,,1,11,,1115354,42,,,1,16,,1115349,55,,,1,12,,1115342,42,,,1,55,,1115339,55,,,1,13,,1115390,42,,,1,14,,1115346,42,,,1,71,,1115337,55,,,1,13,,1090321,42,,,1,23,,1115355,42,,,1,66,,1115347,42,,,1,29,,1115362,42,,,1,66,,1115340,42,,,1,29,,1077383,42,,,1
1200,'11',447,,1115457,42,,,1,60,,1058660,42,,,1,32,,1115407,42,,,1,75,,1115429,42,,,1,36,,1115414,55,,,1,73,,1115413,55,,,1,77,,1115455,55,,,1,22,,1115411,55,,,1,17,,1115449,55,,,1,14,,1089812,55,,,1,58,,1115430,55,,,1,14,,1115427,55,,,1,15,,1115406,55,,,1,14,,1115401,55,,,1,52,,1115434,55,,,1,14,,1115445,55,,,1,14,,1115428,55,,,1,15,,1115396,55,,,1,56,,1115435,55,,,1,14,,1115398,55,,,1,16,,1066245,55,,,1,16,,1115454,55,,,1,56,,1115458,55,,,1,16,,1115421,55,,,1,17,,1115399,55,,,1,14,,1115423,55,,,1,52,,1115419,55,,,1,14,,1115438,55,,,1,16,,1115432,55,,,1,16,,1115443,55,,,1,56,,1063724,55,,,1,16,,1115408,55,,,1,15,,1115431,55,,,1,18,,1095283,55,,,1,59,,1115433,55,,,1,19,,1094212,55,,,1,71,,1115404,55,,,1,17,,1115440,55,,,1,15,,1115450,55,,,1,14,,1115439,55,,,1,54,,1079613,55,,,1,14,,1115444,55,,,1,31,,1059068,55,,,1,55,,1115447,55,,,1,13,,1115416,55,,,1,11,,1115448,55,,,1,11,,1115436,55,,,1,11,,1036924,55,,,1,52,,1115397,55,,,1,8,,1115442,55,,,1,13,,1115451,42,,,1,17,,1115441,55,,,1,15,,1115437,42,,,1,56,,1115424,55,,,1,11,,1096856,42,,,1,17,,1115452,55,,,1,14,,1115446,42,,,1,56,,1115415,55,,,1,13,,1115422,42,,,1,17,,1115456,55,,,1,14,,1115420,42,,,1,56,,1115426,55,,,1,11,,1115417,42,,,1,16,,1115412,55,,,1,12,,1115405,42,,,1,55,,1115402,55,,,1,13,,1115453,42,,,1,14,,1115409,42,,,1,71,,1115400,55,,,1,13,,1090521,42,,,1,23,,1115418,42,,,1,66,,1115410,42,,,1,29,,1115425,42,,,1,66,,1115403,42,,,1,29,,1077529,42,,,1
1200,'12',447,,1115497,42,,,1,60,,1115486,42,,,1,32,,1115503,42,,,1,75,,1010301,42,,,1,36,,1115492,55,,,1,73,,1115498,55,,,1,77,,1115502,55,,,1,22,,1096706,55,,,1,17,,1115491,55,,,1,14,,1115519,55,,,1,58,,1115522,55,,,1,14,,1115482,55,,,1,15,,1115493,55,,,1,14,,1115494,55,,,1,52,,1115500,55,,,1,14,,1115460,55,,,1,14,,1115488,55,,,1,15,,1115509,55,,,1,56,,1115517,55,,,1,14,,1115459,55,,,1,16,,1115466,55,,,1,16,,1115464,55,,,1,56,,1115511,55,,,1,16,,1115490,55,,,1,17,,1115483,55,,,1,14,,1115480,55,,,1,52,,1115489,55,,,1,14,,1115496,55,,,1,16,,1115468,55,,,1,16,,1115476,55,,,1,56,,902476,55,,,1,16,,1115487,55,,,1,15,,1115472,55,,,1,18,,1115513,55,,,1,59,,1115499,55,,,1,19,,1065739,55,,,1,71,,1115462,55,,,1,17,,1115514,55,,,1,15,,1115474,55,,,1,14,,1115518,55,,,1,54,,1036362,55,,,1,14,,1115470,55,,,1,31,,1115463,55,,,1,55,,1080438,55,,,1,13,,1115479,55,,,1,11,,1115505,55,,,1,11,,1115471,55,,,1,11,,1115501,55,,,1,52,,1115508,55,,,1,8,,1115506,55,,,1,13,,1115507,42,,,1,17,,1115504,55,,,1,15,,1078241,42,,,1,56,,1115520,55,,,1,11,,1115467,42,,,1,17,,1115484,55,,,1,14,,1115477,42,,,1,56,,1115481,55,,,1,13,,1115515,42,,,1,17,,1115475,55,,,1,14,,1115512,42,,,1,56,,1010637,55,,,1,11,,1073602,42,,,1,16,,1115478,55,,,1,12,,1115521,42,,,1,55,,1115510,55,,,1,13,,1040623,42,,,1,14,,1115516,42,,,1,71,,1115469,55,,,1,13,,1115495,42,,,1,23,,1115461,42,,,1,66,,1115485,42,,,1,29,,1092385,42,,,1,66,,1115465,42,,,1,29,,1115473,42,,,1
1200,'13',708,,1115555,42,,,1,31,,1115525,42,,,1,70,,1115529,42,,,1,31,,1115540,42,,,1,71,,1115546,55,,,1,29,,1115551,42,,,1,67,,1115552,55,,,1,16,,1115558,42,,,1,16,,1115526,42,,,1,15,,1115557,42,,,1,56,,1115568,55,,,1,14,,1115531,42,,,1,15,,1115533,42,,,1,15,,1093236,42,,,1,56,,1115571,55,,,1,14,,1115542,42,,,1,16,,1115527,55,,,1,15,,1115536,42,,,1,56,,1115564,55,,,1,14,,1115575,42,,,1,16,,1115539,55,,,1,14,,1115530,42,,,1,56,,1115574,55,,,1,14,,1115572,42,,,1,16,,1115524,55,,,1,14,,1115532,42,,,1,56,,1115549,55,,,1,14,,1115550,42,,,1,16,,1115567,55,,,1,14,,1115562,42,,,1,56,,1115523,55,,,1,14,,1115570,42,,,1,16,,1115545,55,,,1,13,,1115569,42,,,1,56,,1115528,55,,,1,14,,1115563,42,,,1,16,,1115547,55,,,1,14,,1115556,42,,,1,56,,1115554,55,,,1,14,,1115573,42,,,1,16,,1115561,55,,,1,14,,1115535,42,,,1,69,,1115543,55,,,1,29,,1115559,42,,,1,70,,1115541,42,,,1,29,,1115565,42,,,1,70,,1115537,42,,,1,30,,1115534,42,,,1,70,,1115548,42,,,1,28,,1115560,42,,,1,70,,1115566,42,,,1,30,,1074452,42,,,1,70,,1115544,42,,,1,30,,1115553,42,,,1,76,,1115538,42,,,1
1200,'14',447,,1115648,42,,,1,60,,1115587,42,,,1,32,,1115591,42,,,1,75,,1115615,42,,,1,36,,1115600,55,,,1,73,,1115598,55,,,1,77,,1115645,55,,,1,22,,1115596,55,,,1,17,,1115638,55,,,1,14,,1115579,55,,,1,58,,1115617,55,,,1,14,,1115613,55,,,1,15,,1115590,55,,,1,14,,1115584,55,,,1,52,,1115621,55,,,1,14,,1115633,55,,,1,14,,1115614,55,,,1,15,,1115577,55,,,1,56,,1115622,55,,,1,14,,1115580,55,,,1,16,,1115650,55,,,1,16,,1115643,55,,,1,56,,1115649,55,,,1,16,,1115607,55,,,1,17,,1115581,55,,,1,14,,1115609,55,,,1,52,,1115605,55,,,1,14,,1115625,55,,,1,16,,1115619,55,,,1,16,,1115631,55,,,1,56,,1115647,55,,,1,16,,1115592,55,,,1,15,,1115618,55,,,1,18,,1115599,55,,,1,59,,1115620,55,,,1,19,,1115616,55,,,1,71,,1115588,55,,,1,17,,1115628,55,,,1,15,,1115639,55,,,1,14,,1115626,55,,,1,54,,1115582,55,,,1,14,,1115632,55,,,1,31,,1115627,55,,,1,55,,1115635,55,,,1,13,,1115602,55,,,1,11,,1115637,55,,,1,11,,1115623,55,,,1,11,,1115644,55,,,1,52,,1115578,55,,,1,8,,1115630,55,,,1,13,,1115640,42,,,1,17,,1115629,55,,,1,15,,1115624,42,,,1,56,,1115610,55,,,1,11,,1115636,42,,,1,17,,1115641,55,,,1,14,,1115634,42,,,1,56,,1115601,55,,,1,13,,1115608,42,,,1,17,,1115646,55,,,1,14,,1115606,42,,,1,56,,1115612,55,,,1,11,,1115603,42,,,1,16,,1115597,55,,,1,12,,1115589,42,,,1,55,,1115585,55,,,1,13,,1115642,42,,,1,14,,1115594,42,,,1,71,,1115583,55,,,1,13,,1115576,42,,,1,23,,1115604,42,,,1,66,,1115595,42,,,1,29,,1115611,42,,,1,66,,1115586,42,,,1,29,,1115593,42,,,1
1200,'15',447,,1115687,42,,,1,60,,1115675,42,,,1,32,,1115696,42,,,1,75,,1115700,42,,,1,36,,1115720,55,,,1,73,,1115682,55,,,1,77,,1115689,55,,,1,22,,1115711,55,,,1,17,,1115660,55,,,1,14,,1115673,55,,,1,58,,1115710,55,,,1,14,,1115724,55,,,1,15,,1115703,55,,,1,14,,1115693,55,,,1,52,,1115692,55,,,1,14,,1115697,55,,,1,14,,1115685,55,,,1,15,,1115691,55,,,1,56,,1115659,55,,,1,14,,1115672,55,,,1,16,,1115719,55,,,1,16,,1115690,55,,,1,56,,1115721,55,,,1,16,,1115686,55,,,1,17,,1115661,55,,,1,14,,1115656,55,,,1,52,,1115714,55,,,1,14,,1115712,55,,,1,16,,1115666,55,,,1,16,,1115705,55,,,1,56,,1115725,55,,,1,16,,1115715,55,,,1,15,,1115664,55,,,1,18,,1115665,55,,,1,59,,1115653,55,,,1,19,,1115717,55,,,1,71,,1115652,55,,,1,17,,1115681,55,,,1,15,,1115723,55,,,1,14,,1115657,55,,,1,54,,1115722,55,,,1,14,,1115694,55,,,1,31,,1115654,55,,,1,55,,1115699,55,,,1,13,,1115688,55,,,1,11,,1115706,55,,,1,11,,1115671,55,,,1,11,,1115709,55,,,1,52,,1115669,55,,,1,8,,1115718,55,,,1,13,,1115663,42,,,1,17,,1115702,55,,,1,15,,1115670,42,,,1,56,,1115676,55,,,1,11,,1115662,42,,,1,17,,1115695,55,,,1,14,,1115679,42,,,1,56,,1115684,55,,,1,13,,1115680,42,,,1,17,,1115667,55,,,1,14,,1115713,42,,,1,56,,1115674,55,,,1,11,,1115683,42,,,1,16,,1115651,55,,,1,12,,1115677,42,,,1,55,,1115658,55,,,1,13,,1115716,42,,,1,14,,1115708,42,,,1,71,,1115678,55,,,1,13,,1115655,42,,,1,23,,1115701,42,,,1,66,,1115698,42,,,1,29,,1115707,42,,,1,66,,1115704,42,,,1,29,,1115668,42,,,1
1200,'16',447,,1115769,42,,,1,60,,1115757,42,,,1,32,,1115777,42,,,1,75,,1115746,42,,,1,36,,1115763,55,,,1,73,,1115770,55,,,1,77,,1115776,55,,,1,22,,1115730,55,,,1,17,,1115762,55,,,1,14,,1115790,55,,,1,58,,970136,55,,,1,14,,1115753,55,,,1,15,,1115764,55,,,1,14,,1115765,55,,,1,52,,1115774,55,,,1,14,,1115727,55,,,1,14,,1115759,55,,,1,15,,1115782,55,,,1,56,,1115788,55,,,1,14,,1115726,55,,,1,16,,1115735,55,,,1,16,,1115729,55,,,1,56,,1096471,55,,,1,16,,1115761,55,,,1,17,,1115754,55,,,1,14,,1115751,55,,,1,52,,1115760,55,,,1,14,,1115767,55,,,1,16,,1115736,55,,,1,16,,1115747,55,,,1,56,,1115734,55,,,1,16,,1115758,55,,,1,15,,1115742,55,,,1,18,,1115785,55,,,1,59,,1115771,55,,,1,19,,1115739,55,,,1,71,,1008750,55,,,1,17,,1115786,55,,,1,15,,1115744,55,,,1,14,,1115789,55,,,1,54,,1115768,55,,,1,14,,1115740,55,,,1,31,,1115728,55,,,1,55,,1115733,55,,,1,13,,1115750,55,,,1,11,,1115779,55,,,1,11,,1115741,55,,,1,11,,1115775,55,,,1,52,,1066193,55,,,1,8,,1115780,55,,,1,13,,1115781,42,,,1,17,,1115778,55,,,1,15,,1115772,42,,,1,56,,1115791,55,,,1,11,,1062165,42,,,1,17,,1115755,55,,,1,14,,1115748,42,,,1,56,,1115752,55,,,1,13,,1115787,42,,,1,17,,1115745,55,,,1,14,,1115784,42,,,1,56,,1115732,55,,,1,11,,1115773,42,,,1,16,,1115749,55,,,1,12,,1115792,42,,,1,55,,1115783,55,,,1,13,,1115793,42,,,1,14,,1066194,42,,,1,71,,1115738,55,,,1,13,,1115766,42,,,1,23,,1086703,42,,,1,66,,1115756,42,,,1,29,,1115737,42,,,1,66,,1115731,42,,,1,29,,1115743,42,,,1
1200,'17',708,,1115827,42,,,1,31,,1115796,42,,,1,70,,1115800,42,,,1,31,,1115812,42,,,1,71,,1115818,55,,,1,29,,1115823,42,,,1,67,,1115824,55,,,1,16,,1115830,42,,,1,16,,1115797,42,,,1,15,,1115829,42,,,1,56,,1115840,55,,,1,14,,1115803,42,,,1,15,,1115805,42,,,1,15,,1115802,42,,,1,56,,1115843,55,,,1,14,,1115814,42,,,1,16,,1115798,55,,,1,15,,1115808,42,,,1,56,,1115836,55,,,1,14,,1115848,42,,,1,16,,1115811,55,,,1,14,,1115801,42,,,1,56,,1115846,55,,,1,14,,1115844,42,,,1,16,,1115795,55,,,1,14,,1115804,42,,,1,56,,1115821,55,,,1,14,,1115822,42,,,1,16,,1115839,55,,,1,14,,1115834,42,,,1,56,,1115794,55,,,1,14,,1115842,42,,,1,16,,1115817,55,,,1,13,,1115841,42,,,1,56,,1115799,55,,,1,14,,1115835,42,,,1,16,,1115819,55,,,1,14,,1115828,42,,,1,56,,1115826,55,,,1,14,,1115845,42,,,1,16,,1115833,55,,,1,14,,1115807,42,,,1,69,,1115815,55,,,1,29,,1115831,42,,,1,70,,1115813,42,,,1,29,,1115837,42,,,1,70,,1115809,42,,,1,30,,1115806,42,,,1,70,,1115820,42,,,1,28,,1115832,42,,,1,70,,1115838,42,,,1,30,,1115847,42,,,1,70,,1115816,42,,,1,30,,1115825,42,,,1,76,,1115810,42,,,1
1200,'2',529,,1115861,42,,,1,30,,1005102,42,,,1,73,,1115901,42,,,1,70,,1115872,42,,,1,31,,1115882,42,,,1,70,,1115877,42,,,1,31,,1115871,42,,,1,20,,1101072,42,,,1,57,,1115904,42,,,1,17,,1115887,55,,,1,14,,1115906,42,,,1,16,,1115878,55,,,1,54,,1115858,42,,,1,16,,1115868,55,,,1,15,,1014876,42,,,1,16,,1115853,55,,,1,54,,1115899,42,,,1,16,,1115908,55,,,1,14,,1115862,42,,,1,70,,1115900,42,,,1,8,,1115890,55,,,1,8,,1115866,55,,,1,15,,1115855,42,,,1,56,,1115879,55,,,1,14,,1115891,42,,,1,10,,1115885,55,,,1,20,,1023588,42,,,1,56,,1115895,55,,,1,14,,1115869,42,,,1,16,,1115905,55,,,1,14,,1115884,42,,,1,56,,1115851,55,,,1,14,,1115854,42,,,1,16,,1115889,55,,,1,14,,1005886,42,,,1,56,,1115849,55,,,1,14,,1115881,42,,,1,16,,1115867,55,,,1,13,,1115874,42,,,1,16,,1115876,55,,,1,54,,1115883,42,,,1,16,,1115875,55,,,1,14,,1115865,42,,,1,16,,1115864,55,,,1,54,,1115880,42,,,1,16,,1115907,55,,,1,14,,1065026,42,,,1,16,,1115852,55,,,1,54,,1115856,42,,,1,16,,1115870,55,,,1,14,,1115863,42,,,1,16,,1115860,55,,,1,54,,1096585,42,,,1,16,,1115857,55,,,1,13,,1115893,42,,,1,16,,1115886,55,,,1,54,,1115897,42,,,1,16,,1115896,55,,,1,27,,1115903,42,,,1,71,,1008377,55,,,1,27,,1115888,42,,,1,71,,1115894,55,,,1,29,,1115898,42,,,1,70,,1115873,42,,,1,30,,1115892,42,,,1,70,,1115850,42,,,1,30,,1115902,42,,,1,70,,1115859,42,,,1
1200,'3',708,,1115942,42,,,1,31,,1115911,42,,,1,70,,1115915,42,,,1,31,,1115927,42,,,1,71,,1115933,55,,,1,29,,1115938,42,,,1,67,,1115939,55,,,1,16,,1115945,42,,,1,16,,1115912,42,,,1,15,,1115944,42,,,1,56,,1115955,55,,,1,14,,1115918,42,,,1,15,,1115920,42,,,1,15,,1115917,42,,,1,56,,1115958,55,,,1,14,,1115929,42,,,1,16,,1115913,55,,,1,15,,1115923,42,,,1,56,,1115951,55,,,1,14,,1115963,42,,,1,16,,1115926,55,,,1,14,,1115916,42,,,1,56,,1115961,55,,,1,14,,1115959,42,,,1,16,,1115910,55,,,1,14,,1115919,42,,,1,56,,1115936,55,,,1,14,,1115937,42,,,1,16,,1115954,55,,,1,14,,1115949,42,,,1,56,,1115909,55,,,1,14,,1115957,42,,,1,16,,1115932,55,,,1,13,,1115956,42,,,1,56,,1115914,55,,,1,14,,1115950,42,,,1,16,,1115934,55,,,1,14,,1115943,42,,,1,56,,1115941,55,,,1,14,,1115960,42,,,1,16,,1115948,55,,,1,14,,1115922,42,,,1,69,,1115930,55,,,1,29,,1115946,42,,,1,70,,1115928,42,,,1,29,,1115952,42,,,1,70,,1115924,42,,,1,30,,1115921,42,,,1,70,,1115935,42,,,1,28,,1115947,42,,,1,70,,1115953,42,,,1,30,,1115962,42,,,1,70,,1115931,42,,,1,30,,1115940,42,,,1,76,,1115925,42,,,1
1200,'4',708,,1115982,42,,,1,31,,1115984,42,,,1,70,,1115986,42,,,1,31,,1115974,42,,,1,71,,1115978,55,,,1,29,,1116000,42,,,1,67,,1116004,55,,,1,16,,1115977,42,,,1,16,,1115988,42,,,1,15,,1115971,42,,,1,56,,1115976,55,,,1,14,,1116006,42,,,1,15,,1115968,42,,,1,15,,1115967,42,,,1,56,,1115994,55,,,1,14,,1115973,42,,,1,16,,1115996,55,,,1,15,,1115979,42,,,1,56,,1115972,55,,,1,14,,1116003,42,,,1,16,,1116002,55,,,1,14,,1115970,42,,,1,56,,1115964,55,,,1,14,,1115983,42,,,1,16,,1115981,55,,,1,14,,1001800,42,,,1,56,,1115985,55,,,1,14,,1115966,42,,,1,16,,1115987,55,,,1,14,,1116016,42,,,1,56,,1115980,55,,,1,14,,1115965,42,,,1,16,,1116001,55,,,1,13,,1116013,42,,,1,56,,1116010,55,,,1,14,,1115998,42,,,1,16,,1116008,55,,,1,14,,1116011,42,,,1,56,,1115990,55,,,1,14,,1087966,42,,,1,16,,1115995,55,,,1,14,,1116005,42,,,1,69,,1116015,55,,,1,29,,1115991,42,,,1,70,,1116012,42,,,1,29,,1115993,42,,,1,70,,1115992,42,,,1,30,,1115975,42,,,1,70,,1115969,42,,,1,28,,1115997,42,,,1,70,,1116007,42,,,1,30,,1116014,42,,,1,70,,1115999,42,,,1,30,,1116009,42,,,1,76,,1115989,42,,,1
1200,'5',447,,1116078,42,,,1,60,,1058641,42,,,1,32,,1116028,42,,,1,75,,1116050,42,,,1,36,,1116035,55,,,1,73,,1116034,55,,,1,77,,1116076,55,,,1,22,,1116032,55,,,1,17,,1116070,55,,,1,14,,1089747,55,,,1,58,,1116051,55,,,1,14,,1116048,55,,,1,15,,1116027,55,,,1,14,,1116022,55,,,1,52,,1116055,55,,,1,14,,1116066,55,,,1,14,,1116049,55,,,1,15,,1116017,55,,,1,56,,1116056,55,,,1,14,,1116019,55,,,1,16,,1066133,55,,,1,16,,1116075,55,,,1,56,,1116079,55,,,1,16,,1116042,55,,,1,17,,1116020,55,,,1,14,,1116044,55,,,1,52,,1116040,55,,,1,14,,1116059,55,,,1,16,,1116053,55,,,1,16,,1116064,55,,,1,56,,1063592,55,,,1,16,,1116029,55,,,1,15,,1116052,55,,,1,18,,1095161,55,,,1,59,,1116054,55,,,1,19,,1094110,55,,,1,71,,1116025,55,,,1,17,,1116061,55,,,1,15,,1116071,55,,,1,14,,1116060,55,,,1,54,,1079520,55,,,1,14,,1116065,55,,,1,31,,1059053,55,,,1,55,,1116068,55,,,1,13,,1116037,55,,,1,11,,1116069,55,,,1,11,,1116057,55,,,1,11,,1036576,55,,,1,52,,1116018,55,,,1,8,,1116063,55,,,1,13,,1116072,42,,,1,17,,1116062,55,,,1,15,,1116058,42,,,1,56,,1116045,55,,,1,11,,1096758,42,,,1,17,,1116073,55,,,1,14,,1116067,42,,,1,56,,1116036,55,,,1,13,,1116043,42,,,1,17,,1116077,55,,,1,14,,1116041,42,,,1,56,,1116047,55,,,1,11,,1116038,42,,,1,16,,1116033,55,,,1,12,,1116026,42,,,1,55,,1116023,55,,,1,13,,1116074,42,,,1,14,,1116030,42,,,1,71,,1116021,55,,,1,13,,1090454,42,,,1,23,,1116039,42,,,1,66,,1116031,42,,,1,29,,1116046,42,,,1,66,,1116024,42,,,1,29,,1077478,42,,,1
1200,'6',447,,1116119,42,,,1,60,,1116108,42,,,1,32,,1116127,42,,,1,75,,1116098,42,,,1,36,,1116114,55,,,1,73,,1116120,55,,,1,77,,1116126,55,,,1,22,,1116083,55,,,1,17,,1116113,55,,,1,14,,1069900,55,,,1,58,,1116145,55,,,1,14,,1116104,55,,,1,15,,1029727,55,,,1,14,,1116115,55,,,1,52,,1116124,55,,,1,14,,948157,55,,,1,14,,1116110,55,,,1,15,,1116133,55,,,1,56,,1088322,55,,,1,14,,1116080,55,,,1,16,,1097568,55,,,1,16,,1063735,55,,,1,56,,1116135,55,,,1,16,,1116112,55,,,1,17,,1116105,55,,,1,14,,1116102,55,,,1,52,,1116111,55,,,1,14,,1116117,55,,,1,16,,1116088,55,,,1,16,,1043988,55,,,1,56,,1116086,55,,,1,16,,1116109,55,,,1,15,,1116094,55,,,1,18,,1116137,55,,,1,59,,1116121,55,,,1,19,,1116091,55,,,1,71,,1116082,55,,,1,17,,1116138,55,,,1,15,,1116096,55,,,1,14,,1116141,55,,,1,54,,1116118,55,,,1,14,,1116092,55,,,1,31,,1047675,55,,,1,55,,1116085,55,,,1,13,,1116101,55,,,1,11,,1116129,55,,,1,11,,1116093,55,,,1,11,,1116125,55,,,1,52,,1116132,55,,,1,8,,1116130,55,,,1,13,,1116131,42,,,1,17,,1116128,55,,,1,15,,1116122,42,,,1,56,,1116142,55,,,1,11,,1116087,42,,,1,17,,1116106,55,,,1,14,,1116099,42,,,1,56,,1116103,55,,,1,13,,1116139,42,,,1,17,,1116097,55,,,1,14,,1116136,42,,,1,56,,1116084,55,,,1,11,,1116123,42,,,1,16,,1116100,55,,,1,12,,1116143,42,,,1,55,,1116134,55,,,1,13,,1116144,42,,,1,14,,1116140,42,,,1,71,,1116090,55,,,1,13,,1116116,42,,,1,23,,1116081,42,,,1,66,,1116107,42,,,1,29,,1116089,42,,,1,66,,1002437,42,,,1,29,,1116095,42,,,1
1200,'7',529,,1116181,42,,,1,30,,1116185,42,,,1,73,,1116161,42,,,1,70,,1116187,42,,,1,31,,1116179,42,,,1,70,,1116192,42,,,1,31,,1116211,42,,,1,20,,1116183,42,,,1,57,,1116173,42,,,1,17,,1116176,55,,,1,14,,1116156,42,,,1,16,,1116174,55,,,1,54,,1116158,42,,,1,16,,1116147,55,,,1,15,,1116177,42,,,1,16,,1116162,55,,,1,54,,1116150,42,,,1,16,,1116206,55,,,1,14,,1116184,42,,,1,70,,1116155,42,,,1,8,,1116197,55,,,1,8,,1116210,55,,,1,15,,1116188,42,,,1,56,,1116202,55,,,1,14,,1116165,42,,,1,10,,1116180,55,,,1,20,,1116208,42,,,1,56,,1116157,55,,,1,14,,1116205,42,,,1,16,,1116194,55,,,1,14,,1116159,42,,,1,56,,1116171,55,,,1,14,,1116195,42,,,1,16,,1116152,55,,,1,14,,1116196,42,,,1,56,,1116163,55,,,1,14,,1116190,42,,,1,16,,1116154,55,,,1,13,,1116209,42,,,1,16,,1116168,55,,,1,54,,1116201,42,,,1,16,,1116151,55,,,1,14,,1116186,42,,,1,16,,1116153,55,,,1,54,,1116172,42,,,1,16,,1116207,55,,,1,14,,1116189,42,,,1,16,,1116213,55,,,1,54,,1116160,42,,,1,16,,1116193,55,,,1,14,,1116175,42,,,1,16,,1116148,55,,,1,54,,1116169,42,,,1,16,,1116198,55,,,1,13,,1116212,42,,,1,16,,1116199,55,,,1,54,,1116146,42,,,1,16,,1116178,55,,,1,27,,1116203,42,,,1,71,,1116182,55,,,1,27,,1116204,42,,,1,71,,1116170,55,,,1,29,,1116191,42,,,1,70,,1116164,42,,,1,30,,1116200,42,,,1,70,,1116167,42,,,1,30,,1116166,42,,,1,70,,1116149,42,,,1
1200,'8',447,,1116260,42,,,1,60,,1116248,42,,,1,32,,1116268,42,,,1,75,,1116237,42,,,1,36,,1116254,55,,,1,73,,1116261,55,,,1,77,,1116267,55,,,1,22,,1116220,55,,,1,17,,1116253,55,,,1,14,,1116284,55,,,1,58,,1116288,55,,,1,14,,1116244,55,,,1,15,,1116255,55,,,1,14,,1116256,55,,,1,52,,1116265,55,,,1,14,,1116215,55,,,1,14,,1116250,55,,,1,15,,1116274,55,,,1,56,,1116282,55,,,1,14,,1116214,55,,,1,16,,1116225,55,,,1,16,,1116219,55,,,1,56,,1116276,55,,,1,16,,1116252,55,,,1,17,,1116245,55,,,1,14,,1116242,55,,,1,52,,1116251,55,,,1,14,,1116258,55,,,1,16,,1116227,55,,,1,16,,1116238,55,,,1,56,,1116224,55,,,1,16,,1116249,55,,,1,15,,1116233,55,,,1,18,,1116278,55,,,1,59,,1116262,55,,,1,19,,1116230,55,,,1,71,,1116217,55,,,1,17,,1116279,55,,,1,15,,1116235,55,,,1,14,,1116283,55,,,1,54,,1116259,55,,,1,14,,1116231,55,,,1,31,,1116218,55,,,1,55,,1116223,55,,,1,13,,1116241,55,,,1,11,,1116270,55,,,1,11,,1116232,55,,,1,11,,1116266,55,,,1,52,,1116273,55,,,1,8,,1116271,55,,,1,13,,1116272,42,,,1,17,,1116269,55,,,1,15,,1116263,42,,,1,56,,1116285,55,,,1,11,,1116226,42,,,1,17,,1116246,55,,,1,14,,1116239,42,,,1,56,,1116243,55,,,1,13,,1116280,42,,,1,17,,1116236,55,,,1,14,,1116277,42,,,1,56,,1116222,55,,,1,11,,1116264,42,,,1,16,,1116240,55,,,1,12,,1116286,42,,,1,55,,1116275,55,,,1,13,,1116287,42,,,1,14,,1116281,42,,,1,71,,1116229,55,,,1,13,,1116257,42,,,1,23,,1116216,42,,,1,66,,1116247,42,,,1,29,,1116228,42,,,1,66,,1116221,42,,,1,29,,1116234,42,,,1
1200,'9',447,,1116350,42,,,1,60,,1058670,42,,,1,32,,1116300,42,,,1,75,,1116322,42,,,1,36,,1116307,55,,,1,73,,1116306,55,,,1,77,,1116348,55,,,1,22,,1116304,55,,,1,17,,1116342,55,,,1,14,,1089672,55,,,1,58,,1116323,55,,,1,14,,1116320,55,,,1,15,,1116299,55,,,1,14,,1116294,55,,,1,52,,1116327,55,,,1,14,,1116338,55,,,1,14,,1116321,55,,,1,15,,1116289,55,,,1,56,,1116328,55,,,1,14,,1116291,55,,,1,16,,1066024,55,,,1,16,,1116347,55,,,1,56,,1116351,55,,,1,16,,1116314,55,,,1,17,,1116292,55,,,1,14,,1116316,55,,,1,52,,1116312,55,,,1,14,,1116331,55,,,1,16,,1116325,55,,,1,16,,1116336,55,,,1,56,,1063421,55,,,1,16,,1116301,55,,,1,15,,1116324,55,,,1,18,,1095037,55,,,1,59,,1116326,55,,,1,19,,1093999,55,,,1,71,,1116297,55,,,1,17,,1116333,55,,,1,15,,1116343,55,,,1,14,,1116332,55,,,1,54,,1079421,55,,,1,14,,1116337,55,,,1,31,,1059078,55,,,1,55,,1116340,55,,,1,13,,1116309,55,,,1,11,,1116341,55,,,1,11,,1116329,55,,,1,11,,1037058,55,,,1,52,,1116290,55,,,1,8,,1116335,55,,,1,13,,1116344,42,,,1,17,,1116334,55,,,1,15,,1116330,42,,,1,56,,1116317,55,,,1,11,,1096625,42,,,1,17,,1116345,55,,,1,14,,1116339,42,,,1,56,,1116308,55,,,1,13,,1116315,42,,,1,17,,1116349,55,,,1,14,,1116313,42,,,1,56,,1116319,55,,,1,11,,1116310,42,,,1,16,,1116305,55,,,1,12,,1116298,42,,,1,55,,1116295,55,,,1,13,,1116346,42,,,1,14,,1116302,42,,,1,71,,1116293,55,,,1,13,,1090372,42,,,1,23,,1116311,42,,,1,66,,1116303,42,,,1,29,,1116318,42,,,1,66,,1116296,42,,,1,29,,1077416,42,,,1
2401,'1',502,,1124202,12,0,29,1,32,,1124166,29,0,29,1,84,,1124178,29,,,1,30,,1124184,29,,,1,55,,1124164,29,0,29,1,15,,1078723,29,,,1,16,,1075558,29,0,29,1,12,,1124192,29,,,1,58,,1124173,29,0,29,1,16,,1124176,29,,,1,17,,1124197,29,0,29,1,13,,1124175,29,,,1,75,,1124170,29,,,1,28,,1124180,63,,,1,70,,1124191,63,,,1,30,,1124190,63,,,1,70,,1089787,63,,,1,29,,1124195,63,,,1,70,,1124204,63,,,1,30,,1124199,63,,,1,70,,1124200,63,,,1,29,,1124162,63,,,1,70,,1124168,63,,,1,30,,1124167,63,,,1,64,,1124196,63,,,1,19,,1124169,3,,,1,1,,1124201,14,0,29,1,1,,1042878,3,,,1,1,,1124172,14,0,29,1,15,,1124186,63,,,1,69,,1124181,63,,,1,15,,1124177,29,,,1,16,,1124194,63,,,1,54,,1124189,29,,,1,15,,1124174,63,,,1,15,,1124203,29,,,1,18,,1082238,63,,,1,52,,1124193,29,,,1,18,,1124179,63,,,1,12,,1124187,29,,,1,7,,1124182,63,,,1,65,,1124160,63,,,1,30,,1124185,63,,,1,75,,1124163,29,,,1,25,,1094137,63,,,1,18,,1124158,29,,,1,72,,1124183,63,,,1,28,,1124159,29,,,1,72,,1124188,63,,,1,104,,1124198,63,,,1
2401,'10',502,,1124249,12,0,29,1,32,,1124213,29,0,29,1,84,,1124225,29,,,1,30,,1124231,29,,,1,55,,1124211,29,0,29,1,15,,1078459,29,,,1,16,,1075222,29,0,29,1,12,,1124239,29,,,1,58,,1124220,29,0,29,1,16,,1124223,29,,,1,17,,1124244,29,0,29,1,13,,1124222,29,,,1,75,,1124217,29,,,1,28,,1124227,63,,,1,70,,1124238,63,,,1,30,,1124237,63,,,1,70,,1089644,63,,,1,29,,1124242,63,,,1,70,,1124251,63,,,1,30,,1124246,63,,,1,70,,1124247,63,,,1,29,,1124209,63,,,1,70,,1124215,63,,,1,30,,1124214,63,,,1,64,,1124243,63,,,1,19,,1124216,3,,,1,1,,1124248,14,0,29,1,1,,1043002,3,,,1,1,,1124219,14,0,29,1,15,,1124233,63,,,1,69,,1124228,63,,,1,15,,1124224,29,,,1,16,,1124241,63,,,1,54,,1124236,29,,,1,15,,1124221,63,,,1,15,,1124250,29,,,1,18,,1082075,63,,,1,52,,1124240,29,,,1,18,,1124226,63,,,1,12,,1124234,29,,,1,7,,1124229,63,,,1,65,,1124207,63,,,1,30,,1124232,63,,,1,75,,1124210,29,,,1,25,,1093917,63,,,1,18,,1124205,29,,,1,72,,1124230,63,,,1,28,,1124206,29,,,1,72,,1124235,63,,,1,104,,1124245,63,,,1
2401,'11',502,,1124296,12,0,29,1,32,,1124260,29,0,29,1,84,,1124272,29,,,1,30,,1124278,29,,,1,55,,1124258,29,0,29,1,15,,1078803,29,,,1,16,,1075650,29,0,29,1,12,,1124286,29,,,1,58,,1124267,29,0,29,1,16,,1124270,29,,,1,17,,1124291,29,0,29,1,13,,1124269,29,,,1,75,,1124264,29,,,1,28,,1124274,63,,,1,70,,1124285,63,,,1,30,,1124284,63,,,1,70,,1089829,63,,,1,29,,1124289,63,,,1,70,,1124298,63,,,1,30,,1124293,63,,,1,70,,1124294,63,,,1,29,,1124256,63,,,1,70,,1124262,63,,,1,30,,1124261,63,,,1,64,,1124290,63,,,1,19,,1124263,3,,,1,1,,1124295,14,0,29,1,1,,1042843,3,,,1,1,,1124266,14,0,29,1,15,,1124280,63,,,1,69,,1124275,63,,,1,15,,1124271,29,,,1,16,,1124288,63,,,1,54,,1124283,29,,,1,15,,1124268,63,,,1,15,,1124297,29,,,1,18,,1082291,63,,,1,52,,1124287,29,,,1,18,,1124273,63,,,1,12,,1124281,29,,,1,7,,1124276,63,,,1,65,,1124254,63,,,1,30,,1124279,63,,,1,75,,1124257,29,,,1,25,,1094200,63,,,1,18,,1124252,29,,,1,72,,1124277,63,,,1,28,,1124253,29,,,1,72,,1124282,63,,,1,104,,1124292,63,,,1
2401,'12',502,,1124318,12,0,29,1,32,,1124336,29,0,29,1,84,,1124328,29,,,1,30,,1124306,29,,,1,55,,1124345,29,0,29,1,15,,1124324,29,,,1,16,,1124314,29,0,29,1,12,,1124303,29,,,1,58,,1124313,29,0,29,1,16,,1124315,29,,,1,17,,1124299,29,0,29,1,13,,1124310,29,,,1,75,,1124329,29,,,1,28,,1043798,63,,,1,70,,1124340,63,,,1,30,,1064870,63,,,1,70,,1023317,63,,,1,29,,1124327,63,,,1,70,,1124346,63,,,1,30,,1124322,63,,,1,70,,1124326,63,,,1,29,,1124304,63,,,1,70,,1124321,63,,,1,30,,1124305,63,,,1,64,,1124308,63,,,1,19,,1124334,3,,,1,1,,1124342,14,0,29,1,1,,1124331,3,,,1,1,,1124337,14,0,29,1,15,,1124317,63,,,1,69,,1124312,63,,,1,15,,1124300,29,,,1,16,,1124320,63,,,1,54,,1124338,29,,,1,15,,1124301,63,,,1,15,,1124332,29,,,1,18,,1124339,63,,,1,52,,1124330,29,,,1,18,,1124307,63,,,1,12,,1074492,29,,,1,7,,1124335,63,,,1,65,,1124309,63,,,1,30,,1124316,63,,,1,75,,1124325,29,,,1,25,,1124311,63,,,1,18,,1124343,29,,,1,72,,1124302,63,,,1,28,,1124341,29,,,1,72,,1124344,63,,,1,104,,1124333,63,,,1
2401,'13',844,,1124352,30,,,1,103,,1124371,38,,,1,101,,1124350,38,,,1,70,,1124348,38,,,1,30,,1124359,38,,,1,71,,1124358,38,,,1,30,,1124347,38,,,1,70,,1124370,38,,,1,30,,1124349,38,,,1,70,,1124368,38,,,1,30,,1124364,38,,,1,70,,1124354,38,,,1,30,,1124365,38,,,1,70,,1124363,38,,,1,30,,1124366,38,,,1,70,,1124357,38,,,1,30,,1124360,38,,,1,69,,1124353,38,,,1,35,,1124351,30,,,1,78,,1124369,30,,,1,70,,1124367,30,,,1,28,,1124355,30,,,1,100,,1124362,30,0,29,1,100,,1124361,30,0,29,1,100,,1124356,30,0,29,1
2401,'14',502,,1124418,12,0,29,1,32,,1124381,29,0,29,1,84,,1124393,29,,,1,30,,1124399,29,,,1,55,,1124378,29,0,29,1,15,,1124419,29,,,1,16,,1124424,29,0,29,1,12,,1124407,29,,,1,58,,1124388,29,0,29,1,16,,1124391,29,,,1,17,,1124412,29,0,29,1,13,,1124390,29,,,1,75,,1124385,29,,,1,28,,1124395,63,,,1,70,,1124406,63,,,1,30,,1124405,63,,,1,70,,1124421,63,,,1,29,,1124410,63,,,1,70,,1124423,63,,,1,30,,1124414,63,,,1,70,,1124415,63,,,1,29,,1124376,63,,,1,70,,1124383,63,,,1,30,,1124382,63,,,1,64,,1124411,63,,,1,19,,1124384,3,,,1,1,,1124417,14,0,29,1,1,,1124416,3,,,1,1,,1124387,14,0,29,1,15,,1124401,63,,,1,69,,1124396,63,,,1,15,,1124392,29,,,1,16,,1124409,63,,,1,54,,1124404,29,,,1,15,,1124389,63,,,1,15,,1124420,29,,,1,18,,1124422,63,,,1,52,,1124408,29,,,1,18,,1124394,63,,,1,12,,1124402,29,,,1,7,,1124397,63,,,1,65,,1124374,63,,,1,30,,1124400,63,,,1,75,,1124377,29,,,1,25,,1124379,63,,,1,18,,1124372,29,,,1,72,,1124398,63,,,1,28,,1124373,29,,,1,72,,1124403,63,,,1,104,,1124413,63,,,1
2401,'15',502,,1124449,12,0,29,1,32,,1124446,29,0,29,1,84,,1124475,29,,,1,30,,1124459,29,,,1,55,,1124474,29,0,29,1,15,,1124444,29,,,1,16,,1124440,29,0,29,1,12,,1124436,29,,,1,58,,1124470,29,0,29,1,16,,1124456,29,,,1,17,,1124471,29,0,29,1,13,,1124439,29,,,1,75,,1124473,29,,,1,28,,1124462,63,,,1,70,,1124434,63,,,1,30,,1124428,63,,,1,70,,1124461,63,,,1,29,,1124469,63,,,1,70,,1124441,63,,,1,30,,1124437,63,,,1,70,,1124431,63,,,1,29,,1124454,63,,,1,70,,1124432,63,,,1,30,,1124443,63,,,1,64,,1124451,63,,,1,19,,1124430,3,,,1,1,,1124460,14,0,29,1,1,,1124467,3,,,1,1,,1124438,14,0,29,1,15,,1124463,63,,,1,69,,1124435,63,,,1,15,,1124425,29,,,1,16,,1124448,63,,,1,54,,1124466,29,,,1,15,,1124447,63,,,1,15,,1124465,29,,,1,18,,1124433,63,,,1,52,,1124453,29,,,1,18,,1124445,63,,,1,12,,1124442,29,,,1,7,,1124472,63,,,1,65,,1124455,63,,,1,30,,1124450,63,,,1,75,,1124464,29,,,1,25,,1124427,63,,,1,18,,1124468,29,,,1,72,,1124477,63,,,1,28,,1124457,29,,,1,72,,1124458,63,,,1,104,,1124476,63,,,1
2401,'16',502,,1124494,12,0,29,1,32,,1124512,29,0,29,1,84,,1124504,29,,,1,30,,1124483,29,,,1,55,,1124523,29,0,29,1,15,,1124500,29,,,1,16,,1124490,29,0,29,1,12,,1124480,29,,,1,58,,1124489,29,0,29,1,16,,1124491,29,,,1,17,,1021444,29,0,29,1,13,,1124486,29,,,1,75,,1124505,29,,,1,28,,1124522,63,,,1,70,,1124516,63,,,1,30,,1124484,63,,,1,70,,1124518,63,,,1,29,,1124503,63,,,1,70,,1124524,63,,,1,30,,1124498,63,,,1,70,,1124502,63,,,1,29,,1124482,63,,,1,70,,1124497,63,,,1,30,,1098163,63,,,1,64,,1088835,63,,,1,19,,1124510,3,,,1,1,,1124519,14,0,29,1,1,,1124507,3,,,1,1,,1124513,14,0,29,1,15,,1124493,63,,,1,69,,1124488,63,,,1,15,,1124478,29,,,1,16,,1124496,63,,,1,54,,1124514,29,,,1,15,,1070332,63,,,1,15,,1124508,29,,,1,18,,1124515,63,,,1,52,,1124506,29,,,1,18,,1064711,63,,,1,12,,1124525,29,,,1,7,,1124511,63,,,1,65,,1124485,63,,,1,30,,1124492,63,,,1,75,,1124501,29,,,1,25,,1124487,63,,,1,18,,1124520,29,,,1,72,,1124479,63,,,1,28,,1124517,29,,,1,72,,1124521,63,,,1,104,,1124509,63,,,1
2401,'17',844,,1124531,30,,,1,103,,1124550,38,,,1,101,,1124529,38,,,1,70,,1124527,38,,,1,30,,1124538,38,,,1,71,,1124537,38,,,1,30,,1124526,38,,,1,70,,1124549,38,,,1,30,,1124528,38,,,1,70,,1124547,38,,,1,30,,1124543,38,,,1,70,,1124533,38,,,1,30,,1124544,38,,,1,70,,1124542,38,,,1,30,,1124545,38,,,1,70,,1124536,38,,,1,30,,1124539,38,,,1,69,,1124532,38,,,1,35,,1124530,30,,,1,78,,1124548,30,,,1,70,,1124546,30,,,1,28,,1124534,30,,,1,100,,1124541,30,0,29,1,100,,1124540,30,0,29,1,100,,1124535,30,0,29,1
2401,'2',643,,1124563,30,,,1,74,,1124570,38,,,1,101,,1124565,38,,,1,31,,1124556,38,,,1,70,,1124567,38,,,1,30,,1124577,38,,,1,71,,1124559,38,,,1,30,,1124572,38,,,1,70,,1124578,38,,,1,30,,1124551,38,,,1,69,,1051910,38,,,1,31,,1124564,38,,,1,70,,1124575,38,,,1,30,,1124579,38,,,1,70,,1124561,38,,,1,30,,1124560,38,,,1,71,,1124571,38,,,1,29,,1124552,38,,,1,70,,1012230,38,,,1,30,,1124557,38,,,1,70,,1124553,38,,,1,30,,1124574,38,,,1,70,,1124558,38,,,1,30,,1124555,38,,,1,70,,1124568,38,,,1,27,,1067840,38,,,1,68,,1124562,38,0,29,1,28,,1124569,38,0,29,1,98,,1124573,38,0,29,1,102,,1124576,38,0,29,1,100,,1124566,38,0,29,1,100,,1124554,38,0,29,1
2401,'3',844,,1124585,30,,,1,103,,1124604,38,,,1,101,,1124583,38,,,1,70,,1124581,38,,,1,30,,1124592,38,,,1,71,,1124591,38,,,1,30,,1124580,38,,,1,70,,1124603,38,,,1,30,,1124582,38,,,1,70,,1124601,38,,,1,30,,1124597,38,,,1,70,,1124587,38,,,1,30,,1124598,38,,,1,70,,1124596,38,,,1,30,,1124599,38,,,1,70,,1124590,38,,,1,30,,1124593,38,,,1,69,,1124586,38,,,1,35,,1124584,30,,,1,78,,1124602,30,,,1,70,,1124600,30,,,1,28,,1124588,30,,,1,100,,1124595,30,0,29,1,100,,1124594,30,0,29,1,100,,1124589,30,0,29,1
2401,'4',844,,1124624,30,,,1,103,,1124605,38,,,1,101,,1124621,38,,,1,70,,1082164,38,,,1,30,,1124610,38,,,1,71,,1124612,38,,,1,30,,1124623,38,,,1,70,,1124615,38,,,1,30,,1124609,38,,,1,70,,1124613,38,,,1,30,,1124625,38,,,1,70,,1124620,38,,,1,30,,1076923,38,,,1,70,,1124626,38,,,1,30,,1124618,38,,,1,70,,1124608,38,,,1,30,,1124617,38,,,1,69,,1124606,38,,,1,35,,1124614,30,,,1,78,,1124611,30,,,1,70,,1124607,30,,,1,28,,1124619,30,,,1,100,,1124616,30,0,29,1,100,,1124627,30,0,29,1,100,,1124622,30,0,29,1
2401,'5',502,,1124672,12,0,29,1,32,,1124636,29,0,29,1,84,,1124648,29,,,1,30,,1124654,29,,,1,55,,1124634,29,0,29,1,15,,1078675,29,,,1,16,,1075516,29,0,29,1,12,,1124662,29,,,1,58,,1124643,29,0,29,1,16,,1124646,29,,,1,17,,1124667,29,0,29,1,13,,1124645,29,,,1,75,,1124640,29,,,1,28,,1124650,63,,,1,70,,1124661,63,,,1,30,,1124660,63,,,1,70,,1089764,63,,,1,29,,1124665,63,,,1,70,,1124674,63,,,1,30,,1124669,63,,,1,70,,1124670,63,,,1,29,,1124632,63,,,1,70,,1124638,63,,,1,30,,1124637,63,,,1,64,,1124666,63,,,1,19,,1124639,3,,,1,1,,1124671,14,0,29,1,1,,1042681,3,,,1,1,,1124642,14,0,29,1,15,,1124656,63,,,1,69,,1124651,63,,,1,15,,1124647,29,,,1,16,,1124664,63,,,1,54,,1124659,29,,,1,15,,1124644,63,,,1,15,,1124673,29,,,1,18,,1082208,63,,,1,52,,1124663,29,,,1,18,,1124649,63,,,1,12,,1124657,29,,,1,7,,1124652,63,,,1,65,,1124630,63,,,1,30,,1124655,63,,,1,75,,1124633,29,,,1,25,,1094098,63,,,1,18,,1124628,29,,,1,72,,1124653,63,,,1,28,,1124629,29,,,1,72,,1124658,63,,,1,104,,1124668,63,,,1
2401,'6',502,,1124692,12,0,29,1,32,,1124710,29,0,29,1,84,,1124702,29,,,1,30,,1017700,29,,,1,55,,1124719,29,0,29,1,15,,1124698,29,,,1,16,,1124688,29,0,29,1,12,,1124677,29,,,1,58,,1124687,29,0,29,1,16,,1124689,29,,,1,17,,1124675,29,0,29,1,13,,1124684,29,,,1,75,,1124703,29,,,1,28,,1124718,63,,,1,70,,1124714,63,,,1,30,,1124680,63,,,1,70,,1124716,63,,,1,29,,1124701,63,,,1,70,,1050643,63,,,1,30,,1124696,63,,,1,70,,1124700,63,,,1,29,,1050050,63,,,1,70,,1124695,63,,,1,30,,1124679,63,,,1,64,,1124682,63,,,1,19,,1124708,3,,,1,1,,1124717,14,0,29,1,1,,1124705,3,,,1,1,,1124711,14,0,29,1,15,,1124691,63,,,1,69,,1124686,63,,,1,15,,1080823,29,,,1,16,,1124694,63,,,1,54,,1124712,29,,,1,15,,1124676,63,,,1,15,,1124706,29,,,1,18,,1124713,63,,,1,52,,1124704,29,,,1,18,,1124681,63,,,1,12,,1124720,29,,,1,7,,1124709,63,,,1,65,,1124683,63,,,1,30,,1124690,63,,,1,75,,1124699,29,,,1,25,,1124685,63,,,1,18,,1096524,29,,,1,72,,1102459,63,,,1,28,,1124715,29,,,1,72,,1062731,63,,,1,104,,1124707,63,,,1
2401,'7',643,,1124723,30,,,1,74,,1124744,38,,,1,101,,1124738,38,,,1,31,,1124725,38,,,1,70,,1124721,38,,,1,30,,1124748,38,,,1,71,,1124731,38,,,1,30,,1124728,38,,,1,70,,1124743,38,,,1,30,,1124749,38,,,1,69,,1124722,38,,,1,31,,1124751,38,,,1,70,,1124732,38,,,1,30,,1124726,38,,,1,70,,1124727,38,,,1,30,,1124735,38,,,1,71,,1124736,38,,,1,29,,1124737,38,,,1,70,,1124742,38,,,1,30,,1124739,38,,,1,70,,1124746,38,,,1,30,,1124747,38,,,1,70,,1124730,38,,,1,30,,1124734,38,,,1,70,,1124724,38,,,1,27,,1124745,38,,,1,68,,1124740,38,0,29,1,28,,1124750,38,0,29,1,98,,1124733,38,0,29,1,102,,1124752,38,0,29,1,100,,1124741,38,0,29,1,100,,1124729,38,0,29,1
2401,'8',502,,1124774,12,0,29,1,32,,1124792,29,0,29,1,84,,1124784,29,,,1,30,,1124761,29,,,1,55,,1124803,29,0,29,1,15,,1124780,29,,,1,16,,1124770,29,0,29,1,12,,1124757,29,,,1,58,,1124769,29,0,29,1,16,,1124771,29,,,1,17,,1124753,29,0,29,1,13,,1124766,29,,,1,75,,1124785,29,,,1,28,,1124802,63,,,1,70,,1124796,63,,,1,30,,1124762,63,,,1,70,,1124798,63,,,1,29,,1124783,63,,,1,70,,1124804,63,,,1,30,,1124778,63,,,1,70,,1124782,63,,,1,29,,1124759,63,,,1,70,,1124777,63,,,1,30,,1124760,63,,,1,64,,1124764,63,,,1,19,,1124790,3,,,1,1,,1124799,14,0,29,1,1,,1124787,3,,,1,1,,1124793,14,0,29,1,15,,1124773,63,,,1,69,,1124768,63,,,1,15,,1124754,29,,,1,16,,1124776,63,,,1,54,,1124794,29,,,1,15,,1124755,63,,,1,15,,1124788,29,,,1,18,,1124795,63,,,1,52,,1124786,29,,,1,18,,1124763,63,,,1,12,,1124805,29,,,1,7,,1124791,63,,,1,65,,1124765,63,,,1,30,,1124772,63,,,1,75,,1124781,29,,,1,25,,1124767,63,,,1,18,,1124800,29,,,1,72,,1124756,63,,,1,28,,1124797,29,,,1,72,,1124801,63,,,1,104,,1124789,63,,,1
2401,'9',502,,1124850,12,0,29,1,32,,1124814,29,0,29,1,84,,1124826,29,,,1,30,,1124832,29,,,1,55,,1124812,29,0,29,1,15,,1078540,29,,,1,16,,1075320,29,0,29,1,12,,1124840,29,,,1,58,,1124821,29,0,29,1,16,,1124824,29,,,1,17,,1124845,29,0,29,1,13,,1124823,29,,,1,75,,1124818,29,,,1,28,,1124828,63,,,1,70,,1124839,63,,,1,30,,1124838,63,,,1,70,,1089689,63,,,1,29,,1124843,63,,,1,70,,1124852,63,,,1,30,,1124847,63,,,1,70,,1124848,63,,,1,29,,1124810,63,,,1,70,,1124816,63,,,1,30,,1124815,63,,,1,64,,1124844,63,,,1,19,,1124817,3,,,1,1,,1124849,14,0,29,1,1,,1042913,3,,,1,1,,1124820,14,0,29,1,15,,1124834,63,,,1,69,,1124829,63,,,1,15,,1124825,29,,,1,16,,1124842,63,,,1,54,,1124837,29,,,1,15,,1124822,63,,,1,15,,1124851,29,,,1,18,,1082126,63,,,1,52,,1124841,29,,,1,18,,1124827,63,,,1,12,,1124835,29,,,1,7,,1124830,63,,,1,65,,1124808,63,,,1,30,,1124833,63,,,1,75,,1124811,29,,,1,25,,1093987,63,,,1,18,,1124806,29,,,1,72,,1124831,63,,,1,28,,1124807,29,,,1,72,,1124836,63,,,1,104,,1124846,63,,,1
2600,'1',1508,,1126470,7,,,1
2600,'10',1508,,1126485,7,,,1
2600,'11',1508,,1126500,7,,,1
2600,'12',1508,,1126516,7,,,1
2600,'14',1508,,1126536,7,,,1
2600,'15',1508,,1126547,7,,,1
2600,'16',1508,,1126573,7,,,1
2600,'5',1508,,1126588,7,,,1
2600,'6',1508,,1126605,7,,,1
2600,'8',1508,,1126624,7,,,1
2600,'9',1508,,1126640,7,,,1
3501,'1',1531,,1131499,12,0,33 34,1
3501,'10',1531,,1131531,12,0,33 34,1
3501,'11',1531,,1131563,12,0,33 34,1
3501,'12',1531,,1131609,12,0,33 34,1
3501,'14',1531,,1131652,12,0,33 34,1
3501,'15',1531,,1131689,12,0,33 34,1
3501,'16',1531,,1062660,12,0,33 34,1
3501,'5',1531,,1131845,12,0,33 34,1
3501,'6',1531,,1131891,12,0,33 34,1
3501,'8',1531,,1131957,12,0,33 34,1
3501,'9',1531,,1131976,12,0,33 34,1
61901,'1',1523,,1199080,18,,,1
61901,'10',1523,,1199081,18,,,1
61901,'11',1523,,1199082,18,,,1
61901,'12',1523,,975727,18,,,1
61901,'14',1523,,1199083,18,,,1
61901,'15',1523,,1199084,18,,,1
61901,'16',1523,,1199085,18,,,1
61901,'5',1523,,1199086,18,,,1
61901,'6',1523,,1199087,18,,,1
61901,'8',1523,,1199088,18,,,1
61901,'9',1523,,1199089,18,,,1
62201,'1',1506,,1199116,7,,,1,33,,1199115,12,,,1
62201,'10',1506,,1199118,7,,,1,33,,1199117,12,,,1
62201,'11',1506,,1199120,7,,,1,33,,1199119,12,,,1
62201,'12',1506,,1199122,7,,,1,33,,1199121,12,,,1
62201,'14',1506,,1199124,7,,,1,33,,1199123,12,,,1
62201,'15',1506,,1199125,7,,,1,33,,1199126,12,,,1
62201,'16',1506,,974997,7,,,1,33,,1199127,12,,,1
62201,'5',1506,,1199129,7,,,1,33,,1199128,12,,,1
62201,'6',1506,,1199131,7,,,1,33,,1199130,12,,,1
62201,'8',1506,,1199133,7,,,1,33,,1199132,12,,,1
62201,'9',1506,,1199135,7,,,1,33,,1199134,12,,,1
62401,'1',1544,,1199147,3,,,1
62401,'10',1544,,1199148,3,,,1
62401,'11',1544,,1199149,3,,,1
62401,'12',1544,,1199150,3,,,1
62401,'14',1544,,1199151,3,,,1
62401,'15',1544,,1199152,3,,,1
62401,'16',1544,,1199153,3,,,1
62401,'5',1544,,1199154,3,,,1
62401,'6',1544,,1076038,3,,,1
62401,'8',1544,,1199155,3,,,1
62401,'9',1544,,1199156,3,,,1
63001,'1',1544,,1199297,12,,,1
63001,'10',1544,,1199298,12,,,1
63001,'11',1544,,1199299,12,,,1
63001,'12',1544,,1199300,12,,,1
63001,'14',1544,,1199301,12,,,1
63001,'15',1544,,1199302,12,,,1
63001,'16',1544,,1199303,12,,,1
63001,'5',1544,,1199304,12,,,1
63001,'6',1544,,1199305,12,,,1
63001,'8',1544,,1199306,12,,,1
63001,'9',1544,,1199307,12,,,1
63101,'1',1534,,1199319,12,,,1
63101,'10',1534,,1199320,12,,,1
63101,'11',1534,,1199321,12,,,1
63101,'12',1534,,1199322,12,,,1
63101,'14',1534,,1199323,12,,,1
63101,'15',1534,,1199324,12,,,1
63101,'16',1534,,1199325,12,,,1
63101,'5',1534,,1199326,12,,,1
63101,'6',1534,,1199327,12,,,1
63101,'8',1534,,1199328,12,,,1
63101,'9',1534,,1199329,12,,,1
63301,'1',1507,,1199341,7,,,1
63301,'10',1507,,1199342,7,,,1
63301,'11',1507,,1199343,7,,,1
63301,'12',1507,,1199344,7,,,1
63301,'14',1507,,1199345,7,,,1
63301,'15',1507,,1199346,7,,,1
63301,'16',1507,,1199347,7,,,1
63301,'5',1507,,1199348,7,,,1
63301,'6',1507,,1199349,7,,,1
63301,'8',1507,,1199350,7,,,1
63301,'9',1507,,1199351,7,,,1
