3501,'1',647,,1131484,33,,,1,101,,1131486,33,,,1,104,,1131483,33,,,1,70,,1131503,33,,,1,29,,1131507,30,,,1,70,,1131513,30,,,1,31,,1088778,30,,,1,71,,1131501,30,,,1,29,,1055356,30,,,1,70,,1131502,30,,,1,30,,1131493,30,,,1,69,,1131489,30,,,1,29,,1131496,30,,,1,69,,1131505,30,,,1,14,,1131491,22,,,1,16,,1080469,30,,,1,73,,1131488,30,,,1,30,,1131492,33,,,1,67,,1131499,48,0,33 34,1,3,,1131500,33,,,1,30,,1131509,33,,,1,70,,1131495,33,,,1,30,,1131487,33,,,1,70,,1131497,33,,,1,30,,1131494,33,,,1,70,,1049780,30,,,1,30,,1131511,30,,,1,70,,1131498,30,,,1,30,,1077000,30,,,1,70,,1131485,30,,,1,29,,1131506,30,,,1,72,,1131508,30,,,1,28,,1131512,30,,,1,97,,1131504,30,,,1,97,,1131510,30,,,1
3501,'10',647,,1131516,33,,,1,101,,1131518,33,,,1,104,,1131515,33,,,1,70,,1131535,33,,,1,29,,1131539,30,,,1,70,,1131545,30,,,1,31,,1088373,30,,,1,71,,1131533,30,,,1,29,,1055408,30,,,1,70,,1131534,30,,,1,30,,1131525,30,,,1,69,,1131521,30,,,1,29,,1131528,30,,,1,69,,1131537,30,,,1,14,,1131523,22,,,1,16,,1080323,30,,,1,73,,1131520,30,,,1,30,,1131524,33,,,1,67,,1131531,48,0,33 34,1,3,,1131532,33,,,1,30,,1131541,33,,,1,70,,1131527,33,,,1,30,,1131519,33,,,1,70,,1131529,33,,,1,30,,1131526,33,,,1,70,,1049894,30,,,1,30,,1131543,30,,,1,70,,1131530,30,,,1,30,,1076776,30,,,1,70,,1131517,30,,,1,29,,1131538,30,,,1,72,,1131540,30,,,1,28,,1131544,30,,,1,97,,1131536,30,,,1,97,,1131542,30,,,1
3501,'11',647,,1131548,33,,,1,101,,1131550,33,,,1,104,,1131547,33,,,1,70,,1131567,33,,,1,29,,1131571,30,,,1,70,,1131577,30,,,1,31,,1088899,30,,,1,71,,1131565,30,,,1,29,,1055342,30,,,1,70,,1131566,30,,,1,30,,1131557,30,,,1,69,,1131553,30,,,1,29,,1131560,30,,,1,69,,1131569,30,,,1,14,,1131555,22,,,1,16,,1080513,30,,,1,73,,1131552,30,,,1,30,,1131556,33,,,1,67,,1131563,48,0,33 34,1,3,,1131564,33,,,1,30,,1131573,33,,,1,70,,1131559,33,,,1,30,,1131551,33,,,1,70,,1131561,33,,,1,30,,1131558,33,,,1,70,,1049747,30,,,1,30,,1131575,30,,,1,70,,1131562,30,,,1,30,,1077066,30,,,1,70,,1131549,30,,,1,29,,1131570,30,,,1,72,,1131572,30,,,1,28,,1131576,30,,,1,97,,1131568,30,,,1,97,,1131574,30,,,1
3501,'12',647,,1131604,33,,,1,101,,1131606,33,,,1,104,,1131587,33,,,1,70,,1097384,33,,,1,29,,1131580,30,,,1,70,,1131595,30,,,1,31,,1131594,30,,,1,71,,1062544,30,,,1,29,,1131589,30,,,1,70,,1131581,30,,,1,30,,1101154,30,,,1,69,,1131586,30,,,1,29,,1131591,30,,,1,69,,1131588,30,,,1,14,,1131579,22,,,1,16,,1131584,30,,,1,73,,1089737,30,,,1,30,,1131592,33,,,1,67,,1131609,48,0,33 34,1,3,,1131599,33,,,1,30,,1131593,33,,,1,70,,1131607,33,,,1,30,,1131608,33,,,1,70,,1131605,33,,,1,30,,1131600,33,,,1,70,,1131582,30,,,1,30,,1131590,30,,,1,70,,1131610,30,,,1,30,,1131585,30,,,1,70,,1131583,30,,,1,29,,1131597,30,,,1,72,,1131601,30,,,1,28,,1131603,30,,,1,97,,1088013,30,,,1,97,,1131596,30,,,1
3501,'13',1010,,1131613,33,,,1,32,,1131623,33,,,1,70,,1131614,33,,,1,30,,1131615,33,,,1,70,,1131618,33,,,1,31,,1131624,33,,,1,70,,1131628,33,,,1,30,,1131612,33,,,1,70,,1070832,33,,,1,30,,1131617,33,,,1,70,,1131622,33,,,1,30,,1131621,33,,,1,70,,1131619,33,,,1,30,,1131616,33,,,1,70,,1131626,33,,,1,30,,1131630,33,,,1,70,,1131620,33,,,1,98,,1131611,33,,,1,100,,1131629,33,,,1,100,,1131627,33,,,1,100,,1073997,33,,,1,100,,1131625,33,,,1
3501,'14',647,,1131633,33,,,1,101,,1131635,33,,,1,104,,1131632,33,,,1,70,,1131656,33,,,1,29,,1131660,30,,,1,70,,1131666,30,,,1,31,,1131641,30,,,1,71,,1131654,30,,,1,29,,1131638,30,,,1,70,,1131655,30,,,1,30,,1131646,30,,,1,69,,1131642,30,,,1,29,,1131649,30,,,1,69,,1131658,30,,,1,14,,1131644,22,,,1,16,,1131631,30,,,1,73,,1131639,30,,,1,30,,1131645,33,,,1,67,,1131652,48,0,33 34,1,3,,1131653,33,,,1,30,,1131662,33,,,1,70,,1131648,33,,,1,30,,1131637,33,,,1,70,,1131650,33,,,1,30,,1131647,33,,,1,70,,1131640,30,,,1,30,,1131664,30,,,1,70,,1131651,30,,,1,30,,1131636,30,,,1,70,,1131634,30,,,1,29,,1131659,30,,,1,72,,1131661,30,,,1,28,,1131665,30,,,1,97,,1131657,30,,,1,97,,1131663,30,,,1
3501,'15',647,,1131682,33,,,1,101,,1131699,33,,,1,104,,1131690,33,,,1,70,,1131701,33,,,1,29,,1131687,30,,,1,70,,1131703,30,,,1,31,,1131668,30,,,1,71,,1131700,30,,,1,29,,1131670,30,,,1,70,,1131696,30,,,1,30,,1131669,30,,,1,69,,1131674,30,,,1,29,,1131692,30,,,1,69,,1131704,30,,,1,14,,1131702,22,,,1,16,,1131683,30,,,1,73,,1131698,30,,,1,30,,1131686,33,,,1,67,,1131689,48,0,33 34,1,3,,1131676,33,,,1,30,,1131694,33,,,1,70,,1131684,33,,,1,30,,1131691,33,,,1,70,,1131685,33,,,1,30,,1131693,33,,,1,70,,1131673,30,,,1,30,,1131672,30,,,1,70,,1131697,30,,,1,30,,1131688,30,,,1,70,,1131680,30,,,1,29,,1131679,30,,,1,72,,1131695,30,,,1,28,,1131681,30,,,1,97,,1131671,30,,,1,97,,1131675,30,,,1
3501,'16',647,,1131731,33,,,1,101,,1131733,33,,,1,104,,1131714,33,,,1,70,,1131735,33,,,1,29,,1131706,30,,,1,70,,1131722,30,,,1,31,,1131721,30,,,1,71,,1131738,30,,,1,29,,1131716,30,,,1,70,,1131707,30,,,1,30,,1131737,30,,,1,69,,1131713,30,,,1,29,,1131718,30,,,1,69,,1131715,30,,,1,14,,1131705,22,,,1,16,,1131711,30,,,1,73,,1131708,30,,,1,30,,1131719,33,,,1,67,,1062660,48,0,33 34,1,3,,1131726,33,,,1,30,,1131720,33,,,1,70,,1131734,33,,,1,30,,1131736,33,,,1,70,,1131732,33,,,1,30,,1131727,33,,,1,70,,1079870,30,,,1,30,,1131717,30,,,1,70,,1131739,30,,,1,30,,1131712,30,,,1,70,,1131710,30,,,1,29,,1131724,30,,,1,72,,1131728,30,,,1,28,,1131730,30,,,1,97,,1131709,30,,,1,97,,1131723,30,,,1
3501,'17',1010,,1131743,33,,,1,32,,1131753,33,,,1,70,,1131744,33,,,1,30,,1131745,33,,,1,70,,1131748,33,,,1,31,,1131754,33,,,1,70,,1131759,33,,,1,30,,1131741,33,,,1,70,,1131758,33,,,1,30,,1131747,33,,,1,70,,1131752,33,,,1,30,,1131751,33,,,1,70,,1131749,33,,,1,30,,1131746,33,,,1,70,,1131756,33,,,1,30,,1131761,33,,,1,70,,1131750,33,,,1,98,,1131740,33,,,1,100,,1131760,33,,,1,100,,1131757,33,,,1,100,,1131742,33,,,1,100,,1131755,33,,,1
3501,'2',843,,1074398,33,,,1,70,,1131783,33,,,1,30,,1073735,33,,,1,70,,1131764,33,,,1,31,,1131768,33,,,1,70,,1131780,33,,,1,30,,1131766,33,,,1,70,,1131771,33,,,1,30,,1131767,33,,,1,70,,1131777,33,,,1,30,,1131762,33,,,1,70,,937424,33,,,1,30,,1131763,33,,,1,70,,1080143,33,,,1,30,,1131772,33,,,1,70,,1131775,33,,,1,30,,1131779,33,,,1,70,,1131765,33,,,1,30,,1084598,33,,,1,70,,1131774,33,,,1,29,,1131769,33,,,1,70,,1131784,33,,,1,30,,1131778,33,,,1,70,,1131773,33,,,1,30,,1131770,33,,,1,70,,1131781,33,,,1,30,,1131785,33,,,1,70,,1092622,33,,,1,100,,1131776,33,,,1,114,,1131782,33,,,1
3501,'3',1010,,1131789,33,,,1,32,,1131799,33,,,1,70,,1131790,33,,,1,30,,1131791,33,,,1,70,,1131794,33,,,1,31,,1131800,33,,,1,70,,1131805,33,,,1,30,,1131787,33,,,1,70,,1131804,33,,,1,30,,1131793,33,,,1,70,,1131798,33,,,1,30,,1131797,33,,,1,70,,1131795,33,,,1,30,,1131792,33,,,1,70,,1131802,33,,,1,30,,1131807,33,,,1,70,,1131796,33,,,1,98,,1131786,33,,,1,100,,1131806,33,,,1,100,,1131803,33,,,1,100,,1131788,33,,,1,100,,1131801,33,,,1
3501,'4',1010,,1131811,33,,,1,32,,1131817,33,,,1,70,,1131819,33,,,1,30,,1131824,33,,,1,70,,1096068,33,,,1,31,,1131825,33,,,1,70,,1131823,33,,,1,30,,1131814,33,,,1,70,,1131820,33,,,1,30,,1131815,33,,,1,70,,1131809,33,,,1,30,,1131810,33,,,1,70,,1131828,33,,,1,30,,1131812,33,,,1,70,,1131818,33,,,1,30,,1131822,33,,,1,70,,1131808,33,,,1,98,,1131813,33,,,1,100,,1131827,33,,,1,100,,1131816,33,,,1,100,,1131821,33,,,1,100,,1131826,33,,,1
3501,'5',647,,1131830,33,,,1,101,,1131832,33,,,1,104,,1131829,33,,,1,70,,1131849,33,,,1,29,,1131853,30,,,1,70,,1131859,30,,,1,31,,1088714,30,,,1,71,,1131847,30,,,1,29,,1055264,30,,,1,70,,1131848,30,,,1,30,,1131839,30,,,1,69,,1131835,30,,,1,29,,1131842,30,,,1,69,,1131851,30,,,1,14,,1131837,22,,,1,16,,1080447,30,,,1,73,,1131834,30,,,1,30,,1131838,33,,,1,67,,1131845,48,0,33 34,1,3,,1131846,33,,,1,30,,1131855,33,,,1,70,,1131841,33,,,1,30,,1131833,33,,,1,70,,1131843,33,,,1,30,,1131840,33,,,1,70,,1049564,30,,,1,30,,1131857,30,,,1,70,,1131844,30,,,1,30,,1076956,30,,,1,70,,1131831,30,,,1,29,,1131852,30,,,1,72,,1131854,30,,,1,28,,1131858,30,,,1,97,,1131850,30,,,1,97,,1131856,30,,,1
3501,'6',647,,1131886,33,,,1,101,,1131888,33,,,1,104,,1131869,33,,,1,70,,1131889,33,,,1,29,,1131862,30,,,1,70,,1131877,30,,,1,31,,1131876,30,,,1,71,,1131892,30,,,1,29,,1131871,30,,,1,70,,1100579,30,,,1,30,,1131890,30,,,1,69,,1131868,30,,,1,29,,1131873,30,,,1,69,,1131870,30,,,1,14,,1131861,22,,,1,16,,1131866,30,,,1,73,,1131864,30,,,1,30,,1131874,33,,,1,67,,1131891,48,0,33 34,1,3,,1131881,33,,,1,30,,1131875,33,,,1,70,,1076752,33,,,1,30,,1081131,33,,,1,70,,1131887,33,,,1,30,,1131882,33,,,1,70,,1131863,30,,,1,30,,1131872,30,,,1,70,,1036669,30,,,1,30,,1131867,30,,,1,70,,1031198,30,,,1,29,,1131879,30,,,1,72,,1131883,30,,,1,28,,1131885,30,,,1,97,,1131865,30,,,1,97,,1131878,30,,,1
3501,'7',843,,1131918,33,,,1,70,,1131909,33,,,1,30,,1131908,33,,,1,70,,1131897,33,,,1,31,,1131898,33,,,1,70,,1131907,33,,,1,30,,1131905,33,,,1,70,,1131903,33,,,1,30,,1131901,33,,,1,70,,1131920,33,,,1,30,,1131912,33,,,1,70,,1131904,33,,,1,30,,1131896,33,,,1,70,,1131919,33,,,1,30,,1131922,33,,,1,70,,1131914,33,,,1,30,,1131900,33,,,1,70,,1131910,33,,,1,30,,1131921,33,,,1,70,,1131894,33,,,1,29,,1131917,33,,,1,70,,1131902,33,,,1,30,,1131895,33,,,1,70,,1131916,33,,,1,30,,1131915,33,,,1,70,,1131913,33,,,1,30,,1131906,33,,,1,70,,1131899,33,,,1,100,,1131911,33,,,1,114,,1131893,33,,,1
3501,'8',647,,1131950,33,,,1,101,,1131952,33,,,1,104,,1131933,33,,,1,70,,1131954,33,,,1,29,,1131924,30,,,1,70,,1131941,30,,,1,31,,1131940,30,,,1,71,,1131958,30,,,1,29,,1131935,30,,,1,70,,1131925,30,,,1,30,,1131956,30,,,1,69,,1131932,30,,,1,29,,1131937,30,,,1,69,,1131934,30,,,1,14,,1131923,22,,,1,16,,1131930,30,,,1,73,,1131927,30,,,1,30,,1131938,33,,,1,67,,1131957,48,0,33 34,1,3,,1131945,33,,,1,30,,1131939,33,,,1,70,,1131953,33,,,1,30,,1131955,33,,,1,70,,1131951,33,,,1,30,,1131946,33,,,1,70,,1131926,30,,,1,30,,1131936,30,,,1,70,,1131959,30,,,1,30,,1131931,30,,,1,70,,1131929,30,,,1,29,,1131943,30,,,1,72,,1131947,30,,,1,28,,1131949,30,,,1,97,,1131928,30,,,1,97,,1131942,30,,,1
3501,'9',647,,1131961,33,,,1,101,,1131963,33,,,1,104,,1131960,33,,,1,70,,1131980,33,,,1,29,,1131984,30,,,1,70,,1131990,30,,,1,31,,1088499,30,,,1,71,,1131978,30,,,1,29,,1055370,30,,,1,70,,1131979,30,,,1,30,,1131970,30,,,1,69,,1131966,30,,,1,29,,1131973,30,,,1,69,,1131982,30,,,1,14,,1131968,22,,,1,16,,1080374,30,,,1,73,,1131965,30,,,1,30,,1131969,33,,,1,67,,1131976,48,0,33 34,1,3,,1131977,33,,,1,30,,1131986,33,,,1,70,,1131972,33,,,1,30,,1131964,33,,,1,70,,1131974,33,,,1,30,,1131971,33,,,1,70,,1049813,30,,,1,30,,1131988,30,,,1,70,,1131975,30,,,1,30,,1076851,30,,,1,70,,1131962,30,,,1,29,,1131983,30,,,1,72,,1131985,30,,,1,28,,1131989,30,,,1,97,,1131981,30,,,1,97,,1131987,30,,,1
