1000,'1',605,,1111997,1,,,1,32,,1111998,1,,,1,71,,1067741,1,,,1,32,,1112008,1,,,1,68,,1112018,1,,,1,32,,1112041,1,,,1,71,,1063122,1,,,1,28,,1112010,1,,,1,68,,1112042,1,,,1,31,,1112017,1,,,1,70,,1112003,1,,,1,30,,1112038,1,,,1,70,,1112022,1,,,1,30,,1112033,1,,,1,70,,1111996,1,,,1,30,,1112028,1,,,1,71,,1112000,1,,,1,28,,1112012,1,,,1,3,,1075540,1,0,82,1,72,,1112005,1,,,1,32,,1112021,1,,,1,70,,1112006,1,,,1,30,,1112016,1,,,1,69,,1112035,1,,,1,30,,1112029,1,,,1,71,,1112020,1,,,1,32,,1112027,1,,,1,67,,1112011,1,,,1,30,,1112019,1,,,1,68,,1112034,1,,,1,30,,1111994,1,,,1,70,,1112014,1,,,1,30,,1111992,1,,,1,70,,1112025,1,,,1,30,,1112004,1,,,1,65,,1112023,1,,,1
1000,'10',605,,1112049,1,,,1,32,,1112050,1,,,1,71,,1067690,1,,,1,32,,1112060,1,,,1,68,,1112070,1,,,1,32,,1112093,1,,,1,71,,1062780,1,,,1,28,,1112062,1,,,1,68,,1112094,1,,,1,31,,1112069,1,,,1,70,,1112055,1,,,1,30,,1112090,1,,,1,70,,1112074,1,,,1,30,,1112085,1,,,1,70,,1112048,1,,,1,30,,1112080,1,,,1,71,,1112052,1,,,1,28,,1112064,1,,,1,3,,1075204,1,0,82,1,72,,1112057,1,,,1,32,,1112073,1,,,1,70,,1112058,1,,,1,30,,1112068,1,,,1,69,,1112087,1,,,1,30,,1112081,1,,,1,71,,1112072,1,,,1,32,,1112079,1,,,1,67,,1112063,1,,,1,30,,1112071,1,,,1,68,,1112086,1,,,1,30,,1112046,1,,,1,70,,1112066,1,,,1,30,,1112044,1,,,1,70,,1112077,1,,,1,30,,1112056,1,,,1,65,,1112075,1,,,1
1000,'11',605,,1112101,1,,,1,32,,1112102,1,,,1,71,,1067758,1,,,1,32,,1112112,1,,,1,68,,1112122,1,,,1,32,,1112145,1,,,1,71,,1063223,1,,,1,28,,1112114,1,,,1,68,,1112146,1,,,1,31,,1112121,1,,,1,70,,1112107,1,,,1,30,,1112142,1,,,1,70,,1112126,1,,,1,30,,1112137,1,,,1,70,,1112100,1,,,1,30,,1112132,1,,,1,71,,1112104,1,,,1,28,,1112116,1,,,1,3,,1075632,1,0,82,1,72,,1112109,1,,,1,32,,1112125,1,,,1,70,,1112110,1,,,1,30,,1112120,1,,,1,69,,1112139,1,,,1,30,,1112133,1,,,1,71,,1112124,1,,,1,32,,1112131,1,,,1,67,,1112115,1,,,1,30,,1112123,1,,,1,68,,1112138,1,,,1,30,,1112098,1,,,1,70,,1112118,1,,,1,30,,1112096,1,,,1,70,,1112129,1,,,1,30,,1112108,1,,,1,65,,1112127,1,,,1
1000,'12',605,,1112192,1,,,1,32,,1112180,1,,,1,71,,1112176,1,,,1,32,,1112148,1,,,1,68,,1112175,1,,,1,32,,1112167,1,,,1,71,,1002218,1,,,1,28,,1112169,1,,,1,68,,1112149,1,,,1,31,,1112183,1,,,1,70,,1112200,1,,,1,30,,1112157,1,,,1,70,,1112198,1,,,1,30,,1112159,1,,,1,70,,1112150,1,,,1,30,,1112196,1,,,1,71,,1112187,1,,,1,28,,1112151,1,,,1,3,,1112174,1,0,82,1,72,,1112188,1,,,1,32,,1112164,1,,,1,70,,1112166,1,,,1,30,,1112177,1,,,1,69,,1112194,1,,,1,30,,1112156,1,,,1,71,,1023118,1,,,1,32,,1112170,1,,,1,67,,1112199,1,,,1,30,,1112201,1,,,1,68,,1060814,1,,,1,30,,1112161,1,,,1,70,,1087160,1,,,1,30,,1112162,1,,,1,70,,1112152,1,,,1,30,,1067952,1,,,1,65,,1112160,1,,,1
1000,'13',740,,1048726,1,,,1,70,,1112209,1,,,1,30,,1112226,1,,,1,70,,1112202,1,,,1,30,,1112204,1,,,1,70,,1084664,1,,,1,30,,1112207,1,,,1,70,,1112214,1,,,1,30,,1112225,1,,,1,70,,1112232,1,,,1,30,,1064845,1,,,1,70,,1067888,1,,,1,30,,1112231,1,,,1,70,,1112228,1,,,1,30,,1112216,1,,,1,70,,1112223,1,,,1,30,,1112221,1,,,1,70,,1063463,1,,,1,30,,1112229,1,,,1,70,,1112222,1,,,1,30,,1112215,1,,,1,70,,1074443,1,,,1
1000,'14',605,,1112244,1,,,1,32,,1112245,1,,,1,71,,1112246,1,,,1,32,,1112256,1,,,1,68,,1112266,1,,,1,32,,1112290,1,,,1,71,,1112285,1,,,1,28,,1112258,1,,,1,68,,1112291,1,,,1,31,,1112265,1,,,1,70,,1112251,1,,,1,30,,1112287,1,,,1,70,,1112270,1,,,1,30,,1112281,1,,,1,70,,1112243,1,,,1,30,,1112276,1,,,1,71,,1112248,1,,,1,28,,1112260,1,,,1,3,,1112237,1,0,82,1,72,,1112253,1,,,1,32,,1112269,1,,,1,70,,1112254,1,,,1,30,,1112264,1,,,1,69,,1112283,1,,,1,30,,1112277,1,,,1,71,,1112268,1,,,1,32,,1112275,1,,,1,67,,1112259,1,,,1,30,,1112267,1,,,1,68,,1112282,1,,,1,30,,1112241,1,,,1,70,,1112262,1,,,1,30,,1112233,1,,,1,70,,1112273,1,,,1,30,,1112252,1,,,1,65,,1112271,1,,,1
1000,'15',605,,1112300,1,,,1,32,,1112314,1,,,1,71,,1112341,1,,,1,32,,1112318,1,,,1,68,,1112339,1,,,1,32,,1112337,1,,,1,71,,1112326,1,,,1,28,,1112333,1,,,1,68,,1112310,1,,,1,31,,1112334,1,,,1,70,,1112313,1,,,1,30,,1112328,1,,,1,70,,1112322,1,,,1,30,,1112335,1,,,1,70,,1112308,1,,,1,30,,1112295,1,,,1,71,,1112355,1,,,1,28,,1112332,1,,,1,3,,1112312,1,0,82,1,72,,1112303,1,,,1,32,,1112344,1,,,1,70,,1112324,1,,,1,30,,1112315,1,,,1,69,,1112351,1,,,1,30,,1112317,1,,,1,71,,1112338,1,,,1,32,,1112306,1,,,1,67,,1112320,1,,,1,30,,1112348,1,,,1,68,,1112347,1,,,1,30,,1112340,1,,,1,70,,1112307,1,,,1,30,,1112299,1,,,1,70,,1112298,1,,,1,30,,1112304,1,,,1,65,,1112297,1,,,1
1000,'16',605,,1112408,1,,,1,32,,1112395,1,,,1,71,,1112391,1,,,1,32,,1112359,1,,,1,68,,1112390,1,,,1,32,,1112382,1,,,1,71,,1112357,1,,,1,28,,1112384,1,,,1,68,,1112360,1,,,1,31,,1112398,1,,,1,70,,1112415,1,,,1,30,,1112371,1,,,1,70,,1112414,1,,,1,30,,1112373,1,,,1,70,,1112361,1,,,1,30,,1112412,1,,,1,71,,1112402,1,,,1,28,,1112364,1,,,1,3,,1112389,1,0,82,1,72,,1112403,1,,,1,32,,1112379,1,,,1,70,,1112381,1,,,1,30,,1112392,1,,,1,69,,1112410,1,,,1,30,,1112370,1,,,1,71,,1112404,1,,,1,32,,1112385,1,,,1,67,,1000396,1,,,1,30,,1112416,1,,,1,68,,1112368,1,,,1,30,,1112375,1,,,1,70,,1112378,1,,,1,30,,1112376,1,,,1,70,,1112365,1,,,1,30,,1112367,1,,,1,65,,1112374,1,,,1
1000,'17',740,,1112421,1,,,1,70,,1112427,1,,,1,30,,1112444,1,,,1,70,,1112418,1,,,1,30,,1112420,1,,,1,70,,1112454,1,,,1,30,,1112425,1,,,1,70,,1112432,1,,,1,30,,1112443,1,,,1,70,,1112452,1,,,1,30,,1112448,1,,,1,70,,1112417,1,,,1,30,,1112451,1,,,1,70,,1112447,1,,,1,30,,1112434,1,,,1,70,,1112441,1,,,1,30,,1112439,1,,,1,70,,1112446,1,,,1,30,,1112449,1,,,1,70,,1112440,1,,,1,30,,1112433,1,,,1,70,,1112422,1,,,1
1000,'2',735,,1112483,1,,,1,70,,1112477,1,,,1,30,,1112484,1,,,1,70,,1011566,1,,,1,30,,1112478,1,,,1,70,,1112455,1,,,1,30,,1078927,1,,,1,70,,1112463,1,,,1,30,,1112462,1,,,1,70,,1112490,1,,,1,30,,1112485,1,,,1,70,,1112491,1,,,1,30,,1112488,1,,,1,70,,1112487,1,,,1,30,,1112474,1,,,1,70,,1017772,1,,,1,30,,1112480,1,,,1,70,,1112473,1,,,1,30,,1112467,1,,,1,70,,1112489,1,,,1,30,,1072927,1,,,1,70,,1112482,1,,,1,30,,1112469,1,,,1,70,,1112459,1,,,1,30,,1112481,1,,,1,70,,1112457,1,,,1,30,,1112479,1,,,1,70,,1112471,1,,,1,30,,1112475,1,,,1,70,,1112486,1,,,1,30,,1112466,1,,,1,70,,1112461,1,,,1
1000,'3',740,,1112496,1,,,1,70,,1112502,1,,,1,30,,1112519,1,,,1,70,,1112493,1,,,1,30,,1112495,1,,,1,70,,1112529,1,,,1,30,,1112500,1,,,1,70,,1112507,1,,,1,30,,1112518,1,,,1,70,,1112527,1,,,1,30,,1112523,1,,,1,70,,1112492,1,,,1,30,,1112526,1,,,1,70,,1112522,1,,,1,30,,1112509,1,,,1,70,,1112516,1,,,1,30,,1112514,1,,,1,70,,1112521,1,,,1,30,,1112524,1,,,1,70,,1112515,1,,,1,30,,1112508,1,,,1,70,,1112497,1,,,1
1000,'4',740,,1112531,1,,,1,70,,1112550,1,,,1,30,,1112561,1,,,1,70,,1112562,1,,,1,30,,1112566,1,,,1,70,,1112539,1,,,1,30,,1112537,1,,,1,70,,1112543,1,,,1,30,,1112534,1,,,1,70,,1112535,1,,,1,30,,1112547,1,,,1,70,,1112557,1,,,1,30,,1112565,1,,,1,70,,1112563,1,,,1,30,,1112546,1,,,1,70,,1112554,1,,,1,30,,1112555,1,,,1,70,,1112549,1,,,1,30,,1112560,1,,,1,70,,1112542,1,,,1,30,,1112544,1,,,1,70,,1112559,1,,,1
1000,'5',605,,1112572,1,,,1,32,,1112573,1,,,1,71,,1067724,1,,,1,32,,1112583,1,,,1,68,,1112593,1,,,1,32,,1112616,1,,,1,71,,1063068,1,,,1,28,,1112585,1,,,1,68,,1112617,1,,,1,31,,1112592,1,,,1,70,,1112578,1,,,1,30,,1112613,1,,,1,70,,1112597,1,,,1,30,,1112608,1,,,1,70,,1112571,1,,,1,30,,1112603,1,,,1,71,,1112575,1,,,1,28,,1112587,1,,,1,3,,1075498,1,0,82,1,72,,1112580,1,,,1,32,,1112596,1,,,1,70,,1112581,1,,,1,30,,1112591,1,,,1,69,,1112610,1,,,1,30,,1112604,1,,,1,71,,1112595,1,,,1,32,,1112602,1,,,1,67,,1112586,1,,,1,30,,1112594,1,,,1,68,,1112609,1,,,1,30,,1112569,1,,,1,70,,1112589,1,,,1,30,,1112567,1,,,1,70,,1112600,1,,,1,30,,1112579,1,,,1,65,,1112598,1,,,1
1000,'6',605,,1112662,1,,,1,32,,1112650,1,,,1,71,,1112646,1,,,1,32,,1102992,1,,,1,68,,1112645,1,,,1,32,,1112637,1,,,1,71,,1112619,1,,,1,28,,1112639,1,,,1,68,,1005076,1,,,1,31,,1112652,1,,,1,70,,1112667,1,,,1,30,,1112626,1,,,1,70,,1081459,1,,,1,30,,1112628,1,,,1,70,,929183,1,,,1,30,,1088319,1,,,1,71,,1112656,1,,,1,28,,1100099,1,,,1,3,,1112644,1,0,82,1,72,,1112657,1,,,1,32,,1112634,1,,,1,70,,1112636,1,,,1,30,,1112647,1,,,1,69,,1112664,1,,,1,30,,1068101,1,,,1,71,,1112658,1,,,1,32,,1112640,1,,,1,67,,1112666,1,,,1,30,,1027716,1,,,1,68,,1112625,1,,,1,30,,1112630,1,,,1,70,,1112633,1,,,1,30,,1112631,1,,,1,70,,1061840,1,,,1,30,,1112624,1,,,1,65,,1112629,1,,,1
1000,'7',735,,1112698,1,,,1,70,,1112675,1,,,1,30,,1112689,1,,,1,70,,1112691,1,,,1,30,,1112692,1,,,1,70,,1112686,1,,,1,30,,1112668,1,,,1,70,,1112684,1,,,1,30,,1112705,1,,,1,70,,1112707,1,,,1,30,,1112694,1,,,1,70,,1112704,1,,,1,30,,1112687,1,,,1,70,,1112671,1,,,1,30,,1112697,1,,,1,70,,1112669,1,,,1,30,,1112670,1,,,1,70,,1112682,1,,,1,30,,1112696,1,,,1,70,,1112688,1,,,1,30,,1112703,1,,,1,70,,1112708,1,,,1,30,,1112685,1,,,1,70,,1112699,1,,,1,30,,1112672,1,,,1,70,,1112700,1,,,1,30,,1112679,1,,,1,70,,1112673,1,,,1,30,,1112695,1,,,1,70,,1112681,1,,,1,30,,1112677,1,,,1,70,,1112680,1,,,1
1000,'8',605,,1112761,1,,,1,32,,1112748,1,,,1,71,,1112744,1,,,1,32,,1112711,1,,,1,68,,1112743,1,,,1,32,,1112735,1,,,1,71,,1112709,1,,,1,28,,1112737,1,,,1,68,,1112712,1,,,1,31,,1112751,1,,,1,70,,1112769,1,,,1,30,,1112724,1,,,1,70,,1112767,1,,,1,30,,1112726,1,,,1,70,,1112713,1,,,1,30,,1112765,1,,,1,71,,1112755,1,,,1,28,,1112716,1,,,1,3,,1112742,1,0,82,1,72,,1112756,1,,,1,32,,1112732,1,,,1,70,,1112734,1,,,1,30,,1112745,1,,,1,69,,1112763,1,,,1,30,,1112723,1,,,1,71,,1112757,1,,,1,32,,1112738,1,,,1,67,,1112768,1,,,1,30,,1112770,1,,,1,68,,1112721,1,,,1,30,,1112728,1,,,1,70,,1112731,1,,,1,30,,1112729,1,,,1,70,,1112717,1,,,1,30,,1112720,1,,,1,65,,1112727,1,,,1
1000,'9',605,,1112776,1,,,1,32,,1112777,1,,,1,71,,1067707,1,,,1,32,,1112787,1,,,1,68,,1112797,1,,,1,32,,1112820,1,,,1,71,,1062892,1,,,1,28,,1112789,1,,,1,68,,1112821,1,,,1,31,,1112796,1,,,1,70,,1112782,1,,,1,30,,1112817,1,,,1,70,,1112801,1,,,1,30,,1112812,1,,,1,70,,1112775,1,,,1,30,,1112807,1,,,1,71,,1112779,1,,,1,28,,1112791,1,,,1,3,,1075302,1,0,82,1,72,,1112784,1,,,1,32,,1112800,1,,,1,70,,1112785,1,,,1,30,,1112795,1,,,1,69,,1112814,1,,,1,30,,1112808,1,,,1,71,,1112799,1,,,1,32,,1112806,1,,,1,67,,1112790,1,,,1,30,,1112798,1,,,1,68,,1112813,1,,,1,30,,1112773,1,,,1,70,,1112793,1,,,1,30,,1112771,1,,,1,70,,1112804,1,,,1,30,,1112783,1,,,1,65,,1112802,1,,,1
1001,'1',640,,1112830,50,4,,1,79,,1112849,50,4,,1,32,,1072359,50,4,,1,75,,1112842,50,4,,1,30,,1112824,50,4,,1,71,,1112837,50,4,,1,26,,1077939,50,4,,1,68,,1112833,50,4,,1,30,,1112839,50,4,,1,70,,1112860,50,4,,1,30,,1112854,50,4,,1,70,,1112862,50,4,,1,30,,1112823,50,4,,1,70,,1112867,50,4,,1,31,,1112841,50,4,,1,71,,1112861,50,4,,1,32,,1112856,50,4,,1,68,,951843,50,4,,1,35,,1112863,50,4,,1,70,,1077933,50,4,,1,31,,1031295,50,4,,1,71,,1112846,50,4,,1,74,,1112844,50,4,,1,26,,1066531,50,4,,1,79,,1112851,50,4,,1,30,,1112847,50,4,,1,67,,1112834,50,4,,1,30,,1053778,50,4,,1,70,,1112828,50,4,,1,30,,1101621,50,4,,1,68,,1112843,50,4,,1,30,,1112838,50,4,,1,66,,1112836,50,4,,1,27,,1112855,50,4,,1,27,,1083606,50,4,,1
1001,'10',640,,1112877,50,4,,1,79,,1112896,50,4,,1,32,,1072213,50,4,,1,75,,1112889,50,4,,1,30,,1112871,50,4,,1,71,,1112884,50,4,,1,26,,1077730,50,4,,1,68,,1112880,50,4,,1,30,,1112886,50,4,,1,70,,1112907,50,4,,1,30,,1112901,50,4,,1,70,,1112909,50,4,,1,30,,1112870,50,4,,1,70,,1112914,50,4,,1,31,,1112888,50,4,,1,71,,1112908,50,4,,1,32,,1112903,50,4,,1,68,,951665,50,4,,1,35,,1112910,50,4,,1,70,,1077724,50,4,,1,31,,1031379,50,4,,1,71,,1112893,50,4,,1,74,,1112891,50,4,,1,26,,1066309,50,4,,1,79,,1112898,50,4,,1,30,,1112894,50,4,,1,67,,1112881,50,4,,1,30,,1053871,50,4,,1,70,,1112875,50,4,,1,30,,1101529,50,4,,1,68,,1112890,50,4,,1,30,,1112885,50,4,,1,66,,1112883,50,4,,1,27,,1112902,50,4,,1,27,,1083367,50,4,,1
1001,'11',640,,1112924,50,4,,1,79,,1112943,50,4,,1,32,,1072395,50,4,,1,75,,1112936,50,4,,1,30,,1112918,50,4,,1,71,,1112931,50,4,,1,26,,1078002,50,4,,1,68,,1112927,50,4,,1,30,,1112933,50,4,,1,70,,1112954,50,4,,1,30,,1112948,50,4,,1,70,,1112956,50,4,,1,30,,1112917,50,4,,1,70,,1112961,50,4,,1,31,,1112935,50,4,,1,71,,1112955,50,4,,1,32,,1112950,50,4,,1,68,,951814,50,4,,1,35,,1112957,50,4,,1,70,,1077996,50,4,,1,31,,1031269,50,4,,1,71,,1112940,50,4,,1,74,,1112938,50,4,,1,26,,1066598,50,4,,1,79,,1112945,50,4,,1,30,,1112941,50,4,,1,67,,1112928,50,4,,1,30,,1053750,50,4,,1,70,,1112922,50,4,,1,30,,1101649,50,4,,1,68,,1112937,50,4,,1,30,,1112932,50,4,,1,66,,1112930,50,4,,1,27,,1112949,50,4,,1,27,,1083676,50,4,,1
1001,'12',640,,1112997,50,4,,1,79,,1112983,50,4,,1,32,,1112974,50,4,,1,75,,1112972,50,4,,1,30,,1113014,50,4,,1,71,,1112992,50,4,,1,26,,1112999,50,4,,1,68,,1112973,50,4,,1,30,,1113011,50,4,,1,70,,1112976,50,4,,1,30,,1113002,50,4,,1,70,,1112996,50,4,,1,30,,1113009,50,4,,1,70,,1112966,50,4,,1,31,,1113007,50,4,,1,71,,1112995,50,4,,1,32,,1112982,50,4,,1,68,,1047520,50,4,,1,35,,1032356,50,4,,1,70,,1113016,50,4,,1,31,,1112980,50,4,,1,71,,1113012,50,4,,1,74,,1112969,50,4,,1,26,,1112989,50,4,,1,79,,1112984,50,4,,1,30,,1112967,50,4,,1,67,,1113000,50,4,,1,30,,1026015,50,4,,1,70,,1112964,50,4,,1,30,,1112971,50,4,,1,68,,1112975,50,4,,1,30,,1112981,50,4,,1,66,,1113005,50,4,,1,27,,1076936,50,4,,1,27,,1112993,50,4,,1
1001,'13',856,,1113040,50,4,,1,70,,1113046,50,4,,1,30,,1113017,50,4,,1,70,,1113047,50,4,,1,75,,1113023,50,4,,1,30,,1063913,50,4,,1,70,,1113038,50,4,,1,30,,1113020,50,4,,1,71,,1113037,50,4,,1,30,,1113022,50,4,,1,70,,1113042,50,4,,1,30,,1113044,50,4,,1,70,,1113021,50,4,,1,30,,1113031,50,4,,1,70,,1113035,50,4,,1,30,,1113048,50,4,,1,70,,1113045,50,4,,1,30,,1113039,50,4,,1,70,,1070813,50,4,,1,30,,1091149,50,4,,1,69,,1113034,50,4,,1
1001,'14',640,,1113063,50,4,,1,79,,1113082,50,4,,1,32,,1113107,50,4,,1,75,,1113075,50,4,,1,30,,1113051,50,4,,1,71,,1113070,50,4,,1,26,,1113056,50,4,,1,68,,1113066,50,4,,1,30,,1113072,50,4,,1,70,,1113093,50,4,,1,30,,1113087,50,4,,1,70,,1113095,50,4,,1,30,,1113050,50,4,,1,70,,1113100,50,4,,1,31,,1113074,50,4,,1,71,,1113094,50,4,,1,32,,1113089,50,4,,1,68,,1113106,50,4,,1,35,,1113096,50,4,,1,70,,1113053,50,4,,1,31,,1113049,50,4,,1,71,,1113079,50,4,,1,74,,1113077,50,4,,1,26,,1113102,50,4,,1,79,,1113084,50,4,,1,30,,1113080,50,4,,1,67,,1113067,50,4,,1,30,,1113052,50,4,,1,70,,1113060,50,4,,1,30,,1113105,50,4,,1,68,,1113076,50,4,,1,30,,1113071,50,4,,1,66,,1113069,50,4,,1,27,,1113088,50,4,,1,27,,1113062,50,4,,1
1001,'15',640,,1113152,50,4,,1,79,,1113116,50,4,,1,32,,1113108,50,4,,1,75,,1113135,50,4,,1,30,,1113110,50,4,,1,71,,1113139,50,4,,1,26,,1113133,50,4,,1,68,,1113109,50,4,,1,30,,1113112,50,4,,1,70,,1113144,50,4,,1,30,,1113156,50,4,,1,70,,1113130,50,4,,1,30,,1113126,50,4,,1,70,,1113115,50,4,,1,31,,1113158,50,4,,1,71,,1113127,50,4,,1,32,,1113145,50,4,,1,68,,1113124,50,4,,1,35,,1113157,50,4,,1,70,,1113163,50,4,,1,31,,1113161,50,4,,1,71,,1113143,50,4,,1,74,,1113134,50,4,,1,26,,1113113,50,4,,1,79,,1113132,50,4,,1,30,,1113150,50,4,,1,67,,1113166,50,4,,1,30,,1113122,50,4,,1,70,,1113129,50,4,,1,30,,1113137,50,4,,1,68,,1113117,50,4,,1,30,,1113120,50,4,,1,66,,1113114,50,4,,1,27,,1113164,50,4,,1,27,,1113118,50,4,,1
1001,'16',640,,1113201,50,4,,1,79,,1113187,50,4,,1,32,,1113178,50,4,,1,75,,1113176,50,4,,1,30,,1046424,50,4,,1,71,,1113196,50,4,,1,26,,1113203,50,4,,1,68,,1113177,50,4,,1,30,,1113214,50,4,,1,70,,1113180,50,4,,1,30,,1113206,50,4,,1,70,,1113200,50,4,,1,30,,1113213,50,4,,1,70,,945323,50,4,,1,31,,1113211,50,4,,1,71,,1113199,50,4,,1,32,,1113186,50,4,,1,68,,1113169,50,4,,1,35,,1113168,50,4,,1,70,,1113218,50,4,,1,31,,1113184,50,4,,1,71,,1113215,50,4,,1,74,,1073874,50,4,,1,26,,1113193,50,4,,1,79,,1113188,50,4,,1,30,,1113170,50,4,,1,67,,1113204,50,4,,1,30,,1113220,50,4,,1,70,,1099697,50,4,,1,30,,1113175,50,4,,1,68,,1113179,50,4,,1,30,,1113185,50,4,,1,66,,1113209,50,4,,1,27,,1113172,50,4,,1,27,,1113197,50,4,,1
1001,'17',856,,1113248,50,4,,1,70,,1113254,50,4,,1,30,,1113223,50,4,,1,70,,1113255,50,4,,1,75,,1113229,50,4,,1,30,,1113222,50,4,,1,70,,1113245,50,4,,1,30,,1113226,50,4,,1,71,,1113244,50,4,,1,30,,1113228,50,4,,1,70,,1113250,50,4,,1,30,,1113252,50,4,,1,70,,1113227,50,4,,1,30,,1113238,50,4,,1,70,,1113242,50,4,,1,30,,1113256,50,4,,1,70,,1113253,50,4,,1,30,,1113247,50,4,,1,70,,1113221,50,4,,1,30,,1113236,50,4,,1,69,,1113241,50,4,,1
1001,'2',924,,1113273,50,4,,1,30,,1113279,50,4,,1,70,,1113282,50,4,,1,35,,1113266,50,4,,1,70,,1113260,50,4,,1,30,,1113283,50,4,,1,70,,1113289,50,4,,1,71,,1113259,50,4,,1,30,,1113284,50,4,,1,70,,1113287,50,4,,1,30,,1099907,50,4,,1,70,,1113269,50,4,,1,30,,1113257,50,4,,1,70,,1001732,50,4,,1,30,,1113262,50,4,,1,70,,1113275,50,4,,1,30,,1113271,50,4,,1,70,,1113290,50,4,,1,30,,1113270,50,4,,1,29,,1113281,50,4,,1,70,,1113274,50,4,,1,30,,1113276,50,4,,1,70,,1113285,50,4,,1,26,,1113286,50,4,,1,70,,1113258,50,4,,1,30,,1113263,50,4,,1,70,,1113265,50,4,,1,29,,1113268,50,4,,1,70,,1113261,50,4,,1
1001,'3',856,,1113318,50,4,,1,70,,1113324,50,4,,1,30,,1113293,50,4,,1,70,,1113325,50,4,,1,75,,1113299,50,4,,1,30,,1113292,50,4,,1,70,,1113315,50,4,,1,30,,1113296,50,4,,1,71,,1113314,50,4,,1,30,,1113298,50,4,,1,70,,1113320,50,4,,1,30,,1113322,50,4,,1,70,,1113297,50,4,,1,30,,1113308,50,4,,1,70,,1113312,50,4,,1,30,,1113326,50,4,,1,70,,1113323,50,4,,1,30,,1113317,50,4,,1,70,,1113291,50,4,,1,30,,1113306,50,4,,1,69,,1113311,50,4,,1
1001,'4',856,,1113352,50,4,,1,70,,1113346,50,4,,1,30,,1113331,50,4,,1,70,,1113349,50,4,,1,75,,1113353,50,4,,1,30,,1097747,50,4,,1,70,,1113356,50,4,,1,30,,1063977,50,4,,1,71,,1113348,50,4,,1,30,,1084076,50,4,,1,70,,1113339,50,4,,1,30,,1113357,50,4,,1,70,,1113340,50,4,,1,30,,1113334,50,4,,1,70,,1113336,50,4,,1,30,,1113354,50,4,,1,70,,1113329,50,4,,1,30,,1113342,50,4,,1,70,,1113333,50,4,,1,30,,1096337,50,4,,1,69,,1113338,50,4,,1
1001,'5',640,,1113365,50,4,,1,79,,1113384,50,4,,1,32,,1072338,50,4,,1,75,,1113377,50,4,,1,30,,1113359,50,4,,1,71,,1113372,50,4,,1,26,,1077900,50,4,,1,68,,1113368,50,4,,1,30,,1113374,50,4,,1,70,,1113395,50,4,,1,30,,1113389,50,4,,1,70,,1113397,50,4,,1,30,,1113358,50,4,,1,70,,1113402,50,4,,1,31,,1113376,50,4,,1,71,,1113396,50,4,,1,32,,1113391,50,4,,1,68,,951932,50,4,,1,35,,1113398,50,4,,1,70,,1077894,50,4,,1,31,,1031165,50,4,,1,71,,1113381,50,4,,1,74,,1113379,50,4,,1,26,,1066492,50,4,,1,79,,1113386,50,4,,1,30,,1113382,50,4,,1,67,,1113369,50,4,,1,30,,1053629,50,4,,1,70,,1113363,50,4,,1,30,,1101604,50,4,,1,68,,1113378,50,4,,1,30,,1113373,50,4,,1,66,,1113371,50,4,,1,27,,1113390,50,4,,1,27,,1083567,50,4,,1
1001,'6',640,,1113440,50,4,,1,79,,1113426,50,4,,1,32,,1113417,50,4,,1,75,,1113415,50,4,,1,30,,1113453,50,4,,1,71,,1113435,50,4,,1,26,,1113442,50,4,,1,68,,1113416,50,4,,1,30,,1039263,50,4,,1,70,,1113419,50,4,,1,30,,1113445,50,4,,1,70,,1113439,50,4,,1,30,,1113451,50,4,,1,70,,1113408,50,4,,1,31,,1007847,50,4,,1,71,,1113438,50,4,,1,32,,1113425,50,4,,1,68,,1113409,50,4,,1,35,,1113407,50,4,,1,70,,1019505,50,4,,1,31,,1113423,50,4,,1,71,,1019713,50,4,,1,74,,1113412,50,4,,1,26,,1113432,50,4,,1,79,,1113427,50,4,,1,30,,1113410,50,4,,1,67,,1113443,50,4,,1,30,,1113455,50,4,,1,70,,1113405,50,4,,1,30,,1113414,50,4,,1,68,,1113418,50,4,,1,30,,1113424,50,4,,1,66,,1113448,50,4,,1,27,,1113411,50,4,,1,27,,1113436,50,4,,1
1001,'7',924,,1113461,50,4,,1,30,,1113462,50,4,,1,70,,1113457,50,4,,1,35,,1113486,50,4,,1,70,,1113465,50,4,,1,30,,1113456,50,4,,1,70,,1113471,50,4,,1,71,,1113472,50,4,,1,30,,1113475,50,4,,1,70,,1113491,50,4,,1,30,,1113479,50,4,,1,70,,1113488,50,4,,1,30,,1113487,50,4,,1,70,,1113469,50,4,,1,30,,1113473,50,4,,1,70,,1113467,50,4,,1,30,,1113458,50,4,,1,70,,1113493,50,4,,1,30,,1113477,50,4,,1,29,,1113474,50,4,,1,70,,1113464,50,4,,1,30,,1113470,50,4,,1,70,,1113468,50,4,,1,26,,1113492,50,4,,1,70,,1113484,50,4,,1,30,,1113460,50,4,,1,70,,1113478,50,4,,1,29,,1113494,50,4,,1,70,,1113490,50,4,,1
1001,'8',640,,1113532,50,4,,1,79,,1113518,50,4,,1,32,,1113509,50,4,,1,75,,1113507,50,4,,1,30,,1113549,50,4,,1,71,,1113527,50,4,,1,26,,1113534,50,4,,1,68,,1113508,50,4,,1,30,,1113546,50,4,,1,70,,1113511,50,4,,1,30,,1113537,50,4,,1,70,,1113531,50,4,,1,30,,1113544,50,4,,1,70,,1113498,50,4,,1,31,,1113542,50,4,,1,71,,1113530,50,4,,1,32,,1113517,50,4,,1,68,,1113499,50,4,,1,35,,1113497,50,4,,1,70,,1113551,50,4,,1,31,,1113515,50,4,,1,71,,1113547,50,4,,1,74,,1113503,50,4,,1,26,,1113524,50,4,,1,79,,1113519,50,4,,1,30,,1113500,50,4,,1,67,,1113535,50,4,,1,30,,1113553,50,4,,1,70,,1113495,50,4,,1,30,,1113506,50,4,,1,68,,1113510,50,4,,1,30,,1113516,50,4,,1,66,,1113540,50,4,,1,27,,1113502,50,4,,1,27,,1113528,50,4,,1
1001,'9',640,,1113561,50,4,,1,79,,1113580,50,4,,1,32,,1072260,50,4,,1,75,,1113573,50,4,,1,30,,1113555,50,4,,1,71,,1113568,50,4,,1,26,,1077799,50,4,,1,68,,1113564,50,4,,1,30,,1113570,50,4,,1,70,,1113591,50,4,,1,30,,1113585,50,4,,1,70,,1113593,50,4,,1,30,,1113554,50,4,,1,70,,1113598,50,4,,1,31,,1113572,50,4,,1,71,,1113592,50,4,,1,32,,1113587,50,4,,1,68,,951903,50,4,,1,35,,1113594,50,4,,1,70,,1077793,50,4,,1,31,,1031321,50,4,,1,71,,1113577,50,4,,1,74,,1113575,50,4,,1,26,,1066376,50,4,,1,79,,1113582,50,4,,1,30,,1113578,50,4,,1,67,,1113565,50,4,,1,30,,1053806,50,4,,1,70,,1113559,50,4,,1,30,,1101556,50,4,,1,68,,1113574,50,4,,1,30,,1113569,50,4,,1,66,,1113567,50,4,,1,27,,1113586,50,4,,1,27,,1083438,50,4,,1
