69700,'1',1545,,1057732,39,,,1,0,,1200758,39,0,92,1
69700,'10',1545,,1057832,39,,,1,0,,1200759,39,0,92,1
69700,'11',1545,,1057701,39,,,1,0,,1200760,39,0,92,1
69700,'12',1545,,1200761,39,,,1,0,,1200762,39,0,92,1
69700,'14',1545,,1200763,39,,,1,0,,1200764,39,0,92,1
69700,'15',1545,,1200765,39,,,1,0,,1200766,39,0,92,1
69700,'16',1545,,1200767,39,,,1,0,,1200768,39,0,92,1
69700,'5',1545,,1057582,39,,,1,0,,1200769,39,0,92,1
69700,'6',1545,,1200770,39,,,1,0,,1200771,39,0,92,1
69700,'8',1545,,1200772,39,,,1,0,,1200773,39,0,92,1
69700,'9',1545,,1057763,39,,,1,0,,1200774,39,0,92,1
