3201,'1',1518,,1128957,13,,,1,32,,1128952,13,,,1,70,,1128953,13,,,1,32,,1128954,13,,,1,70,,1128955,13,,,1,29,,1128956,13,,,1,67,,1128950,13,,,1,34,,1128951,13,,,1
3201,'10',1518,,1128965,13,,,1,32,,1128960,13,,,1,70,,1128961,13,,,1,32,,1128962,13,,,1,70,,1128963,13,,,1,29,,1128964,13,,,1,67,,1128958,13,,,1,34,,1128959,13,,,1
3201,'11',1518,,1128973,13,,,1,32,,1128968,13,,,1,70,,1128969,13,,,1,32,,1128970,13,,,1,70,,1128971,13,,,1,29,,1128972,13,,,1,67,,1128966,13,,,1,34,,1128967,13,,,1
3201,'12',1518,,1128979,13,,,1,32,,1128981,13,,,1,70,,1128980,13,,,1,32,,1128977,13,,,1,70,,1128975,13,,,1,29,,1128976,13,,,1,67,,1128978,13,,,1,34,,1128974,13,,,1
3201,'14',1518,,1128989,13,,,1,32,,1128984,13,,,1,70,,1128985,13,,,1,32,,1128986,13,,,1,70,,1128987,13,,,1,29,,1128988,13,,,1,67,,1128982,13,,,1,34,,1128983,13,,,1
3201,'15',1518,,1128996,13,,,1,32,,1128991,13,,,1,70,,1128994,13,,,1,32,,1128992,13,,,1,70,,1128990,13,,,1,29,,1128997,13,,,1,67,,1128993,13,,,1,34,,1128995,13,,,1
3201,'16',1518,,1129003,13,,,1,32,,1129005,13,,,1,70,,1129004,13,,,1,32,,1129001,13,,,1,70,,1128999,13,,,1,29,,1129000,13,,,1,67,,1129002,13,,,1,34,,1128998,13,,,1
3201,'5',1518,,1129013,13,,,1,32,,1129008,13,,,1,70,,1129009,13,,,1,32,,1129010,13,,,1,70,,1129011,13,,,1,29,,1129012,13,,,1,67,,1129006,13,,,1,34,,1129007,13,,,1
3201,'6',1518,,1129018,13,,,1,32,,1129019,13,,,1,70,,1064253,13,,,1,32,,1129016,13,,,1,70,,1129015,13,,,1,29,,1034581,13,,,1,67,,1129017,13,,,1,34,,1129014,13,,,1
3201,'8',1518,,1129025,13,,,1,32,,1129027,13,,,1,70,,1129026,13,,,1,32,,1129023,13,,,1,70,,1129021,13,,,1,29,,1129022,13,,,1,67,,1129024,13,,,1,34,,1129020,13,,,1
3201,'9',1518,,1129035,13,,,1,32,,1129030,13,,,1,70,,1129031,13,,,1,32,,1129032,13,,,1,70,,1129033,13,,,1,29,,1129034,13,,,1,67,,1129028,13,,,1,34,,1129029,13,,,1
63701,'1',1516,,1063600,27,,,1
63701,'10',1516,,1063296,27,,,1
63701,'11',1516,,1063692,27,,,1
63701,'12',1516,,1199383,27,,,1
63701,'14',1516,,1199384,27,,,1
63701,'15',1516,,1199385,27,,,1
63701,'16',1516,,1199386,27,,,1
63701,'5',1516,,1063560,27,,,1
63701,'6',1516,,1199387,27,,,1
63701,'8',1516,,1199388,27,,,1
63701,'9',1516,,1063389,27,,,1
