8500,'1',439,,1170366,33,,,1,71,,1170338,33,,,1,33,,1170354,33,,,1,15,,1170350,33,,,1,56,,1170332,33,,,1,17,,1001303,33,,,1,15,,1170331,33,,,1,55,,1170322,33,,,1,15,,1170364,33,,,1,19,,1170361,33,,,1,17,,1170362,33,,,1,54,,1170327,33,,,1,15,,1170316,33,,,1,15,,1170359,33,,,1,16,,1170348,33,,,1,54,,1170343,33,,,1,13,,1170344,33,,,1,14,,1170340,33,,,1,15,,1016710,33,,,1,55,,1053780,33,,,1,15,,1092864,33,,,1,15,,1067378,33,,,1,15,,1170349,33,,,1,56,,1170326,33,,,1,15,,1170329,33,,,1,15,,1170319,33,,,1,15,,1170315,33,,,1,55,,1170363,33,,,1,15,,1170342,33,,,1,15,,1067735,33,,,1,15,,1074281,33,,,1,55,,1170360,33,,,1,15,,1170337,33,,,1,15,,1170353,33,,,1,15,,1170335,33,,,1,56,,1170318,33,,,1,15,,1170358,33,,,1,15,,1076293,33,,,1,15,,1170357,33,,,1,61,,1170347,6,0,51,1,12,,1170351,33,,,1,15,,1170339,33,,,1,15,,1170341,33,,,1,55,,1084448,33,,,1,15,,1170325,33,,,1,15,,1170330,33,,,1,16,,1170345,33,,,1,54,,1170328,33,,,1,14,,1170320,33,,,1,14,,891575,33,,,1,15,,1170365,33,,,1,53,,999585,33,,,1,15,,1170334,33,,,1,15,,1170323,33,,,1,15,,1170333,33,,,1,69,,1170355,33,,,1,28,,1170313,33,,,1,68,,1170352,33,,,1,30,,1170321,33,,,1,70,,1077970,33,,,1,31,,1170314,33,,,1,70,,1170336,33,,,1,25,,1170356,33,,,1,69,,1170324,33,,,1,30,,1095221,33,,,1,68,,1170317,33,,,1,37,,1170346,33,,,1
8500,'10',439,,1170420,33,,,1,71,,1170392,33,,,1,33,,1170408,33,,,1,15,,1170404,33,,,1,56,,1170386,33,,,1,17,,1001450,33,,,1,15,,1170385,33,,,1,55,,1170376,33,,,1,15,,1170418,33,,,1,19,,1170415,33,,,1,17,,1170416,33,,,1,54,,1170381,33,,,1,15,,1170370,33,,,1,15,,1170413,33,,,1,16,,1170402,33,,,1,54,,1170397,33,,,1,13,,1170398,33,,,1,14,,1170394,33,,,1,15,,1016870,33,,,1,55,,1053873,33,,,1,15,,1092547,33,,,1,15,,1067086,33,,,1,15,,1170403,33,,,1,56,,1170380,33,,,1,15,,1170383,33,,,1,15,,1170373,33,,,1,15,,1170369,33,,,1,55,,1170417,33,,,1,15,,1170396,33,,,1,15,,1067684,33,,,1,15,,1074139,33,,,1,55,,1170414,33,,,1,15,,1170391,33,,,1,15,,1170407,33,,,1,15,,1170389,33,,,1,56,,1170372,33,,,1,15,,1170412,33,,,1,15,,1076082,33,,,1,15,,1170411,33,,,1,61,,1170401,6,0,51,1,12,,1170405,33,,,1,15,,1170393,33,,,1,15,,1170395,33,,,1,55,,1084264,33,,,1,15,,1170379,33,,,1,15,,1170384,33,,,1,16,,1170399,33,,,1,54,,1170382,33,,,1,14,,1170374,33,,,1,14,,891595,33,,,1,15,,1170419,33,,,1,53,,999745,33,,,1,15,,1170388,33,,,1,15,,1170377,33,,,1,15,,1170387,33,,,1,69,,1170409,33,,,1,28,,1170367,33,,,1,68,,1170406,33,,,1,30,,1170375,33,,,1,70,,1077761,33,,,1,31,,1170368,33,,,1,70,,1170390,33,,,1,25,,1170410,33,,,1,69,,1170378,33,,,1,30,,1094975,33,,,1,68,,1170371,33,,,1,37,,1170400,33,,,1
8500,'11',439,,1170474,33,,,1,71,,1170446,33,,,1,33,,1170462,33,,,1,15,,1170458,33,,,1,56,,1170440,33,,,1,17,,1001262,33,,,1,15,,1170439,33,,,1,55,,1170430,33,,,1,15,,1170472,33,,,1,19,,1170469,33,,,1,17,,1170470,33,,,1,54,,1170435,33,,,1,15,,1170424,33,,,1,15,,1170467,33,,,1,16,,1170456,33,,,1,54,,1170451,33,,,1,13,,1170452,33,,,1,14,,1170448,33,,,1,15,,1016662,33,,,1,55,,1053752,33,,,1,15,,1092954,33,,,1,15,,1067460,33,,,1,15,,1170457,33,,,1,56,,1170434,33,,,1,15,,1170437,33,,,1,15,,1170427,33,,,1,15,,1170423,33,,,1,55,,1170471,33,,,1,15,,1170450,33,,,1,15,,1067752,33,,,1,15,,1074324,33,,,1,55,,1170468,33,,,1,15,,1170445,33,,,1,15,,1170461,33,,,1,15,,1170443,33,,,1,56,,1170426,33,,,1,15,,1170466,33,,,1,15,,1076358,33,,,1,15,,1170465,33,,,1,61,,1170455,6,0,51,1,12,,1170459,33,,,1,15,,1170447,33,,,1,15,,1170449,33,,,1,55,,1084504,33,,,1,15,,1170433,33,,,1,15,,1170438,33,,,1,16,,1170453,33,,,1,54,,1170436,33,,,1,14,,1170428,33,,,1,14,,891555,33,,,1,15,,1170473,33,,,1,53,,999536,33,,,1,15,,1170442,33,,,1,15,,1170431,33,,,1,15,,1170441,33,,,1,69,,1170463,33,,,1,28,,1170421,33,,,1,68,,1170460,33,,,1,30,,1170429,33,,,1,70,,1078033,33,,,1,31,,1170422,33,,,1,70,,1170444,33,,,1,25,,1170464,33,,,1,69,,1170432,33,,,1,30,,1095295,33,,,1,68,,1170425,33,,,1,37,,1170454,33,,,1
8500,'12',439,,1170515,33,,,1,71,,1170487,33,,,1,33,,1170497,33,,,1,15,,1170533,33,,,1,56,,1170490,33,,,1,17,,1170524,33,,,1,15,,1170504,33,,,1,55,,1170476,33,,,1,15,,1170525,33,,,1,19,,1042185,33,,,1,17,,1170477,33,,,1,54,,1170511,33,,,1,15,,1170506,33,,,1,15,,1170486,33,,,1,16,,1093315,33,,,1,54,,1170512,33,,,1,13,,1170482,33,,,1,14,,1075876,33,,,1,15,,1170484,33,,,1,55,,1170531,33,,,1,15,,1170478,33,,,1,15,,1170517,33,,,1,15,,1170530,33,,,1,56,,1170493,33,,,1,15,,1170521,33,,,1,15,,1170509,33,,,1,15,,1170494,33,,,1,55,,1170489,33,,,1,15,,1170522,33,,,1,15,,1170507,33,,,1,15,,1170528,33,,,1,55,,1170479,33,,,1,15,,1170480,33,,,1,15,,1170529,33,,,1,15,,1062051,33,,,1,56,,1170485,33,,,1,15,,1170513,33,,,1,15,,1170488,33,,,1,15,,1170535,33,,,1,61,,1170516,6,0,51,1,12,,1072809,33,,,1,15,,1170503,33,,,1,15,,1170495,33,,,1,55,,1170514,33,,,1,15,,1170519,33,,,1,15,,1170501,33,,,1,16,,1170526,33,,,1,54,,1170502,33,,,1,14,,1170532,33,,,1,14,,1170520,33,,,1,15,,1170510,33,,,1,53,,1170496,33,,,1,15,,1170508,33,,,1,15,,1170518,33,,,1,15,,1170491,33,,,1,69,,1170498,33,,,1,28,,1170499,33,,,1,68,,1170527,33,,,1,30,,1170500,33,,,1,70,,1170523,33,,,1,31,,1170534,33,,,1,70,,1170536,33,,,1,25,,1170483,33,,,1,69,,1170475,33,,,1,30,,1170492,33,,,1,68,,1170481,33,,,1,37,,1170505,33,,,1
8500,'13',535,,1170550,33,,,1,72,,1170554,33,,,1,30,,1032734,33,,,1,70,,1170569,33,,,1,32,,1170547,33,,,1,70,,1170559,33,,,1,30,,1170538,33,,,1,70,,1170543,33,,,1,21,,1087916,33,,,1,20,,1170548,33,,,1,60,,1170539,33,,,1,22,,1170541,33,,,1,20,,1170549,33,,,1,60,,1170568,33,,,1,21,,1170552,33,,,1,20,,1170579,33,,,1,60,,1170570,33,,,1,20,,1170545,33,,,1,20,,1170582,33,,,1,60,,1170544,33,,,1,20,,1170577,33,,,1,15,,1170560,33,,,1,55,,1170561,33,,,1,15,,1170571,33,,,1,15,,1170542,33,,,1,15,,1170573,33,,,1,55,,1170563,33,,,1,15,,1170553,33,,,1,15,,1170551,33,,,1,15,,1170562,33,,,1,55,,1170572,33,,,1,15,,1170558,33,,,1,15,,1170565,33,,,1,15,,1170540,33,,,1,58,,1170566,33,,,1,18,,1170578,33,,,1,29,,1170575,33,,,1,69,,1170555,33,,,1,29,,1170580,33,,,1,70,,1170537,33,,,1,27,,1170574,33,,,1,70,,1170546,33,,,1,30,,1170576,33,,,1,70,,1170556,33,,,1,30,,1170557,33,,,1,70,,1170581,33,,,1,30,,1170567,33,,,1,69,,1170583,33,,,1,39,,1170564,33,,,1
8500,'14',439,,1170649,33,,,1,71,,1170618,33,,,1,33,,1170636,33,,,1,15,,1170630,33,,,1,56,,1170612,33,,,1,17,,1170633,33,,,1,15,,1170611,33,,,1,55,,1170601,33,,,1,15,,1170647,33,,,1,19,,1170644,33,,,1,17,,1170645,33,,,1,54,,1170606,33,,,1,15,,1170593,33,,,1,15,,1170641,33,,,1,16,,1170628,33,,,1,54,,1170623,33,,,1,13,,1170624,33,,,1,14,,1170620,33,,,1,15,,1170634,33,,,1,55,,1170591,33,,,1,15,,1170586,33,,,1,15,,1170585,33,,,1,15,,1170629,33,,,1,56,,1170605,33,,,1,15,,1170609,33,,,1,15,,1170597,33,,,1,15,,1170589,33,,,1,55,,1170646,33,,,1,15,,1170622,33,,,1,15,,1170590,33,,,1,15,,1170588,33,,,1,55,,1170642,33,,,1,15,,1170617,33,,,1,15,,1170635,33,,,1,15,,1170615,33,,,1,56,,1170596,33,,,1,15,,1170640,33,,,1,15,,1170595,33,,,1,15,,1170639,33,,,1,61,,1170627,6,0,51,1,12,,1170631,33,,,1,15,,1170619,33,,,1,15,,1170621,33,,,1,55,,1170608,33,,,1,15,,1170604,33,,,1,15,,1170610,33,,,1,16,,1170625,33,,,1,54,,1170607,33,,,1,14,,1170598,33,,,1,14,,1170592,33,,,1,15,,1170648,33,,,1,53,,1170599,33,,,1,15,,1170614,33,,,1,15,,1170602,33,,,1,15,,1170613,33,,,1,69,,1170637,33,,,1,28,,1170584,33,,,1,68,,1170632,33,,,1,30,,1170600,33,,,1,70,,1170650,33,,,1,31,,1170587,33,,,1,70,,1170616,33,,,1,25,,1170638,33,,,1,69,,1170603,33,,,1,30,,1170643,33,,,1,68,,1170594,33,,,1,37,,1170626,33,,,1
8500,'15',439,,1170711,33,,,1,71,,1170703,33,,,1,33,,1170708,33,,,1,15,,1170654,33,,,1,56,,1170655,33,,,1,17,,1170707,33,,,1,15,,1170695,33,,,1,55,,1170671,33,,,1,15,,1170717,33,,,1,19,,1170704,33,,,1,17,,1170712,33,,,1,54,,1170697,33,,,1,15,,1170677,33,,,1,15,,1170676,33,,,1,16,,1170672,33,,,1,54,,1170700,33,,,1,13,,1170667,33,,,1,14,,1170702,33,,,1,15,,1170662,33,,,1,55,,1170666,33,,,1,15,,1170713,33,,,1,15,,1170710,33,,,1,15,,1170664,33,,,1,56,,1170659,33,,,1,15,,1170678,33,,,1,15,,1170653,33,,,1,15,,1170681,33,,,1,55,,1170685,33,,,1,15,,1170690,33,,,1,15,,1170660,33,,,1,15,,1170661,33,,,1,55,,1170691,33,,,1,15,,1170651,33,,,1,15,,1170715,33,,,1,15,,1170679,33,,,1,56,,1170675,33,,,1,15,,1170686,33,,,1,15,,1170680,33,,,1,15,,1170670,33,,,1,61,,1170706,6,0,51,1,12,,1170663,33,,,1,15,,1170665,33,,,1,15,,1170682,33,,,1,55,,1170669,33,,,1,15,,1170699,33,,,1,15,,1170652,33,,,1,16,,1170692,33,,,1,54,,1170688,33,,,1,14,,1170709,33,,,1,14,,1170687,33,,,1,15,,1170705,33,,,1,53,,1170673,33,,,1,15,,1170674,33,,,1,15,,1170696,33,,,1,15,,1170658,33,,,1,69,,1170693,33,,,1,28,,1170716,33,,,1,68,,1170656,33,,,1,30,,1170694,33,,,1,70,,1170689,33,,,1,31,,1170714,33,,,1,70,,1170657,33,,,1,25,,1170701,33,,,1,69,,1170668,33,,,1,30,,1170698,33,,,1,68,,1170684,33,,,1,37,,1170683,33,,,1
8500,'16',439,,1170752,33,,,1,71,,1084180,33,,,1,33,,1170735,33,,,1,15,,1170770,33,,,1,56,,1170729,33,,,1,17,,1170761,33,,,1,15,,1170742,33,,,1,55,,1170718,33,,,1,15,,1170763,33,,,1,19,,1170771,33,,,1,17,,1170719,33,,,1,54,,1170748,33,,,1,15,,1097003,33,,,1,15,,1067429,33,,,1,16,,1170773,33,,,1,54,,1170749,33,,,1,13,,1170724,33,,,1,14,,1170772,33,,,1,15,,1170726,33,,,1,55,,1051144,33,,,1,15,,1170720,33,,,1,15,,1170754,33,,,1,15,,1170769,33,,,1,56,,1170732,33,,,1,15,,1170758,33,,,1,15,,1170746,33,,,1,15,,1075978,33,,,1,55,,1170728,33,,,1,15,,1170759,33,,,1,15,,1170744,33,,,1,15,,1170767,33,,,1,55,,1170721,33,,,1,15,,1170722,33,,,1,15,,1170768,33,,,1,15,,1170762,33,,,1,56,,1170727,33,,,1,15,,1170750,33,,,1,15,,1089239,33,,,1,15,,1170774,33,,,1,61,,1170753,6,0,51,1,12,,1170764,33,,,1,15,,1170741,33,,,1,15,,1170733,33,,,1,55,,1170751,33,,,1,15,,1170756,33,,,1,15,,1170739,33,,,1,16,,1170765,33,,,1,54,,1170740,33,,,1,14,,1096472,33,,,1,14,,1170757,33,,,1,15,,1170747,33,,,1,53,,1170734,33,,,1,15,,1170745,33,,,1,15,,1170755,33,,,1,15,,1170730,33,,,1,69,,1170736,33,,,1,28,,1170737,33,,,1,68,,1170766,33,,,1,30,,1170738,33,,,1,70,,1170760,33,,,1,31,,1084196,33,,,1,70,,1170775,33,,,1,25,,1170725,33,,,1,69,,1075961,33,,,1,30,,1170731,33,,,1,68,,1170723,33,,,1,37,,1170743,33,,,1
8500,'17',535,,1170790,33,,,1,72,,1170794,33,,,1,30,,1170823,33,,,1,70,,1170809,33,,,1,32,,1170787,33,,,1,70,,1170799,33,,,1,30,,1170777,33,,,1,70,,1170783,33,,,1,21,,1170780,33,,,1,20,,1170788,33,,,1,60,,1170778,33,,,1,22,,1170781,33,,,1,20,,1170789,33,,,1,60,,1170808,33,,,1,21,,1170792,33,,,1,20,,1170819,33,,,1,60,,1170810,33,,,1,20,,1170785,33,,,1,20,,1170822,33,,,1,60,,1170784,33,,,1,20,,1170817,33,,,1,15,,1170800,33,,,1,55,,1170801,33,,,1,15,,1170811,33,,,1,15,,1170782,33,,,1,15,,1170813,33,,,1,55,,1170803,33,,,1,15,,1170793,33,,,1,15,,1170791,33,,,1,15,,1170802,33,,,1,55,,1170812,33,,,1,15,,1170798,33,,,1,15,,1170805,33,,,1,15,,1170779,33,,,1,58,,1170806,33,,,1,18,,1170818,33,,,1,29,,1170815,33,,,1,69,,1170795,33,,,1,29,,1170820,33,,,1,70,,1170776,33,,,1,27,,1170814,33,,,1,70,,1170786,33,,,1,30,,1170816,33,,,1,70,,1170796,33,,,1,30,,1170797,33,,,1,70,,1170821,33,,,1,30,,1170807,33,,,1,69,,1170824,33,,,1,39,,1170804,33,,,1
8500,'2',530,,1170837,33,,,1,71,,1170839,33,,,1,30,,1078919,33,,,1,70,,1170869,33,,,1,32,,1170844,33,,,1,70,,1170848,33,,,1,30,,1170831,33,,,1,70,,1170826,33,,,1,31,,1170867,33,,,1,19,,1170862,33,,,1,55,,1170842,33,,,1,15,,1170843,33,,,1,17,,1170830,33,,,1,15,,1170846,33,,,1,55,,1170861,33,,,1,15,,1170864,33,,,1,16,,1170871,33,,,1,15,,1170825,33,,,1,55,,1170838,33,,,1,15,,1170874,33,,,1,15,,1170841,33,,,1,15,,1170829,33,,,1,55,,1170828,33,,,1,15,,1170859,33,,,1,15,,1170853,33,,,1,15,,1170832,33,,,1,55,,1170833,33,,,1,15,,1170834,33,,,1,15,,1170852,33,,,1,15,,1170851,33,,,1,55,,1170850,33,,,1,15,,1170840,33,,,1,15,,1170854,33,,,1,15,,1170875,33,,,1,55,,1170857,33,,,1,15,,1170845,33,,,1,15,,1170847,33,,,1,15,,1170856,33,,,1,55,,1170863,33,,,1,15,,1170855,33,,,1,15,,1170866,33,,,1,17,,1170836,33,,,1,69,,1170873,33,,,1,30,,1061942,33,,,1,70,,1170872,33,,,1,27,,1170858,33,,,1,70,,1170870,33,,,1,30,,1170835,33,,,1,70,,1170849,33,,,1,30,,1170876,33,,,1,70,,1170865,33,,,1,30,,1170868,33,,,1,69,,1170860,33,,,1,30,,1170877,33,,,1,70,,1170827,33,,,1
8500,'3',535,,1170892,33,,,1,72,,1170896,33,,,1,30,,1170925,33,,,1,70,,1170911,33,,,1,32,,1170889,33,,,1,70,,1170901,33,,,1,30,,1170879,33,,,1,70,,1170885,33,,,1,21,,1170882,33,,,1,20,,1170890,33,,,1,60,,1170880,33,,,1,22,,1170883,33,,,1,20,,1170891,33,,,1,60,,1170910,33,,,1,21,,1170894,33,,,1,20,,1170921,33,,,1,60,,1170912,33,,,1,20,,1170887,33,,,1,20,,1170924,33,,,1,60,,1170886,33,,,1,20,,1170919,33,,,1,15,,1170902,33,,,1,55,,1170903,33,,,1,15,,1170913,33,,,1,15,,1170884,33,,,1,15,,1170915,33,,,1,55,,1170905,33,,,1,15,,1170895,33,,,1,15,,1170893,33,,,1,15,,1170904,33,,,1,55,,1170914,33,,,1,15,,1170900,33,,,1,15,,1170907,33,,,1,15,,1170881,33,,,1,58,,1170908,33,,,1,18,,1170920,33,,,1,29,,1170917,33,,,1,69,,1170897,33,,,1,29,,1170922,33,,,1,70,,1170878,33,,,1,27,,1170916,33,,,1,70,,1170888,33,,,1,30,,1170918,33,,,1,70,,1170898,33,,,1,30,,1170899,33,,,1,70,,1170923,33,,,1,30,,1170909,33,,,1,69,,1170926,33,,,1,39,,1170906,33,,,1
8500,'4',535,,1170969,33,,,1,72,,1170927,33,,,1,30,,1170928,33,,,1,70,,1170973,33,,,1,32,,1170935,33,,,1,70,,1170968,33,,,1,30,,1170933,33,,,1,70,,1170940,33,,,1,21,,1170944,33,,,1,20,,1170966,33,,,1,60,,1170959,33,,,1,22,,1170939,33,,,1,20,,1170962,33,,,1,60,,1170960,33,,,1,21,,1170930,33,,,1,20,,1170937,33,,,1,60,,1170938,33,,,1,20,,1170961,33,,,1,20,,1170946,33,,,1,60,,1170945,33,,,1,20,,1170934,33,,,1,15,,1170958,33,,,1,55,,1170955,33,,,1,15,,1170963,33,,,1,15,,1170952,33,,,1,15,,1170929,33,,,1,55,,980478,33,,,1,15,,1170947,33,,,1,15,,1170936,33,,,1,15,,1170972,33,,,1,55,,1170932,33,,,1,15,,1170942,33,,,1,15,,1170965,33,,,1,15,,1170957,33,,,1,58,,1170971,33,,,1,18,,1063980,33,,,1,29,,1170970,33,,,1,69,,1170943,33,,,1,29,,1170951,33,,,1,70,,1170956,33,,,1,27,,1170953,33,,,1,70,,1170948,33,,,1,30,,1170954,33,,,1,70,,1170964,33,,,1,30,,1170931,33,,,1,70,,1170967,33,,,1,30,,1170950,33,,,1,69,,1170941,33,,,1,39,,1170949,33,,,1
8500,'5',439,,1171027,33,,,1,71,,1170999,33,,,1,33,,1171015,33,,,1,15,,1171011,33,,,1,56,,1170993,33,,,1,17,,1001043,33,,,1,15,,1170992,33,,,1,55,,1170983,33,,,1,15,,1171025,33,,,1,19,,1171022,33,,,1,17,,1171023,33,,,1,54,,1170988,33,,,1,15,,1170977,33,,,1,15,,1171020,33,,,1,16,,1171009,33,,,1,54,,1171004,33,,,1,13,,1171005,33,,,1,14,,1171001,33,,,1,15,,1016449,33,,,1,55,,1053631,33,,,1,15,,1092806,33,,,1,15,,1067337,33,,,1,15,,1171010,33,,,1,56,,1170987,33,,,1,15,,1170990,33,,,1,15,,1170980,33,,,1,15,,1170976,33,,,1,55,,1171024,33,,,1,15,,1171003,33,,,1,15,,1067718,33,,,1,15,,1074258,33,,,1,55,,1171021,33,,,1,15,,1170998,33,,,1,15,,1171014,33,,,1,15,,1170996,33,,,1,56,,1170979,33,,,1,15,,1171019,33,,,1,15,,1076257,33,,,1,15,,1171018,33,,,1,61,,1171008,6,0,51,1,12,,1171012,33,,,1,15,,1171000,33,,,1,15,,1171002,33,,,1,55,,1084415,33,,,1,15,,1170986,33,,,1,15,,1170991,33,,,1,16,,1171006,33,,,1,54,,1170989,33,,,1,14,,1170981,33,,,1,14,,891635,33,,,1,15,,1171026,33,,,1,53,,999325,33,,,1,15,,1170995,33,,,1,15,,1170984,33,,,1,15,,1170994,33,,,1,69,,1171016,33,,,1,28,,1170974,33,,,1,68,,1171013,33,,,1,30,,1170982,33,,,1,70,,1077931,33,,,1,31,,1170975,33,,,1,70,,1170997,33,,,1,25,,1171017,33,,,1,69,,1170985,33,,,1,30,,1095173,33,,,1,68,,1170978,33,,,1,37,,1171007,33,,,1
8500,'6',439,,1171058,33,,,1,71,,1171032,33,,,1,33,,1171041,33,,,1,15,,961140,33,,,1,56,,1171035,33,,,1,17,,1171067,33,,,1,15,,1171047,33,,,1,55,,1083953,33,,,1,15,,1171069,33,,,1,19,,1171078,33,,,1,17,,1171029,33,,,1,54,,1171054,33,,,1,15,,1171049,33,,,1,15,,1171031,33,,,1,16,,1171080,33,,,1,54,,1171055,33,,,1,13,,972464,33,,,1,14,,1171079,33,,,1,15,,1101031,33,,,1,55,,1171076,33,,,1,15,,1081752,33,,,1,15,,1171060,33,,,1,15,,1171075,33,,,1,56,,1171038,33,,,1,15,,1171064,33,,,1,15,,1171052,33,,,1,15,,1171039,33,,,1,55,,1171034,33,,,1,15,,1171065,33,,,1,15,,1171050,33,,,1,15,,1171073,33,,,1,55,,1068472,33,,,1,15,,1082822,33,,,1,15,,1171074,33,,,1,15,,1171068,33,,,1,56,,1065553,33,,,1,15,,1171056,33,,,1,15,,1171033,33,,,1,15,,1071062,33,,,1,61,,1171059,6,0,51,1,12,,1171070,33,,,1,15,,1071372,33,,,1,15,,1070383,33,,,1,55,,1171057,33,,,1,15,,1171062,33,,,1,15,,1171045,33,,,1,16,,1171071,33,,,1,54,,1171046,33,,,1,14,,1171077,33,,,1,14,,1171063,33,,,1,15,,1171053,33,,,1,53,,1171040,33,,,1,15,,1171051,33,,,1,15,,1171061,33,,,1,15,,1171036,33,,,1,69,,1171042,33,,,1,28,,1171043,33,,,1,68,,1171072,33,,,1,30,,1171044,33,,,1,70,,1171066,33,,,1,31,,1171081,33,,,1,70,,1019727,33,,,1,25,,1171030,33,,,1,69,,1171028,33,,,1,30,,1171037,33,,,1,68,,1024733,33,,,1,37,,1171048,33,,,1
8500,'7',530,,1171122,33,,,1,71,,1171131,33,,,1,30,,1171136,33,,,1,70,,1171116,33,,,1,32,,1171097,33,,,1,70,,1171113,33,,,1,30,,1171120,33,,,1,70,,1171125,33,,,1,31,,1171099,33,,,1,19,,1171114,33,,,1,55,,1171121,33,,,1,15,,1171093,33,,,1,17,,1171102,33,,,1,15,,1171098,33,,,1,55,,1171092,33,,,1,15,,1171133,33,,,1,16,,1171106,33,,,1,15,,1171108,33,,,1,55,,1171094,33,,,1,15,,1171082,33,,,1,15,,1171112,33,,,1,15,,1171104,33,,,1,55,,1171134,33,,,1,15,,1171087,33,,,1,15,,1171135,33,,,1,15,,1171132,33,,,1,55,,1171128,33,,,1,15,,1171083,33,,,1,15,,1171118,33,,,1,15,,1171107,33,,,1,55,,1171130,33,,,1,15,,1171124,33,,,1,15,,1171103,33,,,1,15,,1171119,33,,,1,55,,1171084,33,,,1,15,,1171101,33,,,1,15,,1171088,33,,,1,15,,1171096,33,,,1,55,,1171110,33,,,1,15,,1171123,33,,,1,15,,1171109,33,,,1,17,,1171086,33,,,1,69,,1171085,33,,,1,30,,1171115,33,,,1,70,,1171117,33,,,1,27,,1171091,33,,,1,70,,1171129,33,,,1,30,,1171090,33,,,1,70,,1171095,33,,,1,30,,1171089,33,,,1,70,,1171105,33,,,1,30,,1171100,33,,,1,69,,1171127,33,,,1,30,,1171111,33,,,1,70,,1171126,33,,,1
8500,'8',439,,1171177,33,,,1,71,,1171149,33,,,1,33,,1171159,33,,,1,15,,1171197,33,,,1,56,,1171152,33,,,1,17,,1171186,33,,,1,15,,1171166,33,,,1,55,,1171138,33,,,1,15,,1171188,33,,,1,19,,1171198,33,,,1,17,,1171139,33,,,1,54,,1171173,33,,,1,15,,1171168,33,,,1,15,,1171148,33,,,1,16,,1171200,33,,,1,54,,1171174,33,,,1,13,,1171144,33,,,1,14,,1171199,33,,,1,15,,1171146,33,,,1,55,,1171195,33,,,1,15,,1171140,33,,,1,15,,1171179,33,,,1,15,,1171194,33,,,1,56,,1171155,33,,,1,15,,1171183,33,,,1,15,,1171171,33,,,1,15,,1171156,33,,,1,55,,1171151,33,,,1,15,,1171184,33,,,1,15,,1171169,33,,,1,15,,1171192,33,,,1,55,,1171141,33,,,1,15,,1171142,33,,,1,15,,1171193,33,,,1,15,,1171187,33,,,1,56,,1171147,33,,,1,15,,1171175,33,,,1,15,,1171150,33,,,1,15,,1171202,33,,,1,61,,1171178,6,0,51,1,12,,1171189,33,,,1,15,,1171165,33,,,1,15,,1171157,33,,,1,55,,1171176,33,,,1,15,,1171181,33,,,1,15,,1171163,33,,,1,16,,1171190,33,,,1,54,,1171164,33,,,1,14,,1171196,33,,,1,14,,1171182,33,,,1,15,,1171172,33,,,1,53,,1171158,33,,,1,15,,1171170,33,,,1,15,,1171180,33,,,1,15,,1171153,33,,,1,69,,1171160,33,,,1,28,,1171161,33,,,1,68,,1171191,33,,,1,30,,1171162,33,,,1,70,,1171185,33,,,1,31,,1171201,33,,,1,70,,1171203,33,,,1,25,,1171145,33,,,1,69,,1171137,33,,,1,30,,1171154,33,,,1,68,,1171143,33,,,1,37,,1171167,33,,,1
8500,'9',439,,1171257,33,,,1,71,,1171229,33,,,1,33,,1171245,33,,,1,15,,1171241,33,,,1,56,,1171223,33,,,1,17,,1001344,33,,,1,15,,1171222,33,,,1,55,,1171213,33,,,1,15,,1171255,33,,,1,19,,1171252,33,,,1,17,,1171253,33,,,1,54,,1171218,33,,,1,15,,1171207,33,,,1,15,,1171250,33,,,1,16,,1171239,33,,,1,54,,1171234,33,,,1,13,,1171235,33,,,1,14,,1171231,33,,,1,15,,1016758,33,,,1,55,,1053808,33,,,1,15,,1092653,33,,,1,15,,1067178,33,,,1,15,,1171240,33,,,1,56,,1171217,33,,,1,15,,1171220,33,,,1,15,,1171210,33,,,1,15,,1171206,33,,,1,55,,1171254,33,,,1,15,,1171233,33,,,1,15,,1067701,33,,,1,15,,1074186,33,,,1,55,,1171251,33,,,1,15,,1171228,33,,,1,15,,1171244,33,,,1,15,,1171226,33,,,1,56,,1171209,33,,,1,15,,1171249,33,,,1,15,,1076146,33,,,1,15,,1171248,33,,,1,61,,1171238,6,0,51,1,12,,1171242,33,,,1,15,,1171230,33,,,1,15,,1171232,33,,,1,55,,1084325,33,,,1,15,,1171216,33,,,1,15,,1171221,33,,,1,16,,1171236,33,,,1,54,,1171219,33,,,1,14,,1171211,33,,,1,14,,891615,33,,,1,15,,1171256,33,,,1,53,,999634,33,,,1,15,,1171225,33,,,1,15,,1171214,33,,,1,15,,1171224,33,,,1,69,,1171246,33,,,1,28,,1171204,33,,,1,68,,1171243,33,,,1,30,,1171212,33,,,1,70,,1077830,33,,,1,31,,1171205,33,,,1,70,,1171227,33,,,1,25,,1171247,33,,,1,69,,1171215,33,,,1,30,,1095049,33,,,1,68,,1171208,33,,,1,37,,1171237,33,,,1
