3300,'1',515,,1129050,7,,,1,100,,1129045,7,,,1,22,,1129047,7,,,1,15,,1129063,7,,,1,55,,1071269,7,,,1,15,,1129056,7,,,1,13,,1129066,7,,,1,67,,1129053,7,,,1,30,,1129061,7,,,1,70,,1084454,7,0,137 26,1,30,,1040366,7,0,137 26,1,70,,1129039,7,0,137 26,1,30,,1129059,7,0,137 26,1,70,,1129054,7,0,137 26,1,30,,1129037,7,0,137 26,1,70,,1129042,7,0,137 26,1,30,,1129036,7,0,137 26,1,70,,1129065,7,0,137 26,1,30,,1129060,7,0,137 26,1,75,,1129051,7,0,137 26,1,30,,1129062,7,0,137 26,1,70,,982496,7,,,1,30,,1129049,7,,,1,70,,1129040,7,,,1,30,,1129048,7,,,1,70,,1070943,7,,,1,30,,1088808,7,,,1,70,,1129041,7,,,1,30,,1129038,7,,,1,70,,1129057,7,,,1,30,,1129052,7,,,1,70,,1129046,7,,,1,30,,1129064,7,,,1,70,,1129043,7,,,1,100,,1129044,7,,,1,110,,1129058,7,,,1
3300,'10',515,,1129081,7,,,1,100,,1129076,7,,,1,22,,1129078,7,,,1,15,,1129094,7,,,1,55,,1071072,7,,,1,15,,1129087,7,,,1,13,,1129097,7,,,1,67,,1129084,7,,,1,30,,1129092,7,,,1,70,,1084270,7,0,137 26,1,30,,1040523,7,0,137 26,1,70,,1129070,7,0,137 26,1,30,,1129090,7,0,137 26,1,70,,1129085,7,0,137 26,1,30,,1129068,7,0,137 26,1,70,,1129073,7,0,137 26,1,30,,1129067,7,0,137 26,1,70,,1129096,7,0,137 26,1,30,,1129091,7,0,137 26,1,75,,1129082,7,0,137 26,1,30,,1129093,7,0,137 26,1,70,,982315,7,,,1,30,,1129080,7,,,1,70,,1129071,7,,,1,30,,1129079,7,,,1,70,,1070729,7,,,1,30,,1088403,7,,,1,70,,1129072,7,,,1,30,,1129069,7,,,1,70,,1129088,7,,,1,30,,1129083,7,,,1,70,,1129077,7,,,1,30,,1129095,7,,,1,70,,1129074,7,,,1,100,,1129075,7,,,1,110,,1129089,7,,,1
3300,'11',515,,1129112,7,,,1,100,,1129107,7,,,1,22,,1129109,7,,,1,15,,1129125,7,,,1,55,,1071331,7,,,1,15,,1129118,7,,,1,13,,1129128,7,,,1,67,,1129115,7,,,1,30,,1129123,7,,,1,70,,1084510,7,0,137 26,1,30,,1040321,7,0,137 26,1,70,,1129101,7,0,137 26,1,30,,1129121,7,0,137 26,1,70,,1129116,7,0,137 26,1,30,,1129099,7,0,137 26,1,70,,1129104,7,0,137 26,1,30,,1129098,7,0,137 26,1,70,,1129127,7,0,137 26,1,30,,1129122,7,0,137 26,1,75,,1129113,7,0,137 26,1,30,,1129124,7,0,137 26,1,70,,982465,7,,,1,30,,1129111,7,,,1,70,,1129102,7,,,1,30,,1129110,7,,,1,70,,1071008,7,,,1,30,,1088929,7,,,1,70,,1129103,7,,,1,30,,1129100,7,,,1,70,,1129119,7,,,1,30,,1129114,7,,,1,70,,1129108,7,,,1,30,,1129126,7,,,1,70,,1129105,7,,,1,100,,1129106,7,,,1,110,,1129120,7,,,1
3300,'12',515,,1129145,7,,,1,100,,1129141,7,,,1,22,,1129129,7,,,1,15,,1129142,7,,,1,55,,1129157,7,,,1,15,,1129139,7,,,1,13,,1129152,7,,,1,67,,1075868,7,,,1,30,,1129148,7,,,1,70,,1129161,7,0,137 26,1,30,,1129146,7,0,137 26,1,70,,1129132,7,0,137 26,1,30,,1083539,7,0,137 26,1,70,,1129134,7,0,137 26,1,30,,1129151,7,0,137 26,1,70,,1129133,7,0,137 26,1,30,,1129130,7,0,137 26,1,70,,1129143,7,0,137 26,1,30,,1129158,7,0,137 26,1,75,,1129156,7,0,137 26,1,30,,1091849,7,0,137 26,1,70,,1129150,7,,,1,30,,1129138,7,,,1,70,,1129137,7,,,1,30,,1129136,7,,,1,70,,1129155,7,,,1,30,,1129144,7,,,1,70,,1090819,7,,,1,30,,1129160,7,,,1,70,,1129140,7,,,1,30,,1129149,7,,,1,70,,1129159,7,,,1,30,,1129147,7,,,1,70,,1129135,7,,,1,100,,1129153,7,,,1,110,,1129154,7,,,1
3300,'13',737,,1129178,7,0,137 26,1,100,,1129172,7,0,137 26,1,100,,1129166,7,0,137 26,1,70,,1129168,7,0,137 26,1,30,,1129183,7,0,137 26,1,70,,1129175,7,0,137 26,1,30,,1129163,7,0,137 26,1,71,,1129171,7,0,137 26,1,30,,1129169,7,0,137 26,1,70,,1129179,7,0,137 26,1,30,,1129174,7,0,137 26,1,70,,1129177,7,0,137 26,1,30,,1073564,7,0,137 26,1,70,,1129182,7,0,137 26,1,30,,1129181,7,0,137 26,1,70,,1129170,7,0,137 26,1,30,,1129162,7,0,137 26,1,70,,1129176,7,0,137 26,1,30,,1129164,7,0,137 26,1,69,,1129180,7,0,137 26,1,100,,1129167,7,0,137 26,1,100,,1129165,7,0,137 26,1,100,,1129173,7,0,137 26,1,100,,1022401,7,0,137 26,1
3300,'14',515,,1129200,7,,,1,100,,1129195,7,,,1,22,,1129197,7,,,1,15,,1129214,7,,,1,55,,1129185,7,,,1,15,,1129206,7,,,1,13,,1129220,7,,,1,67,,1129203,7,,,1,30,,1129211,7,,,1,70,,1129212,7,0,137 26,1,30,,1129216,7,0,137 26,1,70,,1129188,7,0,137 26,1,30,,1129209,7,0,137 26,1,70,,1129204,7,0,137 26,1,30,,1129186,7,0,137 26,1,70,,1129192,7,0,137 26,1,30,,1129184,7,0,137 26,1,70,,1129218,7,0,137 26,1,30,,1129210,7,0,137 26,1,75,,1129201,7,0,137 26,1,30,,1129213,7,0,137 26,1,70,,1129215,7,,,1,30,,1129199,7,,,1,70,,1129190,7,,,1,30,,1129198,7,,,1,70,,1129189,7,,,1,30,,1129219,7,,,1,70,,1129191,7,,,1,30,,1129187,7,,,1,70,,1129207,7,,,1,30,,1129202,7,,,1,70,,1129196,7,,,1,30,,1129217,7,,,1,70,,1129193,7,,,1,100,,1129194,7,,,1,110,,1129208,7,,,1
3300,'15',515,,1129237,7,,,1,100,,1129248,7,,,1,22,,1129244,7,,,1,15,,1129236,7,,,1,55,,1129252,7,,,1,15,,1129255,7,,,1,13,,1129223,7,,,1,67,,1129222,7,,,1,30,,1129224,7,,,1,70,,1129246,7,0,137 26,1,30,,1129253,7,0,137 26,1,70,,1129232,7,0,137 26,1,30,,1129239,7,0,137 26,1,70,,1129233,7,0,137 26,1,30,,1129229,7,0,137 26,1,70,,1129240,7,0,137 26,1,30,,1129234,7,0,137 26,1,70,,1129231,7,0,137 26,1,30,,1129228,7,0,137 26,1,75,,1129242,7,0,137 26,1,30,,1129250,7,0,137 26,1,70,,1129245,7,,,1,30,,1129249,7,,,1,70,,1129243,7,,,1,30,,1129254,7,,,1,70,,1129226,7,,,1,30,,1129235,7,,,1,70,,1129247,7,,,1,30,,1129238,7,,,1,70,,1129251,7,,,1,30,,1129230,7,,,1,70,,1129227,7,,,1,30,,1129257,7,,,1,70,,1129241,7,,,1,100,,1129225,7,,,1,110,,1129221,7,,,1
3300,'16',515,,1129271,7,,,1,100,,1129267,7,,,1,22,,1013891,7,,,1,15,,1129268,7,,,1,55,,1129283,7,,,1,15,,1129265,7,,,1,13,,1129278,7,,,1,67,,1129261,7,,,1,30,,1129274,7,,,1,70,,1129289,7,0,137 26,1,30,,1129272,7,0,137 26,1,70,,1010664,7,0,137 26,1,30,,1129285,7,0,137 26,1,70,,1015476,7,0,137 26,1,30,,1129277,7,0,137 26,1,70,,1065166,7,0,137 26,1,30,,1129258,7,0,137 26,1,70,,1129269,7,0,137 26,1,30,,1129284,7,0,137 26,1,75,,1129282,7,0,137 26,1,30,,1129287,7,0,137 26,1,70,,1129276,7,,,1,30,,1129264,7,,,1,70,,1129263,7,,,1,30,,1129262,7,,,1,70,,1129281,7,,,1,30,,1129270,7,,,1,70,,1129288,7,,,1,30,,1049488,7,,,1,70,,1129266,7,,,1,30,,1129275,7,,,1,70,,1129286,7,,,1,30,,1129273,7,,,1,70,,1129260,7,,,1,100,,1129279,7,,,1,110,,1129280,7,,,1
3300,'17',737,,1129308,7,0,137 26,1,100,,1129302,7,0,137 26,1,100,,1129296,7,0,137 26,1,70,,1129298,7,0,137 26,1,30,,1129313,7,0,137 26,1,70,,1129305,7,0,137 26,1,30,,1129291,7,0,137 26,1,71,,1129301,7,0,137 26,1,30,,1129299,7,0,137 26,1,70,,1129309,7,0,137 26,1,30,,1129304,7,0,137 26,1,70,,1129307,7,0,137 26,1,30,,1129292,7,0,137 26,1,70,,1129312,7,0,137 26,1,30,,1129311,7,0,137 26,1,70,,1129300,7,0,137 26,1,30,,1129290,7,0,137 26,1,70,,1129306,7,0,137 26,1,30,,1129293,7,0,137 26,1,69,,1129310,7,0,137 26,1,100,,1129297,7,0,137 26,1,100,,1129295,7,0,137 26,1,100,,1129303,7,0,137 26,1,100,,1129294,7,0,137 26,1
3300,'2',702,,1129338,7,0,137 26,1,100,,1075261,7,0,137 26,1,30,,1129335,7,0,137 26,1,70,,1129321,7,0,137 26,1,30,,1082544,7,0,137 26,1,70,,1129326,7,0,137 26,1,30,,1129324,7,0,137 26,1,70,,1129339,7,0,137 26,1,30,,1129315,7,0,137 26,1,71,,1129322,7,0,137 26,1,30,,1129329,7,0,137 26,1,70,,1129336,7,0,137 26,1,30,,1129341,7,0,137 26,1,70,,1129327,7,0,137 26,1,30,,1129325,7,0,137 26,1,70,,1129328,7,0,137 26,1,30,,1129319,7,0,137 26,1,70,,1129317,7,0,137 26,1,30,,1129316,7,0,137 26,1,70,,1129331,7,0,137 26,1,30,,1129340,7,0,137 26,1,69,,1129342,7,0,137 26,1,30,,1129318,7,0,137 26,1,70,,1129337,7,0,137 26,1,30,,1129333,7,0,137 26,1,70,,1129332,7,0,137 26,1,30,,1129334,7,0,137 26,1,70,,1129330,7,0,137 26,1,30,,1129320,7,0,137 26,1,100,,1129323,7,0,137 26,1,100,,1129314,7,0,137 26,1
3300,'3',737,,1129361,7,0,137 26,1,100,,1129355,7,0,137 26,1,100,,1129349,7,0,137 26,1,70,,1129351,7,0,137 26,1,30,,1129366,7,0,137 26,1,70,,1129358,7,0,137 26,1,30,,1129344,7,0,137 26,1,71,,1129354,7,0,137 26,1,30,,1129352,7,0,137 26,1,70,,1129362,7,0,137 26,1,30,,1129357,7,0,137 26,1,70,,1129360,7,0,137 26,1,30,,1129345,7,0,137 26,1,70,,1129365,7,0,137 26,1,30,,1129364,7,0,137 26,1,70,,1129353,7,0,137 26,1,30,,1129343,7,0,137 26,1,70,,1129359,7,0,137 26,1,30,,1129346,7,0,137 26,1,69,,1129363,7,0,137 26,1,100,,1129350,7,0,137 26,1,100,,1129348,7,0,137 26,1,100,,1129356,7,0,137 26,1,100,,1129347,7,0,137 26,1
3300,'4',737,,1129383,7,0,137 26,1,100,,1129378,7,0,137 26,1,100,,1082400,7,0,137 26,1,70,,1129370,7,0,137 26,1,30,,1129373,7,0,137 26,1,70,,1129382,7,0,137 26,1,30,,1129377,7,0,137 26,1,71,,1129385,7,0,137 26,1,30,,1129369,7,0,137 26,1,70,,1129388,7,0,137 26,1,30,,1129372,7,0,137 26,1,70,,1129389,7,0,137 26,1,30,,1129367,7,0,137 26,1,70,,1129379,7,0,137 26,1,30,,1129386,7,0,137 26,1,70,,1129381,7,0,137 26,1,30,,1129376,7,0,137 26,1,70,,1129368,7,0,137 26,1,30,,1129387,7,0,137 26,1,69,,1129371,7,0,137 26,1,100,,1129375,7,0,137 26,1,100,,1129384,7,0,137 26,1,100,,1129374,7,0,137 26,1,100,,1129380,7,0,137 26,1
3300,'5',515,,1129404,7,,,1,100,,1129399,7,,,1,22,,1129401,7,,,1,15,,1129417,7,,,1,55,,1071235,7,,,1,15,,1129410,7,,,1,13,,1129420,7,,,1,67,,1129407,7,,,1,30,,1129415,7,,,1,70,,1084421,7,0,137 26,1,30,,1040073,7,0,137 26,1,70,,1129393,7,0,137 26,1,30,,1129413,7,0,137 26,1,70,,1129408,7,0,137 26,1,30,,1129391,7,0,137 26,1,70,,1129396,7,0,137 26,1,30,,1129390,7,0,137 26,1,70,,1129419,7,0,137 26,1,30,,1129414,7,0,137 26,1,75,,1129405,7,0,137 26,1,30,,1129416,7,0,137 26,1,70,,982589,7,,,1,30,,1129403,7,,,1,70,,1129394,7,,,1,30,,1129402,7,,,1,70,,1070904,7,,,1,30,,1088744,7,,,1,70,,1129395,7,,,1,30,,1129392,7,,,1,70,,1129411,7,,,1,30,,1129406,7,,,1,70,,1129400,7,,,1,30,,1129418,7,,,1,70,,1129397,7,,,1,100,,1129398,7,,,1,110,,1129412,7,,,1
3300,'6',515,,1129436,7,,,1,100,,1129432,7,,,1,22,,1129421,7,,,1,15,,1129433,7,,,1,55,,1098774,7,,,1,15,,1129430,7,,,1,13,,1129443,7,,,1,67,,1129426,7,,,1,30,,1129439,7,,,1,70,,1061869,7,0,137 26,1,30,,1129437,7,0,137 26,1,70,,1129422,7,0,137 26,1,30,,1129449,7,0,137 26,1,70,,1129424,7,0,137 26,1,30,,1129442,7,0,137 26,1,70,,1129423,7,0,137 26,1,30,,945359,7,0,137 26,1,70,,1129434,7,0,137 26,1,30,,1129448,7,0,137 26,1,75,,1129447,7,0,137 26,1,30,,1129451,7,0,137 26,1,70,,1129441,7,,,1,30,,1129429,7,,,1,70,,1129428,7,,,1,30,,1129427,7,,,1,70,,1129446,7,,,1,30,,1129435,7,,,1,70,,1129452,7,,,1,30,,1129450,7,,,1,70,,1129431,7,,,1,30,,1129440,7,,,1,70,,1095755,7,,,1,30,,1129438,7,,,1,70,,1129425,7,,,1,100,,1129444,7,,,1,110,,1129445,7,,,1
3300,'7',702,,1129464,7,0,137 26,1,100,,1129481,7,0,137 26,1,30,,1129475,7,0,137 26,1,70,,1129457,7,0,137 26,1,30,,1129468,7,0,137 26,1,70,,1129462,7,0,137 26,1,30,,1129469,7,0,137 26,1,70,,1129482,7,0,137 26,1,30,,1129483,7,0,137 26,1,71,,1129458,7,0,137 26,1,30,,1129479,7,0,137 26,1,70,,1129480,7,0,137 26,1,30,,1129465,7,0,137 26,1,70,,1129476,7,0,137 26,1,30,,1129478,7,0,137 26,1,70,,1129454,7,0,137 26,1,30,,1129453,7,0,137 26,1,70,,1129463,7,0,137 26,1,30,,1129470,7,0,137 26,1,70,,1129459,7,0,137 26,1,30,,1129474,7,0,137 26,1,69,,1129471,7,0,137 26,1,30,,1129455,7,0,137 26,1,70,,1129477,7,0,137 26,1,30,,1129456,7,0,137 26,1,70,,1129472,7,0,137 26,1,30,,1129473,7,0,137 26,1,70,,1129461,7,0,137 26,1,30,,1129460,7,0,137 26,1,100,,1129466,7,0,137 26,1,100,,1129467,7,0,137 26,1
3300,'8',515,,1129501,7,,,1,100,,1129497,7,,,1,22,,1129484,7,,,1,15,,1129498,7,,,1,55,,1129513,7,,,1,15,,1129495,7,,,1,13,,1129508,7,,,1,67,,1129491,7,,,1,30,,1129504,7,,,1,70,,1129520,7,0,137 26,1,30,,1129502,7,0,137 26,1,70,,1129487,7,0,137 26,1,30,,1129515,7,0,137 26,1,70,,1129489,7,0,137 26,1,30,,1129507,7,0,137 26,1,70,,1129488,7,0,137 26,1,30,,1129485,7,0,137 26,1,70,,1129499,7,0,137 26,1,30,,1129514,7,0,137 26,1,75,,1129512,7,0,137 26,1,30,,1129518,7,0,137 26,1,70,,1129506,7,,,1,30,,1129494,7,,,1,70,,1129493,7,,,1,30,,1129492,7,,,1,70,,1129511,7,,,1,30,,1129500,7,,,1,70,,1129519,7,,,1,30,,1129517,7,,,1,70,,1129496,7,,,1,30,,1129505,7,,,1,70,,1129516,7,,,1,30,,1129503,7,,,1,70,,1129490,7,,,1,100,,1129509,7,,,1,110,,1129510,7,,,1
3300,'9',515,,1129535,7,,,1,100,,1129530,7,,,1,22,,1129532,7,,,1,15,,1129548,7,,,1,55,,1071134,7,,,1,15,,1129541,7,,,1,13,,1129551,7,,,1,67,,1129538,7,,,1,30,,1129546,7,,,1,70,,1084331,7,0,137 26,1,30,,1040411,7,0,137 26,1,70,,1129524,7,0,137 26,1,30,,1129544,7,0,137 26,1,70,,1129539,7,0,137 26,1,30,,1129522,7,0,137 26,1,70,,1129527,7,0,137 26,1,30,,1129521,7,0,137 26,1,70,,1129550,7,0,137 26,1,30,,1129545,7,0,137 26,1,75,,1129536,7,0,137 26,1,30,,1129547,7,0,137 26,1,70,,982558,7,,,1,30,,1129534,7,,,1,70,,1129525,7,,,1,30,,1129533,7,,,1,70,,1070796,7,,,1,30,,1088529,7,,,1,70,,1129526,7,,,1,30,,1129523,7,,,1,70,,1129542,7,,,1,30,,1129537,7,,,1,70,,1129531,7,,,1,30,,1129549,7,,,1,70,,1129528,7,,,1,100,,1129529,7,,,1,110,,1129543,7,,,1
