4201,'1',554,,1140212,16,,,1,96,,1066147,16,,,1,71,,1140203,16,,,1,28,,1140200,16,,,1,72,,1140205,16,,,1,15,,1140189,16,,,1,15,,1140201,16,,,1,72,,1064429,16,,,1,30,,1140197,16,,,1,70,,1140198,16,,,1,30,,998745,16,,,1,70,,1140196,16,,,1,30,,1140209,16,,,1,71,,1140207,16,,,1,30,,1140202,16,,,1,70,,1140191,16,,,1,30,,1140199,16,,,1,70,,1140211,16,,,1,30,,1084746,16,,,1,70,,1072633,16,,,1,32,,1002721,16,,,1,73,,1140194,16,,,1,72,,1140193,16,,,1,30,,1140208,16,,,1,26,,1140195,16,,,1,65,,1140206,16,,,1,27,,1140213,16,,,1,70,,1091285,16,,,1,30,,1140210,16,,,1,70,,1140190,16,,,1,29,,1140192,16,,,1,72,,1140204,16,,,1,30,,1140214,16,,,1
4201,'10',554,,1140238,16,,,1,96,,1065925,16,,,1,71,,1140229,16,,,1,28,,1140226,16,,,1,72,,1140231,16,,,1,15,,1140215,16,,,1,15,,1140227,16,,,1,72,,1064268,16,,,1,30,,1140223,16,,,1,70,,1140224,16,,,1,30,,998824,16,,,1,70,,1140222,16,,,1,30,,1140235,16,,,1,71,,1140233,16,,,1,30,,1140228,16,,,1,70,,1140217,16,,,1,30,,1140225,16,,,1,70,,1140237,16,,,1,30,,1084575,16,,,1,70,,1072486,16,,,1,32,,1002891,16,,,1,73,,1140220,16,,,1,72,,1140219,16,,,1,30,,1140234,16,,,1,26,,1140221,16,,,1,65,,1140232,16,,,1,27,,1140239,16,,,1,70,,1091008,16,,,1,30,,1140236,16,,,1,70,,1140216,16,,,1,29,,1140218,16,,,1,72,,1140230,16,,,1,30,,1140240,16,,,1
4201,'11',554,,1140264,16,,,1,96,,1066218,16,,,1,71,,1140255,16,,,1,28,,1140252,16,,,1,72,,1140257,16,,,1,15,,1140241,16,,,1,15,,1140253,16,,,1,72,,1064481,16,,,1,30,,1140249,16,,,1,70,,1140250,16,,,1,30,,998723,16,,,1,70,,1140248,16,,,1,30,,1140261,16,,,1,71,,1140259,16,,,1,30,,1140254,16,,,1,70,,1140243,16,,,1,30,,1140251,16,,,1,70,,1140263,16,,,1,30,,1084799,16,,,1,70,,1072674,16,,,1,32,,1002674,16,,,1,73,,1140246,16,,,1,72,,1140245,16,,,1,30,,1140260,16,,,1,26,,1140247,16,,,1,65,,1140258,16,,,1,27,,1140265,16,,,1,70,,1091359,16,,,1,30,,1140262,16,,,1,70,,1140242,16,,,1,29,,1140244,16,,,1,72,,1140256,16,,,1,30,,1140266,16,,,1
4201,'12',554,,1140293,16,,,1,96,,1022643,16,,,1,71,,1140276,16,,,1,28,,1140282,16,,,1,72,,1066886,16,,,1,15,,1140289,16,,,1,15,,1140268,16,,,1,72,,1140287,16,,,1,30,,1140286,16,,,1,70,,1089141,16,,,1,30,,1140283,16,,,1,70,,1030000,16,,,1,30,,1140269,16,,,1,71,,1140270,16,,,1,30,,1140272,16,,,1,70,,1140288,16,,,1,30,,1140280,16,,,1,70,,1140274,16,,,1,30,,1140273,16,,,1,70,,1140275,16,,,1,32,,1140271,16,,,1,73,,1140284,16,,,1,72,,1092772,16,,,1,30,,1140279,16,,,1,26,,1140292,16,,,1,65,,1140278,16,,,1,27,,1140285,16,,,1,70,,1140281,16,,,1,30,,1140267,16,,,1,70,,1140277,16,,,1,29,,1140294,16,,,1,72,,1140290,16,,,1,30,,1140291,16,,,1
4201,'13',740,,1140296,16,,,1,100,,1140306,16,,,1,100,,1140297,16,,,1,70,,1140303,16,,,1,30,,1140307,16,,,1,70,,1140299,16,,,1,30,,1140311,16,,,1,70,,1140305,16,,,1,30,,1140295,16,,,1,70,,1140310,16,,,1,30,,1140300,16,,,1,70,,1140309,16,,,1,30,,1140313,16,,,1,70,,1140301,16,,,1,30,,1140304,16,,,1,70,,1140312,16,,,1,30,,1140298,16,,,1,70,,1140314,16,,,1,30,,1140308,16,,,1,70,,1140302,16,,,1
4201,'14',554,,1140344,16,,,1,96,,1140323,16,,,1,71,,1140335,16,,,1,28,,1140332,16,,,1,72,,1140337,16,,,1,15,,1140315,16,,,1,15,,1140333,16,,,1,72,,1140316,16,,,1,30,,1140328,16,,,1,70,,1140329,16,,,1,30,,1140318,16,,,1,70,,1140327,16,,,1,30,,1140341,16,,,1,71,,1140339,16,,,1,30,,1140334,16,,,1,70,,1140320,16,,,1,30,,1140330,16,,,1,70,,1140343,16,,,1,30,,1140326,16,,,1,70,,1140347,16,,,1,32,,1140331,16,,,1,73,,1140324,16,,,1,72,,1140322,16,,,1,30,,1140340,16,,,1,26,,1140325,16,,,1,65,,1140338,16,,,1,27,,1140345,16,,,1,70,,1140319,16,,,1,30,,1140342,16,,,1,70,,1140317,16,,,1,29,,1140321,16,,,1,72,,1140336,16,,,1,30,,1140346,16,,,1
4201,'15',554,,1140377,16,,,1,96,,1140353,16,,,1,71,,1140380,16,,,1,28,,1140348,16,,,1,72,,1140372,16,,,1,15,,1140350,16,,,1,15,,1140357,16,,,1,72,,1140370,16,,,1,30,,1140364,16,,,1,70,,1140355,16,,,1,30,,1140367,16,,,1,70,,1140359,16,,,1,30,,1140373,16,,,1,71,,1140376,16,,,1,30,,1140374,16,,,1,70,,1140362,16,,,1,30,,1140354,16,,,1,70,,1140358,16,,,1,30,,1140349,16,,,1,70,,1140351,16,,,1,32,,1140356,16,,,1,73,,1140352,16,,,1,72,,1140375,16,,,1,30,,1140365,16,,,1,26,,1140368,16,,,1,65,,1140369,16,,,1,27,,1140371,16,,,1,70,,1140378,16,,,1,30,,1140379,16,,,1,70,,1140360,16,,,1,29,,1140361,16,,,1,72,,1140363,16,,,1,30,,1140366,16,,,1
4201,'16',554,,1073055,16,,,1,96,,1140382,16,,,1,71,,1038472,16,,,1,28,,1140398,16,,,1,72,,1140390,16,,,1,15,,1140405,16,,,1,15,,1083233,16,,,1,72,,1140403,16,,,1,30,,1140402,16,,,1,70,,1140394,16,,,1,30,,1140399,16,,,1,70,,1140386,16,,,1,30,,1140384,16,,,1,71,,1140385,16,,,1,30,,1090028,16,,,1,70,,1140404,16,,,1,30,,1140396,16,,,1,70,,1140389,16,,,1,30,,1140388,16,,,1,70,,1140391,16,,,1,32,,1140387,16,,,1,73,,1140400,16,,,1,72,,1140383,16,,,1,30,,1140395,16,,,1,26,,1140407,16,,,1,65,,1140393,16,,,1,27,,1140401,16,,,1,70,,1140397,16,,,1,30,,1140381,16,,,1,70,,1140392,16,,,1,29,,1140408,16,,,1,72,,1140406,16,,,1,30,,1099847,16,,,1
4201,'17',740,,1140410,16,,,1,100,,1140420,16,,,1,100,,1140411,16,,,1,70,,1140417,16,,,1,30,,1140421,16,,,1,70,,1140413,16,,,1,30,,1140425,16,,,1,70,,1140419,16,,,1,30,,1140409,16,,,1,70,,1140424,16,,,1,30,,1140414,16,,,1,70,,1140423,16,,,1,30,,1140427,16,,,1,70,,1140415,16,,,1,30,,1140418,16,,,1,70,,1140426,16,,,1,30,,1140412,16,,,1,70,,1140428,16,,,1,30,,1140422,16,,,1,70,,1140416,16,,,1
4201,'2',616,,1140433,16,,,1,100,,1140439,16,,,1,100,,1140444,16,,,1,30,,1140431,16,,,1,70,,1140438,16,,,1,30,,1140437,16,,,1,70,,1140450,16,,,1,30,,1140429,16,,,1,70,,1140440,16,,,1,30,,1140449,16,,,1,70,,1140435,16,,,1,30,,1140448,16,,,1,70,,1140442,16,,,1,32,,1077179,16,,,1,68,,1140451,16,,,1,30,,1140447,16,,,1,70,,1140443,16,,,1,30,,1071805,16,,,1,70,,1140430,16,,,1,30,,1140432,16,,,1,70,,1140445,16,,,1,30,,1140441,16,,,1,72,,1140436,16,,,1,28,,1140446,16,,,1,70,,1140434,16,,,1
4201,'3',740,,1140453,16,,,1,100,,1140463,16,,,1,100,,1140454,16,,,1,70,,1140460,16,,,1,30,,1140464,16,,,1,70,,1140456,16,,,1,30,,1140468,16,,,1,70,,1140462,16,,,1,30,,1140452,16,,,1,70,,1140467,16,,,1,30,,1140457,16,,,1,70,,1140466,16,,,1,30,,1140470,16,,,1,70,,1140458,16,,,1,30,,1140461,16,,,1,70,,1140469,16,,,1,30,,1140455,16,,,1,70,,1140471,16,,,1,30,,1140465,16,,,1,70,,1140459,16,,,1
4201,'4',740,,1140473,16,,,1,100,,1140478,16,,,1,100,,1140477,16,,,1,70,,1140474,16,,,1,30,,1014931,16,,,1,70,,1140481,16,,,1,30,,1140483,16,,,1,70,,1140475,16,,,1,30,,1140489,16,,,1,70,,1140479,16,,,1,30,,1140480,16,,,1,70,,1140484,16,,,1,30,,1140490,16,,,1,70,,1140487,16,,,1,30,,1140485,16,,,1,70,,1140472,16,,,1,30,,1140488,16,,,1,70,,1140482,16,,,1,30,,1140476,16,,,1,70,,1140486,16,,,1
4201,'5',554,,1140514,16,,,1,96,,1066106,16,,,1,71,,1140505,16,,,1,28,,1140502,16,,,1,72,,1140507,16,,,1,15,,1140491,16,,,1,15,,1140503,16,,,1,72,,1064404,16,,,1,30,,1140499,16,,,1,70,,1140500,16,,,1,30,,998591,16,,,1,70,,1140498,16,,,1,30,,1140511,16,,,1,71,,1140509,16,,,1,30,,1140504,16,,,1,70,,1140493,16,,,1,30,,1140501,16,,,1,70,,1140513,16,,,1,30,,1084717,16,,,1,70,,1072611,16,,,1,32,,1002402,16,,,1,73,,1140496,16,,,1,72,,1140495,16,,,1,30,,1140510,16,,,1,26,,1140497,16,,,1,65,,1140508,16,,,1,27,,1140515,16,,,1,70,,1091242,16,,,1,30,,1140512,16,,,1,70,,1140492,16,,,1,29,,1140494,16,,,1,72,,1140506,16,,,1,30,,1140516,16,,,1
4201,'6',554,,1140542,16,,,1,96,,1140518,16,,,1,71,,1140526,16,,,1,28,,1140533,16,,,1,72,,1140524,16,,,1,15,,1140540,16,,,1,15,,1140517,16,,,1,72,,1140538,16,,,1,30,,1140537,16,,,1,70,,1140529,16,,,1,30,,1140534,16,,,1,70,,1140520,16,,,1,30,,1082944,16,,,1,71,,1065550,16,,,1,30,,1140521,16,,,1,70,,1140539,16,,,1,30,,1140531,16,,,1,70,,1140523,16,,,1,30,,1140522,16,,,1,70,,1140525,16,,,1,32,,1085288,16,,,1,73,,1140535,16,,,1,72,,1140519,16,,,1,30,,1140530,16,,,1,26,,998249,16,,,1,65,,1140528,16,,,1,27,,1140536,16,,,1,70,,1140532,16,,,1,30,,1073079,16,,,1,70,,1140527,16,,,1,29,,1093057,16,,,1,72,,1019112,16,,,1,30,,1140541,16,,,1
4201,'7',616,,1140564,16,,,1,100,,1140547,16,,,1,100,,1140562,16,,,1,30,,1140565,16,,,1,70,,1140558,16,,,1,30,,1140549,16,,,1,70,,1140543,16,,,1,30,,1140561,16,,,1,70,,1140554,16,,,1,30,,1140546,16,,,1,70,,1140548,16,,,1,30,,1140560,16,,,1,70,,1140559,16,,,1,32,,1140566,16,,,1,68,,1140551,16,,,1,30,,1140544,16,,,1,70,,1140563,16,,,1,30,,1140556,16,,,1,70,,1140545,16,,,1,30,,1140552,16,,,1,70,,1140553,16,,,1,30,,1140550,16,,,1,72,,1140567,16,,,1,28,,1140557,16,,,1,70,,1140555,16,,,1
4201,'8',554,,1140599,16,,,1,96,,1140570,16,,,1,71,,1140581,16,,,1,28,,1140588,16,,,1,72,,1140579,16,,,1,15,,1140595,16,,,1,15,,1140569,16,,,1,72,,1140593,16,,,1,30,,1140592,16,,,1,70,,1140584,16,,,1,30,,1140589,16,,,1,70,,1140574,16,,,1,30,,1140572,16,,,1,71,,1140573,16,,,1,30,,1140576,16,,,1,70,,1140594,16,,,1,30,,1140586,16,,,1,70,,1140578,16,,,1,30,,1140577,16,,,1,70,,1140580,16,,,1,32,,1140575,16,,,1,73,,1140590,16,,,1,72,,1140571,16,,,1,30,,1140585,16,,,1,26,,1140598,16,,,1,65,,1140583,16,,,1,27,,1140591,16,,,1,70,,1140587,16,,,1,30,,1140568,16,,,1,70,,1140582,16,,,1,29,,1140600,16,,,1,72,,1140596,16,,,1,30,,1140597,16,,,1
4201,'9',554,,1140624,16,,,1,96,,1065997,16,,,1,71,,1140615,16,,,1,28,,1140612,16,,,1,72,,1140617,16,,,1,15,,1140601,16,,,1,15,,1140613,16,,,1,72,,1064315,16,,,1,30,,1140609,16,,,1,70,,1140610,16,,,1,30,,998767,16,,,1,70,,1140608,16,,,1,30,,1140621,16,,,1,71,,1140619,16,,,1,30,,1140614,16,,,1,70,,1140603,16,,,1,30,,1140611,16,,,1,70,,1140623,16,,,1,30,,1084629,16,,,1,70,,1072534,16,,,1,32,,1002768,16,,,1,73,,1140606,16,,,1,72,,1140605,16,,,1,30,,1140620,16,,,1,26,,1140607,16,,,1,65,,1140618,16,,,1,27,,1140625,16,,,1,70,,1091092,16,,,1,30,,1140622,16,,,1,70,,1140602,16,,,1,29,,1140604,16,,,1,72,,1140616,16,,,1,30,,1140626,16,,,1
