8700,'1',749,,1173569,9,,,1,70,,1173582,9,,,1,18,,1173593,9,,,1,16,,1173558,9,,,1,55,,1173591,9,,,1,14,,1173571,9,,,1,15,,1173556,9,,,1,15,,1173585,9,,,1,55,,1173561,9,,,1,15,,1085578,9,,,1,15,,1173576,9,,,1,15,,1173580,9,,,1,55,,1034751,9,,,1,15,,1173559,9,,,1,15,,1173577,9,,,1,15,,1173567,9,,,1,55,,1173565,9,,,1,15,,1173586,9,,,1,15,,1173564,9,,,1,15,,1009386,9,,,1,55,,1173587,9,,,1,15,,1173554,9,,,1,15,,1173590,9,,,1,15,,1173592,9,,,1,55,,1173596,9,,,1,15,,1103228,9,,,1,15,,1173579,9,,,1,15,,1173568,9,,,1,55,,1173551,9,,,1,17,,1013392,9,,,1,15,,1173570,9,,,1,16,,1173581,9,,,1,55,,1173589,9,,,1,15,,1173560,9,,,1,15,,1173578,9,,,1,16,,1173574,9,,,1,69,,1173594,9,,,1,30,,1173583,9,,,1,68,,1173566,9,,,1,30,,1173588,9,,,1,69,,1173562,9,,,1,28,,1173575,9,,,1,73,,1173563,9,,,1,29,,1173552,9,,,1,70,,1173595,9,,,1,31,,1173573,9,,,1
8700,'10',749,,1173616,9,,,1,70,,1173629,9,,,1,18,,1173640,9,,,1,16,,1173605,9,,,1,55,,1173638,9,,,1,14,,1173618,9,,,1,15,,1173603,9,,,1,15,,1173632,9,,,1,55,,1173608,9,,,1,15,,1085321,9,,,1,15,,1173623,9,,,1,15,,1173627,9,,,1,55,,1034886,9,,,1,15,,1173606,9,,,1,15,,1173624,9,,,1,15,,1173614,9,,,1,55,,1173612,9,,,1,15,,1173633,9,,,1,15,,1173611,9,,,1,15,,1009433,9,,,1,55,,1173634,9,,,1,15,,1173601,9,,,1,15,,1173637,9,,,1,15,,1173639,9,,,1,55,,1173643,9,,,1,15,,1103222,9,,,1,15,,1173626,9,,,1,15,,1173615,9,,,1,55,,1173598,9,,,1,17,,1013475,9,,,1,15,,1173617,9,,,1,16,,1173628,9,,,1,55,,1173636,9,,,1,15,,1173607,9,,,1,15,,1173625,9,,,1,16,,1173621,9,,,1,69,,1173641,9,,,1,30,,1173630,9,,,1,68,,1173613,9,,,1,30,,1173635,9,,,1,69,,1173609,9,,,1,28,,1173622,9,,,1,73,,1173610,9,,,1,29,,1173599,9,,,1,70,,1173642,9,,,1,31,,1173620,9,,,1
8700,'11',749,,1173663,9,,,1,70,,1173676,9,,,1,18,,1173687,9,,,1,16,,1173652,9,,,1,55,,1173685,9,,,1,14,,1173665,9,,,1,15,,1173650,9,,,1,15,,1173679,9,,,1,55,,1173655,9,,,1,15,,1085658,9,,,1,15,,1173670,9,,,1,15,,1173674,9,,,1,55,,1034713,9,,,1,15,,1173653,9,,,1,15,,1173671,9,,,1,15,,1173661,9,,,1,55,,1173659,9,,,1,15,,1173680,9,,,1,15,,1173658,9,,,1,15,,1009372,9,,,1,55,,1173681,9,,,1,15,,1173648,9,,,1,15,,1173684,9,,,1,15,,1173686,9,,,1,55,,1173690,9,,,1,15,,1103230,9,,,1,15,,1173673,9,,,1,15,,1173662,9,,,1,55,,1173645,9,,,1,17,,1013368,9,,,1,15,,1173664,9,,,1,16,,1173675,9,,,1,55,,1173683,9,,,1,15,,1173654,9,,,1,15,,1173672,9,,,1,16,,1173668,9,,,1,69,,1173688,9,,,1,30,,1173677,9,,,1,68,,1173660,9,,,1,30,,1173682,9,,,1,69,,1173656,9,,,1,28,,1173669,9,,,1,73,,1173657,9,,,1,29,,1173646,9,,,1,70,,1173689,9,,,1,31,,1173667,9,,,1
8700,'12',749,,1173704,9,,,1,70,,1173721,9,,,1,18,,1173727,9,,,1,16,,1173738,9,,,1,55,,1173720,9,,,1,14,,1173701,9,,,1,15,,1173709,9,,,1,15,,1173733,9,,,1,55,,1173698,9,,,1,15,,1173716,9,,,1,15,,1173737,9,,,1,15,,1173723,9,,,1,55,,1173734,9,,,1,15,,1173740,9,,,1,15,,1173703,9,,,1,15,,1173717,9,,,1,55,,1173739,9,,,1,15,,1173725,9,,,1,15,,1173705,9,,,1,15,,1173728,9,,,1,55,,1173708,9,,,1,15,,1173735,9,,,1,15,,1173719,9,,,1,15,,1173693,9,,,1,55,,1173713,9,,,1,15,,1173731,9,,,1,15,,1173718,9,,,1,15,,1064400,9,,,1,55,,1173699,9,,,1,17,,1173697,9,,,1,15,,1095135,9,,,1,16,,1173707,9,,,1,55,,1173702,9,,,1,15,,1173730,9,,,1,15,,1173729,9,,,1,16,,1173700,9,,,1,69,,1173695,9,,,1,30,,1173736,9,,,1,68,,1173712,9,,,1,30,,1173726,9,,,1,69,,1173706,9,,,1,28,,1173694,9,,,1,73,,1173692,9,,,1,29,,1173722,9,,,1,70,,1173710,9,,,1,31,,1173714,9,,,1
8700,'13',1040,,1173742,9,,,1,70,,1173748,9,,,1,30,,1173745,9,,,1,70,,1173749,9,,,1,30,,1173751,9,,,1,70,,1087909,9,,,1,30,,1074004,9,,,1,70,,1173741,9,,,1,30,,1087459,9,,,1,70,,1173743,9,,,1,30,,1173754,9,,,1,70,,1173753,9,,,1,30,,1173750,9,,,1,69,,1173747,9,,,1,30,,1173746,9,,,1,70,,1173744,9,,,1,30,,1173752,9,,,1
8700,'14',749,,1173777,9,,,1,70,,1173790,9,,,1,18,,1173801,9,,,1,16,,1173763,9,,,1,55,,1173799,9,,,1,14,,1173779,9,,,1,15,,1173761,9,,,1,15,,1173793,9,,,1,55,,1173768,9,,,1,15,,1173759,9,,,1,15,,1173784,9,,,1,15,,1173788,9,,,1,55,,1173767,9,,,1,15,,1173764,9,,,1,15,,1173785,9,,,1,15,,1173775,9,,,1,55,,1173773,9,,,1,15,,1173794,9,,,1,15,,1173772,9,,,1,15,,1173769,9,,,1,55,,1173795,9,,,1,15,,1173758,9,,,1,15,,1173798,9,,,1,15,,1173800,9,,,1,55,,1173806,9,,,1,15,,1173804,9,,,1,15,,1173787,9,,,1,15,,1173776,9,,,1,55,,1173755,9,,,1,17,,1173765,9,,,1,15,,1173778,9,,,1,16,,1173789,9,,,1,55,,1173797,9,,,1,15,,1173766,9,,,1,15,,1173786,9,,,1,16,,1173782,9,,,1,69,,1173802,9,,,1,30,,1173791,9,,,1,68,,1173774,9,,,1,30,,1173796,9,,,1,69,,1173770,9,,,1,28,,1173783,9,,,1,73,,1173771,9,,,1,29,,1173756,9,,,1,70,,1173805,9,,,1,31,,1173781,9,,,1
8700,'15',749,,1173850,9,,,1,70,,1173830,9,,,1,18,,1173824,9,,,1,16,,1173816,9,,,1,55,,1173857,9,,,1,14,,1173811,9,,,1,15,,1173834,9,,,1,15,,1173855,9,,,1,55,,1173813,9,,,1,15,,1173856,9,,,1,15,,1173818,9,,,1,15,,1173814,9,,,1,55,,1173848,9,,,1,15,,1173828,9,,,1,15,,1173852,9,,,1,15,,1173821,9,,,1,55,,1173846,9,,,1,15,,1173810,9,,,1,15,,1173854,9,,,1,15,,1173832,9,,,1,55,,1173843,9,,,1,15,,1173860,9,,,1,15,,1173820,9,,,1,15,,1173836,9,,,1,55,,1173831,9,,,1,15,,1173844,9,,,1,15,,1173858,9,,,1,15,,1173837,9,,,1,55,,1173842,9,,,1,17,,1173826,9,,,1,15,,1173845,9,,,1,16,,1173812,9,,,1,55,,1173823,9,,,1,15,,1173849,9,,,1,15,,1173822,9,,,1,16,,1173817,9,,,1,69,,1173838,9,,,1,30,,1173825,9,,,1,68,,1173819,9,,,1,30,,1173835,9,,,1,69,,1173853,9,,,1,28,,1173840,9,,,1,73,,1173847,9,,,1,29,,1173829,9,,,1,70,,1173827,9,,,1,31,,1173815,9,,,1
8700,'16',749,,1173870,9,,,1,70,,1173888,9,,,1,18,,1173894,9,,,1,16,,1173903,9,,,1,55,,1173887,9,,,1,14,,1173867,9,,,1,15,,1173876,9,,,1,15,,1173900,9,,,1,55,,1173864,9,,,1,15,,1173883,9,,,1,15,,960090,9,,,1,15,,1173890,9,,,1,55,,1173901,9,,,1,15,,1095935,9,,,1,15,,1173869,9,,,1,15,,1173884,9,,,1,55,,1173904,9,,,1,15,,1173892,9,,,1,15,,1173871,9,,,1,15,,1173895,9,,,1,55,,1173875,9,,,1,15,,1012145,9,,,1,15,,1173886,9,,,1,15,,1173862,9,,,1,55,,1173880,9,,,1,15,,1173898,9,,,1,15,,1173885,9,,,1,15,,1173906,9,,,1,55,,1098702,9,,,1,17,,1099036,9,,,1,15,,1173905,9,,,1,16,,1173873,9,,,1,55,,1173868,9,,,1,15,,1173897,9,,,1,15,,1173896,9,,,1,16,,1173865,9,,,1,69,,1075968,9,,,1,30,,1173902,9,,,1,68,,1173879,9,,,1,30,,1173893,9,,,1,69,,1173872,9,,,1,28,,919114,9,,,1,73,,1173861,9,,,1,29,,1173889,9,,,1,70,,1173877,9,,,1,31,,1173881,9,,,1
8700,'17',1040,,1173909,9,,,1,70,,1173916,9,,,1,30,,1173913,9,,,1,70,,1173917,9,,,1,30,,1173919,9,,,1,70,,1173907,9,,,1,30,,1173923,9,,,1,70,,1173908,9,,,1,30,,1173912,9,,,1,70,,1173910,9,,,1,30,,1173922,9,,,1,70,,1173921,9,,,1,30,,1173918,9,,,1,69,,1173915,9,,,1,30,,1173914,9,,,1,70,,1173911,9,,,1,30,,1173920,9,,,1
8700,'2',817,,1173931,9,,,1,30,,1173930,9,,,1,70,,1173927,9,,,1,30,,1173935,9,,,1,70,,1061946,9,,,1,30,,1173932,9,,,1,70,,1173933,9,,,1,30,,1173925,9,,,1,70,,1087811,9,,,1,30,,1173929,9,,,1,70,,1173928,9,,,1,31,,1173939,9,,,1,70,,1173936,9,,,1,30,,1173924,9,,,1,70,,1074178,9,,,1,30,,1173940,9,,,1,70,,1173926,9,,,1,30,,1100826,9,,,1,69,,1075743,9,,,1,30,,1173937,9,,,1,70,,1173938,9,,,1,30,,1098248,9,,,1
8700,'3',1040,,1173943,9,,,1,70,,1173950,9,,,1,30,,1173947,9,,,1,70,,1173951,9,,,1,30,,1173953,9,,,1,70,,1173941,9,,,1,30,,1173957,9,,,1,70,,1173942,9,,,1,30,,1173946,9,,,1,70,,1173944,9,,,1,30,,1173956,9,,,1,70,,1173955,9,,,1,30,,1173952,9,,,1,69,,1173949,9,,,1,30,,1173948,9,,,1,70,,1173945,9,,,1,30,,1173954,9,,,1
8700,'4',1040,,1173965,9,,,1,70,,1173959,9,,,1,30,,1173960,9,,,1,70,,1173970,9,,,1,30,,1173958,9,,,1,70,,1173967,9,,,1,30,,1054534,9,,,1,70,,948600,9,,,1,30,,1173964,9,,,1,70,,1173962,9,,,1,30,,1173969,9,,,1,70,,1173971,9,,,1,30,,1173961,9,,,1,69,,1173972,9,,,1,30,,1173968,9,,,1,70,,1173963,9,,,1,30,,1173966,9,,,1
8700,'5',749,,1173991,9,,,1,70,,1174004,9,,,1,18,,1174015,9,,,1,16,,1173980,9,,,1,55,,1174013,9,,,1,14,,1173993,9,,,1,15,,1173978,9,,,1,15,,1174007,9,,,1,55,,1173983,9,,,1,15,,1085534,9,,,1,15,,1173998,9,,,1,15,,1174002,9,,,1,55,,1034531,9,,,1,15,,1173981,9,,,1,15,,1173999,9,,,1,15,,1173989,9,,,1,55,,1173987,9,,,1,15,,1174008,9,,,1,15,,1173986,9,,,1,15,,1009326,9,,,1,55,,1174009,9,,,1,15,,1173976,9,,,1,15,,1174012,9,,,1,15,,1174014,9,,,1,55,,1174018,9,,,1,15,,1103226,9,,,1,15,,1174001,9,,,1,15,,1173990,9,,,1,55,,1173973,9,,,1,17,,1013237,9,,,1,15,,1173992,9,,,1,16,,1174003,9,,,1,55,,1174011,9,,,1,15,,1173982,9,,,1,15,,1174000,9,,,1,16,,1173996,9,,,1,69,,1174016,9,,,1,30,,1174005,9,,,1,68,,1173988,9,,,1,30,,1174010,9,,,1,69,,1173984,9,,,1,28,,1173997,9,,,1,73,,1173985,9,,,1,29,,1173974,9,,,1,70,,1174017,9,,,1,31,,1173995,9,,,1
8700,'6',749,,1174029,9,,,1,70,,1174046,9,,,1,18,,1174051,9,,,1,16,,1174061,9,,,1,55,,949284,9,,,1,14,,1174026,9,,,1,15,,1174035,9,,,1,15,,1174057,9,,,1,55,,1075671,9,,,1,15,,1174042,9,,,1,15,,1174060,9,,,1,15,,1174047,9,,,1,55,,1174058,9,,,1,15,,1174063,9,,,1,15,,1174028,9,,,1,15,,1174043,9,,,1,55,,966794,9,,,1,15,,1174049,9,,,1,15,,1174030,9,,,1,15,,1174052,9,,,1,55,,1174034,9,,,1,15,,1174059,9,,,1,15,,1174045,9,,,1,15,,1093531,9,,,1,55,,1174039,9,,,1,15,,1174055,9,,,1,15,,1174044,9,,,1,15,,1174064,9,,,1,55,,1174024,9,,,1,17,,1174023,9,,,1,15,,1174062,9,,,1,16,,1174032,9,,,1,55,,1174027,9,,,1,15,,1174054,9,,,1,15,,1174053,9,,,1,16,,1100313,9,,,1,69,,1174021,9,,,1,30,,1064519,9,,,1,68,,1174038,9,,,1,30,,1174050,9,,,1,69,,1174031,9,,,1,28,,1174020,9,,,1,73,,1060370,9,,,1,29,,1031872,9,,,1,70,,1174036,9,,,1,31,,1174040,9,,,1
8700,'7',817,,1174076,9,,,1,30,,1174085,9,,,1,70,,1174087,9,,,1,30,,1174068,9,,,1,70,,1174086,9,,,1,30,,1174070,9,,,1,70,,1174071,9,,,1,30,,1174080,9,,,1,70,,1174077,9,,,1,30,,1174074,9,,,1,70,,1174069,9,,,1,31,,1174081,9,,,1,70,,1174075,9,,,1,30,,1174079,9,,,1,70,,1174067,9,,,1,30,,1174078,9,,,1,70,,1174084,9,,,1,30,,1174083,9,,,1,69,,1174065,9,,,1,30,,1174066,9,,,1,70,,1174082,9,,,1,30,,1174073,9,,,1
8700,'8',749,,1174101,9,,,1,70,,1174119,9,,,1,18,,1174125,9,,,1,16,,1174136,9,,,1,55,,1174118,9,,,1,14,,1174098,9,,,1,15,,1174107,9,,,1,15,,1174131,9,,,1,55,,1174094,9,,,1,15,,1174114,9,,,1,15,,1174135,9,,,1,15,,1174121,9,,,1,55,,1174132,9,,,1,15,,1174139,9,,,1,15,,1174100,9,,,1,15,,1174115,9,,,1,55,,1174137,9,,,1,15,,1174123,9,,,1,15,,1174102,9,,,1,15,,1174126,9,,,1,55,,1174106,9,,,1,15,,1174133,9,,,1,15,,1174117,9,,,1,15,,1174089,9,,,1,55,,1174111,9,,,1,15,,1174129,9,,,1,15,,1174116,9,,,1,15,,1174140,9,,,1,55,,1174095,9,,,1,17,,1174093,9,,,1,15,,1174138,9,,,1,16,,1174104,9,,,1,55,,1174099,9,,,1,15,,1174128,9,,,1,15,,1174127,9,,,1,16,,1174096,9,,,1,69,,1174091,9,,,1,30,,1174134,9,,,1,68,,1174110,9,,,1,30,,1174124,9,,,1,69,,1174103,9,,,1,28,,1174090,9,,,1,73,,1174088,9,,,1,29,,1174120,9,,,1,70,,1174108,9,,,1,31,,1174112,9,,,1
8700,'9',749,,1174159,9,,,1,70,,1174172,9,,,1,18,,1174183,9,,,1,16,,1174148,9,,,1,55,,1174181,9,,,1,14,,1174161,9,,,1,15,,1174146,9,,,1,15,,1174175,9,,,1,55,,1174151,9,,,1,15,,1085403,9,,,1,15,,1174166,9,,,1,15,,1174170,9,,,1,55,,1034789,9,,,1,15,,1174149,9,,,1,15,,1174167,9,,,1,15,,1174157,9,,,1,55,,1174155,9,,,1,15,,1174176,9,,,1,15,,1174154,9,,,1,15,,1009400,9,,,1,55,,1174177,9,,,1,15,,1174144,9,,,1,15,,1174180,9,,,1,15,,1174182,9,,,1,55,,1174186,9,,,1,15,,1103224,9,,,1,15,,1174169,9,,,1,15,,1174158,9,,,1,55,,1174141,9,,,1,17,,1013416,9,,,1,15,,1174160,9,,,1,16,,1174171,9,,,1,55,,1174179,9,,,1,15,,1174150,9,,,1,15,,1174168,9,,,1,16,,1174164,9,,,1,69,,1174184,9,,,1,30,,1174173,9,,,1,68,,1174156,9,,,1,30,,1174178,9,,,1,69,,1174152,9,,,1,28,,1174165,9,,,1,73,,1174153,9,,,1,29,,1174142,9,,,1,70,,1174185,9,,,1,31,,1174163,9,,,1
