18700,'1',649,,1093418,20,,,1,70,,1086035,20,,,1,28,,1194940,20,,,1,72,,1194939,20,,,1
18700,'10',649,,1093102,20,,,1,70,,1085751,20,,,1,28,,1194942,20,,,1,72,,1194941,20,,,1
18700,'11',649,,1093509,20,,,1,70,,1086117,20,,,1,28,,1194944,20,,,1,72,,1194943,20,,,1
18700,'12',649,,935767,20,,,1,70,,1194946,20,,,1,28,,1194947,20,,,1,72,,1194945,20,,,1
18700,'14',649,,1194951,20,,,1,70,,1194949,20,,,1,28,,1194950,20,,,1,72,,1194948,20,,,1
18700,'15',649,,1194953,20,,,1,70,,1194954,20,,,1,28,,1194952,20,,,1,72,,1194955,20,,,1
18700,'16',649,,1194957,20,,,1,70,,1194958,20,,,1,28,,1194959,20,,,1,72,,1194956,20,,,1
18700,'5',649,,1093363,20,,,1,70,,1085984,20,,,1,28,,1194961,20,,,1,72,,1194960,20,,,1
18700,'6',649,,1194962,20,,,1,70,,1194963,20,,,1,28,,1194964,20,,,1,72,,1055275,20,,,1
18700,'8',649,,1194966,20,,,1,70,,1194967,20,,,1,28,,1194968,20,,,1,72,,1194965,20,,,1
18700,'9',649,,1093207,20,,,1,70,,1085838,20,,,1,28,,1194970,20,,,1,72,,1194969,20,,,1
67000,'1',722,,1200062,17,,,1
67000,'10',722,,1200063,17,,,1
67000,'11',722,,1200064,17,,,1
67000,'12',722,,1200065,17,,,1
67000,'14',722,,1200066,17,,,1
67000,'15',722,,1200067,17,,,1
67000,'16',722,,1200068,17,,,1
67000,'5',722,,1200069,17,,,1
67000,'6',722,,1200070,17,,,1
67000,'8',722,,1200071,17,,,1
67000,'9',722,,1200072,17,,,1
67001,'1',1517,,950271,43,,,1
67001,'10',1517,,950105,43,,,1
67001,'11',1517,,950245,43,,,1
67001,'12',1517,,1200073,43,,,1
67001,'14',1517,,1200074,43,,,1
67001,'15',1517,,1200075,43,,,1
67001,'16',1517,,1063652,43,,,1
67001,'5',1517,,950355,43,,,1
67001,'6',1517,,1200076,43,,,1
67001,'8',1517,,1200077,43,,,1
67001,'9',1517,,950329,43,,,1
68700,'1',720,,1200532,17,,,1
68700,'10',720,,1200533,17,,,1
68700,'11',720,,1200534,17,,,1
68700,'12',720,,1200535,17,,,1
68700,'14',720,,1200536,17,,,1
68700,'15',720,,1200537,17,,,1
68700,'16',720,,1200538,17,,,1
68700,'5',720,,1200539,17,,,1
68700,'6',720,,1200540,17,,,1
68700,'8',720,,1200541,17,,,1
68700,'9',720,,1200542,17,,,1
68701,'1',1459,,1200543,41,,,1
68701,'10',1459,,1200544,41,,,1
68701,'11',1459,,1200545,41,,,1
68701,'12',1459,,1200546,41,,,1
68701,'14',1459,,1200547,41,,,1
68701,'15',1459,,1200548,41,,,1
68701,'16',1459,,1200549,41,,,1
68701,'5',1459,,1200550,41,,,1
68701,'6',1459,,1200551,41,,,1
68701,'8',1459,,1200552,41,,,1
68701,'9',1459,,1200553,41,,,1
