1101,'1',514,,1114478,43,0,56 57,1,29,,1114464,43,0,56 57,1,74,,1090499,43,0,56 57,1,31,,1114434,43,0,56 57,1,57,,1114458,43,0,56 57,1,19,,1037703,43,0,56 57,1,16,,1114444,43,0,56 57,1,19,,1114449,43,0,56 57,1,59,,1114433,43,,,1,21,,1074518,43,0,56 57,1,20,,1114439,43,,,1,56,,1114459,43,0,56 57,1,19,,1114448,43,,,1,13,,1114461,43,0,56 57,1,55,,1114475,43,,,1,12,,1114428,43,0,56 57,1,15,,1079127,43,,,1,8,,1114460,43,,,1,14,,1114432,43,0,56 57,1,54,,1102945,43,0,56 57,1,18,,1114469,43,,,1,14,,1114470,43,0,56 57,1,17,,1114465,43,,,1,55,,1114454,43,0,56 57,1,16,,1114447,43,,,1,18,,1114477,43,0,56 57,1,15,,1114430,43,,,1,59,,1114438,43,0,56 57,1,13,,1114435,43,,,1,14,,1114474,43,0,56 57,1,14,,1114441,43,,,1,53,,1095223,43,0,56 57,1,15,,1073857,43,,,1,17,,1114457,43,0,56 57,1,14,,1027522,43,,,1,57,,1114468,43,0,56 57,1,16,,1114453,43,,,1,19,,1114451,43,0,56 57,1,55,,1114429,43,,,1,17,,1114455,43,0,56 57,1,37,,1114437,43,0,56 57,1,50,,867169,43,,,1,18,,1114436,43,0,56 57,1,11,,1114471,43,,,1,13,,1079572,43,0,56 57,1,55,,1114452,43,,,1,10,,1114463,43,0,56 57,1,14,,1114466,43,,,1,12,,1114462,43,0,56 57,1,15,,1114456,43,0,56 57,1,50,,1114467,43,,,1,16,,1114442,43,,,1,22,,956790,43,,,1,68,,1114440,43,,,1,23,,1114443,43,,,1,65,,1114473,43,0,56 57,1,29,,1114472,43,0,56 57,1,25,,1114431,43,0,56 57,1,66,,1114450,43,0,56 57,1,30,,1114476,43,0,56 57,1,70,,1073225,43,0,56 57,1,27,,1114446,43,0,56 57,1,69,,1114445,43,0,56 57,1,30,,1114427,43,0,56 57,1,71,,1081966,43,0,56 57,1
1101,'10',514,,1114530,43,0,56 57,1,29,,1114516,43,0,56 57,1,74,,1090342,43,0,56 57,1,31,,1114486,43,0,56 57,1,57,,1114510,43,0,56 57,1,19,,1037868,43,0,56 57,1,16,,1114496,43,0,56 57,1,19,,1114501,43,0,56 57,1,59,,1114485,43,,,1,21,,1074371,43,0,56 57,1,20,,1114491,43,,,1,56,,1114511,43,0,56 57,1,19,,1114500,43,,,1,13,,1114513,43,0,56 57,1,55,,1114527,43,,,1,12,,1114480,43,0,56 57,1,15,,1078873,43,,,1,8,,1114512,43,,,1,14,,1114484,43,0,56 57,1,54,,1102939,43,0,56 57,1,18,,1114521,43,,,1,14,,1114522,43,0,56 57,1,17,,1114517,43,,,1,55,,1114506,43,0,56 57,1,16,,1114499,43,,,1,18,,1114529,43,0,56 57,1,15,,1114482,43,,,1,59,,1114490,43,0,56 57,1,13,,1114487,43,,,1,14,,1114526,43,0,56 57,1,14,,1114493,43,,,1,53,,1094977,43,0,56 57,1,15,,1073716,43,,,1,17,,1114509,43,0,56 57,1,14,,1027604,43,,,1,57,,1114520,43,0,56 57,1,16,,1114505,43,,,1,19,,1114503,43,0,56 57,1,55,,1114481,43,,,1,17,,1114507,43,0,56 57,1,37,,1114489,43,0,56 57,1,50,,867234,43,,,1,18,,1114488,43,0,56 57,1,11,,1114523,43,,,1,13,,1079380,43,0,56 57,1,55,,1114504,43,,,1,10,,1114515,43,0,56 57,1,14,,1114518,43,,,1,12,,1114514,43,0,56 57,1,15,,1114508,43,0,56 57,1,50,,1114519,43,,,1,16,,1114494,43,,,1,22,,956527,43,,,1,68,,1114492,43,,,1,23,,1114495,43,,,1,65,,1114525,43,0,56 57,1,29,,1114524,43,0,56 57,1,25,,1114483,43,0,56 57,1,66,,1114502,43,0,56 57,1,30,,1114528,43,0,56 57,1,70,,1073097,43,0,56 57,1,27,,1114498,43,0,56 57,1,69,,1114497,43,0,56 57,1,30,,1114479,43,0,56 57,1,71,,1081806,43,0,56 57,1
1101,'11',514,,1114582,43,0,56 57,1,29,,1114568,43,0,56 57,1,74,,1090542,43,0,56 57,1,31,,1114538,43,0,56 57,1,57,,1114562,43,0,56 57,1,19,,1037654,43,0,56 57,1,16,,1114548,43,0,56 57,1,19,,1114553,43,0,56 57,1,59,,1114537,43,,,1,21,,1074561,43,0,56 57,1,20,,1114543,43,,,1,56,,1114563,43,0,56 57,1,19,,1114552,43,,,1,13,,1114565,43,0,56 57,1,55,,1114579,43,,,1,12,,1114532,43,0,56 57,1,15,,1079207,43,,,1,8,,1114564,43,,,1,14,,1114536,43,0,56 57,1,54,,1102947,43,0,56 57,1,18,,1114573,43,,,1,14,,1114574,43,0,56 57,1,17,,1114569,43,,,1,55,,1114558,43,0,56 57,1,16,,1114551,43,,,1,18,,1114581,43,0,56 57,1,15,,1114534,43,,,1,59,,1114542,43,0,56 57,1,13,,1114539,43,,,1,14,,1114578,43,0,56 57,1,14,,1114545,43,,,1,53,,1095297,43,0,56 57,1,15,,1073906,43,,,1,17,,1114561,43,0,56 57,1,14,,1027498,43,,,1,57,,1114572,43,0,56 57,1,16,,1114557,43,,,1,19,,1114555,43,0,56 57,1,55,,1114533,43,,,1,17,,1114559,43,0,56 57,1,37,,1114541,43,0,56 57,1,50,,867038,43,,,1,18,,1114540,43,0,56 57,1,11,,1114575,43,,,1,13,,1079631,43,0,56 57,1,55,,1114556,43,,,1,10,,1114567,43,0,56 57,1,14,,1114570,43,,,1,12,,1114566,43,0,56 57,1,15,,1114560,43,0,56 57,1,50,,1114571,43,,,1,16,,1114546,43,,,1,22,,956741,43,,,1,68,,1114544,43,,,1,23,,1114547,43,,,1,65,,1114577,43,0,56 57,1,29,,1114576,43,0,56 57,1,25,,1114535,43,0,56 57,1,66,,1114554,43,0,56 57,1,30,,1114580,43,0,56 57,1,70,,1073261,43,0,56 57,1,27,,1114550,43,0,56 57,1,69,,1114549,43,0,56 57,1,30,,1114531,43,0,56 57,1,71,,1082011,43,0,56 57,1
1101,'12',514,,1114635,43,0,56 57,1,29,,1114599,43,0,56 57,1,74,,1114616,43,0,56 57,1,31,,1114623,43,0,56 57,1,57,,1114620,43,0,56 57,1,19,,1114600,43,0,56 57,1,16,,938904,43,0,56 57,1,19,,1114603,43,0,56 57,1,59,,1114613,43,,,1,21,,1114585,43,0,56 57,1,20,,915086,43,,,1,56,,1114612,43,0,56 57,1,19,,1114633,43,,,1,13,,1114588,43,0,56 57,1,55,,1114617,43,,,1,12,,1114596,43,0,56 57,1,15,,1114601,43,,,1,8,,1114619,43,,,1,14,,1114592,43,0,56 57,1,54,,1114608,43,0,56 57,1,18,,1114597,43,,,1,14,,1018120,43,0,56 57,1,17,,1114587,43,,,1,55,,1114593,43,0,56 57,1,16,,1114624,43,,,1,18,,1114605,43,0,56 57,1,15,,1114606,43,,,1,59,,1114625,43,0,56 57,1,13,,1114590,43,,,1,14,,1114638,43,0,56 57,1,14,,1114589,43,,,1,53,,1114584,43,0,56 57,1,15,,1114604,43,,,1,17,,1114598,43,0,56 57,1,14,,1114609,43,,,1,57,,1114607,43,0,56 57,1,16,,1074025,43,,,1,19,,1114618,43,0,56 57,1,55,,1114611,43,,,1,17,,1114627,43,0,56 57,1,37,,1114631,43,0,56 57,1,50,,1114595,43,,,1,18,,1114641,43,0,56 57,1,11,,1114614,43,,,1,13,,1114636,43,0,56 57,1,55,,1052710,43,,,1,10,,1114628,43,0,56 57,1,14,,1114583,43,,,1,12,,1114634,43,0,56 57,1,15,,1114621,43,0,56 57,1,50,,1114602,43,,,1,16,,1114610,43,,,1,22,,1114591,43,,,1,68,,1114637,43,,,1,23,,1114629,43,,,1,65,,1114622,43,0,56 57,1,29,,1114630,43,0,56 57,1,25,,1114632,43,0,56 57,1,66,,1114615,43,0,56 57,1,30,,1114626,43,0,56 57,1,70,,1114586,43,0,56 57,1,27,,1087502,43,0,56 57,1,69,,1114594,43,0,56 57,1,30,,1114639,43,0,56 57,1,71,,1114640,43,0,56 57,1
1101,'13',721,,1114670,43,0,56 57,1,31,,1003737,43,0,56 57,1,70,,1114650,43,0,56 57,1,32,,1114652,43,,,1,70,,1114659,43,,,1,31,,1055334,43,,,1,70,,1114663,43,,,1,33,,1114644,43,,,1,72,,1114651,43,,,1,70,,1114643,43,,,1,30,,1114667,43,,,1,70,,1114661,43,,,1,30,,1069261,43,,,1,70,,1114664,43,,,1,30,,1114653,43,,,1,70,,1114662,43,,,1,30,,1114671,43,,,1,70,,1114656,43,,,1,30,,1114672,43,,,1,28,,1114673,43,,,1,70,,1114657,43,,,1,30,,1114649,43,,,1,70,,1114669,43,0,56 57,1,29,,1114647,43,0,56 57,1,70,,1114674,43,0,56 57,1,29,,1114665,43,0,56 57,1,67,,1114655,43,0,56 57,1,31,,1114642,43,0,56 57,1,70,,1114668,43,0,56 57,1,30,,1114645,43,0,56 57,1,70,,1114646,43,0,56 57,1,30,,1114658,43,0,56 57,1,70,,1114654,43,0,56 57,1,30,,1114660,43,0,56 57,1,70,,1114666,43,0,56 57,1,30,,1114648,43,0,56 57,1
1101,'14',514,,1114737,43,0,56 57,1,29,,1114719,43,0,56 57,1,74,,1114739,43,0,56 57,1,31,,1114687,43,0,56 57,1,57,,1114713,43,0,56 57,1,19,,1114690,43,0,56 57,1,16,,1114699,43,0,56 57,1,19,,1114704,43,0,56 57,1,59,,1114686,43,,,1,21,,1114679,43,0,56 57,1,20,,1114694,43,,,1,56,,1114714,43,0,56 57,1,19,,1114703,43,,,1,13,,1114716,43,0,56 57,1,55,,1114730,43,,,1,12,,1114676,43,0,56 57,1,15,,1114683,43,,,1,8,,1114715,43,,,1,14,,1114685,43,0,56 57,1,54,,1114692,43,0,56 57,1,18,,1114724,43,,,1,14,,1114725,43,0,56 57,1,17,,1114720,43,,,1,55,,1114709,43,0,56 57,1,16,,1114702,43,,,1,18,,1114735,43,0,56 57,1,15,,1114681,43,,,1,59,,1114693,43,0,56 57,1,13,,1114688,43,,,1,14,,1114729,43,0,56 57,1,14,,1114696,43,,,1,53,,1114733,43,0,56 57,1,15,,1114732,43,,,1,17,,1114712,43,0,56 57,1,14,,1114736,43,,,1,57,,1114723,43,0,56 57,1,16,,1114708,43,,,1,19,,1114706,43,0,56 57,1,55,,1114677,43,,,1,17,,1114710,43,0,56 57,1,37,,1114691,43,0,56 57,1,50,,1114678,43,,,1,18,,1114689,43,0,56 57,1,11,,1114726,43,,,1,13,,1114731,43,0,56 57,1,55,,1114707,43,,,1,10,,1114718,43,0,56 57,1,14,,1114721,43,,,1,12,,1114717,43,0,56 57,1,15,,1114711,43,0,56 57,1,50,,1114722,43,,,1,16,,1114697,43,,,1,22,,1114682,43,,,1,68,,1114695,43,,,1,23,,1114698,43,,,1,65,,1114728,43,0,56 57,1,29,,1114727,43,0,56 57,1,25,,1114684,43,0,56 57,1,66,,1114705,43,0,56 57,1,30,,1114734,43,0,56 57,1,70,,1114680,43,0,56 57,1,27,,1114701,43,0,56 57,1,69,,1114700,43,0,56 57,1,30,,1114675,43,0,56 57,1,71,,1114738,43,0,56 57,1
1101,'15',514,,1114796,43,0,56 57,1,29,,1114743,43,0,56 57,1,74,,1114790,43,0,56 57,1,31,,1114792,43,0,56 57,1,57,,1114789,43,0,56 57,1,19,,1114763,43,0,56 57,1,16,,1114793,43,0,56 57,1,19,,1114767,43,0,56 57,1,59,,1114769,43,,,1,21,,1114778,43,0,56 57,1,20,,1114756,43,,,1,56,,1114780,43,0,56 57,1,19,,1114750,43,,,1,13,,1114758,43,0,56 57,1,55,,1114741,43,,,1,12,,1114786,43,0,56 57,1,15,,1114751,43,,,1,8,,1114784,43,,,1,14,,1114766,43,0,56 57,1,54,,1114779,43,0,56 57,1,18,,1114745,43,,,1,14,,1114770,43,0,56 57,1,17,,1114798,43,,,1,55,,1114783,43,0,56 57,1,16,,1114801,43,,,1,18,,1114740,43,0,56 57,1,15,,1114800,43,,,1,59,,1114744,43,0,56 57,1,13,,1114754,43,,,1,14,,1114785,43,0,56 57,1,14,,1114762,43,,,1,53,,1114777,43,0,56 57,1,15,,1114753,43,,,1,17,,1114794,43,0,56 57,1,14,,1114803,43,,,1,57,,1114755,43,0,56 57,1,16,,1114765,43,,,1,19,,1114782,43,0,56 57,1,55,,1114746,43,,,1,17,,1114781,43,0,56 57,1,37,,1114775,43,0,56 57,1,50,,1114791,43,,,1,18,,1114774,43,0,56 57,1,11,,1114771,43,,,1,13,,1114776,43,0,56 57,1,55,,1114752,43,,,1,10,,1114747,43,0,56 57,1,14,,1114772,43,,,1,12,,1114757,43,0,56 57,1,15,,1114797,43,0,56 57,1,50,,1114764,43,,,1,16,,1114748,43,,,1,22,,1114799,43,,,1,68,,1114804,43,,,1,23,,1114749,43,,,1,65,,1114759,43,0,56 57,1,29,,1114795,43,0,56 57,1,25,,1114787,43,0,56 57,1,66,,1114788,43,0,56 57,1,30,,1114760,43,0,56 57,1,70,,1114761,43,0,56 57,1,27,,1114742,43,0,56 57,1,69,,1114768,43,0,56 57,1,30,,1114773,43,0,56 57,1,71,,1114802,43,0,56 57,1
1101,'16',514,,1114856,43,0,56 57,1,29,,1114820,43,0,56 57,1,74,,1114837,43,0,56 57,1,31,,1114844,43,0,56 57,1,57,,1114841,43,0,56 57,1,19,,1114821,43,0,56 57,1,16,,1114813,43,0,56 57,1,19,,1114825,43,0,56 57,1,59,,1006572,43,,,1,21,,1114809,43,0,56 57,1,20,,1114863,43,,,1,56,,1114834,43,0,56 57,1,19,,1114854,43,,,1,13,,1114811,43,0,56 57,1,55,,1114838,43,,,1,12,,1114817,43,0,56 57,1,15,,1114823,43,,,1,8,,1114840,43,,,1,14,,1114814,43,0,56 57,1,54,,1114830,43,0,56 57,1,18,,1114818,43,,,1,14,,1114822,43,0,56 57,1,17,,1114810,43,,,1,55,,1114815,43,0,56 57,1,16,,1114845,43,,,1,18,,1114827,43,0,56 57,1,15,,1114828,43,,,1,59,,1114846,43,0,56 57,1,13,,1097882,43,,,1,14,,1114859,43,0,56 57,1,14,,1092919,43,,,1,53,,1114808,43,0,56 57,1,15,,1114826,43,,,1,17,,1114819,43,0,56 57,1,14,,1114831,43,,,1,57,,1114829,43,0,56 57,1,16,,1114807,43,,,1,19,,1114839,43,0,56 57,1,55,,1114833,43,,,1,17,,1114848,43,0,56 57,1,37,,1114852,43,0,56 57,1,50,,1114816,43,,,1,18,,1071316,43,0,56 57,1,11,,1114835,43,,,1,13,,1114857,43,0,56 57,1,55,,1114806,43,,,1,10,,1114849,43,0,56 57,1,14,,1114805,43,,,1,12,,1114855,43,0,56 57,1,15,,1114842,43,0,56 57,1,50,,1114824,43,,,1,16,,1114832,43,,,1,22,,1114812,43,,,1,68,,1114858,43,,,1,23,,1114850,43,,,1,65,,1114843,43,0,56 57,1,29,,1114851,43,0,56 57,1,25,,1114853,43,0,56 57,1,66,,1114836,43,0,56 57,1,30,,1114847,43,0,56 57,1,70,,1094174,43,0,56 57,1,27,,1114862,43,0,56 57,1,69,,1075060,43,0,56 57,1,30,,1114860,43,0,56 57,1,71,,1114861,43,0,56 57,1
1101,'17',721,,1114893,43,0,56 57,1,31,,1114899,43,0,56 57,1,70,,1114873,43,0,56 57,1,32,,1114875,43,,,1,70,,1114882,43,,,1,31,,1114898,43,,,1,70,,1114886,43,,,1,33,,1114866,43,,,1,72,,1114874,43,,,1,70,,1114865,43,,,1,30,,1114890,43,,,1,70,,1114884,43,,,1,30,,1114871,43,,,1,70,,1114887,43,,,1,30,,1114876,43,,,1,70,,1114885,43,,,1,30,,1114894,43,,,1,70,,1114879,43,,,1,30,,1114895,43,,,1,28,,1114896,43,,,1,70,,1114880,43,,,1,30,,1114872,43,,,1,70,,1114892,43,0,56 57,1,29,,1114869,43,0,56 57,1,70,,1114897,43,0,56 57,1,29,,1114888,43,0,56 57,1,67,,1114878,43,0,56 57,1,31,,1114864,43,0,56 57,1,70,,1114891,43,0,56 57,1,30,,1114867,43,0,56 57,1,70,,1114868,43,0,56 57,1,30,,1114881,43,0,56 57,1,70,,1114877,43,0,56 57,1,30,,1114883,43,0,56 57,1,70,,1114889,43,0,56 57,1,30,,1114870,43,0,56 57,1
1101,'2',552,,1114927,43,0,56 57,1,70,,1114916,43,0,56 57,1,30,,1114906,43,0,56 57,1,70,,1024798,43,0,56 57,1,31,,1114910,43,0,56 57,1,70,,1114902,43,,,1,32,,1114908,43,,,1,70,,1114923,43,,,1,31,,1114920,43,,,1,70,,1114917,43,,,1,33,,1114912,43,,,1,73,,1114918,43,,,1,71,,1114911,43,,,1,30,,1114931,43,,,1,70,,1114913,43,,,1,30,,1114907,43,,,1,70,,1114929,43,,,1,30,,1114903,43,,,1,70,,997854,43,,,1,30,,1114905,43,,,1,70,,1114901,43,,,1,30,,1098457,43,,,1,68,,1114904,43,,,1,30,,1114926,43,,,1,70,,1114928,43,,,1,30,,1114922,43,,,1,69,,1114924,43,,,1,30,,1114914,43,,,1,29,,1114930,43,,,1,75,,1068981,43,0,56 57,1,68,,1114900,43,0,56 57,1,32,,1114915,43,0,56 57,1,71,,1114932,43,0,56 57,1,31,,1046150,43,0,56 57,1,71,,1081513,43,0,56 57,1,31,,1114925,43,0,56 57,1,71,,1114909,43,0,56 57,1,31,,1114921,43,0,56 57,1,71,,1114919,43,0,56 57,1,30,,935590,43,0,56 57,1
1101,'3',721,,1114962,43,0,56 57,1,31,,1114968,43,0,56 57,1,70,,1114942,43,0,56 57,1,32,,1114944,43,,,1,70,,1114951,43,,,1,31,,1114967,43,,,1,70,,1114955,43,,,1,33,,1114935,43,,,1,72,,1114943,43,,,1,70,,1114934,43,,,1,30,,1114959,43,,,1,70,,1114953,43,,,1,30,,1114940,43,,,1,70,,1114956,43,,,1,30,,1114945,43,,,1,70,,1114954,43,,,1,30,,1114963,43,,,1,70,,1114948,43,,,1,30,,1114964,43,,,1,28,,1114965,43,,,1,70,,1114949,43,,,1,30,,1114941,43,,,1,70,,1114961,43,0,56 57,1,29,,1114938,43,0,56 57,1,70,,1114966,43,0,56 57,1,29,,1114957,43,0,56 57,1,67,,1114947,43,0,56 57,1,31,,1114933,43,0,56 57,1,70,,1114960,43,0,56 57,1,30,,1114936,43,0,56 57,1,70,,1114937,43,0,56 57,1,30,,1114950,43,0,56 57,1,70,,1114946,43,0,56 57,1,30,,1114952,43,0,56 57,1,70,,1114958,43,0,56 57,1,30,,1114939,43,0,56 57,1
1101,'4',721,,1115002,43,0,56 57,1,31,,1114985,43,0,56 57,1,70,,1114971,43,0,56 57,1,32,,1114993,43,,,1,70,,1114989,43,,,1,31,,1114995,43,,,1,70,,1114975,43,,,1,33,,1114969,43,,,1,72,,1114972,43,,,1,70,,1114997,43,,,1,30,,1114992,43,,,1,70,,1114999,43,,,1,30,,1114978,43,,,1,70,,1114987,43,,,1,30,,1115003,43,,,1,70,,1114996,43,,,1,30,,1114974,43,,,1,70,,1114984,43,,,1,30,,1114998,43,,,1,28,,1115004,43,,,1,70,,1114976,43,,,1,30,,1114988,43,,,1,70,,1114983,43,0,56 57,1,29,,1114986,43,0,56 57,1,70,,1114979,43,0,56 57,1,29,,1115001,43,0,56 57,1,67,,1114982,43,0,56 57,1,31,,1114977,43,0,56 57,1,70,,1114970,43,0,56 57,1,30,,1114973,43,0,56 57,1,70,,1114991,43,0,56 57,1,30,,1114990,43,0,56 57,1,70,,1114994,43,0,56 57,1,30,,1115000,43,0,56 57,1,70,,1114980,43,0,56 57,1,30,,1114981,43,0,56 57,1
1101,'5',514,,1115056,43,0,56 57,1,29,,1115042,43,0,56 57,1,74,,1090475,43,0,56 57,1,31,,1115012,43,0,56 57,1,57,,1115036,43,0,56 57,1,19,,1037452,43,0,56 57,1,16,,1115022,43,0,56 57,1,19,,1115027,43,0,56 57,1,59,,1115011,43,,,1,21,,1074496,43,0,56 57,1,20,,1115017,43,,,1,56,,1115037,43,0,56 57,1,19,,1115026,43,,,1,13,,1115039,43,0,56 57,1,55,,1115053,43,,,1,12,,1115006,43,0,56 57,1,15,,1079082,43,,,1,8,,1115038,43,,,1,14,,1115010,43,0,56 57,1,54,,1102943,43,0,56 57,1,18,,1115047,43,,,1,14,,1115048,43,0,56 57,1,17,,1115043,43,,,1,55,,1115032,43,0,56 57,1,16,,1115025,43,,,1,18,,1115055,43,0,56 57,1,15,,1115008,43,,,1,59,,1115016,43,0,56 57,1,13,,1115013,43,,,1,14,,1115052,43,0,56 57,1,14,,1115019,43,,,1,53,,1095175,43,0,56 57,1,15,,1073833,43,,,1,17,,1115035,43,0,56 57,1,14,,1027379,43,,,1,57,,1115046,43,0,56 57,1,16,,1115031,43,,,1,19,,1115029,43,0,56 57,1,55,,1115007,43,,,1,17,,1115033,43,0,56 57,1,37,,1115015,43,0,56 57,1,50,,867430,43,,,1,18,,1115014,43,0,56 57,1,11,,1115049,43,,,1,13,,1079538,43,0,56 57,1,55,,1115030,43,,,1,10,,1115041,43,0,56 57,1,14,,1115044,43,,,1,12,,1115040,43,0,56 57,1,15,,1115034,43,0,56 57,1,50,,1115045,43,,,1,16,,1115020,43,,,1,22,,956943,43,,,1,68,,1115018,43,,,1,23,,1115021,43,,,1,65,,1115051,43,0,56 57,1,29,,1115050,43,0,56 57,1,25,,1115009,43,0,56 57,1,66,,1115028,43,0,56 57,1,30,,1115054,43,0,56 57,1,70,,1073205,43,0,56 57,1,27,,1115024,43,0,56 57,1,69,,1115023,43,0,56 57,1,30,,1115005,43,0,56 57,1,71,,1081936,43,0,56 57,1
1101,'6',514,,1115104,43,0,56 57,1,29,,1115070,43,0,56 57,1,74,,1115087,43,0,56 57,1,31,,1115093,43,0,56 57,1,57,,1115091,43,0,56 57,1,19,,1115071,43,0,56 57,1,16,,1115064,43,0,56 57,1,19,,1115074,43,0,56 57,1,59,,1115084,43,,,1,21,,1043208,43,0,56 57,1,20,,1115112,43,,,1,56,,1115083,43,0,56 57,1,19,,1115102,43,,,1,13,,1080541,43,0,56 57,1,55,,1115088,43,,,1,12,,1115067,43,0,56 57,1,15,,1115073,43,,,1,8,,1115090,43,,,1,14,,1102220,43,0,56 57,1,54,,1115079,43,0,56 57,1,18,,1115068,43,,,1,14,,1115072,43,0,56 57,1,17,,1115061,43,,,1,55,,1077119,43,0,56 57,1,16,,1115094,43,,,1,18,,1115076,43,0,56 57,1,15,,1115077,43,,,1,59,,1115095,43,0,56 57,1,13,,1115063,43,,,1,14,,1115107,43,0,56 57,1,14,,1115062,43,,,1,53,,1115059,43,0,56 57,1,15,,1115075,43,,,1,17,,1115069,43,0,56 57,1,14,,1115080,43,,,1,57,,1115078,43,0,56 57,1,16,,1115058,43,,,1,19,,1115089,43,0,56 57,1,55,,1115082,43,,,1,17,,1115097,43,0,56 57,1,37,,1115101,43,0,56 57,1,50,,1115066,43,,,1,18,,1115110,43,0,56 57,1,11,,1115085,43,,,1,13,,1115105,43,0,56 57,1,55,,1115057,43,,,1,10,,1115098,43,0,56 57,1,14,,1073680,43,,,1,12,,1115103,43,0,56 57,1,15,,1028235,43,0,56 57,1,50,,1052230,43,,,1,16,,1115081,43,,,1,22,,1022774,43,,,1,68,,1115106,43,,,1,23,,1115099,43,,,1,65,,1115092,43,0,56 57,1,29,,1115100,43,0,56 57,1,25,,1001096,43,0,56 57,1,66,,1115086,43,0,56 57,1,30,,1115096,43,0,56 57,1,70,,1115060,43,0,56 57,1,27,,1115111,43,0,56 57,1,69,,1115065,43,0,56 57,1,30,,1115108,43,0,56 57,1,71,,1115109,43,0,56 57,1
1101,'7',552,,1115139,43,0,56 57,1,70,,1115113,43,0,56 57,1,30,,1115152,43,0,56 57,1,70,,1115148,43,0,56 57,1,31,,1115142,43,0,56 57,1,70,,1115130,43,,,1,32,,1115140,43,,,1,70,,1115129,43,,,1,31,,1115141,43,,,1,70,,1115121,43,,,1,33,,1115146,43,,,1,73,,1115143,43,,,1,71,,1115132,43,,,1,30,,1115117,43,,,1,70,,1115149,43,,,1,30,,1115124,43,,,1,70,,1115123,43,,,1,30,,1115122,43,,,1,70,,1115138,43,,,1,30,,1115128,43,,,1,70,,1115119,43,,,1,30,,1115125,43,,,1,68,,1115114,43,,,1,30,,1115134,43,,,1,70,,1115137,43,,,1,30,,1115127,43,,,1,69,,1115120,43,,,1,30,,1115115,43,,,1,29,,1115126,43,,,1,75,,1115147,43,0,56 57,1,68,,1115133,43,0,56 57,1,32,,1115131,43,0,56 57,1,71,,1115116,43,0,56 57,1,31,,1115145,43,0,56 57,1,71,,1115151,43,0,56 57,1,31,,1115150,43,0,56 57,1,71,,1115144,43,0,56 57,1,31,,1115135,43,0,56 57,1,71,,1115118,43,0,56 57,1,30,,1115136,43,0,56 57,1
1101,'8',514,,1115209,43,0,56 57,1,29,,1115172,43,0,56 57,1,74,,1115190,43,0,56 57,1,31,,1115197,43,0,56 57,1,57,,1115194,43,0,56 57,1,19,,1115173,43,0,56 57,1,16,,1115164,43,0,56 57,1,19,,1115177,43,0,56 57,1,59,,1115187,43,,,1,21,,1115157,43,0,56 57,1,20,,1115217,43,,,1,56,,1115186,43,0,56 57,1,19,,1115207,43,,,1,13,,1115160,43,0,56 57,1,55,,1115191,43,,,1,12,,1115169,43,0,56 57,1,15,,1115175,43,,,1,8,,1115193,43,,,1,14,,1115165,43,0,56 57,1,54,,1115182,43,0,56 57,1,18,,1115170,43,,,1,14,,1115174,43,0,56 57,1,17,,1115159,43,,,1,55,,1115166,43,0,56 57,1,16,,1115198,43,,,1,18,,1115179,43,0,56 57,1,15,,1115180,43,,,1,59,,1115199,43,0,56 57,1,13,,1115162,43,,,1,14,,1115212,43,0,56 57,1,14,,1115161,43,,,1,53,,1115156,43,0,56 57,1,15,,1115178,43,,,1,17,,1115171,43,0,56 57,1,14,,1115183,43,,,1,57,,1115181,43,0,56 57,1,16,,1115155,43,,,1,19,,1115192,43,0,56 57,1,55,,1115185,43,,,1,17,,1115201,43,0,56 57,1,37,,1115205,43,0,56 57,1,50,,1115168,43,,,1,18,,1115215,43,0,56 57,1,11,,1115188,43,,,1,13,,1115210,43,0,56 57,1,55,,1115154,43,,,1,10,,1115202,43,0,56 57,1,14,,1115153,43,,,1,12,,1115208,43,0,56 57,1,15,,1115195,43,0,56 57,1,50,,1115176,43,,,1,16,,1115184,43,,,1,22,,1115163,43,,,1,68,,1115211,43,,,1,23,,1115203,43,,,1,65,,1115196,43,0,56 57,1,29,,1115204,43,0,56 57,1,25,,1115206,43,0,56 57,1,66,,1115189,43,0,56 57,1,30,,1115200,43,0,56 57,1,70,,1115158,43,0,56 57,1,27,,1115216,43,0,56 57,1,69,,1115167,43,0,56 57,1,30,,1115213,43,0,56 57,1,71,,1115214,43,0,56 57,1
1101,'9',514,,1115269,43,0,56 57,1,29,,1115255,43,0,56 57,1,74,,1090393,43,0,56 57,1,31,,1115225,43,0,56 57,1,57,,1115249,43,0,56 57,1,19,,1037752,43,0,56 57,1,16,,1115235,43,0,56 57,1,19,,1115240,43,0,56 57,1,59,,1115224,43,,,1,21,,1074415,43,0,56 57,1,20,,1115230,43,,,1,56,,1115250,43,0,56 57,1,19,,1115239,43,,,1,13,,1115252,43,0,56 57,1,55,,1115266,43,,,1,12,,1115219,43,0,56 57,1,15,,1078949,43,,,1,8,,1115251,43,,,1,14,,1115223,43,0,56 57,1,54,,1102941,43,0,56 57,1,18,,1115260,43,,,1,14,,1115261,43,0,56 57,1,17,,1115256,43,,,1,55,,1115245,43,0,56 57,1,16,,1115238,43,,,1,18,,1115268,43,0,56 57,1,15,,1115221,43,,,1,59,,1115229,43,0,56 57,1,13,,1115226,43,,,1,14,,1115265,43,0,56 57,1,14,,1115232,43,,,1,53,,1095051,43,0,56 57,1,15,,1073760,43,,,1,17,,1115248,43,0,56 57,1,14,,1027546,43,,,1,57,,1115259,43,0,56 57,1,16,,1115244,43,,,1,19,,1115242,43,0,56 57,1,55,,1115220,43,,,1,17,,1115246,43,0,56 57,1,37,,1115228,43,0,56 57,1,50,,867299,43,,,1,18,,1115227,43,0,56 57,1,11,,1115262,43,,,1,13,,1079439,43,0,56 57,1,55,,1115243,43,,,1,10,,1115254,43,0,56 57,1,14,,1115257,43,,,1,12,,1115253,43,0,56 57,1,15,,1115247,43,0,56 57,1,50,,1115258,43,,,1,16,,1115233,43,,,1,22,,956894,43,,,1,68,,1115231,43,,,1,23,,1115234,43,,,1,65,,1115264,43,0,56 57,1,29,,1115263,43,0,56 57,1,25,,1115222,43,0,56 57,1,66,,1115241,43,0,56 57,1,30,,1115267,43,0,56 57,1,70,,1073136,43,0,56 57,1,27,,1115237,43,0,56 57,1,69,,1115236,43,0,56 57,1,30,,1115218,43,0,56 57,1,71,,1081855,43,0,56 57,1
