2501,'1',604,,1125726,29,,,1,29,,1125728,46,,,1,73,,1070955,46,,,1,29,,1125701,46,,,1,71,,1028413,46,,,1,30,,1125692,46,,,1,70,,1125703,46,,,1,30,,1067408,46,,,1,13,,1125700,46,,,1,54,,1125693,46,,,1,14,,1125709,46,,,1,14,,1125713,46,,,1,15,,1125730,46,,,1,55,,1125691,46,,,1,15,,1125694,46,,,1,15,,1125681,46,,,1,16,,1125684,46,,,1,55,,1125689,46,,,1,16,,1071933,46,,,1,15,,1125714,46,,,1,15,,1125708,46,,,1,55,,1125718,46,,,1,15,,1125697,46,,,1,15,,1125707,46,,,1,15,,1125725,46,,,1,55,,1094139,46,,,1,15,,1125695,46,,,1,15,,1125729,46,,,1,16,,1125683,46,,,1,56,,1125688,46,,,1,18,,1125704,46,,,1,33,,1100970,46,,,1,55,,1125706,46,,,1,15,,1125722,46,,,1,17,,1125686,46,,,1,15,,1125702,46,,,1,55,,1096131,46,,,1,14,,1125705,46,,,1,14,,1125731,46,,,1,12,,1125682,46,,,1,54,,1125720,46,,,1,13,,1125723,46,,,1,15,,1125715,46,,,1,15,,1125687,46,,,1,54,,1125710,46,,,1,15,,1125698,46,,,1,28,,1125717,46,,,1,69,,1125690,46,,,1,25,,1125712,46,,,1,70,,1125699,46,,,1,30,,1125716,46,,,1,70,,1125711,46,,,1,29,,1125696,46,,,1,66,,1125727,46,,,1,27,,1125685,46,,,1,69,,1125721,46,,,1,40,,1125732,29,,,1,70,,1125724,29,,,1
2501,'10',604,,1125778,29,,,1,29,,1125780,46,,,1,73,,1070741,46,,,1,29,,1125753,46,,,1,71,,1028553,46,,,1,30,,1125744,46,,,1,70,,1125755,46,,,1,30,,1067116,46,,,1,13,,1125752,46,,,1,54,,1125745,46,,,1,14,,1125761,46,,,1,14,,1125765,46,,,1,15,,1125782,46,,,1,55,,1125743,46,,,1,15,,1125746,46,,,1,15,,1125733,46,,,1,16,,1125736,46,,,1,55,,1125741,46,,,1,16,,1071787,46,,,1,15,,1125766,46,,,1,15,,1125760,46,,,1,55,,1125770,46,,,1,15,,1125749,46,,,1,15,,1125759,46,,,1,15,,1125777,46,,,1,55,,1093919,46,,,1,15,,1125747,46,,,1,15,,1125781,46,,,1,16,,1125735,46,,,1,56,,1125740,46,,,1,18,,1125756,46,,,1,33,,1100809,46,,,1,55,,1125758,46,,,1,15,,1125774,46,,,1,17,,1125738,46,,,1,15,,1125754,46,,,1,55,,1095988,46,,,1,14,,1125757,46,,,1,14,,1125783,46,,,1,12,,1125734,46,,,1,54,,1125772,46,,,1,13,,1125775,46,,,1,15,,1125767,46,,,1,15,,1125739,46,,,1,54,,1125762,46,,,1,15,,1125750,46,,,1,28,,1125769,46,,,1,69,,1125742,46,,,1,25,,1125764,46,,,1,70,,1125751,46,,,1,30,,1125768,46,,,1,70,,1125763,46,,,1,29,,1125748,46,,,1,66,,1125779,46,,,1,27,,1125737,46,,,1,69,,1125773,46,,,1,40,,1125784,29,,,1,70,,1125776,29,,,1
2501,'11',604,,1125830,29,,,1,29,,1125832,46,,,1,73,,1071020,46,,,1,29,,1125805,46,,,1,71,,1028373,46,,,1,30,,1125796,46,,,1,70,,1125807,46,,,1,30,,1067490,46,,,1,13,,1125804,46,,,1,54,,1125797,46,,,1,14,,1125813,46,,,1,14,,1125817,46,,,1,15,,1125834,46,,,1,55,,1125795,46,,,1,15,,1125798,46,,,1,15,,1125785,46,,,1,16,,1125788,46,,,1,55,,1125793,46,,,1,16,,1071979,46,,,1,15,,1125818,46,,,1,15,,1125812,46,,,1,55,,1125822,46,,,1,15,,1125801,46,,,1,15,,1125811,46,,,1,15,,1125829,46,,,1,55,,1094202,46,,,1,15,,1125799,46,,,1,15,,1125833,46,,,1,16,,1125787,46,,,1,56,,1125792,46,,,1,18,,1125808,46,,,1,33,,1101007,46,,,1,55,,1125810,46,,,1,15,,1125826,46,,,1,17,,1125790,46,,,1,15,,1125806,46,,,1,55,,1096174,46,,,1,14,,1125809,46,,,1,14,,1125835,46,,,1,12,,1125786,46,,,1,54,,1125824,46,,,1,13,,1125827,46,,,1,15,,1125819,46,,,1,15,,1125791,46,,,1,54,,1125814,46,,,1,15,,1125802,46,,,1,28,,1125821,46,,,1,69,,1125794,46,,,1,25,,1125816,46,,,1,70,,1125803,46,,,1,30,,1125820,46,,,1,70,,1125815,46,,,1,29,,1125800,46,,,1,66,,1125831,46,,,1,27,,1125789,46,,,1,69,,1125825,46,,,1,40,,1125836,29,,,1,70,,1125828,29,,,1
2501,'12',604,,1125859,29,,,1,29,,936928,46,,,1,73,,1125867,46,,,1,29,,1066887,46,,,1,71,,1125845,46,,,1,30,,1125840,46,,,1,70,,1125851,46,,,1,30,,1125839,46,,,1,13,,1125874,46,,,1,54,,1098671,46,,,1,14,,1125862,46,,,1,14,,1101584,46,,,1,15,,1125838,46,,,1,55,,1125871,46,,,1,15,,1125863,46,,,1,15,,1125842,46,,,1,16,,1125879,46,,,1,55,,1125846,46,,,1,16,,1125872,46,,,1,15,,1125841,46,,,1,15,,1125865,46,,,1,55,,1125869,46,,,1,15,,1125853,46,,,1,15,,1125854,46,,,1,15,,1125878,46,,,1,55,,966936,46,,,1,15,,1125868,46,,,1,15,,1125870,46,,,1,16,,1125850,46,,,1,56,,1125864,46,,,1,18,,1125855,46,,,1,33,,1125856,46,,,1,55,,1125876,46,,,1,15,,1125844,46,,,1,17,,1125880,46,,,1,15,,1125860,46,,,1,55,,1125858,46,,,1,14,,1125873,46,,,1,14,,1125857,46,,,1,12,,1091846,46,,,1,54,,990402,46,,,1,13,,1125849,46,,,1,15,,1125843,46,,,1,15,,1125861,46,,,1,54,,1125881,46,,,1,15,,1125875,46,,,1,28,,1125866,46,,,1,69,,1125877,46,,,1,25,,1090444,46,,,1,70,,1047536,46,,,1,30,,1125837,46,,,1,70,,1064010,46,,,1,29,,1125882,46,,,1,66,,1097107,46,,,1,27,,1125852,46,,,1,69,,1125848,46,,,1,40,,1125847,29,,,1,70,,1074902,29,,,1
2501,'13',800,,1125894,29,,,1,30,,1125906,29,,,1,70,,1125900,29,,,1,31,,1125907,41,,,1,70,,1125884,41,,,1,31,,1125883,41,,,1,70,,1125898,41,,,1,30,,1125902,41,,,1,70,,1125890,41,,,1,30,,1125893,41,,,1,70,,1125885,41,,,1,30,,1125892,41,,,1,70,,1125887,41,,,1,30,,1125895,41,,,1,70,,1090725,41,,,1,30,,1125910,41,,,1,70,,1125905,41,,,1,30,,1125896,41,,,1,70,,1125897,41,,,1,30,,1071173,41,,,1,70,,1077432,41,,,1,29,,1125912,41,,,1,70,,1125886,41,,,1,30,,1125908,41,,,1,70,,1064605,29,,,1,30,,1125911,41,,,1,70,,1125909,29,,,1,29,,1125901,41,,,1,70,,1125899,29,,,1,30,,1125904,41,,,1,70,,1125891,29,,,1,30,,1125903,29,,,1,70,,1125889,29,,,1,30,,1125888,29,,,1
2501,'14',604,,1125964,29,,,1,29,,1125966,46,,,1,73,,1125967,46,,,1,29,,1125937,46,,,1,71,,1125917,46,,,1,30,,1125927,46,,,1,70,,1125939,46,,,1,30,,1125958,46,,,1,13,,1125936,46,,,1,54,,1125928,46,,,1,14,,1125945,46,,,1,14,,1125949,46,,,1,15,,1125969,46,,,1,55,,1125926,46,,,1,15,,1125930,46,,,1,15,,1125913,46,,,1,16,,1125916,46,,,1,55,,1125923,46,,,1,16,,1125929,46,,,1,15,,1125950,46,,,1,15,,1125944,46,,,1,55,,1125954,46,,,1,15,,1125933,46,,,1,15,,1125943,46,,,1,15,,1125963,46,,,1,55,,1125924,46,,,1,15,,1125931,46,,,1,15,,1125968,46,,,1,16,,1125915,46,,,1,56,,1125922,46,,,1,18,,1125940,46,,,1,33,,1125919,46,,,1,55,,1125942,46,,,1,15,,1125960,46,,,1,17,,1125920,46,,,1,15,,1125938,46,,,1,55,,1125957,46,,,1,14,,1125941,46,,,1,14,,1125970,46,,,1,12,,1125914,46,,,1,54,,1125956,46,,,1,13,,1125961,46,,,1,15,,1125951,46,,,1,15,,1125921,46,,,1,54,,1125946,46,,,1,15,,1125934,46,,,1,28,,1125953,46,,,1,69,,1125925,46,,,1,25,,1125948,46,,,1,70,,1125935,46,,,1,30,,1125952,46,,,1,70,,1125947,46,,,1,29,,1125932,46,,,1,66,,1125965,46,,,1,27,,1125918,46,,,1,69,,1125959,46,,,1,40,,1125971,29,,,1,70,,1125962,29,,,1
2501,'15',604,,1126022,29,,,1,29,,1125977,46,,,1,73,,1126024,46,,,1,29,,1126019,46,,,1,71,,1125987,46,,,1,30,,1126018,46,,,1,70,,1125979,46,,,1,30,,1126023,46,,,1,13,,1125993,46,,,1,54,,1126021,46,,,1,14,,1125998,46,,,1,14,,1125976,46,,,1,15,,1126029,46,,,1,55,,1126016,46,,,1,15,,1125984,46,,,1,15,,1126010,46,,,1,16,,1125974,46,,,1,55,,1125982,46,,,1,16,,1126001,46,,,1,15,,1126009,46,,,1,15,,1126028,46,,,1,55,,1125983,46,,,1,15,,1125992,46,,,1,15,,1126002,46,,,1,15,,1125978,46,,,1,55,,1126020,46,,,1,15,,1126007,46,,,1,15,,1126026,46,,,1,16,,1125986,46,,,1,56,,1126000,46,,,1,18,,1126013,46,,,1,33,,1126014,46,,,1,55,,1125995,46,,,1,15,,1126005,46,,,1,17,,1125988,46,,,1,15,,1126017,46,,,1,55,,1125973,46,,,1,14,,1126003,46,,,1,14,,1125997,46,,,1,12,,1125999,46,,,1,54,,1126030,46,,,1,13,,1126006,46,,,1,15,,1126004,46,,,1,15,,1125981,46,,,1,54,,1125994,46,,,1,15,,1125980,46,,,1,28,,1125985,46,,,1,69,,1125996,46,,,1,25,,1125991,46,,,1,70,,1126012,46,,,1,30,,1126015,46,,,1,70,,1126027,46,,,1,29,,1125975,46,,,1,66,,1126025,46,,,1,27,,1125972,46,,,1,69,,1126008,46,,,1,40,,1126011,29,,,1,70,,1125989,29,,,1
2501,'16',604,,1126057,29,,,1,29,,1126033,46,,,1,73,,1126066,46,,,1,29,,1126069,46,,,1,71,,1101206,46,,,1,30,,1126035,46,,,1,70,,1126050,46,,,1,30,,1073041,46,,,1,13,,1126074,46,,,1,54,,1126037,46,,,1,14,,1070974,46,,,1,14,,1126077,46,,,1,15,,1126032,46,,,1,55,,1126071,46,,,1,15,,1126061,46,,,1,15,,1126038,46,,,1,16,,1126080,46,,,1,55,,1126046,46,,,1,16,,1126072,46,,,1,15,,1126036,46,,,1,15,,1126064,46,,,1,55,,1126068,46,,,1,15,,1126052,46,,,1,15,,1126053,46,,,1,15,,1072650,46,,,1,55,,1126034,46,,,1,15,,1126067,46,,,1,15,,1126070,46,,,1,16,,1064149,46,,,1,56,,1126063,46,,,1,18,,1126054,46,,,1,33,,1126055,46,,,1,55,,1126076,46,,,1,15,,1126042,46,,,1,17,,1101632,46,,,1,15,,1126058,46,,,1,55,,1126056,46,,,1,14,,1126073,46,,,1,14,,947163,46,,,1,12,,1126044,46,,,1,54,,1126040,46,,,1,13,,1126049,46,,,1,15,,1126039,46,,,1,15,,1126060,46,,,1,54,,1094185,46,,,1,15,,1126075,46,,,1,28,,1126065,46,,,1,69,,1126079,46,,,1,25,,1126078,46,,,1,70,,1126059,46,,,1,30,,1126031,46,,,1,70,,1126043,46,,,1,29,,1090922,46,,,1,66,,1126062,46,,,1,27,,1126051,46,,,1,69,,1126048,46,,,1,40,,1126047,29,,,1,70,,1126045,29,,,1
2501,'17',800,,1126096,29,,,1,30,,1126108,29,,,1,70,,1126102,29,,,1,31,,1126109,41,,,1,70,,1126083,41,,,1,31,,1126081,41,,,1,70,,1126100,41,,,1,30,,1126104,41,,,1,70,,1126091,41,,,1,30,,1126095,41,,,1,70,,1126084,41,,,1,30,,1126093,41,,,1,70,,1126088,41,,,1,30,,1126097,41,,,1,70,,1126082,41,,,1,30,,1126112,41,,,1,70,,1126107,41,,,1,30,,1126098,41,,,1,70,,1126099,41,,,1,30,,1126087,41,,,1,70,,1126094,41,,,1,29,,1126114,41,,,1,70,,1126086,41,,,1,30,,1126110,41,,,1,70,,1126085,29,,,1,30,,1126113,41,,,1,70,,1126111,29,,,1,29,,1126103,41,,,1,70,,1126101,29,,,1,30,,1126106,41,,,1,70,,1126092,29,,,1,30,,1126105,29,,,1,70,,1126090,29,,,1,30,,1126089,29,,,1
2501,'2',739,,1126136,29,,,1,72,,1126123,41,,,1,30,,1126140,29,,,1,70,,1126138,41,,,1,31,,1126134,41,,,1,70,,1066732,41,,,1,31,,1126135,41,,,1,70,,1040168,41,,,1,30,,1126126,41,,,1,70,,1067163,41,,,1,30,,1126143,41,,,1,70,,1126116,41,,,1,30,,1081506,41,,,1,70,,1126129,41,,,1,30,,1126124,41,,,1,70,,1126121,41,,,1,30,,1092619,41,,,1,70,,1126118,41,,,1,30,,1126117,41,,,1,70,,1126133,41,,,1,30,,1126128,41,,,1,70,,1126132,41,,,1,29,,1126141,41,,,1,70,,1126137,41,,,1,30,,1126131,41,,,1,69,,1096011,29,,,1,30,,1126139,41,,,1,70,,1126115,29,,,1,29,,1126130,41,,,1,70,,1126119,29,,,1,30,,1092617,41,,,1,70,,1126122,29,,,1,30,,1126127,41,,,1,70,,1126120,29,,,1,30,,1126142,29,,,1,70,,1126125,29,,,1,30,,1085795,29,,,1
2501,'3',800,,1126159,29,,,1,30,,1126171,29,,,1,70,,1126165,29,,,1,31,,1126172,41,,,1,70,,1126146,41,,,1,31,,1126144,41,,,1,70,,1126163,41,,,1,30,,1126167,41,,,1,70,,1126154,41,,,1,30,,1126158,41,,,1,70,,1126147,41,,,1,30,,1126156,41,,,1,70,,1126151,41,,,1,30,,1126160,41,,,1,70,,1126145,41,,,1,30,,1126175,41,,,1,70,,1126170,41,,,1,30,,1126161,41,,,1,70,,1126162,41,,,1,30,,1126150,41,,,1,70,,1126157,41,,,1,29,,1126177,41,,,1,70,,1126149,41,,,1,30,,1126173,41,,,1,70,,1126148,29,,,1,30,,1126176,41,,,1,70,,1126174,29,,,1,29,,1126166,41,,,1,70,,1126164,29,,,1,30,,1126169,41,,,1,70,,1126155,29,,,1,30,,1126168,29,,,1,70,,1126153,29,,,1,30,,1126152,29,,,1
2501,'4',800,,1126192,29,,,1,30,,1126184,29,,,1,70,,1126193,29,,,1,31,,1126179,41,,,1,70,,1126204,41,,,1,31,,1126191,41,,,1,70,,1090783,41,,,1,30,,1126196,41,,,1,70,,1126182,41,,,1,30,,1126200,41,,,1,70,,1126186,41,,,1,30,,1126180,41,,,1,70,,1126197,41,,,1,30,,1126198,41,,,1,70,,1126194,41,,,1,30,,1126181,41,,,1,70,,1001815,41,,,1,30,,1126183,41,,,1,70,,1126199,41,,,1,30,,1030639,41,,,1,70,,1092746,41,,,1,29,,1126203,41,,,1,70,,1126202,41,,,1,30,,1126187,41,,,1,70,,1126195,29,,,1,30,,1126178,41,,,1,70,,1126190,29,,,1,29,,994494,41,,,1,70,,1063481,29,,,1,30,,1126205,41,,,1,70,,1126188,29,,,1,30,,1126201,29,,,1,70,,1126185,29,,,1,30,,1126189,29,,,1
2501,'5',604,,1126251,29,,,1,29,,1126253,46,,,1,73,,1070916,46,,,1,29,,1126226,46,,,1,71,,1028173,46,,,1,30,,1126217,46,,,1,70,,1126228,46,,,1,30,,1059493,46,,,1,13,,1126225,46,,,1,54,,1126218,46,,,1,14,,1126234,46,,,1,14,,1126238,46,,,1,15,,1126255,46,,,1,55,,1126216,46,,,1,15,,1126219,46,,,1,15,,1126206,46,,,1,16,,1126209,46,,,1,55,,1126214,46,,,1,16,,1071909,46,,,1,15,,1126239,46,,,1,15,,1126233,46,,,1,55,,1126243,46,,,1,15,,1126222,46,,,1,15,,1126232,46,,,1,15,,1126250,46,,,1,55,,1094100,46,,,1,15,,1126220,46,,,1,15,,1126254,46,,,1,16,,1126208,46,,,1,56,,1126213,46,,,1,18,,1126229,46,,,1,33,,1100948,46,,,1,55,,1126231,46,,,1,15,,1126247,46,,,1,17,,1126211,46,,,1,15,,1126227,46,,,1,55,,1096111,46,,,1,14,,1126230,46,,,1,14,,1126256,46,,,1,12,,1126207,46,,,1,54,,1126245,46,,,1,13,,1126248,46,,,1,15,,1126240,46,,,1,15,,1126212,46,,,1,54,,1126235,46,,,1,15,,1126223,46,,,1,28,,1126242,46,,,1,69,,1126215,46,,,1,25,,1126237,46,,,1,70,,1126224,46,,,1,30,,1126241,46,,,1,70,,1126236,46,,,1,29,,1126221,46,,,1,66,,1126252,46,,,1,27,,1126210,46,,,1,69,,1126246,46,,,1,40,,1126257,29,,,1,70,,1126249,29,,,1
2501,'6',604,,1126282,29,,,1,29,,1126260,46,,,1,73,,1126291,46,,,1,29,,1126294,46,,,1,71,,1126270,46,,,1,30,,1053252,46,,,1,70,,1126276,46,,,1,30,,1126259,46,,,1,13,,1069662,46,,,1,54,,1126263,46,,,1,14,,1126286,46,,,1,14,,1126301,46,,,1,15,,1056497,46,,,1,55,,1126296,46,,,1,15,,1126287,46,,,1,15,,961429,46,,,1,16,,1126304,46,,,1,55,,1083323,46,,,1,16,,1126297,46,,,1,15,,1126262,46,,,1,15,,1126289,46,,,1,55,,1126293,46,,,1,15,,1126277,46,,,1,15,,1126278,46,,,1,15,,1126303,46,,,1,55,,1126261,46,,,1,15,,1126292,46,,,1,15,,1126295,46,,,1,16,,1126275,46,,,1,56,,1011547,46,,,1,18,,1126279,46,,,1,33,,1126280,46,,,1,55,,1126300,46,,,1,15,,1126267,46,,,1,17,,1126305,46,,,1,15,,1126283,46,,,1,55,,1072897,46,,,1,14,,1126298,46,,,1,14,,1126281,46,,,1,12,,1126269,46,,,1,54,,1126265,46,,,1,13,,1126274,46,,,1,15,,1126264,46,,,1,15,,1126285,46,,,1,54,,1126306,46,,,1,15,,1126299,46,,,1,28,,1126290,46,,,1,69,,1071054,46,,,1,25,,1126302,46,,,1,70,,1126284,46,,,1,30,,1126258,46,,,1,70,,1126268,46,,,1,29,,1126307,46,,,1,66,,1126288,46,,,1,27,,1057314,46,,,1,69,,1126273,46,,,1,40,,1126272,29,,,1,70,,1126271,29,,,1
2501,'7',739,,1126330,29,,,1,72,,1126325,41,,,1,30,,1126324,29,,,1,70,,1126342,41,,,1,31,,1126323,41,,,1,70,,1126311,41,,,1,31,,1126316,41,,,1,70,,1126344,41,,,1,30,,1126332,41,,,1,70,,1126331,41,,,1,30,,1126319,41,,,1,70,,1126320,41,,,1,30,,1126326,41,,,1,70,,1126312,41,,,1,30,,1126335,41,,,1,70,,1126334,41,,,1,30,,1126318,41,,,1,70,,1126315,41,,,1,30,,1126308,41,,,1,70,,1126328,41,,,1,30,,1126322,41,,,1,70,,1126309,41,,,1,29,,1126321,41,,,1,70,,1126337,41,,,1,30,,1126339,41,,,1,69,,1126314,29,,,1,30,,1126313,41,,,1,70,,1126338,29,,,1,29,,1126340,41,,,1,70,,1126329,29,,,1,30,,1126317,41,,,1,70,,1126327,29,,,1,30,,1126336,41,,,1,70,,1126310,29,,,1,30,,1126341,29,,,1,70,,1126333,29,,,1,30,,1126343,29,,,1
2501,'8',604,,1126375,29,,,1,29,,1126348,46,,,1,73,,1126385,46,,,1,29,,1126388,46,,,1,71,,1126360,46,,,1,30,,1126350,46,,,1,70,,1126367,46,,,1,30,,1126347,46,,,1,13,,1126393,46,,,1,54,,1126352,46,,,1,14,,1126379,46,,,1,14,,1126396,46,,,1,15,,1126346,46,,,1,55,,1126390,46,,,1,15,,1126380,46,,,1,15,,1126353,46,,,1,16,,1126400,46,,,1,55,,1126362,46,,,1,16,,1126391,46,,,1,15,,1126351,46,,,1,15,,1126383,46,,,1,55,,1126387,46,,,1,15,,1126369,46,,,1,15,,1126370,46,,,1,15,,1126399,46,,,1,55,,1126349,46,,,1,15,,1126386,46,,,1,15,,1126389,46,,,1,16,,1126366,46,,,1,56,,1126382,46,,,1,18,,1126371,46,,,1,33,,1126372,46,,,1,55,,1126395,46,,,1,15,,1126357,46,,,1,17,,1126401,46,,,1,15,,1126376,46,,,1,55,,1126374,46,,,1,14,,1126392,46,,,1,14,,1126373,46,,,1,12,,1126359,46,,,1,54,,1126355,46,,,1,13,,1126365,46,,,1,15,,1126354,46,,,1,15,,1126378,46,,,1,54,,1126402,46,,,1,15,,1126394,46,,,1,28,,1126384,46,,,1,69,,1126398,46,,,1,25,,1126397,46,,,1,70,,1126377,46,,,1,30,,1126345,46,,,1,70,,1126358,46,,,1,29,,1126403,46,,,1,66,,1126381,46,,,1,27,,1126368,46,,,1,69,,1126364,46,,,1,40,,1126363,29,,,1,70,,1126361,29,,,1
2501,'9',604,,1126449,29,,,1,29,,1126451,46,,,1,73,,1070808,46,,,1,29,,1126424,46,,,1,71,,1028453,46,,,1,30,,1126415,46,,,1,70,,1126426,46,,,1,30,,1067208,46,,,1,13,,1126423,46,,,1,54,,1126416,46,,,1,14,,1126432,46,,,1,14,,1126436,46,,,1,15,,1126453,46,,,1,55,,1126414,46,,,1,15,,1126417,46,,,1,15,,1126404,46,,,1,16,,1126407,46,,,1,55,,1126412,46,,,1,16,,1071837,46,,,1,15,,1126437,46,,,1,15,,1126431,46,,,1,55,,1126441,46,,,1,15,,1126420,46,,,1,15,,1126430,46,,,1,15,,1126448,46,,,1,55,,1093989,46,,,1,15,,1126418,46,,,1,15,,1126452,46,,,1,16,,1126406,46,,,1,56,,1126411,46,,,1,18,,1126427,46,,,1,33,,1100857,46,,,1,55,,1126429,46,,,1,15,,1126445,46,,,1,17,,1126409,46,,,1,15,,1126425,46,,,1,55,,1096034,46,,,1,14,,1126428,46,,,1,14,,1126454,46,,,1,12,,1126405,46,,,1,54,,1126443,46,,,1,13,,1126446,46,,,1,15,,1126438,46,,,1,15,,1126410,46,,,1,54,,1126433,46,,,1,15,,1126421,46,,,1,28,,1126440,46,,,1,69,,1126413,46,,,1,25,,1126435,46,,,1,70,,1126422,46,,,1,30,,1126439,46,,,1,70,,1126434,46,,,1,29,,1126419,46,,,1,66,,1126450,46,,,1,27,,1126408,46,,,1,69,,1126444,46,,,1,40,,1126455,29,,,1,70,,1126447,29,,,1
61200,'1',735,,1198932,32,,,1
61200,'10',735,,1198933,32,,,1
61200,'11',735,,1198934,32,,,1
61200,'12',735,,1198935,32,,,1
61200,'14',735,,1198936,32,,,1
61200,'15',735,,1198937,32,,,1
61200,'16',735,,1198938,32,,,1
61200,'5',735,,1198939,32,,,1
61200,'6',735,,1056871,32,,,1
61200,'8',735,,1198940,32,,,1
61200,'9',735,,1198941,32,,,1
