4901,'1',614,,1146248,8,,,1,30,,1146261,8,,,1,70,,1103492,8,,,1,30,,1146258,8,,,1,60,,1146265,8,,,1,21,,1146255,8,,,1,30,,1146259,8,,,1,173,,1146254,8,,,1,200,,1146250,8,,,1,200,,1146256,8,,,1,28,,1146257,8,,,1,74,,1146264,8,,,1,71,,1146252,8,,,1,31,,1146263,8,,,1,69,,1146249,8,,,1,30,,1146251,8,,,1,28,,1146253,8,,,1,75,,1146260,8,,,1,82,,1146262,8,,,1
4901,'10',614,,1146266,8,,,1,30,,1146279,8,,,1,70,,1103486,8,,,1,30,,1146276,8,,,1,60,,1146283,8,,,1,21,,1146273,8,,,1,30,,1146277,8,,,1,173,,1146272,8,,,1,200,,1146268,8,,,1,200,,1146274,8,,,1,28,,1146275,8,,,1,74,,1146282,8,,,1,71,,1146270,8,,,1,31,,1146281,8,,,1,69,,1146267,8,,,1,30,,1146269,8,,,1,28,,1146271,8,,,1,75,,1146278,8,,,1,82,,1146280,8,,,1
4901,'11',614,,1146284,8,,,1,30,,1146297,8,,,1,70,,1103494,8,,,1,30,,1146294,8,,,1,60,,1146301,8,,,1,21,,1146291,8,,,1,30,,1146295,8,,,1,173,,1146290,8,,,1,200,,1146286,8,,,1,200,,1146292,8,,,1,28,,1146293,8,,,1,74,,1146300,8,,,1,71,,1146288,8,,,1,31,,1146299,8,,,1,69,,1146285,8,,,1,30,,1146287,8,,,1,28,,1146289,8,,,1,75,,1146296,8,,,1,82,,1146298,8,,,1
4901,'12',614,,1146314,8,,,1,30,,1146307,8,,,1,70,,1146317,8,,,1,30,,1146304,8,,,1,60,,1146308,8,,,1,21,,1066081,8,,,1,30,,1146306,8,,,1,173,,1049960,8,,,1,200,,1045164,8,,,1,200,,1146310,8,,,1,28,,1146316,8,,,1,74,,1146309,8,,,1,71,,1146312,8,,,1,31,,1146313,8,,,1,69,,1146305,8,,,1,30,,1146311,8,,,1,28,,1146315,8,,,1,75,,1146302,8,,,1,82,,1146303,8,,,1
4901,'13',849,,1146325,8,,,1,100,,1091127,8,,,1,100,,1146318,8,,,1,100,,1146322,8,,,1,100,,1146323,8,,,1,100,,1146319,8,,,1,100,,1146321,8,,,1,100,,1146324,8,,,1,100,,1146326,8,,,1,100,,1146320,8,,,1
4901,'14',614,,1146327,8,,,1,30,,1146341,8,,,1,70,,1146331,8,,,1,30,,1146338,8,,,1,60,,1146345,8,,,1,21,,1146335,8,,,1,30,,1146339,8,,,1,173,,1146334,8,,,1,200,,1146329,8,,,1,200,,1146336,8,,,1,28,,1146337,8,,,1,74,,1146344,8,,,1,71,,1146332,8,,,1,31,,1146343,8,,,1,69,,1146328,8,,,1,30,,1146330,8,,,1,28,,1146333,8,,,1,75,,1146340,8,,,1,82,,1146342,8,,,1
4901,'15',614,,1146348,8,,,1,30,,1146361,8,,,1,70,,1146354,8,,,1,30,,1146351,8,,,1,60,,1146350,8,,,1,21,,1146346,8,,,1,30,,1146352,8,,,1,173,,1146363,8,,,1,200,,1146358,8,,,1,200,,1146359,8,,,1,28,,1146347,8,,,1,74,,1146364,8,,,1,71,,1146362,8,,,1,31,,1146353,8,,,1,69,,1146349,8,,,1,30,,1146360,8,,,1,28,,1146356,8,,,1,75,,1146355,8,,,1,82,,1146357,8,,,1
4901,'16',614,,1146379,8,,,1,30,,1146371,8,,,1,70,,1146380,8,,,1,30,,1146368,8,,,1,60,,1146372,8,,,1,21,,1146367,8,,,1,30,,1146370,8,,,1,173,,1146366,8,,,1,200,,1146377,8,,,1,200,,1146374,8,,,1,28,,1066571,8,,,1,74,,1146373,8,,,1,71,,1146376,8,,,1,31,,1146378,8,,,1,69,,1146369,8,,,1,30,,1146375,8,,,1,28,,1088205,8,,,1,75,,1146365,8,,,1,82,,1066982,8,,,1
4901,'17',849,,1146389,8,,,1,100,,1146381,8,,,1,100,,1146382,8,,,1,100,,1146386,8,,,1,100,,1146387,8,,,1,100,,1146383,8,,,1,100,,1146385,8,,,1,100,,1146388,8,,,1,100,,1146390,8,,,1,100,,1146384,8,,,1
4901,'2',910,,1146398,8,,,1,100,,1146391,8,,,1,100,,1146397,8,,,1,100,,1146396,8,,,1,100,,1146392,8,,,1,100,,1146393,8,,,1,100,,1146394,8,,,1,100,,1146400,8,,,1,100,,1146399,8,,,1,100,,1146395,8,,,1
4901,'3',849,,1146409,8,,,1,100,,1146401,8,,,1,100,,1146402,8,,,1,100,,1146406,8,,,1,100,,1146407,8,,,1,100,,1146403,8,,,1,100,,1146405,8,,,1,100,,1146408,8,,,1,100,,1146410,8,,,1,100,,1146404,8,,,1
4901,'4',849,,1146414,8,,,1,100,,1146417,8,,,1,100,,1146412,8,,,1,100,,1146415,8,,,1,100,,1146411,8,,,1,100,,1146416,8,,,1,100,,1037604,8,,,1,100,,1146413,8,,,1,100,,1146418,8,,,1,100,,1146419,8,,,1
4901,'5',614,,1146420,8,,,1,30,,1146433,8,,,1,70,,1103490,8,,,1,30,,1146430,8,,,1,60,,1146437,8,,,1,21,,1146427,8,,,1,30,,1146431,8,,,1,173,,1146426,8,,,1,200,,1146422,8,,,1,200,,1146428,8,,,1,28,,1146429,8,,,1,74,,1146436,8,,,1,71,,1146424,8,,,1,31,,1146435,8,,,1,69,,1146421,8,,,1,30,,1146423,8,,,1,28,,1146425,8,,,1,75,,1146432,8,,,1,82,,1146434,8,,,1
4901,'6',614,,1146451,8,,,1,30,,1146444,8,,,1,70,,1089621,8,,,1,30,,1146441,8,,,1,60,,1146445,8,,,1,21,,1146440,8,,,1,30,,1146443,8,,,1,173,,1146438,8,,,1,200,,1146449,8,,,1,200,,1146447,8,,,1,28,,1146453,8,,,1,74,,1146446,8,,,1,71,,1146448,8,,,1,31,,1146450,8,,,1,69,,1146442,8,,,1,30,,999985,8,,,1,28,,1146452,8,,,1,75,,1081432,8,,,1,82,,1146439,8,,,1
4901,'7',910,,1146458,8,,,1,100,,1146459,8,,,1,100,,1146454,8,,,1,100,,1146455,8,,,1,100,,1146461,8,,,1,100,,1146457,8,,,1,100,,1146456,8,,,1,100,,1146462,8,,,1,100,,1146460,8,,,1,100,,1146463,8,,,1
4901,'8',614,,1146479,8,,,1,30,,1146471,8,,,1,70,,1146482,8,,,1,30,,1146468,8,,,1,60,,1146472,8,,,1,21,,1146467,8,,,1,30,,1146470,8,,,1,173,,1146465,8,,,1,200,,1146477,8,,,1,200,,1146474,8,,,1,28,,1146481,8,,,1,74,,1146473,8,,,1,71,,1146476,8,,,1,31,,1146478,8,,,1,69,,1146469,8,,,1,30,,1146475,8,,,1,28,,1146480,8,,,1,75,,1146464,8,,,1,82,,1146466,8,,,1
4901,'9',614,,1146483,8,,,1,30,,1146496,8,,,1,70,,1103488,8,,,1,30,,1146493,8,,,1,60,,1146500,8,,,1,21,,1146490,8,,,1,30,,1146494,8,,,1,173,,1146489,8,,,1,200,,1146485,8,,,1,200,,1146491,8,,,1,28,,1146492,8,,,1,74,,1146499,8,,,1,71,,1146487,8,,,1,31,,1146498,8,,,1,69,,1146484,8,,,1,30,,1146486,8,,,1,28,,1146488,8,,,1,75,,1146495,8,,,1,82,,1146497,8,,,1
