16100,'1',553,,1189841,42,0,44,1,77,,1189846,42,0,44,1,15,,1189852,42,0,44,1,70,,1189847,42,0,44,1,30,,1189848,42,0,44,1,70,,941636,42,0,44,1,31,,1189831,42,0,44,1,69,,1189829,42,0,44,1,27,,1189826,42,0,44,1,70,,1189827,42,0,44,1,30,,1189833,42,0,44,1,70,,1189834,42,0,44,1,30,,1189849,42,0,44,1,70,,1189840,42,0,44,1,30,,1189830,42,0,44,1,70,,1050835,42,0,44,1,30,,1189837,42,0,44,1,70,,1189851,42,0,44,1,30,,1005998,42,0,44,1,70,,1189843,42,0,44,1,3,,1189842,25,0,44,1,10,,1189838,25,0,44,1,21,,1189850,42,0,44,1,72,,1189844,42,,,1,28,,1069825,42,,,1,70,,1063611,42,,,1,30,,1189836,42,,,1,70,,1189845,42,,,1,25,,1189832,42,,,1,70,,1189835,42,,,1,30,,1036010,42,0,44,1,70,,1007270,42,0,44,1,27,,1189839,42,0,44,1,70,,1189853,42,0,44,1,30,,1189828,42,0,44,1,70,,1098875,42,0,44,1,100,,1069814,42,0,44,1
16100,'10',553,,1189869,42,0,44,1,77,,1189874,42,0,44,1,15,,1189880,42,0,44,1,70,,1189875,42,0,44,1,30,,1189876,42,0,44,1,70,,941363,42,0,44,1,31,,1189859,42,0,44,1,69,,1189857,42,0,44,1,27,,1189854,42,0,44,1,70,,1189855,42,0,44,1,30,,1189861,42,0,44,1,70,,1189862,42,0,44,1,30,,1189877,42,0,44,1,70,,1189868,42,0,44,1,30,,1189858,42,0,44,1,70,,1051011,42,0,44,1,30,,1189865,42,0,44,1,70,,1189879,42,0,44,1,30,,1006095,42,0,44,1,70,,1189871,42,0,44,1,3,,1189870,25,0,44,1,10,,1189866,25,0,44,1,21,,1189878,42,0,44,1,72,,1189872,42,,,1,28,,1069680,42,,,1,70,,1063307,42,,,1,30,,1189864,42,,,1,70,,1189873,42,,,1,25,,1189860,42,,,1,70,,1189863,42,,,1,30,,1036228,42,0,44,1,70,,1007279,42,0,44,1,27,,1189867,42,0,44,1,70,,1189881,42,0,44,1,30,,1189856,42,0,44,1,70,,1098784,42,0,44,1,100,,1069669,42,0,44,1
16100,'11',553,,1189897,42,0,44,1,77,,1189902,42,0,44,1,15,,1189908,42,0,44,1,70,,1189903,42,0,44,1,30,,1189904,42,0,44,1,70,,941586,42,0,44,1,31,,1189887,42,0,44,1,69,,1189885,42,0,44,1,27,,1189882,42,0,44,1,70,,1189883,42,0,44,1,30,,1189889,42,0,44,1,70,,1189890,42,0,44,1,30,,1189905,42,0,44,1,70,,1189896,42,0,44,1,30,,1189886,42,0,44,1,70,,1050783,42,0,44,1,30,,1189893,42,0,44,1,70,,1189907,42,0,44,1,30,,1005968,42,0,44,1,70,,1189899,42,0,44,1,3,,1189898,25,0,44,1,10,,1189894,25,0,44,1,21,,1189906,42,0,44,1,72,,1189900,42,,,1,28,,1069869,42,,,1,70,,1063703,42,,,1,30,,1189892,42,,,1,70,,1189901,42,,,1,25,,1189888,42,,,1,70,,1189891,42,,,1,30,,1035947,42,0,44,1,70,,1007267,42,0,44,1,27,,1189895,42,0,44,1,70,,1189909,42,0,44,1,30,,1189884,42,0,44,1,70,,1098903,42,0,44,1,100,,1069858,42,0,44,1
16100,'12',553,,1189916,42,0,44,1,77,,1091851,42,0,44,1,15,,1189911,42,0,44,1,70,,1097767,42,0,44,1,30,,1189914,42,0,44,1,70,,1189936,42,0,44,1,31,,1189931,42,0,44,1,69,,1189910,42,0,44,1,27,,1189928,42,0,44,1,70,,1189923,42,0,44,1,30,,1189940,42,0,44,1,70,,1189915,42,0,44,1,30,,1189933,42,0,44,1,70,,1189932,42,0,44,1,30,,1081296,42,0,44,1,70,,975741,42,0,44,1,30,,1189913,42,0,44,1,70,,1189922,42,0,44,1,30,,983286,42,0,44,1,70,,1096374,42,0,44,1,3,,1189939,25,0,44,1,10,,1189926,25,0,44,1,21,,1189938,42,0,44,1,72,,1189934,42,,,1,28,,1189930,42,,,1,70,,1189924,42,,,1,30,,1189920,42,,,1,70,,1189925,42,,,1,25,,1189917,42,,,1,70,,1189919,42,,,1,30,,1189929,42,0,44,1,70,,1189918,42,0,44,1,27,,1189937,42,0,44,1,70,,1189912,42,0,44,1,30,,1189927,42,0,44,1,70,,1189935,42,0,44,1,100,,1189921,42,0,44,1
16100,'13',737,,1189944,42,0,44,1,100,,1189947,42,0,44,1,100,,1085156,42,0,44,1,101,,1069259,42,0,44,1,100,,1189943,42,0,44,1,102,,1189948,42,0,44,1,100,,1189941,42,0,44,1,100,,1189953,42,0,44,1,100,,1189951,42,0,44,1,100,,1189955,42,0,44,1,100,,1189949,42,0,44,1,98,,1189945,42,0,44,1,100,,1189946,42,0,44,1,100,,1189942,42,0,44,1,99,,1189952,42,0,44,1,100,,1189954,42,0,44,1,100,,1189950,42,0,44,1
16100,'14',553,,1189980,42,0,44,1,77,,1189985,42,0,44,1,15,,1189991,42,0,44,1,70,,1189986,42,0,44,1,30,,1189987,42,0,44,1,70,,1189956,42,0,44,1,31,,1189969,42,0,44,1,69,,1189966,42,0,44,1,27,,1189957,42,0,44,1,70,,1189961,42,0,44,1,30,,1189971,42,0,44,1,70,,1189972,42,0,44,1,30,,1189988,42,0,44,1,70,,1189979,42,0,44,1,30,,1189968,42,0,44,1,70,,1189959,42,0,44,1,30,,1189975,42,0,44,1,70,,1189990,42,0,44,1,30,,1189965,42,0,44,1,70,,1189982,42,0,44,1,3,,1189981,25,0,44,1,10,,1189977,25,0,44,1,21,,1189989,42,0,44,1,72,,1189983,42,,,1,28,,1189976,42,,,1,70,,1189963,42,,,1,30,,1189974,42,,,1,70,,1189984,42,,,1,25,,1189970,42,,,1,70,,1189973,42,,,1,30,,1189964,42,0,44,1,70,,1189960,42,0,44,1,27,,1189978,42,0,44,1,70,,1189992,42,0,44,1,30,,1189962,42,0,44,1,70,,1189967,42,0,44,1,100,,1189958,42,0,44,1
16100,'15',553,,1190017,42,0,44,1,77,,1189994,42,0,44,1,15,,1190022,42,0,44,1,70,,1189993,42,0,44,1,30,,1190011,42,0,44,1,70,,1190016,42,0,44,1,31,,1190023,42,0,44,1,69,,1190010,42,0,44,1,27,,1190003,42,0,44,1,70,,1190018,42,0,44,1,30,,1190012,42,0,44,1,70,,1190025,42,0,44,1,30,,1190019,42,0,44,1,70,,1190027,42,0,44,1,30,,1190007,42,0,44,1,70,,1189997,42,0,44,1,30,,1190005,42,0,44,1,70,,1190014,42,0,44,1,30,,1190001,42,0,44,1,70,,1190026,42,0,44,1,3,,1190002,25,0,44,1,10,,1190028,25,0,44,1,21,,1190029,42,0,44,1,72,,1189995,42,,,1,28,,1190004,42,,,1,70,,1190021,42,,,1,30,,1190020,42,,,1,70,,1190000,42,,,1,25,,1190015,42,,,1,70,,1190009,42,,,1,30,,1190013,42,0,44,1,70,,1190006,42,0,44,1,27,,1189999,42,0,44,1,70,,1189998,42,0,44,1,30,,1190024,42,0,44,1,70,,1190008,42,0,44,1,100,,1189996,42,0,44,1
16100,'16',553,,1190037,42,0,44,1,77,,1190060,42,0,44,1,15,,1086708,42,0,44,1,70,,1190032,42,0,44,1,30,,1190033,42,0,44,1,70,,1190056,42,0,44,1,31,,1190051,42,0,44,1,69,,1089230,42,0,44,1,27,,1190049,42,0,44,1,70,,1190044,42,0,44,1,30,,1022127,42,0,44,1,70,,1013538,42,0,44,1,30,,1190053,42,0,44,1,70,,1190052,42,0,44,1,30,,1190035,42,0,44,1,70,,1190036,42,0,44,1,30,,922163,42,0,44,1,70,,1190043,42,0,44,1,30,,1190030,42,0,44,1,70,,1190034,42,0,44,1,3,,1190059,25,0,44,1,10,,1190047,25,0,44,1,21,,1190058,42,0,44,1,72,,1190054,42,,,1,28,,1190050,42,,,1,70,,1190045,42,,,1,30,,1190041,42,,,1,70,,1190046,42,,,1,25,,1190038,42,,,1,70,,1190040,42,,,1,30,,1078754,42,0,44,1,70,,1190039,42,0,44,1,27,,1190057,42,0,44,1,70,,1190031,42,0,44,1,30,,1190048,42,0,44,1,70,,1190055,42,0,44,1,100,,1190042,42,0,44,1
16100,'17',737,,1190066,42,0,44,1,100,,1190069,42,0,44,1,100,,1190061,42,0,44,1,101,,1190064,42,0,44,1,100,,1190065,42,0,44,1,102,,1190070,42,0,44,1,100,,1190062,42,0,44,1,100,,1190075,42,0,44,1,100,,1190073,42,0,44,1,100,,1190077,42,0,44,1,100,,1190071,42,0,44,1,98,,1190067,42,0,44,1,100,,1190068,42,0,44,1,100,,1190063,42,0,44,1,99,,1190074,42,0,44,1,100,,1190076,42,0,44,1,100,,1190072,42,0,44,1
16100,'2',732,,1190084,42,0,44,1,100,,1190085,42,0,44,1,100,,1190088,42,0,44,1,101,,1190082,42,0,44,1,100,,1190089,42,0,44,1,102,,1190081,42,0,44,1,100,,1190091,42,0,44,1,100,,1190086,42,0,44,1,100,,1190083,42,0,44,1,100,,1094709,42,0,44,1,100,,1190078,42,0,44,1,98,,1190079,42,0,44,1,100,,1098264,42,0,44,1,100,,1190087,42,0,44,1,99,,1190080,42,0,44,1,100,,1190090,42,0,44,1
16100,'3',737,,1190097,42,0,44,1,100,,1190100,42,0,44,1,100,,1190092,42,0,44,1,101,,1190095,42,0,44,1,100,,1190096,42,0,44,1,102,,1190101,42,0,44,1,100,,1190093,42,0,44,1,100,,1190106,42,0,44,1,100,,1190104,42,0,44,1,100,,1190108,42,0,44,1,100,,1190102,42,0,44,1,98,,1190098,42,0,44,1,100,,1190099,42,0,44,1,100,,1190094,42,0,44,1,99,,1190105,42,0,44,1,100,,1190107,42,0,44,1,100,,1190103,42,0,44,1
16100,'4',737,,1190111,42,0,44,1,100,,1190116,42,0,44,1,100,,1190120,42,0,44,1,101,,1190119,42,0,44,1,100,,1190122,42,0,44,1,102,,1190112,42,0,44,1,100,,1190113,42,0,44,1,100,,1190123,42,0,44,1,100,,1190110,42,0,44,1,100,,1190117,42,0,44,1,100,,1190118,42,0,44,1,98,,1190115,42,0,44,1,100,,1190114,42,0,44,1,100,,1190109,42,0,44,1,99,,1190124,42,0,44,1,100,,1070852,42,0,44,1,100,,1190121,42,0,44,1
16100,'5',553,,1190140,42,0,44,1,77,,1190145,42,0,44,1,15,,1190151,42,0,44,1,70,,1190146,42,0,44,1,30,,1190147,42,0,44,1,70,,941788,42,0,44,1,31,,1190130,42,0,44,1,69,,1190128,42,0,44,1,27,,1190125,42,0,44,1,70,,1190126,42,0,44,1,30,,1190132,42,0,44,1,70,,1190133,42,0,44,1,30,,1190148,42,0,44,1,70,,1190139,42,0,44,1,30,,1190129,42,0,44,1,70,,1050546,42,0,44,1,30,,1190136,42,0,44,1,70,,1190150,42,0,44,1,30,,1005827,42,0,44,1,70,,1190142,42,0,44,1,3,,1190141,25,0,44,1,10,,1190137,25,0,44,1,21,,1190149,42,0,44,1,72,,1190143,42,,,1,28,,1069802,42,,,1,70,,1063571,42,,,1,30,,1190135,42,,,1,70,,1190144,42,,,1,25,,1190131,42,,,1,70,,1190134,42,,,1,30,,1035603,42,0,44,1,70,,1007258,42,0,44,1,27,,1190138,42,0,44,1,70,,1190152,42,0,44,1,30,,1190127,42,0,44,1,70,,1098858,42,0,44,1,100,,1069791,42,0,44,1
16100,'6',553,,1190163,42,0,44,1,77,,1190187,42,0,44,1,15,,1190154,42,0,44,1,70,,1190157,42,0,44,1,30,,1190158,42,0,44,1,70,,1190183,42,0,44,1,31,,1190178,42,0,44,1,69,,1190153,42,0,44,1,27,,1190175,42,0,44,1,70,,1190170,42,0,44,1,30,,1190188,42,0,44,1,70,,1190159,42,0,44,1,30,,1190180,42,0,44,1,70,,1190179,42,0,44,1,30,,1190161,42,0,44,1,70,,1190162,42,0,44,1,30,,1190156,42,0,44,1,70,,1190169,42,0,44,1,30,,1190155,42,0,44,1,70,,1190160,42,0,44,1,3,,1190186,25,0,44,1,10,,1190173,25,0,44,1,21,,1190185,42,0,44,1,72,,1190181,42,,,1,28,,1190177,42,,,1,70,,1190171,42,,,1,30,,1190167,42,,,1,70,,1190172,42,,,1,25,,1190164,42,,,1,70,,1190166,42,,,1,30,,1190176,42,0,44,1,70,,1190165,42,0,44,1,27,,1190184,42,0,44,1,70,,1081118,42,0,44,1,30,,1190174,42,0,44,1,70,,1190182,42,0,44,1,100,,1190168,42,0,44,1
16100,'7',732,,1190190,42,0,44,1,100,,1190198,42,0,44,1,100,,1190191,42,0,44,1,101,,1190193,42,0,44,1,100,,1190204,42,0,44,1,102,,1190192,42,0,44,1,100,,1190196,42,0,44,1,100,,1190202,42,0,44,1,100,,1190194,42,0,44,1,100,,1190200,42,0,44,1,100,,1190201,42,0,44,1,98,,1190189,42,0,44,1,100,,1190199,42,0,44,1,100,,1190195,42,0,44,1,99,,1190197,42,0,44,1,100,,1190203,42,0,44,1
16100,'8',553,,1190216,42,0,44,1,77,,1190240,42,0,44,1,15,,1190206,42,0,44,1,70,,1190210,42,0,44,1,30,,1190211,42,0,44,1,70,,1190236,42,0,44,1,31,,1190231,42,0,44,1,69,,1190205,42,0,44,1,27,,1190228,42,0,44,1,70,,1190223,42,0,44,1,30,,1190241,42,0,44,1,70,,1190212,42,0,44,1,30,,1190233,42,0,44,1,70,,1190232,42,0,44,1,30,,1190214,42,0,44,1,70,,1190215,42,0,44,1,30,,1190209,42,0,44,1,70,,1190222,42,0,44,1,30,,1190207,42,0,44,1,70,,1190213,42,0,44,1,3,,1190239,25,0,44,1,10,,1190226,25,0,44,1,21,,1190238,42,0,44,1,72,,1190234,42,,,1,28,,1190230,42,,,1,70,,1190224,42,,,1,30,,1190220,42,,,1,70,,1190225,42,,,1,25,,1190217,42,,,1,70,,1190219,42,,,1,30,,1190229,42,0,44,1,70,,1190218,42,0,44,1,27,,1190237,42,0,44,1,70,,1190208,42,0,44,1,30,,1190227,42,0,44,1,70,,1190235,42,0,44,1,100,,1190221,42,0,44,1
16100,'9',553,,1190257,42,0,44,1,77,,1190262,42,0,44,1,15,,1190268,42,0,44,1,70,,1190263,42,0,44,1,30,,1190264,42,0,44,1,70,,941738,42,0,44,1,31,,1190247,42,0,44,1,69,,1190245,42,0,44,1,27,,1190242,42,0,44,1,70,,1190243,42,0,44,1,30,,1190249,42,0,44,1,70,,1190250,42,0,44,1,30,,1190265,42,0,44,1,70,,1190256,42,0,44,1,30,,1190246,42,0,44,1,70,,1050887,42,0,44,1,30,,1190253,42,0,44,1,70,,1190267,42,0,44,1,30,,1006028,42,0,44,1,70,,1190259,42,0,44,1,3,,1190258,25,0,44,1,10,,1190254,25,0,44,1,21,,1190266,42,0,44,1,72,,1190260,42,,,1,28,,1069726,42,,,1,70,,1063400,42,,,1,30,,1190252,42,,,1,70,,1190261,42,,,1,25,,1190248,42,,,1,70,,1190251,42,,,1,30,,1036073,42,0,44,1,70,,1007273,42,0,44,1,27,,1190255,42,0,44,1,70,,1190269,42,0,44,1,30,,1190244,42,0,44,1,70,,1098814,42,0,44,1,100,,1069715,42,0,44,1
