9000,'1',633,,1177074,27,0,41,1,70,,1177089,27,0,41,1,15,,1177092,27,0,41,1,15,,1177049,27,0,41,1,16,,1177090,27,0,41,1,54,,1177082,27,0,41,1,15,,1177058,27,0,41,1,15,,1177087,27,0,41,1,15,,1177070,27,0,41,1,55,,1177073,27,0,41,1,15,,1177075,27,0,41,1,15,,1177076,27,0,41,1,16,,1012330,27,0,41,1,55,,1177045,27,0,41,1,15,,1177065,27,0,41,1,15,,1177059,27,0,41,1,15,,1177054,27,0,41,1,55,,1177053,27,0,41,1,15,,1177051,27,0,41,1,15,,1177086,27,0,41,1,15,,1177050,27,0,41,1,55,,1080755,27,0,41,1,15,,1177091,27,0,41,1,16,,1177079,27,0,41,1,15,,1177046,27,0,41,1,55,,1177088,27,0,41,1,15,,1177083,27,0,41,1,15,,1177081,27,0,41,1,15,,1177084,27,0,41,1,55,,1177042,27,0,41,1,15,,1177048,27,0,41,1,15,,1177077,27,0,41,1,16,,1177061,27,0,41,1,70,,1045867,27,0,41,1,17,,1177072,27,0,41,1,13,,1177052,27,0,41,1,57,,1177062,27,0,41,1,13,,1177043,27,0,41,1,17,,1177041,27,0,41,1,15,,1177057,27,0,41,1,55,,1177044,27,0,41,1,15,,1177063,27,0,41,1,14,,1177039,27,0,41,1,14,,1177040,27,0,41,1,54,,1177066,27,0,41,1,14,,1177038,27,0,41,1,14,,1177071,27,0,41,1,12,,1177047,27,0,41,1,70,,1177060,27,0,41,1,30,,1177068,27,0,41,1,70,,1177080,27,0,41,1,30,,1177085,27,0,41,1,70,,1177078,27,0,41,1,30,,1071925,27,0,41,1,70,,1081660,27,0,41,1,29,,1177069,27,0,41,1,70,,1177055,27,0,41,1,31,,957167,27,0,41,1,70,,1177056,27,0,41,1,30,,1177067,27,0,41,1
9000,'10',633,,1177129,27,0,41,1,70,,1177144,27,0,41,1,15,,1177147,27,0,41,1,15,,1177104,27,0,41,1,16,,1177145,27,0,41,1,54,,1177137,27,0,41,1,15,,1177113,27,0,41,1,15,,1177142,27,0,41,1,15,,1177125,27,0,41,1,55,,1177128,27,0,41,1,15,,1177130,27,0,41,1,15,,1177131,27,0,41,1,16,,1012413,27,0,41,1,55,,1177100,27,0,41,1,15,,1177120,27,0,41,1,15,,1177114,27,0,41,1,15,,1177109,27,0,41,1,55,,1177108,27,0,41,1,15,,1177106,27,0,41,1,15,,1177141,27,0,41,1,15,,1177105,27,0,41,1,55,,1080582,27,0,41,1,15,,1177146,27,0,41,1,16,,1177134,27,0,41,1,15,,1177101,27,0,41,1,55,,1177143,27,0,41,1,15,,1177138,27,0,41,1,15,,1177136,27,0,41,1,15,,1177139,27,0,41,1,55,,1177097,27,0,41,1,15,,1177103,27,0,41,1,15,,1177132,27,0,41,1,16,,1177116,27,0,41,1,70,,1045910,27,0,41,1,17,,1177127,27,0,41,1,13,,1177107,27,0,41,1,57,,1177117,27,0,41,1,13,,1177098,27,0,41,1,17,,1177096,27,0,41,1,15,,1177112,27,0,41,1,55,,1177099,27,0,41,1,15,,1177118,27,0,41,1,14,,1177094,27,0,41,1,14,,1177095,27,0,41,1,54,,1177121,27,0,41,1,14,,1177093,27,0,41,1,14,,1177126,27,0,41,1,12,,1177102,27,0,41,1,70,,1177115,27,0,41,1,30,,1177123,27,0,41,1,70,,1177135,27,0,41,1,30,,1177140,27,0,41,1,70,,1177133,27,0,41,1,30,,1071779,27,0,41,1,70,,1081468,27,0,41,1,29,,1177124,27,0,41,1,70,,1177110,27,0,41,1,31,,957021,27,0,41,1,70,,1177111,27,0,41,1,30,,1177122,27,0,41,1
9000,'11',633,,1177184,27,0,41,1,70,,1177199,27,0,41,1,15,,1177202,27,0,41,1,15,,1177159,27,0,41,1,16,,1177200,27,0,41,1,54,,1177192,27,0,41,1,15,,1177168,27,0,41,1,15,,1177197,27,0,41,1,15,,1177180,27,0,41,1,55,,1177183,27,0,41,1,15,,1177185,27,0,41,1,15,,1177186,27,0,41,1,16,,1012307,27,0,41,1,55,,1177155,27,0,41,1,15,,1177175,27,0,41,1,15,,1177169,27,0,41,1,15,,1177164,27,0,41,1,55,,1177163,27,0,41,1,15,,1177161,27,0,41,1,15,,1177196,27,0,41,1,15,,1177160,27,0,41,1,55,,1080812,27,0,41,1,15,,1177201,27,0,41,1,16,,1177189,27,0,41,1,15,,1177156,27,0,41,1,55,,1177198,27,0,41,1,15,,1177193,27,0,41,1,15,,1177191,27,0,41,1,15,,1177194,27,0,41,1,55,,1177152,27,0,41,1,15,,1177158,27,0,41,1,15,,1177187,27,0,41,1,16,,1177171,27,0,41,1,70,,1045856,27,0,41,1,17,,1177182,27,0,41,1,13,,1177162,27,0,41,1,57,,1177172,27,0,41,1,13,,1177153,27,0,41,1,17,,1177151,27,0,41,1,15,,1177167,27,0,41,1,55,,1177154,27,0,41,1,15,,1177173,27,0,41,1,14,,1177149,27,0,41,1,14,,1177150,27,0,41,1,54,,1177176,27,0,41,1,14,,1177148,27,0,41,1,14,,1177181,27,0,41,1,12,,1177157,27,0,41,1,70,,1177170,27,0,41,1,30,,1177178,27,0,41,1,70,,1177190,27,0,41,1,30,,1177195,27,0,41,1,70,,1177188,27,0,41,1,30,,1071971,27,0,41,1,70,,1081717,27,0,41,1,29,,1177179,27,0,41,1,70,,1177165,27,0,41,1,31,,957146,27,0,41,1,70,,1177166,27,0,41,1,30,,1177177,27,0,41,1
9000,'12',633,,1177208,27,0,41,1,70,,1177236,27,0,41,1,15,,1177239,27,0,41,1,15,,1177234,27,0,41,1,16,,1177245,27,0,41,1,54,,1177251,27,0,41,1,15,,1177228,27,0,41,1,15,,1177217,27,0,41,1,15,,1085926,27,0,41,1,55,,1177223,27,0,41,1,15,,1177237,27,0,41,1,15,,1177241,27,0,41,1,16,,1177238,27,0,41,1,55,,1177248,27,0,41,1,15,,1177250,27,0,41,1,15,,1177246,27,0,41,1,15,,1177226,27,0,41,1,55,,1094079,27,0,41,1,15,,1177215,27,0,41,1,15,,1001500,27,0,41,1,15,,1177218,27,0,41,1,55,,1177242,27,0,41,1,15,,1177229,27,0,41,1,16,,1177225,27,0,41,1,15,,1177233,27,0,41,1,55,,1177205,27,0,41,1,15,,1177206,27,0,41,1,15,,1080439,27,0,41,1,15,,1177211,27,0,41,1,55,,1177219,27,0,41,1,15,,1177207,27,0,41,1,15,,1096099,27,0,41,1,16,,1072801,27,0,41,1,70,,1100209,27,0,41,1,17,,1177255,27,0,41,1,13,,1177203,27,0,41,1,57,,1177232,27,0,41,1,13,,1177230,27,0,41,1,17,,1177224,27,0,41,1,15,,1177243,27,0,41,1,55,,1177227,27,0,41,1,15,,1177247,27,0,41,1,14,,1177210,27,0,41,1,14,,1177204,27,0,41,1,54,,1177214,27,0,41,1,14,,1177253,27,0,41,1,14,,1177254,27,0,41,1,12,,1177252,27,0,41,1,70,,1177220,27,0,41,1,30,,1177209,27,0,41,1,70,,1177244,27,0,41,1,30,,1177231,27,0,41,1,70,,1177249,27,0,41,1,30,,1177240,27,0,41,1,70,,1177235,27,0,41,1,29,,1177222,27,0,41,1,70,,1008172,27,0,41,1,31,,1177213,27,0,41,1,70,,1177216,27,0,41,1,30,,1177212,27,0,41,1
9000,'13',718,,1177272,27,0,41,1,30,,1177261,27,0,41,1,70,,1177259,27,0,41,1,30,,1177269,27,0,41,1,70,,1024002,27,0,41,1,30,,1177257,27,0,41,1,71,,1177281,27,0,41,1,30,,1177274,27,0,41,1,70,,1177278,27,0,41,1,30,,1177263,27,0,41,1,70,,1177265,27,0,41,1,30,,1177273,27,0,41,1,70,,1177267,27,0,41,1,30,,1177280,27,0,41,1,71,,1177282,27,0,41,1,30,,1177271,27,0,41,1,70,,1030204,27,0,41,1,30,,1101325,27,0,41,1,70,,1044844,27,0,41,1,30,,1177264,27,0,41,1,70,,1177275,27,0,41,1,30,,1177260,27,0,41,1,70,,1177268,27,0,41,1,30,,1177270,27,0,41,1,70,,1177258,27,0,41,1,30,,1177266,27,0,41,1,69,,1177277,27,0,41,1,30,,1177276,27,0,41,1,70,,1177283,27,0,41,1,30,,1073560,27,0,41,1,70,,1177256,27,0,41,1,30,,1177262,27,0,41,1,70,,1177279,27,0,41,1
9000,'14',633,,1177323,27,0,41,1,70,,1177338,27,0,41,1,15,,1177344,27,0,41,1,15,,1177298,27,0,41,1,16,,1177340,27,0,41,1,54,,1177331,27,0,41,1,15,,1177307,27,0,41,1,15,,1177336,27,0,41,1,15,,1177319,27,0,41,1,55,,1177322,27,0,41,1,15,,1177324,27,0,41,1,15,,1177325,27,0,41,1,16,,1177339,27,0,41,1,55,,1177294,27,0,41,1,15,,1177314,27,0,41,1,15,,1177308,27,0,41,1,15,,1177303,27,0,41,1,55,,1177302,27,0,41,1,15,,1177300,27,0,41,1,15,,1177335,27,0,41,1,15,,1177299,27,0,41,1,55,,1177342,27,0,41,1,15,,1177341,27,0,41,1,16,,1177328,27,0,41,1,15,,1177295,27,0,41,1,55,,1177337,27,0,41,1,15,,1177332,27,0,41,1,15,,1177330,27,0,41,1,15,,1177333,27,0,41,1,55,,1177291,27,0,41,1,15,,1177297,27,0,41,1,15,,1177326,27,0,41,1,16,,1177310,27,0,41,1,70,,1177284,27,0,41,1,17,,1177321,27,0,41,1,13,,1177301,27,0,41,1,57,,1177311,27,0,41,1,13,,1177292,27,0,41,1,17,,1177289,27,0,41,1,15,,1177306,27,0,41,1,55,,1177293,27,0,41,1,15,,1177312,27,0,41,1,14,,1177287,27,0,41,1,14,,1177288,27,0,41,1,54,,1177315,27,0,41,1,14,,1177286,27,0,41,1,14,,1177320,27,0,41,1,12,,1177296,27,0,41,1,70,,1177309,27,0,41,1,30,,1177317,27,0,41,1,70,,1177329,27,0,41,1,30,,1177334,27,0,41,1,70,,1177327,27,0,41,1,30,,1177290,27,0,41,1,70,,1177285,27,0,41,1,29,,1177318,27,0,41,1,70,,1177304,27,0,41,1,31,,1177343,27,0,41,1,70,,1177305,27,0,41,1,30,,1177316,27,0,41,1
9000,'15',633,,1177402,27,0,41,1,70,,1177404,27,0,41,1,15,,1177368,27,0,41,1,15,,1177367,27,0,41,1,16,,1177359,27,0,41,1,54,,1177348,27,0,41,1,15,,1177371,27,0,41,1,15,,1177384,27,0,41,1,15,,1177387,27,0,41,1,55,,1177365,27,0,41,1,15,,1177354,27,0,41,1,15,,1177388,27,0,41,1,16,,1177378,27,0,41,1,55,,1177351,27,0,41,1,15,,1177375,27,0,41,1,15,,1177345,27,0,41,1,15,,1177366,27,0,41,1,55,,1177397,27,0,41,1,15,,1177390,27,0,41,1,15,,1177373,27,0,41,1,15,,1177396,27,0,41,1,55,,1177398,27,0,41,1,15,,1177353,27,0,41,1,16,,1177380,27,0,41,1,15,,1177355,27,0,41,1,55,,1177401,27,0,41,1,15,,1177395,27,0,41,1,15,,1177377,27,0,41,1,15,,1177352,27,0,41,1,55,,1177403,27,0,41,1,15,,1177358,27,0,41,1,15,,1177383,27,0,41,1,16,,1177405,27,0,41,1,70,,1177389,27,0,41,1,17,,1177346,27,0,41,1,13,,1177372,27,0,41,1,57,,1177399,27,0,41,1,13,,1177386,27,0,41,1,17,,1177369,27,0,41,1,15,,1177361,27,0,41,1,55,,1177381,27,0,41,1,15,,1177376,27,0,41,1,14,,1177394,27,0,41,1,14,,1177362,27,0,41,1,54,,1177379,27,0,41,1,14,,1177347,27,0,41,1,14,,1177349,27,0,41,1,12,,1177391,27,0,41,1,70,,1177393,27,0,41,1,30,,1177392,27,0,41,1,70,,1177370,27,0,41,1,30,,1177363,27,0,41,1,70,,1177374,27,0,41,1,30,,1177364,27,0,41,1,70,,1177385,27,0,41,1,29,,1177400,27,0,41,1,70,,1177350,27,0,41,1,31,,1177357,27,0,41,1,70,,1177360,27,0,41,1,30,,1177382,27,0,41,1
9000,'16',633,,1177414,27,0,41,1,70,,1177439,27,0,41,1,15,,1177443,27,0,41,1,15,,1177437,27,0,41,1,16,,1177449,27,0,41,1,54,,1177455,27,0,41,1,15,,1064155,27,0,41,1,15,,1177421,27,0,41,1,15,,1177406,27,0,41,1,55,,1177427,27,0,41,1,15,,1177440,27,0,41,1,15,,1177445,27,0,41,1,16,,1177441,27,0,41,1,55,,1177452,27,0,41,1,15,,1177454,27,0,41,1,15,,1177450,27,0,41,1,15,,1177430,27,0,41,1,55,,1177442,27,0,41,1,15,,1177419,27,0,41,1,15,,1177410,27,0,41,1,15,,1177422,27,0,41,1,55,,1177446,27,0,41,1,15,,1177432,27,0,41,1,16,,1177429,27,0,41,1,15,,1177436,27,0,41,1,55,,1079869,27,0,41,1,15,,1177412,27,0,41,1,15,,1177415,27,0,41,1,15,,956132,27,0,41,1,55,,1177423,27,0,41,1,15,,1177413,27,0,41,1,15,,1177460,27,0,41,1,16,,1177411,27,0,41,1,70,,1177409,27,0,41,1,17,,1177459,27,0,41,1,13,,1068408,27,0,41,1,57,,1177435,27,0,41,1,13,,1177433,27,0,41,1,17,,1177428,27,0,41,1,15,,1177447,27,0,41,1,55,,1177431,27,0,41,1,15,,1177451,27,0,41,1,14,,1177417,27,0,41,1,14,,1177408,27,0,41,1,54,,1072645,27,0,41,1,14,,1177457,27,0,41,1,14,,1177458,27,0,41,1,12,,1177456,27,0,41,1,70,,1177424,27,0,41,1,30,,1177416,27,0,41,1,70,,1177448,27,0,41,1,30,,1177434,27,0,41,1,70,,1177453,27,0,41,1,30,,1177444,27,0,41,1,70,,1177438,27,0,41,1,29,,1177426,27,0,41,1,70,,1177407,27,0,41,1,31,,1076678,27,0,41,1,70,,1177420,27,0,41,1,30,,1177418,27,0,41,1
9000,'17',718,,1177481,27,0,41,1,30,,1177469,27,0,41,1,70,,1177467,27,0,41,1,30,,1177478,27,0,41,1,70,,1177461,27,0,41,1,30,,1177465,27,0,41,1,71,,1177490,27,0,41,1,30,,1177483,27,0,41,1,70,,1177487,27,0,41,1,30,,1177471,27,0,41,1,70,,1177473,27,0,41,1,30,,1177482,27,0,41,1,70,,1177476,27,0,41,1,30,,1177489,27,0,41,1,71,,1177491,27,0,41,1,30,,1177480,27,0,41,1,70,,1177462,27,0,41,1,30,,1177474,27,0,41,1,70,,1177492,27,0,41,1,30,,1177472,27,0,41,1,70,,1177484,27,0,41,1,30,,1177468,27,0,41,1,70,,1177477,27,0,41,1,30,,1177479,27,0,41,1,70,,1177466,27,0,41,1,30,,1177475,27,0,41,1,69,,1177486,27,0,41,1,30,,1177485,27,0,41,1,70,,1177493,27,0,41,1,30,,1177463,27,0,41,1,70,,1177464,27,0,41,1,30,,1177470,27,0,41,1,70,,1177488,27,0,41,1
9000,'2',739,,1177495,27,0,41,1,70,,1177517,27,0,41,1,30,,1073739,27,0,41,1,70,,1177510,27,0,41,1,30,,1177503,27,0,41,1,70,,1177506,27,0,41,1,32,,1177518,27,0,41,1,70,,1177520,27,0,41,1,30,,1177497,27,0,41,1,70,,1177523,27,0,41,1,30,,1177507,27,0,41,1,70,,1177498,27,0,41,1,30,,1177522,27,0,41,1,70,,1100844,27,0,41,1,31,,1177513,27,0,41,1,70,,1177519,27,0,41,1,30,,1177496,27,0,41,1,70,,1177502,27,0,41,1,30,,1177509,27,0,41,1,70,,1177521,27,0,41,1,30,,1177501,27,0,41,1,71,,1177508,27,0,41,1,29,,1177504,27,0,41,1,70,,1021648,27,0,41,1,30,,1177524,27,0,41,1,70,,1177516,27,0,41,1,29,,1177499,27,0,41,1,70,,1177511,27,0,41,1,30,,1177505,27,0,41,1,70,,1177500,27,0,41,1,30,,1177514,27,0,41,1,70,,1177512,27,0,41,1,30,,1177494,27,0,41,1,70,,1177515,27,0,41,1
9000,'3',718,,1177545,27,0,41,1,30,,1177533,27,0,41,1,70,,1177531,27,0,41,1,30,,1177542,27,0,41,1,70,,1177525,27,0,41,1,30,,1177529,27,0,41,1,71,,1177554,27,0,41,1,30,,1177547,27,0,41,1,70,,1177551,27,0,41,1,30,,1177535,27,0,41,1,70,,1177537,27,0,41,1,30,,1177546,27,0,41,1,70,,1177540,27,0,41,1,30,,1177553,27,0,41,1,71,,1177555,27,0,41,1,30,,1177544,27,0,41,1,70,,1177526,27,0,41,1,30,,1177538,27,0,41,1,70,,1177556,27,0,41,1,30,,1177536,27,0,41,1,70,,1177548,27,0,41,1,30,,1177532,27,0,41,1,70,,1177541,27,0,41,1,30,,1177543,27,0,41,1,70,,1177530,27,0,41,1,30,,1177539,27,0,41,1,69,,1177550,27,0,41,1,30,,1177549,27,0,41,1,70,,1177557,27,0,41,1,30,,1177527,27,0,41,1,70,,1177528,27,0,41,1,30,,1177534,27,0,41,1,70,,1177552,27,0,41,1
9000,'4',718,,1177571,27,0,41,1,30,,1177574,27,0,41,1,70,,1177572,27,0,41,1,30,,1177563,27,0,41,1,70,,1177564,27,0,41,1,30,,1177569,27,0,41,1,71,,1177579,27,0,41,1,30,,1177580,27,0,41,1,70,,1177576,27,0,41,1,30,,1177559,27,0,41,1,70,,995812,27,0,41,1,30,,1177570,27,0,41,1,70,,1177568,27,0,41,1,30,,1055317,27,0,41,1,71,,1177566,27,0,41,1,30,,1177578,27,0,41,1,70,,1177582,27,0,41,1,30,,1037593,27,0,41,1,70,,1177558,27,0,41,1,30,,1177565,27,0,41,1,70,,1177577,27,0,41,1,30,,1177584,27,0,41,1,70,,1177575,27,0,41,1,30,,1177560,27,0,41,1,70,,1177583,27,0,41,1,30,,997298,27,0,41,1,69,,996619,27,0,41,1,30,,1177573,27,0,41,1,70,,1177567,27,0,41,1,30,,1177581,27,0,41,1,70,,1177562,27,0,41,1,30,,1177561,27,0,41,1,70,,1177585,27,0,41,1
9000,'5',633,,1177622,27,0,41,1,70,,1177637,27,0,41,1,15,,1177640,27,0,41,1,15,,1177597,27,0,41,1,16,,1177638,27,0,41,1,54,,1177630,27,0,41,1,15,,1177606,27,0,41,1,15,,1177635,27,0,41,1,15,,1177618,27,0,41,1,55,,1177621,27,0,41,1,15,,1177623,27,0,41,1,15,,1177624,27,0,41,1,16,,1012186,27,0,41,1,55,,1177593,27,0,41,1,15,,1177613,27,0,41,1,15,,1177607,27,0,41,1,15,,1177602,27,0,41,1,55,,1177601,27,0,41,1,15,,1177599,27,0,41,1,15,,1177634,27,0,41,1,15,,1177598,27,0,41,1,55,,1080725,27,0,41,1,15,,1177639,27,0,41,1,16,,1177627,27,0,41,1,15,,1177594,27,0,41,1,55,,1177636,27,0,41,1,15,,1177631,27,0,41,1,15,,1177629,27,0,41,1,15,,1177632,27,0,41,1,55,,1177590,27,0,41,1,15,,1177596,27,0,41,1,15,,1177625,27,0,41,1,16,,1177609,27,0,41,1,70,,1045813,27,0,41,1,17,,1177620,27,0,41,1,13,,1177600,27,0,41,1,57,,1177610,27,0,41,1,13,,1177591,27,0,41,1,17,,1177589,27,0,41,1,15,,1177605,27,0,41,1,55,,1177592,27,0,41,1,15,,1177611,27,0,41,1,14,,1177587,27,0,41,1,14,,1177588,27,0,41,1,54,,1177614,27,0,41,1,14,,1177586,27,0,41,1,14,,1177619,27,0,41,1,12,,1177595,27,0,41,1,70,,1177608,27,0,41,1,30,,1177616,27,0,41,1,70,,1177628,27,0,41,1,30,,1177633,27,0,41,1,70,,1177626,27,0,41,1,30,,1071901,27,0,41,1,70,,1081627,27,0,41,1,29,,1177617,27,0,41,1,70,,1177603,27,0,41,1,31,,957239,27,0,41,1,70,,1177604,27,0,41,1,30,,1177615,27,0,41,1
9000,'6',633,,1040112,27,0,41,1,70,,1177674,27,0,41,1,15,,1177678,27,0,41,1,15,,1177672,27,0,41,1,16,,1177684,27,0,41,1,54,,1177690,27,0,41,1,15,,1177666,27,0,41,1,15,,1177656,27,0,41,1,15,,1177641,27,0,41,1,55,,1096522,27,0,41,1,15,,1177675,27,0,41,1,15,,1177680,27,0,41,1,16,,1177676,27,0,41,1,55,,1177687,27,0,41,1,15,,1177689,27,0,41,1,15,,1177685,27,0,41,1,15,,1177664,27,0,41,1,55,,1177677,27,0,41,1,15,,1177654,27,0,41,1,15,,1177646,27,0,41,1,15,,1177657,27,0,41,1,55,,1177681,27,0,41,1,15,,1177667,27,0,41,1,16,,1177663,27,0,41,1,15,,1177671,27,0,41,1,55,,1177644,27,0,41,1,15,,1177648,27,0,41,1,15,,1177649,27,0,41,1,15,,1177651,27,0,41,1,55,,1177658,27,0,41,1,15,,1003580,27,0,41,1,15,,1177695,27,0,41,1,16,,1177647,27,0,41,1,70,,1177645,27,0,41,1,17,,1177694,27,0,41,1,13,,1177642,27,0,41,1,57,,1177670,27,0,41,1,13,,1177668,27,0,41,1,17,,1177662,27,0,41,1,15,,1177682,27,0,41,1,55,,1177665,27,0,41,1,15,,1177686,27,0,41,1,14,,1073486,27,0,41,1,14,,1083316,27,0,41,1,54,,1177653,27,0,41,1,14,,1177692,27,0,41,1,14,,1177693,27,0,41,1,12,,1177691,27,0,41,1,70,,1177659,27,0,41,1,30,,1177650,27,0,41,1,70,,1177683,27,0,41,1,30,,1177669,27,0,41,1,70,,1177688,27,0,41,1,30,,1177679,27,0,41,1,70,,1177673,27,0,41,1,29,,1177661,27,0,41,1,70,,1177643,27,0,41,1,31,,1177652,27,0,41,1,70,,1177655,27,0,41,1,30,,1004815,27,0,41,1
9000,'7',739,,1177714,27,0,41,1,70,,1177729,27,0,41,1,30,,1177704,27,0,41,1,70,,1177725,27,0,41,1,30,,1177712,27,0,41,1,70,,1177696,27,0,41,1,32,,1177703,27,0,41,1,70,,1177717,27,0,41,1,30,,1177702,27,0,41,1,70,,1177707,27,0,41,1,30,,1177727,27,0,41,1,70,,1177719,27,0,41,1,30,,1177726,27,0,41,1,70,,1177722,27,0,41,1,31,,1177701,27,0,41,1,70,,1177728,27,0,41,1,30,,1177700,27,0,41,1,70,,1177721,27,0,41,1,30,,1177705,27,0,41,1,70,,1177710,27,0,41,1,30,,1177715,27,0,41,1,71,,1177698,27,0,41,1,29,,1177718,27,0,41,1,70,,1177716,27,0,41,1,30,,1177720,27,0,41,1,70,,1177711,27,0,41,1,29,,1177708,27,0,41,1,70,,1177713,27,0,41,1,30,,1177706,27,0,41,1,70,,1177723,27,0,41,1,30,,1177697,27,0,41,1,70,,1177699,27,0,41,1,30,,1177724,27,0,41,1,70,,1177709,27,0,41,1
9000,'8',633,,1177740,27,0,41,1,70,,1177769,27,0,41,1,15,,1177773,27,0,41,1,15,,1177767,27,0,41,1,16,,1177779,27,0,41,1,54,,1177785,27,0,41,1,15,,1177761,27,0,41,1,15,,1177750,27,0,41,1,15,,1177730,27,0,41,1,55,,1177756,27,0,41,1,15,,1177770,27,0,41,1,15,,1177775,27,0,41,1,16,,1177771,27,0,41,1,55,,1177782,27,0,41,1,15,,1177784,27,0,41,1,15,,1177780,27,0,41,1,15,,1177759,27,0,41,1,55,,1177772,27,0,41,1,15,,1177748,27,0,41,1,15,,1177736,27,0,41,1,15,,1177751,27,0,41,1,55,,1177776,27,0,41,1,15,,1177762,27,0,41,1,16,,1177758,27,0,41,1,15,,1177766,27,0,41,1,55,,1177734,27,0,41,1,15,,1177738,27,0,41,1,15,,1177741,27,0,41,1,15,,1177744,27,0,41,1,55,,1177752,27,0,41,1,15,,1177739,27,0,41,1,15,,1177790,27,0,41,1,16,,1177737,27,0,41,1,70,,1177735,27,0,41,1,17,,1177789,27,0,41,1,13,,1177731,27,0,41,1,57,,1177765,27,0,41,1,13,,1177763,27,0,41,1,17,,1177757,27,0,41,1,15,,1177777,27,0,41,1,55,,1177760,27,0,41,1,15,,1177781,27,0,41,1,14,,1177743,27,0,41,1,14,,1177733,27,0,41,1,54,,1177747,27,0,41,1,14,,1177787,27,0,41,1,14,,1177788,27,0,41,1,12,,1177786,27,0,41,1,70,,1177753,27,0,41,1,30,,1177742,27,0,41,1,70,,1177778,27,0,41,1,30,,1177764,27,0,41,1,70,,1177783,27,0,41,1,30,,1177774,27,0,41,1,70,,1177768,27,0,41,1,29,,1177755,27,0,41,1,70,,1177732,27,0,41,1,31,,1177746,27,0,41,1,70,,1177749,27,0,41,1,30,,1177745,27,0,41,1
9000,'9',633,,1177827,27,0,41,1,70,,1177842,27,0,41,1,15,,1177845,27,0,41,1,15,,1177802,27,0,41,1,16,,1177843,27,0,41,1,54,,1177835,27,0,41,1,15,,1177811,27,0,41,1,15,,1177840,27,0,41,1,15,,1177823,27,0,41,1,55,,1177826,27,0,41,1,15,,1177828,27,0,41,1,15,,1177829,27,0,41,1,16,,1012353,27,0,41,1,55,,1177798,27,0,41,1,15,,1177818,27,0,41,1,15,,1177812,27,0,41,1,15,,1177807,27,0,41,1,55,,1177806,27,0,41,1,15,,1177804,27,0,41,1,15,,1177839,27,0,41,1,15,,1177803,27,0,41,1,55,,1080636,27,0,41,1,15,,1177844,27,0,41,1,16,,1177832,27,0,41,1,15,,1177799,27,0,41,1,55,,1177841,27,0,41,1,15,,1177836,27,0,41,1,15,,1177834,27,0,41,1,15,,1177837,27,0,41,1,55,,1177795,27,0,41,1,15,,1177801,27,0,41,1,15,,1177830,27,0,41,1,16,,1177814,27,0,41,1,70,,1045878,27,0,41,1,17,,1177825,27,0,41,1,13,,1177805,27,0,41,1,57,,1177815,27,0,41,1,13,,1177796,27,0,41,1,17,,1177794,27,0,41,1,15,,1177810,27,0,41,1,55,,1177797,27,0,41,1,15,,1177816,27,0,41,1,14,,1177792,27,0,41,1,14,,1177793,27,0,41,1,54,,1177819,27,0,41,1,14,,1177791,27,0,41,1,14,,1177824,27,0,41,1,12,,1177800,27,0,41,1,70,,1177813,27,0,41,1,30,,1177821,27,0,41,1,70,,1177833,27,0,41,1,30,,1177838,27,0,41,1,70,,1177831,27,0,41,1,30,,1071829,27,0,41,1,70,,1081525,27,0,41,1,29,,1177822,27,0,41,1,70,,1177808,27,0,41,1,31,,957218,27,0,41,1,70,,1177809,27,0,41,1,30,,1177820,27,0,41,1
