601,'1',437,,1106675,4,0,67,1,70,,1106708,4,0,67,1,30,,1106661,4,0,67,1,20,,1007094,4,,,1,60,,1106701,4,,,1,15,,1106664,4,,,1,15,,1106714,4,,,1,55,,1106686,4,,,1,15,,1106657,4,,,1,15,,1106680,4,,,1,15,,1047920,4,,,1,56,,938850,4,,,1,15,,1106682,4,,,1,15,,1106704,4,,,1,14,,1054362,4,,,1,55,,1106662,4,,,1,15,,1106663,4,,,1,15,,1106676,4,,,1,15,,1106683,4,,,1,55,,1106665,4,,,1,15,,1106673,4,,,1,15,,1106706,4,,,1,15,,1106713,4,,,1,55,,1106711,4,,,1,15,,1106712,4,,,1,15,,1106666,4,,,1,15,,1106656,4,,,1,55,,1081053,4,,,1,15,,1106658,4,,,1,15,,1106693,4,,,1,15,,1106668,4,,,1,55,,1106710,4,,,1,15,,1106690,4,,,1,15,,1106688,4,,,1,15,,1106678,4,,,1,55,,1106692,4,,,1,30,,1106717,4,,,1,15,,1079850,4,,,1,55,,1106672,4,,,1,16,,1106655,4,,,1,31,,1106660,4,,,1,54,,1106654,4,,,1,15,,1106669,4,,,1,15,,1086385,4,,,1,14,,1106689,4,,,1,55,,1106698,4,,,1,15,,996775,4,,,1,15,,1106695,4,,,1,15,,1106697,4,,,1,55,,1052360,4,,,1,15,,1106671,4,,,1,15,,1106684,4,,,1,15,,1106709,4,,,1,70,,1106659,4,,,1,30,,1106715,4,,,1,70,,1106670,4,,,1,30,,1106667,4,,,1,70,,979067,4,,,1,30,,1106705,4,,,1,70,,1106694,4,,,1,30,,1106702,4,,,1,73,,1106691,4,,,1
601,'10',437,,1106739,4,0,67,1,70,,1106772,4,0,67,1,30,,1106725,4,0,67,1,20,,1007177,4,,,1,60,,1106765,4,,,1,15,,1106728,4,,,1,15,,1106778,4,,,1,55,,1106750,4,,,1,15,,1106721,4,,,1,15,,1106744,4,,,1,15,,1048089,4,,,1,56,,938474,4,,,1,15,,1106746,4,,,1,15,,1106768,4,,,1,14,,1054419,4,,,1,55,,1106726,4,,,1,15,,1106727,4,,,1,15,,1106740,4,,,1,15,,1106747,4,,,1,55,,1106729,4,,,1,15,,1106737,4,,,1,15,,1106770,4,,,1,15,,1106777,4,,,1,55,,1106775,4,,,1,15,,1106776,4,,,1,15,,1106730,4,,,1,15,,1106720,4,,,1,55,,1080871,4,,,1,15,,1106722,4,,,1,15,,1106757,4,,,1,15,,1106732,4,,,1,55,,1106774,4,,,1,15,,1106754,4,,,1,15,,1106752,4,,,1,15,,1106742,4,,,1,55,,1106756,4,,,1,30,,1106781,4,,,1,15,,1079687,4,,,1,55,,1106736,4,,,1,16,,1106719,4,,,1,31,,1106724,4,,,1,54,,1106718,4,,,1,15,,1106733,4,,,1,15,,1086198,4,,,1,14,,1106753,4,,,1,55,,1106762,4,,,1,15,,996924,4,,,1,15,,1106759,4,,,1,15,,1106761,4,,,1,55,,1052440,4,,,1,15,,1106735,4,,,1,15,,1106748,4,,,1,15,,1106773,4,,,1,70,,1106723,4,,,1,30,,1106779,4,,,1,70,,1106734,4,,,1,30,,1106731,4,,,1,70,,978725,4,,,1,30,,1106769,4,,,1,70,,1106758,4,,,1,30,,1106766,4,,,1,73,,1106755,4,,,1
601,'11',437,,1106803,4,0,67,1,70,,1106836,4,0,67,1,30,,1106789,4,0,67,1,20,,1007069,4,,,1,60,,1106829,4,,,1,15,,1106792,4,,,1,15,,1106842,4,,,1,55,,1106814,4,,,1,15,,1106785,4,,,1,15,,1106808,4,,,1,15,,1047872,4,,,1,56,,938797,4,,,1,15,,1106810,4,,,1,15,,1106832,4,,,1,14,,1054345,4,,,1,55,,1106790,4,,,1,15,,1106791,4,,,1,15,,1106804,4,,,1,15,,1106811,4,,,1,55,,1106793,4,,,1,15,,1106801,4,,,1,15,,1106834,4,,,1,15,,1106841,4,,,1,55,,1106839,4,,,1,15,,1106840,4,,,1,15,,1106794,4,,,1,15,,1106784,4,,,1,55,,1081107,4,,,1,15,,1106786,4,,,1,15,,1106821,4,,,1,15,,1106796,4,,,1,55,,1106838,4,,,1,15,,1106818,4,,,1,15,,1106816,4,,,1,15,,1106806,4,,,1,55,,1106820,4,,,1,30,,1106845,4,,,1,15,,1079896,4,,,1,55,,1106800,4,,,1,16,,1106783,4,,,1,31,,1106788,4,,,1,54,,1106782,4,,,1,15,,1106797,4,,,1,15,,1086443,4,,,1,14,,1106817,4,,,1,55,,1106826,4,,,1,15,,996733,4,,,1,15,,1106823,4,,,1,15,,1106825,4,,,1,55,,1052338,4,,,1,15,,1106799,4,,,1,15,,1106812,4,,,1,15,,1106837,4,,,1,70,,1106787,4,,,1,30,,1106843,4,,,1,70,,1106798,4,,,1,30,,1106795,4,,,1,70,,979010,4,,,1,30,,1106833,4,,,1,70,,1106822,4,,,1,30,,1106830,4,,,1,73,,1106819,4,,,1
601,'12',437,,1106872,4,0,67,1,70,,1106885,4,0,67,1,30,,1106869,4,0,67,1,20,,1106892,4,,,1,60,,1106851,4,,,1,15,,1106877,4,,,1,15,,1106909,4,,,1,55,,1106870,4,,,1,15,,1106889,4,,,1,15,,1106890,4,,,1,15,,1106893,4,,,1,56,,1106902,4,,,1,15,,1106858,4,,,1,15,,1106853,4,,,1,14,,961577,4,,,1,55,,1106873,4,,,1,15,,1106848,4,,,1,15,,1106908,4,,,1,15,,1106895,4,,,1,55,,1106897,4,,,1,15,,1106847,4,,,1,15,,1016319,4,,,1,15,,1106866,4,,,1,55,,1106855,4,,,1,15,,1106891,4,,,1,15,,1106912,4,,,1,15,,1106876,4,,,1,55,,1064879,4,,,1,15,,1106867,4,,,1,15,,1106854,4,,,1,15,,1106857,4,,,1,55,,1106901,4,,,1,15,,1106900,4,,,1,15,,1106865,4,,,1,15,,1106863,4,,,1,55,,1106884,4,,,1,30,,1013152,4,,,1,15,,1106846,4,,,1,55,,1106849,4,,,1,16,,1079046,4,,,1,31,,1106861,4,,,1,54,,1106878,4,,,1,15,,1106899,4,,,1,15,,1106862,4,,,1,14,,1106906,4,,,1,55,,1106898,4,,,1,15,,1106856,4,,,1,15,,1106907,4,,,1,15,,1106887,4,,,1,55,,1106868,4,,,1,15,,1106910,4,,,1,15,,1106852,4,,,1,15,,1106860,4,,,1,70,,1106886,4,,,1,30,,1106882,4,,,1,70,,1106864,4,,,1,30,,1101748,4,,,1,70,,1106883,4,,,1,30,,1106880,4,,,1,70,,1106911,4,,,1,30,,1106903,4,,,1,73,,1106859,4,,,1
601,'13',707,,1106961,4,0,67,1,35,,1106931,4,,,1,71,,1106938,4,,,1,30,,1106946,4,,,1,70,,1062948,4,,,1,30,,1106923,4,,,1,69,,1106965,4,,,1,30,,1080184,4,,,1,68,,1106941,4,,,1,30,,1106918,4,,,1,68,,1106936,4,,,1,30,,1106964,4,,,1,69,,1106952,4,,,1,30,,1106963,4,,,1,70,,1106954,4,,,1,30,,1106951,4,,,1,70,,1091132,4,,,1,30,,1106966,4,,,1,70,,1106914,4,,,1,30,,1106917,4,,,1,73,,1106940,4,,,1,30,,1106958,4,,,1,70,,1106916,4,,,1,30,,1106962,4,,,1,70,,1106945,4,,,1,30,,1106929,4,,,1,72,,1106935,4,,,1,30,,1106922,4,,,1,70,,1106943,4,,,1,30,,1106957,4,,,1,70,,1106930,4,,,1,30,,1106927,4,,,1,70,,1106960,4,,,1
601,'14',437,,1106995,4,0,67,1,70,,1107029,4,0,67,1,30,,1106978,4,0,67,1,20,,1106975,4,,,1,60,,1107022,4,,,1,15,,1106981,4,,,1,15,,1107035,4,,,1,55,,1107006,4,,,1,15,,1106971,4,,,1,15,,1107000,4,,,1,15,,1106985,4,,,1,56,,1106984,4,,,1,15,,1107002,4,,,1,15,,1107025,4,,,1,14,,1106973,4,,,1,55,,1106979,4,,,1,15,,1106980,4,,,1,15,,1106996,4,,,1,15,,1107003,4,,,1,55,,1106982,4,,,1,15,,1106993,4,,,1,15,,1107027,4,,,1,15,,1107034,4,,,1,55,,1107032,4,,,1,15,,1107033,4,,,1,15,,1106983,4,,,1,15,,1106970,4,,,1,55,,1107041,4,,,1,15,,1106974,4,,,1,15,,1107013,4,,,1,15,,1106988,4,,,1,55,,1107031,4,,,1,15,,1107010,4,,,1,15,,1107008,4,,,1,15,,1106998,4,,,1,55,,1107012,4,,,1,30,,1107040,4,,,1,15,,1106987,4,,,1,55,,1106992,4,,,1,16,,1106969,4,,,1,31,,1106977,4,,,1,54,,1106968,4,,,1,15,,1106989,4,,,1,15,,1106972,4,,,1,14,,1107009,4,,,1,55,,1107019,4,,,1,15,,1107038,4,,,1,15,,1107015,4,,,1,15,,1107018,4,,,1,55,,1107016,4,,,1,15,,1106991,4,,,1,15,,1107004,4,,,1,15,,1107030,4,,,1,70,,1106976,4,,,1,30,,1107037,4,,,1,70,,1106990,4,,,1,30,,1106986,4,,,1,70,,1107036,4,,,1,30,,1107026,4,,,1,70,,1107014,4,,,1,30,,1107023,4,,,1,73,,1107011,4,,,1
601,'15',437,,1107045,4,0,67,1,70,,1107069,4,0,67,1,30,,1107114,4,0,67,1,20,,1107095,4,,,1,60,,1107044,4,,,1,15,,1107076,4,,,1,15,,1107061,4,,,1,55,,1107051,4,,,1,15,,1107084,4,,,1,15,,1107099,4,,,1,15,,1107107,4,,,1,56,,1107117,4,,,1,15,,1107088,4,,,1,15,,1107101,4,,,1,14,,1107113,4,,,1,55,,1107081,4,,,1,15,,1107108,4,,,1,15,,1107115,4,,,1,15,,1107058,4,,,1,55,,1107096,4,,,1,15,,1107053,4,,,1,15,,1107087,4,,,1,15,,1107068,4,,,1,55,,1107048,4,,,1,15,,1107064,4,,,1,15,,1107109,4,,,1,15,,1107097,4,,,1,55,,1107092,4,,,1,15,,1107086,4,,,1,15,,1107055,4,,,1,15,,1107070,4,,,1,55,,1107090,4,,,1,15,,1107094,4,,,1,15,,1107060,4,,,1,15,,1107100,4,,,1,55,,1107043,4,,,1,30,,1107082,4,,,1,15,,1107049,4,,,1,55,,1107111,4,,,1,16,,1107077,4,,,1,31,,1107047,4,,,1,54,,1107083,4,,,1,15,,1107072,4,,,1,15,,1107105,4,,,1,14,,1107102,4,,,1,55,,1107052,4,,,1,15,,1107103,4,,,1,15,,1107059,4,,,1,15,,1107063,4,,,1,55,,1107080,4,,,1,15,,1107074,4,,,1,15,,1107057,4,,,1,15,,1107078,4,,,1,70,,1107073,4,,,1,30,,1107054,4,,,1,70,,1107079,4,,,1,30,,1107056,4,,,1,70,,1107106,4,,,1,30,,1107098,4,,,1,70,,1107093,4,,,1,30,,1107112,4,,,1,73,,1107065,4,,,1
601,'16',437,,1107142,4,0,67,1,70,,1107155,4,0,67,1,30,,1107139,4,0,67,1,20,,1107162,4,,,1,60,,1079997,4,,,1,15,,1107147,4,,,1,15,,1107179,4,,,1,55,,1107140,4,,,1,15,,1107159,4,,,1,15,,1107160,4,,,1,15,,1107163,4,,,1,56,,1107172,4,,,1,15,,1086426,4,,,1,15,,1107126,4,,,1,14,,1107175,4,,,1,55,,1107143,4,,,1,15,,1107121,4,,,1,15,,1107178,4,,,1,15,,1107165,4,,,1,55,,1107167,4,,,1,15,,1107120,4,,,1,15,,1107181,4,,,1,15,,1107136,4,,,1,55,,1101791,4,,,1,15,,1107161,4,,,1,15,,1107182,4,,,1,15,,1107146,4,,,1,55,,1107177,4,,,1,15,,1107137,4,,,1,15,,1107127,4,,,1,15,,1107129,4,,,1,55,,1107171,4,,,1,15,,1107170,4,,,1,15,,1107135,4,,,1,15,,1107133,4,,,1,55,,1107154,4,,,1,30,,1107118,4,,,1,15,,1107119,4,,,1,55,,1107124,4,,,1,16,,1107123,4,,,1,31,,1107132,4,,,1,54,,1107148,4,,,1,15,,1107169,4,,,1,15,,1092924,4,,,1,14,,1107176,4,,,1,55,,1107168,4,,,1,15,,1107128,4,,,1,15,,979861,4,,,1,15,,1107157,4,,,1,55,,1107138,4,,,1,15,,1107180,4,,,1,15,,999863,4,,,1,15,,1107131,4,,,1,70,,1107156,4,,,1,30,,1107152,4,,,1,70,,1107134,4,,,1,30,,1107183,4,,,1,70,,1107153,4,,,1,30,,1107150,4,,,1,70,,1096160,4,,,1,30,,1107173,4,,,1,73,,1107130,4,,,1
601,'17',707,,1107235,4,0,67,1,35,,1107205,4,,,1,71,,1107212,4,,,1,30,,1107220,4,,,1,70,,1107241,4,,,1,30,,1107197,4,,,1,69,,1107239,4,,,1,30,,1107194,4,,,1,68,,1107215,4,,,1,30,,1107190,4,,,1,68,,1107210,4,,,1,30,,1107238,4,,,1,69,,1107226,4,,,1,30,,1107237,4,,,1,70,,1107228,4,,,1,30,,1107225,4,,,1,70,,1107186,4,,,1,30,,1107242,4,,,1,70,,1107185,4,,,1,30,,1107189,4,,,1,73,,1107214,4,,,1,30,,1107232,4,,,1,70,,1107188,4,,,1,30,,1107236,4,,,1,70,,1107219,4,,,1,30,,1107203,4,,,1,72,,1107209,4,,,1,30,,1107196,4,,,1,70,,1107217,4,,,1,30,,1107231,4,,,1,70,,1107204,4,,,1,30,,1107201,4,,,1,70,,1107234,4,,,1
601,'2',500,,1107273,4,0,67,1,30,,1107281,4,0,67,1,70,,1107297,4,0,67,1,30,,1107250,4,,,1,70,,1095787,4,,,1,30,,1107263,4,,,1,70,,1086533,4,,,1,30,,1107262,4,,,1,29,,1096241,4,,,1,70,,1067138,4,,,1,27,,1107279,4,,,1,64,,1107302,4,,,1,24,,1107251,4,,,1,64,,1107255,4,,,1,24,,1107289,4,,,1,24,,1107299,4,,,1,66,,1107253,4,,,1,24,,1107290,4,,,1,12,,1107283,4,,,1,52,,1107245,4,,,1,12,,1085125,4,,,1,12,,1035117,4,,,1,12,,1107252,4,,,1,12,,1107246,4,,,1,52,,1107276,4,,,1,12,,1097668,4,,,1,12,,1107257,4,,,1,12,,1107265,4,,,1,12,,1107286,4,,,1,52,,1107267,4,,,1,9,,1107280,4,,,1,15,,1107296,4,,,1,13,,1107300,4,,,1,12,,1107248,4,,,1,52,,1107254,4,,,1,12,,1107293,4,,,1,12,,1072227,4,,,1,12,,997255,4,,,1,12,,1107268,4,,,1,52,,1107282,4,,,1,12,,1107271,4,,,1,12,,1107277,4,,,1,12,,1107294,4,,,1,55,,1089040,4,,,1,15,,1107292,4,,,1,31,,1107259,4,,,1,70,,1107278,4,,,1,30,,1107261,4,,,1,70,,1107295,4,,,1,30,,1078498,4,,,1,70,,1107260,4,,,1,30,,1091048,4,,,1,70,,1107275,4,,,1,30,,1107298,4,,,1,70,,1107304,4,,,1,30,,1098250,4,,,1
601,'3',707,,1107355,4,0,67,1,35,,1107325,4,,,1,71,,1107332,4,,,1,30,,1107340,4,,,1,70,,1107361,4,,,1,30,,1107317,4,,,1,69,,1107359,4,,,1,30,,1107314,4,,,1,68,,1107335,4,,,1,30,,1107310,4,,,1,68,,1107330,4,,,1,30,,1107358,4,,,1,69,,1107346,4,,,1,30,,1107357,4,,,1,70,,1107348,4,,,1,30,,1107345,4,,,1,70,,1107306,4,,,1,30,,1107362,4,,,1,70,,1107305,4,,,1,30,,1107309,4,,,1,73,,1107334,4,,,1,30,,1107352,4,,,1,70,,1107308,4,,,1,30,,1107356,4,,,1,70,,1107339,4,,,1,30,,1107323,4,,,1,72,,1107329,4,,,1,30,,1107316,4,,,1,70,,1107337,4,,,1,30,,1107351,4,,,1,70,,1107324,4,,,1,30,,1107321,4,,,1,70,,1107354,4,,,1
601,'4',707,,1107376,4,0,67,1,35,,1107406,4,,,1,71,,1107412,4,,,1,30,,1107415,4,,,1,70,,1004297,4,,,1,30,,1107385,4,,,1,69,,1107380,4,,,1,30,,1107394,4,,,1,68,,1107395,4,,,1,30,,1107405,4,,,1,68,,1107407,4,,,1,30,,1107418,4,,,1,69,,1107369,4,,,1,30,,1107413,4,,,1,70,,1107391,4,,,1,30,,1107378,4,,,1,70,,1107367,4,,,1,30,,1107377,4,,,1,70,,1107410,4,,,1,30,,1107389,4,,,1,73,,1107408,4,,,1,30,,1000614,4,,,1,70,,1107382,4,,,1,30,,1089956,4,,,1,70,,1107392,4,,,1,30,,1107417,4,,,1,72,,1107383,4,,,1,30,,1107396,4,,,1,70,,1107402,4,,,1,30,,1107404,4,,,1,70,,1107374,4,,,1,30,,1107372,4,,,1,70,,1107403,4,,,1
601,'5',437,,1107440,4,0,67,1,70,,1107473,4,0,67,1,30,,1107426,4,0,67,1,20,,1006953,4,,,1,60,,1107466,4,,,1,15,,1107429,4,,,1,15,,1107479,4,,,1,55,,1107451,4,,,1,15,,1107422,4,,,1,15,,1107445,4,,,1,15,,1047637,4,,,1,56,,939016,4,,,1,15,,1107447,4,,,1,15,,1107469,4,,,1,14,,1054264,4,,,1,55,,1107427,4,,,1,15,,1107428,4,,,1,15,,1107441,4,,,1,15,,1107448,4,,,1,55,,1107430,4,,,1,15,,1107438,4,,,1,15,,1107471,4,,,1,15,,1107478,4,,,1,55,,1107476,4,,,1,15,,1107477,4,,,1,15,,1107431,4,,,1,15,,1107421,4,,,1,55,,1081024,4,,,1,15,,1107423,4,,,1,15,,1107458,4,,,1,15,,1107433,4,,,1,55,,1107475,4,,,1,15,,1107455,4,,,1,15,,1107453,4,,,1,15,,1107443,4,,,1,55,,1107457,4,,,1,30,,1107482,4,,,1,15,,1079827,4,,,1,55,,1107437,4,,,1,16,,1107420,4,,,1,31,,1107425,4,,,1,54,,1107419,4,,,1,15,,1107434,4,,,1,15,,1086352,4,,,1,14,,1107454,4,,,1,55,,1107463,4,,,1,15,,996467,4,,,1,15,,1107460,4,,,1,15,,1107462,4,,,1,55,,1052208,4,,,1,15,,1107436,4,,,1,15,,1107449,4,,,1,15,,1107474,4,,,1,70,,1107424,4,,,1,30,,1107480,4,,,1,70,,1107435,4,,,1,30,,1107432,4,,,1,70,,979251,4,,,1,30,,1107470,4,,,1,70,,1107459,4,,,1,30,,1107467,4,,,1,73,,1107456,4,,,1
601,'6',437,,1107506,4,0,67,1,70,,1107518,4,0,67,1,30,,1107503,4,0,67,1,20,,1107524,4,,,1,60,,1107487,4,,,1,15,,1107511,4,,,1,15,,1006989,4,,,1,55,,1107504,4,,,1,15,,1107521,4,,,1,15,,1107522,4,,,1,15,,1107525,4,,,1,56,,1107534,4,,,1,15,,1107494,4,,,1,15,,1107489,4,,,1,14,,1107537,4,,,1,55,,1107507,4,,,1,15,,1001059,4,,,1,15,,1073932,4,,,1,15,,1107527,4,,,1,55,,1107529,4,,,1,15,,1048627,4,,,1,15,,1107542,4,,,1,15,,1107500,4,,,1,55,,1107491,4,,,1,15,,1107523,4,,,1,15,,1107543,4,,,1,15,,1107510,4,,,1,55,,1107540,4,,,1,15,,1107501,4,,,1,15,,1107490,4,,,1,15,,1107493,4,,,1,55,,1107533,4,,,1,15,,1107532,4,,,1,15,,1107499,4,,,1,15,,1107497,4,,,1,55,,994404,4,,,1,30,,1107483,4,,,1,15,,1107484,4,,,1,55,,1101654,4,,,1,16,,1107486,4,,,1,31,,1107495,4,,,1,54,,1107512,4,,,1,15,,1107531,4,,,1,15,,1107496,4,,,1,14,,1097970,4,,,1,55,,1107530,4,,,1,15,,1107492,4,,,1,15,,1107539,4,,,1,15,,1096193,4,,,1,55,,1107502,4,,,1,15,,1033219,4,,,1,15,,1107488,4,,,1,15,,1103333,4,,,1,70,,1107519,4,,,1,30,,1107516,4,,,1,70,,1107498,4,,,1,30,,1107544,4,,,1,70,,1107517,4,,,1,30,,1107514,4,,,1,70,,1107541,4,,,1,30,,1107535,4,,,1,73,,1006258,4,,,1
601,'7',500,,1107572,4,0,67,1,30,,1107600,4,0,67,1,70,,1107592,4,0,67,1,30,,1107548,4,,,1,70,,1107619,4,,,1,30,,1107605,4,,,1,70,,1107598,4,,,1,30,,1107552,4,,,1,29,,1107566,4,,,1,70,,1107597,4,,,1,27,,1107616,4,,,1,64,,1107591,4,,,1,24,,1107579,4,,,1,64,,1107596,4,,,1,24,,1107611,4,,,1,24,,1107588,4,,,1,66,,1107571,4,,,1,24,,1107609,4,,,1,12,,1107602,4,,,1,52,,1107590,4,,,1,12,,1107584,4,,,1,12,,1107604,4,,,1,12,,1107583,4,,,1,12,,1107555,4,,,1,52,,1107573,4,,,1,12,,1107601,4,,,1,12,,1107568,4,,,1,12,,1107610,4,,,1,12,,1107612,4,,,1,52,,1107581,4,,,1,9,,1107554,4,,,1,15,,1107607,4,,,1,13,,1107553,4,,,1,12,,1107613,4,,,1,52,,1107608,4,,,1,12,,1107603,4,,,1,12,,1107567,4,,,1,12,,1107593,4,,,1,12,,1107578,4,,,1,52,,1107599,4,,,1,12,,1107587,4,,,1,12,,1107565,4,,,1,12,,1107589,4,,,1,55,,1107569,4,,,1,15,,1107618,4,,,1,31,,1107549,4,,,1,70,,1107551,4,,,1,30,,1107560,4,,,1,70,,1107570,4,,,1,30,,1107615,4,,,1,70,,1107617,4,,,1,30,,1107585,4,,,1,70,,1107556,4,,,1,30,,1107564,4,,,1,70,,1107614,4,,,1,30,,1107546,4,,,1
601,'8',437,,1107649,4,0,67,1,70,,1107662,4,0,67,1,30,,1107646,4,0,67,1,20,,1107669,4,,,1,60,,1107628,4,,,1,15,,1107654,4,,,1,15,,1107688,4,,,1,55,,1107647,4,,,1,15,,1107666,4,,,1,15,,1107667,4,,,1,15,,1107670,4,,,1,56,,1107679,4,,,1,15,,1107635,4,,,1,15,,1107630,4,,,1,14,,1107682,4,,,1,55,,1107650,4,,,1,15,,1107623,4,,,1,15,,1107687,4,,,1,15,,1107672,4,,,1,55,,1107674,4,,,1,15,,1107622,4,,,1,15,,1107691,4,,,1,15,,1107643,4,,,1,55,,1107632,4,,,1,15,,1107668,4,,,1,15,,1107692,4,,,1,15,,1107653,4,,,1,55,,1107686,4,,,1,15,,1107644,4,,,1,15,,1107631,4,,,1,15,,1107634,4,,,1,55,,1107678,4,,,1,15,,1107677,4,,,1,15,,1107642,4,,,1,15,,1107640,4,,,1,55,,1107661,4,,,1,30,,1107620,4,,,1,15,,1107621,4,,,1,55,,1107626,4,,,1,16,,1107625,4,,,1,31,,1107638,4,,,1,54,,1107655,4,,,1,15,,1107676,4,,,1,15,,1107639,4,,,1,14,,1107684,4,,,1,55,,1107675,4,,,1,15,,1107633,4,,,1,15,,1107685,4,,,1,15,,1107664,4,,,1,55,,1107645,4,,,1,15,,1107689,4,,,1,15,,1107629,4,,,1,15,,1107637,4,,,1,70,,1107663,4,,,1,30,,1107659,4,,,1,70,,1107641,4,,,1,30,,1107693,4,,,1,70,,1107660,4,,,1,30,,1107657,4,,,1,70,,1107690,4,,,1,30,,1107680,4,,,1,73,,1107636,4,,,1
601,'9',437,,1107716,4,0,67,1,70,,1107749,4,0,67,1,30,,1107702,4,0,67,1,20,,1007119,4,,,1,60,,1107742,4,,,1,15,,1107705,4,,,1,15,,1107755,4,,,1,55,,1107727,4,,,1,15,,1107698,4,,,1,15,,1107721,4,,,1,15,,1047968,4,,,1,56,,938963,4,,,1,15,,1107723,4,,,1,15,,1107745,4,,,1,14,,1054379,4,,,1,55,,1107703,4,,,1,15,,1107704,4,,,1,15,,1107717,4,,,1,15,,1107724,4,,,1,55,,1107706,4,,,1,15,,1107714,4,,,1,15,,1107747,4,,,1,15,,1107754,4,,,1,55,,1107752,4,,,1,15,,1107753,4,,,1,15,,1107707,4,,,1,15,,1107697,4,,,1,55,,1080932,4,,,1,15,,1107699,4,,,1,15,,1107734,4,,,1,15,,1107709,4,,,1,55,,1107751,4,,,1,15,,1107731,4,,,1,15,,1107729,4,,,1,15,,1107719,4,,,1,55,,1107733,4,,,1,30,,1107758,4,,,1,15,,1079738,4,,,1,55,,1107713,4,,,1,16,,1107696,4,,,1,31,,1107701,4,,,1,54,,1107695,4,,,1,15,,1107710,4,,,1,15,,1086259,4,,,1,14,,1107730,4,,,1,55,,1107739,4,,,1,15,,996817,4,,,1,15,,1107736,4,,,1,15,,1107738,4,,,1,55,,1052382,4,,,1,15,,1107712,4,,,1,15,,1107725,4,,,1,15,,1107750,4,,,1,70,,1107700,4,,,1,30,,1107756,4,,,1,70,,1107711,4,,,1,30,,1107708,4,,,1,70,,979194,4,,,1,30,,1107746,4,,,1,70,,1107735,4,,,1,30,,1107743,4,,,1,73,,1107732,4,,,1
4000,'1',522,,1090477,4,,,1,30,,1136456,4,,,1,70,,1075544,4,,,1,30,,1136437,4,,,1,72,,1136435,4,,,1,30,,1083614,4,,,1,70,,1136444,4,,,1,29,,1136433,4,,,1,70,,1136464,4,,,1,31,,1136465,4,,,1,70,,1136459,4,,,1,29,,1136429,4,,,1,71,,1102042,4,,,1,30,,1136469,4,,,1,69,,1066962,4,,,1,30,,1136461,4,,,1,70,,1136449,4,,,1,30,,1136430,4,,,1,70,,1136452,4,,,1,30,,1089506,4,,,1,54,,1136434,4,,,1,17,,1136474,4,,,1,29,,1136454,4,,,1,55,,1136447,4,,,1,30,,1136451,4,,,1,15,,1096120,4,,,1,55,,1136446,4,,,1,15,,1136432,4,,,1,15,,1136455,4,,,1,15,,1136457,4,,,1,70,,1136473,4,,,1,30,,1017312,4,,,1,71,,1136453,4,,,1,30,,1136480,4,,,1,70,,1136477,4,,,1,30,,1136436,4,,,1,70,,1136478,4,,,1,30,,1136470,4,,,1,70,,942791,4,,,1,29,,1136479,4,,,1,70,,1136476,4,,,1,30,,1136471,4,,,1,70,,1136445,4,,,1,30,,1136472,4,,,1
4000,'10',522,,1090320,4,,,1,30,,1136509,4,,,1,70,,1075208,4,,,1,30,,1136490,4,,,1,72,,1136488,4,,,1,30,,1083375,4,,,1,70,,1136497,4,,,1,29,,1136486,4,,,1,70,,1136517,4,,,1,31,,1136518,4,,,1,70,,1136512,4,,,1,29,,1136482,4,,,1,71,,1102015,4,,,1,30,,1136522,4,,,1,69,,1066679,4,,,1,30,,1136514,4,,,1,70,,1136502,4,,,1,30,,1136483,4,,,1,70,,1136505,4,,,1,30,,1089322,4,,,1,54,,1136487,4,,,1,17,,1136527,4,,,1,29,,1136507,4,,,1,55,,1136500,4,,,1,30,,1136504,4,,,1,15,,1095977,4,,,1,55,,1136499,4,,,1,15,,1136485,4,,,1,15,,1136508,4,,,1,15,,1136510,4,,,1,70,,1136526,4,,,1,30,,1017480,4,,,1,71,,1136506,4,,,1,30,,1136533,4,,,1,70,,1136530,4,,,1,30,,1136489,4,,,1,70,,1136531,4,,,1,30,,1136523,4,,,1,70,,942428,4,,,1,29,,1136532,4,,,1,70,,1136529,4,,,1,30,,1136524,4,,,1,70,,1136498,4,,,1,30,,1136525,4,,,1
4000,'11',522,,1090520,4,,,1,30,,1136562,4,,,1,70,,1075636,4,,,1,30,,1136543,4,,,1,72,,1136541,4,,,1,30,,1083684,4,,,1,70,,1136550,4,,,1,29,,1136539,4,,,1,70,,1136570,4,,,1,31,,1136571,4,,,1,70,,1136565,4,,,1,29,,1136535,4,,,1,71,,1102051,4,,,1,30,,1136575,4,,,1,69,,1067038,4,,,1,30,,1136567,4,,,1,70,,1136555,4,,,1,30,,1136536,4,,,1,70,,1136558,4,,,1,30,,1089557,4,,,1,54,,1136540,4,,,1,17,,1136580,4,,,1,29,,1136560,4,,,1,55,,1136553,4,,,1,30,,1136557,4,,,1,15,,1096163,4,,,1,55,,1136552,4,,,1,15,,1136538,4,,,1,15,,1136561,4,,,1,15,,1136563,4,,,1,70,,1136579,4,,,1,30,,1017261,4,,,1,71,,1136559,4,,,1,30,,1136586,4,,,1,70,,1136583,4,,,1,30,,1136542,4,,,1,70,,1136584,4,,,1,30,,1136576,4,,,1,70,,942735,4,,,1,29,,1136585,4,,,1,70,,1136582,4,,,1,30,,1136577,4,,,1,70,,1136551,4,,,1,30,,1136578,4,,,1
4000,'12',522,,1136612,4,,,1,30,,1136610,4,,,1,70,,1136624,4,,,1,30,,1136630,4,,,1,72,,1136646,4,,,1,30,,1136642,4,,,1,70,,1136611,4,,,1,29,,1136615,4,,,1,70,,1136623,4,,,1,31,,1136621,4,,,1,70,,1136631,4,,,1,29,,1136594,4,,,1,71,,1136643,4,,,1,30,,1136597,4,,,1,69,,1083149,4,,,1,30,,1136593,4,,,1,70,,1136614,4,,,1,30,,1136627,4,,,1,70,,1136589,4,,,1,30,,1136591,4,,,1,54,,1136640,4,,,1,17,,1136618,4,,,1,29,,1136605,4,,,1,55,,1136588,4,,,1,30,,1136609,4,,,1,15,,1136600,4,,,1,55,,1136601,4,,,1,15,,1136626,4,,,1,15,,1136633,4,,,1,15,,1136645,4,,,1,70,,1136636,4,,,1,30,,1136632,4,,,1,71,,1136613,4,,,1,30,,1136644,4,,,1,70,,1088654,4,,,1,30,,1136628,4,,,1,70,,1136634,4,,,1,30,,1136590,4,,,1,70,,1136608,4,,,1,29,,1136607,4,,,1,70,,1136629,4,,,1,30,,1136620,4,,,1,70,,1136603,4,,,1,30,,1136596,4,,,1
4000,'13',621,,1136652,4,,,1,92,,1136673,4,,,1,30,,1136664,4,,,1,70,,1136665,4,,,1,30,,1136650,4,,,1,70,,1136663,4,,,1,30,,1136662,4,,,1,71,,1136672,4,,,1,30,,1136671,4,,,1,70,,1136653,4,,,1,30,,1136680,4,,,1,70,,1136657,4,,,1,30,,1136668,4,,,1,70,,1136654,4,,,1,30,,1136679,4,,,1,70,,1136666,4,,,1,30,,1136676,4,,,1,70,,1136670,4,,,1,30,,1095496,4,,,1,70,,1136655,4,,,1,30,,1136649,4,,,1,70,,1136667,4,,,1,30,,1136660,4,,,1,69,,978938,4,,,1,30,,1136651,4,,,1,70,,1136648,4,,,1,30,,1136674,4,,,1,70,,1136669,4,,,1,30,,1079763,4,,,1,70,,1136661,4,,,1,30,,1136658,4,,,1,70,,1136675,4,,,1,30,,1136678,4,,,1,70,,1136677,4,,,1
4000,'14',522,,1136681,4,,,1,30,,1136714,4,,,1,70,,1136697,4,,,1,30,,1136694,4,,,1,72,,1136692,4,,,1,30,,1136738,4,,,1,70,,1136702,4,,,1,29,,1136689,4,,,1,70,,1136724,4,,,1,31,,1136725,4,,,1,70,,1136717,4,,,1,29,,1136685,4,,,1,71,,1136720,4,,,1,30,,1136729,4,,,1,69,,1136742,4,,,1,30,,1136719,4,,,1,70,,1136707,4,,,1,30,,1136686,4,,,1,70,,1136710,4,,,1,30,,1136684,4,,,1,54,,1136690,4,,,1,17,,1136734,4,,,1,29,,1136712,4,,,1,55,,1136705,4,,,1,30,,1136709,4,,,1,15,,1136682,4,,,1,55,,1136704,4,,,1,15,,1136688,4,,,1,15,,1136713,4,,,1,15,,1136715,4,,,1,70,,1136733,4,,,1,30,,1136691,4,,,1,71,,1136711,4,,,1,30,,1136743,4,,,1,70,,1136737,4,,,1,30,,1136693,4,,,1,70,,1136739,4,,,1,30,,1136730,4,,,1,70,,1136740,4,,,1,29,,1136741,4,,,1,70,,1136736,4,,,1,30,,1136731,4,,,1,70,,1136703,4,,,1,30,,1136732,4,,,1
4000,'15',522,,1136754,4,,,1,30,,1136779,4,,,1,70,,1136772,4,,,1,30,,1136745,4,,,1,72,,1136798,4,,,1,30,,1136758,4,,,1,70,,1136757,4,,,1,29,,1136765,4,,,1,70,,1136762,4,,,1,31,,1136801,4,,,1,70,,1136752,4,,,1,29,,1136799,4,,,1,71,,1136748,4,,,1,30,,1136789,4,,,1,69,,1136777,4,,,1,30,,1136783,4,,,1,70,,1136778,4,,,1,30,,1136770,4,,,1,70,,1136803,4,,,1,30,,1136751,4,,,1,54,,1136795,4,,,1,17,,1136786,4,,,1,29,,1136774,4,,,1,55,,1136806,4,,,1,30,,1136797,4,,,1,15,,1136775,4,,,1,55,,1136747,4,,,1,15,,1136804,4,,,1,15,,1136781,4,,,1,15,,1136746,4,,,1,70,,1136780,4,,,1,30,,1136805,4,,,1,71,,1136794,4,,,1,30,,1136769,4,,,1,70,,1136788,4,,,1,30,,1136790,4,,,1,70,,1136763,4,,,1,30,,1136749,4,,,1,70,,1136761,4,,,1,29,,1136767,4,,,1,70,,1136766,4,,,1,30,,1136808,4,,,1,70,,1136785,4,,,1,30,,1136755,4,,,1
4000,'16',522,,1136831,4,,,1,30,,1136829,4,,,1,70,,1136843,4,,,1,30,,1136849,4,,,1,72,,1136864,4,,,1,30,,1096824,4,,,1,70,,1136830,4,,,1,29,,1136834,4,,,1,70,,1136842,4,,,1,31,,1136840,4,,,1,70,,1136850,4,,,1,29,,1090263,4,,,1,71,,1136860,4,,,1,30,,1136817,4,,,1,69,,1136865,4,,,1,30,,1041255,4,,,1,70,,1136833,4,,,1,30,,1136846,4,,,1,70,,1136810,4,,,1,30,,1136812,4,,,1,54,,1136859,4,,,1,17,,1136837,4,,,1,29,,1136824,4,,,1,55,,1136809,4,,,1,30,,1136828,4,,,1,15,,1136820,4,,,1,55,,1136821,4,,,1,15,,1136845,4,,,1,15,,1136852,4,,,1,15,,1136863,4,,,1,70,,1136855,4,,,1,30,,1136851,4,,,1,71,,1136832,4,,,1,30,,1136861,4,,,1,70,,1136814,4,,,1,30,,1136847,4,,,1,70,,1136853,4,,,1,30,,1136811,4,,,1,70,,1136827,4,,,1,29,,1136826,4,,,1,70,,1136848,4,,,1,30,,1136839,4,,,1,70,,1136823,4,,,1,30,,1136816,4,,,1
4000,'17',621,,1136872,4,,,1,92,,1136893,4,,,1,30,,1136884,4,,,1,70,,1136885,4,,,1,30,,1136868,4,,,1,70,,1136883,4,,,1,30,,1136882,4,,,1,71,,1136892,4,,,1,30,,1136891,4,,,1,70,,1136873,4,,,1,30,,1136900,4,,,1,70,,1136877,4,,,1,30,,1136888,4,,,1,70,,1136874,4,,,1,30,,1136899,4,,,1,70,,1136886,4,,,1,30,,1136896,4,,,1,70,,1136890,4,,,1,30,,1136901,4,,,1,70,,1136875,4,,,1,30,,1136867,4,,,1,70,,1136887,4,,,1,30,,1136880,4,,,1,69,,1136870,4,,,1,30,,1136869,4,,,1,70,,1136866,4,,,1,30,,1136894,4,,,1,70,,1136889,4,,,1,30,,1136871,4,,,1,70,,1136881,4,,,1,30,,1136878,4,,,1,70,,1136895,4,,,1,30,,1136898,4,,,1,70,,1136897,4,,,1
4000,'2',536,,1136934,4,,,1,70,,1136936,4,,,1,30,,1136910,4,,,1,65,,1136925,4,,,1,35,,1136929,4,,,1,70,,1136918,4,,,1,30,,1136917,4,,,1,70,,1136926,4,,,1,30,,1136923,4,,,1,71,,1136906,4,,,1,30,,1136911,4,,,1,70,,1081183,4,,,1,30,,1136915,4,,,1,70,,1066348,4,,,1,30,,1136931,4,,,1,70,,1136905,4,,,1,30,,1136909,4,,,1,70,,1136933,4,,,1,30,,1136922,4,,,1,70,,1136916,4,,,1,30,,1074404,4,,,1,70,,1136932,4,,,1,30,,1136908,4,,,1,70,,1136904,4,,,1,30,,1136914,4,,,1,69,,1136913,4,,,1,30,,1038120,4,,,1,70,,1136937,4,,,1,30,,1136920,4,,,1,70,,1136930,4,,,1,30,,1136902,4,,,1,70,,1136927,4,,,1,30,,1136924,4,,,1,70,,1024356,4,,,1,30,,1136921,4,,,1,70,,1136912,4,,,1,30,,1136928,4,,,1,70,,1136907,4,,,1,30,,1136919,4,,,1
4000,'3',621,,1136944,4,,,1,92,,1136965,4,,,1,30,,1136956,4,,,1,70,,1136957,4,,,1,30,,1136940,4,,,1,70,,1136955,4,,,1,30,,1136954,4,,,1,71,,1136964,4,,,1,30,,1136963,4,,,1,70,,1136945,4,,,1,30,,1136972,4,,,1,70,,1136949,4,,,1,30,,1136960,4,,,1,70,,1136946,4,,,1,30,,1136971,4,,,1,70,,1136958,4,,,1,30,,1136968,4,,,1,70,,1136962,4,,,1,30,,1136973,4,,,1,70,,1136947,4,,,1,30,,1136939,4,,,1,70,,1136959,4,,,1,30,,1136952,4,,,1,69,,1136942,4,,,1,30,,1136941,4,,,1,70,,1136938,4,,,1,30,,1136966,4,,,1,70,,1136961,4,,,1,30,,1136943,4,,,1,70,,1136953,4,,,1,30,,1136950,4,,,1,70,,1136967,4,,,1,30,,1136970,4,,,1,70,,1136969,4,,,1
4000,'4',621,,1136977,4,,,1,92,,1136992,4,,,1,30,,1136978,4,,,1,70,,1136974,4,,,1,30,,1137002,4,,,1,70,,1136987,4,,,1,30,,1136986,4,,,1,71,,1136999,4,,,1,30,,1136975,4,,,1,70,,1136989,4,,,1,30,,1016552,4,,,1,70,,1136991,4,,,1,30,,1066852,4,,,1,70,,1136979,4,,,1,30,,1136995,4,,,1,70,,1136983,4,,,1,30,,1136993,4,,,1,70,,1136997,4,,,1,30,,1136996,4,,,1,70,,1137003,4,,,1,30,,1136990,4,,,1,70,,1137001,4,,,1,30,,1136981,4,,,1,69,,1136994,4,,,1,30,,1136998,4,,,1,70,,1136985,4,,,1,30,,1137000,4,,,1,70,,1074836,4,,,1,30,,1051343,4,,,1,70,,1072297,4,,,1,30,,1137004,4,,,1,70,,1136976,4,,,1,30,,1136980,4,,,1,70,,1136984,4,,,1
4000,'5',522,,1090453,4,,,1,30,,1137033,4,,,1,70,,1075502,4,,,1,30,,1137014,4,,,1,72,,1137012,4,,,1,30,,1083575,4,,,1,70,,1137021,4,,,1,29,,1137010,4,,,1,70,,1137041,4,,,1,31,,1137042,4,,,1,70,,1137036,4,,,1,29,,1137006,4,,,1,71,,1102033,4,,,1,30,,1137046,4,,,1,69,,1066926,4,,,1,30,,1137038,4,,,1,70,,1137026,4,,,1,30,,1137007,4,,,1,70,,1137029,4,,,1,30,,1089471,4,,,1,54,,1137011,4,,,1,17,,1137051,4,,,1,29,,1137031,4,,,1,55,,1137024,4,,,1,30,,1137028,4,,,1,15,,1096100,4,,,1,55,,1137023,4,,,1,15,,1137009,4,,,1,15,,1137032,4,,,1,15,,1137034,4,,,1,70,,1137050,4,,,1,30,,1017045,4,,,1,71,,1137030,4,,,1,30,,1137057,4,,,1,70,,1137054,4,,,1,30,,1137013,4,,,1,70,,1137055,4,,,1,30,,1137047,4,,,1,70,,942963,4,,,1,29,,1137056,4,,,1,70,,1137053,4,,,1,30,,1137048,4,,,1,70,,1137022,4,,,1,30,,1137049,4,,,1
4000,'6',522,,1137076,4,,,1,30,,1137074,4,,,1,70,,1137087,4,,,1,30,,1137092,4,,,1,72,,1001717,4,,,1,30,,1137103,4,,,1,70,,1137075,4,,,1,29,,1137079,4,,,1,70,,1137086,4,,,1,31,,1137084,4,,,1,70,,1137093,4,,,1,29,,1137061,4,,,1,71,,1014810,4,,,1,30,,1137062,4,,,1,69,,1137106,4,,,1,30,,1137059,4,,,1,70,,1137078,4,,,1,30,,1137090,4,,,1,70,,1029710,4,,,1,30,,1083312,4,,,1,54,,1097973,4,,,1,17,,1137081,4,,,1,29,,1137069,4,,,1,55,,1019094,4,,,1,30,,1137073,4,,,1,15,,1137064,4,,,1,55,,1137065,4,,,1,15,,1137089,4,,,1,15,,1137095,4,,,1,15,,1137105,4,,,1,70,,1137098,4,,,1,30,,1137094,4,,,1,71,,1137077,4,,,1,30,,1063761,4,,,1,70,,1137060,4,,,1,30,,996508,4,,,1,70,,1137096,4,,,1,30,,1031191,4,,,1,70,,1137072,4,,,1,29,,1137071,4,,,1,70,,1137091,4,,,1,30,,1137083,4,,,1,70,,1137067,4,,,1,30,,1090306,4,,,1
4000,'7',536,,1137133,4,,,1,70,,1137144,4,,,1,30,,1137143,4,,,1,65,,1137111,4,,,1,35,,1137135,4,,,1,70,,1137115,4,,,1,30,,1137134,4,,,1,70,,1137128,4,,,1,30,,1137126,4,,,1,71,,1137131,4,,,1,30,,1137142,4,,,1,70,,1137130,4,,,1,30,,1137141,4,,,1,70,,1137127,4,,,1,30,,1137125,4,,,1,70,,1137129,4,,,1,30,,1137121,4,,,1,70,,1137118,4,,,1,30,,1137117,4,,,1,70,,1137136,4,,,1,30,,1137137,4,,,1,70,,1137114,4,,,1,30,,1137138,4,,,1,70,,1137146,4,,,1,30,,1137112,4,,,1,69,,1137140,4,,,1,30,,1137120,4,,,1,70,,1137109,4,,,1,30,,1137119,4,,,1,70,,1137116,4,,,1,30,,1137123,4,,,1,70,,1137132,4,,,1,30,,1137110,4,,,1,70,,1137122,4,,,1,30,,1137139,4,,,1,70,,1137147,4,,,1,30,,1137113,4,,,1,70,,1137108,4,,,1,30,,1137145,4,,,1
4000,'8',522,,1137175,4,,,1,30,,1137173,4,,,1,70,,1137187,4,,,1,30,,1137193,4,,,1,72,,1137210,4,,,1,30,,1137205,4,,,1,70,,1137174,4,,,1,29,,1137178,4,,,1,70,,1137186,4,,,1,31,,1137184,4,,,1,70,,1137194,4,,,1,29,,1137157,4,,,1,71,,1137206,4,,,1,30,,1137160,4,,,1,69,,1137211,4,,,1,30,,1137155,4,,,1,70,,1137177,4,,,1,30,,1137190,4,,,1,70,,1137151,4,,,1,30,,1137153,4,,,1,54,,1137203,4,,,1,17,,1137181,4,,,1,29,,1137168,4,,,1,55,,1137150,4,,,1,30,,1137172,4,,,1,15,,1137163,4,,,1,55,,1137164,4,,,1,15,,1137189,4,,,1,15,,1137196,4,,,1,15,,1137209,4,,,1,70,,1137199,4,,,1,30,,1137195,4,,,1,71,,1137176,4,,,1,30,,1137207,4,,,1,70,,1137156,4,,,1,30,,1137191,4,,,1,70,,1137197,4,,,1,30,,1137152,4,,,1,70,,1137171,4,,,1,29,,1137170,4,,,1,70,,1137192,4,,,1,30,,1137183,4,,,1,70,,1137166,4,,,1,30,,1137159,4,,,1
4000,'9',522,,1090371,4,,,1,30,,1137241,4,,,1,70,,1075306,4,,,1,30,,1137222,4,,,1,72,,1137220,4,,,1,30,,1083446,4,,,1,70,,1137229,4,,,1,29,,1137218,4,,,1,70,,1137249,4,,,1,31,,1137250,4,,,1,70,,1137244,4,,,1,29,,1137214,4,,,1,71,,1102024,4,,,1,30,,1137254,4,,,1,69,,1066765,4,,,1,30,,1137246,4,,,1,70,,1137234,4,,,1,30,,1137215,4,,,1,70,,1137237,4,,,1,30,,1089386,4,,,1,54,,1137219,4,,,1,17,,1137259,4,,,1,29,,1137239,4,,,1,55,,1137232,4,,,1,30,,1137236,4,,,1,15,,1096023,4,,,1,55,,1137231,4,,,1,15,,1137217,4,,,1,15,,1137240,4,,,1,15,,1137242,4,,,1,70,,1137258,4,,,1,30,,1017363,4,,,1,71,,1137238,4,,,1,30,,1137265,4,,,1,70,,1137262,4,,,1,30,,1137221,4,,,1,70,,1137263,4,,,1,30,,1137255,4,,,1,70,,942907,4,,,1,29,,1137264,4,,,1,70,,1137261,4,,,1,30,,1137256,4,,,1,70,,1137230,4,,,1,30,,1137257,4,,,1
9800,'1',604,,1180257,12,,,1,30,,1180264,12,,,1,69,,1180238,12,,,1,29,,1180236,12,,,1,70,,1180285,12,,,1,30,,1180247,12,,,1,69,,1180289,12,,,1,26,,1180255,12,,,1,15,,1180292,12,,,1,15,,1180278,12,,,1,55,,1180248,12,,,1,15,,1180267,12,,,1,15,,1080258,12,,,1,15,,1180294,12,,,1,55,,1103140,12,,,1,15,,1180241,12,,,1,15,,1180298,12,,,1,15,,1066539,12,,,1,55,,1180275,12,,,1,16,,1180268,12,,,1,15,,1180290,12,,,1,15,,1180253,12,,,1,55,,1180251,12,,,1,15,,1180244,12,,,1,15,,1180245,12,,,1,15,,1180293,12,,,1,56,,1180235,12,,,1,15,,1019424,12,,,1,14,,1180263,12,,,1,57,,1180284,12,,,1,15,,1180295,12,,,1,17,,1180270,12,,,1,13,,1180291,12,,,1,9,,1023712,12,,,1,48,,1180265,12,,,1,14,,1180286,12,,,1,14,,1180234,12,,,1,15,,1180273,12,,,1,55,,1094612,12,,,1,15,,1180237,12,,,1,15,,1180287,12,,,1,15,,1180260,12,,,1,55,,1180232,12,,,1,15,,1180272,12,,,1,29,,1180243,12,,,1,69,,1180242,12,,,1,30,,1180240,12,,,1,65,,1180281,12,,,1,30,,954039,12,,,1,70,,1180259,12,,,1,30,,970716,12,,,1,70,,1180282,12,,,1,30,,1180254,12,,,1,68,,1180252,12,,,1,30,,1083587,12,,,1,73,,1180296,12,,,1
9800,'10',604,,1180324,12,,,1,30,,1180331,12,,,1,69,,1180305,12,,,1,29,,1180303,12,,,1,70,,1180352,12,,,1,30,,1180314,12,,,1,69,,1180356,12,,,1,26,,1180322,12,,,1,15,,1180359,12,,,1,15,,1180345,12,,,1,55,,1180315,12,,,1,15,,1180334,12,,,1,15,,1080123,12,,,1,15,,1180361,12,,,1,55,,1103137,12,,,1,15,,1180308,12,,,1,15,,1180365,12,,,1,15,,1066317,12,,,1,55,,1180342,12,,,1,16,,1180335,12,,,1,15,,1180357,12,,,1,15,,1180320,12,,,1,55,,1180318,12,,,1,15,,1180311,12,,,1,15,,1180312,12,,,1,15,,1180360,12,,,1,56,,1180302,12,,,1,15,,1019464,12,,,1,14,,1180330,12,,,1,57,,1180351,12,,,1,15,,1180362,12,,,1,17,,1180337,12,,,1,13,,1180358,12,,,1,9,,1023798,12,,,1,48,,1180332,12,,,1,14,,1180353,12,,,1,14,,1180301,12,,,1,15,,1180340,12,,,1,55,,1094442,12,,,1,15,,1180304,12,,,1,15,,1180354,12,,,1,15,,1180327,12,,,1,55,,1180299,12,,,1,15,,1180339,12,,,1,29,,1180310,12,,,1,69,,1180309,12,,,1,30,,1180307,12,,,1,65,,1180348,12,,,1,30,,953567,12,,,1,70,,1180326,12,,,1,30,,970486,12,,,1,70,,1180349,12,,,1,30,,1180321,12,,,1,68,,1180319,12,,,1,30,,1083348,12,,,1,73,,1180363,12,,,1
9800,'11',604,,1180391,12,,,1,30,,1180398,12,,,1,69,,1180372,12,,,1,29,,1180370,12,,,1,70,,1180419,12,,,1,30,,1180381,12,,,1,69,,1180423,12,,,1,26,,1180389,12,,,1,15,,1180426,12,,,1,15,,1180412,12,,,1,55,,1180382,12,,,1,15,,1180401,12,,,1,15,,1080295,12,,,1,15,,1180428,12,,,1,55,,1103141,12,,,1,15,,1180375,12,,,1,15,,1180432,12,,,1,15,,1066606,12,,,1,55,,1180409,12,,,1,16,,1180402,12,,,1,15,,1180424,12,,,1,15,,1180387,12,,,1,55,,1180385,12,,,1,15,,1180378,12,,,1,15,,1180379,12,,,1,15,,1180427,12,,,1,56,,1180369,12,,,1,15,,1019413,12,,,1,14,,1180397,12,,,1,57,,1180418,12,,,1,15,,1180429,12,,,1,17,,1180404,12,,,1,13,,1180425,12,,,1,9,,1023686,12,,,1,48,,1180399,12,,,1,14,,1180420,12,,,1,14,,1180368,12,,,1,15,,1180407,12,,,1,55,,1094654,12,,,1,15,,1180371,12,,,1,15,,1180421,12,,,1,15,,1180394,12,,,1,55,,1180366,12,,,1,15,,1180406,12,,,1,29,,1180377,12,,,1,69,,1180376,12,,,1,30,,1180374,12,,,1,65,,1180415,12,,,1,30,,953972,12,,,1,70,,1180393,12,,,1,30,,970673,12,,,1,70,,1180416,12,,,1,30,,1180388,12,,,1,68,,1180386,12,,,1,30,,1083657,12,,,1,73,,1180430,12,,,1
9800,'12',604,,1180457,12,,,1,30,,1180451,12,,,1,69,,1180474,12,,,1,29,,1180472,12,,,1,70,,1180435,12,,,1,30,,1180487,12,,,1,69,,1180464,12,,,1,26,,1067936,12,,,1,15,,1180468,12,,,1,15,,1048172,12,,,1,55,,1180467,12,,,1,15,,1088002,12,,,1,15,,1180458,12,,,1,15,,1180485,12,,,1,55,,1180478,12,,,1,15,,1180439,12,,,1,15,,1180482,12,,,1,15,,1180461,12,,,1,55,,1180446,12,,,1,16,,1051113,12,,,1,15,,1180462,12,,,1,15,,1180469,12,,,1,55,,1180440,12,,,1,15,,1180477,12,,,1,15,,1180488,12,,,1,15,,1180459,12,,,1,56,,1180442,12,,,1,15,,1180476,12,,,1,14,,1180456,12,,,1,57,,1180470,12,,,1,15,,1180486,12,,,1,17,,1180491,12,,,1,13,,1180437,12,,,1,9,,1180449,12,,,1,48,,1068844,12,,,1,14,,1180433,12,,,1,14,,1180475,12,,,1,15,,1180454,12,,,1,55,,1180444,12,,,1,15,,1180498,12,,,1,15,,1180443,12,,,1,15,,1180453,12,,,1,55,,1180490,12,,,1,15,,1180455,12,,,1,29,,1180480,12,,,1,69,,1180441,12,,,1,30,,1180466,12,,,1,65,,1180438,12,,,1,30,,1073600,12,,,1,70,,1180484,12,,,1,30,,1047543,12,,,1,70,,1180481,12,,,1,30,,1180494,12,,,1,68,,1180497,12,,,1,30,,1069299,12,,,1,73,,1180436,12,,,1
9800,'13',654,,1180502,12,,,1,70,,1064352,12,,,1,30,,1180514,12,,,1,70,,1180511,12,,,1,30,,1180509,12,,,1,70,,1180504,12,,,1,30,,1180510,12,,,1,70,,1180529,12,,,1,30,,1180521,12,,,1,70,,1180526,12,,,1,30,,1040947,12,,,1,70,,1180519,12,,,1,30,,1180530,12,,,1,70,,1180501,12,,,1,29,,1180518,12,,,1,69,,1180516,12,,,1,30,,1180524,12,,,1,70,,1180523,12,,,1,30,,1080196,12,,,1,70,,1180513,12,,,1,30,,1180527,12,,,1,70,,1180525,12,,,1,30,,1180503,12,,,1,70,,1180522,12,,,1,30,,1180520,12,,,1,70,,1180517,12,,,1,30,,1180515,12,,,1,70,,1180506,12,,,1,30,,1180505,12,,,1,70,,1180512,12,,,1,30,,1180528,12,,,1,70,,1180507,12,,,1,30,,1180500,12,,,1,70,,1180508,12,,,1
9800,'14',604,,1180560,12,,,1,30,,1180567,12,,,1,69,,1180538,12,,,1,29,,1180536,12,,,1,70,,1180590,12,,,1,30,,1180549,12,,,1,69,,1180594,12,,,1,26,,1180558,12,,,1,15,,1180598,12,,,1,15,,1180582,12,,,1,55,,1180551,12,,,1,15,,1180571,12,,,1,15,,1180568,12,,,1,15,,1180601,12,,,1,55,,1180539,12,,,1,15,,1180542,12,,,1,15,,1180607,12,,,1,15,,1180600,12,,,1,55,,1180579,12,,,1,16,,1180572,12,,,1,15,,1180595,12,,,1,15,,1180556,12,,,1,55,,1180554,12,,,1,15,,1180545,12,,,1,15,,1180546,12,,,1,15,,1180599,12,,,1,56,,1180535,12,,,1,15,,1180597,12,,,1,14,,1180566,12,,,1,57,,1180589,12,,,1,15,,1180602,12,,,1,17,,1180574,12,,,1,13,,1180596,12,,,1,9,,1180605,12,,,1,48,,1180569,12,,,1,14,,1180591,12,,,1,14,,1180534,12,,,1,15,,1180577,12,,,1,55,,1180584,12,,,1,15,,1180537,12,,,1,15,,1180592,12,,,1,15,,1180563,12,,,1,55,,1180532,12,,,1,15,,1180576,12,,,1,29,,1180544,12,,,1,69,,1180543,12,,,1,30,,1180541,12,,,1,65,,1180586,12,,,1,30,,1180604,12,,,1,70,,1180562,12,,,1,30,,1180550,12,,,1,70,,1180587,12,,,1,30,,1180557,12,,,1,68,,1180555,12,,,1,30,,1180531,12,,,1,73,,1180603,12,,,1
9800,'15',604,,1180681,12,,,1,30,,1180680,12,,,1,69,,1180661,12,,,1,29,,1180653,12,,,1,70,,1180630,12,,,1,30,,1180615,12,,,1,69,,1180662,12,,,1,26,,1180678,12,,,1,15,,1180611,12,,,1,15,,1180665,12,,,1,55,,1180626,12,,,1,15,,1180639,12,,,1,15,,1180645,12,,,1,15,,1180621,12,,,1,55,,1180637,12,,,1,15,,1180642,12,,,1,15,,1180660,12,,,1,15,,1180622,12,,,1,55,,1180670,12,,,1,16,,1180624,12,,,1,15,,1180666,12,,,1,15,,1180644,12,,,1,55,,1180612,12,,,1,15,,1180656,12,,,1,15,,1180663,12,,,1,15,,1180659,12,,,1,56,,1180683,12,,,1,15,,1180633,12,,,1,14,,1180669,12,,,1,57,,1180651,12,,,1,15,,1180618,12,,,1,17,,1180646,12,,,1,13,,1180679,12,,,1,9,,1180684,12,,,1,48,,1180641,12,,,1,14,,1180643,12,,,1,14,,1180647,12,,,1,15,,1180609,12,,,1,55,,1180617,12,,,1,15,,1180676,12,,,1,15,,1180619,12,,,1,15,,1180671,12,,,1,55,,1180655,12,,,1,15,,1180649,12,,,1,29,,1180654,12,,,1,69,,1180620,12,,,1,30,,1180613,12,,,1,65,,1180635,12,,,1,30,,1180627,12,,,1,70,,1180657,12,,,1,30,,1180634,12,,,1,70,,1180625,12,,,1,30,,1180628,12,,,1,68,,1180623,12,,,1,30,,1180638,12,,,1,73,,1180632,12,,,1
9800,'16',604,,1180708,12,,,1,30,,1180702,12,,,1,69,,1180728,12,,,1,29,,1180726,12,,,1,70,,1180687,12,,,1,30,,1180740,12,,,1,69,,1180717,12,,,1,26,,1180686,12,,,1,15,,1180721,12,,,1,15,,1180711,12,,,1,55,,1180720,12,,,1,15,,1180688,12,,,1,15,,1180709,12,,,1,15,,1081075,12,,,1,55,,1180732,12,,,1,15,,1180691,12,,,1,15,,1180736,12,,,1,15,,1180713,12,,,1,55,,1180698,12,,,1,16,,1180751,12,,,1,15,,1180715,12,,,1,15,,1180722,12,,,1,55,,1180692,12,,,1,15,,1180731,12,,,1,15,,1180741,12,,,1,15,,1180710,12,,,1,56,,1096811,12,,,1,15,,1180730,12,,,1,14,,1180707,12,,,1,57,,1180724,12,,,1,15,,1180739,12,,,1,17,,1180744,12,,,1,13,,1180689,12,,,1,9,,1180700,12,,,1,48,,1180750,12,,,1,14,,1180685,12,,,1,14,,1180729,12,,,1,15,,1180705,12,,,1,55,,1180695,12,,,1,15,,1180755,12,,,1,15,,1180694,12,,,1,15,,1180704,12,,,1,55,,1180743,12,,,1,15,,1180706,12,,,1,29,,1180734,12,,,1,69,,1180693,12,,,1,30,,1180719,12,,,1,65,,1180690,12,,,1,30,,1180714,12,,,1,70,,1180738,12,,,1,30,,1180753,12,,,1,70,,1180735,12,,,1,30,,1180747,12,,,1,68,,1180754,12,,,1,30,,1180696,12,,,1,73,,1068409,12,,,1
9800,'17',654,,1180759,12,,,1,70,,1180771,12,,,1,30,,1180772,12,,,1,70,,1180768,12,,,1,30,,1180766,12,,,1,70,,1180761,12,,,1,30,,1180767,12,,,1,70,,1180789,12,,,1,30,,1180779,12,,,1,70,,1180784,12,,,1,30,,1180788,12,,,1,70,,1180777,12,,,1,30,,1180790,12,,,1,70,,1180758,12,,,1,29,,1180776,12,,,1,69,,1180774,12,,,1,30,,1180782,12,,,1,70,,1180781,12,,,1,30,,1180787,12,,,1,70,,1180770,12,,,1,30,,1180785,12,,,1,70,,1180783,12,,,1,30,,1180760,12,,,1,70,,1180780,12,,,1,30,,1180778,12,,,1,70,,1180775,12,,,1,30,,1180773,12,,,1,70,,1180763,12,,,1,30,,1180762,12,,,1,70,,1180769,12,,,1,30,,1180786,12,,,1,70,,1180764,12,,,1,30,,1180757,12,,,1,70,,1180765,12,,,1
9800,'2',646,,1180813,12,,,1,70,,1180820,12,,,1,30,,1180797,12,,,1,70,,1180805,12,,,1,30,,1180794,12,,,1,70,,1180814,12,,,1,30,,1180800,12,,,1,70,,1180803,12,,,1,30,,1180795,12,,,1,70,,1180815,12,,,1,30,,1180816,12,,,1,70,,1180807,12,,,1,30,,1180823,12,,,1,70,,1068987,12,,,1,30,,1180806,12,,,1,70,,1180793,12,,,1,30,,1180810,12,,,1,70,,1180796,12,,,1,30,,1180821,12,,,1,70,,1180801,12,,,1,30,,1180798,12,,,1,70,,1180818,12,,,1,30,,1031906,12,,,1,70,,1180811,12,,,1,30,,1180812,12,,,1,70,,1180819,12,,,1,31,,1180824,12,,,1,70,,1180791,12,,,1,30,,1180822,12,,,1,70,,1180809,12,,,1,30,,1180792,12,,,1,70,,1180817,12,,,1,30,,1180802,12,,,1,70,,1180799,12,,,1,30,,1180804,12,,,1,70,,1180808,12,,,1
9800,'3',654,,1180827,12,,,1,70,,1180839,12,,,1,30,,1180840,12,,,1,70,,1180836,12,,,1,30,,1180834,12,,,1,70,,1180829,12,,,1,30,,1180835,12,,,1,70,,1180857,12,,,1,30,,1180847,12,,,1,70,,1180852,12,,,1,30,,1180856,12,,,1,70,,1180845,12,,,1,30,,1180858,12,,,1,70,,1180826,12,,,1,29,,1180844,12,,,1,69,,1180842,12,,,1,30,,1180850,12,,,1,70,,1180849,12,,,1,30,,1180855,12,,,1,70,,1180838,12,,,1,30,,1180853,12,,,1,70,,1180851,12,,,1,30,,1180828,12,,,1,70,,1180848,12,,,1,30,,1180846,12,,,1,70,,1180843,12,,,1,30,,1180841,12,,,1,70,,1180831,12,,,1,30,,1180830,12,,,1,70,,1180837,12,,,1,30,,1180854,12,,,1,70,,1180832,12,,,1,30,,1180825,12,,,1,70,,1180833,12,,,1
9800,'4',654,,1180869,12,,,1,70,,1084092,12,,,1,30,,1180884,12,,,1,70,,1180876,12,,,1,30,,1091167,12,,,1,70,,1180870,12,,,1,30,,1180860,12,,,1,70,,1180871,12,,,1,30,,1180879,12,,,1,70,,1180886,12,,,1,30,,1180890,12,,,1,70,,1180861,12,,,1,30,,1180878,12,,,1,70,,1180864,12,,,1,29,,1180865,12,,,1,69,,1180881,12,,,1,30,,1180868,12,,,1,70,,1180873,12,,,1,30,,1180859,12,,,1,70,,1180887,12,,,1,30,,1180866,12,,,1,70,,1180872,12,,,1,30,,1180862,12,,,1,70,,1180882,12,,,1,30,,1180888,12,,,1,70,,1180885,12,,,1,30,,1180867,12,,,1,70,,1180863,12,,,1,30,,1180889,12,,,1,70,,1180874,12,,,1,30,,1180875,12,,,1,70,,1180877,12,,,1,30,,1180880,12,,,1,70,,1180883,12,,,1
9800,'5',604,,1180916,12,,,1,30,,1180923,12,,,1,69,,1180897,12,,,1,29,,1180895,12,,,1,70,,1180944,12,,,1,30,,1180906,12,,,1,69,,1180948,12,,,1,26,,1180914,12,,,1,15,,1180951,12,,,1,15,,1180937,12,,,1,55,,1180907,12,,,1,15,,1180926,12,,,1,15,,1080241,12,,,1,15,,1180953,12,,,1,55,,1103139,12,,,1,15,,1180900,12,,,1,15,,1180957,12,,,1,15,,1066500,12,,,1,55,,1180934,12,,,1,16,,1180927,12,,,1,15,,1180949,12,,,1,15,,1180912,12,,,1,55,,1180910,12,,,1,15,,1180903,12,,,1,15,,1180904,12,,,1,15,,1180952,12,,,1,56,,1180894,12,,,1,15,,1019370,12,,,1,14,,1180922,12,,,1,57,,1180943,12,,,1,15,,1180954,12,,,1,17,,1180929,12,,,1,13,,1180950,12,,,1,9,,1023552,12,,,1,48,,1180924,12,,,1,14,,1180945,12,,,1,14,,1180893,12,,,1,15,,1180932,12,,,1,55,,1094589,12,,,1,15,,1180896,12,,,1,15,,1180946,12,,,1,15,,1180919,12,,,1,55,,1180891,12,,,1,15,,1180931,12,,,1,29,,1180902,12,,,1,69,,1180901,12,,,1,30,,1180899,12,,,1,65,,1180940,12,,,1,30,,954242,12,,,1,70,,1180918,12,,,1,30,,970856,12,,,1,70,,1180941,12,,,1,30,,1180913,12,,,1,68,,1180911,12,,,1,30,,1083548,12,,,1,73,,1180955,12,,,1
9800,'6',604,,1180974,12,,,1,30,,1086891,12,,,1,69,,1180994,12,,,1,29,,1180992,12,,,1,70,,1067767,12,,,1,30,,1181005,12,,,1,69,,1180983,12,,,1,26,,1180959,12,,,1,15,,1180987,12,,,1,15,,1180977,12,,,1,55,,1180986,12,,,1,15,,1180960,12,,,1,15,,1180975,12,,,1,15,,1181003,12,,,1,55,,1097965,12,,,1,15,,1180962,12,,,1,15,,1181000,12,,,1,15,,1180979,12,,,1,55,,1032569,12,,,1,16,,1181016,12,,,1,15,,1180981,12,,,1,15,,1180988,12,,,1,55,,1022769,12,,,1,15,,1180997,12,,,1,15,,1181006,12,,,1,15,,1180976,12,,,1,56,,1180964,12,,,1,15,,1180996,12,,,1,14,,1180973,12,,,1,57,,1180990,12,,,1,15,,1181004,12,,,1,17,,1181009,12,,,1,13,,1087665,12,,,1,9,,1180967,12,,,1,48,,1181015,12,,,1,14,,1076383,12,,,1,14,,1180995,12,,,1,15,,1180971,12,,,1,55,,1036619,12,,,1,15,,1181019,12,,,1,15,,1006635,12,,,1,15,,1180970,12,,,1,55,,1181008,12,,,1,15,,1180972,12,,,1,29,,1180998,12,,,1,69,,1180963,12,,,1,30,,1180985,12,,,1,65,,1072890,12,,,1,30,,1180980,12,,,1,70,,1181002,12,,,1,30,,1181018,12,,,1,70,,1180999,12,,,1,30,,1181012,12,,,1,68,,1090989,12,,,1,30,,1180965,12,,,1,73,,1180961,12,,,1
9800,'7',646,,1181047,12,,,1,70,,1181032,12,,,1,30,,1181026,12,,,1,70,,1181033,12,,,1,30,,1181042,12,,,1,70,,1181043,12,,,1,30,,1181041,12,,,1,70,,1181050,12,,,1,30,,1181045,12,,,1,70,,1181036,12,,,1,30,,1181046,12,,,1,70,,1181022,12,,,1,30,,1181023,12,,,1,70,,1181027,12,,,1,30,,1181025,12,,,1,70,,1181044,12,,,1,30,,1181037,12,,,1,70,,1181030,12,,,1,30,,1181024,12,,,1,70,,1181051,12,,,1,30,,1181034,12,,,1,70,,1181049,12,,,1,30,,1181055,12,,,1,70,,1181054,12,,,1,30,,1181048,12,,,1,70,,1181035,12,,,1,31,,1181039,12,,,1,70,,1181020,12,,,1,30,,1181021,12,,,1,70,,1181038,12,,,1,30,,1181031,12,,,1,70,,1181029,12,,,1,30,,1181028,12,,,1,70,,1181052,12,,,1,30,,1181040,12,,,1,70,,1181053,12,,,1
9800,'8',604,,1181083,12,,,1,30,,1181077,12,,,1,69,,1181103,12,,,1,29,,1181101,12,,,1,70,,1181059,12,,,1,30,,1181116,12,,,1,69,,1181092,12,,,1,26,,1181058,12,,,1,15,,1181096,12,,,1,15,,1181086,12,,,1,55,,1181095,12,,,1,15,,1181060,12,,,1,15,,1181084,12,,,1,15,,1181114,12,,,1,55,,1181107,12,,,1,15,,1181064,12,,,1,15,,1181111,12,,,1,15,,1181088,12,,,1,55,,1181072,12,,,1,16,,1181127,12,,,1,15,,1181090,12,,,1,15,,1181097,12,,,1,55,,1181065,12,,,1,15,,1181106,12,,,1,15,,1181117,12,,,1,15,,1181085,12,,,1,56,,1181067,12,,,1,15,,1181105,12,,,1,14,,1181082,12,,,1,57,,1181099,12,,,1,15,,1181115,12,,,1,17,,1181120,12,,,1,13,,1181062,12,,,1,9,,1181075,12,,,1,48,,1181126,12,,,1,14,,1181056,12,,,1,14,,1181104,12,,,1,15,,1181080,12,,,1,55,,1181069,12,,,1,15,,1181131,12,,,1,15,,1181068,12,,,1,15,,1181079,12,,,1,55,,1181119,12,,,1,15,,1181081,12,,,1,29,,1181109,12,,,1,69,,1181066,12,,,1,30,,1181094,12,,,1,65,,1181063,12,,,1,30,,1181089,12,,,1,70,,1181113,12,,,1,30,,1181129,12,,,1,70,,1181110,12,,,1,30,,1181123,12,,,1,68,,1181130,12,,,1,30,,1181070,12,,,1,73,,1181061,12,,,1
9800,'9',604,,1181158,12,,,1,30,,1181165,12,,,1,69,,1181139,12,,,1,29,,1181137,12,,,1,70,,1181186,12,,,1,30,,1181148,12,,,1,69,,1181190,12,,,1,26,,1181156,12,,,1,15,,1181193,12,,,1,15,,1181179,12,,,1,55,,1181149,12,,,1,15,,1181168,12,,,1,15,,1080166,12,,,1,15,,1181195,12,,,1,55,,1103138,12,,,1,15,,1181142,12,,,1,15,,1181199,12,,,1,15,,1066384,12,,,1,55,,1181176,12,,,1,16,,1181169,12,,,1,15,,1181191,12,,,1,15,,1181154,12,,,1,55,,1181152,12,,,1,15,,1181145,12,,,1,15,,1181146,12,,,1,15,,1181194,12,,,1,56,,1181136,12,,,1,15,,1019435,12,,,1,14,,1181164,12,,,1,57,,1181185,12,,,1,15,,1181196,12,,,1,17,,1181171,12,,,1,13,,1181192,12,,,1,9,,1023738,12,,,1,48,,1181166,12,,,1,14,,1181187,12,,,1,14,,1181135,12,,,1,15,,1181174,12,,,1,55,,1094492,12,,,1,15,,1181138,12,,,1,15,,1181188,12,,,1,15,,1181161,12,,,1,55,,1181133,12,,,1,15,,1181173,12,,,1,29,,1181144,12,,,1,69,,1181143,12,,,1,30,,1181141,12,,,1,65,,1181182,12,,,1,30,,954175,12,,,1,70,,1181160,12,,,1,30,,970813,12,,,1,70,,1181183,12,,,1,30,,1181155,12,,,1,68,,1181153,12,,,1,30,,1083419,12,,,1,73,,1181197,12,,,1
29401,'1',1613,,1081958,4,,,1,29,,1198039,4,,,1,70,,1198041,4,,,1,30,,1198040,4,,,1
29401,'10',1613,,1081798,4,,,1,29,,1198042,4,,,1,70,,1198044,4,,,1,30,,1198043,4,,,1
29401,'11',1613,,1082003,4,,,1,29,,1198045,4,,,1,70,,1198047,4,,,1,30,,1198046,4,,,1
29401,'12',1613,,1198050,4,,,1,29,,1198048,4,,,1,70,,1198049,4,,,1,30,,1198051,4,,,1
29401,'14',1613,,1198053,4,,,1,29,,1198052,4,,,1,70,,1198055,4,,,1,30,,1198054,4,,,1
29401,'15',1613,,1198059,4,,,1,29,,1198056,4,,,1,70,,1198058,4,,,1,30,,1198057,4,,,1
29401,'16',1613,,1198062,4,,,1,29,,1198060,4,,,1,70,,1198061,4,,,1,30,,1198063,4,,,1
29401,'5',1613,,1081928,4,,,1,29,,1198064,4,,,1,70,,1198066,4,,,1,30,,1198065,4,,,1
29401,'6',1613,,1198069,4,,,1,29,,1198067,4,,,1,70,,1198068,4,,,1,30,,1198070,4,,,1
29401,'8',1613,,1198073,4,,,1,29,,1198071,4,,,1,70,,1198072,4,,,1,30,,1198074,4,,,1
29401,'9',1613,,1081847,4,,,1,29,,1198075,4,,,1,70,,1198077,4,,,1,30,,1198076,4,,,1
64400,'1',818,,1199443,4,,,1,4,,1199444,4,,,1
64400,'10',818,,1199445,4,,,1,4,,1199446,4,,,1
64400,'11',818,,1199447,4,,,1,4,,1199448,4,,,1
64400,'12',818,,1078638,4,,,1,4,,1199449,4,,,1
64400,'14',818,,1199450,4,,,1,4,,1199451,4,,,1
64400,'15',818,,1199452,4,,,1,4,,1199453,4,,,1
64400,'16',818,,1199455,4,,,1,4,,1199454,4,,,1
64400,'5',818,,1199456,4,,,1,4,,1199457,4,,,1
64400,'6',818,,1199459,4,,,1,4,,1199458,4,,,1
64400,'8',818,,1199461,4,,,1,4,,1199460,4,,,1
64400,'9',818,,1199462,4,,,1,4,,1199463,4,,,1
64900,'1',803,,1199624,4,,,1
64900,'10',803,,1199625,4,,,1
64900,'11',803,,1199626,4,,,1
64900,'12',803,,1199627,4,,,1
64900,'14',803,,1199628,4,,,1
64900,'15',803,,1199629,4,,,1
64900,'16',803,,1199630,4,,,1
64900,'5',803,,1199631,4,,,1
64900,'6',803,,1199632,4,,,1
64900,'8',803,,1199633,4,,,1
64900,'9',803,,1199634,4,,,1
69700,'1',1531,,1200758,15,0,92,1
69700,'10',1531,,1200759,15,0,92,1
69700,'11',1531,,1200760,15,0,92,1
69700,'12',1531,,1200762,15,0,92,1
69700,'14',1531,,1200764,15,0,92,1
69700,'15',1531,,1200766,15,0,92,1
69700,'16',1531,,1200768,15,0,92,1
69700,'5',1531,,1200769,15,0,92,1
69700,'6',1531,,1200771,15,0,92,1
69700,'8',1531,,1200773,15,0,92,1
69700,'9',1531,,1200774,15,0,92,1
69801,'1',1502,,1200858,14,,,1,29,,1200857,13,,,1
69801,'10',1502,,1200863,14,,,1,29,,1200862,13,,,1
69801,'11',1502,,1200868,14,,,1,29,,1200867,13,,,1
69801,'12',1502,,1200873,14,,,1,29,,1200872,13,,,1
69801,'14',1502,,1200878,14,,,1,29,,1200877,13,,,1
69801,'15',1502,,1200883,14,,,1,29,,1200881,13,,,1
69801,'16',1502,,1200888,14,,,1,29,,1200887,13,,,1
69801,'5',1502,,1200893,14,,,1,29,,1200892,13,,,1
69801,'6',1502,,1200897,14,,,1,29,,1200896,13,,,1
69801,'8',1502,,1200902,14,,,1,29,,1200901,13,,,1
69801,'9',1502,,1200907,14,,,1,29,,1200906,13,,,1
