9800,'1',611,,1180257,23,,,1,32,,1180264,23,,,1,69,,1180238,23,,,1,31,,1180236,23,,,1,70,,1180285,23,,,1,30,,1180247,23,,,1,69,,1180289,23,,,1,26,,1180255,23,,,1,15,,1180292,23,,,1,55,,1180278,23,,,1,15,,1180248,23,,,1,15,,1180267,23,,,1,15,,1080258,23,,,1,55,,1180294,23,,,1,15,,1103140,23,,,1,15,,1180241,23,,,1,15,,1180298,23,,,1,55,,1066539,23,,,1,15,,1180275,23,,,1,16,,1180268,23,,,1,15,,1180290,23,,,1,55,,1180253,23,,,1,15,,1180251,23,,,1,15,,1180244,23,,,1,15,,1180245,23,,,1,55,,1180293,23,,,1,16,,1180235,23,,,1,15,,1019424,23,,,1,14,,1180263,23,,,1,58,,1180284,23,,,1,15,,1180295,23,,,1,17,,1180270,23,,,1,13,,1180291,23,,,1,49,,1023712,23,,,1,8,,1180265,23,,,1,14,,1180286,23,,,1,14,,1180234,23,,,1,15,,1180273,23,,,1,55,,1094612,23,,,1,15,,1180237,23,,,1,15,,1180287,23,,,1,15,,1180260,23,,,1,55,,1180232,23,,,1,15,,1180272,23,,,1,28,,1180243,23,,,1,69,,1180242,23,,,1,30,,1180240,23,,,1,65,,1180281,23,,,1,30,,954039,23,,,1,70,,1180259,23,,,1,30,,970716,23,,,1,68,,1180282,23,,,1,30,,1180254,23,,,1,68,,1180252,23,,,1,30,,1083587,23,,,1,73,,1180296,23,,,1
9800,'10',611,,1180324,23,,,1,32,,1180331,23,,,1,69,,1180305,23,,,1,31,,1180303,23,,,1,70,,1180352,23,,,1,30,,1180314,23,,,1,69,,1180356,23,,,1,26,,1180322,23,,,1,15,,1180359,23,,,1,55,,1180345,23,,,1,15,,1180315,23,,,1,15,,1180334,23,,,1,15,,1080123,23,,,1,55,,1180361,23,,,1,15,,1103137,23,,,1,15,,1180308,23,,,1,15,,1180365,23,,,1,55,,1066317,23,,,1,15,,1180342,23,,,1,16,,1180335,23,,,1,15,,1180357,23,,,1,55,,1180320,23,,,1,15,,1180318,23,,,1,15,,1180311,23,,,1,15,,1180312,23,,,1,55,,1180360,23,,,1,16,,1180302,23,,,1,15,,1019464,23,,,1,14,,1180330,23,,,1,58,,1180351,23,,,1,15,,1180362,23,,,1,17,,1180337,23,,,1,13,,1180358,23,,,1,49,,1023798,23,,,1,8,,1180332,23,,,1,14,,1180353,23,,,1,14,,1180301,23,,,1,15,,1180340,23,,,1,55,,1094442,23,,,1,15,,1180304,23,,,1,15,,1180354,23,,,1,15,,1180327,23,,,1,55,,1180299,23,,,1,15,,1180339,23,,,1,28,,1180310,23,,,1,69,,1180309,23,,,1,30,,1180307,23,,,1,65,,1180348,23,,,1,30,,953567,23,,,1,70,,1180326,23,,,1,30,,970486,23,,,1,68,,1180349,23,,,1,30,,1180321,23,,,1,68,,1180319,23,,,1,30,,1083348,23,,,1,73,,1180363,23,,,1
9800,'11',611,,1180391,23,,,1,32,,1180398,23,,,1,69,,1180372,23,,,1,31,,1180370,23,,,1,70,,1180419,23,,,1,30,,1180381,23,,,1,69,,1180423,23,,,1,26,,1180389,23,,,1,15,,1180426,23,,,1,55,,1180412,23,,,1,15,,1180382,23,,,1,15,,1180401,23,,,1,15,,1080295,23,,,1,55,,1180428,23,,,1,15,,1103141,23,,,1,15,,1180375,23,,,1,15,,1180432,23,,,1,55,,1066606,23,,,1,15,,1180409,23,,,1,16,,1180402,23,,,1,15,,1180424,23,,,1,55,,1180387,23,,,1,15,,1180385,23,,,1,15,,1180378,23,,,1,15,,1180379,23,,,1,55,,1180427,23,,,1,16,,1180369,23,,,1,15,,1019413,23,,,1,14,,1180397,23,,,1,58,,1180418,23,,,1,15,,1180429,23,,,1,17,,1180404,23,,,1,13,,1180425,23,,,1,49,,1023686,23,,,1,8,,1180399,23,,,1,14,,1180420,23,,,1,14,,1180368,23,,,1,15,,1180407,23,,,1,55,,1094654,23,,,1,15,,1180371,23,,,1,15,,1180421,23,,,1,15,,1180394,23,,,1,55,,1180366,23,,,1,15,,1180406,23,,,1,28,,1180377,23,,,1,69,,1180376,23,,,1,30,,1180374,23,,,1,65,,1180415,23,,,1,30,,953972,23,,,1,70,,1180393,23,,,1,30,,970673,23,,,1,68,,1180416,23,,,1,30,,1180388,23,,,1,68,,1180386,23,,,1,30,,1083657,23,,,1,73,,1180430,23,,,1
9800,'12',611,,1180457,23,,,1,32,,1180451,23,,,1,69,,1180474,23,,,1,31,,1180472,23,,,1,70,,1180435,23,,,1,30,,1180487,23,,,1,69,,1180464,23,,,1,26,,1067936,23,,,1,15,,1180468,23,,,1,55,,1048172,23,,,1,15,,1180467,23,,,1,15,,1088002,23,,,1,15,,1180458,23,,,1,55,,1180485,23,,,1,15,,1180478,23,,,1,15,,1180439,23,,,1,15,,1180482,23,,,1,55,,1180461,23,,,1,15,,1180446,23,,,1,16,,1051113,23,,,1,15,,1180462,23,,,1,55,,1180469,23,,,1,15,,1180440,23,,,1,15,,1180477,23,,,1,15,,1180488,23,,,1,55,,1180459,23,,,1,16,,1180442,23,,,1,15,,1180476,23,,,1,14,,1180456,23,,,1,58,,1180470,23,,,1,15,,1180486,23,,,1,17,,1180491,23,,,1,13,,1180437,23,,,1,49,,1180449,23,,,1,8,,1068844,23,,,1,14,,1180433,23,,,1,14,,1180475,23,,,1,15,,1180454,23,,,1,55,,1180444,23,,,1,15,,1180498,23,,,1,15,,1180443,23,,,1,15,,1180453,23,,,1,55,,1180490,23,,,1,15,,1180455,23,,,1,28,,1180480,23,,,1,69,,1180441,23,,,1,30,,1180466,23,,,1,65,,1180438,23,,,1,30,,1073600,23,,,1,70,,1180484,23,,,1,30,,1047543,23,,,1,68,,1180481,23,,,1,30,,1180494,23,,,1,68,,1180497,23,,,1,30,,1069299,23,,,1,73,,1180436,23,,,1
9800,'13',700,,1180502,23,,,1,30,,1064352,23,,,1,70,,1180514,23,,,1,30,,1180511,23,,,1,70,,1180509,23,,,1,30,,1180504,23,,,1,70,,1180510,23,,,1,30,,1180529,23,,,1,70,,1180521,23,,,1,30,,1180526,23,,,1,70,,1040947,23,,,1,31,,1180519,23,,,1,70,,1180530,23,,,1,30,,1180501,23,,,1,69,,1180518,23,,,1,29,,1180516,23,,,1,30,,1180524,23,,,1,70,,1180523,23,,,1,30,,1080196,23,,,1,70,,1180513,23,,,1,30,,1180527,23,,,1,70,,1180525,23,,,1,30,,1180503,23,,,1,70,,1180522,23,,,1,30,,1180520,23,,,1,70,,1180517,23,,,1,30,,1180515,23,,,1,70,,1180506,23,,,1,30,,1180505,23,,,1,70,,1180512,23,,,1,30,,1180528,23,,,1,69,,1180507,23,,,1,30,,1180500,23,,,1,70,,1180508,23,,,1
9800,'14',611,,1180560,23,,,1,32,,1180567,23,,,1,69,,1180538,23,,,1,31,,1180536,23,,,1,70,,1180590,23,,,1,30,,1180549,23,,,1,69,,1180594,23,,,1,26,,1180558,23,,,1,15,,1180598,23,,,1,55,,1180582,23,,,1,15,,1180551,23,,,1,15,,1180571,23,,,1,15,,1180568,23,,,1,55,,1180601,23,,,1,15,,1180539,23,,,1,15,,1180542,23,,,1,15,,1180607,23,,,1,55,,1180600,23,,,1,15,,1180579,23,,,1,16,,1180572,23,,,1,15,,1180595,23,,,1,55,,1180556,23,,,1,15,,1180554,23,,,1,15,,1180545,23,,,1,15,,1180546,23,,,1,55,,1180599,23,,,1,16,,1180535,23,,,1,15,,1180597,23,,,1,14,,1180566,23,,,1,58,,1180589,23,,,1,15,,1180602,23,,,1,17,,1180574,23,,,1,13,,1180596,23,,,1,49,,1180605,23,,,1,8,,1180569,23,,,1,14,,1180591,23,,,1,14,,1180534,23,,,1,15,,1180577,23,,,1,55,,1180584,23,,,1,15,,1180537,23,,,1,15,,1180592,23,,,1,15,,1180563,23,,,1,55,,1180532,23,,,1,15,,1180576,23,,,1,28,,1180544,23,,,1,69,,1180543,23,,,1,30,,1180541,23,,,1,65,,1180586,23,,,1,30,,1180604,23,,,1,70,,1180562,23,,,1,30,,1180550,23,,,1,68,,1180587,23,,,1,30,,1180557,23,,,1,68,,1180555,23,,,1,30,,1180531,23,,,1,73,,1180603,23,,,1
9800,'15',611,,1180681,23,,,1,32,,1180680,23,,,1,69,,1180661,23,,,1,31,,1180653,23,,,1,70,,1180630,23,,,1,30,,1180615,23,,,1,69,,1180662,23,,,1,26,,1180678,23,,,1,15,,1180611,23,,,1,55,,1180665,23,,,1,15,,1180626,23,,,1,15,,1180639,23,,,1,15,,1180645,23,,,1,55,,1180621,23,,,1,15,,1180637,23,,,1,15,,1180642,23,,,1,15,,1180660,23,,,1,55,,1180622,23,,,1,15,,1180670,23,,,1,16,,1180624,23,,,1,15,,1180666,23,,,1,55,,1180644,23,,,1,15,,1180612,23,,,1,15,,1180656,23,,,1,15,,1180663,23,,,1,55,,1180659,23,,,1,16,,1180683,23,,,1,15,,1180633,23,,,1,14,,1180669,23,,,1,58,,1180651,23,,,1,15,,1180618,23,,,1,17,,1180646,23,,,1,13,,1180679,23,,,1,49,,1180684,23,,,1,8,,1180641,23,,,1,14,,1180643,23,,,1,14,,1180647,23,,,1,15,,1180609,23,,,1,55,,1180617,23,,,1,15,,1180676,23,,,1,15,,1180619,23,,,1,15,,1180671,23,,,1,55,,1180655,23,,,1,15,,1180649,23,,,1,28,,1180654,23,,,1,69,,1180620,23,,,1,30,,1180613,23,,,1,65,,1180635,23,,,1,30,,1180627,23,,,1,70,,1180657,23,,,1,30,,1180634,23,,,1,68,,1180625,23,,,1,30,,1180628,23,,,1,68,,1180623,23,,,1,30,,1180638,23,,,1,73,,1180632,23,,,1
9800,'16',611,,1180708,23,,,1,32,,1180702,23,,,1,69,,1180728,23,,,1,31,,1180726,23,,,1,70,,1180687,23,,,1,30,,1180740,23,,,1,69,,1180717,23,,,1,26,,1180686,23,,,1,15,,1180721,23,,,1,55,,1180711,23,,,1,15,,1180720,23,,,1,15,,1180688,23,,,1,15,,1180709,23,,,1,55,,1081075,23,,,1,15,,1180732,23,,,1,15,,1180691,23,,,1,15,,1180736,23,,,1,55,,1180713,23,,,1,15,,1180698,23,,,1,16,,1180751,23,,,1,15,,1180715,23,,,1,55,,1180722,23,,,1,15,,1180692,23,,,1,15,,1180731,23,,,1,15,,1180741,23,,,1,55,,1180710,23,,,1,16,,1096811,23,,,1,15,,1180730,23,,,1,14,,1180707,23,,,1,58,,1180724,23,,,1,15,,1180739,23,,,1,17,,1180744,23,,,1,13,,1180689,23,,,1,49,,1180700,23,,,1,8,,1180750,23,,,1,14,,1180685,23,,,1,14,,1180729,23,,,1,15,,1180705,23,,,1,55,,1180695,23,,,1,15,,1180755,23,,,1,15,,1180694,23,,,1,15,,1180704,23,,,1,55,,1180743,23,,,1,15,,1180706,23,,,1,28,,1180734,23,,,1,69,,1180693,23,,,1,30,,1180719,23,,,1,65,,1180690,23,,,1,30,,1180714,23,,,1,70,,1180738,23,,,1,30,,1180753,23,,,1,68,,1180735,23,,,1,30,,1180747,23,,,1,68,,1180754,23,,,1,30,,1180696,23,,,1,73,,1068409,23,,,1
9800,'17',700,,1180759,23,,,1,30,,1180771,23,,,1,70,,1180772,23,,,1,30,,1180768,23,,,1,70,,1180766,23,,,1,30,,1180761,23,,,1,70,,1180767,23,,,1,30,,1180789,23,,,1,70,,1180779,23,,,1,30,,1180784,23,,,1,70,,1180788,23,,,1,31,,1180777,23,,,1,70,,1180790,23,,,1,30,,1180758,23,,,1,69,,1180776,23,,,1,29,,1180774,23,,,1,30,,1180782,23,,,1,70,,1180781,23,,,1,30,,1180787,23,,,1,70,,1180770,23,,,1,30,,1180785,23,,,1,70,,1180783,23,,,1,30,,1180760,23,,,1,70,,1180780,23,,,1,30,,1180778,23,,,1,70,,1180775,23,,,1,30,,1180773,23,,,1,70,,1180763,23,,,1,30,,1180762,23,,,1,70,,1180769,23,,,1,30,,1180786,23,,,1,69,,1180764,23,,,1,30,,1180757,23,,,1,70,,1180765,23,,,1
9800,'2',652,,1180813,23,,,1,70,,1180820,23,,,1,30,,1180797,23,,,1,70,,1180805,23,,,1,30,,1180794,23,,,1,70,,1180814,23,,,1,30,,1180800,23,,,1,70,,1180803,23,,,1,30,,1180795,23,,,1,70,,1180815,23,,,1,30,,1180816,23,,,1,71,,1180807,23,,,1,30,,1180823,23,,,1,70,,1068987,23,,,1,30,,1180806,23,,,1,70,,1180793,23,,,1,30,,1180810,23,,,1,70,,1180796,23,,,1,30,,1180821,23,,,1,70,,1180801,23,,,1,30,,1180798,23,,,1,70,,1180818,23,,,1,30,,1031906,23,,,1,70,,1180811,23,,,1,30,,1180812,23,,,1,70,,1180819,23,,,1,31,,1180824,23,,,1,70,,1180791,23,,,1,30,,1180822,23,,,1,70,,1180809,23,,,1,30,,1180792,23,,,1,69,,1180817,23,,,1,30,,1180802,23,,,1,70,,1180799,23,,,1,30,,1180804,23,,,1,70,,1180808,23,,,1
9800,'3',700,,1180827,23,,,1,30,,1180839,23,,,1,70,,1180840,23,,,1,30,,1180836,23,,,1,70,,1180834,23,,,1,30,,1180829,23,,,1,70,,1180835,23,,,1,30,,1180857,23,,,1,70,,1180847,23,,,1,30,,1180852,23,,,1,70,,1180856,23,,,1,31,,1180845,23,,,1,70,,1180858,23,,,1,30,,1180826,23,,,1,69,,1180844,23,,,1,29,,1180842,23,,,1,30,,1180850,23,,,1,70,,1180849,23,,,1,30,,1180855,23,,,1,70,,1180838,23,,,1,30,,1180853,23,,,1,70,,1180851,23,,,1,30,,1180828,23,,,1,70,,1180848,23,,,1,30,,1180846,23,,,1,70,,1180843,23,,,1,30,,1180841,23,,,1,70,,1180831,23,,,1,30,,1180830,23,,,1,70,,1180837,23,,,1,30,,1180854,23,,,1,69,,1180832,23,,,1,30,,1180825,23,,,1,70,,1180833,23,,,1
9800,'4',700,,1180869,23,,,1,30,,1084092,23,,,1,70,,1180884,23,,,1,30,,1180876,23,,,1,70,,1091167,23,,,1,30,,1180870,23,,,1,70,,1180860,23,,,1,30,,1180871,23,,,1,70,,1180879,23,,,1,30,,1180886,23,,,1,70,,1180890,23,,,1,31,,1180861,23,,,1,70,,1180878,23,,,1,30,,1180864,23,,,1,69,,1180865,23,,,1,29,,1180881,23,,,1,30,,1180868,23,,,1,70,,1180873,23,,,1,30,,1180859,23,,,1,70,,1180887,23,,,1,30,,1180866,23,,,1,70,,1180872,23,,,1,30,,1180862,23,,,1,70,,1180882,23,,,1,30,,1180888,23,,,1,70,,1180885,23,,,1,30,,1180867,23,,,1,70,,1180863,23,,,1,30,,1180889,23,,,1,70,,1180874,23,,,1,30,,1180875,23,,,1,69,,1180877,23,,,1,30,,1180880,23,,,1,70,,1180883,23,,,1
9800,'5',611,,1180916,23,,,1,32,,1180923,23,,,1,69,,1180897,23,,,1,31,,1180895,23,,,1,70,,1180944,23,,,1,30,,1180906,23,,,1,69,,1180948,23,,,1,26,,1180914,23,,,1,15,,1180951,23,,,1,55,,1180937,23,,,1,15,,1180907,23,,,1,15,,1180926,23,,,1,15,,1080241,23,,,1,55,,1180953,23,,,1,15,,1103139,23,,,1,15,,1180900,23,,,1,15,,1180957,23,,,1,55,,1066500,23,,,1,15,,1180934,23,,,1,16,,1180927,23,,,1,15,,1180949,23,,,1,55,,1180912,23,,,1,15,,1180910,23,,,1,15,,1180903,23,,,1,15,,1180904,23,,,1,55,,1180952,23,,,1,16,,1180894,23,,,1,15,,1019370,23,,,1,14,,1180922,23,,,1,58,,1180943,23,,,1,15,,1180954,23,,,1,17,,1180929,23,,,1,13,,1180950,23,,,1,49,,1023552,23,,,1,8,,1180924,23,,,1,14,,1180945,23,,,1,14,,1180893,23,,,1,15,,1180932,23,,,1,55,,1094589,23,,,1,15,,1180896,23,,,1,15,,1180946,23,,,1,15,,1180919,23,,,1,55,,1180891,23,,,1,15,,1180931,23,,,1,28,,1180902,23,,,1,69,,1180901,23,,,1,30,,1180899,23,,,1,65,,1180940,23,,,1,30,,954242,23,,,1,70,,1180918,23,,,1,30,,970856,23,,,1,68,,1180941,23,,,1,30,,1180913,23,,,1,68,,1180911,23,,,1,30,,1083548,23,,,1,73,,1180955,23,,,1
9800,'6',611,,1180974,23,,,1,32,,1086891,23,,,1,69,,1180994,23,,,1,31,,1180992,23,,,1,70,,1067767,23,,,1,30,,1181005,23,,,1,69,,1180983,23,,,1,26,,1180959,23,,,1,15,,1180987,23,,,1,55,,1180977,23,,,1,15,,1180986,23,,,1,15,,1180960,23,,,1,15,,1180975,23,,,1,55,,1181003,23,,,1,15,,1097965,23,,,1,15,,1180962,23,,,1,15,,1181000,23,,,1,55,,1180979,23,,,1,15,,1032569,23,,,1,16,,1181016,23,,,1,15,,1180981,23,,,1,55,,1180988,23,,,1,15,,1022769,23,,,1,15,,1180997,23,,,1,15,,1181006,23,,,1,55,,1180976,23,,,1,16,,1180964,23,,,1,15,,1180996,23,,,1,14,,1180973,23,,,1,58,,1180990,23,,,1,15,,1181004,23,,,1,17,,1181009,23,,,1,13,,1087665,23,,,1,49,,1180967,23,,,1,8,,1181015,23,,,1,14,,1076383,23,,,1,14,,1180995,23,,,1,15,,1180971,23,,,1,55,,1036619,23,,,1,15,,1181019,23,,,1,15,,1006635,23,,,1,15,,1180970,23,,,1,55,,1181008,23,,,1,15,,1180972,23,,,1,28,,1180998,23,,,1,69,,1180963,23,,,1,30,,1180985,23,,,1,65,,1072890,23,,,1,30,,1180980,23,,,1,70,,1181002,23,,,1,30,,1181018,23,,,1,68,,1180999,23,,,1,30,,1181012,23,,,1,68,,1090989,23,,,1,30,,1180965,23,,,1,73,,1180961,23,,,1
9800,'7',652,,1181047,23,,,1,70,,1181032,23,,,1,30,,1181026,23,,,1,70,,1181033,23,,,1,30,,1181042,23,,,1,70,,1181043,23,,,1,30,,1181041,23,,,1,70,,1181050,23,,,1,30,,1181045,23,,,1,70,,1181036,23,,,1,30,,1181046,23,,,1,71,,1181022,23,,,1,30,,1181023,23,,,1,70,,1181027,23,,,1,30,,1181025,23,,,1,70,,1181044,23,,,1,30,,1181037,23,,,1,70,,1181030,23,,,1,30,,1181024,23,,,1,70,,1181051,23,,,1,30,,1181034,23,,,1,70,,1181049,23,,,1,30,,1181055,23,,,1,70,,1181054,23,,,1,30,,1181048,23,,,1,70,,1181035,23,,,1,31,,1181039,23,,,1,70,,1181020,23,,,1,30,,1181021,23,,,1,70,,1181038,23,,,1,30,,1181031,23,,,1,69,,1181029,23,,,1,30,,1181028,23,,,1,70,,1181052,23,,,1,30,,1181040,23,,,1,70,,1181053,23,,,1
9800,'8',611,,1181083,23,,,1,32,,1181077,23,,,1,69,,1181103,23,,,1,31,,1181101,23,,,1,70,,1181059,23,,,1,30,,1181116,23,,,1,69,,1181092,23,,,1,26,,1181058,23,,,1,15,,1181096,23,,,1,55,,1181086,23,,,1,15,,1181095,23,,,1,15,,1181060,23,,,1,15,,1181084,23,,,1,55,,1181114,23,,,1,15,,1181107,23,,,1,15,,1181064,23,,,1,15,,1181111,23,,,1,55,,1181088,23,,,1,15,,1181072,23,,,1,16,,1181127,23,,,1,15,,1181090,23,,,1,55,,1181097,23,,,1,15,,1181065,23,,,1,15,,1181106,23,,,1,15,,1181117,23,,,1,55,,1181085,23,,,1,16,,1181067,23,,,1,15,,1181105,23,,,1,14,,1181082,23,,,1,58,,1181099,23,,,1,15,,1181115,23,,,1,17,,1181120,23,,,1,13,,1181062,23,,,1,49,,1181075,23,,,1,8,,1181126,23,,,1,14,,1181056,23,,,1,14,,1181104,23,,,1,15,,1181080,23,,,1,55,,1181069,23,,,1,15,,1181131,23,,,1,15,,1181068,23,,,1,15,,1181079,23,,,1,55,,1181119,23,,,1,15,,1181081,23,,,1,28,,1181109,23,,,1,69,,1181066,23,,,1,30,,1181094,23,,,1,65,,1181063,23,,,1,30,,1181089,23,,,1,70,,1181113,23,,,1,30,,1181129,23,,,1,68,,1181110,23,,,1,30,,1181123,23,,,1,68,,1181130,23,,,1,30,,1181070,23,,,1,73,,1181061,23,,,1
9800,'9',611,,1181158,23,,,1,32,,1181165,23,,,1,69,,1181139,23,,,1,31,,1181137,23,,,1,70,,1181186,23,,,1,30,,1181148,23,,,1,69,,1181190,23,,,1,26,,1181156,23,,,1,15,,1181193,23,,,1,55,,1181179,23,,,1,15,,1181149,23,,,1,15,,1181168,23,,,1,15,,1080166,23,,,1,55,,1181195,23,,,1,15,,1103138,23,,,1,15,,1181142,23,,,1,15,,1181199,23,,,1,55,,1066384,23,,,1,15,,1181176,23,,,1,16,,1181169,23,,,1,15,,1181191,23,,,1,55,,1181154,23,,,1,15,,1181152,23,,,1,15,,1181145,23,,,1,15,,1181146,23,,,1,55,,1181194,23,,,1,16,,1181136,23,,,1,15,,1019435,23,,,1,14,,1181164,23,,,1,58,,1181185,23,,,1,15,,1181196,23,,,1,17,,1181171,23,,,1,13,,1181192,23,,,1,49,,1023738,23,,,1,8,,1181166,23,,,1,14,,1181187,23,,,1,14,,1181135,23,,,1,15,,1181174,23,,,1,55,,1094492,23,,,1,15,,1181138,23,,,1,15,,1181188,23,,,1,15,,1181161,23,,,1,55,,1181133,23,,,1,15,,1181173,23,,,1,28,,1181144,23,,,1,69,,1181143,23,,,1,30,,1181141,23,,,1,65,,1181182,23,,,1,30,,954175,23,,,1,70,,1181160,23,,,1,30,,970813,23,,,1,68,,1181183,23,,,1,30,,1181155,23,,,1,68,,1181153,23,,,1,30,,1083419,23,,,1,73,,1181197,23,,,1
64400,'1',826,,1199443,15,,,1,4,,1199444,15,,,1
64400,'10',826,,1199445,15,,,1,4,,1199446,15,,,1
64400,'11',826,,1199447,15,,,1,4,,1199448,15,,,1
64400,'12',826,,1078638,15,,,1,4,,1199449,15,,,1
64400,'14',826,,1199450,15,,,1,4,,1199451,15,,,1
64400,'15',826,,1199452,15,,,1,4,,1199453,15,,,1
64400,'16',826,,1199455,15,,,1,4,,1199454,15,,,1
64400,'5',826,,1199456,15,,,1,4,,1199457,15,,,1
64400,'6',826,,1199459,15,,,1,4,,1199458,15,,,1
64400,'8',826,,1199461,15,,,1,4,,1199460,15,,,1
64400,'9',826,,1199462,15,,,1,4,,1199463,15,,,1
64900,'1',812,,1199624,15,,,1
64900,'10',812,,1199625,15,,,1
64900,'11',812,,1199626,15,,,1
64900,'12',812,,1199627,15,,,1
64900,'14',812,,1199628,15,,,1
64900,'15',812,,1199629,15,,,1
64900,'16',812,,1199630,15,,,1
64900,'5',812,,1199631,15,,,1
64900,'6',812,,1199632,15,,,1
64900,'8',812,,1199633,15,,,1
64900,'9',812,,1199634,15,,,1
69801,'1',1512,,1200858,25,,,1,28,,1200857,24,,,1
69801,'10',1512,,1200863,25,,,1,28,,1200862,24,,,1
69801,'11',1512,,1200868,25,,,1,28,,1200867,24,,,1
69801,'12',1512,,1200873,25,,,1,28,,1200872,24,,,1
69801,'14',1512,,1200878,25,,,1,28,,1200877,24,,,1
69801,'15',1512,,1200883,25,,,1,28,,1200881,24,,,1
69801,'16',1512,,1200888,25,,,1,28,,1200887,24,,,1
69801,'5',1512,,1200893,25,,,1,28,,1200892,24,,,1
69801,'6',1512,,1200897,25,,,1,28,,1200896,24,,,1
69801,'8',1512,,1200902,25,,,1,28,,1200901,24,,,1
69801,'9',1512,,1200907,25,,,1,28,,1200906,24,,,1
