3301,'1',659,,1129569,44,4,,1,70,,1103468,44,4,,1,23,,1129573,44,4,,1,70,,1129560,44,4,,1,31,,1045531,44,4,,1,70,,1129553,44,4,,1,32,,1129561,41,4,,1,70,,1094396,41,4,,1,30,,1129554,41,4,,1,70,,1129558,41,4,,1,30,,1129574,41,4,,1,70,,1129571,41,4,,1,30,,1129566,41,4,,1,70,,1129568,41,4,,1,31,,1129559,41,4,,1,71,,1129576,41,4,,1,6,,1076627,19,4,,1,70,,1129577,41,4,,1,26,,1129575,41,4,,1,30,,1129570,41,4,,1,66,,1129580,44,4,,1,30,,1129564,44,4,,1,70,,1129556,44,4,,1,30,,1129555,44,4,,1,77,,1129562,44,4,,1,70,,1129578,44,4,,1,28,,1129557,44,4,,1,29,,1129565,44,4,,1,70,,1129563,44,4,,1,29,,1075932,44,4,,1,76,,1086045,44,4,,1,68,,1129552,44,4,,1,100,,1129579,44,4,,1,99,,1129572,44,4,,1
3301,'10',659,,1129598,44,4,,1,70,,1103456,44,4,,1,23,,1129602,44,4,,1,70,,1129589,44,4,,1,31,,1045694,44,4,,1,70,,1129582,44,4,,1,32,,1129590,41,4,,1,70,,1094360,41,4,,1,30,,1129583,41,4,,1,70,,1129587,41,4,,1,30,,1129603,41,4,,1,70,,1129600,41,4,,1,30,,1129595,41,4,,1,70,,1129597,41,4,,1,31,,1129588,41,4,,1,71,,1129605,41,4,,1,6,,1076421,19,4,,1,70,,1129606,41,4,,1,26,,1129604,41,4,,1,30,,1129599,41,4,,1,66,,1129609,44,4,,1,30,,1129593,44,4,,1,70,,1129585,44,4,,1,30,,1129584,44,4,,1,77,,1129591,44,4,,1,70,,1129607,44,4,,1,28,,1129586,44,4,,1,29,,1129594,44,4,,1,70,,1129592,44,4,,1,29,,1075707,44,4,,1,76,,1085761,44,4,,1,68,,1129581,44,4,,1,100,,1129608,44,4,,1,99,,1129601,44,4,,1
3301,'11',659,,1129627,44,4,,1,70,,1103472,44,4,,1,23,,1129631,44,4,,1,70,,1129618,44,4,,1,31,,1045482,44,4,,1,70,,1129611,44,4,,1,32,,1129619,41,4,,1,70,,1094408,41,4,,1,30,,1129612,41,4,,1,70,,1129616,41,4,,1,30,,1129632,41,4,,1,70,,1129629,41,4,,1,30,,1129624,41,4,,1,70,,1129626,41,4,,1,31,,1129617,41,4,,1,71,,1129634,41,4,,1,6,,1076691,19,4,,1,70,,1129635,41,4,,1,26,,1129633,41,4,,1,30,,1129628,41,4,,1,66,,1129638,44,4,,1,30,,1129622,44,4,,1,70,,1129614,44,4,,1,30,,1129613,44,4,,1,77,,1129620,44,4,,1,70,,1129636,44,4,,1,28,,1129615,44,4,,1,29,,1129623,44,4,,1,70,,1129621,44,4,,1,29,,1076002,44,4,,1,76,,1086127,44,4,,1,68,,1129610,44,4,,1,100,,1129637,44,4,,1,99,,1129630,44,4,,1
3301,'12',659,,1129652,44,4,,1,70,,1129662,44,4,,1,23,,1129665,44,4,,1,70,,1129648,44,4,,1,31,,1129649,44,4,,1,70,,1129660,44,4,,1,32,,1129669,41,4,,1,70,,1129658,41,4,,1,30,,1129645,41,4,,1,70,,1016290,41,4,,1,30,,1129657,41,4,,1,70,,1129670,41,4,,1,30,,1129661,41,4,,1,70,,1097778,41,4,,1,31,,1129659,41,4,,1,71,,1129639,41,4,,1,6,,1129663,19,4,,1,70,,1129651,41,4,,1,26,,1129667,41,4,,1,30,,1129646,41,4,,1,66,,1129650,44,4,,1,30,,1129656,44,4,,1,70,,1129643,44,4,,1,30,,1129664,44,4,,1,77,,1129653,44,4,,1,70,,1129654,44,4,,1,28,,1129644,44,4,,1,29,,1129642,44,4,,1,70,,1129647,44,4,,1,29,,1129666,44,4,,1,76,,1129640,44,4,,1,68,,1129641,44,4,,1,100,,1129655,44,4,,1,99,,1129668,44,4,,1
3301,'13',828,,1129682,41,4,,1,100,,1129685,41,4,,1,102,,1129691,41,4,,1,70,,1095091,41,4,,1,30,,1129675,41,4,,1,70,,1129686,41,4,,1,33,,1129688,41,4,,1,70,,1129679,41,4,,1,30,,1129677,41,4,,1,70,,1129673,41,4,,1,30,,1129680,41,4,,1,70,,1129672,41,4,,1,30,,1097335,41,4,,1,70,,1129684,41,4,,1,30,,1129678,41,4,,1,70,,1129690,41,4,,1,30,,1129676,41,4,,1,70,,1129687,41,4,,1,26,,1129671,41,4,,1,30,,1129692,41,4,,1,70,,1129674,41,4,,1,30,,1129681,41,4,,1,100,,1129689,41,4,,1,100,,1129683,41,4,,1
3301,'14',659,,1129713,44,4,,1,70,,1129727,44,4,,1,23,,1129718,44,4,,1,70,,1129704,44,4,,1,31,,1129717,44,4,,1,70,,1129695,44,4,,1,32,,1129705,41,4,,1,70,,1129702,41,4,,1,30,,1129696,41,4,,1,70,,1129701,41,4,,1,30,,1129719,41,4,,1,70,,1129715,41,4,,1,30,,1129710,41,4,,1,70,,1129712,41,4,,1,31,,1129703,41,4,,1,71,,1129721,41,4,,1,6,,1129693,19,4,,1,70,,1129723,41,4,,1,26,,1129720,41,4,,1,30,,1129714,41,4,,1,66,,1129726,44,4,,1,30,,1129708,44,4,,1,70,,1129698,44,4,,1,30,,1129697,44,4,,1,77,,1129706,44,4,,1,70,,1129724,44,4,,1,28,,1129700,44,4,,1,29,,1129709,44,4,,1,70,,1129707,44,4,,1,29,,1129699,44,4,,1,76,,1129722,44,4,,1,68,,1129694,44,4,,1,100,,1129725,44,4,,1,99,,1129716,44,4,,1
3301,'15',659,,1129742,44,4,,1,70,,1129736,44,4,,1,23,,1129752,44,4,,1,70,,1129735,44,4,,1,31,,1129734,44,4,,1,70,,1129731,44,4,,1,32,,1129737,41,4,,1,70,,1129757,41,4,,1,30,,1129729,41,4,,1,70,,1129728,41,4,,1,30,,1129741,41,4,,1,70,,1129748,41,4,,1,30,,1129756,41,4,,1,70,,1129730,41,4,,1,31,,1129747,41,4,,1,71,,1129745,41,4,,1,6,,1129750,19,4,,1,70,,1129762,41,4,,1,26,,1129755,41,4,,1,30,,1129738,41,4,,1,66,,1129749,44,4,,1,30,,1129740,44,4,,1,70,,1129754,44,4,,1,30,,1129739,44,4,,1,77,,1129760,44,4,,1,70,,1129758,44,4,,1,28,,1129746,44,4,,1,29,,1129759,44,4,,1,70,,1129751,44,4,,1,29,,1129732,44,4,,1,76,,1129753,44,4,,1,68,,1129744,44,4,,1,100,,1129761,44,4,,1,99,,1129743,44,4,,1
3301,'16',659,,1129778,44,4,,1,70,,1129788,44,4,,1,23,,1129791,44,4,,1,70,,1129774,44,4,,1,31,,1129775,44,4,,1,70,,1129786,44,4,,1,32,,1129793,41,4,,1,70,,1129784,41,4,,1,30,,1129771,41,4,,1,70,,1129767,41,4,,1,30,,1129783,41,4,,1,70,,1087611,41,4,,1,30,,1129787,41,4,,1,70,,1129794,41,4,,1,31,,1129785,41,4,,1,71,,1129763,41,4,,1,6,,1129789,19,4,,1,70,,1129777,41,4,,1,26,,1090918,41,4,,1,30,,1129772,41,4,,1,66,,1129776,44,4,,1,30,,1129782,44,4,,1,70,,1129769,44,4,,1,30,,1129790,44,4,,1,77,,1129779,44,4,,1,70,,1129780,44,4,,1,28,,1129770,44,4,,1,29,,1129768,44,4,,1,70,,1129773,44,4,,1,29,,1129792,44,4,,1,76,,1129764,44,4,,1,68,,1129765,44,4,,1,100,,1129781,44,4,,1,99,,1091651,44,4,,1
3301,'17',828,,1129807,41,4,,1,100,,1129810,41,4,,1,102,,1129816,41,4,,1,70,,1129817,41,4,,1,30,,1129799,41,4,,1,70,,1129811,41,4,,1,33,,1129813,41,4,,1,70,,1129804,41,4,,1,30,,1129802,41,4,,1,70,,1129797,41,4,,1,30,,1129805,41,4,,1,70,,1129796,41,4,,1,30,,1129801,41,4,,1,70,,1129809,41,4,,1,30,,1129803,41,4,,1,70,,1129815,41,4,,1,30,,1129800,41,4,,1,70,,1129812,41,4,,1,26,,1129795,41,4,,1,30,,1129818,41,4,,1,70,,1129798,41,4,,1,30,,1129806,41,4,,1,100,,1129814,41,4,,1,100,,1129808,41,4,,1
3301,'2',654,,1129843,41,4,,1,100,,1129821,41,4,,1,70,,1129832,41,4,,1,30,,1129845,41,4,,1,70,,1129842,41,4,,1,30,,1129829,41,4,,1,72,,1093626,41,4,,1,30,,1129824,41,4,,1,70,,1129841,41,4,,1,30,,1129820,41,4,,1,73,,1129835,41,4,,1,30,,1129840,41,4,,1,70,,1129839,41,4,,1,30,,1129828,41,4,,1,70,,1129833,41,4,,1,30,,1129844,41,4,,1,70,,1098797,41,4,,1,30,,1129826,41,4,,1,70,,1129834,41,4,,1,30,,1129819,41,4,,1,70,,1129837,41,4,,1,30,,1129830,41,4,,1,66,,1129825,41,4,,1,30,,1129836,41,4,,1,70,,1129831,41,4,,1,30,,1129838,41,4,,1,70,,1014858,41,4,,1,30,,1129822,41,4,,1,70,,1129846,41,4,,1,100,,1129823,41,4,,1,100,,1129827,41,4,,1
3301,'3',828,,1129859,41,4,,1,100,,1129862,41,4,,1,102,,1129868,41,4,,1,70,,1129869,41,4,,1,30,,1129851,41,4,,1,70,,1129863,41,4,,1,33,,1129865,41,4,,1,70,,1129856,41,4,,1,30,,1129854,41,4,,1,70,,1129849,41,4,,1,30,,1129857,41,4,,1,70,,1129848,41,4,,1,30,,1129853,41,4,,1,70,,1129861,41,4,,1,30,,1129855,41,4,,1,70,,1129867,41,4,,1,30,,1129852,41,4,,1,70,,1129864,41,4,,1,26,,1129847,41,4,,1,30,,1129870,41,4,,1,70,,1129850,41,4,,1,30,,1129858,41,4,,1,100,,1129866,41,4,,1,100,,1129860,41,4,,1
3301,'4',828,,1026195,41,4,,1,100,,1129885,41,4,,1,102,,1129872,41,4,,1,70,,1129888,41,4,,1,30,,1129874,41,4,,1,70,,1129887,41,4,,1,33,,1129880,41,4,,1,70,,1129875,41,4,,1,30,,1129884,41,4,,1,70,,1129871,41,4,,1,30,,1129890,41,4,,1,70,,1129879,41,4,,1,30,,1129876,41,4,,1,70,,1129891,41,4,,1,30,,1129882,41,4,,1,70,,1129892,41,4,,1,30,,1129878,41,4,,1,70,,1129881,41,4,,1,26,,1129886,41,4,,1,30,,1129873,41,4,,1,70,,1129877,41,4,,1,30,,1129893,41,4,,1,100,,1129889,41,4,,1,100,,1129883,41,4,,1
3301,'5',659,,1129911,44,4,,1,70,,1103464,44,4,,1,23,,1129915,44,4,,1,70,,1129902,44,4,,1,31,,1045265,44,4,,1,70,,1129895,44,4,,1,32,,1129903,41,4,,1,70,,1094384,41,4,,1,30,,1129896,41,4,,1,70,,1129900,41,4,,1,30,,1129916,41,4,,1,70,,1129913,41,4,,1,30,,1129908,41,4,,1,70,,1129910,41,4,,1,31,,1129901,41,4,,1,71,,1129918,41,4,,1,6,,1076587,19,4,,1,70,,1129919,41,4,,1,26,,1129917,41,4,,1,30,,1129912,41,4,,1,66,,1129922,44,4,,1,30,,1129906,44,4,,1,70,,1129898,44,4,,1,30,,1129897,44,4,,1,77,,1129904,44,4,,1,70,,1129920,44,4,,1,28,,1129899,44,4,,1,29,,1129907,44,4,,1,70,,1129905,44,4,,1,29,,1075893,44,4,,1,76,,1085994,44,4,,1,68,,1129894,44,4,,1,100,,1129921,44,4,,1,99,,1129914,44,4,,1
3301,'6',659,,1129933,44,4,,1,70,,1129943,44,4,,1,23,,1129945,44,4,,1,70,,1129929,44,4,,1,31,,1129930,44,4,,1,70,,1129941,44,4,,1,32,,1129949,41,4,,1,70,,1129939,41,4,,1,30,,1129927,41,4,,1,70,,1129924,41,4,,1,30,,1129938,41,4,,1,70,,1129951,41,4,,1,30,,1129942,41,4,,1,70,,1129950,41,4,,1,31,,1129940,41,4,,1,71,,1086474,41,4,,1,6,,1129944,19,4,,1,70,,1129932,41,4,,1,26,,1129947,41,4,,1,30,,1090595,41,4,,1,66,,1129931,44,4,,1,30,,1129937,44,4,,1,70,,1129925,44,4,,1,30,,1092525,44,4,,1,77,,1129934,44,4,,1,70,,1129935,44,4,,1,28,,1129926,44,4,,1,29,,1036631,44,4,,1,70,,1129928,44,4,,1,29,,1129946,44,4,,1,76,,1064225,44,4,,1,68,,1082942,44,4,,1,100,,1129936,44,4,,1,99,,1129948,44,4,,1
3301,'7',654,,1129973,41,4,,1,100,,1129978,41,4,,1,70,,1129974,41,4,,1,30,,1129957,41,4,,1,70,,1129956,41,4,,1,30,,1129971,41,4,,1,72,,1129972,41,4,,1,30,,1129966,41,4,,1,70,,1129953,41,4,,1,30,,1129959,41,4,,1,73,,1129976,41,4,,1,30,,1129964,41,4,,1,70,,1129962,41,4,,1,30,,1129963,41,4,,1,70,,1129979,41,4,,1,30,,1129970,41,4,,1,70,,1129965,41,4,,1,30,,1129977,41,4,,1,70,,1129981,41,4,,1,30,,1129960,41,4,,1,70,,1129980,41,4,,1,30,,1129954,41,4,,1,66,,1129952,41,4,,1,30,,1129968,41,4,,1,70,,1129958,41,4,,1,30,,1129982,41,4,,1,70,,1129955,41,4,,1,30,,1129969,41,4,,1,70,,1129975,41,4,,1,100,,1129967,41,4,,1,100,,1129961,41,4,,1
3301,'8',659,,1129998,44,4,,1,70,,1130008,44,4,,1,23,,1130011,44,4,,1,70,,1129994,44,4,,1,31,,1129995,44,4,,1,70,,1130006,44,4,,1,32,,1130015,41,4,,1,70,,1130004,41,4,,1,30,,1129991,41,4,,1,70,,1129987,41,4,,1,30,,1130003,41,4,,1,70,,1130017,41,4,,1,30,,1130007,41,4,,1,70,,1130016,41,4,,1,31,,1130005,41,4,,1,71,,1129983,41,4,,1,6,,1130009,19,4,,1,70,,1129997,41,4,,1,26,,1130013,41,4,,1,30,,1129992,41,4,,1,66,,1129996,44,4,,1,30,,1130002,44,4,,1,70,,1129989,44,4,,1,30,,1130010,44,4,,1,77,,1129999,44,4,,1,70,,1130000,44,4,,1,28,,1129990,44,4,,1,29,,1129988,44,4,,1,70,,1129993,44,4,,1,29,,1130012,44,4,,1,76,,1129984,44,4,,1,68,,1129985,44,4,,1,100,,1130001,44,4,,1,99,,1130014,44,4,,1
3301,'9',659,,1130035,44,4,,1,70,,1103460,44,4,,1,23,,1130039,44,4,,1,70,,1130026,44,4,,1,31,,1045580,44,4,,1,70,,1130019,44,4,,1,32,,1130027,41,4,,1,70,,1094372,41,4,,1,30,,1130020,41,4,,1,70,,1130024,41,4,,1,30,,1130040,41,4,,1,70,,1130037,41,4,,1,30,,1130032,41,4,,1,70,,1130034,41,4,,1,31,,1130025,41,4,,1,71,,1130042,41,4,,1,6,,1076488,19,4,,1,70,,1130043,41,4,,1,26,,1130041,41,4,,1,30,,1130036,41,4,,1,66,,1130046,44,4,,1,30,,1130030,44,4,,1,70,,1130022,44,4,,1,30,,1130021,44,4,,1,77,,1130028,44,4,,1,70,,1130044,44,4,,1,28,,1130023,44,4,,1,29,,1130031,44,4,,1,70,,1130029,44,4,,1,29,,1075774,44,4,,1,76,,1085848,44,4,,1,68,,1130018,44,4,,1,100,,1130045,44,4,,1,99,,1130038,44,4,,1
