11001,'13',556,,1185158,6,0,35,1,70,,1185156,6,0,35,1,1030,,1185155,6,0,35,1,70,,1185159,6,0,35,1
11001,'17',556,,1185261,6,0,35,1,70,,1185259,6,0,35,1,1030,,1185258,6,0,35,1,70,,1185262,6,0,35,1
11001,'2',556,,1185265,6,0,35,1,70,,1185268,6,0,35,1,1030,,1185266,6,0,35,1,70,,1185267,6,0,35,1
11001,'3',556,,1185273,6,0,35,1,70,,1185271,6,0,35,1,1030,,1185270,6,0,35,1,70,,1185274,6,0,35,1
11001,'4',556,,1185277,6,0,35,1,70,,1185279,6,0,35,1,1030,,1185278,6,0,35,1,70,,1185275,6,0,35,1
11001,'7',556,,1185339,6,0,35,1,70,,1185336,6,0,35,1,1030,,1185335,6,0,35,1,70,,1185338,6,0,35,1
67401,'1',1449,,1200197,23,,,1,5,,1200199,23,,,1
67401,'10',1449,,1200203,23,,,1,5,,1200205,23,,,1
67401,'11',1449,,1200209,23,,,1,5,,1200211,23,,,1
67401,'12',1449,,1200217,23,,,1,5,,1200218,23,,,1
67401,'14',1449,,1200223,23,,,1,5,,1200225,23,,,1
67401,'15',1449,,1200230,23,,,1,5,,1200232,23,,,1
67401,'16',1449,,1200237,23,,,1,5,,1200238,23,,,1
67401,'5',1449,,1200242,23,,,1,5,,1200244,23,,,1
67401,'6',1449,,1200250,23,,,1,5,,1062268,23,,,1
67401,'8',1449,,1200256,23,,,1,5,,1200257,23,,,1
67401,'9',1449,,1200261,23,,,1,5,,1200263,23,,,1
