6300,'1',630,,1155919,42,,,1,71,,1155924,41,,,1,16,,1067625,41,,,1,16,,1155907,41,,,1,16,,1155929,41,,,1,58,,1077501,41,,,1,16,,1099319,41,,,1,16,,1155909,41,,,1,15,,1155899,41,,,1,72,,1155910,41,,,1,26,,1155923,41,,,1,66,,1084462,41,,,1,30,,1062596,41,,,1,72,,1155926,41,,,1,29,,1001300,41,,,1,69,,1090003,41,,,1,30,,990970,41,,,1,72,,1155931,41,,,1,30,,1155908,41,,,1,70,,1155901,41,,,1,30,,934960,41,,,1,71,,1155914,35,,,1,33,,1155900,35,,,1,56,,1155921,35,,,1,15,,1155912,35,,,1,16,,1155918,35,,,1,16,,1155915,35,,,1,54,,1085576,35,,,1,14,,1102341,35,,,1,13,,1155925,35,,,1,16,,1063116,35,,,1,54,,1155927,35,,,1,15,,1155930,35,,,1,13,,1155913,35,,,1,15,,1155911,35,,,1,53,,1155917,35,,,1,31,,1155905,35,,,1,73,,1021184,41,,,1,28,,1064918,41,,,1,67,,1155916,41,,,1,30,,1155928,41,,,1,69,,1155904,41,,,1,28,,1155920,41,,,1,27,,1086059,41,,,1,73,,1155903,42,,,1,70,,1155922,42,,,1,28,,1101188,42,,,1
6300,'10',630,,1155953,42,,,1,71,,1155958,41,,,1,16,,1067556,41,,,1,16,,1155941,41,,,1,16,,1155963,41,,,1,58,,1077388,41,,,1,16,,1099207,41,,,1,16,,1155943,41,,,1,15,,1155933,41,,,1,72,,1155944,41,,,1,26,,1155957,41,,,1,66,,1084278,41,,,1,30,,1062286,41,,,1,72,,1155960,41,,,1,29,,1001447,41,,,1,69,,1089861,41,,,1,30,,990958,41,,,1,72,,1155965,41,,,1,30,,1155942,41,,,1,70,,1155935,41,,,1,30,,934965,41,,,1,71,,1155948,35,,,1,33,,1155934,35,,,1,56,,1155955,35,,,1,15,,1155946,35,,,1,16,,1155952,35,,,1,16,,1155949,35,,,1,54,,1085319,35,,,1,14,,1102326,35,,,1,13,,1155959,35,,,1,16,,1062774,35,,,1,54,,1155961,35,,,1,15,,1155964,35,,,1,13,,1155947,35,,,1,15,,1155945,35,,,1,53,,1155951,35,,,1,31,,1155939,35,,,1,73,,1021353,41,,,1,28,,1064783,41,,,1,67,,1155950,41,,,1,30,,1155962,41,,,1,69,,1155938,41,,,1,28,,1155954,41,,,1,27,,1085775,41,,,1,73,,1155937,42,,,1,70,,1155956,42,,,1,28,,1101058,42,,,1
6300,'11',630,,1155987,42,,,1,71,,1155992,41,,,1,16,,1067648,41,,,1,16,,1155975,41,,,1,16,,1155997,41,,,1,58,,1077534,41,,,1,16,,1099357,41,,,1,16,,1155977,41,,,1,15,,1155967,41,,,1,72,,1155978,41,,,1,26,,1155991,41,,,1,66,,1084518,41,,,1,30,,1062674,41,,,1,72,,1155994,41,,,1,29,,1001259,41,,,1,69,,1090046,41,,,1,30,,990967,41,,,1,72,,1155999,41,,,1,30,,1155976,41,,,1,70,,1155969,41,,,1,30,,934955,41,,,1,71,,1155982,35,,,1,33,,1155968,35,,,1,56,,1155989,35,,,1,15,,1155980,35,,,1,16,,1155986,35,,,1,16,,1155983,35,,,1,54,,1085656,35,,,1,14,,1102346,35,,,1,13,,1155993,35,,,1,16,,1063217,35,,,1,54,,1155995,35,,,1,15,,1155998,35,,,1,13,,1155981,35,,,1,15,,1155979,35,,,1,53,,1155985,35,,,1,31,,1155973,35,,,1,73,,1021136,41,,,1,28,,1064963,41,,,1,67,,1155984,41,,,1,30,,1155996,41,,,1,69,,1155972,41,,,1,28,,1155988,41,,,1,27,,1086141,41,,,1,73,,1155971,42,,,1,70,,1155990,42,,,1,28,,1101228,42,,,1
6300,'12',630,,978477,42,,,1,71,,1156028,41,,,1,16,,1156004,41,,,1,16,,1156035,41,,,1,16,,1156015,41,,,1,58,,1156043,41,,,1,16,,1156038,41,,,1,16,,1156011,41,,,1,15,,1156003,41,,,1,72,,1095535,41,,,1,26,,1156021,41,,,1,66,,1156023,41,,,1,30,,1156041,41,,,1,72,,1156034,41,,,1,29,,1156033,41,,,1,69,,1156032,41,,,1,30,,1156009,41,,,1,72,,1156039,41,,,1,30,,1156014,41,,,1,70,,1080222,41,,,1,30,,1156044,41,,,1,71,,1156037,35,,,1,33,,1156007,35,,,1,56,,1156006,35,,,1,15,,1156022,35,,,1,16,,1067331,35,,,1,16,,1156019,35,,,1,54,,1156001,35,,,1,14,,1014227,35,,,1,13,,1156031,35,,,1,16,,1156012,35,,,1,54,,1156010,35,,,1,15,,1156024,35,,,1,13,,1156040,35,,,1,15,,1156020,35,,,1,53,,1156025,35,,,1,31,,1156036,35,,,1,73,,1156016,41,,,1,28,,1156018,41,,,1,67,,1156030,41,,,1,30,,1156005,41,,,1,69,,1156017,41,,,1,28,,1156045,41,,,1,27,,1063020,41,,,1,73,,1156008,42,,,1,70,,1156027,42,,,1,28,,1156002,42,,,1
6300,'13',814,,1156068,42,,,1,104,,1156062,42,,,1,100,,1156056,42,,,1,102,,1156070,42,,,1,30,,1156061,42,,,1,70,,1156059,42,,,1,30,,1156052,42,,,1,70,,1079013,42,,,1,30,,1156051,42,,,1,70,,1156055,42,,,1,30,,1156065,42,,,1,70,,1072761,42,,,1,30,,1156050,42,,,1,70,,1156046,42,,,1,30,,1156066,42,,,1,70,,1156058,42,,,1,30,,1156057,42,,,1,70,,1156060,42,,,1,30,,1156054,42,,,1,70,,1156069,42,,,1,30,,1156071,42,,,1,70,,1156064,42,,,1,30,,1156048,42,,,1,69,,1156067,42,,,1,30,,1156053,42,,,1,70,,1156063,42,,,1,30,,1065070,42,,,1,68,,1156047,42,,,1,100,,1156049,42,,,1
6300,'14',630,,1156103,42,,,1,71,,1156108,41,,,1,16,,1156082,41,,,1,16,,1156090,41,,,1,16,,1156117,41,,,1,58,,1156112,41,,,1,16,,1156084,41,,,1,16,,1156092,41,,,1,15,,1156072,41,,,1,72,,1156093,41,,,1,26,,1156107,41,,,1,66,,1156115,41,,,1,30,,1156074,41,,,1,72,,1156110,41,,,1,29,,1156086,41,,,1,69,,1156073,41,,,1,30,,1156079,41,,,1,72,,1156120,41,,,1,30,,1156091,41,,,1,70,,1156078,41,,,1,30,,1156085,41,,,1,71,,1156097,35,,,1,33,,1156077,35,,,1,56,,1156105,35,,,1,15,,1156095,35,,,1,16,,1156102,35,,,1,16,,1156099,35,,,1,54,,1156076,35,,,1,14,,1156081,35,,,1,13,,1156109,35,,,1,16,,1156098,35,,,1,54,,1156111,35,,,1,15,,1156119,35,,,1,13,,1156096,35,,,1,15,,1156094,35,,,1,53,,1156101,35,,,1,31,,1156088,35,,,1,73,,1156114,41,,,1,28,,1156113,41,,,1,67,,1156100,41,,,1,30,,1156116,41,,,1,69,,1156087,41,,,1,28,,1156104,41,,,1,27,,1156122,41,,,1,73,,1156083,42,,,1,70,,1156106,42,,,1,28,,1156118,42,,,1
6300,'15',630,,1156163,42,,,1,71,,1156166,41,,,1,16,,1156127,41,,,1,16,,1156152,41,,,1,16,,1156134,41,,,1,58,,1156172,41,,,1,16,,1156143,41,,,1,16,,1156126,41,,,1,15,,1156168,41,,,1,72,,1156144,41,,,1,26,,1156133,41,,,1,66,,1156173,41,,,1,30,,1156123,41,,,1,72,,1156131,41,,,1,29,,1156139,41,,,1,69,,1156125,41,,,1,30,,1156132,41,,,1,72,,1156124,41,,,1,30,,1156162,41,,,1,70,,1156142,41,,,1,30,,1156171,41,,,1,71,,1156154,35,,,1,33,,1156145,35,,,1,56,,1156130,35,,,1,15,,1156150,35,,,1,16,,1156136,35,,,1,16,,1156146,35,,,1,54,,1156155,35,,,1,14,,1156147,35,,,1,13,,1156137,35,,,1,16,,1156151,35,,,1,54,,1156128,35,,,1,15,,1156148,35,,,1,13,,1156156,35,,,1,15,,1156167,35,,,1,53,,1156129,35,,,1,31,,1156140,35,,,1,73,,1156169,41,,,1,28,,1156161,41,,,1,67,,1156164,41,,,1,30,,1156165,41,,,1,69,,1156138,41,,,1,28,,1156149,41,,,1,27,,1156157,41,,,1,73,,1156135,42,,,1,70,,1156170,42,,,1,28,,1156158,42,,,1
6300,'16',630,,1156178,42,,,1,71,,1156198,41,,,1,16,,1086707,41,,,1,16,,1156204,41,,,1,16,,1156186,41,,,1,58,,1156210,41,,,1,16,,1156207,41,,,1,16,,1083638,41,,,1,15,,1156174,41,,,1,72,,1156179,41,,,1,26,,1156191,41,,,1,66,,1156193,41,,,1,30,,1030477,41,,,1,72,,968888,41,,,1,29,,1156203,41,,,1,69,,1156202,41,,,1,30,,1156181,41,,,1,72,,1156208,41,,,1,30,,1156185,41,,,1,70,,1156175,41,,,1,30,,1156211,41,,,1,71,,1156206,35,,,1,33,,1098568,35,,,1,56,,1156177,35,,,1,15,,1156192,35,,,1,16,,1156213,35,,,1,16,,1156190,35,,,1,54,,1082661,35,,,1,14,,1156182,35,,,1,13,,1156201,35,,,1,16,,1156183,35,,,1,54,,1099162,35,,,1,15,,1156194,35,,,1,13,,1156209,35,,,1,15,,1072160,35,,,1,53,,1156195,35,,,1,31,,1156205,35,,,1,73,,1156187,41,,,1,28,,1156189,41,,,1,67,,1156200,41,,,1,30,,1156176,41,,,1,69,,1156188,41,,,1,28,,1156214,41,,,1,27,,1156212,41,,,1,73,,1156180,42,,,1,70,,1156197,42,,,1,28,,1098387,42,,,1
6300,'17',814,,1156238,42,,,1,104,,1156232,42,,,1,100,,1156226,42,,,1,102,,1156242,42,,,1,30,,1156231,42,,,1,70,,1156229,42,,,1,30,,1156222,42,,,1,70,,1156241,42,,,1,30,,1156221,42,,,1,70,,1156225,42,,,1,30,,1156235,42,,,1,70,,1156217,42,,,1,30,,1156220,42,,,1,70,,1156215,42,,,1,30,,1156236,42,,,1,70,,1156228,42,,,1,30,,1156227,42,,,1,70,,1156230,42,,,1,30,,1156224,42,,,1,70,,1156240,42,,,1,30,,1156243,42,,,1,70,,1156234,42,,,1,30,,1156218,42,,,1,69,,1156237,42,,,1,30,,1156223,42,,,1,70,,1156233,42,,,1,30,,1156239,42,,,1,68,,1156216,42,,,1,100,,1156219,42,,,1
6300,'2',727,,1101693,42,,,1,30,,1156260,42,,,1,70,,1156251,42,,,1,31,,1156266,42,,,1,70,,1156254,42,,,1,30,,1156255,42,,,1,70,,1156273,42,,,1,72,,1156265,42,,,1,30,,1156267,42,,,1,70,,1156269,42,,,1,30,,1156263,42,,,1,70,,1156248,42,,,1,30,,1156262,42,,,1,70,,1156246,42,,,1,30,,1156268,42,,,1,70,,1000552,42,,,1,30,,1156247,42,,,1,70,,1156253,42,,,1,30,,1156261,42,,,1,70,,1156274,42,,,1,30,,1156250,42,,,1,70,,1156270,42,,,1,30,,1063343,42,,,1,70,,1156252,42,,,1,30,,1156272,42,,,1,70,,1156271,42,,,1,30,,1156259,42,,,1,29,,1156244,42,,,1,70,,1156249,42,,,1,30,,1156264,42,,,1,70,,1156258,42,,,1,28,,1156257,42,,,1,70,,1156256,42,,,1,30,,1156245,42,,,1
6300,'3',814,,1156298,42,,,1,104,,1156292,42,,,1,100,,1156286,42,,,1,102,,1156302,42,,,1,30,,1156291,42,,,1,70,,1156289,42,,,1,30,,1156282,42,,,1,70,,1156301,42,,,1,30,,1156281,42,,,1,70,,1156285,42,,,1,30,,1156295,42,,,1,70,,1156277,42,,,1,30,,1156280,42,,,1,70,,1156275,42,,,1,30,,1156296,42,,,1,70,,1156288,42,,,1,30,,1156287,42,,,1,70,,1156290,42,,,1,30,,1156284,42,,,1,70,,1156300,42,,,1,30,,1156303,42,,,1,70,,1156294,42,,,1,30,,1156278,42,,,1,69,,1156297,42,,,1,30,,1156283,42,,,1,70,,1156293,42,,,1,30,,1156299,42,,,1,68,,1156276,42,,,1,100,,1156279,42,,,1
6300,'4',814,,1156320,42,,,1,104,,1156305,42,,,1,100,,1156319,42,,,1,102,,1156307,42,,,1,30,,1156316,42,,,1,70,,1156310,42,,,1,30,,1156325,42,,,1,70,,1156312,42,,,1,30,,1066817,42,,,1,70,,1098516,42,,,1,30,,1156324,42,,,1,70,,1156314,42,,,1,30,,1156322,42,,,1,70,,1156330,42,,,1,30,,1156321,42,,,1,70,,1156315,42,,,1,30,,1156311,42,,,1,70,,1156309,42,,,1,30,,1156304,42,,,1,70,,1156329,42,,,1,30,,1156306,42,,,1,70,,1156323,42,,,1,30,,1156327,42,,,1,69,,1156317,42,,,1,30,,1156313,42,,,1,70,,1156308,42,,,1,30,,1156328,42,,,1,68,,1156326,42,,,1,100,,1156318,42,,,1
6300,'5',630,,1156351,42,,,1,71,,1156356,41,,,1,16,,1067602,41,,,1,16,,1156339,41,,,1,16,,1156361,41,,,1,58,,1077483,41,,,1,16,,1099296,41,,,1,16,,1156341,41,,,1,15,,1156331,41,,,1,72,,1156342,41,,,1,26,,1156355,41,,,1,66,,1084429,41,,,1,30,,1062557,41,,,1,72,,1156358,41,,,1,29,,1001040,41,,,1,69,,1089981,41,,,1,30,,990982,41,,,1,72,,1156363,41,,,1,30,,1156340,41,,,1,70,,1156333,41,,,1,30,,934975,41,,,1,71,,1156346,35,,,1,33,,1156332,35,,,1,56,,1156353,35,,,1,15,,1156344,35,,,1,16,,1156350,35,,,1,16,,1156347,35,,,1,54,,1085532,35,,,1,14,,1102336,35,,,1,13,,1156357,35,,,1,16,,1063062,35,,,1,54,,1156359,35,,,1,15,,1156362,35,,,1,13,,1156345,35,,,1,15,,1156343,35,,,1,53,,1156349,35,,,1,31,,1156337,35,,,1,73,,1020900,41,,,1,28,,1064899,41,,,1,67,,1156348,41,,,1,30,,1156360,41,,,1,69,,1156336,41,,,1,28,,1156352,41,,,1,27,,1086008,41,,,1,73,,1156335,42,,,1,70,,1156354,42,,,1,28,,1101171,42,,,1
6300,'6',630,,1156370,42,,,1,71,,1156393,41,,,1,16,,1156367,41,,,1,16,,1156400,41,,,1,16,,1156380,41,,,1,58,,1156407,41,,,1,16,,1156403,41,,,1,16,,1156375,41,,,1,15,,1094233,41,,,1,72,,1156371,41,,,1,26,,1156386,41,,,1,66,,1156388,41,,,1,30,,1156405,41,,,1,72,,1156399,41,,,1,29,,1156398,41,,,1,69,,1156397,41,,,1,30,,1030103,41,,,1,72,,1156404,41,,,1,30,,1156379,41,,,1,70,,1156368,41,,,1,30,,1099172,41,,,1,71,,1156402,35,,,1,33,,1156372,35,,,1,56,,1156369,35,,,1,15,,1156387,35,,,1,16,,1156409,35,,,1,16,,1156384,35,,,1,54,,1156365,35,,,1,14,,1156376,35,,,1,13,,1156396,35,,,1,16,,1156377,35,,,1,54,,1156374,35,,,1,15,,1156389,35,,,1,13,,1102703,35,,,1,15,,1156385,35,,,1,53,,1156390,35,,,1,31,,1156401,35,,,1,73,,1156381,41,,,1,28,,1156383,41,,,1,67,,1156395,41,,,1,30,,1055485,41,,,1,69,,1156382,41,,,1,28,,1080555,41,,,1,27,,1156408,41,,,1,73,,1156373,42,,,1,70,,1156392,42,,,1,28,,1156366,42,,,1
6300,'7',727,,1156418,42,,,1,30,,1156428,42,,,1,70,,1156415,42,,,1,31,,1156411,42,,,1,70,,1156442,42,,,1,30,,1156438,42,,,1,70,,1156413,42,,,1,72,,1156424,42,,,1,30,,1156422,42,,,1,70,,1156441,42,,,1,30,,1156439,42,,,1,70,,1156426,42,,,1,30,,1156417,42,,,1,70,,1156427,42,,,1,30,,1156412,42,,,1,70,,1156433,42,,,1,30,,1156420,42,,,1,70,,1156414,42,,,1,30,,1156432,42,,,1,70,,1156421,42,,,1,30,,1156431,42,,,1,70,,1156419,42,,,1,30,,1156436,42,,,1,70,,1156429,42,,,1,30,,1156425,42,,,1,70,,1156437,42,,,1,30,,1156423,42,,,1,29,,1156410,42,,,1,70,,1156435,42,,,1,30,,1156443,42,,,1,70,,1156416,42,,,1,28,,1156434,42,,,1,70,,1156430,42,,,1,30,,1156440,42,,,1
6300,'8',630,,1156451,42,,,1,71,,1156475,41,,,1,16,,1156447,41,,,1,16,,1156482,41,,,1,16,,1156462,41,,,1,58,,1156490,41,,,1,16,,1156485,41,,,1,16,,1156457,41,,,1,15,,1156446,41,,,1,72,,1156452,41,,,1,26,,1156468,41,,,1,66,,1156470,41,,,1,30,,1156488,41,,,1,72,,1156481,41,,,1,29,,1156480,41,,,1,69,,1156479,41,,,1,30,,1156455,41,,,1,72,,1156486,41,,,1,30,,1156461,41,,,1,70,,1156448,41,,,1,30,,1156491,41,,,1,71,,1156484,35,,,1,33,,1156453,35,,,1,56,,1156450,35,,,1,15,,1156469,35,,,1,16,,1156493,35,,,1,16,,1156466,35,,,1,54,,1156444,35,,,1,14,,1156458,35,,,1,13,,1156478,35,,,1,16,,1156459,35,,,1,54,,1156456,35,,,1,15,,1156471,35,,,1,13,,1156487,35,,,1,15,,1156467,35,,,1,53,,1156472,35,,,1,31,,1156483,35,,,1,73,,1156463,41,,,1,28,,1156465,41,,,1,67,,1156477,41,,,1,30,,1156449,41,,,1,69,,1156464,41,,,1,28,,1156494,41,,,1,27,,1156492,41,,,1,73,,1156454,42,,,1,70,,1156474,42,,,1,28,,1156445,42,,,1
6300,'9',630,,1156515,42,,,1,71,,1156520,41,,,1,16,,1067579,41,,,1,16,,1156503,41,,,1,16,,1156525,41,,,1,58,,1077421,41,,,1,16,,1099242,41,,,1,16,,1156505,41,,,1,15,,1156495,41,,,1,72,,1156506,41,,,1,26,,1156519,41,,,1,66,,1084339,41,,,1,30,,1062385,41,,,1,72,,1156522,41,,,1,29,,1001341,41,,,1,69,,1089906,41,,,1,30,,990979,41,,,1,72,,1156527,41,,,1,30,,1156504,41,,,1,70,,1156497,41,,,1,30,,934970,41,,,1,71,,1156510,35,,,1,33,,1156496,35,,,1,56,,1156517,35,,,1,15,,1156508,35,,,1,16,,1156514,35,,,1,16,,1156511,35,,,1,54,,1085401,35,,,1,14,,1102331,35,,,1,13,,1156521,35,,,1,16,,1062886,35,,,1,54,,1156523,35,,,1,15,,1156526,35,,,1,13,,1156509,35,,,1,15,,1156507,35,,,1,53,,1156513,35,,,1,31,,1156501,35,,,1,73,,1021232,41,,,1,28,,1064825,41,,,1,67,,1156512,41,,,1,30,,1156524,41,,,1,69,,1156500,41,,,1,28,,1156516,41,,,1,27,,1085862,41,,,1,73,,1156499,42,,,1,70,,1156518,42,,,1,28,,1101096,42,,,1
11001,'1',522,,1185035,10,0,35,1,28,,1185058,10,0,35,1,70,,1185047,10,0,35,1,30,,1185051,10,0,35,1,70,,1185040,10,0,35,1,31,,1185053,10,0,35,1,70,,1185044,10,0,35,1,30,,1185039,10,0,35,1,70,,1185056,10,0,35,1,29,,1185061,10,0,35,1,70,,1063087,10,0,35,1,34,,1185048,10,0,35,1,70,,1185037,10,0,35,1,30,,1185059,10,0,35,1,68,,1185054,10,0,35,1,30,,1185049,10,0,35,1,70,,1185034,10,0,35,1,30,,1036958,10,0,35,1,70,,1185033,10,0,35,1,30,,1185052,10,0,35,1,71,,1185031,10,0,35,1,32,,1185046,10,0,35,1,73,,1185060,10,0,35,1,25,,1185041,10,0,35,1,70,,1185050,10,0,35,1,30,,1185057,10,0,35,1,69,,1185042,10,0,35,1,30,,1185043,10,0,35,1,67,,1185036,10,0,35,1,30,,1185055,10,0,35,1,70,,1185045,10,0,35,1
11001,'10',522,,1185066,10,0,35,1,28,,1185089,10,0,35,1,70,,1185078,10,0,35,1,30,,1185082,10,0,35,1,70,,1185071,10,0,35,1,31,,1185084,10,0,35,1,70,,1185075,10,0,35,1,30,,1185070,10,0,35,1,70,,1185087,10,0,35,1,29,,1185092,10,0,35,1,70,,1062745,10,0,35,1,34,,1185079,10,0,35,1,70,,1185068,10,0,35,1,30,,1185090,10,0,35,1,68,,1185085,10,0,35,1,30,,1185080,10,0,35,1,70,,1185065,10,0,35,1,30,,1037188,10,0,35,1,70,,1185064,10,0,35,1,30,,1185083,10,0,35,1,71,,1185062,10,0,35,1,32,,1185077,10,0,35,1,73,,1185091,10,0,35,1,25,,1185072,10,0,35,1,70,,1185081,10,0,35,1,30,,1185088,10,0,35,1,69,,1185073,10,0,35,1,30,,1185074,10,0,35,1,67,,1185067,10,0,35,1,30,,1185086,10,0,35,1,70,,1185076,10,0,35,1
11001,'11',522,,1185097,10,0,35,1,28,,1185120,10,0,35,1,70,,1185109,10,0,35,1,30,,1185113,10,0,35,1,70,,1185102,10,0,35,1,31,,1185115,10,0,35,1,70,,1185106,10,0,35,1,30,,1185101,10,0,35,1,70,,1185118,10,0,35,1,29,,1185123,10,0,35,1,70,,1063188,10,0,35,1,34,,1185110,10,0,35,1,70,,1185099,10,0,35,1,30,,1185121,10,0,35,1,68,,1185116,10,0,35,1,30,,1185111,10,0,35,1,70,,1185096,10,0,35,1,30,,1036891,10,0,35,1,70,,1185095,10,0,35,1,30,,1185114,10,0,35,1,71,,1185093,10,0,35,1,32,,1185108,10,0,35,1,73,,1185122,10,0,35,1,25,,1185103,10,0,35,1,70,,1185112,10,0,35,1,30,,1185119,10,0,35,1,69,,1185104,10,0,35,1,30,,1185105,10,0,35,1,67,,1185098,10,0,35,1,30,,1185117,10,0,35,1,70,,1185107,10,0,35,1
11001,'12',522,,936978,10,0,35,1,28,,1185127,10,0,35,1,70,,1185128,10,0,35,1,30,,1185125,10,0,35,1,70,,1185153,10,0,35,1,31,,1185143,10,0,35,1,70,,1185134,10,0,35,1,30,,1185150,10,0,35,1,70,,1185145,10,0,35,1,29,,1185137,10,0,35,1,70,,1185140,10,0,35,1,34,,1185147,10,0,35,1,70,,1185146,10,0,35,1,30,,1100693,10,0,35,1,68,,1185136,10,0,35,1,30,,1185152,10,0,35,1,70,,1185149,10,0,35,1,30,,1185135,10,0,35,1,70,,1185126,10,0,35,1,30,,1185131,10,0,35,1,71,,1185133,10,0,35,1,32,,1185132,10,0,35,1,73,,1185141,10,0,35,1,25,,1185129,10,0,35,1,70,,1185144,10,0,35,1,30,,1185142,10,0,35,1,69,,1185124,10,0,35,1,30,,1185138,10,0,35,1,67,,1185130,10,0,35,1,30,,1185139,10,0,35,1,70,,1094066,10,0,35,1
11001,'13',558,,1185158,11,0,35,1,70,,1185156,11,0,35,1,1030,,1185155,11,0,35,1,70,,1185159,11,0,35,1
11001,'14',522,,1185166,10,0,35,1,28,,1185189,10,0,35,1,70,,1185178,10,0,35,1,30,,1185182,10,0,35,1,70,,1185171,10,0,35,1,31,,1185184,10,0,35,1,70,,1185175,10,0,35,1,30,,1185170,10,0,35,1,70,,1185187,10,0,35,1,29,,1185192,10,0,35,1,70,,1185160,10,0,35,1,34,,1185179,10,0,35,1,70,,1185168,10,0,35,1,30,,1185190,10,0,35,1,68,,1185185,10,0,35,1,30,,1185180,10,0,35,1,70,,1185164,10,0,35,1,30,,1185165,10,0,35,1,70,,1185163,10,0,35,1,30,,1185183,10,0,35,1,71,,1185161,10,0,35,1,32,,1185177,10,0,35,1,73,,1185191,10,0,35,1,25,,1185172,10,0,35,1,70,,1185181,10,0,35,1,30,,1185188,10,0,35,1,69,,1185173,10,0,35,1,30,,1185174,10,0,35,1,67,,1185167,10,0,35,1,30,,1185186,10,0,35,1,70,,1185176,10,0,35,1
11001,'15',522,,1185218,10,0,35,1,28,,1185225,10,0,35,1,70,,1185207,10,0,35,1,30,,1185195,10,0,35,1,70,,1185200,10,0,35,1,31,,1185209,10,0,35,1,70,,1185194,10,0,35,1,30,,1185196,10,0,35,1,70,,1185212,10,0,35,1,29,,1185199,10,0,35,1,70,,1185205,10,0,35,1,34,,1185223,10,0,35,1,70,,1185215,10,0,35,1,30,,1185214,10,0,35,1,68,,1185211,10,0,35,1,30,,1185201,10,0,35,1,70,,1185197,10,0,35,1,30,,1185202,10,0,35,1,70,,1185217,10,0,35,1,30,,1185224,10,0,35,1,71,,1185204,10,0,35,1,32,,1185210,10,0,35,1,73,,1185216,10,0,35,1,25,,1185206,10,0,35,1,70,,1185213,10,0,35,1,30,,1185219,10,0,35,1,69,,1185193,10,0,35,1,30,,1185222,10,0,35,1,67,,1185220,10,0,35,1,30,,1185198,10,0,35,1,70,,1185221,10,0,35,1
11001,'16',522,,1185256,10,0,35,1,28,,1083917,10,0,35,1,70,,1185231,10,0,35,1,30,,1185228,10,0,35,1,70,,894323,10,0,35,1,31,,1185246,10,0,35,1,70,,1185237,10,0,35,1,30,,1185253,10,0,35,1,70,,1185248,10,0,35,1,29,,1185240,10,0,35,1,70,,1185243,10,0,35,1,34,,1185250,10,0,35,1,70,,1185249,10,0,35,1,30,,1185230,10,0,35,1,68,,1185239,10,0,35,1,30,,1185255,10,0,35,1,70,,1185252,10,0,35,1,30,,1185238,10,0,35,1,70,,1185229,10,0,35,1,30,,1185234,10,0,35,1,71,,1185236,10,0,35,1,32,,1185235,10,0,35,1,73,,1185244,10,0,35,1,25,,1185232,10,0,35,1,70,,1185247,10,0,35,1,30,,1185245,10,0,35,1,69,,1185227,10,0,35,1,30,,1185241,10,0,35,1,67,,1185233,10,0,35,1,30,,1185242,10,0,35,1,70,,1185226,10,0,35,1
11001,'17',558,,1185261,11,0,35,1,70,,1185259,11,0,35,1,1030,,1185258,11,0,35,1,70,,1185262,11,0,35,1
11001,'2',558,,1185265,11,0,35,1,70,,1185268,11,0,35,1,1030,,1185266,11,0,35,1,70,,1185267,11,0,35,1
11001,'3',558,,1185273,11,0,35,1,70,,1185271,11,0,35,1,1030,,1185270,11,0,35,1,70,,1185274,11,0,35,1
11001,'4',558,,1185277,11,0,35,1,70,,1185279,11,0,35,1,1030,,1185278,11,0,35,1,70,,1185275,11,0,35,1
11001,'5',522,,1185285,10,0,35,1,28,,1185308,10,0,35,1,70,,1185297,10,0,35,1,30,,1185301,10,0,35,1,70,,1185290,10,0,35,1,31,,1185303,10,0,35,1,70,,1185294,10,0,35,1,30,,1185289,10,0,35,1,70,,1185306,10,0,35,1,29,,1185311,10,0,35,1,70,,1063033,10,0,35,1,34,,1185298,10,0,35,1,70,,1185287,10,0,35,1,30,,1185309,10,0,35,1,68,,1185304,10,0,35,1,30,,1185299,10,0,35,1,70,,1185284,10,0,35,1,30,,1036543,10,0,35,1,70,,1185283,10,0,35,1,30,,1185302,10,0,35,1,71,,1185281,10,0,35,1,32,,1185296,10,0,35,1,73,,1185310,10,0,35,1,25,,1185291,10,0,35,1,70,,1185300,10,0,35,1,30,,1185307,10,0,35,1,69,,1185292,10,0,35,1,30,,1185293,10,0,35,1,67,,1185286,10,0,35,1,30,,1185305,10,0,35,1,70,,1185295,10,0,35,1
11001,'6',522,,1185333,10,0,35,1,28,,1185314,10,0,35,1,70,,1086771,10,0,35,1,30,,1043192,10,0,35,1,70,,1185334,10,0,35,1,31,,1185325,10,0,35,1,70,,1185318,10,0,35,1,30,,1080836,10,0,35,1,70,,1185327,10,0,35,1,29,,1185320,10,0,35,1,70,,1185323,10,0,35,1,34,,1185329,10,0,35,1,70,,1185328,10,0,35,1,30,,1185313,10,0,35,1,68,,1060066,10,0,35,1,30,,1070393,10,0,35,1,70,,1185331,10,0,35,1,30,,1185319,10,0,35,1,70,,947726,10,0,35,1,30,,1185315,10,0,35,1,71,,1185317,10,0,35,1,32,,1185316,10,0,35,1,73,,1101477,10,0,35,1,25,,1102787,10,0,35,1,70,,1185326,10,0,35,1,30,,1185324,10,0,35,1,69,,1026581,10,0,35,1,30,,1185321,10,0,35,1,67,,1085083,10,0,35,1,30,,1185322,10,0,35,1,70,,1185312,10,0,35,1
11001,'7',558,,1185339,11,0,35,1,70,,1185336,11,0,35,1,1030,,1185335,11,0,35,1,70,,1185338,11,0,35,1
11001,'8',522,,1185372,10,0,35,1,28,,1185346,10,0,35,1,70,,1185347,10,0,35,1,30,,1185343,10,0,35,1,70,,1185373,10,0,35,1,31,,1185362,10,0,35,1,70,,1185353,10,0,35,1,30,,1185369,10,0,35,1,70,,1185364,10,0,35,1,29,,1185356,10,0,35,1,70,,1185359,10,0,35,1,34,,1185366,10,0,35,1,70,,1185365,10,0,35,1,30,,1185345,10,0,35,1,68,,1185355,10,0,35,1,30,,1185371,10,0,35,1,70,,1185368,10,0,35,1,30,,1185354,10,0,35,1,70,,1185344,10,0,35,1,30,,1185350,10,0,35,1,71,,1185352,10,0,35,1,32,,1185351,10,0,35,1,73,,1185360,10,0,35,1,25,,1185348,10,0,35,1,70,,1185363,10,0,35,1,30,,1185361,10,0,35,1,69,,1185342,10,0,35,1,30,,1185357,10,0,35,1,67,,1185349,10,0,35,1,30,,1185358,10,0,35,1,70,,1185341,10,0,35,1
11001,'9',522,,1185378,10,0,35,1,28,,1185401,10,0,35,1,70,,1185390,10,0,35,1,30,,1185394,10,0,35,1,70,,1185383,10,0,35,1,31,,1185396,10,0,35,1,70,,1185387,10,0,35,1,30,,1185382,10,0,35,1,70,,1185399,10,0,35,1,29,,1185404,10,0,35,1,70,,1062857,10,0,35,1,34,,1185391,10,0,35,1,70,,1185380,10,0,35,1,30,,1185402,10,0,35,1,68,,1185397,10,0,35,1,30,,1185392,10,0,35,1,70,,1185377,10,0,35,1,30,,1037025,10,0,35,1,70,,1185376,10,0,35,1,30,,1185395,10,0,35,1,71,,1185374,10,0,35,1,32,,1185389,10,0,35,1,73,,1185403,10,0,35,1,25,,1185384,10,0,35,1,70,,1185393,10,0,35,1,30,,1185400,10,0,35,1,69,,1185385,10,0,35,1,30,,1185386,10,0,35,1,67,,1185379,10,0,35,1,30,,1185398,10,0,35,1,70,,1185388,10,0,35,1
