23701,'1',1547,,1196916,7,,,1,95,,1052002,7,,,1,95,,1196917,7,,,1,100,,1196915,7,,,1
23701,'10',1547,,1196919,7,,,1,95,,1052081,7,,,1,95,,1196920,7,,,1,100,,1196918,7,,,1
23701,'11',1547,,1196922,7,,,1,95,,1051980,7,,,1,95,,1196923,7,,,1,100,,1196921,7,,,1
23701,'12',1547,,1026951,7,,,1,95,,1196924,7,,,1,95,,1196925,7,,,1,100,,1196926,7,,,1
23701,'14',1547,,1196929,7,,,1,95,,1196927,7,,,1,95,,1196930,7,,,1,100,,1196928,7,,,1
23701,'15',1547,,1196931,7,,,1,95,,1196933,7,,,1,95,,1196932,7,,,1,100,,1196934,7,,,1
23701,'16',1547,,1196938,7,,,1,95,,1196935,7,,,1,95,,1196936,7,,,1,100,,1196937,7,,,1
23701,'5',1547,,1196940,7,,,1,95,,1051845,7,,,1,95,,1196941,7,,,1,100,,1196939,7,,,1
23701,'6',1547,,1196945,7,,,1,95,,1196942,7,,,1,95,,1196943,7,,,1,100,,1196944,7,,,1
23701,'8',1547,,1196949,7,,,1,95,,1196946,7,,,1,95,,1196947,7,,,1,100,,1196948,7,,,1
23701,'9',1547,,1196951,7,,,1,95,,1052024,7,,,1,95,,1196952,7,,,1,100,,1196950,7,,,1
