7300,'1',530,,1161543,16,,,1,94,,1161561,35,,,1,28,,1161544,35,,,1,71,,1161540,35,,,1,31,,1161542,35,,,1,70,,1161546,35,,,1,31,,1161552,35,,,1,70,,1070957,35,,,1,30,,1161566,35,,,1,66,,1161550,16,,,1,30,,1161554,16,,,1,70,,1161547,16,,,1,30,,950256,16,,,1,70,,1161564,16,,,1,30,,1161563,16,,,1,70,,1161541,16,,,1,30,,1161560,16,,,1,70,,1043491,16,,,1,30,,1161557,16,,,1,78,,1161555,21,,,1,28,,1161562,21,,,1,70,,1161549,21,,,1,30,,1161558,21,,,1,70,,1161567,21,,,1,30,,1161556,21,,,1,70,,1161565,21,,,1,24,,1161545,16,,,1,70,,1161568,16,,,1,30,,1161553,16,,,1,70,,1074285,16,,,1,30,,1161551,16,,,1,70,,1161548,16,,,1,30,,1161559,16,,,1
7300,'10',530,,1161572,16,,,1,94,,1161590,35,,,1,28,,1161573,35,,,1,71,,1161569,35,,,1,31,,1161571,35,,,1,70,,1161575,35,,,1,31,,1161581,35,,,1,70,,1070743,35,,,1,30,,1161595,35,,,1,66,,1161579,16,,,1,30,,1161583,16,,,1,70,,1161576,16,,,1,30,,950090,16,,,1,70,,1161593,16,,,1,30,,1161592,16,,,1,70,,1161570,16,,,1,30,,1161589,16,,,1,70,,1043694,16,,,1,30,,1161586,16,,,1,78,,1161584,21,,,1,28,,1161591,21,,,1,70,,1161578,21,,,1,30,,1161587,21,,,1,70,,1161596,21,,,1,30,,1161585,21,,,1,70,,1161594,21,,,1,24,,1161574,16,,,1,70,,1161597,16,,,1,30,,1161582,16,,,1,70,,1074143,16,,,1,30,,1161580,16,,,1,70,,1161577,16,,,1,30,,1161588,16,,,1
7300,'11',530,,1161601,16,,,1,94,,1161619,35,,,1,28,,1161602,35,,,1,71,,1161598,35,,,1,31,,1161600,35,,,1,70,,1161604,35,,,1,31,,1161610,35,,,1,70,,1071022,35,,,1,30,,1161624,35,,,1,66,,1161608,16,,,1,30,,1161612,16,,,1,70,,1161605,16,,,1,30,,950230,16,,,1,70,,1161622,16,,,1,30,,1161621,16,,,1,70,,1161599,16,,,1,30,,1161618,16,,,1,70,,1043432,16,,,1,30,,1161615,16,,,1,78,,1161613,21,,,1,28,,1161620,21,,,1,70,,1161607,21,,,1,30,,1161616,21,,,1,70,,1161625,21,,,1,30,,1161614,21,,,1,70,,1161623,21,,,1,24,,1161603,16,,,1,70,,1161626,16,,,1,30,,1161611,16,,,1,70,,1074328,16,,,1,30,,1161609,16,,,1,70,,1161606,16,,,1,30,,1161617,16,,,1
7300,'12',530,,1161639,16,,,1,94,,1161635,35,,,1,28,,1161643,35,,,1,71,,1161646,35,,,1,31,,1161642,35,,,1,70,,1161641,35,,,1,31,,1161637,35,,,1,70,,1161650,35,,,1,30,,1161658,35,,,1,66,,1161633,16,,,1,30,,1161647,16,,,1,70,,1161653,16,,,1,30,,1161640,16,,,1,70,,1085946,16,,,1,30,,1161649,16,,,1,70,,1161628,16,,,1,30,,1161651,16,,,1,70,,1161636,16,,,1,30,,1161629,16,,,1,78,,1161630,21,,,1,28,,1161656,21,,,1,70,,1161632,21,,,1,30,,1161652,21,,,1,70,,1161644,21,,,1,30,,1161655,21,,,1,70,,1161654,21,,,1,24,,1161645,16,,,1,70,,1161657,16,,,1,30,,1161648,16,,,1,70,,1161638,16,,,1,30,,1161634,16,,,1,70,,1161627,16,,,1,30,,1161631,16,,,1
7300,'14',530,,1161665,16,,,1,94,,1161683,35,,,1,28,,1161666,35,,,1,71,,1161659,35,,,1,31,,1161663,35,,,1,70,,1161668,35,,,1,31,,1161674,35,,,1,70,,1161690,35,,,1,30,,1161688,35,,,1,66,,1161672,16,,,1,30,,1161676,16,,,1,70,,1161669,16,,,1,30,,1161661,16,,,1,70,,1161686,16,,,1,30,,1161685,16,,,1,70,,1161662,16,,,1,30,,1161682,16,,,1,70,,1161664,16,,,1,30,,1161679,16,,,1,78,,1161677,21,,,1,28,,1161684,21,,,1,70,,1161671,21,,,1,30,,1161680,21,,,1,70,,1161689,21,,,1,30,,1161678,21,,,1,70,,1161687,21,,,1,24,,1161667,16,,,1,70,,1161691,16,,,1,30,,1161675,16,,,1,70,,1161660,16,,,1,30,,1161673,16,,,1,70,,1161670,16,,,1,30,,1161681,16,,,1
7300,'15',530,,1161695,16,,,1,94,,1161706,35,,,1,28,,1161696,35,,,1,71,,1161704,35,,,1,31,,1161714,35,,,1,70,,1161713,35,,,1,31,,1161705,35,,,1,70,,1161693,35,,,1,30,,1161719,35,,,1,66,,1161694,16,,,1,30,,1161708,16,,,1,70,,1161699,16,,,1,30,,1161718,16,,,1,70,,1161709,16,,,1,30,,1161715,16,,,1,70,,1161703,16,,,1,30,,1161722,16,,,1,70,,1161698,16,,,1,30,,1161692,16,,,1,78,,1161712,21,,,1,28,,1161717,21,,,1,70,,1161721,21,,,1,30,,1161723,21,,,1,70,,1161720,21,,,1,30,,1161710,21,,,1,70,,1161716,21,,,1,24,,1161697,16,,,1,70,,1161711,16,,,1,30,,1161701,16,,,1,70,,1161700,16,,,1,30,,1161707,16,,,1,70,,1161724,16,,,1,30,,1161702,16,,,1
7300,'16',530,,1161735,16,,,1,94,,1161731,35,,,1,28,,1161739,35,,,1,71,,1161742,35,,,1,31,,1161738,35,,,1,70,,1161737,35,,,1,31,,1161733,35,,,1,70,,1161746,35,,,1,30,,1099045,35,,,1,66,,1161729,16,,,1,30,,1161743,16,,,1,70,,1161749,16,,,1,30,,1161736,16,,,1,70,,1161752,16,,,1,30,,1161745,16,,,1,70,,1161725,16,,,1,30,,1161747,16,,,1,70,,1161732,16,,,1,30,,1161726,16,,,1,78,,1094845,21,,,1,28,,1161753,21,,,1,70,,1161728,21,,,1,30,,1161748,21,,,1,70,,1161740,21,,,1,30,,1161751,21,,,1,70,,1161750,21,,,1,24,,1161741,16,,,1,70,,1086726,16,,,1,30,,1161744,16,,,1,70,,1161734,16,,,1,30,,1161730,16,,,1,70,,1070329,16,,,1,30,,1161727,16,,,1
7300,'5',530,,1161757,16,,,1,94,,1161775,35,,,1,28,,1161758,35,,,1,71,,1161754,35,,,1,31,,1161756,35,,,1,70,,1161760,35,,,1,31,,1161766,35,,,1,70,,1070918,35,,,1,30,,1161780,35,,,1,66,,1161764,16,,,1,30,,1161768,16,,,1,70,,1161761,16,,,1,30,,950340,16,,,1,70,,1161778,16,,,1,30,,1161777,16,,,1,70,,1161755,16,,,1,30,,1161774,16,,,1,70,,1043150,16,,,1,30,,1161771,16,,,1,78,,1161769,21,,,1,28,,1161776,21,,,1,70,,1161763,21,,,1,30,,1161772,21,,,1,70,,1161781,21,,,1,30,,1161770,21,,,1,70,,1161779,21,,,1,24,,1161759,16,,,1,70,,1161782,16,,,1,30,,1161767,16,,,1,70,,1074262,16,,,1,30,,1161765,16,,,1,70,,1161762,16,,,1,30,,1161773,16,,,1
7300,'6',530,,1161793,16,,,1,94,,1161789,35,,,1,28,,1161796,35,,,1,71,,1161799,35,,,1,31,,1161795,35,,,1,70,,999984,35,,,1,31,,1161791,35,,,1,70,,1161802,35,,,1,30,,1161810,35,,,1,66,,1161787,16,,,1,30,,979433,16,,,1,70,,1161805,16,,,1,30,,1161794,16,,,1,70,,1161808,16,,,1,30,,1161801,16,,,1,70,,1016469,16,,,1,30,,1161803,16,,,1,70,,1161790,16,,,1,30,,1161784,16,,,1,78,,1161785,21,,,1,28,,1089313,21,,,1,70,,1089845,21,,,1,30,,1161804,21,,,1,70,,1161797,21,,,1,30,,1161807,21,,,1,70,,1161806,21,,,1,24,,1161798,16,,,1,70,,1161809,16,,,1,30,,1161800,16,,,1,70,,1161792,16,,,1,30,,1161788,16,,,1,70,,1161783,16,,,1,30,,1161786,16,,,1
7300,'8',530,,1161823,16,,,1,94,,1161819,35,,,1,28,,1161827,35,,,1,71,,1161830,35,,,1,31,,1161826,35,,,1,70,,1161825,35,,,1,31,,1161821,35,,,1,70,,1161834,35,,,1,30,,1161843,35,,,1,66,,1161817,16,,,1,30,,1161831,16,,,1,70,,1161837,16,,,1,30,,1161824,16,,,1,70,,1161840,16,,,1,30,,1161833,16,,,1,70,,1161812,16,,,1,30,,1161835,16,,,1,70,,1161820,16,,,1,30,,1161813,16,,,1,78,,1161814,21,,,1,28,,1161841,21,,,1,70,,1161816,21,,,1,30,,1161836,21,,,1,70,,1161828,21,,,1,30,,1161839,21,,,1,70,,1161838,21,,,1,24,,1161829,16,,,1,70,,1161842,16,,,1,30,,1161832,16,,,1,70,,1161822,16,,,1,30,,1161818,16,,,1,70,,1161811,16,,,1,30,,1161815,16,,,1
7300,'9',530,,1161847,16,,,1,94,,1161865,35,,,1,28,,1161848,35,,,1,71,,1161844,35,,,1,31,,1161846,35,,,1,70,,1161850,35,,,1,31,,1161856,35,,,1,70,,1070810,35,,,1,30,,1161870,35,,,1,66,,1161854,16,,,1,30,,1161858,16,,,1,70,,1161851,16,,,1,30,,950314,16,,,1,70,,1161868,16,,,1,30,,1161867,16,,,1,70,,1161845,16,,,1,30,,1161864,16,,,1,70,,1043550,16,,,1,30,,1161861,16,,,1,78,,1161859,21,,,1,28,,1161866,21,,,1,70,,1161853,21,,,1,30,,1161862,21,,,1,70,,1161871,21,,,1,30,,1161860,21,,,1,70,,1161869,21,,,1,24,,1161849,16,,,1,70,,1161872,16,,,1,30,,1161857,16,,,1,70,,1074190,16,,,1,30,,1161855,16,,,1,70,,1161852,16,,,1,30,,1161863,16,,,1
8000,'1',620,,1166512,55,,,1,15,,1078717,55,0,19 20,1,15,,1166523,55,,,1,60,,1166477,55,0,19 20,1,18,,1166524,55,,,1,15,,1166475,55,0,19 20,1,58,,1166513,55,,,1,13,,1166476,55,0,19 20,1,17,,1166514,55,,,1,15,,1166479,55,0,19 20,1,56,,1166501,55,,,1,14,,1166504,55,0,19 20,1,16,,1023692,55,,,1,16,,1166496,55,0,19 20,1,56,,1166515,55,,,1,16,,1166490,55,0,19 20,1,15,,1166497,55,,,1,14,,1166511,55,0,19 20,1,54,,1166498,55,,,1,14,,1166494,55,0,19 20,1,14,,1166483,55,,,1,15,,1166505,55,0,19 20,1,55,,1166469,55,,,1,15,,1166480,55,0,19 20,1,15,,1166474,55,,,1,15,,1166482,55,0,19 20,1,56,,1166472,55,,,1,16,,1083895,55,0,19 20,1,15,,1166481,55,,,1,14,,1166516,55,0,19 20,1,54,,1166489,55,,,1,15,,1166510,55,0,19 20,1,15,,1096986,55,,,1,15,,1166509,55,0,19 20,1,7,,1088793,25,,,1,48,,1011661,55,,,1,13,,1166520,55,0,19 20,1,17,,1166517,55,,,1,16,,1166502,55,0,19 20,1,81,,1166491,55,0,19 20,1,15,,1166487,55,,,1,16,,1166518,55,0,19 20,1,55,,1166521,55,,,1,14,,1166508,55,0,19 20,1,18,,1166495,55,,,1,6,,1166500,55,0,19 20,1,55,,1166473,55,,,1,12,,872404,55,0,19 20,1,16,,1166486,55,,,1,11,,1166492,55,0,19 20,1,56,,1166484,55,,,1,14,,1166471,55,0,19 20,1,15,,1166470,55,,,1,70,,1166488,55,,,1,30,,1166519,55,,,1,70,,1166506,55,,,1,30,,1166493,55,,,1,70,,1074521,55,,,1,30,,1000726,55,,,1,70,,1166522,55,,,1,30,,996780,55,,,1,23,,1166499,55,,,1,69,,1166485,55,,,1,30,,1166503,55,,,1
8000,'10',620,,1166568,55,,,1,15,,1078453,55,0,19 20,1,15,,1166579,55,,,1,60,,1166533,55,0,19 20,1,18,,1166580,55,,,1,15,,1166531,55,0,19 20,1,58,,1166569,55,,,1,13,,1166532,55,0,19 20,1,17,,1166570,55,,,1,15,,1166535,55,0,19 20,1,56,,1166557,55,,,1,14,,1166560,55,0,19 20,1,16,,1023778,55,,,1,16,,1166552,55,0,19 20,1,56,,1166571,55,,,1,16,,1166546,55,0,19 20,1,15,,1166553,55,,,1,14,,1166567,55,0,19 20,1,54,,1166554,55,,,1,14,,1166550,55,0,19 20,1,14,,1166539,55,,,1,15,,1166561,55,0,19 20,1,55,,1166525,55,,,1,15,,1166536,55,0,19 20,1,15,,1166530,55,,,1,15,,1166538,55,0,19 20,1,56,,1166528,55,,,1,16,,1083743,55,0,19 20,1,15,,1166537,55,,,1,14,,1166572,55,0,19 20,1,54,,1166545,55,,,1,15,,1166566,55,0,19 20,1,15,,1096903,55,,,1,15,,1166565,55,0,19 20,1,7,,1088388,25,,,1,48,,1011738,55,,,1,13,,1166576,55,0,19 20,1,17,,1166573,55,,,1,16,,1166558,55,0,19 20,1,81,,1166547,55,0,19 20,1,15,,1166543,55,,,1,16,,1166574,55,0,19 20,1,55,,1166577,55,,,1,14,,1166564,55,0,19 20,1,18,,1166551,55,,,1,6,,1166556,55,0,19 20,1,55,,1166529,55,,,1,12,,872476,55,0,19 20,1,16,,1166542,55,,,1,11,,1166548,55,0,19 20,1,56,,1166540,55,,,1,14,,1166527,55,0,19 20,1,15,,1166526,55,,,1,70,,1166544,55,,,1,30,,1166575,55,,,1,70,,1166562,55,,,1,30,,1166549,55,,,1,70,,1074374,55,,,1,30,,1000874,55,,,1,70,,1166578,55,,,1,30,,996929,55,,,1,23,,1166555,55,,,1,69,,1166541,55,,,1,30,,1166559,55,,,1
8000,'11',620,,1166624,55,,,1,15,,1078797,55,0,19 20,1,15,,1166635,55,,,1,60,,1166589,55,0,19 20,1,18,,1166636,55,,,1,15,,1166587,55,0,19 20,1,58,,1166625,55,,,1,13,,1166588,55,0,19 20,1,17,,1166626,55,,,1,15,,1166591,55,0,19 20,1,56,,1166613,55,,,1,14,,1166616,55,0,19 20,1,16,,1023666,55,,,1,16,,1166608,55,0,19 20,1,56,,1166627,55,,,1,16,,1166602,55,0,19 20,1,15,,1166609,55,,,1,14,,1166623,55,0,19 20,1,54,,1166610,55,,,1,14,,1166606,55,0,19 20,1,14,,1166595,55,,,1,15,,1166617,55,0,19 20,1,55,,1166581,55,,,1,15,,1166592,55,0,19 20,1,15,,1166586,55,,,1,15,,1166594,55,0,19 20,1,56,,1166584,55,,,1,16,,1083938,55,0,19 20,1,15,,1166593,55,,,1,14,,1166628,55,0,19 20,1,54,,1166601,55,,,1,15,,1166622,55,0,19 20,1,15,,1097013,55,,,1,15,,1166621,55,0,19 20,1,7,,1088914,25,,,1,48,,1011640,55,,,1,13,,1166632,55,0,19 20,1,17,,1166629,55,,,1,16,,1166614,55,0,19 20,1,81,,1166603,55,0,19 20,1,15,,1166599,55,,,1,16,,1166630,55,0,19 20,1,55,,1166633,55,,,1,14,,1166620,55,0,19 20,1,18,,1166607,55,,,1,6,,1166612,55,0,19 20,1,55,,1166585,55,,,1,12,,872268,55,0,19 20,1,16,,1166598,55,,,1,11,,1166604,55,0,19 20,1,56,,1166596,55,,,1,14,,1166583,55,0,19 20,1,15,,1166582,55,,,1,70,,1166600,55,,,1,30,,1166631,55,,,1,70,,1166618,55,,,1,30,,1166605,55,,,1,70,,1074564,55,,,1,30,,1000684,55,,,1,70,,1166634,55,,,1,30,,996738,55,,,1,23,,1166611,55,,,1,69,,1166597,55,,,1,30,,1166615,55,,,1
8000,'12',620,,1166686,55,,,1,15,,1166655,55,0,19 20,1,15,,1166676,55,,,1,60,,1166681,55,0,19 20,1,18,,1166689,55,,,1,15,,1166672,55,0,19 20,1,58,,1166698,55,,,1,13,,1166683,55,0,19 20,1,17,,1087159,55,,,1,15,,1166673,55,0,19 20,1,56,,1166680,55,,,1,14,,1166646,55,0,19 20,1,16,,1166688,55,,,1,16,,1166679,55,0,19 20,1,56,,1166642,55,,,1,16,,1166638,55,0,19 20,1,15,,1166671,55,,,1,14,,1166661,55,0,19 20,1,54,,1166685,55,,,1,14,,1166690,55,0,19 20,1,14,,1166697,55,,,1,15,,1166687,55,0,19 20,1,55,,1166667,55,,,1,15,,1166660,55,0,19 20,1,15,,1089973,55,,,1,15,,1166658,55,0,19 20,1,56,,1166645,55,,,1,16,,1166647,55,0,19 20,1,15,,1166648,55,,,1,14,,1166643,55,0,19 20,1,54,,1166653,55,,,1,15,,1166649,55,0,19 20,1,15,,1166668,55,,,1,15,,1026009,55,0,19 20,1,7,,1166699,25,,,1,48,,1166691,55,,,1,13,,1002217,55,0,19 20,1,17,,1166637,55,,,1,16,,1166659,55,0,19 20,1,81,,1166644,55,0,19 20,1,15,,1166657,55,,,1,16,,1166639,55,0,19 20,1,55,,1166651,55,,,1,14,,1166670,55,0,19 20,1,18,,1166695,55,,,1,6,,1166678,55,0,19 20,1,55,,1166694,55,,,1,12,,1166656,55,0,19 20,1,16,,1166684,55,,,1,11,,1166696,55,0,19 20,1,56,,1166693,55,,,1,14,,1166662,55,0,19 20,1,15,,1166641,55,,,1,70,,1166669,55,,,1,30,,1166664,55,,,1,70,,1166665,55,,,1,30,,1166677,55,,,1,70,,1166663,55,,,1,30,,1166674,55,,,1,70,,1166654,55,,,1,30,,1166666,55,,,1,23,,1166675,55,,,1,69,,1166652,55,,,1,30,,1166682,55,,,1
8000,'13',742,,1166703,55,,,1,103,,1166708,55,,,1,100,,1166705,55,,,1,102,,1166706,55,,,1,70,,1166713,55,,,1,31,,1166704,55,,,1,70,,1166721,55,,,1,32,,1166712,55,,,1,70,,1166701,55,,,1,31,,1166719,55,,,1,70,,1166709,55,,,1,30,,1166707,55,,,1,70,,1166716,55,,,1,30,,1166715,55,,,1,69,,1166700,55,,,1,30,,1096667,55,,,1,69,,1166702,55,,,1,99,,1166720,55,,,1,98,,1166718,55,,,1,99,,1166717,55,,,1,98,,1166711,55,,,1,100,,1166710,55,,,1,104,,1166714,55,,,1
8000,'14',620,,1166773,55,,,1,15,,1166772,55,0,19 20,1,15,,1166787,55,,,1,60,,1166736,55,0,19 20,1,18,,1166788,55,,,1,15,,1166734,55,0,19 20,1,58,,1166774,55,,,1,13,,1166735,55,0,19 20,1,17,,1166775,55,,,1,15,,1166738,55,0,19 20,1,56,,1166760,55,,,1,14,,1166763,55,0,19 20,1,16,,1166725,55,,,1,16,,1166755,55,0,19 20,1,56,,1166776,55,,,1,16,,1166749,55,0,19 20,1,15,,1166756,55,,,1,14,,1166771,55,0,19 20,1,54,,1166757,55,,,1,14,,1166753,55,0,19 20,1,14,,1166742,55,,,1,15,,1166765,55,0,19 20,1,55,,1166722,55,,,1,15,,1166739,55,0,19 20,1,15,,1166733,55,,,1,15,,1166741,55,0,19 20,1,56,,1166729,55,,,1,16,,1166730,55,0,19 20,1,15,,1166740,55,,,1,14,,1166777,55,0,19 20,1,54,,1166748,55,,,1,15,,1166770,55,0,19 20,1,15,,1166764,55,,,1,15,,1166769,55,0,19 20,1,7,,1166779,25,,,1,48,,1166727,55,,,1,13,,1166782,55,0,19 20,1,17,,1166778,55,,,1,16,,1166761,55,0,19 20,1,81,,1166750,55,0,19 20,1,15,,1166746,55,,,1,16,,1166780,55,0,19 20,1,55,,1166785,55,,,1,14,,1166768,55,0,19 20,1,18,,1166754,55,,,1,6,,1166759,55,0,19 20,1,55,,1166732,55,,,1,12,,1166731,55,0,19 20,1,16,,1166745,55,,,1,11,,1166751,55,0,19 20,1,56,,1166743,55,,,1,14,,1166726,55,0,19 20,1,15,,1166723,55,,,1,70,,1166747,55,,,1,30,,1166781,55,,,1,70,,1166766,55,,,1,30,,1166752,55,,,1,70,,1166728,55,,,1,30,,1166784,55,,,1,70,,1166786,55,,,1,30,,1166783,55,,,1,23,,1166758,55,,,1,69,,1166744,55,,,1,30,,1166762,55,,,1
8000,'15',620,,1166806,55,,,1,15,,1166811,55,0,19 20,1,15,,1166819,55,,,1,60,,1166836,55,0,19 20,1,18,,1166851,55,,,1,15,,1166818,55,0,19 20,1,58,,1166816,55,,,1,13,,1166813,55,0,19 20,1,17,,1166841,55,,,1,15,,1166828,55,0,19 20,1,56,,1166846,55,,,1,14,,1166800,55,0,19 20,1,16,,1166825,55,,,1,16,,1166815,55,0,19 20,1,56,,1166844,55,,,1,16,,1166830,55,0,19 20,1,15,,1166850,55,,,1,14,,1166814,55,0,19 20,1,54,,1166847,55,,,1,14,,1166796,55,0,19 20,1,14,,1166803,55,,,1,15,,1166852,55,0,19 20,1,55,,1166804,55,,,1,15,,1166823,55,0,19 20,1,15,,1166848,55,,,1,15,,1166829,55,0,19 20,1,56,,1166805,55,,,1,16,,1166843,55,0,19 20,1,15,,1166849,55,,,1,14,,1166802,55,0,19 20,1,54,,1166834,55,,,1,15,,1166789,55,0,19 20,1,15,,1166798,55,,,1,15,,1166795,55,0,19 20,1,7,,1166854,25,,,1,48,,1166791,55,,,1,13,,1166822,55,0,19 20,1,17,,1166801,55,,,1,16,,1166808,55,0,19 20,1,81,,1166835,55,0,19 20,1,15,,1166809,55,,,1,16,,1166820,55,0,19 20,1,55,,1166837,55,,,1,14,,1166845,55,0,19 20,1,18,,1166855,55,,,1,6,,1166832,55,0,19 20,1,55,,1166827,55,,,1,12,,1166792,55,0,19 20,1,16,,1166799,55,,,1,11,,1166812,55,0,19 20,1,56,,1166793,55,,,1,14,,1166839,55,0,19 20,1,15,,1166840,55,,,1,70,,1166831,55,,,1,30,,1166790,55,,,1,70,,1166824,55,,,1,30,,1166853,55,,,1,70,,1166821,55,,,1,30,,1166826,55,,,1,70,,1166833,55,,,1,30,,1166797,55,,,1,23,,1166842,55,,,1,69,,1166807,55,,,1,30,,1166810,55,,,1
8000,'16',620,,1166905,55,,,1,15,,1166874,55,0,19 20,1,15,,1166895,55,,,1,60,,1166900,55,0,19 20,1,18,,1166908,55,,,1,15,,1166891,55,0,19 20,1,58,,1166918,55,,,1,13,,1166902,55,0,19 20,1,17,,1166866,55,,,1,15,,1166892,55,0,19 20,1,56,,1166899,55,,,1,14,,1166865,55,0,19 20,1,16,,1166907,55,,,1,16,,1166898,55,0,19 20,1,56,,1166861,55,,,1,16,,1166857,55,0,19 20,1,15,,1166890,55,,,1,14,,1166880,55,0,19 20,1,54,,1166904,55,,,1,14,,1166909,55,0,19 20,1,14,,1166915,55,,,1,15,,1166906,55,0,19 20,1,55,,1166886,55,,,1,15,,1166879,55,0,19 20,1,15,,1166917,55,,,1,15,,1166877,55,0,19 20,1,56,,1166864,55,,,1,16,,1081070,55,0,19 20,1,15,,1166867,55,,,1,14,,1166862,55,0,19 20,1,54,,1166872,55,,,1,15,,1166868,55,0,19 20,1,15,,1166887,55,,,1,15,,1166916,55,0,19 20,1,7,,1166919,25,,,1,48,,1166910,55,,,1,13,,1166856,55,0,19 20,1,17,,1097870,55,,,1,16,,1166878,55,0,19 20,1,81,,1166863,55,0,19 20,1,15,,1166876,55,,,1,16,,1166858,55,0,19 20,1,55,,1166870,55,,,1,14,,1166889,55,0,19 20,1,18,,1166913,55,,,1,6,,1166897,55,0,19 20,1,55,,1166912,55,,,1,12,,1166875,55,0,19 20,1,16,,1166903,55,,,1,11,,1166914,55,0,19 20,1,56,,1166911,55,,,1,14,,1166881,55,0,19 20,1,15,,1166860,55,,,1,70,,1166888,55,,,1,30,,1166883,55,,,1,70,,1166884,55,,,1,30,,1166896,55,,,1,70,,1166882,55,,,1,30,,1166893,55,,,1,70,,1166873,55,,,1,30,,1166885,55,,,1,23,,1166894,55,,,1,69,,1166871,55,,,1,30,,1166901,55,,,1
8000,'17',742,,1166923,55,,,1,103,,1166928,55,,,1,100,,1166925,55,,,1,102,,1166926,55,,,1,70,,1166933,55,,,1,31,,1166924,55,,,1,70,,1166941,55,,,1,32,,1166932,55,,,1,70,,1166921,55,,,1,31,,1166939,55,,,1,70,,1166929,55,,,1,30,,1166927,55,,,1,70,,1166936,55,,,1,30,,1166934,55,,,1,69,,1166920,55,,,1,30,,1166942,55,,,1,69,,1166922,55,,,1,99,,1166940,55,,,1,98,,1166938,55,,,1,99,,1166937,55,,,1,98,,1166931,55,,,1,100,,1166930,55,,,1,104,,1166935,55,,,1
8000,'2',633,,1166958,55,,,1,101,,1166947,55,,,1,77,,1166959,55,,,1,31,,1166972,55,,,1,70,,1166952,55,,,1,30,,1166956,55,,,1,71,,1166969,55,,,1,30,,1166954,55,,,1,71,,1166965,55,,,1,31,,1023594,55,,,1,70,,1166960,55,,,1,32,,1166953,55,,,1,70,,1166973,55,,,1,31,,1166955,55,,,1,70,,1166950,55,,,1,30,,1166968,55,,,1,70,,1166945,55,,,1,30,,1166967,55,,,1,69,,1166970,55,,,1,30,,1166948,55,,,1,69,,1166944,55,,,1,30,,1166951,55,,,1,69,,1166943,55,,,1,30,,1166946,55,,,1,68,,1166971,55,,,1,28,,1029742,55,,,1,71,,1166957,55,,,1,28,,1072220,55,,,1,65,,1166962,55,,,1,30,,1166949,55,,,1,70,,1166961,55,,,1,30,,1166966,55,,,1,69,,1166964,55,,,1,30,,1065637,55,,,1,70,,1166963,55,,,1,30,,1166974,55,,,1
8000,'3',742,,1166978,55,,,1,103,,1166983,55,,,1,100,,1166980,55,,,1,102,,1166981,55,,,1,70,,1166988,55,,,1,31,,1166979,55,,,1,70,,1166996,55,,,1,32,,1166987,55,,,1,70,,1166976,55,,,1,31,,1166994,55,,,1,70,,1166984,55,,,1,30,,1166982,55,,,1,70,,1166991,55,,,1,30,,1166989,55,,,1,69,,1166975,55,,,1,30,,1166997,55,,,1,69,,1166977,55,,,1,99,,1166995,55,,,1,98,,1166993,55,,,1,99,,1166992,55,,,1,98,,1166986,55,,,1,100,,1166985,55,,,1,104,,1166990,55,,,1
8000,'4',742,,1167006,55,,,1,103,,1167000,55,,,1,100,,1166999,55,,,1,102,,1167018,55,,,1,70,,1167005,55,,,1,31,,1167001,55,,,1,70,,1167017,55,,,1,32,,1167010,55,,,1,70,,1167002,55,,,1,31,,1167012,55,,,1,70,,1167014,55,,,1,30,,1167008,55,,,1,70,,1167016,55,,,1,30,,1051935,55,,,1,69,,1076546,55,,,1,30,,1167003,55,,,1,69,,1167013,55,,,1,99,,1167015,55,,,1,98,,1167009,55,,,1,99,,1166998,55,,,1,98,,1167007,55,,,1,100,,1167011,55,,,1,104,,1167004,55,,,1
8000,'5',620,,1167062,55,,,1,15,,1078669,55,0,19 20,1,15,,1167073,55,,,1,60,,1167027,55,0,19 20,1,18,,1167074,55,,,1,15,,1167025,55,0,19 20,1,58,,1167063,55,,,1,13,,1167026,55,0,19 20,1,17,,1167064,55,,,1,15,,1167029,55,0,19 20,1,56,,1167051,55,,,1,14,,1167054,55,0,19 20,1,16,,1023532,55,,,1,16,,1167046,55,0,19 20,1,56,,1167065,55,,,1,16,,1167040,55,0,19 20,1,15,,1167047,55,,,1,14,,1167061,55,0,19 20,1,54,,1167048,55,,,1,14,,1167044,55,0,19 20,1,14,,1167033,55,,,1,15,,1167055,55,0,19 20,1,55,,1167019,55,,,1,15,,1167030,55,0,19 20,1,15,,1167024,55,,,1,15,,1167032,55,0,19 20,1,56,,1167022,55,,,1,16,,1083873,55,0,19 20,1,15,,1167031,55,,,1,14,,1167066,55,0,19 20,1,54,,1167039,55,,,1,15,,1167060,55,0,19 20,1,15,,1096964,55,,,1,15,,1167059,55,0,19 20,1,7,,1088729,25,,,1,48,,1011510,55,,,1,13,,1167070,55,0,19 20,1,17,,1167067,55,,,1,16,,1167052,55,0,19 20,1,81,,1167041,55,0,19 20,1,15,,1167037,55,,,1,16,,1167068,55,0,19 20,1,55,,1167071,55,,,1,14,,1167058,55,0,19 20,1,18,,1167045,55,,,1,6,,1167050,55,0,19 20,1,55,,1167023,55,,,1,12,,872684,55,0,19 20,1,16,,1167036,55,,,1,11,,1167042,55,0,19 20,1,56,,1167034,55,,,1,14,,1167021,55,0,19 20,1,15,,1167020,55,,,1,70,,1167038,55,,,1,30,,1167069,55,,,1,70,,1167056,55,,,1,30,,1167043,55,,,1,70,,1074499,55,,,1,30,,1000478,55,,,1,70,,1167072,55,,,1,30,,996472,55,,,1,23,,1167049,55,,,1,69,,1167035,55,,,1,30,,1167053,55,,,1
8000,'6',620,,1167116,55,,,1,15,,1167088,55,0,19 20,1,15,,1167107,55,,,1,60,,1167111,55,0,19 20,1,18,,1167119,55,,,1,15,,1167103,55,0,19 20,1,58,,1078064,55,,,1,13,,1167113,55,0,19 20,1,17,,1167079,55,,,1,15,,1167104,55,0,19 20,1,56,,1167110,55,,,1,14,,1034284,55,0,19 20,1,16,,1167118,55,,,1,16,,1167109,55,0,19 20,1,56,,1167078,55,,,1,16,,1015636,55,0,19 20,1,15,,1167102,55,,,1,14,,1167093,55,0,19 20,1,54,,1167115,55,,,1,14,,1167120,55,0,19 20,1,14,,1167126,55,,,1,15,,1167117,55,0,19 20,1,55,,1167099,55,,,1,15,,1167092,55,0,19 20,1,15,,1167128,55,,,1,15,,1167091,55,0,19 20,1,56,,1100311,55,,,1,16,,1167080,55,0,19 20,1,15,,1167081,55,,,1,14,,1081759,55,0,19 20,1,54,,1167086,55,,,1,15,,1167082,55,0,19 20,1,15,,1167100,55,,,1,15,,1167127,55,0,19 20,1,7,,1071534,25,,,1,48,,1167121,55,,,1,13,,1167076,55,0,19 20,1,17,,1167075,55,,,1,16,,1004670,55,0,19 20,1,81,,994965,55,0,19 20,1,15,,1167090,55,,,1,16,,1167077,55,0,19 20,1,55,,1167084,55,,,1,14,,968929,55,0,19 20,1,18,,1167124,55,,,1,6,,1167108,55,0,19 20,1,55,,1167123,55,,,1,12,,1167089,55,0,19 20,1,16,,1167114,55,,,1,11,,1167125,55,0,19 20,1,56,,1031205,55,,,1,14,,1167094,55,0,19 20,1,15,,1100454,55,,,1,70,,1167101,55,,,1,30,,1167096,55,,,1,70,,1167097,55,,,1,30,,1038087,55,,,1,70,,1167095,55,,,1,30,,1167105,55,,,1,70,,1167087,55,,,1,30,,1167098,55,,,1,23,,1167106,55,,,1,69,,1167085,55,,,1,30,,1167112,55,,,1
8000,'7',633,,1167152,55,,,1,101,,1167158,55,,,1,77,,1167144,55,,,1,31,,1167160,55,,,1,70,,1167141,55,,,1,30,,1167143,55,,,1,71,,1167137,55,,,1,30,,1167138,55,,,1,71,,1167155,55,,,1,31,,1167163,55,,,1,70,,1167134,55,,,1,32,,1167154,55,,,1,70,,1167145,55,,,1,31,,1167147,55,,,1,70,,1167135,55,,,1,30,,1167153,55,,,1,70,,1167157,55,,,1,30,,1167149,55,,,1,69,,1167162,55,,,1,30,,1167156,55,,,1,69,,1167139,55,,,1,30,,1167136,55,,,1,69,,1167142,55,,,1,30,,1167150,55,,,1,68,,1167164,55,,,1,28,,1167140,55,,,1,71,,1167131,55,,,1,28,,1167129,55,,,1,65,,1167146,55,,,1,30,,1167159,55,,,1,70,,1167151,55,,,1,30,,1167132,55,,,1,69,,1167133,55,,,1,30,,1167130,55,,,1,70,,1167148,55,,,1,30,,1167161,55,,,1
8000,'8',620,,1167216,55,,,1,15,,1167185,55,0,19 20,1,15,,1167206,55,,,1,60,,1167211,55,0,19 20,1,18,,1167219,55,,,1,15,,1167202,55,0,19 20,1,58,,1167230,55,,,1,13,,1167213,55,0,19 20,1,17,,1167176,55,,,1,15,,1167203,55,0,19 20,1,56,,1167210,55,,,1,14,,1167175,55,0,19 20,1,16,,1167218,55,,,1,16,,1167209,55,0,19 20,1,56,,1167171,55,,,1,16,,1167167,55,0,19 20,1,15,,1167201,55,,,1,14,,1167191,55,0,19 20,1,54,,1167215,55,,,1,14,,1167220,55,0,19 20,1,14,,1167227,55,,,1,15,,1167217,55,0,19 20,1,55,,1167197,55,,,1,15,,1167190,55,0,19 20,1,15,,1167229,55,,,1,15,,1167188,55,0,19 20,1,56,,1167174,55,,,1,16,,1167177,55,0,19 20,1,15,,1167178,55,,,1,14,,1167172,55,0,19 20,1,54,,1167183,55,,,1,15,,1167179,55,0,19 20,1,15,,1167198,55,,,1,15,,1167228,55,0,19 20,1,7,,1167231,25,,,1,48,,1167221,55,,,1,13,,1167166,55,0,19 20,1,17,,1167165,55,,,1,16,,1167189,55,0,19 20,1,81,,1167173,55,0,19 20,1,15,,1167187,55,,,1,16,,1167168,55,0,19 20,1,55,,1167181,55,,,1,14,,1167200,55,0,19 20,1,18,,1167225,55,,,1,6,,1167208,55,0,19 20,1,55,,1167224,55,,,1,12,,1167186,55,0,19 20,1,16,,1167214,55,,,1,11,,1167226,55,0,19 20,1,56,,1167223,55,,,1,14,,1167192,55,0,19 20,1,15,,1167170,55,,,1,70,,1167199,55,,,1,30,,1167194,55,,,1,70,,1167195,55,,,1,30,,1167207,55,,,1,70,,1167193,55,,,1,30,,1167204,55,,,1,70,,1167184,55,,,1,30,,1167196,55,,,1,23,,1167205,55,,,1,69,,1167182,55,,,1,30,,1167212,55,,,1
8000,'9',620,,1167275,55,,,1,15,,1078534,55,0,19 20,1,15,,1167286,55,,,1,60,,1167240,55,0,19 20,1,18,,1167287,55,,,1,15,,1167238,55,0,19 20,1,58,,1167276,55,,,1,13,,1167239,55,0,19 20,1,17,,1167277,55,,,1,15,,1167242,55,0,19 20,1,56,,1167264,55,,,1,14,,1167267,55,0,19 20,1,16,,1023718,55,,,1,16,,1167259,55,0,19 20,1,56,,1167278,55,,,1,16,,1167253,55,0,19 20,1,15,,1167260,55,,,1,14,,1167274,55,0,19 20,1,54,,1167261,55,,,1,14,,1167257,55,0,19 20,1,14,,1167246,55,,,1,15,,1167268,55,0,19 20,1,55,,1167232,55,,,1,15,,1167243,55,0,19 20,1,15,,1167237,55,,,1,15,,1167245,55,0,19 20,1,56,,1167235,55,,,1,16,,1083788,55,0,19 20,1,15,,1167244,55,,,1,14,,1167279,55,0,19 20,1,54,,1167252,55,,,1,15,,1167273,55,0,19 20,1,15,,1096929,55,,,1,15,,1167272,55,0,19 20,1,7,,1088514,25,,,1,48,,1011682,55,,,1,13,,1167283,55,0,19 20,1,17,,1167280,55,,,1,16,,1167265,55,0,19 20,1,81,,1167254,55,0,19 20,1,15,,1167250,55,,,1,16,,1167281,55,0,19 20,1,55,,1167284,55,,,1,14,,1167271,55,0,19 20,1,18,,1167258,55,,,1,6,,1167263,55,0,19 20,1,55,,1167236,55,,,1,12,,872548,55,0,19 20,1,16,,1167249,55,,,1,11,,1167255,55,0,19 20,1,56,,1167247,55,,,1,14,,1167234,55,0,19 20,1,15,,1167233,55,,,1,70,,1167251,55,,,1,30,,1167282,55,,,1,70,,1167269,55,,,1,30,,1167256,55,,,1,70,,1074418,55,,,1,30,,1000768,55,,,1,70,,1167285,55,,,1,30,,996822,55,,,1,23,,1167262,55,,,1,69,,1167248,55,,,1,30,,1167266,55,,,1
65900,'1',807,,1199657,9,,,1,3,,969961,9,,,1,2,,1102880,9,,,1,3,,1199658,9,,,1
65900,'10',807,,1199659,9,,,1,3,,969732,9,,,1,2,,1102850,9,,,1,3,,1199660,9,,,1
65900,'11',807,,1199661,9,,,1,3,,969921,9,,,1,2,,1102890,9,,,1,3,,1199662,9,,,1
65900,'12',807,,1199665,9,,,1,3,,1199664,9,,,1,2,,1199663,9,,,1,3,,1199666,9,,,1
65900,'14',807,,1199668,9,,,1,3,,1199670,9,,,1,2,,1199667,9,,,1,3,,1199669,9,,,1
65900,'15',807,,1199674,9,,,1,3,,1199671,9,,,1,2,,1199672,9,,,1,3,,1199673,9,,,1
65900,'16',807,,1199676,9,,,1,3,,1199675,9,,,1,2,,1084477,9,,,1,3,,1074558,9,,,1
65900,'5',807,,1199677,9,,,1,3,,970080,9,,,1,2,,1102870,9,,,1,3,,1199678,9,,,1
65900,'6',807,,1199681,9,,,1,3,,1199680,9,,,1,2,,1199679,9,,,1,3,,1199682,9,,,1
65900,'8',807,,1199685,9,,,1,3,,1199684,9,,,1,2,,1199683,9,,,1,3,,1199686,9,,,1
65900,'9',807,,1199687,9,,,1,3,,970040,9,,,1,2,,1102860,9,,,1,3,,1199688,9,,,1
67601,'1',1511,,1200285,15,,,1
67601,'10',1511,,1200287,15,,,1
67601,'11',1511,,1200289,15,,,1
67601,'12',1511,,1200291,15,,,1
67601,'14',1511,,1200293,15,,,1
67601,'15',1511,,1200295,15,,,1
67601,'16',1511,,1200297,15,,,1
67601,'5',1511,,1200299,15,,,1
67601,'6',1511,,1200301,15,,,1
67601,'8',1511,,1200303,15,,,1
67601,'9',1511,,1200305,15,,,1
68001,'1',1443,,1080483,26,,,1,2,,1200465,26,,,1,5,,1200464,26,,,1
68001,'10',1443,,1080337,26,,,1,2,,1200467,26,,,1,5,,1200466,26,,,1
68001,'11',1443,,1080527,26,,,1,2,,1200469,26,,,1,5,,1200468,26,,,1
68001,'12',1443,,1200472,26,,,1,2,,1200471,26,,,1,5,,1200470,26,,,1
68001,'14',1443,,1200475,26,,,1,2,,1200474,26,,,1,5,,1200473,26,,,1
68001,'15',1443,,1200477,26,,,1,2,,1200476,26,,,1,5,,1200478,26,,,1
68001,'16',1443,,1200481,26,,,1,2,,1200480,26,,,1,5,,1200479,26,,,1
68001,'5',1443,,1080461,26,,,1,2,,1200483,26,,,1,5,,1200482,26,,,1
68001,'6',1443,,1200485,26,,,1,2,,1200484,26,,,1,5,,983103,26,,,1
68001,'8',1443,,1200488,26,,,1,2,,1200487,26,,,1,5,,1200486,26,,,1
68001,'9',1443,,1080388,26,,,1,2,,1200490,26,,,1,5,,1200489,26,,,1
