23401,'1',1559,,1196814,27,,,1,70,,1196815,27,,,1,30,,1055878,27,,,1,69,,1196812,27,,,1,29,,1041995,27,,,1,69,,1196813,27,,,1,31,,1196811,27,,,1
23401,'10',1559,,1196819,27,,,1,70,,1196820,27,,,1,30,,1055971,27,,,1,69,,1196817,27,,,1,29,,1042107,27,,,1,69,,1196818,27,,,1,31,,1196816,27,,,1
23401,'11',1559,,1196824,27,,,1,70,,1196825,27,,,1,30,,1055849,27,,,1,69,,1196822,27,,,1,29,,1041964,27,,,1,69,,1196823,27,,,1,31,,1196821,27,,,1
23401,'12',1559,,1196828,27,,,1,70,,1196830,27,,,1,30,,1196829,27,,,1,69,,1196827,27,,,1,29,,1196832,27,,,1,69,,1196831,27,,,1,31,,1196826,27,,,1
23401,'14',1559,,1196838,27,,,1,70,,1196839,27,,,1,30,,1196834,27,,,1,69,,1196836,27,,,1,29,,1196833,27,,,1,69,,1196837,27,,,1,31,,1196835,27,,,1
23401,'15',1559,,1196846,27,,,1,70,,1196841,27,,,1,30,,1196840,27,,,1,69,,1196844,27,,,1,29,,1196843,27,,,1,69,,1196845,27,,,1,31,,1196842,27,,,1
23401,'16',1559,,1196848,27,,,1,70,,1196850,27,,,1,30,,1196849,27,,,1,69,,1072366,27,,,1,29,,1196852,27,,,1,69,,1196851,27,,,1,31,,1196847,27,,,1
23401,'5',1559,,1196856,27,,,1,70,,1196857,27,,,1,30,,1055707,27,,,1,69,,1196854,27,,,1,29,,1041795,27,,,1,69,,1196855,27,,,1,31,,1196853,27,,,1
23401,'6',1559,,1196859,27,,,1,70,,1196861,27,,,1,30,,1196860,27,,,1,69,,1196858,27,,,1,29,,1196863,27,,,1,69,,1196862,27,,,1,31,,1093011,27,,,1
23401,'8',1559,,1196866,27,,,1,70,,1196868,27,,,1,30,,1196867,27,,,1,69,,1196865,27,,,1,29,,1196870,27,,,1,69,,1196869,27,,,1,31,,1196864,27,,,1
23401,'9',1559,,1196874,27,,,1,70,,1196875,27,,,1,30,,1055907,27,,,1,69,,1196872,27,,,1,29,,1042026,27,,,1,69,,1196873,27,,,1,31,,1196871,27,,,1
