5701,'1',631,,1150931,32,,,1,10,,1150940,31,,,1,15,,1150932,31,,,1,55,,1150917,31,,,1,15,,1150925,31,,,1,15,,1150945,31,,,1,14,,1150939,31,,,1,57,,1150947,31,,,1,14,,1053802,31,,,1,18,,903653,31,,,1,13,,1150927,31,,,1,70,,1088753,31,,,1,32,,1150926,31,,,1,70,,1150929,31,,,1,30,,1150930,31,,,1,70,,1150937,31,,,1,30,,1150918,31,,,1,70,,1150923,31,,,1,29,,1150910,31,,,1,70,,1050139,31,,,1,30,,1023254,31,,,1,69,,1150928,31,,,1,30,,1150933,31,,,1,71,,1150936,31,,,1,29,,1150909,31,,,1,71,,1150912,31,,,1,31,,1093389,31,,,1,70,,1150911,31,,,1,30,,1150913,31,,,1,71,,1150908,31,,,1,73,,1150943,31,,,1,26,,1001305,31,,,1,30,,1150919,31,,,1,70,,1150938,31,,,1,30,,1102433,31,,,1,70,,1150914,31,,,1,27,,1150942,31,,,1,70,,1150921,31,,,1,33,,1150941,32,,,1,74,,1150915,32,,,1,76,,1150920,32,,,1
5701,'10',631,,1150971,32,,,1,10,,1150980,31,,,1,15,,1150972,31,,,1,55,,1150957,31,,,1,15,,1150965,31,,,1,15,,1150985,31,,,1,14,,1150979,31,,,1,57,,1150987,31,,,1,14,,1053895,31,,,1,18,,903703,31,,,1,13,,1150967,31,,,1,70,,1088348,31,,,1,32,,1150966,31,,,1,70,,1150969,31,,,1,30,,1150970,31,,,1,70,,1150977,31,,,1,30,,1150958,31,,,1,70,,1150963,31,,,1,29,,1150950,31,,,1,70,,1050212,31,,,1,30,,1023298,31,,,1,69,,1150968,31,,,1,30,,1150973,31,,,1,71,,1150976,31,,,1,29,,1150949,31,,,1,71,,1150952,31,,,1,31,,1093073,31,,,1,70,,1150951,31,,,1,30,,1150953,31,,,1,71,,1150948,31,,,1,73,,1150983,31,,,1,26,,1001452,31,,,1,30,,1150959,31,,,1,70,,1150978,31,,,1,30,,1102418,31,,,1,70,,1150954,31,,,1,27,,1150982,31,,,1,70,,1150961,31,,,1,33,,1150981,32,,,1,74,,1150955,32,,,1,76,,1150960,32,,,1
5701,'11',631,,1151011,32,,,1,10,,1151020,31,,,1,15,,1151012,31,,,1,55,,1150997,31,,,1,15,,1151005,31,,,1,15,,1151025,31,,,1,14,,1151019,31,,,1,57,,1151027,31,,,1,14,,1053774,31,,,1,18,,903553,31,,,1,13,,1151007,31,,,1,70,,1088874,31,,,1,32,,1151006,31,,,1,70,,1151009,31,,,1,30,,1151010,31,,,1,70,,1151017,31,,,1,30,,1150998,31,,,1,70,,1151003,31,,,1,29,,1150990,31,,,1,70,,1050118,31,,,1,30,,1023240,31,,,1,69,,1151008,31,,,1,30,,1151013,31,,,1,71,,1151016,31,,,1,29,,1150989,31,,,1,71,,1150992,31,,,1,31,,1093480,31,,,1,70,,1150991,31,,,1,30,,1150993,31,,,1,71,,1150988,31,,,1,73,,1151023,31,,,1,26,,1001264,31,,,1,30,,1150999,31,,,1,70,,1151018,31,,,1,30,,1102438,31,,,1,70,,1150994,31,,,1,27,,1151022,31,,,1,70,,1151001,31,,,1,33,,1151021,32,,,1,74,,1150995,32,,,1,76,,1151000,32,,,1
5701,'12',631,,1151033,32,,,1,10,,1151074,31,,,1,15,,1151071,31,,,1,55,,1151058,31,,,1,15,,1151041,31,,,1,15,,1151049,31,,,1,14,,1151057,31,,,1,57,,1151066,31,,,1,14,,1066071,31,,,1,18,,1151028,31,,,1,13,,1151062,31,,,1,70,,1151064,31,,,1,32,,1151050,31,,,1,70,,1151031,31,,,1,30,,1151068,31,,,1,70,,1151061,31,,,1,30,,1151036,31,,,1,70,,1151032,31,,,1,29,,1151040,31,,,1,70,,1151056,31,,,1,30,,1151059,31,,,1,69,,1151034,31,,,1,30,,1151069,31,,,1,71,,1151070,31,,,1,29,,1151042,31,,,1,71,,1151038,31,,,1,31,,1151067,31,,,1,70,,1151029,31,,,1,30,,1151072,31,,,1,71,,1151044,31,,,1,73,,1151065,31,,,1,26,,1151030,31,,,1,30,,1151046,31,,,1,70,,1151037,31,,,1,30,,1151052,31,,,1,70,,1151035,31,,,1,27,,1151051,31,,,1,70,,1075451,31,,,1,33,,1151048,32,,,1,74,,1151047,32,,,1,76,,1151043,32,,,1
5701,'13',937,,1151082,32,,,1,100,,1151091,32,,,1,102,,1151087,32,,,1,100,,1151080,32,,,1,100,,1151090,32,,,1,100,,1151092,32,,,1,100,,1151101,32,,,1,100,,1151077,32,,,1,100,,1151081,32,,,1
5701,'14',631,,1151128,32,,,1,10,,1151137,31,,,1,15,,1151129,31,,,1,55,,1151114,31,,,1,15,,1151122,31,,,1,15,,1151143,31,,,1,14,,1151136,31,,,1,57,,1151146,31,,,1,14,,1151149,31,,,1,18,,1151106,31,,,1,13,,1151124,31,,,1,70,,1151104,31,,,1,32,,1151123,31,,,1,70,,1151126,31,,,1,30,,1151127,31,,,1,70,,1151134,31,,,1,30,,1151115,31,,,1,70,,1151120,31,,,1,29,,1151107,31,,,1,70,,1151147,31,,,1,30,,1151148,31,,,1,69,,1151125,31,,,1,30,,1151130,31,,,1,71,,1151133,31,,,1,29,,1151103,31,,,1,71,,1151109,31,,,1,31,,1151105,31,,,1,70,,1151108,31,,,1,30,,1151110,31,,,1,71,,1151102,31,,,1,73,,1151140,31,,,1,26,,1151142,31,,,1,30,,1151116,31,,,1,70,,1151135,31,,,1,30,,1151150,31,,,1,70,,1151111,31,,,1,27,,1151139,31,,,1,70,,1151118,31,,,1,33,,1151138,32,,,1,74,,1151112,32,,,1,76,,1151117,32,,,1
5701,'15',631,,1151166,32,,,1,10,,1151174,31,,,1,15,,1151157,31,,,1,55,,1151181,31,,,1,15,,1151155,31,,,1,15,,1151171,31,,,1,14,,1151153,31,,,1,57,,1151169,31,,,1,14,,1151156,31,,,1,18,,1151158,31,,,1,13,,1151188,31,,,1,70,,1151196,31,,,1,32,,1151162,31,,,1,70,,1151190,31,,,1,30,,1151172,31,,,1,70,,1151151,31,,,1,30,,1151183,31,,,1,70,,1151178,31,,,1,29,,1151163,31,,,1,70,,1151197,31,,,1,30,,1151165,31,,,1,69,,1151185,31,,,1,30,,1151194,31,,,1,71,,1151152,31,,,1,29,,1151175,31,,,1,71,,1151176,31,,,1,31,,1151168,31,,,1,70,,1151199,31,,,1,30,,1151184,31,,,1,71,,1151179,31,,,1,73,,1151191,31,,,1,26,,1151193,31,,,1,30,,1151177,31,,,1,70,,1151186,31,,,1,30,,1151154,31,,,1,70,,1151198,31,,,1,27,,1151167,31,,,1,70,,1151195,31,,,1,33,,1151189,32,,,1,74,,1151192,32,,,1,76,,1151159,32,,,1
5701,'16',631,,1151202,32,,,1,10,,1151243,31,,,1,15,,1063677,31,,,1,55,,1151228,31,,,1,15,,1151211,31,,,1,15,,1151219,31,,,1,14,,1151227,31,,,1,57,,1151236,31,,,1,14,,1151201,31,,,1,18,,1079860,31,,,1,13,,1151232,31,,,1,70,,1151234,31,,,1,32,,1151220,31,,,1,70,,1007736,31,,,1,30,,1151238,31,,,1,70,,1151231,31,,,1,30,,1151206,31,,,1,70,,1071948,31,,,1,29,,1151210,31,,,1,70,,1151226,31,,,1,30,,1151229,31,,,1,69,,1151203,31,,,1,30,,1151239,31,,,1,71,,1151240,31,,,1,29,,1151212,31,,,1,71,,1151208,31,,,1,31,,1151237,31,,,1,70,,942496,31,,,1,30,,1151241,31,,,1,71,,1151214,31,,,1,73,,1151235,31,,,1,26,,1151200,31,,,1,30,,1151216,31,,,1,70,,1151207,31,,,1,30,,1151222,31,,,1,70,,1151205,31,,,1,27,,1151221,31,,,1,70,,1151204,31,,,1,33,,1151218,32,,,1,74,,1151217,32,,,1,76,,1151213,32,,,1
5701,'17',937,,1151252,32,,,1,100,,1151261,32,,,1,102,,1151257,32,,,1,100,,1151250,32,,,1,100,,1151260,32,,,1,100,,1151262,32,,,1,100,,1151271,32,,,1,100,,1151247,32,,,1,100,,1151251,32,,,1
5701,'2',809,,1151279,32,0,59 60,1,32,,1151287,32,,,1,100,,1151280,32,,,1,100,,1151278,32,,,1,102,,1151289,32,,,1,100,,1151282,32,,,1,100,,1151275,32,,,1,100,,1151281,32,,,1,100,,1151290,32,,,1,100,,1062316,32,,,1,100,,1067141,32,,,1,100,,1151283,32,,,1,100,,1151284,32,,,1,98,,1061541,32,,,1,100,,1151276,32,,,1,100,,1151277,32,,,1
5701,'3',937,,1151299,32,,,1,100,,1151308,32,,,1,102,,1151304,32,,,1,100,,1151297,32,,,1,100,,1151307,32,,,1,100,,1151309,32,,,1,100,,1151318,32,,,1,100,,1151294,32,,,1,100,,1151298,32,,,1
5701,'4',937,,1151331,32,,,1,100,,1151330,32,,,1,102,,1151326,32,,,1,100,,1151344,32,,,1,100,,1151332,32,,,1,100,,1151325,32,,,1,100,,1151343,32,,,1,100,,1151338,32,,,1,100,,1151323,32,,,1
5701,'5',631,,1151370,32,,,1,10,,1151379,31,,,1,15,,1151371,31,,,1,55,,1151356,31,,,1,15,,1151364,31,,,1,15,,1151384,31,,,1,14,,1151378,31,,,1,57,,1151386,31,,,1,14,,1053653,31,,,1,18,,903857,31,,,1,13,,1151366,31,,,1,70,,1088689,31,,,1,32,,1151365,31,,,1,70,,1151368,31,,,1,30,,1151369,31,,,1,70,,1151376,31,,,1,30,,1151357,31,,,1,70,,1151362,31,,,1,29,,1151349,31,,,1,70,,1050041,31,,,1,30,,1023181,31,,,1,69,,1151367,31,,,1,30,,1151372,31,,,1,71,,1151375,31,,,1,29,,1151348,31,,,1,71,,1151351,31,,,1,31,,1093334,31,,,1,70,,1151350,31,,,1,30,,1151352,31,,,1,71,,1151347,31,,,1,73,,1151382,31,,,1,26,,1001045,31,,,1,30,,1151358,31,,,1,70,,1151377,31,,,1,30,,1102428,31,,,1,70,,1151353,31,,,1,27,,1151381,31,,,1,70,,1151360,31,,,1,33,,1151380,32,,,1,74,,1151354,32,,,1,76,,1151359,32,,,1
5701,'6',631,,1001082,32,,,1,10,,1151430,31,,,1,15,,1151427,31,,,1,55,,1151416,31,,,1,15,,1151399,31,,,1,15,,1151407,31,,,1,14,,1151415,31,,,1,57,,1151424,31,,,1,14,,1151389,31,,,1,18,,1151387,31,,,1,13,,1151420,31,,,1,70,,1151422,31,,,1,32,,1151408,31,,,1,70,,1151390,31,,,1,30,,1151425,31,,,1,70,,1151419,31,,,1,30,,1151394,31,,,1,70,,1151391,31,,,1,29,,1151398,31,,,1,70,,1151414,31,,,1,30,,1151417,31,,,1,69,,1081768,31,,,1,30,,1151426,31,,,1,71,,1103700,31,,,1,29,,1151400,31,,,1,71,,1151396,31,,,1,31,,1100104,31,,,1,70,,1151388,31,,,1,30,,1151428,31,,,1,71,,1151402,31,,,1,73,,1151423,31,,,1,26,,1084814,31,,,1,30,,1151404,31,,,1,70,,1151395,31,,,1,30,,1151410,31,,,1,70,,1151393,31,,,1,27,,1151409,31,,,1,70,,1151392,31,,,1,33,,1151406,32,,,1,74,,1151405,32,,,1,76,,1151401,32,,,1
5701,'7',809,,1151453,32,0,59 60,1,32,,1151450,32,,,1,100,,1151452,32,,,1,100,,1151438,32,,,1,102,,1151451,32,,,1,100,,1151440,32,,,1,100,,1151435,32,,,1,100,,1151446,32,,,1,100,,1151437,32,,,1,100,,1151449,32,,,1,100,,1151431,32,,,1,100,,1151442,32,,,1,100,,1151447,32,,,1,98,,1151436,32,,,1,100,,1151448,32,,,1,100,,1151454,32,,,1
5701,'8',631,,1151461,32,,,1,10,,1151503,31,,,1,15,,1151500,31,,,1,55,,1151487,31,,,1,15,,1151470,31,,,1,15,,1151478,31,,,1,14,,1151486,31,,,1,57,,1151495,31,,,1,14,,1151458,31,,,1,18,,1151455,31,,,1,13,,1151491,31,,,1,70,,1151493,31,,,1,32,,1151479,31,,,1,70,,1151459,31,,,1,30,,1151497,31,,,1,70,,1151490,31,,,1,30,,1151465,31,,,1,70,,1151460,31,,,1,29,,1151469,31,,,1,70,,1151485,31,,,1,30,,1151488,31,,,1,69,,1151462,31,,,1,30,,1151498,31,,,1,71,,1151499,31,,,1,29,,1151471,31,,,1,71,,1151467,31,,,1,31,,1151496,31,,,1,70,,1151456,31,,,1,30,,1151501,31,,,1,71,,1151473,31,,,1,73,,1151494,31,,,1,26,,1151457,31,,,1,30,,1151475,31,,,1,70,,1151466,31,,,1,30,,1151481,31,,,1,70,,1151464,31,,,1,27,,1151480,31,,,1,70,,1151463,31,,,1,33,,1151477,32,,,1,74,,1151476,32,,,1,76,,1151472,32,,,1
5701,'9',631,,1151527,32,,,1,10,,1151536,31,,,1,15,,1151528,31,,,1,55,,1151513,31,,,1,15,,1151521,31,,,1,15,,1151541,31,,,1,14,,1151535,31,,,1,57,,1151543,31,,,1,14,,1053830,31,,,1,18,,903753,31,,,1,13,,1151523,31,,,1,70,,1088474,31,,,1,32,,1151522,31,,,1,70,,1151525,31,,,1,30,,1151526,31,,,1,70,,1151533,31,,,1,30,,1151514,31,,,1,70,,1151519,31,,,1,29,,1151506,31,,,1,70,,1050160,31,,,1,30,,1023268,31,,,1,69,,1151524,31,,,1,30,,1151529,31,,,1,71,,1151532,31,,,1,29,,1151505,31,,,1,71,,1151508,31,,,1,31,,1093178,31,,,1,70,,1151507,31,,,1,30,,1151509,31,,,1,71,,1151504,31,,,1,73,,1151539,31,,,1,26,,1001346,31,,,1,30,,1151515,31,,,1,70,,1151534,31,,,1,30,,1102423,31,,,1,70,,1151510,31,,,1,27,,1151538,31,,,1,70,,1151517,31,,,1,33,,1151537,32,,,1,74,,1151511,32,,,1,76,,1151516,32,,,1
6801,'1',457,,1095222,20,,,1,70,,1159245,20,,,1,32,,1159280,20,,,1,867,,1159272,14,0,59 60,1,129,,1159278,20,0,59 60,1,63,,1159298,20,0,59 60,1,24,,1159304,20,0,59 60,1,64,,1159300,20,0,59 60,1,24,,1159255,20,0,59 60,1,21,,1159305,20,0,59 60,1,64,,1159306,20,0,59 60,1
6801,'10',457,,1094976,20,,,1,70,,1159307,20,,,1,32,,1159342,20,,,1,867,,1159334,14,0,59 60,1,129,,1159340,20,0,59 60,1,63,,1159360,20,0,59 60,1,24,,1159366,20,0,59 60,1,64,,1159362,20,0,59 60,1,24,,1159317,20,0,59 60,1,21,,1159367,20,0,59 60,1,64,,1159368,20,0,59 60,1
6801,'11',457,,1095296,20,,,1,70,,1159369,20,,,1,32,,1159404,20,,,1,867,,1159396,14,0,59 60,1,129,,1159402,20,0,59 60,1,63,,1159422,20,0,59 60,1,24,,1159428,20,0,59 60,1,64,,1159424,20,0,59 60,1,24,,1159379,20,0,59 60,1,21,,1159429,20,0,59 60,1,64,,1159430,20,0,59 60,1
6801,'12',457,,1064022,20,,,1,70,,1074899,20,,,1,32,,1159431,20,,,1,867,,1159487,14,0,59 60,1,129,,1159491,20,0,59 60,1,63,,1006881,20,0,59 60,1,24,,1159486,20,0,59 60,1,64,,945148,20,0,59 60,1,24,,1159476,20,0,59 60,1,21,,1159488,20,0,59 60,1,64,,1159462,20,0,59 60,1
6801,'14',457,,1159595,20,,,1,70,,1159530,20,,,1,32,,1159571,20,,,1,867,,1159563,14,0,59 60,1,129,,1159569,20,0,59 60,1,63,,1159589,20,0,59 60,1,24,,1159598,20,0,59 60,1,64,,1159591,20,0,59 60,1,24,,1159546,20,0,59 60,1,21,,1159599,20,0,59 60,1,64,,1159600,20,0,59 60,1
6801,'15',457,,1159645,20,,,1,70,,1159604,20,,,1,32,,1159668,20,,,1,867,,1159627,14,0,59 60,1,129,,1159656,20,0,59 60,1,63,,1159672,20,0,59 60,1,24,,1159638,20,0,59 60,1,64,,1159630,20,0,59 60,1,24,,1159654,20,0,59 60,1,21,,1159641,20,0,59 60,1,64,,1159671,20,0,59 60,1
6801,'16',457,,1159719,20,,,1,70,,1159687,20,,,1,32,,1075027,20,,,1,867,,1063176,14,0,59 60,1,129,,1052163,20,0,59 60,1,63,,1159696,20,0,59 60,1,24,,1159733,20,0,59 60,1,64,,1159737,20,0,59 60,1,24,,1159723,20,0,59 60,1,21,,1159734,20,0,59 60,1,64,,1159709,20,0,59 60,1
6801,'5',457,,1095174,20,,,1,70,,1159903,20,,,1,32,,1159938,20,,,1,867,,1159930,14,0,59 60,1,129,,1159936,20,0,59 60,1,63,,1159956,20,0,59 60,1,24,,1159962,20,0,59 60,1,64,,1159958,20,0,59 60,1,24,,1159913,20,0,59 60,1,21,,1159963,20,0,59 60,1,64,,1159964,20,0,59 60,1
6801,'6',457,,1160006,20,,,1,70,,1159974,20,,,1,32,,1159965,20,,,1,867,,1160022,14,0,59 60,1,129,,1160027,20,0,59 60,1,63,,1159983,20,0,59 60,1,24,,998987,20,0,59 60,1,64,,1160024,20,0,59 60,1,24,,1160011,20,0,59 60,1,21,,1068501,20,0,59 60,1,64,,1159996,20,0,59 60,1
6801,'8',457,,1160127,20,,,1,70,,1160095,20,,,1,32,,1160079,20,,,1,867,,1160144,14,0,59 60,1,129,,1160151,20,0,59 60,1,63,,1160104,20,0,59 60,1,24,,1160143,20,0,59 60,1,64,,1160148,20,0,59 60,1,24,,1160132,20,0,59 60,1,21,,1160145,20,0,59 60,1,64,,1160117,20,0,59 60,1
6801,'9',457,,1095050,20,,,1,70,,1160152,20,,,1,32,,1160187,20,,,1,867,,1160179,14,0,59 60,1,129,,1160185,20,0,59 60,1,63,,1160205,20,0,59 60,1,24,,1160211,20,0,59 60,1,64,,1160207,20,0,59 60,1,24,,1160162,20,0,59 60,1,21,,1160212,20,0,59 60,1,64,,1160213,20,0,59 60,1
8801,'1',852,,1053342,23,,,1
8801,'10',852,,1053400,23,,,1
8801,'11',852,,1053325,23,,,1
8801,'12',852,,1176182,23,,,1
8801,'14',852,,1176312,23,,,1
8801,'15',852,,1176377,23,,,1
8801,'16',852,,1176460,23,,,1
8801,'5',852,,1053247,23,,,1
8801,'6',852,,1176783,23,,,1
8801,'8',852,,1176918,23,,,1
8801,'9',852,,1053359,23,,,1
