4801,'1',434,,1145424,26,0,86 87,1,97,,993985,26,0,86 87,1,16,,1145426,42,0,86 87,1,83,,1145446,42,,,1,18,,1145419,42,,,1,56,,1102523,42,,,1,16,,961535,42,,,1,15,,993977,42,,,1,16,,1089533,42,,,1,56,,1145417,42,,,1,16,,1145420,42,,,1,16,,1145438,42,,,1,13,,990637,42,,,1,55,,998383,42,,,1,15,,1145443,42,,,1,28,,1145445,42,,,1,69,,1145440,42,,,1,30,,942152,42,,,1,70,,1145435,42,,,1,30,,1080478,42,,,1,70,,1145430,42,,,1,30,,1145418,42,,,1,70,,1024932,42,,,1,32,,1069587,42,,,1,70,,1145434,42,,,1,31,,1086025,42,,,1,71,,1145437,42,,,1,16,,1145431,42,,,1,15,,1145447,42,,,1,57,,1145416,42,,,1,13,,1145442,42,,,1,14,,1145448,42,,,1,15,,1145433,42,,,1,55,,1145429,42,,,1,15,,1145439,42,,,1,15,,1145441,42,,,1,13,,1145432,42,,,1,55,,1145425,42,,,1,14,,1145421,42,,,1,30,,1145427,42,,,1,70,,1145423,42,,,1,28,,1145436,42,,,1,70,,1145422,42,,,1,29,,976249,42,,,1,70,,1075528,42,,,1,30,,1022957,42,,,1,100,,1145444,42,0,86 87,1,97,,1145428,42,0,86 87,1
4801,'10',434,,1145457,26,0,86 87,1,97,,994167,26,0,86 87,1,16,,1145459,42,0,86 87,1,83,,1145479,42,,,1,18,,1145452,42,,,1,56,,1102508,42,,,1,16,,961350,42,,,1,15,,994159,42,,,1,16,,1089349,42,,,1,56,,1145450,42,,,1,16,,1145453,42,,,1,16,,1145471,42,,,1,13,,990501,42,,,1,55,,998475,42,,,1,15,,1145476,42,,,1,28,,1145478,42,,,1,69,,1145473,42,,,1,30,,941876,42,,,1,70,,1145468,42,,,1,30,,1080332,42,,,1,70,,1145463,42,,,1,30,,1145451,42,,,1,70,,1025044,42,,,1,32,,1069436,42,,,1,70,,1145467,42,,,1,31,,1085741,42,,,1,71,,1145470,42,,,1,16,,1145464,42,,,1,15,,1145480,42,,,1,57,,1145449,42,,,1,13,,1145475,42,,,1,14,,1145481,42,,,1,15,,1145466,42,,,1,55,,1145462,42,,,1,15,,1145472,42,,,1,15,,1145474,42,,,1,13,,1145465,42,,,1,55,,1145458,42,,,1,14,,1145454,42,,,1,30,,1145460,42,,,1,70,,1145456,42,,,1,28,,1145469,42,,,1,70,,1145455,42,,,1,29,,975922,42,,,1,70,,1075192,42,,,1,30,,1023071,42,,,1,100,,1145477,42,0,86 87,1,97,,1145461,42,0,86 87,1
4801,'11',434,,1145490,26,0,86 87,1,97,,993929,26,0,86 87,1,16,,1145492,42,0,86 87,1,83,,1145512,42,,,1,18,,1145485,42,,,1,56,,1102528,42,,,1,16,,961505,42,,,1,15,,993921,42,,,1,16,,1089584,42,,,1,56,,1145483,42,,,1,16,,1145486,42,,,1,16,,1145504,42,,,1,13,,990607,42,,,1,55,,998356,42,,,1,15,,1145509,42,,,1,28,,1145511,42,,,1,69,,1145506,42,,,1,30,,942104,42,,,1,70,,1145501,42,,,1,30,,1080522,42,,,1,70,,1145496,42,,,1,30,,1145484,42,,,1,70,,1024901,42,,,1,32,,1069633,42,,,1,70,,1145500,42,,,1,31,,1086107,42,,,1,71,,1145503,42,,,1,16,,1145497,42,,,1,15,,1145513,42,,,1,57,,1145482,42,,,1,13,,1145508,42,,,1,14,,1145514,42,,,1,15,,1145499,42,,,1,55,,1145495,42,,,1,15,,1145505,42,,,1,15,,1145507,42,,,1,13,,1145498,42,,,1,55,,1145491,42,,,1,14,,1145487,42,,,1,30,,1145493,42,,,1,70,,1145489,42,,,1,28,,1145502,42,,,1,70,,1145488,42,,,1,29,,976201,42,,,1,70,,1075620,42,,,1,30,,1022924,42,,,1,100,,1145510,42,0,86 87,1,97,,1145494,42,0,86 87,1
4801,'12',434,,1145522,26,0,86 87,1,97,,1145550,26,0,86 87,1,16,,1145531,42,0,86 87,1,83,,1145534,42,,,1,18,,1145519,42,,,1,56,,1145535,42,,,1,16,,1075871,42,,,1,15,,1145528,42,,,1,16,,1145539,42,,,1,56,,1145525,42,,,1,16,,1145537,42,,,1,16,,1145520,42,,,1,13,,1145529,42,,,1,55,,1145555,42,,,1,15,,1145526,42,,,1,28,,1145540,42,,,1,69,,1145532,42,,,1,30,,994271,42,,,1,70,,1062512,42,,,1,30,,1145549,42,,,1,70,,1076943,42,,,1,30,,1145543,42,,,1,70,,1145542,42,,,1,32,,1145553,42,,,1,70,,1145530,42,,,1,31,,1145544,42,,,1,71,,1145551,42,,,1,16,,1145538,42,,,1,15,,1145546,42,,,1,57,,1023311,42,,,1,13,,1145516,42,,,1,14,,1083523,42,,,1,15,,1145548,42,,,1,55,,1075435,42,,,1,15,,1145524,42,,,1,15,,1145515,42,,,1,13,,1145518,42,,,1,55,,1145536,42,,,1,14,,1145521,42,,,1,30,,1145554,42,,,1,70,,1145523,42,,,1,28,,1145552,42,,,1,70,,1145517,42,,,1,29,,1145533,42,,,1,70,,1145541,42,,,1,30,,1145527,42,,,1,100,,1145545,42,0,86 87,1,97,,1145547,42,0,86 87,1
4801,'13',744,,1145577,26,0,86 87,1,70,,1145570,42,,,1,100,,1145567,42,,,1,30,,1145575,42,,,1,70,,1145556,42,,,1,33,,1145566,42,,,1,70,,1145581,42,,,1,30,,1145578,42,,,1,70,,1145557,42,,,1,32,,1145574,42,,,1,70,,1145579,42,,,1,30,,1145580,42,,,1,70,,1145569,42,,,1,30,,1145558,42,,,1,70,,1145561,42,,,1,30,,1087911,42,,,1,70,,1145576,42,,,1,30,,1069513,42,,,1,70,,1039340,42,,,1,30,,1145571,42,,,1,70,,1145563,42,,,1,29,,1145562,42,,,1,70,,1065352,42,,,1,30,,1145564,42,0,86 87,1,70,,1145565,42,0,86 87,1,31,,1145560,42,0,86 87,1,68,,1145568,42,0,86 87,1,30,,1145572,42,0,86 87,1,98,,1145559,42,0,86 87,1,159,,1145573,42,0,86 87,1
4801,'14',434,,1145599,26,0,86 87,1,97,,1145600,26,0,86 87,1,16,,1145602,42,0,86 87,1,83,,1145625,42,,,1,18,,1145589,42,,,1,56,,1145622,42,,,1,16,,1145593,42,,,1,15,,1145594,42,,,1,16,,1145621,42,,,1,56,,1145583,42,,,1,16,,1145590,42,,,1,16,,1145615,42,,,1,13,,1145588,42,,,1,55,,1145604,42,,,1,15,,1145620,42,,,1,28,,1145624,42,,,1,69,,1145617,42,,,1,30,,1145586,42,,,1,70,,1145612,42,,,1,30,,1145596,42,,,1,70,,1145607,42,,,1,30,,1145584,42,,,1,70,,1145628,42,,,1,32,,1145595,42,,,1,70,,1145611,42,,,1,31,,1145592,42,,,1,71,,1145614,42,,,1,16,,1145608,42,,,1,15,,1145626,42,,,1,57,,1145582,42,,,1,13,,1145619,42,,,1,14,,1145629,42,,,1,15,,1145610,42,,,1,55,,1145606,42,,,1,15,,1145616,42,,,1,15,,1145618,42,,,1,13,,1145609,42,,,1,55,,1145601,42,,,1,14,,1145591,42,,,1,30,,1145603,42,,,1,70,,1145598,42,,,1,28,,1145613,42,,,1,70,,1145597,42,,,1,29,,1145587,42,,,1,70,,1145585,42,,,1,30,,1145627,42,,,1,100,,1145623,42,0,86 87,1,97,,1145605,42,0,86 87,1
4801,'15',434,,1145641,26,0,86 87,1,97,,1145654,26,0,86 87,1,16,,1145673,42,0,86 87,1,83,,1145635,42,,,1,18,,1145651,42,,,1,56,,1145674,42,,,1,16,,1145671,42,,,1,15,,1145659,42,,,1,16,,1145665,42,,,1,56,,1145630,42,,,1,16,,1145647,42,,,1,16,,1145660,42,,,1,13,,1145655,42,,,1,55,,1145642,42,,,1,15,,1145656,42,,,1,28,,1145640,42,,,1,69,,1145667,42,,,1,30,,1145668,42,,,1,70,,1145646,42,,,1,30,,1145637,42,,,1,70,,1145632,42,,,1,30,,1145652,42,,,1,70,,1145666,42,,,1,32,,1145639,42,,,1,70,,1145676,42,,,1,31,,1145675,42,,,1,71,,1145663,42,,,1,16,,1145670,42,,,1,15,,1145661,42,,,1,57,,1145650,42,,,1,13,,1145631,42,,,1,14,,1145649,42,,,1,15,,1145664,42,,,1,55,,1145672,42,,,1,15,,1145657,42,,,1,15,,1145662,42,,,1,13,,1145633,42,,,1,55,,1145645,42,,,1,14,,1145648,42,,,1,30,,1145636,42,,,1,70,,1145638,42,,,1,28,,1145658,42,,,1,70,,1145653,42,,,1,29,,1145644,42,,,1,70,,1145634,42,,,1,30,,1145669,42,,,1,100,,1145677,42,0,86 87,1,97,,1145643,42,0,86 87,1
4801,'16',434,,1095650,26,0,86 87,1,97,,1145715,26,0,86 87,1,16,,1145694,42,0,86 87,1,83,,1145697,42,,,1,18,,1145684,42,,,1,56,,1145698,42,,,1,16,,1145710,42,,,1,15,,1145691,42,,,1,16,,1145702,42,,,1,56,,1145688,42,,,1,16,,1145700,42,,,1,16,,1145685,42,,,1,13,,1145692,42,,,1,55,,1145721,42,,,1,15,,1145689,42,,,1,28,,1145703,42,,,1,69,,1145695,42,,,1,30,,1145716,42,,,1,70,,1145682,42,,,1,30,,1145714,42,,,1,70,,1145708,42,,,1,30,,1145706,42,,,1,70,,1145705,42,,,1,32,,1145719,42,,,1,70,,1145693,42,,,1,31,,1145707,42,,,1,71,,1145717,42,,,1,16,,1145701,42,,,1,15,,1145711,42,,,1,57,,1145679,42,,,1,13,,1069838,42,,,1,14,,1145680,42,,,1,15,,1145713,42,,,1,55,,1145681,42,,,1,15,,1145687,42,,,1,15,,1145678,42,,,1,13,,1145683,42,,,1,55,,1145699,42,,,1,14,,1070056,42,,,1,30,,1145720,42,,,1,70,,1145686,42,,,1,28,,1145718,42,,,1,70,,1087595,42,,,1,29,,1145696,42,,,1,70,,1145704,42,,,1,30,,1145690,42,,,1,100,,1145709,42,0,86 87,1,97,,1145712,42,0,86 87,1
4801,'17',744,,1145745,26,0,86 87,1,70,,1145737,42,,,1,100,,1145734,42,,,1,30,,1145742,42,,,1,70,,1145722,42,,,1,33,,1145733,42,,,1,70,,1145750,42,,,1,30,,1145747,42,,,1,70,,1145723,42,,,1,32,,1145741,42,,,1,70,,1145748,42,,,1,30,,1145749,42,,,1,70,,1145736,42,,,1,30,,1145724,42,,,1,70,,1145728,42,,,1,30,,1145725,42,,,1,70,,1145743,42,,,1,30,,1145746,42,,,1,70,,1145744,42,,,1,30,,1145738,42,,,1,70,,1145730,42,,,1,29,,1145729,42,,,1,70,,1145751,42,,,1,30,,1145731,42,0,86 87,1,70,,1145732,42,0,86 87,1,31,,1145727,42,0,86 87,1,68,,1145735,42,0,86 87,1,30,,1145739,42,0,86 87,1,98,,1145726,42,0,86 87,1,159,,1145740,42,0,86 87,1
4801,'2',532,,1073334,26,0,86 87,1,100,,1145771,26,0,86 87,1,70,,1145778,42,,,1,100,,1145753,42,,,1,30,,1145762,42,,,1,70,,1145758,42,,,1,30,,1145765,42,,,1,70,,1145779,42,,,1,33,,1145772,42,,,1,70,,1067825,42,,,1,30,,1062797,42,,,1,70,,1145773,42,,,1,32,,1145777,42,,,1,70,,1145761,42,,,1,30,,1035720,42,,,1,70,,1145770,42,,,1,30,,1145769,42,,,1,70,,1145760,42,,,1,30,,1145775,42,,,1,70,,1145763,42,,,1,30,,1145782,42,,,1,70,,1145783,42,,,1,30,,1145754,42,,,1,70,,1145764,42,,,1,29,,1145756,42,,,1,70,,1145757,42,,,1,30,,1145780,42,,,1,70,,1145774,42,,,1,29,,1145752,42,,,1,70,,1145776,42,,,1,30,,1145768,42,,,1,70,,1145766,42,,,1,28,,1145759,42,0,86 87,1,70,,1145755,42,0,86 87,1,100,,1145767,42,0,86 87,1,110,,1145781,42,0,86 87,1
4801,'3',744,,1145807,26,0,86 87,1,70,,1145799,42,,,1,100,,1145796,42,,,1,30,,1145804,42,,,1,70,,1145784,42,,,1,33,,1145795,42,,,1,70,,1145812,42,,,1,30,,1145809,42,,,1,70,,1145785,42,,,1,32,,1145803,42,,,1,70,,1145810,42,,,1,30,,1145811,42,,,1,70,,1145798,42,,,1,30,,1145786,42,,,1,70,,1145790,42,,,1,30,,1145787,42,,,1,70,,1145805,42,,,1,30,,1145808,42,,,1,70,,1145806,42,,,1,30,,1145800,42,,,1,70,,1145792,42,,,1,29,,1145791,42,,,1,70,,1145813,42,,,1,30,,1145793,42,0,86 87,1,70,,1145794,42,0,86 87,1,31,,1145789,42,0,86 87,1,68,,1145797,42,0,86 87,1,30,,1145801,42,0,86 87,1,98,,1145788,42,0,86 87,1,159,,1145802,42,0,86 87,1
4801,'4',744,,1145831,26,0,86 87,1,70,,1145841,42,,,1,100,,1145817,42,,,1,30,,1145819,42,,,1,70,,1145839,42,,,1,33,,1145816,42,,,1,70,,1145835,42,,,1,30,,1145834,42,,,1,70,,1145840,42,,,1,32,,1145815,42,,,1,70,,1145828,42,,,1,30,,1145820,42,,,1,70,,1145832,42,,,1,30,,1145826,42,,,1,70,,1145822,42,,,1,30,,1145818,42,,,1,70,,1145830,42,,,1,30,,1096067,42,,,1,70,,1145833,42,,,1,30,,1145814,42,,,1,70,,1145823,42,,,1,29,,1145825,42,,,1,70,,1145829,42,,,1,30,,1145838,42,0,86 87,1,70,,1145824,42,0,86 87,1,31,,965124,42,0,86 87,1,68,,1145837,42,0,86 87,1,30,,1145827,42,0,86 87,1,98,,1145836,42,0,86 87,1,159,,1145821,42,0,86 87,1
4801,'5',434,,1145850,26,0,86 87,1,97,,993701,26,0,86 87,1,16,,1145852,42,0,86 87,1,83,,1145872,42,,,1,18,,1145845,42,,,1,56,,1102518,42,,,1,16,,961620,42,,,1,15,,993693,42,,,1,16,,1089498,42,,,1,56,,1145843,42,,,1,16,,1145846,42,,,1,16,,1145864,42,,,1,13,,990727,42,,,1,55,,998207,42,,,1,15,,1145869,42,,,1,28,,1145871,42,,,1,69,,1145866,42,,,1,30,,942304,42,,,1,70,,1145861,42,,,1,30,,1080456,42,,,1,70,,1145856,42,,,1,30,,1145844,42,,,1,70,,1024722,42,,,1,32,,1069564,42,,,1,70,,1145860,42,,,1,31,,1085974,42,,,1,71,,1145863,42,,,1,16,,1145857,42,,,1,15,,1145873,42,,,1,57,,1145842,42,,,1,13,,1145868,42,,,1,14,,1145874,42,,,1,15,,1145859,42,,,1,55,,1145855,42,,,1,15,,1145865,42,,,1,15,,1145867,42,,,1,13,,1145858,42,,,1,55,,1145851,42,,,1,14,,1145847,42,,,1,30,,1145853,42,,,1,70,,1145849,42,,,1,28,,1145862,42,,,1,70,,1145848,42,,,1,29,,976404,42,,,1,70,,1075486,42,,,1,30,,1022755,42,,,1,100,,1145870,42,0,86 87,1,97,,1145854,42,0,86 87,1
4801,'6',434,,1145883,26,0,86 87,1,97,,1145909,26,0,86 87,1,16,,1145891,42,0,86 87,1,83,,1145893,42,,,1,18,,1067665,42,,,1,56,,1145894,42,,,1,16,,1145905,42,,,1,15,,1145888,42,,,1,16,,1145897,42,,,1,56,,1068943,42,,,1,16,,1145896,42,,,1,16,,1145881,42,,,1,13,,1145889,42,,,1,55,,1145912,42,,,1,15,,1145886,42,,,1,28,,1145898,42,,,1,69,,1145892,42,,,1,30,,1145910,42,,,1,70,,1145880,42,,,1,30,,1082709,42,,,1,70,,1145903,42,,,1,30,,1145901,42,,,1,70,,1145900,42,,,1,32,,1097585,42,,,1,70,,1145890,42,,,1,31,,1145902,42,,,1,71,,1145911,42,,,1,16,,1022782,42,,,1,15,,1145906,42,,,1,57,,1145875,42,,,1,13,,1145878,42,,,1,14,,1145876,42,,,1,15,,1145908,42,,,1,55,,1145877,42,,,1,15,,1145885,42,,,1,15,,1043182,42,,,1,13,,1063253,42,,,1,55,,1145895,42,,,1,14,,1145882,42,,,1,30,,1093570,42,,,1,70,,1145884,42,,,1,28,,1042728,42,,,1,70,,1145879,42,,,1,29,,1098433,42,,,1,70,,1145899,42,,,1,30,,1145887,42,,,1,100,,1145904,42,0,86 87,1,97,,1145907,42,0,86 87,1
4801,'7',532,,1145933,26,0,86 87,1,100,,1145916,26,0,86 87,1,70,,1145941,42,,,1,100,,1145946,42,,,1,30,,1145929,42,,,1,70,,1145917,42,,,1,30,,1145925,42,,,1,70,,1145913,42,,,1,33,,1145918,42,,,1,70,,1145915,42,,,1,30,,1145947,42,,,1,70,,1145928,42,,,1,32,,1145926,42,,,1,70,,1145935,42,,,1,30,,1145936,42,,,1,70,,1145921,42,,,1,30,,1145943,42,,,1,70,,1145914,42,,,1,30,,1145931,42,,,1,70,,1145938,42,,,1,30,,1145937,42,,,1,70,,1145932,42,,,1,30,,1145922,42,,,1,70,,1145940,42,,,1,29,,1145948,42,,,1,70,,1145944,42,,,1,30,,1145919,42,,,1,70,,1145930,42,,,1,29,,1145934,42,,,1,70,,1145924,42,,,1,30,,1145942,42,,,1,70,,1145927,42,,,1,28,,1145939,42,0,86 87,1,70,,1145945,42,0,86 87,1,100,,1145923,42,0,86 87,1,110,,1145920,42,0,86 87,1
4801,'8',434,,1145960,26,0,86 87,1,97,,1145990,26,0,86 87,1,16,,1145969,42,0,86 87,1,83,,1145972,42,,,1,18,,1145957,42,,,1,56,,1145973,42,,,1,16,,1145985,42,,,1,15,,1145966,42,,,1,16,,1145977,42,,,1,56,,1145963,42,,,1,16,,1145975,42,,,1,16,,1145958,42,,,1,13,,1145967,42,,,1,55,,1145996,42,,,1,15,,1145964,42,,,1,28,,1145978,42,,,1,69,,1145970,42,,,1,30,,1145991,42,,,1,70,,1145955,42,,,1,30,,1145989,42,,,1,70,,1145983,42,,,1,30,,1145981,42,,,1,70,,1145980,42,,,1,32,,1145994,42,,,1,70,,1145968,42,,,1,31,,1145982,42,,,1,71,,1145992,42,,,1,16,,1145976,42,,,1,15,,1145986,42,,,1,57,,1145950,42,,,1,13,,1145953,42,,,1,14,,1145951,42,,,1,15,,1145988,42,,,1,55,,1145952,42,,,1,15,,1145962,42,,,1,15,,1145949,42,,,1,13,,1145956,42,,,1,55,,1145974,42,,,1,14,,1145959,42,,,1,30,,1145995,42,,,1,70,,1145961,42,,,1,28,,1145993,42,,,1,70,,1145954,42,,,1,29,,1145971,42,,,1,70,,1145979,42,,,1,30,,1145965,42,,,1,100,,1145984,42,0,86 87,1,97,,1145987,42,0,86 87,1
4801,'9',434,,1146005,26,0,86 87,1,97,,994041,26,0,86 87,1,16,,1146007,42,0,86 87,1,83,,1146027,42,,,1,18,,1146000,42,,,1,56,,1102513,42,,,1,16,,961590,42,,,1,15,,994033,42,,,1,16,,1089413,42,,,1,56,,1145998,42,,,1,16,,1146001,42,,,1,16,,1146019,42,,,1,13,,990697,42,,,1,55,,998410,42,,,1,15,,1146024,42,,,1,28,,1146026,42,,,1,69,,1146021,42,,,1,30,,942256,42,,,1,70,,1146016,42,,,1,30,,1080383,42,,,1,70,,1146011,42,,,1,30,,1145999,42,,,1,70,,1024963,42,,,1,32,,1069484,42,,,1,70,,1146015,42,,,1,31,,1085828,42,,,1,71,,1146018,42,,,1,16,,1146012,42,,,1,15,,1146028,42,,,1,57,,1145997,42,,,1,13,,1146023,42,,,1,14,,1146029,42,,,1,15,,1146014,42,,,1,55,,1146010,42,,,1,15,,1146020,42,,,1,15,,1146022,42,,,1,13,,1146013,42,,,1,55,,1146006,42,,,1,14,,1146002,42,,,1,30,,1146008,42,,,1,70,,1146004,42,,,1,28,,1146017,42,,,1,70,,1146003,42,,,1,29,,976356,42,,,1,70,,1075290,42,,,1,30,,1022990,42,,,1,100,,1146025,42,0,86 87,1,97,,1146009,42,0,86 87,1
64601,'1',1541,,1199525,15,,,1
64601,'10',1541,,1199527,15,,,1
64601,'11',1541,,1199529,15,,,1
64601,'12',1541,,1199530,15,,,1
64601,'14',1541,,1199532,15,,,1
64601,'15',1541,,1199534,15,,,1
64601,'16',1541,,1199536,15,,,1
64601,'5',1541,,1199538,15,,,1
64601,'6',1541,,1199540,15,,,1
64601,'8',1541,,1199542,15,,,1
64601,'9',1541,,1199544,15,,,1
64701,'1',1542,,1199562,15,,,1,8,,1199563,15,,,1
64701,'10',1542,,1199566,15,,,1,8,,1199567,15,,,1
64701,'11',1542,,1199570,15,,,1,8,,1199571,15,,,1
64701,'12',1542,,1199574,15,,,1,8,,1199575,15,,,1
64701,'14',1542,,1199578,15,,,1,8,,1199579,15,,,1
64701,'15',1542,,1199582,15,,,1,8,,1199583,15,,,1
64701,'16',1542,,1199586,15,,,1,8,,1199587,15,,,1
64701,'5',1542,,1199590,15,,,1,8,,1199591,15,,,1
64701,'6',1542,,1199594,15,,,1,8,,929636,15,,,1
64701,'8',1542,,1199597,15,,,1,8,,1199598,15,,,1
64701,'9',1542,,1199601,15,,,1,8,,1199602,15,,,1
