3500,'1',539,,1131004,3,0,29,1,95,,1039385,3,0,29,1,70,,1130997,3,0,29,1,18,,1131023,3,0,23 30,1,12,,1131018,3,0,29,1,70,,1131000,3,0,29,1,31,,1131001,3,0,29,1,69,,1131010,3,0,137 26,1,32,,1131015,3,0,137 26,1,68,,1131013,3,0,137 26,1,31,,1130996,3,0,137 26,1,70,,1131008,3,0,137 26,1,30,,1131009,3,0,137 26,1,70,,1131012,3,0,137 26,1,30,,1054581,3,0,137 26,1,70,,1101416,3,0,137 26,1,29,,1131005,3,0,137 26,1,70,,1131022,3,0,137 26,1,31,,1077303,3,0,29,1,71,,1131002,3,0,29,1,32,,1131020,3,0,29,1,70,,849653,3,0,29,1,30,,1131006,3,0,29,1,70,,1130998,3,0,29,1,30,,1131021,3,0,29,1,70,,1069112,3,0,137 26,1,27,,1131014,3,0,137 26,1,70,,1131011,3,0,137 26,1,30,,1090865,3,0,137 26,1,70,,1131019,3,0,137 26,1,30,,1130999,3,0,137 26,1,70,,1131007,3,0,137 26,1,30,,1131017,3,0,137 26,1,101,,1070583,3,0,137 26,1
3500,'10',539,,1131032,3,0,29,1,95,,1039469,3,0,29,1,70,,1131025,3,0,29,1,18,,1131051,3,0,23 30,1,12,,1131046,3,0,29,1,70,,1131028,3,0,29,1,31,,1131029,3,0,29,1,69,,1131038,3,0,137 26,1,32,,1131043,3,0,137 26,1,68,,1131041,3,0,137 26,1,31,,1131024,3,0,137 26,1,70,,1131036,3,0,137 26,1,30,,1131037,3,0,137 26,1,70,,1131040,3,0,137 26,1,30,,1054633,3,0,137 26,1,70,,1101262,3,0,137 26,1,29,,1131033,3,0,137 26,1,70,,1131050,3,0,137 26,1,31,,1077165,3,0,29,1,71,,1131030,3,0,29,1,32,,1131048,3,0,29,1,70,,849688,3,0,29,1,30,,1131034,3,0,29,1,70,,1131026,3,0,29,1,30,,1131049,3,0,29,1,70,,1068967,3,0,137 26,1,27,,1131042,3,0,137 26,1,70,,1131039,3,0,137 26,1,30,,1090624,3,0,137 26,1,70,,1131047,3,0,137 26,1,30,,1131027,3,0,137 26,1,70,,1131035,3,0,137 26,1,30,,1131045,3,0,137 26,1,101,,1070397,3,0,137 26,1
3500,'11',539,,1131060,3,0,29,1,95,,1039361,3,0,29,1,70,,1131053,3,0,29,1,18,,1131079,3,0,23 30,1,12,,1131074,3,0,29,1,70,,1131056,3,0,29,1,31,,1131057,3,0,29,1,69,,1131066,3,0,137 26,1,32,,1131071,3,0,137 26,1,68,,1131069,3,0,137 26,1,31,,1131052,3,0,137 26,1,70,,1131064,3,0,137 26,1,30,,1131065,3,0,137 26,1,70,,1131068,3,0,137 26,1,30,,1054566,3,0,137 26,1,70,,1101457,3,0,137 26,1,29,,1131061,3,0,137 26,1,70,,1131078,3,0,137 26,1,31,,1077343,3,0,29,1,71,,1131058,3,0,29,1,32,,1131076,3,0,29,1,70,,849618,3,0,29,1,30,,1131062,3,0,29,1,70,,1131054,3,0,29,1,30,,1131077,3,0,29,1,70,,1069154,3,0,137 26,1,27,,1131070,3,0,137 26,1,70,,1131067,3,0,137 26,1,30,,1090936,3,0,137 26,1,70,,1131075,3,0,137 26,1,30,,1131055,3,0,137 26,1,70,,1131063,3,0,137 26,1,30,,1131073,3,0,137 26,1,101,,1070637,3,0,137 26,1
3500,'12',539,,1131102,3,0,29,1,95,,1131085,3,0,29,1,70,,1131111,3,0,29,1,18,,1131080,3,0,23 30,1,12,,1131094,3,0,29,1,70,,1131091,3,0,29,1,31,,1131092,3,0,29,1,69,,1131089,3,0,137 26,1,32,,1131110,3,0,137 26,1,68,,1131097,3,0,137 26,1,31,,1043775,3,0,137 26,1,70,,1131088,3,0,137 26,1,30,,1131090,3,0,137 26,1,70,,1131087,3,0,137 26,1,30,,1131105,3,0,137 26,1,70,,1131083,3,0,137 26,1,29,,1131113,3,0,137 26,1,70,,1131098,3,0,137 26,1,31,,1131103,3,0,29,1,71,,1131093,3,0,29,1,32,,1131099,3,0,29,1,70,,1131101,3,0,29,1,30,,1131096,3,0,29,1,70,,1009289,3,0,29,1,30,,1131084,3,0,29,1,70,,1131086,3,0,137 26,1,27,,1131100,3,0,137 26,1,70,,1131082,3,0,137 26,1,30,,1131109,3,0,137 26,1,70,,1131112,3,0,137 26,1,30,,1131106,3,0,137 26,1,70,,1131104,3,0,137 26,1,30,,1131095,3,0,137 26,1,101,,1131108,3,0,137 26,1
3500,'13',926,,1096669,3,0,29,1,30,,1131133,3,0,29,1,70,,1131119,3,0,29,1,30,,1131114,3,0,29,1,70,,1131125,3,0,29,1,30,,1131129,3,0,29,1,70,,1131120,3,0,29,1,30,,1131126,3,0,29,1,70,,1131134,3,0,29,1,30,,1131116,3,0,29,1,70,,1131130,3,0,29,1,30,,1131124,3,0,29,1,70,,1052837,3,0,29,1,30,,1131123,3,0,29,1,70,,1131128,3,0,29,1,30,,1096660,3,0,29,1,70,,1131118,3,0,29,1,30,,1131131,3,0,29,1,70,,1131127,3,0,29,1,100,,1131132,3,0,29,1,100,,1131122,3,0,29,1,100,,1131115,3,0,29,1,100,,1131121,3,0,29,1,100,,1131117,3,0,29,1
3500,'14',539,,1131145,3,0,29,1,95,,1131163,3,0,29,1,70,,1131137,3,0,29,1,18,,1131170,3,0,23 30,1,12,,1131160,3,0,29,1,70,,1131141,3,0,29,1,31,,1131142,3,0,29,1,69,,1131151,3,0,137 26,1,32,,1131157,3,0,137 26,1,68,,1131155,3,0,137 26,1,31,,1131136,3,0,137 26,1,70,,1131149,3,0,137 26,1,30,,1131150,3,0,137 26,1,70,,1131153,3,0,137 26,1,30,,1131162,3,0,137 26,1,70,,1131154,3,0,137 26,1,29,,1131146,3,0,137 26,1,70,,1131169,3,0,137 26,1,31,,1131165,3,0,29,1,71,,1131143,3,0,29,1,32,,1131166,3,0,29,1,70,,1131164,3,0,29,1,30,,1131147,3,0,29,1,70,,1131138,3,0,29,1,30,,1131168,3,0,29,1,70,,1131167,3,0,137 26,1,27,,1131156,3,0,137 26,1,70,,1131152,3,0,137 26,1,30,,1131139,3,0,137 26,1,70,,1131161,3,0,137 26,1,30,,1131140,3,0,137 26,1,70,,1131148,3,0,137 26,1,30,,1131159,3,0,137 26,1,101,,1131135,3,0,137 26,1
3500,'15',539,,1131188,3,0,29,1,95,,1131192,3,0,29,1,70,,1131195,3,0,29,1,18,,1131205,3,0,23 30,1,12,,1131175,3,0,29,1,70,,1131189,3,0,29,1,31,,1131206,3,0,29,1,69,,1131197,3,0,137 26,1,32,,1131173,3,0,137 26,1,68,,1131191,3,0,137 26,1,31,,1131181,3,0,137 26,1,70,,1131182,3,0,137 26,1,30,,1131183,3,0,137 26,1,70,,1131177,3,0,137 26,1,30,,1131186,3,0,137 26,1,70,,1131196,3,0,137 26,1,29,,1131179,3,0,137 26,1,70,,1131184,3,0,137 26,1,31,,1131200,3,0,29,1,71,,1131187,3,0,29,1,32,,1131174,3,0,29,1,70,,1131176,3,0,29,1,30,,1131180,3,0,29,1,70,,1131185,3,0,29,1,30,,1131204,3,0,29,1,70,,1131178,3,0,137 26,1,27,,1131171,3,0,137 26,1,70,,1131193,3,0,137 26,1,30,,1131194,3,0,137 26,1,70,,1131203,3,0,137 26,1,30,,1131190,3,0,137 26,1,70,,1131199,3,0,137 26,1,30,,1131201,3,0,137 26,1,101,,1131202,3,0,137 26,1
3500,'16',539,,1069613,3,0,29,1,95,,1131210,3,0,29,1,70,,1131236,3,0,29,1,18,,981259,3,0,23 30,1,12,,1131220,3,0,29,1,70,,1131217,3,0,29,1,31,,1131218,3,0,29,1,69,,1131215,3,0,137 26,1,32,,1131235,3,0,137 26,1,68,,1131223,3,0,137 26,1,31,,1131211,3,0,137 26,1,70,,1131214,3,0,137 26,1,30,,1131216,3,0,137 26,1,70,,1131213,3,0,137 26,1,30,,1131230,3,0,137 26,1,70,,1131209,3,0,137 26,1,29,,1131239,3,0,137 26,1,70,,1131224,3,0,137 26,1,31,,1131228,3,0,29,1,71,,1131219,3,0,29,1,32,,1131225,3,0,29,1,70,,1131227,3,0,29,1,30,,1131222,3,0,29,1,70,,1131238,3,0,29,1,30,,1023861,3,0,29,1,70,,1131212,3,0,137 26,1,27,,1131226,3,0,137 26,1,70,,1131208,3,0,137 26,1,30,,1131234,3,0,137 26,1,70,,1131237,3,0,137 26,1,30,,1131231,3,0,137 26,1,70,,1131229,3,0,137 26,1,30,,1131221,3,0,137 26,1,101,,1131233,3,0,137 26,1
3500,'17',926,,1131263,3,0,29,1,30,,1131261,3,0,29,1,70,,1131245,3,0,29,1,30,,1131240,3,0,29,1,70,,1131252,3,0,29,1,30,,1131257,3,0,29,1,70,,1131246,3,0,29,1,30,,1131253,3,0,29,1,70,,1131262,3,0,29,1,30,,1131242,3,0,29,1,70,,1131258,3,0,29,1,30,,1131251,3,0,29,1,70,,1131248,3,0,29,1,30,,1131250,3,0,29,1,70,,1131255,3,0,29,1,30,,1131256,3,0,29,1,70,,1131244,3,0,29,1,30,,1131259,3,0,29,1,70,,1131254,3,0,29,1,100,,1131260,3,0,29,1,100,,1131249,3,0,29,1,100,,1131241,3,0,29,1,100,,1131247,3,0,29,1,100,,1131243,3,0,29,1
3500,'2',827,,1131288,3,0,29,1,30,,1131280,3,0,29,1,70,,1131264,3,0,29,1,30,,1131271,3,0,29,1,70,,1131289,3,0,29,1,30,,1131279,3,0,29,1,70,,1131268,3,0,29,1,30,,1131287,3,0,29,1,70,,1131284,3,0,29,1,30,,1131276,3,0,29,1,70,,1094468,3,0,29,1,30,,1131277,3,0,29,1,70,,1131281,3,0,29,1,30,,1131267,3,0,29,1,70,,1131285,3,0,29,1,30,,1131286,3,0,29,1,70,,1030602,3,0,29,1,30,,1131273,3,0,29,1,70,,1131283,3,0,29,1,30,,1131274,3,0,29,1,70,,1101853,3,0,29,1,30,,1131269,3,0,29,1,70,,1131272,3,0,29,1,30,,1131278,3,0,29,1,70,,1131275,3,0,29,1,30,,1073728,3,0,29,1,70,,1131270,3,0,29,1,30,,1131266,3,0,29,1,100,,1131265,3,0,29,1,143,,1131282,3,0,29,1
3500,'3',926,,1131313,3,0,29,1,30,,1131311,3,0,29,1,70,,1131295,3,0,29,1,30,,1131290,3,0,29,1,70,,1131302,3,0,29,1,30,,1131307,3,0,29,1,70,,1131296,3,0,29,1,30,,1131303,3,0,29,1,70,,1131312,3,0,29,1,30,,1131292,3,0,29,1,70,,1131308,3,0,29,1,30,,1131301,3,0,29,1,70,,1131298,3,0,29,1,30,,1131300,3,0,29,1,70,,1131305,3,0,29,1,30,,1131306,3,0,29,1,70,,1131294,3,0,29,1,30,,1131309,3,0,29,1,70,,1131304,3,0,29,1,100,,1131310,3,0,29,1,100,,1131299,3,0,29,1,100,,1131291,3,0,29,1,100,,1131297,3,0,29,1,100,,1131293,3,0,29,1
3500,'4',926,,1099274,3,0,29,1,30,,1074226,3,0,29,1,70,,1131321,3,0,29,1,30,,1131314,3,0,29,1,70,,1017163,3,0,29,1,30,,1131331,3,0,29,1,70,,1131315,3,0,29,1,30,,1131318,3,0,29,1,70,,1131322,3,0,29,1,30,,1131316,3,0,29,1,70,,1131328,3,0,29,1,30,,1131317,3,0,29,1,70,,1131333,3,0,29,1,30,,1131326,3,0,29,1,70,,1131319,3,0,29,1,30,,1131320,3,0,29,1,70,,1131324,3,0,29,1,30,,1095849,3,0,29,1,70,,1131327,3,0,29,1,100,,1131323,3,0,29,1,100,,1131330,3,0,29,1,100,,1131332,3,0,29,1,100,,1131329,3,0,29,1,100,,1131325,3,0,29,1
3500,'5',539,,1131342,3,0,29,1,95,,1039236,3,0,29,1,70,,1131335,3,0,29,1,18,,1131361,3,0,23 30,1,12,,1131356,3,0,29,1,70,,1131338,3,0,29,1,31,,1131339,3,0,29,1,69,,1131348,3,0,137 26,1,32,,1131353,3,0,137 26,1,68,,1131351,3,0,137 26,1,31,,1131334,3,0,137 26,1,70,,1131346,3,0,137 26,1,30,,1131347,3,0,137 26,1,70,,1131350,3,0,137 26,1,30,,1054497,3,0,137 26,1,70,,1101395,3,0,137 26,1,29,,1131343,3,0,137 26,1,70,,1131360,3,0,137 26,1,31,,1077278,3,0,29,1,71,,1131340,3,0,29,1,32,,1131358,3,0,29,1,70,,849758,3,0,29,1,30,,1131344,3,0,29,1,70,,1131336,3,0,29,1,30,,1131359,3,0,29,1,70,,1069092,3,0,137 26,1,27,,1131352,3,0,137 26,1,70,,1131349,3,0,137 26,1,30,,1090831,3,0,137 26,1,70,,1131357,3,0,137 26,1,30,,1131337,3,0,137 26,1,70,,1131345,3,0,137 26,1,30,,1131355,3,0,137 26,1,101,,1070547,3,0,137 26,1
3500,'6',539,,1131379,3,0,29,1,95,,1131364,3,0,29,1,70,,1082038,3,0,29,1,18,,1131362,3,0,23 30,1,12,,1131371,3,0,29,1,70,,1131370,3,0,29,1,31,,1073490,3,0,29,1,69,,1131368,3,0,137 26,1,32,,1131387,3,0,137 26,1,68,,1131374,3,0,137 26,1,31,,1131365,3,0,137 26,1,70,,1003080,3,0,137 26,1,30,,1131369,3,0,137 26,1,70,,1131367,3,0,137 26,1,30,,1131382,3,0,137 26,1,70,,1042274,3,0,137 26,1,29,,1008898,3,0,137 26,1,70,,1131375,3,0,137 26,1,31,,1131380,3,0,29,1,71,,1003594,3,0,29,1,32,,1131376,3,0,29,1,70,,1131378,3,0,29,1,30,,1131373,3,0,29,1,70,,1131388,3,0,29,1,30,,1131363,3,0,29,1,70,,1131366,3,0,137 26,1,27,,1131377,3,0,137 26,1,70,,1078822,3,0,137 26,1,30,,1131386,3,0,137 26,1,70,,1003092,3,0,137 26,1,30,,1131383,3,0,137 26,1,70,,1131381,3,0,137 26,1,30,,1131372,3,0,137 26,1,101,,1131385,3,0,137 26,1
3500,'7',827,,1131400,3,0,29,1,30,,1131405,3,0,29,1,70,,1131397,3,0,29,1,30,,1131412,3,0,29,1,70,,1131392,3,0,29,1,30,,1131406,3,0,29,1,70,,1131401,3,0,29,1,30,,1131411,3,0,29,1,70,,1131403,3,0,29,1,30,,1131410,3,0,29,1,70,,1131395,3,0,29,1,30,,1131407,3,0,29,1,70,,1131417,3,0,29,1,30,,1131393,3,0,29,1,70,,1131409,3,0,29,1,30,,1131399,3,0,29,1,70,,1131413,3,0,29,1,30,,1131408,3,0,29,1,70,,1131418,3,0,29,1,30,,1131414,3,0,29,1,70,,1131404,3,0,29,1,30,,1131415,3,0,29,1,70,,1131396,3,0,29,1,30,,1131416,3,0,29,1,70,,1131394,3,0,29,1,30,,1131389,3,0,29,1,70,,1131398,3,0,29,1,30,,1131391,3,0,29,1,100,,1131402,3,0,29,1,143,,1131390,3,0,29,1
3500,'8',539,,1131442,3,0,29,1,95,,1131424,3,0,29,1,70,,1131451,3,0,29,1,18,,1131419,3,0,23 30,1,12,,1131434,3,0,29,1,70,,1131431,3,0,29,1,31,,1131432,3,0,29,1,69,,1131429,3,0,137 26,1,32,,1131450,3,0,137 26,1,68,,1131437,3,0,137 26,1,31,,1131425,3,0,137 26,1,70,,1131428,3,0,137 26,1,30,,1131430,3,0,137 26,1,70,,1131427,3,0,137 26,1,30,,1131445,3,0,137 26,1,70,,1131422,3,0,137 26,1,29,,1131454,3,0,137 26,1,70,,1131438,3,0,137 26,1,31,,1131443,3,0,29,1,71,,1131433,3,0,29,1,32,,1131439,3,0,29,1,70,,1131441,3,0,29,1,30,,1131436,3,0,29,1,70,,1131453,3,0,29,1,30,,1131423,3,0,29,1,70,,1131426,3,0,137 26,1,27,,1131440,3,0,137 26,1,70,,1131421,3,0,137 26,1,30,,1131449,3,0,137 26,1,70,,1131452,3,0,137 26,1,30,,1131446,3,0,137 26,1,70,,1131444,3,0,137 26,1,30,,1131435,3,0,137 26,1,101,,1131448,3,0,137 26,1
3500,'9',539,,1131463,3,0,29,1,95,,1039409,3,0,29,1,70,,1131456,3,0,29,1,18,,1131482,3,0,23 30,1,12,,1131477,3,0,29,1,70,,1131459,3,0,29,1,31,,1131460,3,0,29,1,69,,1131469,3,0,137 26,1,32,,1131474,3,0,137 26,1,68,,1131472,3,0,137 26,1,31,,1131455,3,0,137 26,1,70,,1131467,3,0,137 26,1,30,,1131468,3,0,137 26,1,70,,1131471,3,0,137 26,1,30,,1054596,3,0,137 26,1,70,,1101308,3,0,137 26,1,29,,1131464,3,0,137 26,1,70,,1131481,3,0,137 26,1,31,,1077207,3,0,29,1,71,,1131461,3,0,29,1,32,,1131479,3,0,29,1,70,,849723,3,0,29,1,30,,1131465,3,0,29,1,70,,1131457,3,0,29,1,30,,1131480,3,0,29,1,70,,1069008,3,0,137 26,1,27,,1131473,3,0,137 26,1,70,,1131470,3,0,137 26,1,30,,1090696,3,0,137 26,1,70,,1131478,3,0,137 26,1,30,,1131458,3,0,137 26,1,70,,1131466,3,0,137 26,1,30,,1131476,3,0,137 26,1,101,,1070456,3,0,137 26,1
23401,'1',1608,,1196814,36,,,1,30,,1196815,36,,,1,70,,1055878,36,,,1,29,,1196812,36,,,1,69,,1041995,36,,,1,28,,1196813,36,,,1,71,,1196811,36,,,1
23401,'10',1608,,1196819,36,,,1,30,,1196820,36,,,1,70,,1055971,36,,,1,29,,1196817,36,,,1,69,,1042107,36,,,1,28,,1196818,36,,,1,71,,1196816,36,,,1
23401,'11',1608,,1196824,36,,,1,30,,1196825,36,,,1,70,,1055849,36,,,1,29,,1196822,36,,,1,69,,1041964,36,,,1,28,,1196823,36,,,1,71,,1196821,36,,,1
23401,'12',1608,,1196828,36,,,1,30,,1196830,36,,,1,70,,1196829,36,,,1,29,,1196827,36,,,1,69,,1196832,36,,,1,28,,1196831,36,,,1,71,,1196826,36,,,1
23401,'14',1608,,1196838,36,,,1,30,,1196839,36,,,1,70,,1196834,36,,,1,29,,1196836,36,,,1,69,,1196833,36,,,1,28,,1196837,36,,,1,71,,1196835,36,,,1
23401,'15',1608,,1196846,36,,,1,30,,1196841,36,,,1,70,,1196840,36,,,1,29,,1196844,36,,,1,69,,1196843,36,,,1,28,,1196845,36,,,1,71,,1196842,36,,,1
23401,'16',1608,,1196848,36,,,1,30,,1196850,36,,,1,70,,1196849,36,,,1,29,,1072366,36,,,1,69,,1196852,36,,,1,28,,1196851,36,,,1,71,,1196847,36,,,1
23401,'5',1608,,1196856,36,,,1,30,,1196857,36,,,1,70,,1055707,36,,,1,29,,1196854,36,,,1,69,,1041795,36,,,1,28,,1196855,36,,,1,71,,1196853,36,,,1
23401,'6',1608,,1196859,36,,,1,30,,1196861,36,,,1,70,,1196860,36,,,1,29,,1196858,36,,,1,69,,1196863,36,,,1,28,,1196862,36,,,1,71,,1093011,36,,,1
23401,'8',1608,,1196866,36,,,1,30,,1196868,36,,,1,70,,1196867,36,,,1,29,,1196865,36,,,1,69,,1196870,36,,,1,28,,1196869,36,,,1,71,,1196864,36,,,1
23401,'9',1608,,1196874,36,,,1,30,,1196875,36,,,1,70,,1055907,36,,,1,29,,1196872,36,,,1,69,,1042026,36,,,1,28,,1196873,36,,,1,71,,1196871,36,,,1
