3600,'1',521,,1132001,32,,,1,100,,1131995,32,,,1,31,,1131996,32,,,1,74,,1132004,32,,,1,29,,1132018,32,,,1,70,,1089227,32,,,1,28,,1131994,32,,,1,67,,1132013,32,,,1,30,,1132003,32,,,1,70,,1065138,32,,,1,30,,1039939,32,,,1,70,,1132014,32,,,1,30,,990971,32,,,1,70,,1131993,32,,,1,30,,1086853,32,,,1,70,,1132017,32,,,1,30,,1132007,32,,,1,70,,1132002,32,,,1,34,,1132015,32,,,1,70,,1132011,32,,,1,30,,1132016,32,,,1,72,,1131997,32,,,1,31,,1131992,32,,,1,70,,972778,32,,,1,28,,985108,32,,,1,68,,1132010,32,,,1,30,,1132008,32,,,1,70,,1084458,32,,,1,27,,1131998,32,,,1,70,,1132000,32,,,1,30,,1132006,32,,,1,69,,1132009,32,,,1,30,,1132012,32,,,1,67,,1132005,32,,,1,97,,1131999,32,,,1
3600,'10',521,,1132028,32,,,1,100,,1132022,32,,,1,31,,1132023,32,,,1,74,,1132031,32,,,1,29,,1132045,32,,,1,70,,1089032,32,,,1,28,,1132021,32,,,1,67,,1132040,32,,,1,30,,1132030,32,,,1,70,,1064988,32,,,1,30,,1039953,32,,,1,70,,1132041,32,,,1,30,,990959,32,,,1,70,,1132020,32,,,1,30,,1086793,32,,,1,70,,1132044,32,,,1,30,,1132034,32,,,1,70,,1132029,32,,,1,34,,1132042,32,,,1,70,,1132038,32,,,1,30,,1132043,32,,,1,72,,1132024,32,,,1,31,,1132019,32,,,1,70,,972285,32,,,1,28,,984835,32,,,1,68,,1132037,32,,,1,30,,1132035,32,,,1,70,,1084274,32,,,1,27,,1132025,32,,,1,70,,1132027,32,,,1,30,,1132033,32,,,1,69,,1132036,32,,,1,30,,1132039,32,,,1,67,,1132032,32,,,1,97,,1132026,32,,,1
3600,'11',521,,1132055,32,,,1,100,,1132049,32,,,1,31,,1132050,32,,,1,74,,1132058,32,,,1,29,,1132072,32,,,1,70,,1089282,32,,,1,28,,1132048,32,,,1,67,,1132067,32,,,1,30,,1132057,32,,,1,70,,1065177,32,,,1,30,,1039935,32,,,1,70,,1132068,32,,,1,30,,990968,32,,,1,70,,1132047,32,,,1,30,,1086873,32,,,1,70,,1132071,32,,,1,30,,1132061,32,,,1,70,,1132056,32,,,1,34,,1132069,32,,,1,70,,1132065,32,,,1,30,,1132070,32,,,1,72,,1132051,32,,,1,31,,1132046,32,,,1,70,,972710,32,,,1,28,,985052,32,,,1,68,,1132064,32,,,1,30,,1132062,32,,,1,70,,1084514,32,,,1,27,,1132052,32,,,1,70,,1132054,32,,,1,30,,1132060,32,,,1,69,,1132063,32,,,1,30,,1132066,32,,,1,67,,1132059,32,,,1,97,,1132053,32,,,1
3600,'12',521,,1064008,32,,,1,100,,1132102,32,,,1,31,,1132089,32,,,1,74,,1132098,32,,,1,29,,1132093,32,,,1,70,,1132087,32,,,1,28,,1132075,32,,,1,67,,1132076,32,,,1,30,,1132080,32,,,1,70,,1132097,32,,,1,30,,1132095,32,,,1,70,,1132085,32,,,1,30,,1132103,32,,,1,70,,1132090,32,,,1,30,,1132082,32,,,1,70,,1132096,32,,,1,30,,1132101,32,,,1,70,,1132073,32,,,1,34,,1096723,32,,,1,70,,1132099,32,,,1,30,,1132078,32,,,1,72,,1132100,32,,,1,31,,1132084,32,,,1,70,,1132092,32,,,1,28,,1089743,32,,,1,68,,1132077,32,,,1,30,,1132081,32,,,1,70,,1132086,32,,,1,27,,1032360,32,,,1,70,,1132091,32,,,1,30,,1132088,32,,,1,69,,1132074,32,,,1,30,,1132079,32,,,1,67,,1132094,32,,,1,97,,1132083,32,,,1
3600,'13',749,,1132106,32,,,1,103,,1132115,32,,,1,100,,1132113,32,,,1,70,,1087892,32,,,1,30,,1132121,32,,,1,70,,1132118,32,,,1,30,,1132105,32,,,1,70,,1132120,32,,,1,30,,1132108,32,,,1,70,,1132114,32,,,1,30,,1132122,32,,,1,70,,1132110,32,,,1,30,,1132123,32,,,1,70,,1132119,32,,,1,30,,1132116,32,,,1,70,,1132124,32,,,1,30,,1132125,32,,,1,70,,1098981,32,,,1,30,,1132112,32,,,1,70,,1132126,32,,,1,30,,1132117,32,,,1,70,,1132111,32,,,1,100,,1132109,32,,,1,100,,1132104,32,,,1,97,,1132107,32,,,1,100,,1132127,32,,,1
3600,'14',521,,1132141,32,,,1,100,,1132134,32,,,1,31,,1132135,32,,,1,74,,1132144,32,,,1,29,,1132161,32,,,1,70,,1132162,32,,,1,28,,1132132,32,,,1,67,,1132154,32,,,1,30,,1132143,32,,,1,70,,1132130,32,,,1,30,,1132128,32,,,1,70,,1132155,32,,,1,30,,1132133,32,,,1,70,,1132131,32,,,1,30,,1132147,32,,,1,70,,1132159,32,,,1,30,,1132148,32,,,1,70,,1132142,32,,,1,34,,1132156,32,,,1,70,,1132152,32,,,1,30,,1132158,32,,,1,72,,1132137,32,,,1,31,,1132129,32,,,1,70,,1132157,32,,,1,28,,1132136,32,,,1,68,,1132151,32,,,1,30,,1132149,32,,,1,70,,1132160,32,,,1,27,,1132138,32,,,1,70,,1132140,32,,,1,30,,1132146,32,,,1,69,,1132150,32,,,1,30,,1132153,32,,,1,67,,1132145,32,,,1,97,,1132139,32,,,1
3600,'15',521,,1132185,32,,,1,100,,1132167,32,,,1,31,,1132194,32,,,1,74,,1132191,32,,,1,29,,1132190,32,,,1,70,,1132174,32,,,1,28,,1132169,32,,,1,67,,1132188,32,,,1,30,,1132193,32,,,1,70,,1132182,32,,,1,30,,1132172,32,,,1,70,,1132163,32,,,1,30,,1132179,32,,,1,70,,1132189,32,,,1,30,,1132184,32,,,1,70,,1132175,32,,,1,30,,1132176,32,,,1,70,,1132180,32,,,1,34,,1132166,32,,,1,70,,1132196,32,,,1,30,,1132181,32,,,1,72,,1132165,32,,,1,31,,1132177,32,,,1,70,,1132186,32,,,1,28,,1132195,32,,,1,68,,1132164,32,,,1,30,,1132178,32,,,1,70,,1132168,32,,,1,27,,1132192,32,,,1,70,,1132171,32,,,1,30,,1132187,32,,,1,69,,1132173,32,,,1,30,,1132197,32,,,1,67,,1132170,32,,,1,97,,1132183,32,,,1
3600,'16',521,,1132208,32,,,1,100,,1132228,32,,,1,31,,1132215,32,,,1,74,,1132224,32,,,1,29,,1132219,32,,,1,70,,1132213,32,,,1,28,,1132201,32,,,1,67,,1132202,32,,,1,30,,1132206,32,,,1,70,,1132223,32,,,1,30,,1132221,32,,,1,70,,1132211,32,,,1,30,,1132229,32,,,1,70,,1132216,32,,,1,30,,1132209,32,,,1,70,,1132222,32,,,1,30,,1132227,32,,,1,70,,1132198,32,,,1,34,,1132230,32,,,1,70,,1132225,32,,,1,30,,1132204,32,,,1,72,,1132226,32,,,1,31,,1011804,32,,,1,70,,1132218,32,,,1,28,,1132231,32,,,1,68,,1132203,32,,,1,30,,1132207,32,,,1,70,,1132212,32,,,1,27,,1132200,32,,,1,70,,1132217,32,,,1,30,,1132214,32,,,1,69,,1132199,32,,,1,30,,1132205,32,,,1,67,,1132220,32,,,1,97,,1132210,32,,,1
3600,'17',749,,1132235,32,,,1,103,,1132244,32,,,1,100,,1132242,32,,,1,70,,1132232,32,,,1,30,,1132250,32,,,1,70,,1132247,32,,,1,30,,1132234,32,,,1,70,,1132249,32,,,1,30,,1132237,32,,,1,70,,1132243,32,,,1,30,,1132252,32,,,1,70,,1132239,32,,,1,30,,1132253,32,,,1,70,,1132248,32,,,1,30,,1132245,32,,,1,70,,1132254,32,,,1,30,,1132255,32,,,1,70,,1132251,32,,,1,30,,1132241,32,,,1,70,,1132256,32,,,1,30,,1132246,32,,,1,70,,1132240,32,,,1,100,,1132238,32,,,1,100,,1132233,32,,,1,97,,1132236,32,,,1,100,,1132257,32,,,1
3600,'2',744,,1132258,32,,,1,103,,1132275,32,,,1,70,,1132283,32,,,1,30,,1132277,32,,,1,70,,1132262,32,,,1,30,,1132278,32,,,1,70,,1132260,32,,,1,30,,1132281,32,,,1,70,,1132259,32,,,1,30,,1132280,32,,,1,70,,1132276,32,,,1,30,,1132265,32,,,1,70,,1132271,32,,,1,30,,1132261,32,,,1,70,,1132284,32,,,1,30,,1132273,32,,,1,70,,1132264,32,,,1,30,,1132285,32,,,1,70,,1132270,32,,,1,30,,1132266,32,,,1,70,,1132272,32,,,1,30,,1132286,32,,,1,70,,1132279,32,,,1,30,,1132267,32,,,1,70,,1132274,32,,,1,30,,1076458,32,,,1,70,,1132268,32,,,1,30,,1132282,32,,,1,97,,1132269,32,,,1,100,,1132263,32,,,1
3600,'3',749,,1132290,32,,,1,103,,1132299,32,,,1,100,,1132297,32,,,1,70,,1132287,32,,,1,30,,1132305,32,,,1,70,,1132302,32,,,1,30,,1132289,32,,,1,70,,1132304,32,,,1,30,,1132292,32,,,1,70,,1132298,32,,,1,30,,1132307,32,,,1,70,,1132294,32,,,1,30,,1132308,32,,,1,70,,1132303,32,,,1,30,,1132300,32,,,1,70,,1132309,32,,,1,30,,1132310,32,,,1,70,,1132306,32,,,1,30,,1132296,32,,,1,70,,1132311,32,,,1,30,,1132301,32,,,1,70,,1132295,32,,,1,100,,1132293,32,,,1,100,,1132288,32,,,1,97,,1132291,32,,,1,100,,1132312,32,,,1
3600,'4',749,,1132315,32,,,1,103,,1132335,32,,,1,100,,1132334,32,,,1,70,,1132330,32,,,1,30,,1132325,32,,,1,70,,1132318,32,,,1,30,,1132313,32,,,1,70,,1132332,32,,,1,30,,1132317,32,,,1,70,,1132324,32,,,1,30,,1132329,32,,,1,70,,1074867,32,,,1,30,,1010081,32,,,1,70,,1132316,32,,,1,30,,1132314,32,,,1,70,,1132333,32,,,1,30,,1132321,32,,,1,70,,1132322,32,,,1,30,,1132327,32,,,1,70,,1132326,32,,,1,30,,1036760,32,,,1,70,,1132323,32,,,1,100,,1132328,32,,,1,100,,1132319,32,,,1,97,,1132331,32,,,1,100,,1132320,32,,,1
3600,'5',521,,1132345,32,,,1,100,,1132339,32,,,1,31,,1132340,32,,,1,74,,1132348,32,,,1,29,,1132362,32,,,1,70,,1089189,32,,,1,28,,1132338,32,,,1,67,,1132357,32,,,1,30,,1132347,32,,,1,70,,1065116,32,,,1,30,,1039921,32,,,1,70,,1132358,32,,,1,30,,990983,32,,,1,70,,1132337,32,,,1,30,,1086833,32,,,1,70,,1132361,32,,,1,30,,1132351,32,,,1,70,,1132346,32,,,1,34,,1132359,32,,,1,70,,1132355,32,,,1,30,,1132360,32,,,1,72,,1132341,32,,,1,31,,1132336,32,,,1,70,,973000,32,,,1,28,,985278,32,,,1,68,,1132354,32,,,1,30,,1132352,32,,,1,70,,1084425,32,,,1,27,,1132342,32,,,1,70,,1132344,32,,,1,30,,1132350,32,,,1,69,,1132353,32,,,1,30,,1132356,32,,,1,67,,1132349,32,,,1,97,,1132343,32,,,1
3600,'6',521,,1132367,32,,,1,100,,1132387,32,,,1,31,,1132374,32,,,1,74,,1132383,32,,,1,29,,1132378,32,,,1,70,,1132372,32,,,1,28,,1037501,32,,,1,67,,1071997,32,,,1,30,,1098598,32,,,1,70,,1132382,32,,,1,30,,1132380,32,,,1,70,,1132370,32,,,1,30,,1132388,32,,,1,70,,1132375,32,,,1,30,,986215,32,,,1,70,,1132381,32,,,1,30,,1132386,32,,,1,70,,1054503,32,,,1,34,,1132389,32,,,1,70,,1132384,32,,,1,30,,1091700,32,,,1,72,,1132385,32,,,1,31,,1132369,32,,,1,70,,1132377,32,,,1,28,,1132390,32,,,1,68,,1132364,32,,,1,30,,1132366,32,,,1,70,,1132371,32,,,1,27,,1132363,32,,,1,70,,1132376,32,,,1,30,,1132373,32,,,1,69,,1060278,32,,,1,30,,1132365,32,,,1,67,,1132379,32,,,1,97,,1132368,32,,,1
3600,'7',744,,1132419,32,,,1,103,,1132417,32,,,1,70,,1132393,32,,,1,30,,1132397,32,,,1,70,,1132392,32,,,1,30,,1132403,32,,,1,70,,1132402,32,,,1,30,,1132412,32,,,1,70,,1132410,32,,,1,30,,1132416,32,,,1,70,,1132396,32,,,1,30,,1132407,32,,,1,70,,1132395,32,,,1,30,,1132391,32,,,1,70,,1132405,32,,,1,30,,1132398,32,,,1,70,,1132401,32,,,1,30,,1132406,32,,,1,70,,1132399,32,,,1,30,,1132418,32,,,1,70,,1132413,32,,,1,30,,1132409,32,,,1,70,,1132408,32,,,1,30,,1132415,32,,,1,70,,1132420,32,,,1,30,,1132400,32,,,1,70,,1132394,32,,,1,30,,1132404,32,,,1,97,,1132414,32,,,1,100,,1132411,32,,,1
3600,'8',521,,1132431,32,,,1,100,,1132452,32,,,1,31,,1132439,32,,,1,74,,1132448,32,,,1,29,,1132443,32,,,1,70,,1132437,32,,,1,28,,1132424,32,,,1,67,,1132425,32,,,1,30,,1132429,32,,,1,70,,1132447,32,,,1,30,,1132445,32,,,1,70,,1132435,32,,,1,30,,1132453,32,,,1,70,,1132440,32,,,1,30,,1132432,32,,,1,70,,1132446,32,,,1,30,,1132451,32,,,1,70,,1132421,32,,,1,34,,1132454,32,,,1,70,,1132449,32,,,1,30,,1132427,32,,,1,72,,1132450,32,,,1,31,,1132434,32,,,1,70,,1132442,32,,,1,28,,1132455,32,,,1,68,,1132426,32,,,1,30,,1132430,32,,,1,70,,1132436,32,,,1,27,,1132423,32,,,1,70,,1132441,32,,,1,30,,1132438,32,,,1,69,,1132422,32,,,1,30,,1132428,32,,,1,67,,1132444,32,,,1,97,,1132433,32,,,1
3600,'9',521,,1132465,32,,,1,100,,1132459,32,,,1,31,,1132460,32,,,1,74,,1132468,32,,,1,29,,1132482,32,,,1,70,,1089095,32,,,1,28,,1132458,32,,,1,67,,1132477,32,,,1,30,,1132467,32,,,1,70,,1065037,32,,,1,30,,1039943,32,,,1,70,,1132478,32,,,1,30,,990980,32,,,1,70,,1132457,32,,,1,30,,1086813,32,,,1,70,,1132481,32,,,1,30,,1132471,32,,,1,70,,1132466,32,,,1,34,,1132479,32,,,1,70,,1132475,32,,,1,30,,1132480,32,,,1,72,,1132461,32,,,1,31,,1132456,32,,,1,70,,972932,32,,,1,28,,985222,32,,,1,68,,1132474,32,,,1,30,,1132472,32,,,1,70,,1084335,32,,,1,27,,1132462,32,,,1,70,,1132464,32,,,1,30,,1132470,32,,,1,69,,1132473,32,,,1,30,,1132476,32,,,1,67,,1132469,32,,,1,97,,1132463,32,,,1
30200,'12',940,,1011075,59,,,1
30200,'5',940,,1198184,59,,,1
