9200,'1',734,,1178667,14,,,1,171,,1061728,14,0,41,1,107,,1178670,14,0,41,1,100,,1178664,14,0,41,1,100,,1178666,14,0,41,1,100,,1178671,14,0,41,1,101,,1178665,14,0,41,1,101,,1178662,14,0,41,1,23,,1178669,48,0,41,1,72,,1178674,48,0,41,1,30,,1178661,48,0,41,1,70,,1178673,48,0,41,1,28,,1178676,48,0,41,1,70,,1178660,48,0,41,1,30,,1178672,14,0,41,1,76,,1083904,14,0,41,1,95,,1178668,14,0,41,1,99,,1178663,14,0,41,1,99,,991894,14,0,41,1,100,,1178675,14,0,41,1
9200,'10',734,,1178684,14,,,1,171,,1061503,14,0,41,1,107,,1178687,14,0,41,1,100,,1178681,14,0,41,1,100,,1178683,14,0,41,1,100,,1178688,14,0,41,1,101,,1178682,14,0,41,1,101,,1178679,14,0,41,1,23,,1178686,48,0,41,1,72,,1178691,48,0,41,1,30,,1178678,48,0,41,1,70,,1178690,48,0,41,1,28,,1178693,48,0,41,1,70,,1178677,48,0,41,1,30,,1178689,14,0,41,1,76,,1083752,14,0,41,1,95,,1178685,14,0,41,1,99,,1178680,14,0,41,1,99,,991882,14,0,41,1,100,,1178692,14,0,41,1
9200,'11',734,,1178701,14,,,1,171,,1061795,14,0,41,1,107,,1178704,14,0,41,1,100,,1178698,14,0,41,1,100,,1178700,14,0,41,1,100,,1178705,14,0,41,1,101,,1178699,14,0,41,1,101,,1178696,14,0,41,1,23,,1178703,48,0,41,1,72,,1178708,48,0,41,1,30,,1178695,48,0,41,1,70,,1178707,48,0,41,1,28,,1178710,48,0,41,1,70,,1178694,48,0,41,1,30,,1178706,14,0,41,1,76,,1083947,14,0,41,1,95,,1178702,14,0,41,1,99,,1178697,14,0,41,1,99,,991889,14,0,41,1,100,,1178709,14,0,41,1
9200,'12',734,,1178719,14,,,1,171,,1178726,14,0,41,1,107,,1178727,14,0,41,1,100,,1178724,14,0,41,1,100,,1178712,14,0,41,1,100,,1178723,14,0,41,1,101,,926042,14,0,41,1,101,,1178716,14,0,41,1,23,,1178717,48,0,41,1,72,,1178713,48,0,41,1,30,,1178718,48,0,41,1,70,,1178714,48,0,41,1,28,,1178711,48,0,41,1,70,,1178722,48,0,41,1,30,,1072812,14,0,41,1,76,,1178728,14,0,41,1,95,,1178721,14,0,41,1,99,,1074918,14,0,41,1,99,,1178725,14,0,41,1,100,,1178720,14,0,41,1
9200,'14',734,,1178739,14,,,1,171,,1178730,14,0,41,1,107,,1178742,14,0,41,1,100,,1178736,14,0,41,1,100,,1178738,14,0,41,1,100,,1178743,14,0,41,1,101,,1178737,14,0,41,1,101,,1178734,14,0,41,1,23,,1178741,48,0,41,1,72,,1178746,48,0,41,1,30,,1178732,48,0,41,1,70,,1178745,48,0,41,1,28,,1178749,48,0,41,1,70,,1178729,48,0,41,1,30,,1178744,14,0,41,1,76,,1178747,14,0,41,1,95,,1178740,14,0,41,1,99,,1178735,14,0,41,1,99,,1178733,14,0,41,1,100,,1178748,14,0,41,1
9200,'15',734,,1178753,14,,,1,171,,1178761,14,0,41,1,107,,1178766,14,0,41,1,100,,1178756,14,0,41,1,100,,1178759,14,0,41,1,100,,1178763,14,0,41,1,101,,1178768,14,0,41,1,101,,1178757,14,0,41,1,23,,1178754,48,0,41,1,72,,1178767,48,0,41,1,30,,1178769,48,0,41,1,70,,1178750,48,0,41,1,28,,1178751,48,0,41,1,70,,1178765,48,0,41,1,30,,1178755,14,0,41,1,76,,1178764,14,0,41,1,95,,1178762,14,0,41,1,99,,1178758,14,0,41,1,99,,1178770,14,0,41,1,100,,1178760,14,0,41,1
9200,'16',734,,1178779,14,,,1,171,,1064166,14,0,41,1,107,,1070629,14,0,41,1,100,,1178784,14,0,41,1,100,,1178772,14,0,41,1,100,,1178783,14,0,41,1,101,,1178789,14,0,41,1,101,,1178776,14,0,41,1,23,,1178777,48,0,41,1,72,,1178773,48,0,41,1,30,,1178778,48,0,41,1,70,,1178774,48,0,41,1,28,,1178771,48,0,41,1,70,,1178782,48,0,41,1,30,,1178786,14,0,41,1,76,,1178787,14,0,41,1,95,,1178781,14,0,41,1,99,,1178788,14,0,41,1,99,,1178785,14,0,41,1,100,,1178780,14,0,41,1
9200,'5',734,,1178797,14,,,1,171,,1061686,14,0,41,1,107,,1178800,14,0,41,1,100,,1178794,14,0,41,1,100,,1178796,14,0,41,1,100,,1178801,14,0,41,1,101,,1178795,14,0,41,1,101,,1178792,14,0,41,1,23,,1178799,48,0,41,1,72,,1178804,48,0,41,1,30,,1178791,48,0,41,1,70,,1178803,48,0,41,1,28,,1178806,48,0,41,1,70,,1178790,48,0,41,1,30,,1178802,14,0,41,1,76,,1083882,14,0,41,1,95,,1178798,14,0,41,1,99,,1178793,14,0,41,1,99,,991906,14,0,41,1,100,,1178805,14,0,41,1
9200,'6',734,,1178814,14,,,1,171,,1178822,14,0,41,1,107,,1178823,14,0,41,1,100,,1178819,14,0,41,1,100,,1178807,14,0,41,1,100,,1178818,14,0,41,1,101,,1178825,14,0,41,1,101,,1178811,14,0,41,1,23,,1178812,48,0,41,1,72,,1178808,48,0,41,1,30,,1178813,48,0,41,1,70,,1178809,48,0,41,1,28,,1031023,48,0,41,1,70,,1178817,48,0,41,1,30,,1178821,14,0,41,1,76,,1029734,14,0,41,1,95,,1178816,14,0,41,1,99,,1178824,14,0,41,1,99,,1178820,14,0,41,1,100,,1178815,14,0,41,1
9200,'8',734,,1178834,14,,,1,171,,1178842,14,0,41,1,107,,1178843,14,0,41,1,100,,1178839,14,0,41,1,100,,1178827,14,0,41,1,100,,1178838,14,0,41,1,101,,1178846,14,0,41,1,101,,1178831,14,0,41,1,23,,1178832,48,0,41,1,72,,1178828,48,0,41,1,30,,1178833,48,0,41,1,70,,1178829,48,0,41,1,28,,1178826,48,0,41,1,70,,1178837,48,0,41,1,30,,1178841,14,0,41,1,76,,1178844,14,0,41,1,95,,1178836,14,0,41,1,99,,1178845,14,0,41,1,99,,1178840,14,0,41,1,100,,1178835,14,0,41,1
9200,'9',734,,1178854,14,,,1,171,,1061571,14,0,41,1,107,,1178857,14,0,41,1,100,,1178851,14,0,41,1,100,,1178853,14,0,41,1,100,,1178858,14,0,41,1,101,,1178852,14,0,41,1,101,,1178849,14,0,41,1,23,,1178856,48,0,41,1,72,,1178861,48,0,41,1,30,,1178848,48,0,41,1,70,,1178860,48,0,41,1,28,,1178863,48,0,41,1,70,,1178847,48,0,41,1,30,,1178859,14,0,41,1,76,,1083797,14,0,41,1,95,,1178855,14,0,41,1,99,,1178850,14,0,41,1,99,,991901,14,0,41,1,100,,1178862,14,0,41,1
64001,'1',1528,,1199401,22,,,1
64001,'10',1528,,1199403,22,,,1
64001,'11',1528,,1199405,22,,,1
64001,'12',1528,,1199407,22,,,1
64001,'14',1528,,1199409,22,,,1
64001,'15',1528,,1199411,22,,,1
64001,'16',1528,,1199413,22,,,1
64001,'5',1528,,1199415,22,,,1
64001,'6',1528,,1199417,22,,,1
64001,'8',1528,,1199419,22,,,1
64001,'9',1528,,1199421,22,,,1
