1401,'1',603,,1118938,17,,,1,24,,1118954,17,,,1,15,,1118941,17,,,1,15,,1078295,17,,,1,54,,1118927,17,,,1,17,,1118951,17,,,1,16,,1118943,17,,,1,15,,1073227,17,,,1,56,,1092453,17,,,1,15,,1118932,17,,,1,14,,1118939,17,,,1,15,,1118958,17,,,1,55,,1118919,17,,,1,16,,1118913,17,,,1,14,,1099833,17,,,1,15,,1118946,17,,,1,55,,1118915,17,,,1,15,,942786,17,,,1,14,,1118950,17,,,1,16,,1118959,17,,,1,55,,1118930,17,,,1,14,,1118936,17,,,1,15,,1118957,17,,,1,16,,1118949,17,,,1,54,,1087575,17,,,1,16,,1118920,17,,,1,15,,1118945,17,,,1,15,,1118928,17,,,1,55,,1060381,17,,,1,15,,1118952,17,,,1,14,,1085027,17,,,1,16,,1118910,17,,,1,56,,1097448,17,,,1,15,,1118925,17,,,1,16,,1118955,17,,,1,55,,1118918,17,,,1,16,,1118937,17,,,1,30,,1118960,17,,,1,55,,1118914,17,,,1,16,,1118916,17,,,1,14,,1118922,17,,,1,15,,1118942,17,,,1,55,,1118912,17,,,1,15,,1118923,17,,,1,15,,1118940,17,,,1,15,,1118924,17,,,1,55,,1118956,17,,,1,13,,1118933,17,,,1,30,,1118929,17,,,1,69,,1118911,17,,,1,29,,1118926,17,,,1,71,,1118944,17,,,1,29,,1118931,17,,,1,70,,1118947,17,,,1,30,,1118935,17,,,1,68,,1118917,17,,,1,30,,1118948,17,,,1,70,,1118953,17,,,1,29,,1118934,17,,,1,84,,1118921,17,,,1
1401,'10',603,,1118989,17,,,1,24,,1119005,17,,,1,15,,1118992,17,,,1,15,,1078083,17,,,1,54,,1118978,17,,,1,17,,1119002,17,,,1,16,,1118994,17,,,1,15,,1073099,17,,,1,56,,1092297,17,,,1,15,,1118983,17,,,1,14,,1118990,17,,,1,15,,1119009,17,,,1,55,,1118970,17,,,1,16,,1118964,17,,,1,14,,1099747,17,,,1,15,,1118997,17,,,1,55,,1118966,17,,,1,15,,942423,17,,,1,14,,1119001,17,,,1,16,,1119010,17,,,1,55,,1118981,17,,,1,14,,1118987,17,,,1,15,,1119008,17,,,1,16,,1119000,17,,,1,54,,1087365,17,,,1,16,,1118971,17,,,1,15,,1118996,17,,,1,15,,1118979,17,,,1,55,,1060391,17,,,1,15,,1119003,17,,,1,14,,1084902,17,,,1,16,,1118961,17,,,1,56,,1097211,17,,,1,15,,1118976,17,,,1,16,,1119006,17,,,1,55,,1118969,17,,,1,16,,1118988,17,,,1,30,,1119011,17,,,1,55,,1118965,17,,,1,16,,1118967,17,,,1,14,,1118973,17,,,1,15,,1118993,17,,,1,55,,1118963,17,,,1,15,,1118974,17,,,1,15,,1118991,17,,,1,15,,1118975,17,,,1,55,,1119007,17,,,1,13,,1118984,17,,,1,30,,1118980,17,,,1,69,,1118962,17,,,1,29,,1118977,17,,,1,71,,1118995,17,,,1,29,,1118982,17,,,1,70,,1118998,17,,,1,30,,1118986,17,,,1,68,,1118968,17,,,1,30,,1118999,17,,,1,70,,1119004,17,,,1,29,,1118985,17,,,1,84,,1118972,17,,,1
1401,'11',603,,1119040,17,,,1,24,,1119056,17,,,1,15,,1119043,17,,,1,15,,1078357,17,,,1,54,,1119029,17,,,1,17,,1119053,17,,,1,16,,1119045,17,,,1,15,,1073263,17,,,1,56,,1092500,17,,,1,15,,1119034,17,,,1,14,,1119041,17,,,1,15,,1119060,17,,,1,55,,1119021,17,,,1,16,,1119015,17,,,1,14,,1099859,17,,,1,15,,1119048,17,,,1,55,,1119017,17,,,1,15,,942730,17,,,1,14,,1119052,17,,,1,16,,1119061,17,,,1,55,,1119032,17,,,1,14,,1119038,17,,,1,15,,1119059,17,,,1,16,,1119051,17,,,1,54,,1087639,17,,,1,16,,1119022,17,,,1,15,,1119047,17,,,1,15,,1119030,17,,,1,55,,1060378,17,,,1,15,,1119054,17,,,1,14,,1085061,17,,,1,16,,1119012,17,,,1,56,,1097517,17,,,1,15,,1119027,17,,,1,16,,1119057,17,,,1,55,,1119020,17,,,1,16,,1119039,17,,,1,30,,1119062,17,,,1,55,,1119016,17,,,1,16,,1119018,17,,,1,14,,1119024,17,,,1,15,,1119044,17,,,1,55,,1119014,17,,,1,15,,1119025,17,,,1,15,,1119042,17,,,1,15,,1119026,17,,,1,55,,1119058,17,,,1,13,,1119035,17,,,1,30,,1119031,17,,,1,69,,1119013,17,,,1,29,,1119028,17,,,1,71,,1119046,17,,,1,29,,1119033,17,,,1,70,,1119049,17,,,1,30,,1119037,17,,,1,68,,1119019,17,,,1,30,,1119050,17,,,1,70,,1119055,17,,,1,29,,1119036,17,,,1,84,,1119023,17,,,1
1401,'12',603,,1119109,17,,,1,24,,1119071,17,,,1,15,,1119097,17,,,1,15,,1119078,17,,,1,54,,1119073,17,,,1,17,,1063552,17,,,1,16,,1119085,17,,,1,15,,1119066,17,,,1,56,,959733,17,,,1,15,,1119083,17,,,1,14,,1098332,17,,,1,15,,1119067,17,,,1,55,,1119084,17,,,1,16,,1119100,17,,,1,14,,1119092,17,,,1,15,,1119096,17,,,1,55,,1007216,17,,,1,15,,1119107,17,,,1,14,,1119091,17,,,1,16,,1073801,17,,,1,55,,1119069,17,,,1,14,,1119080,17,,,1,15,,1119106,17,,,1,16,,1119089,17,,,1,54,,1119108,17,,,1,16,,1119079,17,,,1,15,,1119064,17,,,1,15,,1119094,17,,,1,55,,1043791,17,,,1,15,,1119076,17,,,1,14,,1119099,17,,,1,16,,1119093,17,,,1,56,,1021406,17,,,1,15,,1119095,17,,,1,16,,1119101,17,,,1,55,,1119110,17,,,1,16,,1119063,17,,,1,30,,1119075,17,,,1,55,,1119082,17,,,1,16,,1119098,17,,,1,14,,1119112,17,,,1,15,,1119070,17,,,1,55,,1119074,17,,,1,15,,1119065,17,,,1,15,,1119088,17,,,1,15,,1119104,17,,,1,55,,1119111,17,,,1,13,,1119102,17,,,1,30,,1119068,17,,,1,69,,1119090,17,,,1,29,,1119072,17,,,1,71,,1119086,17,,,1,29,,1119081,17,,,1,70,,1119113,17,,,1,30,,1119077,17,,,1,68,,1119105,17,,,1,30,,999842,17,,,1,70,,977155,17,,,1,29,,1119087,17,,,1,84,,1119103,17,,,1
1401,'13',706,,1119116,17,,,1,106,,1119133,17,,,1,30,,1119114,17,,,1,70,,1119131,17,,,1,30,,1119119,17,,,1,71,,1119134,17,,,1,30,,1119141,17,,,1,70,,1119137,17,,,1,30,,1119132,17,,,1,74,,1119136,17,,,1,30,,1119120,17,,,1,71,,1119115,17,,,1,30,,1119130,17,,,1,70,,1119126,17,,,1,30,,1119128,17,,,1,70,,1119125,17,,,1,30,,1119140,17,,,1,70,,1119124,17,,,1,30,,1119135,17,,,1,70,,1094765,17,,,1,30,,1119123,17,,,1,69,,1119118,17,,,1,30,,1119117,17,,,1,69,,1046201,17,,,1,30,,1119127,17,,,1,69,,1119121,17,,,1,30,,1119122,17,,,1,70,,1119139,17,,,1,96,,1119129,17,,,1,99,,1119138,17,,,1
1401,'14',603,,1119175,17,,,1,24,,1119193,17,,,1,15,,1119178,17,,,1,15,,1119146,17,,,1,54,,1119164,17,,,1,17,,1119190,17,,,1,16,,1119181,17,,,1,15,,1119143,17,,,1,56,,1119199,17,,,1,15,,1119169,17,,,1,14,,1119176,17,,,1,15,,1119198,17,,,1,55,,1119156,17,,,1,16,,1119147,17,,,1,14,,1119151,17,,,1,15,,1119184,17,,,1,55,,1119152,17,,,1,15,,1119187,17,,,1,14,,1119189,17,,,1,16,,1119200,17,,,1,55,,1119167,17,,,1,14,,1119173,17,,,1,15,,1119197,17,,,1,16,,1119188,17,,,1,54,,1119180,17,,,1,16,,1119157,17,,,1,15,,1119183,17,,,1,15,,1119165,17,,,1,55,,1119194,17,,,1,15,,1119191,17,,,1,14,,1119150,17,,,1,16,,1119142,17,,,1,56,,1119149,17,,,1,15,,1119162,17,,,1,16,,1119195,17,,,1,55,,1119155,17,,,1,16,,1119174,17,,,1,30,,1119201,17,,,1,55,,1119148,17,,,1,16,,1119153,17,,,1,14,,1119159,17,,,1,15,,1119179,17,,,1,55,,1119145,17,,,1,15,,1119160,17,,,1,15,,1119177,17,,,1,15,,1119161,17,,,1,55,,1119196,17,,,1,13,,1119170,17,,,1,30,,1119166,17,,,1,69,,1119144,17,,,1,29,,1119163,17,,,1,71,,1119182,17,,,1,29,,1119168,17,,,1,70,,1119185,17,,,1,30,,1119172,17,,,1,68,,1119154,17,,,1,30,,1119186,17,,,1,70,,1119192,17,,,1,29,,1119171,17,,,1,84,,1119158,17,,,1
1401,'15',603,,1119227,17,,,1,24,,1119234,17,,,1,15,,1119247,17,,,1,15,,1119258,17,,,1,54,,1119260,17,,,1,17,,1119246,17,,,1,16,,1119248,17,,,1,15,,1119208,17,,,1,56,,1119213,17,,,1,15,,1119212,17,,,1,14,,1119250,17,,,1,15,,1119211,17,,,1,55,,1119206,17,,,1,16,,1119202,17,,,1,14,,1119231,17,,,1,15,,1119205,17,,,1,55,,1119233,17,,,1,15,,1119256,17,,,1,14,,1119225,17,,,1,16,,1119242,17,,,1,55,,1119223,17,,,1,14,,1119209,17,,,1,15,,1119226,17,,,1,16,,1119228,17,,,1,54,,1119261,17,,,1,16,,1119252,17,,,1,15,,1119210,17,,,1,15,,1119204,17,,,1,55,,1119224,17,,,1,15,,1119259,17,,,1,14,,1119203,17,,,1,16,,1119255,17,,,1,56,,1119249,17,,,1,15,,1119216,17,,,1,16,,1119237,17,,,1,55,,1119253,17,,,1,16,,1119254,17,,,1,30,,1119218,17,,,1,55,,1119238,17,,,1,16,,1119215,17,,,1,14,,1119245,17,,,1,15,,1119230,17,,,1,55,,1119229,17,,,1,15,,1119217,17,,,1,15,,1119257,17,,,1,15,,1119240,17,,,1,55,,1119221,17,,,1,13,,1119239,17,,,1,30,,1119251,17,,,1,69,,1119236,17,,,1,29,,1119219,17,,,1,71,,1119220,17,,,1,29,,1119207,17,,,1,70,,1119232,17,,,1,30,,1119235,17,,,1,68,,1119222,17,,,1,30,,1119241,17,,,1,70,,1119244,17,,,1,29,,1119243,17,,,1,84,,1119214,17,,,1
1401,'16',603,,1023499,17,,,1,24,,1119271,17,,,1,15,,1119300,17,,,1,15,,1119280,17,,,1,54,,1119275,17,,,1,17,,1119314,17,,,1,16,,1119287,17,,,1,15,,1119267,17,,,1,56,,1119274,17,,,1,15,,1119285,17,,,1,14,,1119272,17,,,1,15,,1066978,17,,,1,55,,1119286,17,,,1,16,,1119303,17,,,1,14,,1119295,17,,,1,15,,1119299,17,,,1,55,,1119262,17,,,1,15,,1119310,17,,,1,14,,1119294,17,,,1,16,,1119269,17,,,1,55,,996328,17,,,1,14,,1119282,17,,,1,15,,1119309,17,,,1,16,,1119292,17,,,1,54,,1086083,17,,,1,16,,1119281,17,,,1,15,,1119264,17,,,1,15,,1119297,17,,,1,55,,1119289,17,,,1,15,,1119278,17,,,1,14,,1119302,17,,,1,16,,1119296,17,,,1,56,,1119268,17,,,1,15,,1119298,17,,,1,16,,1119304,17,,,1,55,,1098576,17,,,1,16,,1119263,17,,,1,30,,1119277,17,,,1,55,,1119284,17,,,1,16,,1119301,17,,,1,14,,1119313,17,,,1,15,,1119270,17,,,1,55,,1119276,17,,,1,15,,1119266,17,,,1,15,,1119291,17,,,1,15,,1119307,17,,,1,55,,1119312,17,,,1,13,,1119305,17,,,1,30,,957302,17,,,1,69,,1119293,17,,,1,29,,1119273,17,,,1,71,,1119288,17,,,1,29,,1119283,17,,,1,70,,1066199,17,,,1,30,,1119279,17,,,1,68,,1119308,17,,,1,30,,1119311,17,,,1,70,,1119265,17,,,1,29,,1119290,17,,,1,84,,1119306,17,,,1
1401,'17',706,,1119317,17,,,1,106,,1119334,17,,,1,30,,1119315,17,,,1,70,,1119332,17,,,1,30,,1119320,17,,,1,71,,1119335,17,,,1,30,,1119344,17,,,1,70,,1119338,17,,,1,30,,1119333,17,,,1,74,,1119337,17,,,1,30,,1119321,17,,,1,71,,1119316,17,,,1,30,,1119331,17,,,1,70,,1119327,17,,,1,30,,1119329,17,,,1,70,,1119326,17,,,1,30,,1119341,17,,,1,70,,1119325,17,,,1,30,,1119336,17,,,1,70,,1119343,17,,,1,30,,1119324,17,,,1,69,,1119319,17,,,1,30,,1119318,17,,,1,69,,1119342,17,,,1,30,,1119328,17,,,1,69,,1119322,17,,,1,30,,1119323,17,,,1,70,,1119340,17,,,1,96,,1119330,17,,,1,99,,1119339,17,,,1
1401,'2',643,,1119380,17,,,1,70,,1119361,17,,,1,30,,1119370,17,,,1,71,,1119348,17,,,1,30,,1119367,17,,,1,70,,1119358,17,,,1,30,,1096012,17,,,1,71,,1119364,17,,,1,30,,1119373,17,,,1,70,,1083019,17,,,1,30,,1078129,17,,,1,55,,1119357,17,,,1,16,,1119376,17,,,1,15,,1119377,17,,,1,15,,1119362,17,,,1,55,,1119369,17,,,1,16,,1119372,17,,,1,15,,1119356,17,,,1,15,,1119349,17,,,1,55,,1119378,17,,,1,15,,1119350,17,,,1,15,,1119351,17,,,1,15,,1119355,17,,,1,55,,1119360,17,,,1,15,,1119374,17,,,1,15,,1119353,17,,,1,15,,1119366,17,,,1,55,,1119346,17,,,1,15,,1119385,17,,,1,15,,1119363,17,,,1,15,,1119382,17,,,1,55,,1119386,17,,,1,15,,1119383,17,,,1,30,,1119375,17,,,1,69,,1119347,17,,,1,30,,1119379,17,,,1,69,,1119381,17,,,1,30,,1119384,17,,,1,69,,1119368,17,,,1,30,,1119354,17,,,1,70,,1081516,17,,,1,29,,1119345,17,,,1,70,,1119365,17,,,1,29,,1119352,17,,,1,70,,1119359,17,,,1,30,,1071569,17,,,1,80,,1119371,17,,,1
1401,'3',706,,1119389,17,,,1,106,,1119406,17,,,1,30,,1119387,17,,,1,70,,1119404,17,,,1,30,,1119392,17,,,1,71,,1119407,17,,,1,30,,1119416,17,,,1,70,,1119410,17,,,1,30,,1119405,17,,,1,74,,1119409,17,,,1,30,,1119393,17,,,1,71,,1119388,17,,,1,30,,1119403,17,,,1,70,,1119399,17,,,1,30,,1119401,17,,,1,70,,1119398,17,,,1,30,,1119413,17,,,1,70,,1119397,17,,,1,30,,1119408,17,,,1,70,,1119415,17,,,1,30,,1119396,17,,,1,69,,1119391,17,,,1,30,,1119390,17,,,1,69,,1119414,17,,,1,30,,1119400,17,,,1,69,,1119394,17,,,1,30,,1119395,17,,,1,70,,1119412,17,,,1,96,,1119402,17,,,1,99,,1119411,17,,,1
1401,'4',706,,1119440,17,,,1,106,,1119423,17,,,1,30,,1119427,17,,,1,70,,1091186,17,,,1,30,,1119425,17,,,1,71,,1119421,17,,,1,30,,1119441,17,,,1,70,,1119436,17,,,1,30,,1119424,17,,,1,74,,1119442,17,,,1,30,,1119432,17,,,1,71,,1119435,17,,,1,30,,1022379,17,,,1,70,,1119422,17,,,1,30,,1119438,17,,,1,70,,1119420,17,,,1,30,,1119418,17,,,1,70,,1119433,17,,,1,30,,1119444,17,,,1,70,,1119443,17,,,1,30,,1119434,17,,,1,69,,1119426,17,,,1,30,,1119429,17,,,1,69,,1119431,17,,,1,30,,1119430,17,,,1,69,,1119428,17,,,1,30,,1119417,17,,,1,70,,1119439,17,,,1,96,,1119437,17,,,1,99,,1119419,17,,,1
1401,'5',603,,1119473,17,,,1,24,,1119489,17,,,1,15,,1119476,17,,,1,15,,1078257,17,,,1,54,,1119462,17,,,1,17,,1119486,17,,,1,16,,1119478,17,,,1,15,,1073207,17,,,1,56,,1092420,17,,,1,15,,1119467,17,,,1,14,,1119474,17,,,1,15,,1119493,17,,,1,55,,1119454,17,,,1,16,,1119448,17,,,1,14,,1099819,17,,,1,15,,1119481,17,,,1,55,,1119450,17,,,1,15,,942958,17,,,1,14,,1119485,17,,,1,16,,1119494,17,,,1,55,,1119465,17,,,1,14,,1119471,17,,,1,15,,1119492,17,,,1,16,,1119484,17,,,1,54,,1087532,17,,,1,16,,1119455,17,,,1,15,,1119480,17,,,1,15,,1119463,17,,,1,55,,1060369,17,,,1,15,,1119487,17,,,1,14,,1085007,17,,,1,16,,1119445,17,,,1,56,,1097402,17,,,1,15,,1119460,17,,,1,16,,1119490,17,,,1,55,,1119453,17,,,1,16,,1119472,17,,,1,30,,1119495,17,,,1,55,,1119449,17,,,1,16,,1119451,17,,,1,14,,1119457,17,,,1,15,,1119477,17,,,1,55,,1119447,17,,,1,15,,1119458,17,,,1,15,,1119475,17,,,1,15,,1119459,17,,,1,55,,1119491,17,,,1,13,,1119468,17,,,1,30,,1119464,17,,,1,69,,1119446,17,,,1,29,,1119461,17,,,1,71,,1119479,17,,,1,29,,1119466,17,,,1,70,,1119482,17,,,1,30,,1119470,17,,,1,68,,1119452,17,,,1,30,,1119483,17,,,1,70,,1119488,17,,,1,29,,1119469,17,,,1,84,,1119456,17,,,1
1401,'6',603,,1119538,17,,,1,24,,1082031,17,,,1,15,,1082036,17,,,1,15,,1119509,17,,,1,54,,1100312,17,,,1,17,,1119542,17,,,1,16,,1119515,17,,,1,15,,1091695,17,,,1,56,,1119505,17,,,1,15,,1064249,17,,,1,14,,1119503,17,,,1,15,,1119498,17,,,1,55,,1119514,17,,,1,16,,1119529,17,,,1,14,,1119523,17,,,1,15,,1119527,17,,,1,55,,1119496,17,,,1,15,,1119536,17,,,1,14,,1119522,17,,,1,16,,1119502,17,,,1,55,,1119501,17,,,1,14,,1119511,17,,,1,15,,1119535,17,,,1,16,,1119520,17,,,1,54,,1119537,17,,,1,16,,1119510,17,,,1,15,,1038051,17,,,1,15,,1119525,17,,,1,55,,1119517,17,,,1,15,,1119507,17,,,1,14,,1119528,17,,,1,16,,1119524,17,,,1,56,,1119499,17,,,1,15,,1119526,17,,,1,16,,1119530,17,,,1,55,,1119540,17,,,1,16,,1069400,17,,,1,30,,1119506,17,,,1,55,,1119513,17,,,1,16,,1060422,17,,,1,14,,1075176,17,,,1,15,,1079912,17,,,1,55,,1090553,17,,,1,15,,1011192,17,,,1,15,,1119519,17,,,1,15,,1119533,17,,,1,55,,1040797,17,,,1,13,,1119531,17,,,1,30,,1119500,17,,,1,69,,1119521,17,,,1,29,,1119504,17,,,1,71,,1119516,17,,,1,29,,1119512,17,,,1,70,,1119541,17,,,1,30,,1119508,17,,,1,68,,1119534,17,,,1,30,,1119539,17,,,1,70,,1119497,17,,,1,29,,1119518,17,,,1,84,,1119532,17,,,1
1401,'7',643,,1119585,17,,,1,70,,1119569,17,,,1,30,,1119555,17,,,1,71,,1119582,17,,,1,30,,1119551,17,,,1,70,,1119560,17,,,1,30,,1119559,17,,,1,71,,1119581,17,,,1,30,,1119580,17,,,1,70,,1119543,17,,,1,30,,1119567,17,,,1,55,,1119570,17,,,1,16,,1119578,17,,,1,15,,1119588,17,,,1,15,,1119568,17,,,1,55,,1119571,17,,,1,16,,1119579,17,,,1,15,,1119583,17,,,1,15,,1119545,17,,,1,55,,1119546,17,,,1,15,,1119563,17,,,1,15,,1119589,17,,,1,15,,1119574,17,,,1,55,,1119562,17,,,1,15,,1119576,17,,,1,15,,1119564,17,,,1,15,,1119566,17,,,1,55,,1119549,17,,,1,15,,1119547,17,,,1,15,,1119565,17,,,1,15,,1119587,17,,,1,55,,1119575,17,,,1,15,,1119584,17,,,1,30,,1119573,17,,,1,69,,1119561,17,,,1,30,,1119557,17,,,1,69,,1119558,17,,,1,30,,1119552,17,,,1,69,,1119556,17,,,1,30,,1119577,17,,,1,70,,1119550,17,,,1,29,,1119544,17,,,1,70,,1119572,17,,,1,29,,1119553,17,,,1,70,,1119548,17,,,1,30,,1119586,17,,,1,80,,1119554,17,,,1
1401,'8',603,,1119643,17,,,1,24,,1119602,17,,,1,15,,1119631,17,,,1,15,,1119611,17,,,1,54,,1119606,17,,,1,17,,1119649,17,,,1,16,,1119618,17,,,1,15,,1119595,17,,,1,56,,1119605,17,,,1,15,,1119616,17,,,1,14,,1119603,17,,,1,15,,1119596,17,,,1,55,,1119617,17,,,1,16,,1119634,17,,,1,14,,1119626,17,,,1,15,,1119630,17,,,1,55,,1119590,17,,,1,15,,1119641,17,,,1,14,,1119625,17,,,1,16,,1119600,17,,,1,55,,1119599,17,,,1,14,,1119613,17,,,1,15,,1119640,17,,,1,16,,1119623,17,,,1,54,,1119642,17,,,1,16,,1119612,17,,,1,15,,1119592,17,,,1,15,,1119628,17,,,1,55,,1119620,17,,,1,15,,1119609,17,,,1,14,,1119633,17,,,1,16,,1119627,17,,,1,56,,1119597,17,,,1,15,,1119629,17,,,1,16,,1119635,17,,,1,55,,1119645,17,,,1,16,,1119591,17,,,1,30,,1119608,17,,,1,55,,1119615,17,,,1,16,,1119632,17,,,1,14,,1119647,17,,,1,15,,1119601,17,,,1,55,,1119607,17,,,1,15,,1119594,17,,,1,15,,1119622,17,,,1,15,,1119638,17,,,1,55,,1119646,17,,,1,13,,1119636,17,,,1,30,,1119598,17,,,1,69,,1119624,17,,,1,29,,1119604,17,,,1,71,,1119619,17,,,1,29,,1119614,17,,,1,70,,1119648,17,,,1,30,,1119610,17,,,1,68,,1119639,17,,,1,30,,1119644,17,,,1,70,,1119593,17,,,1,29,,1119621,17,,,1,84,,1119637,17,,,1
1401,'9',603,,1119678,17,,,1,24,,1119694,17,,,1,15,,1119681,17,,,1,15,,1078153,17,,,1,54,,1119667,17,,,1,17,,1119691,17,,,1,16,,1119683,17,,,1,15,,1073138,17,,,1,56,,1092346,17,,,1,15,,1119672,17,,,1,14,,1119679,17,,,1,15,,1119698,17,,,1,55,,1119659,17,,,1,16,,1119653,17,,,1,14,,1099776,17,,,1,15,,1119686,17,,,1,55,,1119655,17,,,1,15,,942902,17,,,1,14,,1119690,17,,,1,16,,1119699,17,,,1,55,,1119670,17,,,1,14,,1119676,17,,,1,15,,1119697,17,,,1,16,,1119689,17,,,1,54,,1087432,17,,,1,16,,1119660,17,,,1,15,,1119685,17,,,1,15,,1119668,17,,,1,55,,1060384,17,,,1,15,,1119692,17,,,1,14,,1084940,17,,,1,16,,1119650,17,,,1,56,,1097286,17,,,1,15,,1119665,17,,,1,16,,1119695,17,,,1,55,,1119658,17,,,1,16,,1119677,17,,,1,30,,1119700,17,,,1,55,,1119654,17,,,1,16,,1119656,17,,,1,14,,1119662,17,,,1,15,,1119682,17,,,1,55,,1119652,17,,,1,15,,1119663,17,,,1,15,,1119680,17,,,1,15,,1119664,17,,,1,55,,1119696,17,,,1,13,,1119673,17,,,1,30,,1119669,17,,,1,69,,1119651,17,,,1,29,,1119666,17,,,1,71,,1119684,17,,,1,29,,1119671,17,,,1,70,,1119687,17,,,1,30,,1119675,17,,,1,68,,1119657,17,,,1,30,,1119688,17,,,1,70,,1119693,17,,,1,29,,1119674,17,,,1,84,,1119661,17,,,1
1801,'1',601,,1120889,21,,,1,32,,1120873,21,,,1,70,,1120868,21,,,1,31,,1120869,21,,,1,70,,1120864,21,,,1,30,,1073845,21,,,1,70,,1120871,21,,,1,29,,1120870,21,,,1,70,,1120883,21,,,1,30,,1103467,21,,,1,70,,1120880,21,,,1,30,,1120890,21,,,1,70,,1120885,21,,,1,30,,1120863,21,,,1,70,,1120874,21,,,1,30,,1120876,21,,,1,70,,1120888,21,,,1,30,,1120887,21,,,1,70,,1120882,21,,,1,29,,840474,21,,,1,73,,1008527,21,,,1,30,,1120866,21,,,1,70,,1120884,21,,,1,29,,1120892,21,,,1,70,,1009391,21,,,1,30,,1094392,21,,,1,68,,1120878,21,,,1,30,,1120867,21,,,1,70,,1120881,21,,,1,30,,1120891,21,,,1,70,,1120877,21,,,1,30,,1120872,21,,,1,70,,1120865,21,,,1,29,,1120875,21,,,1,70,,1120879,21,,,1,100,,1120886,21,,,1
1801,'10',601,,1120919,21,,,1,32,,1120903,21,,,1,70,,1120898,21,,,1,31,,1120899,21,,,1,70,,1120894,21,,,1,30,,1073704,21,,,1,70,,1120901,21,,,1,29,,1120900,21,,,1,70,,1120913,21,,,1,30,,1103455,21,,,1,70,,1120910,21,,,1,30,,1120920,21,,,1,70,,1120915,21,,,1,30,,1120893,21,,,1,70,,1120904,21,,,1,30,,1120906,21,,,1,70,,1120918,21,,,1,30,,1120917,21,,,1,70,,1120912,21,,,1,29,,840539,21,,,1,73,,1008669,21,,,1,30,,1120896,21,,,1,70,,1120914,21,,,1,29,,1120922,21,,,1,70,,1009438,21,,,1,30,,1094356,21,,,1,68,,1120908,21,,,1,30,,1120897,21,,,1,70,,1120911,21,,,1,30,,1120921,21,,,1,70,,1120907,21,,,1,30,,1120902,21,,,1,70,,1120895,21,,,1,29,,1120905,21,,,1,70,,1120909,21,,,1,100,,1120916,21,,,1
1801,'11',601,,1120949,21,,,1,32,,1120933,21,,,1,70,,1120928,21,,,1,31,,1120929,21,,,1,70,,1120924,21,,,1,30,,1073894,21,,,1,70,,1120931,21,,,1,29,,1120930,21,,,1,70,,1120943,21,,,1,30,,1103471,21,,,1,70,,1120940,21,,,1,30,,1120950,21,,,1,70,,1120945,21,,,1,30,,1120923,21,,,1,70,,1120934,21,,,1,30,,1120936,21,,,1,70,,1120948,21,,,1,30,,1120947,21,,,1,70,,1120942,21,,,1,29,,840351,21,,,1,73,,1008488,21,,,1,30,,1120926,21,,,1,70,,1120944,21,,,1,29,,1120952,21,,,1,70,,1009377,21,,,1,30,,1094404,21,,,1,68,,1120938,21,,,1,30,,1120927,21,,,1,70,,1120941,21,,,1,30,,1120951,21,,,1,70,,1120937,21,,,1,30,,1120932,21,,,1,70,,1120925,21,,,1,29,,1120935,21,,,1,70,,1120939,21,,,1,100,,1120946,21,,,1
1801,'12',601,,969609,21,,,1,32,,1120966,21,,,1,70,,1120965,21,,,1,31,,1120985,21,,,1,70,,1120956,21,,,1,30,,1120971,21,,,1,70,,1120976,21,,,1,29,,1120972,21,,,1,70,,1120982,21,,,1,30,,1120961,21,,,1,70,,1120953,21,,,1,30,,1120984,21,,,1,70,,1120954,21,,,1,30,,1120974,21,,,1,70,,1120970,21,,,1,30,,1073400,21,,,1,70,,1120981,21,,,1,30,,1120983,21,,,1,70,,1120969,21,,,1,29,,1120968,21,,,1,73,,1120967,21,,,1,30,,1120959,21,,,1,70,,1120957,21,,,1,29,,1120978,21,,,1,70,,1120960,21,,,1,30,,1120958,21,,,1,68,,1120977,21,,,1,30,,1120963,21,,,1,70,,1120962,21,,,1,30,,1120955,21,,,1,70,,1120987,21,,,1,30,,1120986,21,,,1,70,,1120980,21,,,1,29,,1120975,21,,,1,70,,1120973,21,,,1,100,,1120964,21,,,1
1801,'13',810,,1121000,21,0,67,1,100,,1121005,21,,,1,30,,1120988,21,,,1,71,,1120996,21,,,1,30,,1120997,21,,,1,70,,1121002,21,,,1,30,,1072773,21,,,1,70,,1121004,21,,,1,30,,1120992,21,,,1,70,,1120989,21,,,1,30,,1079004,21,,,1,70,,1120991,21,,,1,30,,1120990,21,,,1,70,,1121001,21,,,1,30,,1121014,21,,,1,70,,1121003,21,,,1,30,,1121009,21,,,1,70,,1120994,21,,,1,30,,1121007,21,,,1,70,,1121006,21,,,1,30,,1120998,21,,,1,70,,1120999,21,,,1,30,,1120995,21,,,1,70,,1121011,21,,,1,29,,1120993,21,,,1,70,,1121012,21,,,1,100,,1121008,21,,,1,108,,1121010,21,0,67,1
1801,'14',601,,1121047,21,,,1,32,,1121030,21,,,1,70,,1121025,21,,,1,31,,1121026,21,,,1,70,,1121021,21,,,1,30,,1121019,21,,,1,70,,1121028,21,,,1,29,,1121027,21,,,1,70,,1121040,21,,,1,30,,1121018,21,,,1,70,,1121037,21,,,1,30,,1121048,21,,,1,70,,1121043,21,,,1,30,,1121016,21,,,1,70,,1121031,21,,,1,30,,1121033,21,,,1,70,,1121046,21,,,1,30,,1121045,21,,,1,70,,1121039,21,,,1,29,,1121017,21,,,1,73,,1121042,21,,,1,30,,1121023,21,,,1,70,,1121041,21,,,1,29,,1121051,21,,,1,70,,1121050,21,,,1,30,,1121020,21,,,1,68,,1121035,21,,,1,30,,1121024,21,,,1,70,,1121038,21,,,1,30,,1121049,21,,,1,70,,1121034,21,,,1,30,,1121029,21,,,1,70,,1121022,21,,,1,29,,1121032,21,,,1,70,,1121036,21,,,1,100,,1121044,21,,,1
1801,'15',601,,1121059,21,,,1,32,,1121084,21,,,1,70,,1121078,21,,,1,31,,1121073,21,,,1,70,,1121052,21,,,1,30,,1121085,21,,,1,70,,1121081,21,,,1,29,,1121057,21,,,1,70,,1121080,21,,,1,30,,1121088,21,,,1,70,,1121072,21,,,1,30,,1121075,21,,,1,70,,1121063,21,,,1,30,,1121061,21,,,1,70,,1121070,21,,,1,30,,1121055,21,,,1,70,,1121062,21,,,1,30,,1121077,21,,,1,70,,1121058,21,,,1,29,,1121079,21,,,1,73,,1121076,21,,,1,30,,1121065,21,,,1,70,,1121053,21,,,1,29,,1121083,21,,,1,70,,1121054,21,,,1,30,,1121071,21,,,1,68,,1121067,21,,,1,30,,1121060,21,,,1,70,,1121074,21,,,1,30,,1121064,21,,,1,70,,1121069,21,,,1,30,,1121066,21,,,1,70,,1121087,21,,,1,29,,1121068,21,,,1,70,,1121056,21,,,1,100,,1121082,21,,,1
1801,'16',601,,1121122,21,,,1,32,,1121102,21,,,1,70,,1121100,21,,,1,31,,1121120,21,,,1,70,,1121091,21,,,1,30,,1121107,21,,,1,70,,1121111,21,,,1,29,,1090513,21,,,1,70,,1121117,21,,,1,30,,1121096,21,,,1,70,,1121089,21,,,1,30,,1121119,21,,,1,70,,1121090,21,,,1,30,,1121109,21,,,1,70,,1121106,21,,,1,30,,1121101,21,,,1,70,,1121116,21,,,1,30,,1121118,21,,,1,70,,1121105,21,,,1,29,,1121104,21,,,1,73,,1121103,21,,,1,30,,1121094,21,,,1,70,,1121092,21,,,1,29,,1121113,21,,,1,70,,1121095,21,,,1,30,,1121093,21,,,1,68,,1121112,21,,,1,30,,1121098,21,,,1,70,,1121097,21,,,1,30,,1073452,21,,,1,70,,1096162,21,,,1,30,,1121121,21,,,1,70,,1121115,21,,,1,29,,1121110,21,,,1,70,,1121108,21,,,1,100,,1121099,21,,,1
1801,'17',810,,1121137,21,0,67,1,100,,1121142,21,,,1,30,,1121123,21,,,1,71,,1121132,21,,,1,30,,1121134,21,,,1,70,,1121139,21,,,1,30,,1121133,21,,,1,70,,1121141,21,,,1,30,,1121128,21,,,1,70,,1121124,21,,,1,30,,1121127,21,,,1,70,,1121126,21,,,1,30,,1121125,21,,,1,70,,1121138,21,,,1,30,,1121151,21,,,1,70,,1121140,21,,,1,30,,1121146,21,,,1,70,,1121130,21,,,1,30,,1121144,21,,,1,70,,1121143,21,,,1,30,,1121135,21,,,1,70,,1121136,21,,,1,30,,1121131,21,,,1,70,,1121148,21,,,1,29,,1121129,21,,,1,70,,1121149,21,,,1,100,,1121145,21,,,1,108,,1121147,21,0,67,1
1801,'2',643,,1121165,21,,,1,100,,1121160,21,,,1,71,,1121183,21,,,1,30,,1121166,21,,,1,70,,1121152,21,,,1,30,,1121155,21,,,1,71,,1121153,21,,,1,30,,1121176,21,,,1,70,,1121161,21,,,1,30,,1121154,21,,,1,70,,1121174,21,,,1,30,,1121170,21,,,1,70,,1121173,21,,,1,30,,1121162,21,,,1,70,,1121172,21,,,1,30,,1121167,21,,,1,70,,1121158,21,,,1,30,,1121178,21,,,1,70,,1121171,21,,,1,30,,1121163,21,,,1,70,,1121164,21,,,1,30,,1121169,21,,,1,70,,1121181,21,,,1,30,,1121159,21,,,1,70,,1121168,21,,,1,30,,1121179,21,,,1,70,,1121157,21,,,1,29,,1121180,21,,,1,70,,1121177,21,,,1,30,,1121182,21,,,1,69,,1121175,21,,,1,98,,1121156,21,,,1
1801,'3',810,,1121198,21,0,67,1,100,,1121203,21,,,1,30,,1121184,21,,,1,71,,1121193,21,,,1,30,,1121195,21,,,1,70,,1121200,21,,,1,30,,1121194,21,,,1,70,,1121202,21,,,1,30,,1121189,21,,,1,70,,1121185,21,,,1,30,,1121188,21,,,1,70,,1121187,21,,,1,30,,1121186,21,,,1,70,,1121199,21,,,1,30,,1121212,21,,,1,70,,1121201,21,,,1,30,,1121207,21,,,1,70,,1121191,21,,,1,30,,1121205,21,,,1,70,,1121204,21,,,1,30,,1121196,21,,,1,70,,1121197,21,,,1,30,,1121192,21,,,1,70,,1121209,21,,,1,29,,1121190,21,,,1,70,,1121210,21,,,1,100,,1121206,21,,,1,108,,1121208,21,0,67,1
1801,'4',810,,1029392,21,0,67,1,100,,1121215,21,,,1,30,,1121216,21,,,1,71,,1121232,21,,,1,30,,1121233,21,,,1,70,,1121224,21,,,1,30,,1121229,21,,,1,70,,1074468,21,,,1,30,,1121217,21,,,1,70,,1121227,21,,,1,30,,1121225,21,,,1,70,,1121226,21,,,1,30,,1121213,21,,,1,70,,1121223,21,,,1,30,,1121238,21,,,1,70,,1121220,21,,,1,30,,962142,21,,,1,70,,1121221,21,,,1,30,,1121222,21,,,1,70,,1121230,21,,,1,30,,1121228,21,,,1,70,,1121214,21,,,1,30,,1121236,21,,,1,70,,1121219,21,,,1,29,,1121218,21,,,1,70,,1121237,21,,,1,100,,1121234,21,,,1,108,,1121231,21,0,67,1
1801,'5',601,,1121265,21,,,1,32,,1121249,21,,,1,70,,1121244,21,,,1,31,,1121245,21,,,1,70,,1121240,21,,,1,30,,1073821,21,,,1,70,,1121247,21,,,1,29,,1121246,21,,,1,70,,1121259,21,,,1,30,,1103463,21,,,1,70,,1121256,21,,,1,30,,1121266,21,,,1,70,,1121261,21,,,1,30,,1121239,21,,,1,70,,1121250,21,,,1,30,,1121252,21,,,1,70,,1121264,21,,,1,30,,1121263,21,,,1,70,,1121258,21,,,1,29,,840727,21,,,1,73,,1008283,21,,,1,30,,1121242,21,,,1,70,,1121260,21,,,1,29,,1121268,21,,,1,70,,1009331,21,,,1,30,,1094380,21,,,1,68,,1121254,21,,,1,30,,1121243,21,,,1,70,,1121257,21,,,1,30,,1121267,21,,,1,70,,1121253,21,,,1,30,,1121248,21,,,1,70,,1121241,21,,,1,29,,1121251,21,,,1,70,,1121255,21,,,1,100,,1121262,21,,,1
1801,'6',601,,1121294,21,,,1,32,,1121279,21,,,1,70,,1121277,21,,,1,31,,1121293,21,,,1,70,,1121270,21,,,1,30,,1121284,21,,,1,70,,1049608,21,,,1,29,,1121285,21,,,1,70,,1121291,21,,,1,30,,1121274,21,,,1,70,,1099868,21,,,1,30,,1086183,21,,,1,70,,1103646,21,,,1,30,,1063756,21,,,1,70,,1121283,21,,,1,30,,1121278,21,,,1,70,,1027035,21,,,1,30,,1121292,21,,,1,70,,1121282,21,,,1,29,,1121281,21,,,1,73,,1121280,21,,,1,30,,1121272,21,,,1,70,,1063259,21,,,1,29,,1097582,21,,,1,70,,1121273,21,,,1,30,,1121271,21,,,1,68,,1121288,21,,,1,30,,1096192,21,,,1,70,,1121275,21,,,1,30,,1121269,21,,,1,70,,1121295,21,,,1,30,,1054018,21,,,1,70,,1121290,21,,,1,29,,1121287,21,,,1,70,,1121286,21,,,1,100,,1121276,21,,,1
1801,'7',643,,1121300,21,,,1,100,,1121310,21,,,1,71,,1121324,21,,,1,30,,1121309,21,,,1,70,,1121323,21,,,1,30,,1121321,21,,,1,71,,1121301,21,,,1,30,,1121313,21,,,1,70,,1121315,21,,,1,30,,1121326,21,,,1,70,,1121325,21,,,1,30,,1121320,21,,,1,70,,1121312,21,,,1,30,,1121302,21,,,1,70,,1121311,21,,,1,30,,1121299,21,,,1,70,,1121318,21,,,1,30,,1121317,21,,,1,70,,1121298,21,,,1,30,,1121316,21,,,1,70,,1121305,21,,,1,30,,1121319,21,,,1,70,,1121308,21,,,1,30,,1121304,21,,,1,70,,1121327,21,,,1,30,,1121307,21,,,1,70,,1121306,21,,,1,29,,1121322,21,,,1,70,,1121297,21,,,1,30,,1121314,21,,,1,69,,1121303,21,,,1,98,,1121296,21,,,1
1801,'8',601,,1121363,21,,,1,32,,1121342,21,,,1,70,,1121340,21,,,1,31,,1121361,21,,,1,70,,1121331,21,,,1,30,,1121347,21,,,1,70,,1121352,21,,,1,29,,1121348,21,,,1,70,,1121358,21,,,1,30,,1121336,21,,,1,70,,1121328,21,,,1,30,,1121360,21,,,1,70,,1121329,21,,,1,30,,1121350,21,,,1,70,,1121346,21,,,1,30,,1121341,21,,,1,70,,1121357,21,,,1,30,,1121359,21,,,1,70,,1121345,21,,,1,29,,1121344,21,,,1,73,,1121343,21,,,1,30,,1121334,21,,,1,70,,1121332,21,,,1,29,,1121354,21,,,1,70,,1121335,21,,,1,30,,1121333,21,,,1,68,,1121353,21,,,1,30,,1121338,21,,,1,70,,1121337,21,,,1,30,,1121330,21,,,1,70,,1121364,21,,,1,30,,1121362,21,,,1,70,,1121356,21,,,1,29,,1121351,21,,,1,70,,1121349,21,,,1,100,,1121339,21,,,1
1801,'9',601,,1121391,21,,,1,32,,1121375,21,,,1,70,,1121370,21,,,1,31,,1121371,21,,,1,70,,1121366,21,,,1,30,,1073748,21,,,1,70,,1121373,21,,,1,29,,1121372,21,,,1,70,,1121385,21,,,1,30,,1103459,21,,,1,70,,1121382,21,,,1,30,,1121392,21,,,1,70,,1121387,21,,,1,30,,1121365,21,,,1,70,,1121376,21,,,1,30,,1121378,21,,,1,70,,1121390,21,,,1,30,,1121389,21,,,1,70,,1121384,21,,,1,29,,840604,21,,,1,73,,1008566,21,,,1,30,,1121368,21,,,1,70,,1121386,21,,,1,29,,1121394,21,,,1,70,,1009405,21,,,1,30,,1094368,21,,,1,68,,1121380,21,,,1,30,,1121369,21,,,1,70,,1121383,21,,,1,30,,1121393,21,,,1,70,,1121379,21,,,1,30,,1121374,21,,,1,70,,1121367,21,,,1,29,,1121377,21,,,1,70,,1121381,21,,,1,100,,1121388,21,,,1
62401,'1',1623,,1199147,36,,,1
62401,'10',1623,,1199148,36,,,1
62401,'11',1623,,1199149,36,,,1
62401,'12',1623,,1199150,36,,,1
62401,'14',1623,,1199151,36,,,1
62401,'15',1623,,1199152,36,,,1
62401,'16',1623,,1199153,36,,,1
62401,'5',1623,,1199154,36,,,1
62401,'6',1623,,1076038,36,,,1
62401,'8',1623,,1199155,36,,,1
62401,'9',1623,,1199156,36,,,1
