27901,'1',1558,,1197883,14,,,1,142,,1197880,14,,,1,59,,1197881,14,,,1,99,,1197882,14,,,1
27901,'10',1558,,1197887,14,,,1,142,,1197884,14,,,1,59,,1197885,14,,,1,99,,1197886,14,,,1
27901,'11',1558,,1197891,14,,,1,142,,1197888,14,,,1,59,,1197889,14,,,1,99,,1197890,14,,,1
27901,'12',1558,,1085958,14,,,1,142,,1036342,14,,,1,59,,1197893,14,,,1,99,,1197892,14,,,1
27901,'14',1558,,1197897,14,,,1,142,,1197894,14,,,1,59,,1197895,14,,,1,99,,1197896,14,,,1
27901,'15',1558,,1197899,14,,,1,142,,1197900,14,,,1,59,,1197901,14,,,1,99,,1197898,14,,,1
27901,'16',1558,,1197905,14,,,1,142,,1197903,14,,,1,59,,1197904,14,,,1,99,,1197902,14,,,1
27901,'5',1558,,1197909,14,,,1,142,,1197906,14,,,1,59,,1197907,14,,,1,99,,1197908,14,,,1
27901,'6',1558,,1197912,14,,,1,142,,1197910,14,,,1,59,,1197911,14,,,1,99,,1025203,14,,,1
27901,'8',1558,,1197916,14,,,1,142,,1197914,14,,,1,59,,1197915,14,,,1,99,,1197913,14,,,1
27901,'9',1558,,1197920,14,,,1,142,,1197917,14,,,1,59,,1197918,14,,,1,99,,1197919,14,,,1
30501,'11',1503,,1198199,31,,,1
30501,'15',1503,,1198200,31,,,1
