4801,'1',526,,1145426,8,0,86 87,1,80,,1145446,8,,,1,18,,1145419,8,,,1,16,,1102523,8,,,1,15,,961535,8,,,1,54,,993977,8,,,1,15,,1089533,8,,,1,16,,1145417,8,,,1,16,,1145420,8,,,1,56,,1145438,8,,,1,13,,990637,8,,,1,15,,998383,8,,,1,15,,1145443,8,,,1,70,,1145445,8,,,1,30,,1145440,8,,,1,70,,942152,8,,,1,30,,1145435,8,,,1,70,,1080478,8,,,1,30,,1145430,8,,,1,70,,1145418,8,,,1,30,,1024932,8,,,1,70,,1069587,8,,,1,30,,1145434,8,,,1,70,,1086025,8,,,1,31,,1145437,8,,,1,55,,1145431,8,,,1,15,,1145447,8,,,1,17,,1145416,8,,,1,13,,1145442,8,,,1,55,,1145448,8,,,1,15,,1145433,8,,,1,15,,1145429,8,,,1,15,,1145439,8,,,1,55,,1145441,8,,,1,15,,1145432,8,,,1,15,,1145425,8,,,1,15,,1145421,8,,,1,70,,1145427,8,,,1,30,,1145423,8,,,1,70,,1145436,8,,,1,30,,1145422,8,,,1,69,,976249,8,,,1,30,,1075528,8,,,1,70,,1022957,8,,,1,100,,1145444,8,0,86 87,1,100,,1145428,8,0,86 87,1
4801,'10',526,,1145459,8,0,86 87,1,80,,1145479,8,,,1,18,,1145452,8,,,1,16,,1102508,8,,,1,15,,961350,8,,,1,54,,994159,8,,,1,15,,1089349,8,,,1,16,,1145450,8,,,1,16,,1145453,8,,,1,56,,1145471,8,,,1,13,,990501,8,,,1,15,,998475,8,,,1,15,,1145476,8,,,1,70,,1145478,8,,,1,30,,1145473,8,,,1,70,,941876,8,,,1,30,,1145468,8,,,1,70,,1080332,8,,,1,30,,1145463,8,,,1,70,,1145451,8,,,1,30,,1025044,8,,,1,70,,1069436,8,,,1,30,,1145467,8,,,1,70,,1085741,8,,,1,31,,1145470,8,,,1,55,,1145464,8,,,1,15,,1145480,8,,,1,17,,1145449,8,,,1,13,,1145475,8,,,1,55,,1145481,8,,,1,15,,1145466,8,,,1,15,,1145462,8,,,1,15,,1145472,8,,,1,55,,1145474,8,,,1,15,,1145465,8,,,1,15,,1145458,8,,,1,15,,1145454,8,,,1,70,,1145460,8,,,1,30,,1145456,8,,,1,70,,1145469,8,,,1,30,,1145455,8,,,1,69,,975922,8,,,1,30,,1075192,8,,,1,70,,1023071,8,,,1,100,,1145477,8,0,86 87,1,100,,1145461,8,0,86 87,1
4801,'11',526,,1145492,8,0,86 87,1,80,,1145512,8,,,1,18,,1145485,8,,,1,16,,1102528,8,,,1,15,,961505,8,,,1,54,,993921,8,,,1,15,,1089584,8,,,1,16,,1145483,8,,,1,16,,1145486,8,,,1,56,,1145504,8,,,1,13,,990607,8,,,1,15,,998356,8,,,1,15,,1145509,8,,,1,70,,1145511,8,,,1,30,,1145506,8,,,1,70,,942104,8,,,1,30,,1145501,8,,,1,70,,1080522,8,,,1,30,,1145496,8,,,1,70,,1145484,8,,,1,30,,1024901,8,,,1,70,,1069633,8,,,1,30,,1145500,8,,,1,70,,1086107,8,,,1,31,,1145503,8,,,1,55,,1145497,8,,,1,15,,1145513,8,,,1,17,,1145482,8,,,1,13,,1145508,8,,,1,55,,1145514,8,,,1,15,,1145499,8,,,1,15,,1145495,8,,,1,15,,1145505,8,,,1,55,,1145507,8,,,1,15,,1145498,8,,,1,15,,1145491,8,,,1,15,,1145487,8,,,1,70,,1145493,8,,,1,30,,1145489,8,,,1,70,,1145502,8,,,1,30,,1145488,8,,,1,69,,976201,8,,,1,30,,1075620,8,,,1,70,,1022924,8,,,1,100,,1145510,8,0,86 87,1,100,,1145494,8,0,86 87,1
4801,'12',526,,1145531,8,0,86 87,1,80,,1145534,8,,,1,18,,1145519,8,,,1,16,,1145535,8,,,1,15,,1075871,8,,,1,54,,1145528,8,,,1,15,,1145539,8,,,1,16,,1145525,8,,,1,16,,1145537,8,,,1,56,,1145520,8,,,1,13,,1145529,8,,,1,15,,1145555,8,,,1,15,,1145526,8,,,1,70,,1145540,8,,,1,30,,1145532,8,,,1,70,,994271,8,,,1,30,,1062512,8,,,1,70,,1145549,8,,,1,30,,1076943,8,,,1,70,,1145543,8,,,1,30,,1145542,8,,,1,70,,1145553,8,,,1,30,,1145530,8,,,1,70,,1145544,8,,,1,31,,1145551,8,,,1,55,,1145538,8,,,1,15,,1145546,8,,,1,17,,1023311,8,,,1,13,,1145516,8,,,1,55,,1083523,8,,,1,15,,1145548,8,,,1,15,,1075435,8,,,1,15,,1145524,8,,,1,55,,1145515,8,,,1,15,,1145518,8,,,1,15,,1145536,8,,,1,15,,1145521,8,,,1,70,,1145554,8,,,1,30,,1145523,8,,,1,70,,1145552,8,,,1,30,,1145517,8,,,1,69,,1145533,8,,,1,30,,1145541,8,,,1,70,,1145527,8,,,1,100,,1145545,8,0,86 87,1,100,,1145547,8,0,86 87,1
4801,'13',752,,1145570,8,,,1,100,,1145567,8,,,1,70,,1145575,8,,,1,30,,1145556,8,,,1,71,,1145566,8,,,1,30,,1145581,8,,,1,70,,1145578,8,,,1,30,,1145557,8,,,1,70,,1145574,8,,,1,30,,1145579,8,,,1,70,,1145580,8,,,1,30,,1145569,8,,,1,70,,1145558,8,,,1,30,,1145561,8,,,1,70,,1087911,8,,,1,30,,1145576,8,,,1,70,,1069513,8,,,1,30,,1039340,8,,,1,70,,1145571,8,,,1,30,,1145563,8,,,1,70,,1145562,8,,,1,30,,1065352,8,,,1,70,,1145564,8,0,86 87,1,30,,1145565,8,0,86 87,1,70,,1145560,8,0,86 87,1,30,,1145568,8,0,86 87,1,70,,1145572,8,0,86 87,1,99,,1145559,8,0,86 87,1,119,,1145573,8,0,86 87,1
4801,'14',526,,1145602,8,0,86 87,1,80,,1145625,8,,,1,18,,1145589,8,,,1,16,,1145622,8,,,1,15,,1145593,8,,,1,54,,1145594,8,,,1,15,,1145621,8,,,1,16,,1145583,8,,,1,16,,1145590,8,,,1,56,,1145615,8,,,1,13,,1145588,8,,,1,15,,1145604,8,,,1,15,,1145620,8,,,1,70,,1145624,8,,,1,30,,1145617,8,,,1,70,,1145586,8,,,1,30,,1145612,8,,,1,70,,1145596,8,,,1,30,,1145607,8,,,1,70,,1145584,8,,,1,30,,1145628,8,,,1,70,,1145595,8,,,1,30,,1145611,8,,,1,70,,1145592,8,,,1,31,,1145614,8,,,1,55,,1145608,8,,,1,15,,1145626,8,,,1,17,,1145582,8,,,1,13,,1145619,8,,,1,55,,1145629,8,,,1,15,,1145610,8,,,1,15,,1145606,8,,,1,15,,1145616,8,,,1,55,,1145618,8,,,1,15,,1145609,8,,,1,15,,1145601,8,,,1,15,,1145591,8,,,1,70,,1145603,8,,,1,30,,1145598,8,,,1,70,,1145613,8,,,1,30,,1145597,8,,,1,69,,1145587,8,,,1,30,,1145585,8,,,1,70,,1145627,8,,,1,100,,1145623,8,0,86 87,1,100,,1145605,8,0,86 87,1
4801,'15',526,,1145673,8,0,86 87,1,80,,1145635,8,,,1,18,,1145651,8,,,1,16,,1145674,8,,,1,15,,1145671,8,,,1,54,,1145659,8,,,1,15,,1145665,8,,,1,16,,1145630,8,,,1,16,,1145647,8,,,1,56,,1145660,8,,,1,13,,1145655,8,,,1,15,,1145642,8,,,1,15,,1145656,8,,,1,70,,1145640,8,,,1,30,,1145667,8,,,1,70,,1145668,8,,,1,30,,1145646,8,,,1,70,,1145637,8,,,1,30,,1145632,8,,,1,70,,1145652,8,,,1,30,,1145666,8,,,1,70,,1145639,8,,,1,30,,1145676,8,,,1,70,,1145675,8,,,1,31,,1145663,8,,,1,55,,1145670,8,,,1,15,,1145661,8,,,1,17,,1145650,8,,,1,13,,1145631,8,,,1,55,,1145649,8,,,1,15,,1145664,8,,,1,15,,1145672,8,,,1,15,,1145657,8,,,1,55,,1145662,8,,,1,15,,1145633,8,,,1,15,,1145645,8,,,1,15,,1145648,8,,,1,70,,1145636,8,,,1,30,,1145638,8,,,1,70,,1145658,8,,,1,30,,1145653,8,,,1,69,,1145644,8,,,1,30,,1145634,8,,,1,70,,1145669,8,,,1,100,,1145677,8,0,86 87,1,100,,1145643,8,0,86 87,1
4801,'16',526,,1145694,8,0,86 87,1,80,,1145697,8,,,1,18,,1145684,8,,,1,16,,1145698,8,,,1,15,,1145710,8,,,1,54,,1145691,8,,,1,15,,1145702,8,,,1,16,,1145688,8,,,1,16,,1145700,8,,,1,56,,1145685,8,,,1,13,,1145692,8,,,1,15,,1145721,8,,,1,15,,1145689,8,,,1,70,,1145703,8,,,1,30,,1145695,8,,,1,70,,1145716,8,,,1,30,,1145682,8,,,1,70,,1145714,8,,,1,30,,1145708,8,,,1,70,,1145706,8,,,1,30,,1145705,8,,,1,70,,1145719,8,,,1,30,,1145693,8,,,1,70,,1145707,8,,,1,31,,1145717,8,,,1,55,,1145701,8,,,1,15,,1145711,8,,,1,17,,1145679,8,,,1,13,,1069838,8,,,1,55,,1145680,8,,,1,15,,1145713,8,,,1,15,,1145681,8,,,1,15,,1145687,8,,,1,55,,1145678,8,,,1,15,,1145683,8,,,1,15,,1145699,8,,,1,15,,1070056,8,,,1,70,,1145720,8,,,1,30,,1145686,8,,,1,70,,1145718,8,,,1,30,,1087595,8,,,1,69,,1145696,8,,,1,30,,1145704,8,,,1,70,,1145690,8,,,1,100,,1145709,8,0,86 87,1,100,,1145712,8,0,86 87,1
4801,'17',752,,1145737,8,,,1,100,,1145734,8,,,1,70,,1145742,8,,,1,30,,1145722,8,,,1,71,,1145733,8,,,1,30,,1145750,8,,,1,70,,1145747,8,,,1,30,,1145723,8,,,1,70,,1145741,8,,,1,30,,1145748,8,,,1,70,,1145749,8,,,1,30,,1145736,8,,,1,70,,1145724,8,,,1,30,,1145728,8,,,1,70,,1145725,8,,,1,30,,1145743,8,,,1,70,,1145746,8,,,1,30,,1145744,8,,,1,70,,1145738,8,,,1,30,,1145730,8,,,1,70,,1145729,8,,,1,30,,1145751,8,,,1,70,,1145731,8,0,86 87,1,30,,1145732,8,0,86 87,1,70,,1145727,8,0,86 87,1,30,,1145735,8,0,86 87,1,70,,1145739,8,0,86 87,1,99,,1145726,8,0,86 87,1,119,,1145740,8,0,86 87,1
4801,'2',640,,1145778,8,,,1,100,,1145753,8,,,1,70,,1145762,8,,,1,30,,1145758,8,,,1,70,,1145765,8,,,1,30,,1145779,8,,,1,71,,1145772,8,,,1,30,,1067825,8,,,1,70,,1062797,8,,,1,30,,1145773,8,,,1,70,,1145777,8,,,1,30,,1145761,8,,,1,70,,1035720,8,,,1,30,,1145770,8,,,1,70,,1145769,8,,,1,30,,1145760,8,,,1,70,,1145775,8,,,1,30,,1145763,8,,,1,70,,1145782,8,,,1,30,,1145783,8,,,1,70,,1145754,8,,,1,30,,1145764,8,,,1,70,,1145756,8,,,1,30,,1145757,8,,,1,70,,1145780,8,,,1,30,,1145774,8,,,1,70,,1145752,8,,,1,30,,1145776,8,,,1,70,,1145768,8,,,1,30,,1145766,8,,,1,69,,1145759,8,0,86 87,1,30,,1145755,8,0,86 87,1,100,,1145767,8,0,86 87,1,110,,1145781,8,0,86 87,1
4801,'3',752,,1145799,8,,,1,100,,1145796,8,,,1,70,,1145804,8,,,1,30,,1145784,8,,,1,71,,1145795,8,,,1,30,,1145812,8,,,1,70,,1145809,8,,,1,30,,1145785,8,,,1,70,,1145803,8,,,1,30,,1145810,8,,,1,70,,1145811,8,,,1,30,,1145798,8,,,1,70,,1145786,8,,,1,30,,1145790,8,,,1,70,,1145787,8,,,1,30,,1145805,8,,,1,70,,1145808,8,,,1,30,,1145806,8,,,1,70,,1145800,8,,,1,30,,1145792,8,,,1,70,,1145791,8,,,1,30,,1145813,8,,,1,70,,1145793,8,0,86 87,1,30,,1145794,8,0,86 87,1,70,,1145789,8,0,86 87,1,30,,1145797,8,0,86 87,1,70,,1145801,8,0,86 87,1,99,,1145788,8,0,86 87,1,119,,1145802,8,0,86 87,1
4801,'4',752,,1145841,8,,,1,100,,1145817,8,,,1,70,,1145819,8,,,1,30,,1145839,8,,,1,71,,1145816,8,,,1,30,,1145835,8,,,1,70,,1145834,8,,,1,30,,1145840,8,,,1,70,,1145815,8,,,1,30,,1145828,8,,,1,70,,1145820,8,,,1,30,,1145832,8,,,1,70,,1145826,8,,,1,30,,1145822,8,,,1,70,,1145818,8,,,1,30,,1145830,8,,,1,70,,1096067,8,,,1,30,,1145833,8,,,1,70,,1145814,8,,,1,30,,1145823,8,,,1,70,,1145825,8,,,1,30,,1145829,8,,,1,70,,1145838,8,0,86 87,1,30,,1145824,8,0,86 87,1,70,,965124,8,0,86 87,1,30,,1145837,8,0,86 87,1,70,,1145827,8,0,86 87,1,99,,1145836,8,0,86 87,1,119,,1145821,8,0,86 87,1
4801,'5',526,,1145852,8,0,86 87,1,80,,1145872,8,,,1,18,,1145845,8,,,1,16,,1102518,8,,,1,15,,961620,8,,,1,54,,993693,8,,,1,15,,1089498,8,,,1,16,,1145843,8,,,1,16,,1145846,8,,,1,56,,1145864,8,,,1,13,,990727,8,,,1,15,,998207,8,,,1,15,,1145869,8,,,1,70,,1145871,8,,,1,30,,1145866,8,,,1,70,,942304,8,,,1,30,,1145861,8,,,1,70,,1080456,8,,,1,30,,1145856,8,,,1,70,,1145844,8,,,1,30,,1024722,8,,,1,70,,1069564,8,,,1,30,,1145860,8,,,1,70,,1085974,8,,,1,31,,1145863,8,,,1,55,,1145857,8,,,1,15,,1145873,8,,,1,17,,1145842,8,,,1,13,,1145868,8,,,1,55,,1145874,8,,,1,15,,1145859,8,,,1,15,,1145855,8,,,1,15,,1145865,8,,,1,55,,1145867,8,,,1,15,,1145858,8,,,1,15,,1145851,8,,,1,15,,1145847,8,,,1,70,,1145853,8,,,1,30,,1145849,8,,,1,70,,1145862,8,,,1,30,,1145848,8,,,1,69,,976404,8,,,1,30,,1075486,8,,,1,70,,1022755,8,,,1,100,,1145870,8,0,86 87,1,100,,1145854,8,0,86 87,1
4801,'6',526,,1145891,8,0,86 87,1,80,,1145893,8,,,1,18,,1067665,8,,,1,16,,1145894,8,,,1,15,,1145905,8,,,1,54,,1145888,8,,,1,15,,1145897,8,,,1,16,,1068943,8,,,1,16,,1145896,8,,,1,56,,1145881,8,,,1,13,,1145889,8,,,1,15,,1145912,8,,,1,15,,1145886,8,,,1,70,,1145898,8,,,1,30,,1145892,8,,,1,70,,1145910,8,,,1,30,,1145880,8,,,1,70,,1082709,8,,,1,30,,1145903,8,,,1,70,,1145901,8,,,1,30,,1145900,8,,,1,70,,1097585,8,,,1,30,,1145890,8,,,1,70,,1145902,8,,,1,31,,1145911,8,,,1,55,,1022782,8,,,1,15,,1145906,8,,,1,17,,1145875,8,,,1,13,,1145878,8,,,1,55,,1145876,8,,,1,15,,1145908,8,,,1,15,,1145877,8,,,1,15,,1145885,8,,,1,55,,1043182,8,,,1,15,,1063253,8,,,1,15,,1145895,8,,,1,15,,1145882,8,,,1,70,,1093570,8,,,1,30,,1145884,8,,,1,70,,1042728,8,,,1,30,,1145879,8,,,1,69,,1098433,8,,,1,30,,1145899,8,,,1,70,,1145887,8,,,1,100,,1145904,8,0,86 87,1,100,,1145907,8,0,86 87,1
4801,'7',640,,1145941,8,,,1,100,,1145946,8,,,1,70,,1145929,8,,,1,30,,1145917,8,,,1,70,,1145925,8,,,1,30,,1145913,8,,,1,71,,1145918,8,,,1,30,,1145915,8,,,1,70,,1145947,8,,,1,30,,1145928,8,,,1,70,,1145926,8,,,1,30,,1145935,8,,,1,70,,1145936,8,,,1,30,,1145921,8,,,1,70,,1145943,8,,,1,30,,1145914,8,,,1,70,,1145931,8,,,1,30,,1145938,8,,,1,70,,1145937,8,,,1,30,,1145932,8,,,1,70,,1145922,8,,,1,30,,1145940,8,,,1,70,,1145948,8,,,1,30,,1145944,8,,,1,70,,1145919,8,,,1,30,,1145930,8,,,1,70,,1145934,8,,,1,30,,1145924,8,,,1,70,,1145942,8,,,1,30,,1145927,8,,,1,69,,1145939,8,0,86 87,1,30,,1145945,8,0,86 87,1,100,,1145923,8,0,86 87,1,110,,1145920,8,0,86 87,1
4801,'8',526,,1145969,8,0,86 87,1,80,,1145972,8,,,1,18,,1145957,8,,,1,16,,1145973,8,,,1,15,,1145985,8,,,1,54,,1145966,8,,,1,15,,1145977,8,,,1,16,,1145963,8,,,1,16,,1145975,8,,,1,56,,1145958,8,,,1,13,,1145967,8,,,1,15,,1145996,8,,,1,15,,1145964,8,,,1,70,,1145978,8,,,1,30,,1145970,8,,,1,70,,1145991,8,,,1,30,,1145955,8,,,1,70,,1145989,8,,,1,30,,1145983,8,,,1,70,,1145981,8,,,1,30,,1145980,8,,,1,70,,1145994,8,,,1,30,,1145968,8,,,1,70,,1145982,8,,,1,31,,1145992,8,,,1,55,,1145976,8,,,1,15,,1145986,8,,,1,17,,1145950,8,,,1,13,,1145953,8,,,1,55,,1145951,8,,,1,15,,1145988,8,,,1,15,,1145952,8,,,1,15,,1145962,8,,,1,55,,1145949,8,,,1,15,,1145956,8,,,1,15,,1145974,8,,,1,15,,1145959,8,,,1,70,,1145995,8,,,1,30,,1145961,8,,,1,70,,1145993,8,,,1,30,,1145954,8,,,1,69,,1145971,8,,,1,30,,1145979,8,,,1,70,,1145965,8,,,1,100,,1145984,8,0,86 87,1,100,,1145987,8,0,86 87,1
4801,'9',526,,1146007,8,0,86 87,1,80,,1146027,8,,,1,18,,1146000,8,,,1,16,,1102513,8,,,1,15,,961590,8,,,1,54,,994033,8,,,1,15,,1089413,8,,,1,16,,1145998,8,,,1,16,,1146001,8,,,1,56,,1146019,8,,,1,13,,990697,8,,,1,15,,998410,8,,,1,15,,1146024,8,,,1,70,,1146026,8,,,1,30,,1146021,8,,,1,70,,942256,8,,,1,30,,1146016,8,,,1,70,,1080383,8,,,1,30,,1146011,8,,,1,70,,1145999,8,,,1,30,,1024963,8,,,1,70,,1069484,8,,,1,30,,1146015,8,,,1,70,,1085828,8,,,1,31,,1146018,8,,,1,55,,1146012,8,,,1,15,,1146028,8,,,1,17,,1145997,8,,,1,13,,1146023,8,,,1,55,,1146029,8,,,1,15,,1146014,8,,,1,15,,1146010,8,,,1,15,,1146020,8,,,1,55,,1146022,8,,,1,15,,1146013,8,,,1,15,,1146006,8,,,1,15,,1146002,8,,,1,70,,1146008,8,,,1,30,,1146004,8,,,1,70,,1146017,8,,,1,30,,1146003,8,,,1,69,,976356,8,,,1,30,,1075290,8,,,1,70,,1022990,8,,,1,100,,1146025,8,0,86 87,1,100,,1146009,8,0,86 87,1
