5701,'1',638,,1150931,46,,,1,10,,1150940,45,,,1,55,,1150932,45,,,1,15,,1150917,45,,,1,15,,1150925,45,,,1,15,,1150945,45,,,1,54,,1150939,45,,,1,18,,1150947,45,,,1,14,,1053802,45,,,1,18,,903653,45,,,1,53,,1150927,45,,,1,30,,1088753,45,,,1,72,,1150926,45,,,1,30,,1150929,45,,,1,70,,1150930,45,,,1,30,,1150937,45,,,1,70,,1150918,45,,,1,30,,1150923,45,,,1,69,,1150910,45,,,1,30,,1050139,45,,,1,70,,1023254,45,,,1,29,,1150928,45,,,1,70,,1150933,45,,,1,31,,1150936,45,,,1,70,,1150909,45,,,1,31,,1150912,45,,,1,71,,1093389,45,,,1,30,,1150911,45,,,1,70,,1150913,45,,,1,30,,1150908,45,,,1,73,,1150943,45,,,1,25,,1001305,45,,,1,70,,1150919,45,,,1,30,,1150938,45,,,1,70,,1102433,45,,,1,30,,1150914,45,,,1,67,,1150942,45,,,1,30,,1150921,45,,,1,73,,1150941,46,,,1,34,,1150915,46,,,1,76,,1150920,46,,,1
5701,'10',638,,1150971,46,,,1,10,,1150980,45,,,1,55,,1150972,45,,,1,15,,1150957,45,,,1,15,,1150965,45,,,1,15,,1150985,45,,,1,54,,1150979,45,,,1,18,,1150987,45,,,1,14,,1053895,45,,,1,18,,903703,45,,,1,53,,1150967,45,,,1,30,,1088348,45,,,1,72,,1150966,45,,,1,30,,1150969,45,,,1,70,,1150970,45,,,1,30,,1150977,45,,,1,70,,1150958,45,,,1,30,,1150963,45,,,1,69,,1150950,45,,,1,30,,1050212,45,,,1,70,,1023298,45,,,1,29,,1150968,45,,,1,70,,1150973,45,,,1,31,,1150976,45,,,1,70,,1150949,45,,,1,31,,1150952,45,,,1,71,,1093073,45,,,1,30,,1150951,45,,,1,70,,1150953,45,,,1,30,,1150948,45,,,1,73,,1150983,45,,,1,25,,1001452,45,,,1,70,,1150959,45,,,1,30,,1150978,45,,,1,70,,1102418,45,,,1,30,,1150954,45,,,1,67,,1150982,45,,,1,30,,1150961,45,,,1,73,,1150981,46,,,1,34,,1150955,46,,,1,76,,1150960,46,,,1
5701,'11',638,,1151011,46,,,1,10,,1151020,45,,,1,55,,1151012,45,,,1,15,,1150997,45,,,1,15,,1151005,45,,,1,15,,1151025,45,,,1,54,,1151019,45,,,1,18,,1151027,45,,,1,14,,1053774,45,,,1,18,,903553,45,,,1,53,,1151007,45,,,1,30,,1088874,45,,,1,72,,1151006,45,,,1,30,,1151009,45,,,1,70,,1151010,45,,,1,30,,1151017,45,,,1,70,,1150998,45,,,1,30,,1151003,45,,,1,69,,1150990,45,,,1,30,,1050118,45,,,1,70,,1023240,45,,,1,29,,1151008,45,,,1,70,,1151013,45,,,1,31,,1151016,45,,,1,70,,1150989,45,,,1,31,,1150992,45,,,1,71,,1093480,45,,,1,30,,1150991,45,,,1,70,,1150993,45,,,1,30,,1150988,45,,,1,73,,1151023,45,,,1,25,,1001264,45,,,1,70,,1150999,45,,,1,30,,1151018,45,,,1,70,,1102438,45,,,1,30,,1150994,45,,,1,67,,1151022,45,,,1,30,,1151001,45,,,1,73,,1151021,46,,,1,34,,1150995,46,,,1,76,,1151000,46,,,1
5701,'12',638,,1151033,46,,,1,10,,1151074,45,,,1,55,,1151071,45,,,1,15,,1151058,45,,,1,15,,1151041,45,,,1,15,,1151049,45,,,1,54,,1151057,45,,,1,18,,1151066,45,,,1,14,,1066071,45,,,1,18,,1151028,45,,,1,53,,1151062,45,,,1,30,,1151064,45,,,1,72,,1151050,45,,,1,30,,1151031,45,,,1,70,,1151068,45,,,1,30,,1151061,45,,,1,70,,1151036,45,,,1,30,,1151032,45,,,1,69,,1151040,45,,,1,30,,1151056,45,,,1,70,,1151059,45,,,1,29,,1151034,45,,,1,70,,1151069,45,,,1,31,,1151070,45,,,1,70,,1151042,45,,,1,31,,1151038,45,,,1,71,,1151067,45,,,1,30,,1151029,45,,,1,70,,1151072,45,,,1,30,,1151044,45,,,1,73,,1151065,45,,,1,25,,1151030,45,,,1,70,,1151046,45,,,1,30,,1151037,45,,,1,70,,1151052,45,,,1,30,,1151035,45,,,1,67,,1151051,45,,,1,30,,1075451,45,,,1,73,,1151048,46,,,1,34,,1151047,46,,,1,76,,1151043,46,,,1
5701,'13',945,,1151082,46,,,1,100,,1151091,46,,,1,102,,1151087,46,,,1,100,,1151080,46,,,1,100,,1151090,46,,,1,100,,1151092,46,,,1,100,,1151101,46,,,1,100,,1151077,46,,,1,100,,1151081,46,,,1
5701,'14',638,,1151128,46,,,1,10,,1151137,45,,,1,55,,1151129,45,,,1,15,,1151114,45,,,1,15,,1151122,45,,,1,15,,1151143,45,,,1,54,,1151136,45,,,1,18,,1151146,45,,,1,14,,1151149,45,,,1,18,,1151106,45,,,1,53,,1151124,45,,,1,30,,1151104,45,,,1,72,,1151123,45,,,1,30,,1151126,45,,,1,70,,1151127,45,,,1,30,,1151134,45,,,1,70,,1151115,45,,,1,30,,1151120,45,,,1,69,,1151107,45,,,1,30,,1151147,45,,,1,70,,1151148,45,,,1,29,,1151125,45,,,1,70,,1151130,45,,,1,31,,1151133,45,,,1,70,,1151103,45,,,1,31,,1151109,45,,,1,71,,1151105,45,,,1,30,,1151108,45,,,1,70,,1151110,45,,,1,30,,1151102,45,,,1,73,,1151140,45,,,1,25,,1151142,45,,,1,70,,1151116,45,,,1,30,,1151135,45,,,1,70,,1151150,45,,,1,30,,1151111,45,,,1,67,,1151139,45,,,1,30,,1151118,45,,,1,73,,1151138,46,,,1,34,,1151112,46,,,1,76,,1151117,46,,,1
5701,'15',638,,1151166,46,,,1,10,,1151174,45,,,1,55,,1151157,45,,,1,15,,1151181,45,,,1,15,,1151155,45,,,1,15,,1151171,45,,,1,54,,1151153,45,,,1,18,,1151169,45,,,1,14,,1151156,45,,,1,18,,1151158,45,,,1,53,,1151188,45,,,1,30,,1151196,45,,,1,72,,1151162,45,,,1,30,,1151190,45,,,1,70,,1151172,45,,,1,30,,1151151,45,,,1,70,,1151183,45,,,1,30,,1151178,45,,,1,69,,1151163,45,,,1,30,,1151197,45,,,1,70,,1151165,45,,,1,29,,1151185,45,,,1,70,,1151194,45,,,1,31,,1151152,45,,,1,70,,1151175,45,,,1,31,,1151176,45,,,1,71,,1151168,45,,,1,30,,1151199,45,,,1,70,,1151184,45,,,1,30,,1151179,45,,,1,73,,1151191,45,,,1,25,,1151193,45,,,1,70,,1151177,45,,,1,30,,1151186,45,,,1,70,,1151154,45,,,1,30,,1151198,45,,,1,67,,1151167,45,,,1,30,,1151195,45,,,1,73,,1151189,46,,,1,34,,1151192,46,,,1,76,,1151159,46,,,1
5701,'16',638,,1151202,46,,,1,10,,1151243,45,,,1,55,,1063677,45,,,1,15,,1151228,45,,,1,15,,1151211,45,,,1,15,,1151219,45,,,1,54,,1151227,45,,,1,18,,1151236,45,,,1,14,,1151201,45,,,1,18,,1079860,45,,,1,53,,1151232,45,,,1,30,,1151234,45,,,1,72,,1151220,45,,,1,30,,1007736,45,,,1,70,,1151238,45,,,1,30,,1151231,45,,,1,70,,1151206,45,,,1,30,,1071948,45,,,1,69,,1151210,45,,,1,30,,1151226,45,,,1,70,,1151229,45,,,1,29,,1151203,45,,,1,70,,1151239,45,,,1,31,,1151240,45,,,1,70,,1151212,45,,,1,31,,1151208,45,,,1,71,,1151237,45,,,1,30,,942496,45,,,1,70,,1151241,45,,,1,30,,1151214,45,,,1,73,,1151235,45,,,1,25,,1151200,45,,,1,70,,1151216,45,,,1,30,,1151207,45,,,1,70,,1151222,45,,,1,30,,1151205,45,,,1,67,,1151221,45,,,1,30,,1151204,45,,,1,73,,1151218,46,,,1,34,,1151217,46,,,1,76,,1151213,46,,,1
5701,'17',945,,1151252,46,,,1,100,,1151261,46,,,1,102,,1151257,46,,,1,100,,1151250,46,,,1,100,,1151260,46,,,1,100,,1151262,46,,,1,100,,1151271,46,,,1,100,,1151247,46,,,1,100,,1151251,46,,,1
5701,'2',816,,1151279,46,0,59 60,1,33,,1151287,46,,,1,100,,1151280,46,,,1,100,,1151278,46,,,1,102,,1151289,46,,,1,100,,1151282,46,,,1,100,,1151275,46,,,1,100,,1151281,46,,,1,100,,1151290,46,,,1,100,,1062316,46,,,1,100,,1067141,46,,,1,100,,1151283,46,,,1,100,,1151284,46,,,1,98,,1061541,46,,,1,100,,1151276,46,,,1,100,,1151277,46,,,1
5701,'3',945,,1151299,46,,,1,100,,1151308,46,,,1,102,,1151304,46,,,1,100,,1151297,46,,,1,100,,1151307,46,,,1,100,,1151309,46,,,1,100,,1151318,46,,,1,100,,1151294,46,,,1,100,,1151298,46,,,1
5701,'4',945,,1151331,46,,,1,100,,1151330,46,,,1,102,,1151326,46,,,1,100,,1151344,46,,,1,100,,1151332,46,,,1,100,,1151325,46,,,1,100,,1151343,46,,,1,100,,1151338,46,,,1,100,,1151323,46,,,1
5701,'5',638,,1151370,46,,,1,10,,1151379,45,,,1,55,,1151371,45,,,1,15,,1151356,45,,,1,15,,1151364,45,,,1,15,,1151384,45,,,1,54,,1151378,45,,,1,18,,1151386,45,,,1,14,,1053653,45,,,1,18,,903857,45,,,1,53,,1151366,45,,,1,30,,1088689,45,,,1,72,,1151365,45,,,1,30,,1151368,45,,,1,70,,1151369,45,,,1,30,,1151376,45,,,1,70,,1151357,45,,,1,30,,1151362,45,,,1,69,,1151349,45,,,1,30,,1050041,45,,,1,70,,1023181,45,,,1,29,,1151367,45,,,1,70,,1151372,45,,,1,31,,1151375,45,,,1,70,,1151348,45,,,1,31,,1151351,45,,,1,71,,1093334,45,,,1,30,,1151350,45,,,1,70,,1151352,45,,,1,30,,1151347,45,,,1,73,,1151382,45,,,1,25,,1001045,45,,,1,70,,1151358,45,,,1,30,,1151377,45,,,1,70,,1102428,45,,,1,30,,1151353,45,,,1,67,,1151381,45,,,1,30,,1151360,45,,,1,73,,1151380,46,,,1,34,,1151354,46,,,1,76,,1151359,46,,,1
5701,'6',638,,1001082,46,,,1,10,,1151430,45,,,1,55,,1151427,45,,,1,15,,1151416,45,,,1,15,,1151399,45,,,1,15,,1151407,45,,,1,54,,1151415,45,,,1,18,,1151424,45,,,1,14,,1151389,45,,,1,18,,1151387,45,,,1,53,,1151420,45,,,1,30,,1151422,45,,,1,72,,1151408,45,,,1,30,,1151390,45,,,1,70,,1151425,45,,,1,30,,1151419,45,,,1,70,,1151394,45,,,1,30,,1151391,45,,,1,69,,1151398,45,,,1,30,,1151414,45,,,1,70,,1151417,45,,,1,29,,1081768,45,,,1,70,,1151426,45,,,1,31,,1103700,45,,,1,70,,1151400,45,,,1,31,,1151396,45,,,1,71,,1100104,45,,,1,30,,1151388,45,,,1,70,,1151428,45,,,1,30,,1151402,45,,,1,73,,1151423,45,,,1,25,,1084814,45,,,1,70,,1151404,45,,,1,30,,1151395,45,,,1,70,,1151410,45,,,1,30,,1151393,45,,,1,67,,1151409,45,,,1,30,,1151392,45,,,1,73,,1151406,46,,,1,34,,1151405,46,,,1,76,,1151401,46,,,1
5701,'7',816,,1151453,46,0,59 60,1,33,,1151450,46,,,1,100,,1151452,46,,,1,100,,1151438,46,,,1,102,,1151451,46,,,1,100,,1151440,46,,,1,100,,1151435,46,,,1,100,,1151446,46,,,1,100,,1151437,46,,,1,100,,1151449,46,,,1,100,,1151431,46,,,1,100,,1151442,46,,,1,100,,1151447,46,,,1,98,,1151436,46,,,1,100,,1151448,46,,,1,100,,1151454,46,,,1
5701,'8',638,,1151461,46,,,1,10,,1151503,45,,,1,55,,1151500,45,,,1,15,,1151487,45,,,1,15,,1151470,45,,,1,15,,1151478,45,,,1,54,,1151486,45,,,1,18,,1151495,45,,,1,14,,1151458,45,,,1,18,,1151455,45,,,1,53,,1151491,45,,,1,30,,1151493,45,,,1,72,,1151479,45,,,1,30,,1151459,45,,,1,70,,1151497,45,,,1,30,,1151490,45,,,1,70,,1151465,45,,,1,30,,1151460,45,,,1,69,,1151469,45,,,1,30,,1151485,45,,,1,70,,1151488,45,,,1,29,,1151462,45,,,1,70,,1151498,45,,,1,31,,1151499,45,,,1,70,,1151471,45,,,1,31,,1151467,45,,,1,71,,1151496,45,,,1,30,,1151456,45,,,1,70,,1151501,45,,,1,30,,1151473,45,,,1,73,,1151494,45,,,1,25,,1151457,45,,,1,70,,1151475,45,,,1,30,,1151466,45,,,1,70,,1151481,45,,,1,30,,1151464,45,,,1,67,,1151480,45,,,1,30,,1151463,45,,,1,73,,1151477,46,,,1,34,,1151476,46,,,1,76,,1151472,46,,,1
5701,'9',638,,1151527,46,,,1,10,,1151536,45,,,1,55,,1151528,45,,,1,15,,1151513,45,,,1,15,,1151521,45,,,1,15,,1151541,45,,,1,54,,1151535,45,,,1,18,,1151543,45,,,1,14,,1053830,45,,,1,18,,903753,45,,,1,53,,1151523,45,,,1,30,,1088474,45,,,1,72,,1151522,45,,,1,30,,1151525,45,,,1,70,,1151526,45,,,1,30,,1151533,45,,,1,70,,1151514,45,,,1,30,,1151519,45,,,1,69,,1151506,45,,,1,30,,1050160,45,,,1,70,,1023268,45,,,1,29,,1151524,45,,,1,70,,1151529,45,,,1,31,,1151532,45,,,1,70,,1151505,45,,,1,31,,1151508,45,,,1,71,,1093178,45,,,1,30,,1151507,45,,,1,70,,1151509,45,,,1,30,,1151504,45,,,1,73,,1151539,45,,,1,25,,1001346,45,,,1,70,,1151515,45,,,1,30,,1151534,45,,,1,70,,1102423,45,,,1,30,,1151510,45,,,1,67,,1151538,45,,,1,30,,1151517,45,,,1,73,,1151537,46,,,1,34,,1151511,46,,,1,76,,1151516,46,,,1
