6201,'1',602,,1155363,15,,,1,28,,1155371,15,,,1,26,,1155364,14,,,1,70,,938243,14,,,1,30,,1155358,14,,,1,72,,1155350,14,,,1,28,,1155356,14,,,1,70,,1155359,14,,,1,30,,1155366,14,,,1,70,,1155353,14,,,1,30,,1155373,14,,,1,70,,1155377,14,,,1,25,,1155375,14,,,1,70,,1155374,14,,,1,30,,1074978,14,,,1,71,,1155379,14,,,1,30,,1155368,14,,,1,70,,1155376,14,,,1,30,,1155378,14,,,1,68,,1155365,14,,,1,31,,1155370,14,,,1,71,,1155352,14,,,1,29,,1064916,14,,,1,70,,944323,14,,,1,30,,1090886,14,,,1,70,,1155372,14,,,1,30,,1155369,14,,,1,70,,1155349,14,,,1,32,,1155348,14,,,1,70,,1155361,14,,,1,30,,1155351,14,,,1,70,,1155357,14,,,1,30,,962785,14,,,1,69,,1155355,14,,,1,36,,1155354,15,,,1,71,,1155367,15,,,1,30,,1155362,15,,,1,75,,1155360,15,,,1
6201,'10',602,,1155395,15,,,1,28,,1155403,15,,,1,26,,1155396,14,,,1,70,,937875,14,,,1,30,,1155390,14,,,1,72,,1155382,14,,,1,28,,1155388,14,,,1,70,,1155391,14,,,1,30,,1155398,14,,,1,70,,1155385,14,,,1,30,,1155405,14,,,1,70,,1155409,14,,,1,25,,1155407,14,,,1,70,,1155406,14,,,1,30,,1074606,14,,,1,71,,1155411,14,,,1,30,,1155400,14,,,1,70,,1155408,14,,,1,30,,1155410,14,,,1,68,,1155397,14,,,1,31,,1155402,14,,,1,71,,1155384,14,,,1,29,,1064781,14,,,1,70,,944058,14,,,1,30,,1090645,14,,,1,70,,1155404,14,,,1,30,,1155401,14,,,1,70,,1155381,14,,,1,32,,1155380,14,,,1,70,,1155393,14,,,1,30,,1155383,14,,,1,70,,1155389,14,,,1,30,,962549,14,,,1,69,,1155387,14,,,1,36,,1155386,15,,,1,71,,1155399,15,,,1,30,,1155394,15,,,1,75,,1155392,15,,,1
6201,'11',602,,1155427,15,,,1,28,,1155435,15,,,1,26,,1155428,14,,,1,70,,938197,14,,,1,30,,1155422,14,,,1,72,,1155414,14,,,1,28,,1155420,14,,,1,70,,1155423,14,,,1,30,,1155430,14,,,1,70,,1155417,14,,,1,30,,1155437,14,,,1,70,,1155441,14,,,1,25,,1155439,14,,,1,70,,1155438,14,,,1,30,,1075084,14,,,1,71,,1155443,14,,,1,30,,1155432,14,,,1,70,,1155440,14,,,1,30,,1155442,14,,,1,68,,1155429,14,,,1,31,,1155434,14,,,1,71,,1155416,14,,,1,29,,1064961,14,,,1,70,,944275,14,,,1,30,,1090957,14,,,1,70,,1155436,14,,,1,30,,1155433,14,,,1,70,,1155413,14,,,1,32,,1155412,14,,,1,70,,1155425,14,,,1,30,,1155415,14,,,1,70,,1155421,14,,,1,30,,962743,14,,,1,69,,1155419,14,,,1,36,,1155418,15,,,1,71,,1155431,15,,,1,30,,1155426,15,,,1,75,,1155424,15,,,1
6201,'12',602,,1155463,15,,,1,28,,1155458,15,,,1,26,,1155452,14,,,1,70,,1155456,14,,,1,30,,1155450,14,,,1,72,,1155448,14,,,1,28,,1155462,14,,,1,70,,1155465,14,,,1,30,,1155472,14,,,1,70,,1155445,14,,,1,30,,1155453,14,,,1,70,,1155469,14,,,1,25,,1155457,14,,,1,70,,1155471,14,,,1,30,,1155474,14,,,1,71,,1155473,14,,,1,30,,1084985,14,,,1,70,,1155444,14,,,1,30,,1155446,14,,,1,68,,1155447,14,,,1,31,,1155467,14,,,1,71,,1155459,14,,,1,29,,1155455,14,,,1,70,,1016321,14,,,1,30,,997690,14,,,1,70,,1155476,14,,,1,30,,1155475,14,,,1,70,,1155470,14,,,1,32,,1155466,14,,,1,70,,1155449,14,,,1,30,,1072315,14,,,1,70,,1155461,14,,,1,30,,1155460,14,,,1,69,,1155468,14,,,1,36,,1155454,15,,,1,71,,1155451,15,,,1,30,,1073800,15,,,1,75,,1155464,15,,,1
6201,'13',824,,1155480,15,,,1,31,,1155479,15,,,1,70,,1155494,15,,,1,30,,1155498,15,,,1,70,,1155504,15,,,1,30,,1083097,15,,,1,70,,1155500,15,,,1,30,,1155497,15,,,1,70,,1155492,15,,,1,30,,1155505,15,,,1,70,,1155489,15,,,1,30,,1155502,15,,,1,70,,1155484,15,,,1,30,,1155486,15,,,1,70,,1155485,15,,,1,30,,1155503,15,,,1,70,,1155488,15,,,1,30,,1155496,15,,,1,70,,1155501,15,,,1,30,,1155495,15,,,1,70,,1155490,15,,,1,30,,1155499,15,,,1,70,,1155493,15,,,1,30,,1155491,15,,,1,70,,1155487,15,,,1,29,,1155483,15,,,1,70,,1155481,15,,,1,30,,1155482,15,,,1,70,,1155477,15,,,1,30,,1155478,15,,,1
6201,'14',602,,1155522,15,,,1,28,,1155530,15,,,1,26,,1155523,14,,,1,70,,1155543,14,,,1,30,,1155517,14,,,1,72,,1155509,14,,,1,28,,1155515,14,,,1,70,,1155518,14,,,1,30,,1155525,14,,,1,70,,1155512,14,,,1,30,,1155532,14,,,1,70,,1155536,14,,,1,25,,1155534,14,,,1,70,,1155533,14,,,1,30,,1155506,14,,,1,71,,1155542,14,,,1,30,,1155527,14,,,1,70,,1155535,14,,,1,30,,1155540,14,,,1,68,,1155524,14,,,1,31,,1155529,14,,,1,71,,1155511,14,,,1,29,,1155539,14,,,1,70,,1155537,14,,,1,30,,1155541,14,,,1,70,,1155531,14,,,1,30,,1155528,14,,,1,70,,1155508,14,,,1,32,,1155507,14,,,1,70,,1155520,14,,,1,30,,1155510,14,,,1,70,,1155516,14,,,1,30,,1155538,14,,,1,69,,1155514,14,,,1,36,,1155513,15,,,1,71,,1155526,15,,,1,30,,1155521,15,,,1,75,,1155519,15,,,1
6201,'15',602,,1155554,15,,,1,28,,1155577,15,,,1,26,,1155560,14,,,1,70,,1155544,14,,,1,30,,1155561,14,,,1,72,,1155555,14,,,1,28,,1155567,14,,,1,70,,1155548,14,,,1,30,,1155565,14,,,1,70,,1155557,14,,,1,30,,1155574,14,,,1,70,,1155558,14,,,1,25,,1155552,14,,,1,70,,1155569,14,,,1,30,,1155559,14,,,1,71,,1155547,14,,,1,30,,1155553,14,,,1,70,,1155568,14,,,1,30,,1155550,14,,,1,68,,1155549,14,,,1,31,,1155579,14,,,1,71,,1155571,14,,,1,29,,1155578,14,,,1,70,,1155556,14,,,1,30,,1155580,14,,,1,70,,1155576,14,,,1,30,,1155546,14,,,1,70,,1155563,14,,,1,32,,1155575,14,,,1,70,,1155572,14,,,1,30,,1155566,14,,,1,70,,1155581,14,,,1,30,,1155564,14,,,1,69,,1155562,14,,,1,36,,1155545,15,,,1,71,,1155573,15,,,1,30,,1155570,15,,,1,75,,1155551,15,,,1
6201,'16',602,,1155601,15,,,1,28,,1155596,15,,,1,26,,1155590,14,,,1,70,,1155594,14,,,1,30,,1085626,14,,,1,72,,1155588,14,,,1,28,,1155600,14,,,1,70,,1070339,14,,,1,30,,1155608,14,,,1,70,,953204,14,,,1,30,,1155591,14,,,1,70,,1155605,14,,,1,25,,1155595,14,,,1,70,,1155607,14,,,1,30,,1155610,14,,,1,71,,1155609,14,,,1,30,,1155582,14,,,1,70,,1155583,14,,,1,30,,1155584,14,,,1,68,,1155587,14,,,1,31,,1155604,14,,,1,71,,1155597,14,,,1,29,,1155593,14,,,1,70,,1155613,14,,,1,30,,1155586,14,,,1,70,,1155611,14,,,1,30,,1061785,14,,,1,70,,1155606,14,,,1,32,,1155603,14,,,1,70,,1155589,14,,,1,30,,1155612,14,,,1,70,,1155599,14,,,1,30,,1155598,14,,,1,69,,1066191,14,,,1,36,,1155592,15,,,1,71,,1061776,15,,,1,30,,1155585,15,,,1,75,,1155602,15,,,1
6201,'17',824,,1155617,15,,,1,31,,1155616,15,,,1,70,,1155631,15,,,1,30,,1155635,15,,,1,70,,1155641,15,,,1,30,,1155643,15,,,1,70,,1155637,15,,,1,30,,1155634,15,,,1,70,,1155629,15,,,1,30,,1155642,15,,,1,70,,1155626,15,,,1,30,,1155639,15,,,1,70,,1155621,15,,,1,30,,1155623,15,,,1,70,,1155622,15,,,1,30,,1155640,15,,,1,70,,1155625,15,,,1,30,,1155633,15,,,1,70,,1155638,15,,,1,30,,1155632,15,,,1,70,,1155627,15,,,1,30,,1155636,15,,,1,70,,1155630,15,,,1,30,,1155628,15,,,1,70,,1155624,15,,,1,29,,1155620,15,,,1,70,,1155618,15,,,1,30,,1155619,15,,,1,70,,1155614,15,,,1,30,,1155615,15,,,1
6201,'2',741,,1155658,15,,,1,70,,1155645,15,,,1,30,,1155672,15,,,1,70,,1155660,15,,,1,30,,1068163,15,,,1,70,,1155664,15,,,1,29,,1155670,15,,,1,70,,1155651,15,,,1,30,,1008920,15,,,1,70,,1155644,15,,,1,30,,1155666,15,,,1,70,,1155659,15,,,1,30,,1155673,15,,,1,70,,1155661,15,,,1,30,,1155654,15,,,1,70,,1155650,15,,,1,30,,1155669,15,,,1,70,,1155648,15,,,1,30,,1155655,15,,,1,70,,1155662,15,,,1,30,,1155652,15,,,1,70,,1155665,15,,,1,30,,1155671,15,,,1,70,,1155653,15,,,1,30,,1155663,15,,,1,70,,1155668,15,,,1,29,,1155667,15,,,1,70,,1155657,15,,,1,30,,1155647,15,,,1,70,,1155646,15,,,1,30,,1155649,15,,,1,70,,1155656,15,,,1
6201,'3',824,,1155677,15,,,1,31,,1155676,15,,,1,70,,1155691,15,,,1,30,,1155695,15,,,1,70,,1155701,15,,,1,30,,1155703,15,,,1,70,,1155697,15,,,1,30,,1155694,15,,,1,70,,1155689,15,,,1,30,,1155702,15,,,1,70,,1155686,15,,,1,30,,1155699,15,,,1,70,,1155681,15,,,1,30,,1155683,15,,,1,70,,1155682,15,,,1,30,,1155700,15,,,1,70,,1155685,15,,,1,30,,1155693,15,,,1,70,,1155698,15,,,1,30,,1155692,15,,,1,70,,1155687,15,,,1,30,,1155696,15,,,1,70,,1155690,15,,,1,30,,1155688,15,,,1,70,,1155684,15,,,1,29,,1155680,15,,,1,70,,1155678,15,,,1,30,,1155679,15,,,1,70,,1155674,15,,,1,30,,1155675,15,,,1
6201,'4',824,,1155709,15,,,1,31,,1155730,15,,,1,70,,1155715,15,,,1,30,,1155717,15,,,1,70,,1090786,15,,,1,30,,1155704,15,,,1,70,,1155713,15,,,1,30,,1155728,15,,,1,70,,1155718,15,,,1,30,,1155731,15,,,1,70,,1155714,15,,,1,30,,1155727,15,,,1,70,,1155724,15,,,1,30,,1155725,15,,,1,70,,1155710,15,,,1,30,,1155719,15,,,1,70,,1155716,15,,,1,30,,1155706,15,,,1,70,,1155720,15,,,1,30,,1155722,15,,,1,70,,1155708,15,,,1,30,,1155721,15,,,1,70,,1155726,15,,,1,30,,858542,15,,,1,70,,1155712,15,,,1,29,,1155711,15,,,1,70,,1155707,15,,,1,30,,1155705,15,,,1,70,,1155729,15,,,1,30,,1155723,15,,,1
6201,'5',602,,1155747,15,,,1,28,,1155755,15,,,1,26,,1155748,14,,,1,70,,938399,14,,,1,30,,1155742,14,,,1,72,,1155734,14,,,1,28,,1155740,14,,,1,70,,1155743,14,,,1,30,,1155750,14,,,1,70,,1155737,14,,,1,30,,1155757,14,,,1,70,,1155761,14,,,1,25,,1155759,14,,,1,70,,1155758,14,,,1,30,,1074926,14,,,1,71,,1155763,14,,,1,30,,1155752,14,,,1,70,,1155760,14,,,1,30,,1155762,14,,,1,68,,1155749,14,,,1,31,,1155754,14,,,1,71,,1155736,14,,,1,29,,1064897,14,,,1,70,,944470,14,,,1,30,,1090852,14,,,1,70,,1155756,14,,,1,30,,1155753,14,,,1,70,,1155733,14,,,1,32,,1155732,14,,,1,70,,1155745,14,,,1,30,,1155735,14,,,1,70,,1155741,14,,,1,30,,962911,14,,,1,69,,1155739,14,,,1,36,,1155738,15,,,1,71,,1155751,15,,,1,30,,1155746,15,,,1,75,,1155744,15,,,1
6201,'6',602,,1155782,15,,,1,28,,1155777,15,,,1,26,,1155772,14,,,1,70,,1155775,14,,,1,30,,1155770,14,,,1,72,,1065204,14,,,1,28,,1155781,14,,,1,70,,1155784,14,,,1,30,,1155791,14,,,1,70,,1155766,14,,,1,30,,1155773,14,,,1,70,,1155788,14,,,1,25,,1155776,14,,,1,70,,1155790,14,,,1,30,,1155793,14,,,1,71,,1155792,14,,,1,30,,1155764,14,,,1,70,,1155765,14,,,1,30,,1066623,14,,,1,68,,1094238,14,,,1,31,,1155786,14,,,1,71,,1155778,14,,,1,29,,1155774,14,,,1,70,,1155796,14,,,1,30,,1155768,14,,,1,70,,1055289,14,,,1,30,,1155794,14,,,1,70,,1155789,14,,,1,32,,1155785,14,,,1,70,,1155769,14,,,1,30,,1155795,14,,,1,70,,1155780,14,,,1,30,,1155779,14,,,1,69,,1155787,14,,,1,36,,1049603,15,,,1,71,,1155771,15,,,1,30,,1155767,15,,,1,75,,1155783,15,,,1
6201,'7',741,,1155809,15,,,1,70,,1155802,15,,,1,30,,1155827,15,,,1,70,,1155818,15,,,1,30,,1155806,15,,,1,70,,1155817,15,,,1,29,,1155824,15,,,1,70,,1155803,15,,,1,30,,1155805,15,,,1,70,,1155825,15,,,1,30,,1155812,15,,,1,70,,1155826,15,,,1,30,,1155819,15,,,1,70,,1155801,15,,,1,30,,1155814,15,,,1,70,,1155800,15,,,1,30,,1155822,15,,,1,70,,1155815,15,,,1,30,,1155828,15,,,1,70,,1155820,15,,,1,30,,1155798,15,,,1,70,,1155804,15,,,1,30,,1155813,15,,,1,70,,1155808,15,,,1,30,,1155823,15,,,1,70,,1155816,15,,,1,29,,1155807,15,,,1,70,,1155821,15,,,1,30,,1155799,15,,,1,70,,1155811,15,,,1,30,,1155797,15,,,1,70,,1155810,15,,,1
6201,'8',602,,1155851,15,,,1,28,,1155846,15,,,1,26,,1155840,14,,,1,70,,1155844,14,,,1,30,,1155838,14,,,1,72,,1155836,14,,,1,28,,1155850,14,,,1,70,,1155853,14,,,1,30,,1155860,14,,,1,70,,1155831,14,,,1,30,,1155841,14,,,1,70,,1155857,14,,,1,25,,1155845,14,,,1,70,,1155859,14,,,1,30,,1155862,14,,,1,71,,1155861,14,,,1,30,,1155829,14,,,1,70,,1155830,14,,,1,30,,1155832,14,,,1,68,,1155835,14,,,1,31,,1155855,14,,,1,71,,1155847,14,,,1,29,,1155843,14,,,1,70,,1155866,14,,,1,30,,1155834,14,,,1,70,,1155864,14,,,1,30,,1155863,14,,,1,70,,1155858,14,,,1,32,,1155854,14,,,1,70,,1155837,14,,,1,30,,1155865,14,,,1,70,,1155849,14,,,1,30,,1155848,14,,,1,69,,1155856,14,,,1,36,,1155842,15,,,1,71,,1155839,15,,,1,30,,1155833,15,,,1,75,,1155852,15,,,1
6201,'9',602,,1155882,15,,,1,28,,1155890,15,,,1,26,,1155883,14,,,1,70,,938353,14,,,1,30,,1155877,14,,,1,72,,1155869,14,,,1,28,,1155875,14,,,1,70,,1155878,14,,,1,30,,1155885,14,,,1,70,,1155872,14,,,1,30,,1155892,14,,,1,70,,1155896,14,,,1,25,,1155894,14,,,1,70,,1155893,14,,,1,30,,1074720,14,,,1,71,,1155898,14,,,1,30,,1155887,14,,,1,70,,1155895,14,,,1,30,,1155897,14,,,1,68,,1155884,14,,,1,31,,1155889,14,,,1,71,,1155871,14,,,1,29,,1064823,14,,,1,70,,944422,14,,,1,30,,1090717,14,,,1,70,,1155891,14,,,1,30,,1155888,14,,,1,70,,1155868,14,,,1,32,,1155867,14,,,1,70,,1155880,14,,,1,30,,1155870,14,,,1,70,,1155876,14,,,1,30,,962869,14,,,1,69,,1155874,14,,,1,36,,1155873,15,,,1,71,,1155886,15,,,1,30,,1155881,15,,,1,75,,1155879,15,,,1
16100,'1',1501,,1189842,5,0,44,1,10,,1189838,5,0,44,1
16100,'10',1501,,1189870,5,0,44,1,10,,1189866,5,0,44,1
16100,'11',1501,,1189898,5,0,44,1,10,,1189894,5,0,44,1
16100,'12',1501,,1189939,5,0,44,1,10,,1189926,5,0,44,1
16100,'14',1501,,1189981,5,0,44,1,10,,1189977,5,0,44,1
16100,'15',1501,,1190002,5,0,44,1,10,,1190028,5,0,44,1
16100,'16',1501,,1190059,5,0,44,1,10,,1190047,5,0,44,1
16100,'5',1501,,1190141,5,0,44,1,10,,1190137,5,0,44,1
16100,'6',1501,,1190186,5,0,44,1,10,,1190173,5,0,44,1
16100,'8',1501,,1190239,5,0,44,1,10,,1190226,5,0,44,1
16100,'9',1501,,1190258,5,0,44,1,10,,1190254,5,0,44,1
16200,'1',1534,,1190744,6,,,1
16200,'10',1534,,1190765,6,,,1
16200,'11',1534,,1190786,6,,,1
16200,'12',1534,,1190812,6,,,1
16200,'14',1534,,1190844,6,,,1
16200,'15',1534,,1190869,6,,,1
16200,'16',1534,,1190893,6,,,1
16200,'5',1534,,1190973,6,,,1
16200,'6',1534,,1190997,6,,,1
16200,'8',1534,,1191035,6,,,1
16200,'9',1534,,1191052,6,,,1
16801,'1',558,,1193357,54,,,1,87,,1193383,54,,,1,74,,1193366,54,,,1,31,,1086845,54,,,1,69,,1193369,54,,,1,27,,1193363,54,,,1,70,,1193372,54,,,1,30,,1193354,54,,,1,69,,1193384,54,,,1,29,,1193373,54,,,1,71,,1193360,54,,,1,30,,1193358,54,,,1,70,,1193379,54,,,1,30,,1193377,54,,,1,70,,1193370,54,,,1,30,,1193362,54,,,1,70,,1193368,54,,,1,33,,1193375,54,,,1,71,,1193356,54,,,1,35,,1193365,54,,,1,79,,1193359,54,,,1,68,,1193374,54,,,1,27,,1193378,54,,,1,28,,1193355,54,,,1,68,,1193367,54,,,1,27,,1193371,54,,,1,65,,1193381,54,,,1,28,,1033361,54,,,1,69,,1193353,54,,,1,28,,1193376,54,,,1,67,,1193364,54,,,1,28,,1193382,54,,,1,68,,1063137,54,,,1,32,,1193380,54,,,1,100,,1193352,54,,,1,117,,1193361,54,,,1
16801,'10',558,,1193390,54,,,1,87,,1193416,54,,,1,74,,1193399,54,,,1,31,,1086785,54,,,1,69,,1193402,54,,,1,27,,1193396,54,,,1,70,,1193405,54,,,1,30,,1193387,54,,,1,69,,1193417,54,,,1,29,,1193406,54,,,1,71,,1193393,54,,,1,30,,1193391,54,,,1,70,,1193412,54,,,1,30,,1193410,54,,,1,70,,1193403,54,,,1,30,,1193395,54,,,1,70,,1193401,54,,,1,33,,1193408,54,,,1,71,,1193389,54,,,1,35,,1193398,54,,,1,79,,1193392,54,,,1,68,,1193407,54,,,1,27,,1193411,54,,,1,28,,1193388,54,,,1,68,,1193400,54,,,1,27,,1193404,54,,,1,65,,1193414,54,,,1,28,,1033462,54,,,1,69,,1193386,54,,,1,28,,1193409,54,,,1,67,,1193397,54,,,1,28,,1193415,54,,,1,68,,1062795,54,,,1,32,,1193413,54,,,1,100,,1193385,54,,,1,117,,1193394,54,,,1
16801,'11',558,,1193423,54,,,1,87,,1193449,54,,,1,74,,1193432,54,,,1,31,,1086865,54,,,1,69,,1193435,54,,,1,27,,1193429,54,,,1,70,,1193438,54,,,1,30,,1193420,54,,,1,69,,1193450,54,,,1,29,,1193439,54,,,1,71,,1193426,54,,,1,30,,1193424,54,,,1,70,,1193445,54,,,1,30,,1193443,54,,,1,70,,1193436,54,,,1,30,,1193428,54,,,1,70,,1193434,54,,,1,33,,1193441,54,,,1,71,,1193422,54,,,1,35,,1193431,54,,,1,79,,1193425,54,,,1,68,,1193440,54,,,1,27,,1193444,54,,,1,28,,1193421,54,,,1,68,,1193433,54,,,1,27,,1193437,54,,,1,65,,1193447,54,,,1,28,,1033335,54,,,1,69,,1193419,54,,,1,28,,1193442,54,,,1,67,,1193430,54,,,1,28,,1193448,54,,,1,68,,1063238,54,,,1,32,,1193446,54,,,1,100,,1193418,54,,,1,117,,1193427,54,,,1
16801,'12',558,,1193451,54,,,1,87,,1193476,54,,,1,74,,1193467,54,,,1,31,,1193474,54,,,1,69,,1193471,54,,,1,27,,1072097,54,,,1,70,,1193483,54,,,1,30,,1193458,54,,,1,69,,1193456,54,,,1,29,,1193468,54,,,1,71,,1193481,54,,,1,30,,1193475,54,,,1,70,,1193460,54,,,1,30,,1193469,54,,,1,70,,1193480,54,,,1,30,,1193454,54,,,1,70,,1193462,54,,,1,33,,1193457,54,,,1,71,,1193463,54,,,1,35,,1193477,54,,,1,79,,1193453,54,,,1,68,,1193466,54,,,1,27,,1193464,54,,,1,28,,1193461,54,,,1,68,,1193478,54,,,1,27,,968579,54,,,1,65,,1193482,54,,,1,28,,1193470,54,,,1,69,,1193465,54,,,1,28,,1015412,54,,,1,67,,1193455,54,,,1,28,,1193452,54,,,1,68,,1193472,54,,,1,32,,1193479,54,,,1,100,,1193473,54,,,1,117,,1193459,54,,,1
16801,'13',653,,1193499,54,,,1,100,,1193496,54,,,1,100,,1193487,54,,,1,72,,1193500,54,,,1,30,,1193501,54,,,1,70,,1017846,54,,,1,33,,1193491,54,,,1,70,,1193494,54,,,1,30,,1076171,54,,,1,70,,1193492,54,,,1,73,,1193504,54,,,1,30,,1085436,54,,,1,70,,1193493,54,,,1,30,,1193488,54,,,1,70,,1193486,54,,,1,30,,1193498,54,,,1,70,,1193503,54,,,1,30,,1193502,54,,,1,70,,1193495,54,,,1,30,,1193490,54,,,1,70,,1078570,54,,,1,30,,1193497,54,,,1,69,,1193484,54,,,1,30,,1082136,54,,,1,70,,1193505,54,,,1,58,,1193506,54,,,1,98,,1193485,54,,,1,98,,1069497,54,,,1,100,,1193489,54,,,1
16801,'14',558,,1193513,54,,,1,87,,1193539,54,,,1,74,,1193522,54,,,1,31,,1193507,54,,,1,69,,1193525,54,,,1,27,,1193519,54,,,1,70,,1193528,54,,,1,30,,1193510,54,,,1,69,,1193541,54,,,1,29,,1193529,54,,,1,71,,1193516,54,,,1,30,,1193514,54,,,1,70,,1193535,54,,,1,30,,1193533,54,,,1,70,,1193526,54,,,1,30,,1193518,54,,,1,70,,1193524,54,,,1,33,,1193531,54,,,1,71,,1193512,54,,,1,35,,1193521,54,,,1,79,,1193515,54,,,1,68,,1193530,54,,,1,27,,1193534,54,,,1,28,,1193511,54,,,1,68,,1193523,54,,,1,27,,1193527,54,,,1,65,,1193537,54,,,1,28,,1193540,54,,,1,69,,1193509,54,,,1,28,,1193532,54,,,1,67,,1193520,54,,,1,28,,1193538,54,,,1,68,,1193542,54,,,1,32,,1193536,54,,,1,100,,1193508,54,,,1,117,,1193517,54,,,1
16801,'15',558,,1193557,54,,,1,87,,1193560,54,,,1,74,,1193559,54,,,1,31,,1193573,54,,,1,69,,1193548,54,,,1,27,,1193551,54,,,1,70,,1193556,54,,,1,30,,1193558,54,,,1,69,,1193545,54,,,1,29,,1193550,54,,,1,71,,1193577,54,,,1,30,,1193566,54,,,1,70,,1193575,54,,,1,30,,1193543,54,,,1,70,,1193564,54,,,1,30,,1193572,54,,,1,70,,1193567,54,,,1,33,,1193544,54,,,1,71,,1193576,54,,,1,35,,1193569,54,,,1,79,,1193562,54,,,1,68,,1193578,54,,,1,27,,1193549,54,,,1,28,,1193570,54,,,1,68,,1193571,54,,,1,27,,1193552,54,,,1,65,,1193546,54,,,1,28,,1193553,54,,,1,69,,1193555,54,,,1,28,,1193565,54,,,1,67,,1193563,54,,,1,28,,1193547,54,,,1,68,,1193554,54,,,1,32,,1193561,54,,,1,100,,1193568,54,,,1,117,,1193574,54,,,1
16801,'16',558,,1193579,54,,,1,87,,1193606,54,,,1,74,,1193596,54,,,1,31,,1193603,54,,,1,69,,1193600,54,,,1,27,,1193580,54,,,1,70,,1193612,54,,,1,30,,1193588,54,,,1,69,,1193586,54,,,1,29,,1193597,54,,,1,71,,1193610,54,,,1,30,,1193604,54,,,1,70,,1193590,54,,,1,30,,1193598,54,,,1,70,,1193609,54,,,1,30,,1193584,54,,,1,70,,1064468,54,,,1,33,,1193587,54,,,1,71,,1193592,54,,,1,35,,1193607,54,,,1,79,,1193583,54,,,1,68,,1193595,54,,,1,27,,1193593,54,,,1,28,,1193591,54,,,1,68,,1193608,54,,,1,27,,1193605,54,,,1,65,,1193611,54,,,1,28,,1193599,54,,,1,69,,1193594,54,,,1,28,,1193582,54,,,1,67,,1193585,54,,,1,28,,1193581,54,,,1,68,,1193601,54,,,1,32,,1090921,54,,,1,100,,1193602,54,,,1,117,,1193589,54,,,1
16801,'17',653,,1193634,54,,,1,100,,1193629,54,,,1,100,,1193620,54,,,1,72,,1193635,54,,,1,30,,1193636,54,,,1,70,,1193632,54,,,1,33,,1193624,54,,,1,70,,1193627,54,,,1,30,,1193613,54,,,1,70,,1193625,54,,,1,73,,1193639,54,,,1,30,,1193615,54,,,1,70,,1193626,54,,,1,30,,1193621,54,,,1,70,,1193619,54,,,1,30,,1193633,54,,,1,70,,1193638,54,,,1,30,,1193637,54,,,1,70,,1193628,54,,,1,30,,1193623,54,,,1,70,,1193631,54,,,1,30,,1193630,54,,,1,69,,1193614,54,,,1,30,,1193617,54,,,1,70,,1193640,54,,,1,58,,1193641,54,,,1,98,,1193618,54,,,1,98,,1193616,54,,,1,100,,1193622,54,,,1
16801,'2',648,,1193660,54,,,1,110,,1193655,54,,,1,100,,1073321,54,,,1,70,,1193645,54,,,1,30,,1193659,54,,,1,70,,1033667,54,,,1,73,,1062353,54,,,1,30,,1193665,54,,,1,70,,1193646,54,,,1,30,,1193650,54,,,1,73,,1193658,54,,,1,30,,1193661,54,,,1,70,,1193664,54,,,1,30,,1193651,54,,,1,70,,1193644,54,,,1,30,,1193657,54,,,1,70,,1098255,54,,,1,30,,1193643,54,,,1,70,,1193647,54,,,1,30,,1193667,54,,,1,70,,1193666,54,,,1,30,,1193653,54,,,1,69,,1193662,54,,,1,30,,1193656,54,,,1,70,,1193642,54,,,1,30,,1025256,54,,,1,68,,1193648,54,,,1,30,,1193649,54,,,1,70,,1193654,54,,,1,30,,1193663,54,,,1,28,,1088420,54,,,1,100,,1193652,54,,,1
16801,'3',653,,1193689,54,,,1,100,,1193684,54,,,1,100,,1193675,54,,,1,72,,1193690,54,,,1,30,,1193691,54,,,1,70,,1193687,54,,,1,33,,1193679,54,,,1,70,,1193682,54,,,1,30,,1193668,54,,,1,70,,1193680,54,,,1,73,,1193694,54,,,1,30,,1193670,54,,,1,70,,1193681,54,,,1,30,,1193676,54,,,1,70,,1193674,54,,,1,30,,1193688,54,,,1,70,,1193693,54,,,1,30,,1193692,54,,,1,70,,1193683,54,,,1,30,,1193678,54,,,1,70,,1193686,54,,,1,30,,1193685,54,,,1,69,,1193669,54,,,1,30,,1193672,54,,,1,70,,1193695,54,,,1,58,,1193696,54,,,1,98,,1193673,54,,,1,98,,1193671,54,,,1,100,,1193677,54,,,1
16801,'4',653,,1066838,54,,,1,100,,1193703,54,,,1,100,,1193722,54,,,1,72,,1193721,54,,,1,30,,1193711,54,,,1,70,,1193702,54,,,1,33,,1045840,54,,,1,70,,1193720,54,,,1,30,,1193712,54,,,1,70,,1193717,54,,,1,73,,1193705,54,,,1,30,,1193699,54,,,1,70,,1193700,54,,,1,30,,1193719,54,,,1,70,,1193713,54,,,1,30,,1193701,54,,,1,70,,1193698,54,,,1,30,,985356,54,,,1,70,,1193718,54,,,1,30,,1193715,54,,,1,70,,1193708,54,,,1,30,,1193697,54,,,1,69,,1193709,54,,,1,30,,1193716,54,,,1,70,,1193714,54,,,1,58,,1193704,54,,,1,98,,1193710,54,,,1,98,,1193706,54,,,1,100,,1193707,54,,,1
16801,'5',558,,1193728,54,,,1,87,,1193754,54,,,1,74,,1193737,54,,,1,31,,1086825,54,,,1,69,,1193740,54,,,1,27,,1193734,54,,,1,70,,1193743,54,,,1,30,,1193725,54,,,1,69,,1193755,54,,,1,29,,1193744,54,,,1,71,,1193731,54,,,1,30,,1193729,54,,,1,70,,1193750,54,,,1,30,,1193748,54,,,1,70,,1193741,54,,,1,30,,1193733,54,,,1,70,,1193739,54,,,1,33,,1193746,54,,,1,71,,1193727,54,,,1,35,,1193736,54,,,1,79,,1193730,54,,,1,68,,1193745,54,,,1,27,,1193749,54,,,1,28,,1193726,54,,,1,68,,1193738,54,,,1,27,,1193742,54,,,1,65,,1193752,54,,,1,28,,1033186,54,,,1,69,,1193724,54,,,1,28,,1193747,54,,,1,67,,1193735,54,,,1,28,,1193753,54,,,1,68,,1063083,54,,,1,32,,1193751,54,,,1,100,,1193723,54,,,1,117,,1193732,54,,,1
16801,'6',558,,1094941,54,,,1,87,,1193782,54,,,1,74,,1193772,54,,,1,31,,1193779,54,,,1,69,,1193776,54,,,1,27,,1193756,54,,,1,70,,1063288,54,,,1,30,,1193763,54,,,1,69,,1193761,54,,,1,29,,1193773,54,,,1,71,,1087332,54,,,1,30,,1193780,54,,,1,70,,1193765,54,,,1,30,,1193774,54,,,1,70,,1069420,54,,,1,30,,1193759,54,,,1,70,,1193767,54,,,1,33,,1193762,54,,,1,71,,1193768,54,,,1,35,,1099876,54,,,1,79,,1090552,54,,,1,68,,1193771,54,,,1,27,,1193769,54,,,1,28,,1193766,54,,,1,68,,1083726,54,,,1,27,,1193781,54,,,1,65,,1193784,54,,,1,28,,1193775,54,,,1,69,,1193770,54,,,1,28,,1193758,54,,,1,67,,1193760,54,,,1,28,,1193757,54,,,1,68,,1193777,54,,,1,32,,1193783,54,,,1,100,,1193778,54,,,1,117,,1193764,54,,,1
16801,'7',648,,1193785,54,,,1,110,,1193809,54,,,1,100,,1193811,54,,,1,70,,1193791,54,,,1,30,,1193802,54,,,1,70,,1193816,54,,,1,73,,1193801,54,,,1,30,,1193806,54,,,1,70,,1193787,54,,,1,30,,1193796,54,,,1,73,,1193813,54,,,1,30,,1193797,54,,,1,70,,1193808,54,,,1,30,,1193795,54,,,1,70,,1193793,54,,,1,30,,1193800,54,,,1,70,,1193814,54,,,1,30,,1193798,54,,,1,70,,1193805,54,,,1,30,,1193803,54,,,1,70,,1193799,54,,,1,30,,1193792,54,,,1,69,,1193812,54,,,1,30,,1193810,54,,,1,70,,1193788,54,,,1,30,,1193807,54,,,1,68,,1193815,54,,,1,30,,1193790,54,,,1,70,,1193804,54,,,1,30,,1193794,54,,,1,28,,1193789,54,,,1,100,,1193786,54,,,1
16801,'8',558,,1193817,54,,,1,87,,1193845,54,,,1,74,,1193835,54,,,1,31,,1193842,54,,,1,69,,1193839,54,,,1,27,,1193818,54,,,1,70,,1193852,54,,,1,30,,1193826,54,,,1,69,,1193824,54,,,1,29,,1193836,54,,,1,71,,1193850,54,,,1,30,,1193843,54,,,1,70,,1193828,54,,,1,30,,1193837,54,,,1,70,,1193849,54,,,1,30,,1193822,54,,,1,70,,1193830,54,,,1,33,,1193825,54,,,1,71,,1193831,54,,,1,35,,1193846,54,,,1,79,,1193821,54,,,1,68,,1193834,54,,,1,27,,1193832,54,,,1,28,,1193829,54,,,1,68,,1193847,54,,,1,27,,1193844,54,,,1,65,,1193851,54,,,1,28,,1193838,54,,,1,69,,1193833,54,,,1,28,,1193820,54,,,1,67,,1193823,54,,,1,28,,1193819,54,,,1,68,,1193840,54,,,1,32,,1193848,54,,,1,100,,1193841,54,,,1,117,,1193827,54,,,1
16801,'9',558,,1193858,54,,,1,87,,1193884,54,,,1,74,,1193867,54,,,1,31,,1086805,54,,,1,69,,1193870,54,,,1,27,,1193864,54,,,1,70,,1193873,54,,,1,30,,1193855,54,,,1,69,,1193885,54,,,1,29,,1193874,54,,,1,71,,1193861,54,,,1,30,,1193859,54,,,1,70,,1193880,54,,,1,30,,1193878,54,,,1,70,,1193871,54,,,1,30,,1193863,54,,,1,70,,1193869,54,,,1,33,,1193876,54,,,1,71,,1193857,54,,,1,35,,1193866,54,,,1,79,,1193860,54,,,1,68,,1193875,54,,,1,27,,1193879,54,,,1,28,,1193856,54,,,1,68,,1193868,54,,,1,27,,1193872,54,,,1,65,,1193882,54,,,1,28,,1033387,54,,,1,69,,1193854,54,,,1,28,,1193877,54,,,1,67,,1193865,54,,,1,28,,1193883,54,,,1,68,,1062907,54,,,1,32,,1193881,54,,,1,100,,1193853,54,,,1,117,,1193862,54,,,1
68801,'1',1511,,1200571,57,,,1
68801,'10',1511,,1200573,57,,,1
68801,'11',1511,,1200575,57,,,1
68801,'12',1511,,1200578,57,,,1
68801,'14',1511,,1200581,57,,,1
68801,'15',1511,,1200584,57,,,1
68801,'16',1511,,1200587,57,,,1
68801,'5',1511,,1200589,57,,,1
68801,'6',1511,,1200592,57,,,1
68801,'8',1511,,1200595,57,,,1
68801,'9',1511,,1200597,57,,,1
