5701,'1',629,,1150931,29,,,1,10,,1150940,28,,,1,15,,1150932,28,,,1,55,,1150917,28,,,1,15,,1150925,28,,,1,15,,1150945,28,,,1,14,,1150939,28,,,1,57,,1150947,28,,,1,14,,1053802,28,,,1,18,,903653,28,,,1,13,,1150927,28,,,1,70,,1088753,28,,,1,32,,1150926,28,,,1,70,,1150929,28,,,1,30,,1150930,28,,,1,70,,1150937,28,,,1,30,,1150918,28,,,1,70,,1150923,28,,,1,29,,1150910,28,,,1,70,,1050139,28,,,1,30,,1023254,28,,,1,69,,1150928,28,,,1,30,,1150933,28,,,1,71,,1150936,28,,,1,29,,1150909,28,,,1,71,,1150912,28,,,1,31,,1093389,28,,,1,70,,1150911,28,,,1,30,,1150913,28,,,1,71,,1150908,28,,,1,73,,1150943,28,,,1,26,,1001305,28,,,1,30,,1150919,28,,,1,70,,1150938,28,,,1,30,,1102433,28,,,1,70,,1150914,28,,,1,27,,1150942,28,,,1,70,,1150921,28,,,1,34,,1150941,29,,,1,74,,1150915,29,,,1,76,,1150920,29,,,1
5701,'10',629,,1150971,29,,,1,10,,1150980,28,,,1,15,,1150972,28,,,1,55,,1150957,28,,,1,15,,1150965,28,,,1,15,,1150985,28,,,1,14,,1150979,28,,,1,57,,1150987,28,,,1,14,,1053895,28,,,1,18,,903703,28,,,1,13,,1150967,28,,,1,70,,1088348,28,,,1,32,,1150966,28,,,1,70,,1150969,28,,,1,30,,1150970,28,,,1,70,,1150977,28,,,1,30,,1150958,28,,,1,70,,1150963,28,,,1,29,,1150950,28,,,1,70,,1050212,28,,,1,30,,1023298,28,,,1,69,,1150968,28,,,1,30,,1150973,28,,,1,71,,1150976,28,,,1,29,,1150949,28,,,1,71,,1150952,28,,,1,31,,1093073,28,,,1,70,,1150951,28,,,1,30,,1150953,28,,,1,71,,1150948,28,,,1,73,,1150983,28,,,1,26,,1001452,28,,,1,30,,1150959,28,,,1,70,,1150978,28,,,1,30,,1102418,28,,,1,70,,1150954,28,,,1,27,,1150982,28,,,1,70,,1150961,28,,,1,34,,1150981,29,,,1,74,,1150955,29,,,1,76,,1150960,29,,,1
5701,'11',629,,1151011,29,,,1,10,,1151020,28,,,1,15,,1151012,28,,,1,55,,1150997,28,,,1,15,,1151005,28,,,1,15,,1151025,28,,,1,14,,1151019,28,,,1,57,,1151027,28,,,1,14,,1053774,28,,,1,18,,903553,28,,,1,13,,1151007,28,,,1,70,,1088874,28,,,1,32,,1151006,28,,,1,70,,1151009,28,,,1,30,,1151010,28,,,1,70,,1151017,28,,,1,30,,1150998,28,,,1,70,,1151003,28,,,1,29,,1150990,28,,,1,70,,1050118,28,,,1,30,,1023240,28,,,1,69,,1151008,28,,,1,30,,1151013,28,,,1,71,,1151016,28,,,1,29,,1150989,28,,,1,71,,1150992,28,,,1,31,,1093480,28,,,1,70,,1150991,28,,,1,30,,1150993,28,,,1,71,,1150988,28,,,1,73,,1151023,28,,,1,26,,1001264,28,,,1,30,,1150999,28,,,1,70,,1151018,28,,,1,30,,1102438,28,,,1,70,,1150994,28,,,1,27,,1151022,28,,,1,70,,1151001,28,,,1,34,,1151021,29,,,1,74,,1150995,29,,,1,76,,1151000,29,,,1
5701,'12',629,,1151033,29,,,1,10,,1151074,28,,,1,15,,1151071,28,,,1,55,,1151058,28,,,1,15,,1151041,28,,,1,15,,1151049,28,,,1,14,,1151057,28,,,1,57,,1151066,28,,,1,14,,1066071,28,,,1,18,,1151028,28,,,1,13,,1151062,28,,,1,70,,1151064,28,,,1,32,,1151050,28,,,1,70,,1151031,28,,,1,30,,1151068,28,,,1,70,,1151061,28,,,1,30,,1151036,28,,,1,70,,1151032,28,,,1,29,,1151040,28,,,1,70,,1151056,28,,,1,30,,1151059,28,,,1,69,,1151034,28,,,1,30,,1151069,28,,,1,71,,1151070,28,,,1,29,,1151042,28,,,1,71,,1151038,28,,,1,31,,1151067,28,,,1,70,,1151029,28,,,1,30,,1151072,28,,,1,71,,1151044,28,,,1,73,,1151065,28,,,1,26,,1151030,28,,,1,30,,1151046,28,,,1,70,,1151037,28,,,1,30,,1151052,28,,,1,70,,1151035,28,,,1,27,,1151051,28,,,1,70,,1075451,28,,,1,34,,1151048,29,,,1,74,,1151047,29,,,1,76,,1151043,29,,,1
5701,'13',936,,1151082,29,,,1,100,,1151091,29,,,1,102,,1151087,29,,,1,100,,1151080,29,,,1,100,,1151090,29,,,1,100,,1151092,29,,,1,100,,1151101,29,,,1,100,,1151077,29,,,1,100,,1151081,29,,,1
5701,'14',629,,1151128,29,,,1,10,,1151137,28,,,1,15,,1151129,28,,,1,55,,1151114,28,,,1,15,,1151122,28,,,1,15,,1151143,28,,,1,14,,1151136,28,,,1,57,,1151146,28,,,1,14,,1151149,28,,,1,18,,1151106,28,,,1,13,,1151124,28,,,1,70,,1151104,28,,,1,32,,1151123,28,,,1,70,,1151126,28,,,1,30,,1151127,28,,,1,70,,1151134,28,,,1,30,,1151115,28,,,1,70,,1151120,28,,,1,29,,1151107,28,,,1,70,,1151147,28,,,1,30,,1151148,28,,,1,69,,1151125,28,,,1,30,,1151130,28,,,1,71,,1151133,28,,,1,29,,1151103,28,,,1,71,,1151109,28,,,1,31,,1151105,28,,,1,70,,1151108,28,,,1,30,,1151110,28,,,1,71,,1151102,28,,,1,73,,1151140,28,,,1,26,,1151142,28,,,1,30,,1151116,28,,,1,70,,1151135,28,,,1,30,,1151150,28,,,1,70,,1151111,28,,,1,27,,1151139,28,,,1,70,,1151118,28,,,1,34,,1151138,29,,,1,74,,1151112,29,,,1,76,,1151117,29,,,1
5701,'15',629,,1151166,29,,,1,10,,1151174,28,,,1,15,,1151157,28,,,1,55,,1151181,28,,,1,15,,1151155,28,,,1,15,,1151171,28,,,1,14,,1151153,28,,,1,57,,1151169,28,,,1,14,,1151156,28,,,1,18,,1151158,28,,,1,13,,1151188,28,,,1,70,,1151196,28,,,1,32,,1151162,28,,,1,70,,1151190,28,,,1,30,,1151172,28,,,1,70,,1151151,28,,,1,30,,1151183,28,,,1,70,,1151178,28,,,1,29,,1151163,28,,,1,70,,1151197,28,,,1,30,,1151165,28,,,1,69,,1151185,28,,,1,30,,1151194,28,,,1,71,,1151152,28,,,1,29,,1151175,28,,,1,71,,1151176,28,,,1,31,,1151168,28,,,1,70,,1151199,28,,,1,30,,1151184,28,,,1,71,,1151179,28,,,1,73,,1151191,28,,,1,26,,1151193,28,,,1,30,,1151177,28,,,1,70,,1151186,28,,,1,30,,1151154,28,,,1,70,,1151198,28,,,1,27,,1151167,28,,,1,70,,1151195,28,,,1,34,,1151189,29,,,1,74,,1151192,29,,,1,76,,1151159,29,,,1
5701,'16',629,,1151202,29,,,1,10,,1151243,28,,,1,15,,1063677,28,,,1,55,,1151228,28,,,1,15,,1151211,28,,,1,15,,1151219,28,,,1,14,,1151227,28,,,1,57,,1151236,28,,,1,14,,1151201,28,,,1,18,,1079860,28,,,1,13,,1151232,28,,,1,70,,1151234,28,,,1,32,,1151220,28,,,1,70,,1007736,28,,,1,30,,1151238,28,,,1,70,,1151231,28,,,1,30,,1151206,28,,,1,70,,1071948,28,,,1,29,,1151210,28,,,1,70,,1151226,28,,,1,30,,1151229,28,,,1,69,,1151203,28,,,1,30,,1151239,28,,,1,71,,1151240,28,,,1,29,,1151212,28,,,1,71,,1151208,28,,,1,31,,1151237,28,,,1,70,,942496,28,,,1,30,,1151241,28,,,1,71,,1151214,28,,,1,73,,1151235,28,,,1,26,,1151200,28,,,1,30,,1151216,28,,,1,70,,1151207,28,,,1,30,,1151222,28,,,1,70,,1151205,28,,,1,27,,1151221,28,,,1,70,,1151204,28,,,1,34,,1151218,29,,,1,74,,1151217,29,,,1,76,,1151213,29,,,1
5701,'17',936,,1151252,29,,,1,100,,1151261,29,,,1,102,,1151257,29,,,1,100,,1151250,29,,,1,100,,1151260,29,,,1,100,,1151262,29,,,1,100,,1151271,29,,,1,100,,1151247,29,,,1,100,,1151251,29,,,1
5701,'2',808,,1151279,29,0,59 60,1,32,,1151287,29,,,1,100,,1151280,29,,,1,100,,1151278,29,,,1,102,,1151289,29,,,1,100,,1151282,29,,,1,100,,1151275,29,,,1,100,,1151281,29,,,1,100,,1151290,29,,,1,100,,1062316,29,,,1,100,,1067141,29,,,1,100,,1151283,29,,,1,100,,1151284,29,,,1,98,,1061541,29,,,1,100,,1151276,29,,,1,100,,1151277,29,,,1
5701,'3',936,,1151299,29,,,1,100,,1151308,29,,,1,102,,1151304,29,,,1,100,,1151297,29,,,1,100,,1151307,29,,,1,100,,1151309,29,,,1,100,,1151318,29,,,1,100,,1151294,29,,,1,100,,1151298,29,,,1
5701,'4',936,,1151331,29,,,1,100,,1151330,29,,,1,102,,1151326,29,,,1,100,,1151344,29,,,1,100,,1151332,29,,,1,100,,1151325,29,,,1,100,,1151343,29,,,1,100,,1151338,29,,,1,100,,1151323,29,,,1
5701,'5',629,,1151370,29,,,1,10,,1151379,28,,,1,15,,1151371,28,,,1,55,,1151356,28,,,1,15,,1151364,28,,,1,15,,1151384,28,,,1,14,,1151378,28,,,1,57,,1151386,28,,,1,14,,1053653,28,,,1,18,,903857,28,,,1,13,,1151366,28,,,1,70,,1088689,28,,,1,32,,1151365,28,,,1,70,,1151368,28,,,1,30,,1151369,28,,,1,70,,1151376,28,,,1,30,,1151357,28,,,1,70,,1151362,28,,,1,29,,1151349,28,,,1,70,,1050041,28,,,1,30,,1023181,28,,,1,69,,1151367,28,,,1,30,,1151372,28,,,1,71,,1151375,28,,,1,29,,1151348,28,,,1,71,,1151351,28,,,1,31,,1093334,28,,,1,70,,1151350,28,,,1,30,,1151352,28,,,1,71,,1151347,28,,,1,73,,1151382,28,,,1,26,,1001045,28,,,1,30,,1151358,28,,,1,70,,1151377,28,,,1,30,,1102428,28,,,1,70,,1151353,28,,,1,27,,1151381,28,,,1,70,,1151360,28,,,1,34,,1151380,29,,,1,74,,1151354,29,,,1,76,,1151359,29,,,1
5701,'6',629,,1001082,29,,,1,10,,1151430,28,,,1,15,,1151427,28,,,1,55,,1151416,28,,,1,15,,1151399,28,,,1,15,,1151407,28,,,1,14,,1151415,28,,,1,57,,1151424,28,,,1,14,,1151389,28,,,1,18,,1151387,28,,,1,13,,1151420,28,,,1,70,,1151422,28,,,1,32,,1151408,28,,,1,70,,1151390,28,,,1,30,,1151425,28,,,1,70,,1151419,28,,,1,30,,1151394,28,,,1,70,,1151391,28,,,1,29,,1151398,28,,,1,70,,1151414,28,,,1,30,,1151417,28,,,1,69,,1081768,28,,,1,30,,1151426,28,,,1,71,,1103700,28,,,1,29,,1151400,28,,,1,71,,1151396,28,,,1,31,,1100104,28,,,1,70,,1151388,28,,,1,30,,1151428,28,,,1,71,,1151402,28,,,1,73,,1151423,28,,,1,26,,1084814,28,,,1,30,,1151404,28,,,1,70,,1151395,28,,,1,30,,1151410,28,,,1,70,,1151393,28,,,1,27,,1151409,28,,,1,70,,1151392,28,,,1,34,,1151406,29,,,1,74,,1151405,29,,,1,76,,1151401,29,,,1
5701,'7',808,,1151453,29,0,59 60,1,32,,1151450,29,,,1,100,,1151452,29,,,1,100,,1151438,29,,,1,102,,1151451,29,,,1,100,,1151440,29,,,1,100,,1151435,29,,,1,100,,1151446,29,,,1,100,,1151437,29,,,1,100,,1151449,29,,,1,100,,1151431,29,,,1,100,,1151442,29,,,1,100,,1151447,29,,,1,98,,1151436,29,,,1,100,,1151448,29,,,1,100,,1151454,29,,,1
5701,'8',629,,1151461,29,,,1,10,,1151503,28,,,1,15,,1151500,28,,,1,55,,1151487,28,,,1,15,,1151470,28,,,1,15,,1151478,28,,,1,14,,1151486,28,,,1,57,,1151495,28,,,1,14,,1151458,28,,,1,18,,1151455,28,,,1,13,,1151491,28,,,1,70,,1151493,28,,,1,32,,1151479,28,,,1,70,,1151459,28,,,1,30,,1151497,28,,,1,70,,1151490,28,,,1,30,,1151465,28,,,1,70,,1151460,28,,,1,29,,1151469,28,,,1,70,,1151485,28,,,1,30,,1151488,28,,,1,69,,1151462,28,,,1,30,,1151498,28,,,1,71,,1151499,28,,,1,29,,1151471,28,,,1,71,,1151467,28,,,1,31,,1151496,28,,,1,70,,1151456,28,,,1,30,,1151501,28,,,1,71,,1151473,28,,,1,73,,1151494,28,,,1,26,,1151457,28,,,1,30,,1151475,28,,,1,70,,1151466,28,,,1,30,,1151481,28,,,1,70,,1151464,28,,,1,27,,1151480,28,,,1,70,,1151463,28,,,1,34,,1151477,29,,,1,74,,1151476,29,,,1,76,,1151472,29,,,1
5701,'9',629,,1151527,29,,,1,10,,1151536,28,,,1,15,,1151528,28,,,1,55,,1151513,28,,,1,15,,1151521,28,,,1,15,,1151541,28,,,1,14,,1151535,28,,,1,57,,1151543,28,,,1,14,,1053830,28,,,1,18,,903753,28,,,1,13,,1151523,28,,,1,70,,1088474,28,,,1,32,,1151522,28,,,1,70,,1151525,28,,,1,30,,1151526,28,,,1,70,,1151533,28,,,1,30,,1151514,28,,,1,70,,1151519,28,,,1,29,,1151506,28,,,1,70,,1050160,28,,,1,30,,1023268,28,,,1,69,,1151524,28,,,1,30,,1151529,28,,,1,71,,1151532,28,,,1,29,,1151505,28,,,1,71,,1151508,28,,,1,31,,1093178,28,,,1,70,,1151507,28,,,1,30,,1151509,28,,,1,71,,1151504,28,,,1,73,,1151539,28,,,1,26,,1001346,28,,,1,30,,1151515,28,,,1,70,,1151534,28,,,1,30,,1102423,28,,,1,70,,1151510,28,,,1,27,,1151538,28,,,1,70,,1151517,28,,,1,34,,1151537,29,,,1,74,,1151511,29,,,1,76,,1151516,29,,,1
6801,'1',455,,1095222,17,,,1,70,,1159245,17,,,1,32,,1159280,17,,,1,74,,1159287,17,,,1,22,,1159268,17,,,1,56,,1021166,17,,,1,15,,1159264,17,,,1,19,,1159249,17,,,1,66,,1159296,17,,,1,17,,1159246,17,,,1,21,,1159257,17,,,1,60,,1159288,17,,,1,20,,1159293,17,,,1,15,,1159275,17,,,1,16,,1063602,17,,,1,54,,1159299,17,,,1,15,,1159281,17,,,1,15,,1159294,17,,,1,15,,1159290,17,,,1,55,,1159284,17,,,1,15,,1159269,17,,,1,17,,1159250,17,,,1,15,,1159297,17,,,1,55,,1159258,17,,,1,15,,1159260,17,,,1,16,,1071505,17,,,1,56,,1159283,17,,,1,15,,1100248,17,,,1,15,,1159253,17,,,1,15,,1159276,17,,,1,55,,1159292,17,,,1,17,,1159286,17,,,1,6,,1159272,11,0,59 60,1,9,,1067410,17,,,1,13,,1159256,17,,,1,57,,1159259,17,,,1,15,,1081056,17,,,1,13,,1159303,17,,,1,22,,1159278,17,0,59 60,1,54,,1159302,17,,,1,9,,1159298,17,0,59 60,1,14,,1159270,17,,,1,10,,1159304,17,0,59 60,1,14,,1159277,17,,,1,50,,1159300,17,0,59 60,1,14,,1159301,17,,,1,10,,1159255,17,0,59 60,1,11,,1159291,17,,,1,10,,1159305,17,0,59 60,1,55,,1101608,17,,,1,9,,1159306,17,0,59 60,1,14,,1159266,17,,,1,12,,1159248,17,,,1,12,,1159282,17,,,1,59,,1159279,17,,,1,19,,1159289,17,,,1,19,,1159285,17,,,1,60,,1086696,17,,,1,20,,1159261,17,,,1,20,,1070933,17,,,1,60,,1159295,17,,,1,20,,1159254,17,,,1,20,,1159262,17,,,1,59,,1159267,17,,,1,18,,1159263,17,,,1,20,,1159271,17,,,1,60,,1093432,17,,,1,18,,1159247,17,,,1,25,,1159273,17,,,1,64,,1159265,17,,,1,30,,1159274,17,,,1,71,,1159251,17,,,1,29,,1159252,17,,,1
6801,'10',455,,1094976,17,,,1,70,,1159307,17,,,1,32,,1159342,17,,,1,74,,1159349,17,,,1,22,,1159330,17,,,1,56,,1021335,17,,,1,15,,1159326,17,,,1,19,,1159311,17,,,1,66,,1159358,17,,,1,17,,1159308,17,,,1,21,,1159319,17,,,1,60,,1159350,17,,,1,20,,1159355,17,,,1,15,,1159337,17,,,1,16,,1063298,17,,,1,54,,1159361,17,,,1,15,,1159343,17,,,1,15,,1159356,17,,,1,15,,1159352,17,,,1,55,,1159346,17,,,1,15,,1159331,17,,,1,17,,1159312,17,,,1,15,,1159359,17,,,1,55,,1159320,17,,,1,15,,1159322,17,,,1,16,,1071469,17,,,1,56,,1159345,17,,,1,15,,1100122,17,,,1,15,,1159315,17,,,1,15,,1159338,17,,,1,55,,1159354,17,,,1,17,,1159348,17,,,1,6,,1159334,11,0,59 60,1,9,,1067118,17,,,1,13,,1159318,17,,,1,57,,1159321,17,,,1,15,,1080874,17,,,1,13,,1159365,17,,,1,22,,1159340,17,0,59 60,1,54,,1159364,17,,,1,9,,1159360,17,0,59 60,1,14,,1159332,17,,,1,10,,1159366,17,0,59 60,1,14,,1159339,17,,,1,50,,1159362,17,0,59 60,1,14,,1159363,17,,,1,10,,1159317,17,0,59 60,1,11,,1159353,17,,,1,10,,1159367,17,0,59 60,1,55,,1101516,17,,,1,9,,1159368,17,0,59 60,1,14,,1159328,17,,,1,12,,1159310,17,,,1,12,,1159344,17,,,1,59,,1159341,17,,,1,19,,1159351,17,,,1,19,,1159347,17,,,1,60,,1086526,17,,,1,20,,1159323,17,,,1,20,,1070719,17,,,1,60,,1159357,17,,,1,20,,1159316,17,,,1,20,,1159324,17,,,1,59,,1159329,17,,,1,18,,1159325,17,,,1,20,,1159333,17,,,1,60,,1093116,17,,,1,18,,1159309,17,,,1,25,,1159335,17,,,1,64,,1159327,17,,,1,30,,1159336,17,,,1,71,,1159313,17,,,1,29,,1159314,17,,,1
6801,'11',455,,1095296,17,,,1,70,,1159369,17,,,1,32,,1159404,17,,,1,74,,1159411,17,,,1,22,,1159392,17,,,1,56,,1021118,17,,,1,15,,1159388,17,,,1,19,,1159373,17,,,1,66,,1159420,17,,,1,17,,1159370,17,,,1,21,,1159381,17,,,1,60,,1159412,17,,,1,20,,1159417,17,,,1,15,,1159399,17,,,1,16,,1063694,17,,,1,54,,1159423,17,,,1,15,,1159405,17,,,1,15,,1159418,17,,,1,15,,1159414,17,,,1,55,,1159408,17,,,1,15,,1159393,17,,,1,17,,1159374,17,,,1,15,,1159421,17,,,1,55,,1159382,17,,,1,15,,1159384,17,,,1,16,,1071517,17,,,1,56,,1159407,17,,,1,15,,1100285,17,,,1,15,,1159377,17,,,1,15,,1159400,17,,,1,55,,1159416,17,,,1,17,,1159410,17,,,1,6,,1159396,11,0,59 60,1,9,,1067492,17,,,1,13,,1159380,17,,,1,57,,1159383,17,,,1,15,,1081110,17,,,1,13,,1159427,17,,,1,22,,1159402,17,0,59 60,1,54,,1159426,17,,,1,9,,1159422,17,0,59 60,1,14,,1159394,17,,,1,10,,1159428,17,0,59 60,1,14,,1159401,17,,,1,50,,1159424,17,0,59 60,1,14,,1159425,17,,,1,10,,1159379,17,0,59 60,1,11,,1159415,17,,,1,10,,1159429,17,0,59 60,1,55,,1101636,17,,,1,9,,1159430,17,0,59 60,1,14,,1159390,17,,,1,12,,1159372,17,,,1,12,,1159406,17,,,1,59,,1159403,17,,,1,19,,1159413,17,,,1,19,,1159409,17,,,1,60,,1086751,17,,,1,20,,1159385,17,,,1,20,,1070998,17,,,1,60,,1159419,17,,,1,20,,1159378,17,,,1,20,,1159386,17,,,1,59,,1159391,17,,,1,18,,1159387,17,,,1,20,,1159395,17,,,1,60,,1093523,17,,,1,18,,1159371,17,,,1,25,,1159397,17,,,1,64,,1159389,17,,,1,30,,1159398,17,,,1,71,,1159375,17,,,1,29,,1159376,17,,,1
6801,'12',455,,1064022,17,,,1,70,,1074899,17,,,1,32,,1159431,17,,,1,74,,1159482,17,,,1,22,,1159458,17,,,1,56,,1159456,17,,,1,15,,1159489,17,,,1,19,,1159450,17,,,1,66,,1159464,17,,,1,17,,1159442,17,,,1,21,,1159479,17,,,1,60,,1098848,17,,,1,20,,1159452,17,,,1,15,,1159461,17,,,1,16,,1159444,17,,,1,54,,1159474,17,,,1,15,,1159447,17,,,1,15,,1159449,17,,,1,15,,1159481,17,,,1,55,,1159443,17,,,1,15,,1159451,17,,,1,17,,1159438,17,,,1,15,,1159457,17,,,1,55,,1159448,17,,,1,15,,1087164,17,,,1,16,,1159468,17,,,1,56,,1159434,17,,,1,15,,1159466,17,,,1,15,,1159490,17,,,1,15,,1159439,17,,,1,55,,1159454,17,,,1,17,,1159484,17,,,1,6,,1159487,11,0,59 60,1,9,,1159436,17,,,1,13,,1159433,17,,,1,57,,1159477,17,,,1,15,,1159470,17,,,1,13,,1071220,17,,,1,22,,1159491,17,0,59 60,1,54,,1159472,17,,,1,9,,1006881,17,0,59 60,1,14,,1159485,17,,,1,10,,1159486,17,0,59 60,1,14,,1159446,17,,,1,50,,945148,17,0,59 60,1,14,,1014591,17,,,1,10,,1159476,17,0,59 60,1,11,,1092377,17,,,1,10,,1159488,17,0,59 60,1,55,,1159478,17,,,1,9,,1159462,17,0,59 60,1,14,,1159483,17,,,1,12,,1011785,17,,,1,12,,1159441,17,,,1,59,,1159463,17,,,1,19,,1159460,17,,,1,19,,1159475,17,,,1,60,,1159465,17,,,1,20,,1159480,17,,,1,20,,1159453,17,,,1,60,,1159471,17,,,1,20,,1159459,17,,,1,20,,1030951,17,,,1,59,,1159473,17,,,1,18,,1159455,17,,,1,20,,1159437,17,,,1,60,,1159440,17,,,1,18,,1159445,17,,,1,25,,1159469,17,,,1,64,,1159435,17,,,1,30,,1159432,17,,,1,71,,1159467,17,,,1,29,,938901,17,,,1
6801,'13',652,,1159508,17,,,1,70,,1085435,17,,,1,30,,1159518,17,,,1,72,,1159525,17,,,1,30,,1159521,17,,,1,70,,1159502,17,,,1,30,,1159528,17,,,1,70,,1159527,17,,,1,30,,1159498,17,,,1,70,,1159501,17,,,1,21,,1090414,17,,,1,60,,1159524,17,,,1,20,,1159493,17,,,1,20,,1077834,17,,,1,60,,1159516,17,,,1,20,,1159500,17,,,1,20,,1159520,17,,,1,60,,1159496,17,,,1,20,,1159522,17,,,1,20,,1159529,17,,,1,60,,1159504,17,,,1,20,,1159506,17,,,1,20,,1159511,17,,,1,60,,1159515,17,,,1,20,,1159495,17,,,1,20,,1159494,17,,,1,60,,1159507,17,,,1,20,,1159499,17,,,1,20,,1159517,17,,,1,67,,1159510,17,,,1,30,,1159509,17,,,1,70,,1159526,17,,,1,30,,1159492,17,,,1,70,,1159519,17,,,1,29,,1159514,17,,,1,70,,1159497,17,,,1,30,,1087925,17,,,1,70,,1159503,17,,,1,29,,1159523,17,,,1,70,,1159512,17,,,1,30,,1159513,17,,,1,70,,1159505,17,,,1
6801,'14',455,,1159595,17,,,1,70,,1159530,17,,,1,32,,1159571,17,,,1,74,,1159578,17,,,1,22,,1159559,17,,,1,56,,1159543,17,,,1,15,,1159555,17,,,1,19,,1159537,17,,,1,66,,1159587,17,,,1,17,,1159532,17,,,1,21,,1159548,17,,,1,60,,1159579,17,,,1,20,,1159584,17,,,1,15,,1159566,17,,,1,16,,1159533,17,,,1,54,,1159590,17,,,1,15,,1159572,17,,,1,15,,1159585,17,,,1,15,,1159581,17,,,1,55,,1159575,17,,,1,15,,1159560,17,,,1,17,,1159539,17,,,1,15,,1159588,17,,,1,55,,1159549,17,,,1,15,,1159551,17,,,1,16,,1159544,17,,,1,56,,1159574,17,,,1,15,,1159535,17,,,1,15,,1159542,17,,,1,15,,1159567,17,,,1,55,,1159583,17,,,1,17,,1159577,17,,,1,6,,1159563,11,0,59 60,1,9,,1159593,17,,,1,13,,1159547,17,,,1,57,,1159550,17,,,1,15,,1159601,17,,,1,13,,1159597,17,,,1,22,,1159569,17,0,59 60,1,54,,1159596,17,,,1,9,,1159589,17,0,59 60,1,14,,1159561,17,,,1,10,,1159598,17,0,59 60,1,14,,1159568,17,,,1,50,,1159591,17,0,59 60,1,14,,1159592,17,,,1,10,,1159546,17,0,59 60,1,11,,1159582,17,,,1,10,,1159599,17,0,59 60,1,55,,1159531,17,,,1,9,,1159600,17,0,59 60,1,14,,1159557,17,,,1,12,,1159536,17,,,1,12,,1159573,17,,,1,59,,1159570,17,,,1,19,,1159580,17,,,1,19,,1159576,17,,,1,60,,1159594,17,,,1,20,,1159552,17,,,1,20,,1159538,17,,,1,60,,1159586,17,,,1,20,,1159545,17,,,1,20,,1159553,17,,,1,59,,1159558,17,,,1,18,,1159554,17,,,1,20,,1159562,17,,,1,60,,1159602,17,,,1,18,,1159534,17,,,1,25,,1159564,17,,,1,64,,1159556,17,,,1,30,,1159565,17,,,1,71,,1159540,17,,,1,29,,1159541,17,,,1
6801,'15',455,,1159645,17,,,1,70,,1159604,17,,,1,32,,1159668,17,,,1,74,,1159652,17,,,1,22,,1159616,17,,,1,56,,1159650,17,,,1,15,,1159658,17,,,1,19,,1159673,17,,,1,66,,1159640,17,,,1,17,,1159624,17,,,1,21,,1159637,17,,,1,60,,1159605,17,,,1,20,,1159622,17,,,1,15,,1159655,17,,,1,16,,1159663,17,,,1,54,,1159618,17,,,1,15,,1159660,17,,,1,15,,1159607,17,,,1,15,,1159647,17,,,1,55,,1159625,17,,,1,15,,1159621,17,,,1,17,,1159666,17,,,1,15,,1159661,17,,,1,55,,1159629,17,,,1,15,,1159646,17,,,1,16,,1159611,17,,,1,56,,1159644,17,,,1,15,,1159631,17,,,1,15,,1159669,17,,,1,15,,1159608,17,,,1,55,,1159619,17,,,1,17,,1159649,17,,,1,6,,1159627,11,0,59 60,1,9,,1159632,17,,,1,13,,1159653,17,,,1,57,,1159664,17,,,1,15,,1159617,17,,,1,13,,1159636,17,,,1,22,,1159656,17,0,59 60,1,54,,1159612,17,,,1,9,,1159672,17,0,59 60,1,14,,1159657,17,,,1,10,,1159638,17,0,59 60,1,14,,1159633,17,,,1,50,,1159630,17,0,59 60,1,14,,1159670,17,,,1,10,,1159654,17,0,59 60,1,11,,1159667,17,,,1,10,,1159641,17,0,59 60,1,55,,1159648,17,,,1,9,,1159671,17,0,59 60,1,14,,1159659,17,,,1,12,,1159626,17,,,1,12,,1159613,17,,,1,59,,1159665,17,,,1,19,,1159639,17,,,1,19,,1159609,17,,,1,60,,1159623,17,,,1,20,,1159662,17,,,1,20,,1159628,17,,,1,60,,1159651,17,,,1,20,,1159615,17,,,1,20,,1159642,17,,,1,59,,1159635,17,,,1,18,,1159675,17,,,1,20,,1159643,17,,,1,60,,1159674,17,,,1,18,,1159620,17,,,1,25,,1159614,17,,,1,64,,1159606,17,,,1,30,,1159610,17,,,1,71,,1159603,17,,,1,29,,1159634,17,,,1
6801,'16',455,,1159719,17,,,1,70,,1159687,17,,,1,32,,1075027,17,,,1,74,,1159728,17,,,1,22,,1159705,17,,,1,56,,1159703,17,,,1,15,,1159735,17,,,1,19,,1159695,17,,,1,66,,1159711,17,,,1,17,,1091332,17,,,1,21,,1159725,17,,,1,60,,1159738,17,,,1,20,,1159698,17,,,1,15,,1159708,17,,,1,16,,1159689,17,,,1,54,,1091340,17,,,1,15,,1159692,17,,,1,15,,1159694,17,,,1,15,,1159727,17,,,1,55,,1073876,17,,,1,15,,1159697,17,,,1,17,,1159682,17,,,1,15,,1159704,17,,,1,55,,1159693,17,,,1,15,,1159736,17,,,1,16,,1159715,17,,,1,56,,1159679,17,,,1,15,,1159713,17,,,1,15,,1091656,17,,,1,15,,1088180,17,,,1,55,,1159700,17,,,1,17,,1159731,17,,,1,6,,1063176,11,0,59 60,1,9,,1065487,17,,,1,13,,1159678,17,,,1,57,,978188,17,,,1,15,,1159717,17,,,1,13,,1159729,17,,,1,22,,1052163,17,0,59 60,1,54,,1159720,17,,,1,9,,1159696,17,0,59 60,1,14,,1159732,17,,,1,10,,1159733,17,0,59 60,1,14,,1159691,17,,,1,50,,1159737,17,0,59 60,1,14,,1159688,17,,,1,10,,1159723,17,0,59 60,1,11,,1159686,17,,,1,10,,1159734,17,0,59 60,1,55,,1159724,17,,,1,9,,1159709,17,0,59 60,1,14,,1159730,17,,,1,12,,1159702,17,,,1,12,,1159685,17,,,1,59,,1159710,17,,,1,19,,1159707,17,,,1,19,,1159722,17,,,1,60,,1159712,17,,,1,20,,1159726,17,,,1,20,,1159699,17,,,1,60,,1159718,17,,,1,20,,1159706,17,,,1,20,,1159676,17,,,1,59,,1159721,17,,,1,18,,1159701,17,,,1,20,,1159681,17,,,1,60,,1159684,17,,,1,18,,1159690,17,,,1,25,,1159716,17,,,1,64,,1159680,17,,,1,30,,1159677,17,,,1,71,,1159714,17,,,1,29,,1159683,17,,,1
6801,'17',652,,1159758,17,,,1,70,,1159741,17,,,1,30,,1159768,17,,,1,72,,1159775,17,,,1,30,,1159771,17,,,1,70,,1159752,17,,,1,30,,1159779,17,,,1,70,,1159777,17,,,1,30,,1159748,17,,,1,70,,1159751,17,,,1,21,,1159778,17,,,1,60,,1159774,17,,,1,20,,1159742,17,,,1,20,,1159740,17,,,1,60,,1159766,17,,,1,20,,1159750,17,,,1,20,,1159770,17,,,1,60,,1159746,17,,,1,20,,1159772,17,,,1,20,,1159780,17,,,1,60,,1159754,17,,,1,20,,1159756,17,,,1,20,,1159761,17,,,1,60,,1159765,17,,,1,20,,1159745,17,,,1,20,,1159743,17,,,1,60,,1159757,17,,,1,20,,1159749,17,,,1,20,,1159767,17,,,1,67,,1159760,17,,,1,30,,1159759,17,,,1,70,,1159776,17,,,1,30,,1159739,17,,,1,70,,1159769,17,,,1,29,,1159764,17,,,1,70,,1159747,17,,,1,30,,1159744,17,,,1,70,,1159753,17,,,1,29,,1159773,17,,,1,70,,1159762,17,,,1,30,,1159763,17,,,1,70,,1159755,17,,,1
6801,'2',655,,1159792,17,,,1,70,,1159824,17,,,1,30,,1159820,17,,,1,72,,1159825,17,,,1,31,,1159815,17,,,1,70,,1159811,17,,,1,30,,1159800,17,,,1,70,,1159822,17,,,1,31,,1159814,17,,,1,71,,1159812,17,,,1,70,,1159810,17,,,1,15,,1159781,17,,,1,15,,1159802,17,,,1,15,,1159786,17,,,1,55,,1159799,17,,,1,15,,1159793,17,,,1,15,,1019764,17,,,1,15,,1159809,17,,,1,55,,1159805,17,,,1,15,,1159808,17,,,1,15,,1159794,17,,,1,15,,1159803,17,,,1,55,,1159804,17,,,1,15,,1067144,17,,,1,15,,1159813,17,,,1,15,,1159823,17,,,1,55,,1159796,17,,,1,15,,1159818,17,,,1,15,,1159783,17,,,1,15,,1159782,17,,,1,55,,1036726,17,,,1,15,,1159821,17,,,1,15,,1073325,17,,,1,15,,1159798,17,,,1,55,,1159787,17,,,1,15,,1159788,17,,,1,15,,1159785,17,,,1,15,,1159797,17,,,1,55,,1159817,17,,,1,30,,1159791,17,,,1,70,,1159806,17,,,1,29,,1076125,17,,,1,30,,1159789,17,,,1,70,,1159819,17,,,1,30,,1159807,17,,,1,69,,1159801,17,,,1,30,,1159816,17,,,1,70,,1159790,17,,,1,30,,1068747,17,,,1,70,,1159784,17,,,1,30,,1159795,17,,,1
6801,'3',652,,1159845,17,,,1,70,,1159828,17,,,1,30,,1159855,17,,,1,72,,1159862,17,,,1,30,,1159858,17,,,1,70,,1159839,17,,,1,30,,1159866,17,,,1,70,,1159864,17,,,1,30,,1159835,17,,,1,70,,1159838,17,,,1,21,,1159865,17,,,1,60,,1159861,17,,,1,20,,1159829,17,,,1,20,,1159827,17,,,1,60,,1159853,17,,,1,20,,1159837,17,,,1,20,,1159857,17,,,1,60,,1159833,17,,,1,20,,1159859,17,,,1,20,,1159867,17,,,1,60,,1159841,17,,,1,20,,1159843,17,,,1,20,,1159848,17,,,1,60,,1159852,17,,,1,20,,1159832,17,,,1,20,,1159830,17,,,1,60,,1159844,17,,,1,20,,1159836,17,,,1,20,,1159854,17,,,1,67,,1159847,17,,,1,30,,1159846,17,,,1,70,,1159863,17,,,1,30,,1159826,17,,,1,70,,1159856,17,,,1,29,,1159851,17,,,1,70,,1159834,17,,,1,30,,1159831,17,,,1,70,,1159840,17,,,1,29,,1159860,17,,,1,70,,1159849,17,,,1,30,,1159850,17,,,1,70,,1159842,17,,,1
6801,'4',652,,1060793,17,,,1,70,,1159876,17,,,1,30,,1088617,17,,,1,72,,1063969,17,,,1,30,,1159880,17,,,1,70,,1159897,17,,,1,30,,1159883,17,,,1,70,,1159882,17,,,1,30,,1159873,17,,,1,70,,1159879,17,,,1,21,,1159885,17,,,1,60,,1159881,17,,,1,20,,1159896,17,,,1,20,,1047805,17,,,1,60,,1159893,17,,,1,20,,1159878,17,,,1,20,,1159892,17,,,1,60,,1159877,17,,,1,20,,1159887,17,,,1,20,,1159870,17,,,1,60,,1159898,17,,,1,20,,1159884,17,,,1,20,,1159888,17,,,1,60,,1159868,17,,,1,20,,1159875,17,,,1,20,,1159872,17,,,1,60,,1057682,17,,,1,20,,1159900,17,,,1,20,,1159894,17,,,1,67,,1159902,17,,,1,30,,1159874,17,,,1,70,,1159899,17,,,1,30,,1159889,17,,,1,70,,1159890,17,,,1,29,,1159901,17,,,1,70,,1069759,17,,,1,30,,1159871,17,,,1,70,,1159869,17,,,1,29,,1159886,17,,,1,70,,1159895,17,,,1,30,,1159891,17,,,1,70,,1059060,17,,,1
6801,'5',455,,1095174,17,,,1,70,,1159903,17,,,1,32,,1159938,17,,,1,74,,1159945,17,,,1,22,,1159926,17,,,1,56,,1020882,17,,,1,15,,1159922,17,,,1,19,,1159907,17,,,1,66,,1159954,17,,,1,17,,1159904,17,,,1,21,,1159915,17,,,1,60,,1159946,17,,,1,20,,1159951,17,,,1,15,,1159933,17,,,1,16,,1063562,17,,,1,54,,1159957,17,,,1,15,,1159939,17,,,1,15,,1159952,17,,,1,15,,1159948,17,,,1,55,,1159942,17,,,1,15,,1159927,17,,,1,17,,1159908,17,,,1,15,,1159955,17,,,1,55,,1159916,17,,,1,15,,1159918,17,,,1,16,,1071493,17,,,1,56,,1159941,17,,,1,15,,1100228,17,,,1,15,,1159911,17,,,1,15,,1159934,17,,,1,55,,1159950,17,,,1,17,,1159944,17,,,1,6,,1159930,11,0,59 60,1,9,,1067368,17,,,1,13,,1159914,17,,,1,57,,1159917,17,,,1,15,,1081027,17,,,1,13,,1159961,17,,,1,22,,1159936,17,0,59 60,1,54,,1159960,17,,,1,9,,1159956,17,0,59 60,1,14,,1159928,17,,,1,10,,1159962,17,0,59 60,1,14,,1159935,17,,,1,50,,1159958,17,0,59 60,1,14,,1159959,17,,,1,10,,1159913,17,0,59 60,1,11,,1159949,17,,,1,10,,1159963,17,0,59 60,1,55,,1101591,17,,,1,9,,1159964,17,0,59 60,1,14,,1159924,17,,,1,12,,1159906,17,,,1,12,,1159940,17,,,1,59,,1159937,17,,,1,19,,1159947,17,,,1,19,,1159943,17,,,1,60,,1086670,17,,,1,20,,1159919,17,,,1,20,,1070894,17,,,1,60,,1159953,17,,,1,20,,1159912,17,,,1,20,,1159920,17,,,1,59,,1159925,17,,,1,18,,1159921,17,,,1,20,,1159929,17,,,1,60,,1093377,17,,,1,18,,1159905,17,,,1,25,,1159931,17,,,1,64,,1159923,17,,,1,30,,1159932,17,,,1,71,,1159909,17,,,1,29,,1159910,17,,,1
6801,'6',455,,1160006,17,,,1,70,,1159974,17,,,1,32,,1159965,17,,,1,74,,1160017,17,,,1,22,,1159992,17,,,1,56,,1159990,17,,,1,15,,1088983,17,,,1,19,,1159982,17,,,1,66,,1159998,17,,,1,17,,1159971,17,,,1,21,,1160014,17,,,1,60,,1160025,17,,,1,20,,1159985,17,,,1,15,,1159995,17,,,1,16,,1159976,17,,,1,54,,1160009,17,,,1,15,,1159979,17,,,1,15,,1159981,17,,,1,15,,1160016,17,,,1,55,,1159973,17,,,1,15,,1159984,17,,,1,17,,1038908,17,,,1,15,,1159991,17,,,1,55,,1159980,17,,,1,15,,1160023,17,,,1,16,,1160002,17,,,1,56,,1071751,17,,,1,15,,1160000,17,,,1,15,,1160026,17,,,1,15,,1159969,17,,,1,55,,1159987,17,,,1,17,,1160020,17,,,1,6,,1160022,11,0,59 60,1,9,,1159968,17,,,1,13,,1043190,17,,,1,57,,1160012,17,,,1,15,,1160004,17,,,1,13,,1160018,17,,,1,22,,1160027,17,0,59 60,1,54,,1160007,17,,,1,9,,1159983,17,0,59 60,1,14,,1160021,17,,,1,10,,998987,17,0,59 60,1,14,,1159978,17,,,1,50,,1160024,17,0,59 60,1,14,,1159975,17,,,1,10,,1160011,17,0,59 60,1,11,,1159972,17,,,1,10,,1068501,17,0,59 60,1,55,,1160013,17,,,1,9,,1159996,17,0,59 60,1,14,,1160019,17,,,1,12,,1159989,17,,,1,12,,1026125,17,,,1,59,,1159997,17,,,1,19,,1159994,17,,,1,19,,1160010,17,,,1,60,,1159999,17,,,1,20,,1160015,17,,,1,20,,1159986,17,,,1,60,,1160005,17,,,1,20,,1159993,17,,,1,20,,1159966,17,,,1,59,,1160008,17,,,1,18,,1159988,17,,,1,20,,1073682,17,,,1,60,,1101657,17,,,1,18,,1159977,17,,,1,25,,1160003,17,,,1,64,,988787,17,,,1,30,,1159967,17,,,1,71,,1160001,17,,,1,29,,1159970,17,,,1
6801,'7',655,,1160048,17,,,1,70,,1160044,17,,,1,30,,1160057,17,,,1,72,,1160046,17,,,1,31,,1160028,17,,,1,70,,1160069,17,,,1,30,,1160040,17,,,1,70,,1160042,17,,,1,31,,1160039,17,,,1,71,,1160060,17,,,1,70,,1160054,17,,,1,15,,1160050,17,,,1,15,,1160032,17,,,1,15,,1160062,17,,,1,55,,1160077,17,,,1,15,,1160053,17,,,1,15,,1160056,17,,,1,15,,1160068,17,,,1,55,,1160038,17,,,1,15,,1160078,17,,,1,15,,1160058,17,,,1,15,,1160041,17,,,1,55,,1160067,17,,,1,15,,1160035,17,,,1,15,,1160037,17,,,1,15,,1160073,17,,,1,55,,1160031,17,,,1,15,,1160047,17,,,1,15,,1160034,17,,,1,15,,1160071,17,,,1,55,,1160049,17,,,1,15,,1160064,17,,,1,15,,1160075,17,,,1,15,,1160076,17,,,1,55,,1160059,17,,,1,15,,1160065,17,,,1,15,,1160029,17,,,1,15,,1160036,17,,,1,55,,1160070,17,,,1,30,,1160072,17,,,1,70,,1160066,17,,,1,29,,1160061,17,,,1,30,,1160055,17,,,1,70,,1160030,17,,,1,30,,1160074,17,,,1,69,,1160051,17,,,1,30,,1160063,17,,,1,70,,1160052,17,,,1,30,,1160033,17,,,1,70,,1160043,17,,,1,30,,1160045,17,,,1
6801,'8',455,,1160127,17,,,1,70,,1160095,17,,,1,32,,1160079,17,,,1,74,,1160138,17,,,1,22,,1160113,17,,,1,56,,1160111,17,,,1,15,,1160146,17,,,1,19,,1160103,17,,,1,66,,1160119,17,,,1,17,,1160092,17,,,1,21,,1160135,17,,,1,60,,1160149,17,,,1,20,,1160106,17,,,1,15,,1160116,17,,,1,16,,1160097,17,,,1,54,,1160130,17,,,1,15,,1160100,17,,,1,15,,1160102,17,,,1,15,,1160137,17,,,1,55,,1160094,17,,,1,15,,1160105,17,,,1,17,,1160087,17,,,1,15,,1160112,17,,,1,55,,1160101,17,,,1,15,,1160147,17,,,1,16,,1160123,17,,,1,56,,1160083,17,,,1,15,,1160121,17,,,1,15,,1160150,17,,,1,15,,1160088,17,,,1,55,,1160108,17,,,1,17,,1160141,17,,,1,6,,1160144,11,0,59 60,1,9,,1160085,17,,,1,13,,1160082,17,,,1,57,,1160133,17,,,1,15,,1160125,17,,,1,13,,1160139,17,,,1,22,,1160151,17,0,59 60,1,54,,1160128,17,,,1,9,,1160104,17,0,59 60,1,14,,1160142,17,,,1,10,,1160143,17,0,59 60,1,14,,1160099,17,,,1,50,,1160148,17,0,59 60,1,14,,1160096,17,,,1,10,,1160132,17,0,59 60,1,11,,1160093,17,,,1,10,,1160145,17,0,59 60,1,55,,1160134,17,,,1,9,,1160117,17,0,59 60,1,14,,1160140,17,,,1,12,,1160110,17,,,1,12,,1160091,17,,,1,59,,1160118,17,,,1,19,,1160115,17,,,1,19,,1160131,17,,,1,60,,1160120,17,,,1,20,,1160136,17,,,1,20,,1160107,17,,,1,60,,1160126,17,,,1,20,,1160114,17,,,1,20,,1160080,17,,,1,59,,1160129,17,,,1,18,,1160109,17,,,1,20,,1160086,17,,,1,60,,1160090,17,,,1,18,,1160098,17,,,1,25,,1160124,17,,,1,64,,1160084,17,,,1,30,,1160081,17,,,1,71,,1160122,17,,,1,29,,1160089,17,,,1
6801,'9',455,,1095050,17,,,1,70,,1160152,17,,,1,32,,1160187,17,,,1,74,,1160194,17,,,1,22,,1160175,17,,,1,56,,1021214,17,,,1,15,,1160171,17,,,1,19,,1160156,17,,,1,66,,1160203,17,,,1,17,,1160153,17,,,1,21,,1160164,17,,,1,60,,1160195,17,,,1,20,,1160200,17,,,1,15,,1160182,17,,,1,16,,1063391,17,,,1,54,,1160206,17,,,1,15,,1160188,17,,,1,15,,1160201,17,,,1,15,,1160197,17,,,1,55,,1160191,17,,,1,15,,1160176,17,,,1,17,,1160157,17,,,1,15,,1160204,17,,,1,55,,1160165,17,,,1,15,,1160167,17,,,1,16,,1071481,17,,,1,56,,1160190,17,,,1,15,,1100160,17,,,1,15,,1160160,17,,,1,15,,1160183,17,,,1,55,,1160199,17,,,1,17,,1160193,17,,,1,6,,1160179,11,0,59 60,1,9,,1067210,17,,,1,13,,1160163,17,,,1,57,,1160166,17,,,1,15,,1080935,17,,,1,13,,1160210,17,,,1,22,,1160185,17,0,59 60,1,54,,1160209,17,,,1,9,,1160205,17,0,59 60,1,14,,1160177,17,,,1,10,,1160211,17,0,59 60,1,14,,1160184,17,,,1,50,,1160207,17,0,59 60,1,14,,1160208,17,,,1,10,,1160162,17,0,59 60,1,11,,1160198,17,,,1,10,,1160212,17,0,59 60,1,55,,1101543,17,,,1,9,,1160213,17,0,59 60,1,14,,1160173,17,,,1,12,,1160155,17,,,1,12,,1160189,17,,,1,59,,1160186,17,,,1,19,,1160196,17,,,1,19,,1160192,17,,,1,60,,1086582,17,,,1,20,,1160168,17,,,1,20,,1070786,17,,,1,60,,1160202,17,,,1,20,,1160161,17,,,1,20,,1160169,17,,,1,59,,1160174,17,,,1,18,,1160170,17,,,1,20,,1160178,17,,,1,60,,1093221,17,,,1,18,,1160154,17,,,1,25,,1160180,17,,,1,64,,1160172,17,,,1,30,,1160181,17,,,1,71,,1160158,17,,,1,29,,1160159,17,,,1
8801,'1',850,,1053342,20,,,1
8801,'10',850,,1053400,20,,,1
8801,'11',850,,1053325,20,,,1
8801,'12',850,,1176182,20,,,1
8801,'14',850,,1176312,20,,,1
8801,'15',850,,1176377,20,,,1
8801,'16',850,,1176460,20,,,1
8801,'5',850,,1053247,20,,,1
8801,'6',850,,1176783,20,,,1
8801,'8',850,,1176918,20,,,1
8801,'9',850,,1053359,20,,,1
64601,'1',1627,,1199525,65,,,1
64601,'10',1627,,1199527,65,,,1
64601,'11',1627,,1199529,65,,,1
64601,'12',1627,,1199530,65,,,1
64601,'14',1627,,1199532,65,,,1
64601,'15',1627,,1199534,65,,,1
64601,'16',1627,,1199536,65,,,1
64601,'5',1627,,1199538,65,,,1
64601,'6',1627,,1199540,65,,,1
64601,'8',1627,,1199542,65,,,1
64601,'9',1627,,1199544,65,,,1
68801,'1',1451,,1200571,32,,,1
68801,'10',1451,,1200573,32,,,1
68801,'11',1451,,1200575,32,,,1
68801,'12',1451,,1200578,32,,,1
68801,'14',1451,,1200581,32,,,1
68801,'15',1451,,1200584,32,,,1
68801,'16',1451,,1200587,32,,,1
68801,'5',1451,,1200589,32,,,1
68801,'6',1451,,1200592,32,,,1
68801,'8',1451,,1200595,32,,,1
68801,'9',1451,,1200597,32,,,1
