1200,'1',444,,1115331,36,,,1,60,,1058665,36,,,1,32,,1115281,36,,,1,74,,1115303,36,,,1,35,,1115288,49,,,1,73,,1115287,49,,,1,35,,1115329,49,,,1,62,,1115285,49,,,1,17,,1115323,49,,,1,14,,1089770,49,,,1,58,,1115304,49,,,1,14,,1115301,49,,,1,15,,1115280,49,,,1,14,,1115275,49,,,1,12,,1115308,49,,,1,55,,1115319,49,,,1,14,,1115302,49,,,1,15,,1115270,49,,,1,16,,1115309,49,,,1,54,,1115272,49,,,1,16,,1066174,49,,,1,15,,1115328,49,,,1,56,,1115332,49,,,1,16,,1115295,49,,,1,17,,1115273,49,,,1,14,,1115297,49,,,1,53,,1115293,49,,,1,14,,1115312,49,,,1,16,,1115306,49,,,1,16,,1115317,49,,,1,55,,1063632,49,,,1,16,,1115282,49,,,1,14,,1115305,49,,,1,18,,1095209,49,,,1,59,,1115307,49,,,1,18,,1094149,49,,,1,31,,1115278,49,,,1,57,,1115314,49,,,1,15,,1115324,49,,,1,14,,1115313,49,,,1,14,,1079554,49,,,1,54,,1115318,49,,,1,32,,1059073,49,,,1,15,,1115321,49,,,1,53,,1115290,49,,,1,12,,1115322,49,,,1,11,,1115310,49,,,1,12,,1036991,49,,,1,12,,1115271,49,,,1,49,,1115316,49,,,1,14,,1115325,36,,,1,16,,1115315,49,,,1,16,,1115311,36,,,1,55,,1115298,49,,,1,12,,1096790,36,,,1,16,,1115326,49,,,1,15,,1115320,36,,,1,55,,1115289,49,,,1,14,,1115296,36,,,1,16,,1115330,49,,,1,15,,1115294,36,,,1,56,,1115300,49,,,1,11,,1115291,36,,,1,16,,1115286,49,,,1,12,,1115279,36,,,1,55,,1115276,49,,,1,13,,1115327,36,,,1,14,,1115283,36,,,1,31,,1115274,49,,,1,54,,1090478,36,,,1,23,,1115292,36,,,1,66,,1115284,36,,,1,29,,1115299,36,,,1,26,,1115277,36,,,1,69,,1077496,36,,,1
1200,'10',444,,1115394,36,,,1,60,,1058683,36,,,1,32,,1115344,36,,,1,74,,1115366,36,,,1,35,,1115351,49,,,1,73,,1115350,49,,,1,35,,1115392,49,,,1,62,,1115348,49,,,1,17,,1115386,49,,,1,14,,1089627,49,,,1,58,,1115367,49,,,1,14,,1115364,49,,,1,15,,1115343,49,,,1,14,,1115338,49,,,1,12,,1115371,49,,,1,55,,1115382,49,,,1,14,,1115365,49,,,1,15,,1115333,49,,,1,16,,1115372,49,,,1,54,,1115335,49,,,1,16,,1065952,49,,,1,15,,1115391,49,,,1,56,,1115395,49,,,1,16,,1115358,49,,,1,17,,1115336,49,,,1,14,,1115360,49,,,1,53,,1115356,49,,,1,14,,1115375,49,,,1,16,,1115369,49,,,1,16,,1115380,49,,,1,55,,1063328,49,,,1,16,,1115345,49,,,1,14,,1115368,49,,,1,18,,1094963,49,,,1,59,,1115370,49,,,1,18,,1093929,49,,,1,31,,1115341,49,,,1,57,,1115377,49,,,1,15,,1115387,49,,,1,14,,1115376,49,,,1,14,,1079362,49,,,1,54,,1115381,49,,,1,32,,1059089,49,,,1,15,,1115384,49,,,1,53,,1115353,49,,,1,12,,1115385,49,,,1,11,,1115373,49,,,1,12,,1037221,49,,,1,12,,1115334,49,,,1,49,,1115379,49,,,1,14,,1115388,36,,,1,16,,1115378,49,,,1,16,,1115374,36,,,1,55,,1115361,49,,,1,12,,1096557,36,,,1,16,,1115389,49,,,1,15,,1115383,36,,,1,55,,1115352,49,,,1,14,,1115359,36,,,1,16,,1115393,49,,,1,15,,1115357,36,,,1,56,,1115363,49,,,1,11,,1115354,36,,,1,16,,1115349,49,,,1,12,,1115342,36,,,1,55,,1115339,49,,,1,13,,1115390,36,,,1,14,,1115346,36,,,1,31,,1115337,49,,,1,54,,1090321,36,,,1,23,,1115355,36,,,1,66,,1115347,36,,,1,29,,1115362,36,,,1,26,,1115340,36,,,1,69,,1077383,36,,,1
1200,'11',444,,1115457,36,,,1,60,,1058660,36,,,1,32,,1115407,36,,,1,74,,1115429,36,,,1,35,,1115414,49,,,1,73,,1115413,49,,,1,35,,1115455,49,,,1,62,,1115411,49,,,1,17,,1115449,49,,,1,14,,1089812,49,,,1,58,,1115430,49,,,1,14,,1115427,49,,,1,15,,1115406,49,,,1,14,,1115401,49,,,1,12,,1115434,49,,,1,55,,1115445,49,,,1,14,,1115428,49,,,1,15,,1115396,49,,,1,16,,1115435,49,,,1,54,,1115398,49,,,1,16,,1066245,49,,,1,15,,1115454,49,,,1,56,,1115458,49,,,1,16,,1115421,49,,,1,17,,1115399,49,,,1,14,,1115423,49,,,1,53,,1115419,49,,,1,14,,1115438,49,,,1,16,,1115432,49,,,1,16,,1115443,49,,,1,55,,1063724,49,,,1,16,,1115408,49,,,1,14,,1115431,49,,,1,18,,1095283,49,,,1,59,,1115433,49,,,1,18,,1094212,49,,,1,31,,1115404,49,,,1,57,,1115440,49,,,1,15,,1115450,49,,,1,14,,1115439,49,,,1,14,,1079613,49,,,1,54,,1115444,49,,,1,32,,1059068,49,,,1,15,,1115447,49,,,1,53,,1115416,49,,,1,12,,1115448,49,,,1,11,,1115436,49,,,1,12,,1036924,49,,,1,12,,1115397,49,,,1,49,,1115442,49,,,1,14,,1115451,36,,,1,16,,1115441,49,,,1,16,,1115437,36,,,1,55,,1115424,49,,,1,12,,1096856,36,,,1,16,,1115452,49,,,1,15,,1115446,36,,,1,55,,1115415,49,,,1,14,,1115422,36,,,1,16,,1115456,49,,,1,15,,1115420,36,,,1,56,,1115426,49,,,1,11,,1115417,36,,,1,16,,1115412,49,,,1,12,,1115405,36,,,1,55,,1115402,49,,,1,13,,1115453,36,,,1,14,,1115409,36,,,1,31,,1115400,49,,,1,54,,1090521,36,,,1,23,,1115418,36,,,1,66,,1115410,36,,,1,29,,1115425,36,,,1,26,,1115403,36,,,1,69,,1077529,36,,,1
1200,'12',444,,1115497,36,,,1,60,,1115486,36,,,1,32,,1115503,36,,,1,74,,1010301,36,,,1,35,,1115492,49,,,1,73,,1115498,49,,,1,35,,1115502,49,,,1,62,,1096706,49,,,1,17,,1115491,49,,,1,14,,1115519,49,,,1,58,,1115522,49,,,1,14,,1115482,49,,,1,15,,1115493,49,,,1,14,,1115494,49,,,1,12,,1115500,49,,,1,55,,1115460,49,,,1,14,,1115488,49,,,1,15,,1115509,49,,,1,16,,1115517,49,,,1,54,,1115459,49,,,1,16,,1115466,49,,,1,15,,1115464,49,,,1,56,,1115511,49,,,1,16,,1115490,49,,,1,17,,1115483,49,,,1,14,,1115480,49,,,1,53,,1115489,49,,,1,14,,1115496,49,,,1,16,,1115468,49,,,1,16,,1115476,49,,,1,55,,902476,49,,,1,16,,1115487,49,,,1,14,,1115472,49,,,1,18,,1115513,49,,,1,59,,1115499,49,,,1,18,,1065739,49,,,1,31,,1115462,49,,,1,57,,1115514,49,,,1,15,,1115474,49,,,1,14,,1115518,49,,,1,14,,1036362,49,,,1,54,,1115470,49,,,1,32,,1115463,49,,,1,15,,1080438,49,,,1,53,,1115479,49,,,1,12,,1115505,49,,,1,11,,1115471,49,,,1,12,,1115501,49,,,1,12,,1115508,49,,,1,49,,1115506,49,,,1,14,,1115507,36,,,1,16,,1115504,49,,,1,16,,1078241,36,,,1,55,,1115520,49,,,1,12,,1115467,36,,,1,16,,1115484,49,,,1,15,,1115477,36,,,1,55,,1115481,49,,,1,14,,1115515,36,,,1,16,,1115475,49,,,1,15,,1115512,36,,,1,56,,1010637,49,,,1,11,,1073602,36,,,1,16,,1115478,49,,,1,12,,1115521,36,,,1,55,,1115510,49,,,1,13,,1040623,36,,,1,14,,1115516,36,,,1,31,,1115469,49,,,1,54,,1115495,36,,,1,23,,1115461,36,,,1,66,,1115485,36,,,1,29,,1092385,36,,,1,26,,1115465,36,,,1,69,,1115473,36,,,1
1200,'13',704,,1115555,36,,,1,31,,1115525,36,,,1,70,,1115529,36,,,1,31,,1115540,36,,,1,71,,1115546,49,,,1,29,,1115551,36,,,1,67,,1115552,49,,,1,16,,1115558,36,,,1,16,,1115526,36,,,1,15,,1115557,36,,,1,56,,1115568,49,,,1,14,,1115531,36,,,1,15,,1115533,36,,,1,15,,1093236,36,,,1,56,,1115571,49,,,1,14,,1115542,36,,,1,16,,1115527,49,,,1,15,,1115536,36,,,1,56,,1115564,49,,,1,14,,1115575,36,,,1,16,,1115539,49,,,1,14,,1115530,36,,,1,56,,1115574,49,,,1,14,,1115572,36,,,1,16,,1115524,49,,,1,14,,1115532,36,,,1,56,,1115549,49,,,1,14,,1115550,36,,,1,16,,1115567,49,,,1,14,,1115562,36,,,1,56,,1115523,49,,,1,14,,1115570,36,,,1,16,,1115545,49,,,1,13,,1115569,36,,,1,56,,1115528,49,,,1,14,,1115563,36,,,1,16,,1115547,49,,,1,14,,1115556,36,,,1,56,,1115554,49,,,1,14,,1115573,36,,,1,16,,1115561,49,,,1,14,,1115535,36,,,1,69,,1115543,49,,,1,29,,1115559,36,,,1,70,,1115541,36,,,1,30,,1115565,36,,,1,70,,1115537,36,,,1,30,,1115534,36,,,1,70,,1115548,36,,,1,28,,1115560,36,,,1,70,,1115566,36,,,1,30,,1074452,36,,,1,70,,1115544,36,,,1,30,,1115553,36,,,1,76,,1115538,36,,,1
1200,'14',444,,1115648,36,,,1,60,,1115587,36,,,1,32,,1115591,36,,,1,74,,1115615,36,,,1,35,,1115600,49,,,1,73,,1115598,49,,,1,35,,1115645,49,,,1,62,,1115596,49,,,1,17,,1115638,49,,,1,14,,1115579,49,,,1,58,,1115617,49,,,1,14,,1115613,49,,,1,15,,1115590,49,,,1,14,,1115584,49,,,1,12,,1115621,49,,,1,55,,1115633,49,,,1,14,,1115614,49,,,1,15,,1115577,49,,,1,16,,1115622,49,,,1,54,,1115580,49,,,1,16,,1115650,49,,,1,15,,1115643,49,,,1,56,,1115649,49,,,1,16,,1115607,49,,,1,17,,1115581,49,,,1,14,,1115609,49,,,1,53,,1115605,49,,,1,14,,1115625,49,,,1,16,,1115619,49,,,1,16,,1115631,49,,,1,55,,1115647,49,,,1,16,,1115592,49,,,1,14,,1115618,49,,,1,18,,1115599,49,,,1,59,,1115620,49,,,1,18,,1115616,49,,,1,31,,1115588,49,,,1,57,,1115628,49,,,1,15,,1115639,49,,,1,14,,1115626,49,,,1,14,,1115582,49,,,1,54,,1115632,49,,,1,32,,1115627,49,,,1,15,,1115635,49,,,1,53,,1115602,49,,,1,12,,1115637,49,,,1,11,,1115623,49,,,1,12,,1115644,49,,,1,12,,1115578,49,,,1,49,,1115630,49,,,1,14,,1115640,36,,,1,16,,1115629,49,,,1,16,,1115624,36,,,1,55,,1115610,49,,,1,12,,1115636,36,,,1,16,,1115641,49,,,1,15,,1115634,36,,,1,55,,1115601,49,,,1,14,,1115608,36,,,1,16,,1115646,49,,,1,15,,1115606,36,,,1,56,,1115612,49,,,1,11,,1115603,36,,,1,16,,1115597,49,,,1,12,,1115589,36,,,1,55,,1115585,49,,,1,13,,1115642,36,,,1,14,,1115594,36,,,1,31,,1115583,49,,,1,54,,1115576,36,,,1,23,,1115604,36,,,1,66,,1115595,36,,,1,29,,1115611,36,,,1,26,,1115586,36,,,1,69,,1115593,36,,,1
1200,'15',444,,1115687,36,,,1,60,,1115675,36,,,1,32,,1115696,36,,,1,74,,1115700,36,,,1,35,,1115720,49,,,1,73,,1115682,49,,,1,35,,1115689,49,,,1,62,,1115711,49,,,1,17,,1115660,49,,,1,14,,1115673,49,,,1,58,,1115710,49,,,1,14,,1115724,49,,,1,15,,1115703,49,,,1,14,,1115693,49,,,1,12,,1115692,49,,,1,55,,1115697,49,,,1,14,,1115685,49,,,1,15,,1115691,49,,,1,16,,1115659,49,,,1,54,,1115672,49,,,1,16,,1115719,49,,,1,15,,1115690,49,,,1,56,,1115721,49,,,1,16,,1115686,49,,,1,17,,1115661,49,,,1,14,,1115656,49,,,1,53,,1115714,49,,,1,14,,1115712,49,,,1,16,,1115666,49,,,1,16,,1115705,49,,,1,55,,1115725,49,,,1,16,,1115715,49,,,1,14,,1115664,49,,,1,18,,1115665,49,,,1,59,,1115653,49,,,1,18,,1115717,49,,,1,31,,1115652,49,,,1,57,,1115681,49,,,1,15,,1115723,49,,,1,14,,1115657,49,,,1,14,,1115722,49,,,1,54,,1115694,49,,,1,32,,1115654,49,,,1,15,,1115699,49,,,1,53,,1115688,49,,,1,12,,1115706,49,,,1,11,,1115671,49,,,1,12,,1115709,49,,,1,12,,1115669,49,,,1,49,,1115718,49,,,1,14,,1115663,36,,,1,16,,1115702,49,,,1,16,,1115670,36,,,1,55,,1115676,49,,,1,12,,1115662,36,,,1,16,,1115695,49,,,1,15,,1115679,36,,,1,55,,1115684,49,,,1,14,,1115680,36,,,1,16,,1115667,49,,,1,15,,1115713,36,,,1,56,,1115674,49,,,1,11,,1115683,36,,,1,16,,1115651,49,,,1,12,,1115677,36,,,1,55,,1115658,49,,,1,13,,1115716,36,,,1,14,,1115708,36,,,1,31,,1115678,49,,,1,54,,1115655,36,,,1,23,,1115701,36,,,1,66,,1115698,36,,,1,29,,1115707,36,,,1,26,,1115704,36,,,1,69,,1115668,36,,,1
1200,'16',444,,1115769,36,,,1,60,,1115757,36,,,1,32,,1115777,36,,,1,74,,1115746,36,,,1,35,,1115763,49,,,1,73,,1115770,49,,,1,35,,1115776,49,,,1,62,,1115730,49,,,1,17,,1115762,49,,,1,14,,1115790,49,,,1,58,,970136,49,,,1,14,,1115753,49,,,1,15,,1115764,49,,,1,14,,1115765,49,,,1,12,,1115774,49,,,1,55,,1115727,49,,,1,14,,1115759,49,,,1,15,,1115782,49,,,1,16,,1115788,49,,,1,54,,1115726,49,,,1,16,,1115735,49,,,1,15,,1115729,49,,,1,56,,1096471,49,,,1,16,,1115761,49,,,1,17,,1115754,49,,,1,14,,1115751,49,,,1,53,,1115760,49,,,1,14,,1115767,49,,,1,16,,1115736,49,,,1,16,,1115747,49,,,1,55,,1115734,49,,,1,16,,1115758,49,,,1,14,,1115742,49,,,1,18,,1115785,49,,,1,59,,1115771,49,,,1,18,,1115739,49,,,1,31,,1008750,49,,,1,57,,1115786,49,,,1,15,,1115744,49,,,1,14,,1115789,49,,,1,14,,1115768,49,,,1,54,,1115740,49,,,1,32,,1115728,49,,,1,15,,1115733,49,,,1,53,,1115750,49,,,1,12,,1115779,49,,,1,11,,1115741,49,,,1,12,,1115775,49,,,1,12,,1066193,49,,,1,49,,1115780,49,,,1,14,,1115781,36,,,1,16,,1115778,49,,,1,16,,1115772,36,,,1,55,,1115791,49,,,1,12,,1062165,36,,,1,16,,1115755,49,,,1,15,,1115748,36,,,1,55,,1115752,49,,,1,14,,1115787,36,,,1,16,,1115745,49,,,1,15,,1115784,36,,,1,56,,1115732,49,,,1,11,,1115773,36,,,1,16,,1115749,49,,,1,12,,1115792,36,,,1,55,,1115783,49,,,1,13,,1115793,36,,,1,14,,1066194,36,,,1,31,,1115738,49,,,1,54,,1115766,36,,,1,23,,1086703,36,,,1,66,,1115756,36,,,1,29,,1115737,36,,,1,26,,1115731,36,,,1,69,,1115743,36,,,1
1200,'17',704,,1115827,36,,,1,31,,1115796,36,,,1,70,,1115800,36,,,1,31,,1115812,36,,,1,71,,1115818,49,,,1,29,,1115823,36,,,1,67,,1115824,49,,,1,16,,1115830,36,,,1,16,,1115797,36,,,1,15,,1115829,36,,,1,56,,1115840,49,,,1,14,,1115803,36,,,1,15,,1115805,36,,,1,15,,1115802,36,,,1,56,,1115843,49,,,1,14,,1115814,36,,,1,16,,1115798,49,,,1,15,,1115808,36,,,1,56,,1115836,49,,,1,14,,1115848,36,,,1,16,,1115811,49,,,1,14,,1115801,36,,,1,56,,1115846,49,,,1,14,,1115844,36,,,1,16,,1115795,49,,,1,14,,1115804,36,,,1,56,,1115821,49,,,1,14,,1115822,36,,,1,16,,1115839,49,,,1,14,,1115834,36,,,1,56,,1115794,49,,,1,14,,1115842,36,,,1,16,,1115817,49,,,1,13,,1115841,36,,,1,56,,1115799,49,,,1,14,,1115835,36,,,1,16,,1115819,49,,,1,14,,1115828,36,,,1,56,,1115826,49,,,1,14,,1115845,36,,,1,16,,1115833,49,,,1,14,,1115807,36,,,1,69,,1115815,49,,,1,29,,1115831,36,,,1,70,,1115813,36,,,1,30,,1115837,36,,,1,70,,1115809,36,,,1,30,,1115806,36,,,1,70,,1115820,36,,,1,28,,1115832,36,,,1,70,,1115838,36,,,1,30,,1115847,36,,,1,70,,1115816,36,,,1,30,,1115825,36,,,1,76,,1115810,36,,,1
1200,'2',525,,1115861,36,,,1,30,,1005102,36,,,1,73,,1115901,36,,,1,30,,1115872,36,,,1,71,,1115882,36,,,1,30,,1115877,36,,,1,71,,1115871,36,,,1,20,,1101072,36,,,1,57,,1115904,36,,,1,17,,1115887,49,,,1,14,,1115906,36,,,1,16,,1115878,49,,,1,54,,1115858,36,,,1,16,,1115868,49,,,1,15,,1014876,36,,,1,16,,1115853,49,,,1,54,,1115899,36,,,1,16,,1115908,49,,,1,14,,1115862,36,,,1,70,,1115900,36,,,1,8,,1115890,49,,,1,8,,1115866,49,,,1,15,,1115855,36,,,1,16,,1115879,49,,,1,54,,1115891,36,,,1,10,,1115885,49,,,1,20,,1023588,36,,,1,16,,1115895,49,,,1,54,,1115869,36,,,1,16,,1115905,49,,,1,14,,1115884,36,,,1,16,,1115851,49,,,1,54,,1115854,36,,,1,16,,1115889,49,,,1,14,,1005886,36,,,1,16,,1115849,49,,,1,54,,1115881,36,,,1,16,,1115867,49,,,1,13,,1115874,36,,,1,16,,1115876,49,,,1,54,,1115883,36,,,1,16,,1115875,49,,,1,14,,1115865,36,,,1,16,,1115864,49,,,1,54,,1115880,36,,,1,16,,1115907,49,,,1,14,,1065026,36,,,1,16,,1115852,49,,,1,54,,1115856,36,,,1,16,,1115870,49,,,1,14,,1115863,36,,,1,16,,1115860,49,,,1,54,,1096585,36,,,1,16,,1115857,49,,,1,14,,1115893,36,,,1,16,,1115886,49,,,1,54,,1115897,36,,,1,16,,1115896,49,,,1,27,,1115903,36,,,1,71,,1008377,49,,,1,27,,1115888,36,,,1,71,,1115894,49,,,1,29,,1115898,36,,,1,70,,1115873,36,,,1,30,,1115892,36,,,1,70,,1115850,36,,,1,30,,1115902,36,,,1,70,,1115859,36,,,1
1200,'3',704,,1115942,36,,,1,31,,1115911,36,,,1,70,,1115915,36,,,1,31,,1115927,36,,,1,71,,1115933,49,,,1,29,,1115938,36,,,1,67,,1115939,49,,,1,16,,1115945,36,,,1,16,,1115912,36,,,1,15,,1115944,36,,,1,56,,1115955,49,,,1,14,,1115918,36,,,1,15,,1115920,36,,,1,15,,1115917,36,,,1,56,,1115958,49,,,1,14,,1115929,36,,,1,16,,1115913,49,,,1,15,,1115923,36,,,1,56,,1115951,49,,,1,14,,1115963,36,,,1,16,,1115926,49,,,1,14,,1115916,36,,,1,56,,1115961,49,,,1,14,,1115959,36,,,1,16,,1115910,49,,,1,14,,1115919,36,,,1,56,,1115936,49,,,1,14,,1115937,36,,,1,16,,1115954,49,,,1,14,,1115949,36,,,1,56,,1115909,49,,,1,14,,1115957,36,,,1,16,,1115932,49,,,1,13,,1115956,36,,,1,56,,1115914,49,,,1,14,,1115950,36,,,1,16,,1115934,49,,,1,14,,1115943,36,,,1,56,,1115941,49,,,1,14,,1115960,36,,,1,16,,1115948,49,,,1,14,,1115922,36,,,1,69,,1115930,49,,,1,29,,1115946,36,,,1,70,,1115928,36,,,1,30,,1115952,36,,,1,70,,1115924,36,,,1,30,,1115921,36,,,1,70,,1115935,36,,,1,28,,1115947,36,,,1,70,,1115953,36,,,1,30,,1115962,36,,,1,70,,1115931,36,,,1,30,,1115940,36,,,1,76,,1115925,36,,,1
1200,'4',704,,1115982,36,,,1,31,,1115984,36,,,1,70,,1115986,36,,,1,31,,1115974,36,,,1,71,,1115978,49,,,1,29,,1116000,36,,,1,67,,1116004,49,,,1,16,,1115977,36,,,1,16,,1115988,36,,,1,15,,1115971,36,,,1,56,,1115976,49,,,1,14,,1116006,36,,,1,15,,1115968,36,,,1,15,,1115967,36,,,1,56,,1115994,49,,,1,14,,1115973,36,,,1,16,,1115996,49,,,1,15,,1115979,36,,,1,56,,1115972,49,,,1,14,,1116003,36,,,1,16,,1116002,49,,,1,14,,1115970,36,,,1,56,,1115964,49,,,1,14,,1115983,36,,,1,16,,1115981,49,,,1,14,,1001800,36,,,1,56,,1115985,49,,,1,14,,1115966,36,,,1,16,,1115987,49,,,1,14,,1116016,36,,,1,56,,1115980,49,,,1,14,,1115965,36,,,1,16,,1116001,49,,,1,13,,1116013,36,,,1,56,,1116010,49,,,1,14,,1115998,36,,,1,16,,1116008,49,,,1,14,,1116011,36,,,1,56,,1115990,49,,,1,14,,1087966,36,,,1,16,,1115995,49,,,1,14,,1116005,36,,,1,69,,1116015,49,,,1,29,,1115991,36,,,1,70,,1116012,36,,,1,30,,1115993,36,,,1,70,,1115992,36,,,1,30,,1115975,36,,,1,70,,1115969,36,,,1,28,,1115997,36,,,1,70,,1116007,36,,,1,30,,1116014,36,,,1,70,,1115999,36,,,1,30,,1116009,36,,,1,76,,1115989,36,,,1
1200,'5',444,,1116078,36,,,1,60,,1058641,36,,,1,32,,1116028,36,,,1,74,,1116050,36,,,1,35,,1116035,49,,,1,73,,1116034,49,,,1,35,,1116076,49,,,1,62,,1116032,49,,,1,17,,1116070,49,,,1,14,,1089747,49,,,1,58,,1116051,49,,,1,14,,1116048,49,,,1,15,,1116027,49,,,1,14,,1116022,49,,,1,12,,1116055,49,,,1,55,,1116066,49,,,1,14,,1116049,49,,,1,15,,1116017,49,,,1,16,,1116056,49,,,1,54,,1116019,49,,,1,16,,1066133,49,,,1,15,,1116075,49,,,1,56,,1116079,49,,,1,16,,1116042,49,,,1,17,,1116020,49,,,1,14,,1116044,49,,,1,53,,1116040,49,,,1,14,,1116059,49,,,1,16,,1116053,49,,,1,16,,1116064,49,,,1,55,,1063592,49,,,1,16,,1116029,49,,,1,14,,1116052,49,,,1,18,,1095161,49,,,1,59,,1116054,49,,,1,18,,1094110,49,,,1,31,,1116025,49,,,1,57,,1116061,49,,,1,15,,1116071,49,,,1,14,,1116060,49,,,1,14,,1079520,49,,,1,54,,1116065,49,,,1,32,,1059053,49,,,1,15,,1116068,49,,,1,53,,1116037,49,,,1,12,,1116069,49,,,1,11,,1116057,49,,,1,12,,1036576,49,,,1,12,,1116018,49,,,1,49,,1116063,49,,,1,14,,1116072,36,,,1,16,,1116062,49,,,1,16,,1116058,36,,,1,55,,1116045,49,,,1,12,,1096758,36,,,1,16,,1116073,49,,,1,15,,1116067,36,,,1,55,,1116036,49,,,1,14,,1116043,36,,,1,16,,1116077,49,,,1,15,,1116041,36,,,1,56,,1116047,49,,,1,11,,1116038,36,,,1,16,,1116033,49,,,1,12,,1116026,36,,,1,55,,1116023,49,,,1,13,,1116074,36,,,1,14,,1116030,36,,,1,31,,1116021,49,,,1,54,,1090454,36,,,1,23,,1116039,36,,,1,66,,1116031,36,,,1,29,,1116046,36,,,1,26,,1116024,36,,,1,69,,1077478,36,,,1
1200,'6',444,,1116119,36,,,1,60,,1116108,36,,,1,32,,1116127,36,,,1,74,,1116098,36,,,1,35,,1116114,49,,,1,73,,1116120,49,,,1,35,,1116126,49,,,1,62,,1116083,49,,,1,17,,1116113,49,,,1,14,,1069900,49,,,1,58,,1116145,49,,,1,14,,1116104,49,,,1,15,,1029727,49,,,1,14,,1116115,49,,,1,12,,1116124,49,,,1,55,,948157,49,,,1,14,,1116110,49,,,1,15,,1116133,49,,,1,16,,1088322,49,,,1,54,,1116080,49,,,1,16,,1097568,49,,,1,15,,1063735,49,,,1,56,,1116135,49,,,1,16,,1116112,49,,,1,17,,1116105,49,,,1,14,,1116102,49,,,1,53,,1116111,49,,,1,14,,1116117,49,,,1,16,,1116088,49,,,1,16,,1043988,49,,,1,55,,1116086,49,,,1,16,,1116109,49,,,1,14,,1116094,49,,,1,18,,1116137,49,,,1,59,,1116121,49,,,1,18,,1116091,49,,,1,31,,1116082,49,,,1,57,,1116138,49,,,1,15,,1116096,49,,,1,14,,1116141,49,,,1,14,,1116118,49,,,1,54,,1116092,49,,,1,32,,1047675,49,,,1,15,,1116085,49,,,1,53,,1116101,49,,,1,12,,1116129,49,,,1,11,,1116093,49,,,1,12,,1116125,49,,,1,12,,1116132,49,,,1,49,,1116130,49,,,1,14,,1116131,36,,,1,16,,1116128,49,,,1,16,,1116122,36,,,1,55,,1116142,49,,,1,12,,1116087,36,,,1,16,,1116106,49,,,1,15,,1116099,36,,,1,55,,1116103,49,,,1,14,,1116139,36,,,1,16,,1116097,49,,,1,15,,1116136,36,,,1,56,,1116084,49,,,1,11,,1116123,36,,,1,16,,1116100,49,,,1,12,,1116143,36,,,1,55,,1116134,49,,,1,13,,1116144,36,,,1,14,,1116140,36,,,1,31,,1116090,49,,,1,54,,1116116,36,,,1,23,,1116081,36,,,1,66,,1116107,36,,,1,29,,1116089,36,,,1,26,,1002437,36,,,1,69,,1116095,36,,,1
1200,'7',525,,1116181,36,,,1,30,,1116185,36,,,1,73,,1116161,36,,,1,30,,1116187,36,,,1,71,,1116179,36,,,1,30,,1116192,36,,,1,71,,1116211,36,,,1,20,,1116183,36,,,1,57,,1116173,36,,,1,17,,1116176,49,,,1,14,,1116156,36,,,1,16,,1116174,49,,,1,54,,1116158,36,,,1,16,,1116147,49,,,1,15,,1116177,36,,,1,16,,1116162,49,,,1,54,,1116150,36,,,1,16,,1116206,49,,,1,14,,1116184,36,,,1,70,,1116155,36,,,1,8,,1116197,49,,,1,8,,1116210,49,,,1,15,,1116188,36,,,1,16,,1116202,49,,,1,54,,1116165,36,,,1,10,,1116180,49,,,1,20,,1116208,36,,,1,16,,1116157,49,,,1,54,,1116205,36,,,1,16,,1116194,49,,,1,14,,1116159,36,,,1,16,,1116171,49,,,1,54,,1116195,36,,,1,16,,1116152,49,,,1,14,,1116196,36,,,1,16,,1116163,49,,,1,54,,1116190,36,,,1,16,,1116154,49,,,1,13,,1116209,36,,,1,16,,1116168,49,,,1,54,,1116201,36,,,1,16,,1116151,49,,,1,14,,1116186,36,,,1,16,,1116153,49,,,1,54,,1116172,36,,,1,16,,1116207,49,,,1,14,,1116189,36,,,1,16,,1116213,49,,,1,54,,1116160,36,,,1,16,,1116193,49,,,1,14,,1116175,36,,,1,16,,1116148,49,,,1,54,,1116169,36,,,1,16,,1116198,49,,,1,14,,1116212,36,,,1,16,,1116199,49,,,1,54,,1116146,36,,,1,16,,1116178,49,,,1,27,,1116203,36,,,1,71,,1116182,49,,,1,27,,1116204,36,,,1,71,,1116170,49,,,1,29,,1116191,36,,,1,70,,1116164,36,,,1,30,,1116200,36,,,1,70,,1116167,36,,,1,30,,1116166,36,,,1,70,,1116149,36,,,1
1200,'8',444,,1116260,36,,,1,60,,1116248,36,,,1,32,,1116268,36,,,1,74,,1116237,36,,,1,35,,1116254,49,,,1,73,,1116261,49,,,1,35,,1116267,49,,,1,62,,1116220,49,,,1,17,,1116253,49,,,1,14,,1116284,49,,,1,58,,1116288,49,,,1,14,,1116244,49,,,1,15,,1116255,49,,,1,14,,1116256,49,,,1,12,,1116265,49,,,1,55,,1116215,49,,,1,14,,1116250,49,,,1,15,,1116274,49,,,1,16,,1116282,49,,,1,54,,1116214,49,,,1,16,,1116225,49,,,1,15,,1116219,49,,,1,56,,1116276,49,,,1,16,,1116252,49,,,1,17,,1116245,49,,,1,14,,1116242,49,,,1,53,,1116251,49,,,1,14,,1116258,49,,,1,16,,1116227,49,,,1,16,,1116238,49,,,1,55,,1116224,49,,,1,16,,1116249,49,,,1,14,,1116233,49,,,1,18,,1116278,49,,,1,59,,1116262,49,,,1,18,,1116230,49,,,1,31,,1116217,49,,,1,57,,1116279,49,,,1,15,,1116235,49,,,1,14,,1116283,49,,,1,14,,1116259,49,,,1,54,,1116231,49,,,1,32,,1116218,49,,,1,15,,1116223,49,,,1,53,,1116241,49,,,1,12,,1116270,49,,,1,11,,1116232,49,,,1,12,,1116266,49,,,1,12,,1116273,49,,,1,49,,1116271,49,,,1,14,,1116272,36,,,1,16,,1116269,49,,,1,16,,1116263,36,,,1,55,,1116285,49,,,1,12,,1116226,36,,,1,16,,1116246,49,,,1,15,,1116239,36,,,1,55,,1116243,49,,,1,14,,1116280,36,,,1,16,,1116236,49,,,1,15,,1116277,36,,,1,56,,1116222,49,,,1,11,,1116264,36,,,1,16,,1116240,49,,,1,12,,1116286,36,,,1,55,,1116275,49,,,1,13,,1116287,36,,,1,14,,1116281,36,,,1,31,,1116229,49,,,1,54,,1116257,36,,,1,23,,1116216,36,,,1,66,,1116247,36,,,1,29,,1116228,36,,,1,26,,1116221,36,,,1,69,,1116234,36,,,1
1200,'9',444,,1116350,36,,,1,60,,1058670,36,,,1,32,,1116300,36,,,1,74,,1116322,36,,,1,35,,1116307,49,,,1,73,,1116306,49,,,1,35,,1116348,49,,,1,62,,1116304,49,,,1,17,,1116342,49,,,1,14,,1089672,49,,,1,58,,1116323,49,,,1,14,,1116320,49,,,1,15,,1116299,49,,,1,14,,1116294,49,,,1,12,,1116327,49,,,1,55,,1116338,49,,,1,14,,1116321,49,,,1,15,,1116289,49,,,1,16,,1116328,49,,,1,54,,1116291,49,,,1,16,,1066024,49,,,1,15,,1116347,49,,,1,56,,1116351,49,,,1,16,,1116314,49,,,1,17,,1116292,49,,,1,14,,1116316,49,,,1,53,,1116312,49,,,1,14,,1116331,49,,,1,16,,1116325,49,,,1,16,,1116336,49,,,1,55,,1063421,49,,,1,16,,1116301,49,,,1,14,,1116324,49,,,1,18,,1095037,49,,,1,59,,1116326,49,,,1,18,,1093999,49,,,1,31,,1116297,49,,,1,57,,1116333,49,,,1,15,,1116343,49,,,1,14,,1116332,49,,,1,14,,1079421,49,,,1,54,,1116337,49,,,1,32,,1059078,49,,,1,15,,1116340,49,,,1,53,,1116309,49,,,1,12,,1116341,49,,,1,11,,1116329,49,,,1,12,,1037058,49,,,1,12,,1116290,49,,,1,49,,1116335,49,,,1,14,,1116344,36,,,1,16,,1116334,49,,,1,16,,1116330,36,,,1,55,,1116317,49,,,1,12,,1096625,36,,,1,16,,1116345,49,,,1,15,,1116339,36,,,1,55,,1116308,49,,,1,14,,1116315,36,,,1,16,,1116349,49,,,1,15,,1116313,36,,,1,56,,1116319,49,,,1,11,,1116310,36,,,1,16,,1116305,49,,,1,12,,1116298,36,,,1,55,,1116295,49,,,1,13,,1116346,36,,,1,14,,1116302,36,,,1,31,,1116293,49,,,1,54,,1090372,36,,,1,23,,1116311,36,,,1,66,,1116303,36,,,1,29,,1116318,36,,,1,26,,1116296,36,,,1,69,,1077416,36,,,1
2401,'1',458,,1124202,6,0,29,1,72,,1124166,23,0,29,1,84,,1124178,23,,,1,30,,1124184,23,,,1,15,,1124164,23,0,29,1,55,,1078723,23,,,1,16,,1075558,23,0,29,1,12,,1124192,23,,,1,58,,1124173,23,0,29,1,16,,1124176,23,,,1,17,,1124197,23,0,29,1,13,,1124175,23,,,1,75,,1124170,23,,,1,28,,1124180,57,,,1,70,,1124191,57,,,1,30,,1124190,57,,,1,70,,1089787,57,,,1,29,,1124195,57,,,1,70,,1124204,57,,,1,30,,1124199,57,,,1,70,,1124200,57,,,1,29,,1124162,57,,,1,70,,1124168,57,,,1,30,,1124167,57,,,1,64,,1124196,57,,,1,20,,1124201,8,0,29,1,2,,1124172,8,0,29,1,15,,1124186,57,,,1,69,,1124181,57,,,1,15,,1124177,23,,,1,16,,1124194,57,,,1,54,,1124189,23,,,1,15,,1124174,57,,,1,15,,1124203,23,,,1,18,,1082238,57,,,1,52,,1124193,23,,,1,18,,1124179,57,,,1,12,,1124187,23,,,1,7,,1124182,57,,,1,65,,1124160,57,,,1,30,,1124185,57,,,1,75,,1124163,23,,,1,25,,1094137,57,,,1,18,,1124158,23,,,1,72,,1124183,57,,,1,28,,1124159,23,,,1,72,,1124188,57,,,1,104,,1124198,57,,,1
2401,'10',458,,1124249,6,0,29,1,72,,1124213,23,0,29,1,84,,1124225,23,,,1,30,,1124231,23,,,1,15,,1124211,23,0,29,1,55,,1078459,23,,,1,16,,1075222,23,0,29,1,12,,1124239,23,,,1,58,,1124220,23,0,29,1,16,,1124223,23,,,1,17,,1124244,23,0,29,1,13,,1124222,23,,,1,75,,1124217,23,,,1,28,,1124227,57,,,1,70,,1124238,57,,,1,30,,1124237,57,,,1,70,,1089644,57,,,1,29,,1124242,57,,,1,70,,1124251,57,,,1,30,,1124246,57,,,1,70,,1124247,57,,,1,29,,1124209,57,,,1,70,,1124215,57,,,1,30,,1124214,57,,,1,64,,1124243,57,,,1,20,,1124248,8,0,29,1,2,,1124219,8,0,29,1,15,,1124233,57,,,1,69,,1124228,57,,,1,15,,1124224,23,,,1,16,,1124241,57,,,1,54,,1124236,23,,,1,15,,1124221,57,,,1,15,,1124250,23,,,1,18,,1082075,57,,,1,52,,1124240,23,,,1,18,,1124226,57,,,1,12,,1124234,23,,,1,7,,1124229,57,,,1,65,,1124207,57,,,1,30,,1124232,57,,,1,75,,1124210,23,,,1,25,,1093917,57,,,1,18,,1124205,23,,,1,72,,1124230,57,,,1,28,,1124206,23,,,1,72,,1124235,57,,,1,104,,1124245,57,,,1
2401,'11',458,,1124296,6,0,29,1,72,,1124260,23,0,29,1,84,,1124272,23,,,1,30,,1124278,23,,,1,15,,1124258,23,0,29,1,55,,1078803,23,,,1,16,,1075650,23,0,29,1,12,,1124286,23,,,1,58,,1124267,23,0,29,1,16,,1124270,23,,,1,17,,1124291,23,0,29,1,13,,1124269,23,,,1,75,,1124264,23,,,1,28,,1124274,57,,,1,70,,1124285,57,,,1,30,,1124284,57,,,1,70,,1089829,57,,,1,29,,1124289,57,,,1,70,,1124298,57,,,1,30,,1124293,57,,,1,70,,1124294,57,,,1,29,,1124256,57,,,1,70,,1124262,57,,,1,30,,1124261,57,,,1,64,,1124290,57,,,1,20,,1124295,8,0,29,1,2,,1124266,8,0,29,1,15,,1124280,57,,,1,69,,1124275,57,,,1,15,,1124271,23,,,1,16,,1124288,57,,,1,54,,1124283,23,,,1,15,,1124268,57,,,1,15,,1124297,23,,,1,18,,1082291,57,,,1,52,,1124287,23,,,1,18,,1124273,57,,,1,12,,1124281,23,,,1,7,,1124276,57,,,1,65,,1124254,57,,,1,30,,1124279,57,,,1,75,,1124257,23,,,1,25,,1094200,57,,,1,18,,1124252,23,,,1,72,,1124277,57,,,1,28,,1124253,23,,,1,72,,1124282,57,,,1,104,,1124292,57,,,1
2401,'12',458,,1124318,6,0,29,1,72,,1124336,23,0,29,1,84,,1124328,23,,,1,30,,1124306,23,,,1,15,,1124345,23,0,29,1,55,,1124324,23,,,1,16,,1124314,23,0,29,1,12,,1124303,23,,,1,58,,1124313,23,0,29,1,16,,1124315,23,,,1,17,,1124299,23,0,29,1,13,,1124310,23,,,1,75,,1124329,23,,,1,28,,1043798,57,,,1,70,,1124340,57,,,1,30,,1064870,57,,,1,70,,1023317,57,,,1,29,,1124327,57,,,1,70,,1124346,57,,,1,30,,1124322,57,,,1,70,,1124326,57,,,1,29,,1124304,57,,,1,70,,1124321,57,,,1,30,,1124305,57,,,1,64,,1124308,57,,,1,20,,1124342,8,0,29,1,2,,1124337,8,0,29,1,15,,1124317,57,,,1,69,,1124312,57,,,1,15,,1124300,23,,,1,16,,1124320,57,,,1,54,,1124338,23,,,1,15,,1124301,57,,,1,15,,1124332,23,,,1,18,,1124339,57,,,1,52,,1124330,23,,,1,18,,1124307,57,,,1,12,,1074492,23,,,1,7,,1124335,57,,,1,65,,1124309,57,,,1,30,,1124316,57,,,1,75,,1124325,23,,,1,25,,1124311,57,,,1,18,,1124343,23,,,1,72,,1124302,57,,,1,28,,1124341,23,,,1,72,,1124344,57,,,1,104,,1124333,57,,,1
2401,'13',841,,1124352,24,,,1,103,,1124371,32,,,1,101,,1124350,32,,,1,70,,1124348,32,,,1,30,,1124359,32,,,1,71,,1124358,32,,,1,30,,1124347,32,,,1,70,,1124370,32,,,1,30,,1124349,32,,,1,70,,1124368,32,,,1,30,,1124364,32,,,1,70,,1124354,32,,,1,30,,1124365,32,,,1,70,,1124363,32,,,1,30,,1124366,32,,,1,70,,1124357,32,,,1,30,,1124360,32,,,1,69,,1124353,32,,,1,35,,1124351,24,,,1,78,,1124369,24,,,1,30,,1124367,24,,,1,68,,1124355,24,,,1,100,,1124362,24,0,29,1,100,,1124361,24,0,29,1,100,,1124356,24,0,29,1
2401,'14',458,,1124418,6,0,29,1,72,,1124381,23,0,29,1,84,,1124393,23,,,1,30,,1124399,23,,,1,15,,1124378,23,0,29,1,55,,1124419,23,,,1,16,,1124424,23,0,29,1,12,,1124407,23,,,1,58,,1124388,23,0,29,1,16,,1124391,23,,,1,17,,1124412,23,0,29,1,13,,1124390,23,,,1,75,,1124385,23,,,1,28,,1124395,57,,,1,70,,1124406,57,,,1,30,,1124405,57,,,1,70,,1124421,57,,,1,29,,1124410,57,,,1,70,,1124423,57,,,1,30,,1124414,57,,,1,70,,1124415,57,,,1,29,,1124376,57,,,1,70,,1124383,57,,,1,30,,1124382,57,,,1,64,,1124411,57,,,1,20,,1124417,8,0,29,1,2,,1124387,8,0,29,1,15,,1124401,57,,,1,69,,1124396,57,,,1,15,,1124392,23,,,1,16,,1124409,57,,,1,54,,1124404,23,,,1,15,,1124389,57,,,1,15,,1124420,23,,,1,18,,1124422,57,,,1,52,,1124408,23,,,1,18,,1124394,57,,,1,12,,1124402,23,,,1,7,,1124397,57,,,1,65,,1124374,57,,,1,30,,1124400,57,,,1,75,,1124377,23,,,1,25,,1124379,57,,,1,18,,1124372,23,,,1,72,,1124398,57,,,1,28,,1124373,23,,,1,72,,1124403,57,,,1,104,,1124413,57,,,1
2401,'15',458,,1124449,6,0,29,1,72,,1124446,23,0,29,1,84,,1124475,23,,,1,30,,1124459,23,,,1,15,,1124474,23,0,29,1,55,,1124444,23,,,1,16,,1124440,23,0,29,1,12,,1124436,23,,,1,58,,1124470,23,0,29,1,16,,1124456,23,,,1,17,,1124471,23,0,29,1,13,,1124439,23,,,1,75,,1124473,23,,,1,28,,1124462,57,,,1,70,,1124434,57,,,1,30,,1124428,57,,,1,70,,1124461,57,,,1,29,,1124469,57,,,1,70,,1124441,57,,,1,30,,1124437,57,,,1,70,,1124431,57,,,1,29,,1124454,57,,,1,70,,1124432,57,,,1,30,,1124443,57,,,1,64,,1124451,57,,,1,20,,1124460,8,0,29,1,2,,1124438,8,0,29,1,15,,1124463,57,,,1,69,,1124435,57,,,1,15,,1124425,23,,,1,16,,1124448,57,,,1,54,,1124466,23,,,1,15,,1124447,57,,,1,15,,1124465,23,,,1,18,,1124433,57,,,1,52,,1124453,23,,,1,18,,1124445,57,,,1,12,,1124442,23,,,1,7,,1124472,57,,,1,65,,1124455,57,,,1,30,,1124450,57,,,1,75,,1124464,23,,,1,25,,1124427,57,,,1,18,,1124468,23,,,1,72,,1124477,57,,,1,28,,1124457,23,,,1,72,,1124458,57,,,1,104,,1124476,57,,,1
2401,'16',458,,1124494,6,0,29,1,72,,1124512,23,0,29,1,84,,1124504,23,,,1,30,,1124483,23,,,1,15,,1124523,23,0,29,1,55,,1124500,23,,,1,16,,1124490,23,0,29,1,12,,1124480,23,,,1,58,,1124489,23,0,29,1,16,,1124491,23,,,1,17,,1021444,23,0,29,1,13,,1124486,23,,,1,75,,1124505,23,,,1,28,,1124522,57,,,1,70,,1124516,57,,,1,30,,1124484,57,,,1,70,,1124518,57,,,1,29,,1124503,57,,,1,70,,1124524,57,,,1,30,,1124498,57,,,1,70,,1124502,57,,,1,29,,1124482,57,,,1,70,,1124497,57,,,1,30,,1098163,57,,,1,64,,1088835,57,,,1,20,,1124519,8,0,29,1,2,,1124513,8,0,29,1,15,,1124493,57,,,1,69,,1124488,57,,,1,15,,1124478,23,,,1,16,,1124496,57,,,1,54,,1124514,23,,,1,15,,1070332,57,,,1,15,,1124508,23,,,1,18,,1124515,57,,,1,52,,1124506,23,,,1,18,,1064711,57,,,1,12,,1124525,23,,,1,7,,1124511,57,,,1,65,,1124485,57,,,1,30,,1124492,57,,,1,75,,1124501,23,,,1,25,,1124487,57,,,1,18,,1124520,23,,,1,72,,1124479,57,,,1,28,,1124517,23,,,1,72,,1124521,57,,,1,104,,1124509,57,,,1
2401,'17',841,,1124531,24,,,1,103,,1124550,32,,,1,101,,1124529,32,,,1,70,,1124527,32,,,1,30,,1124538,32,,,1,71,,1124537,32,,,1,30,,1124526,32,,,1,70,,1124549,32,,,1,30,,1124528,32,,,1,70,,1124547,32,,,1,30,,1124543,32,,,1,70,,1124533,32,,,1,30,,1124544,32,,,1,70,,1124542,32,,,1,30,,1124545,32,,,1,70,,1124536,32,,,1,30,,1124539,32,,,1,69,,1124532,32,,,1,35,,1124530,24,,,1,78,,1124548,24,,,1,30,,1124546,24,,,1,68,,1124534,24,,,1,100,,1124541,24,0,29,1,100,,1124540,24,0,29,1,100,,1124535,24,0,29,1
2401,'2',640,,1124563,24,,,1,74,,1124570,32,,,1,101,,1124565,32,,,1,31,,1124556,32,,,1,70,,1124567,32,,,1,30,,1124577,32,,,1,71,,1124559,32,,,1,30,,1124572,32,,,1,70,,1124578,32,,,1,30,,1124551,32,,,1,69,,1051910,32,,,1,31,,1124564,32,,,1,70,,1124575,32,,,1,30,,1124579,32,,,1,70,,1124561,32,,,1,30,,1124560,32,,,1,71,,1124571,32,,,1,29,,1124552,32,,,1,70,,1012230,32,,,1,30,,1124557,32,,,1,70,,1124553,32,,,1,30,,1124574,32,,,1,70,,1124558,32,,,1,30,,1124555,32,,,1,70,,1124568,32,,,1,27,,1067840,32,,,1,68,,1124562,32,0,29,1,28,,1124569,32,0,29,1,98,,1124573,32,0,29,1,102,,1124576,32,0,29,1,100,,1124566,32,0,29,1,100,,1124554,32,0,29,1
2401,'3',841,,1124585,24,,,1,103,,1124604,32,,,1,101,,1124583,32,,,1,70,,1124581,32,,,1,30,,1124592,32,,,1,71,,1124591,32,,,1,30,,1124580,32,,,1,70,,1124603,32,,,1,30,,1124582,32,,,1,70,,1124601,32,,,1,30,,1124597,32,,,1,70,,1124587,32,,,1,30,,1124598,32,,,1,70,,1124596,32,,,1,30,,1124599,32,,,1,70,,1124590,32,,,1,30,,1124593,32,,,1,69,,1124586,32,,,1,35,,1124584,24,,,1,78,,1124602,24,,,1,30,,1124600,24,,,1,68,,1124588,24,,,1,100,,1124595,24,0,29,1,100,,1124594,24,0,29,1,100,,1124589,24,0,29,1
2401,'4',841,,1124624,24,,,1,103,,1124605,32,,,1,101,,1124621,32,,,1,70,,1082164,32,,,1,30,,1124610,32,,,1,71,,1124612,32,,,1,30,,1124623,32,,,1,70,,1124615,32,,,1,30,,1124609,32,,,1,70,,1124613,32,,,1,30,,1124625,32,,,1,70,,1124620,32,,,1,30,,1076923,32,,,1,70,,1124626,32,,,1,30,,1124618,32,,,1,70,,1124608,32,,,1,30,,1124617,32,,,1,69,,1124606,32,,,1,35,,1124614,24,,,1,78,,1124611,24,,,1,30,,1124607,24,,,1,68,,1124619,24,,,1,100,,1124616,24,0,29,1,100,,1124627,24,0,29,1,100,,1124622,24,0,29,1
2401,'5',458,,1124672,6,0,29,1,72,,1124636,23,0,29,1,84,,1124648,23,,,1,30,,1124654,23,,,1,15,,1124634,23,0,29,1,55,,1078675,23,,,1,16,,1075516,23,0,29,1,12,,1124662,23,,,1,58,,1124643,23,0,29,1,16,,1124646,23,,,1,17,,1124667,23,0,29,1,13,,1124645,23,,,1,75,,1124640,23,,,1,28,,1124650,57,,,1,70,,1124661,57,,,1,30,,1124660,57,,,1,70,,1089764,57,,,1,29,,1124665,57,,,1,70,,1124674,57,,,1,30,,1124669,57,,,1,70,,1124670,57,,,1,29,,1124632,57,,,1,70,,1124638,57,,,1,30,,1124637,57,,,1,64,,1124666,57,,,1,20,,1124671,8,0,29,1,2,,1124642,8,0,29,1,15,,1124656,57,,,1,69,,1124651,57,,,1,15,,1124647,23,,,1,16,,1124664,57,,,1,54,,1124659,23,,,1,15,,1124644,57,,,1,15,,1124673,23,,,1,18,,1082208,57,,,1,52,,1124663,23,,,1,18,,1124649,57,,,1,12,,1124657,23,,,1,7,,1124652,57,,,1,65,,1124630,57,,,1,30,,1124655,57,,,1,75,,1124633,23,,,1,25,,1094098,57,,,1,18,,1124628,23,,,1,72,,1124653,57,,,1,28,,1124629,23,,,1,72,,1124658,57,,,1,104,,1124668,57,,,1
2401,'6',458,,1124692,6,0,29,1,72,,1124710,23,0,29,1,84,,1124702,23,,,1,30,,1017700,23,,,1,15,,1124719,23,0,29,1,55,,1124698,23,,,1,16,,1124688,23,0,29,1,12,,1124677,23,,,1,58,,1124687,23,0,29,1,16,,1124689,23,,,1,17,,1124675,23,0,29,1,13,,1124684,23,,,1,75,,1124703,23,,,1,28,,1124718,57,,,1,70,,1124714,57,,,1,30,,1124680,57,,,1,70,,1124716,57,,,1,29,,1124701,57,,,1,70,,1050643,57,,,1,30,,1124696,57,,,1,70,,1124700,57,,,1,29,,1050050,57,,,1,70,,1124695,57,,,1,30,,1124679,57,,,1,64,,1124682,57,,,1,20,,1124717,8,0,29,1,2,,1124711,8,0,29,1,15,,1124691,57,,,1,69,,1124686,57,,,1,15,,1080823,23,,,1,16,,1124694,57,,,1,54,,1124712,23,,,1,15,,1124676,57,,,1,15,,1124706,23,,,1,18,,1124713,57,,,1,52,,1124704,23,,,1,18,,1124681,57,,,1,12,,1124720,23,,,1,7,,1124709,57,,,1,65,,1124683,57,,,1,30,,1124690,57,,,1,75,,1124699,23,,,1,25,,1124685,57,,,1,18,,1096524,23,,,1,72,,1102459,57,,,1,28,,1124715,23,,,1,72,,1062731,57,,,1,104,,1124707,57,,,1
2401,'7',640,,1124723,24,,,1,74,,1124744,32,,,1,101,,1124738,32,,,1,31,,1124725,32,,,1,70,,1124721,32,,,1,30,,1124748,32,,,1,71,,1124731,32,,,1,30,,1124728,32,,,1,70,,1124743,32,,,1,30,,1124749,32,,,1,69,,1124722,32,,,1,31,,1124751,32,,,1,70,,1124732,32,,,1,30,,1124726,32,,,1,70,,1124727,32,,,1,30,,1124735,32,,,1,71,,1124736,32,,,1,29,,1124737,32,,,1,70,,1124742,32,,,1,30,,1124739,32,,,1,70,,1124746,32,,,1,30,,1124747,32,,,1,70,,1124730,32,,,1,30,,1124734,32,,,1,70,,1124724,32,,,1,27,,1124745,32,,,1,68,,1124740,32,0,29,1,28,,1124750,32,0,29,1,98,,1124733,32,0,29,1,102,,1124752,32,0,29,1,100,,1124741,32,0,29,1,100,,1124729,32,0,29,1
2401,'8',458,,1124774,6,0,29,1,72,,1124792,23,0,29,1,84,,1124784,23,,,1,30,,1124761,23,,,1,15,,1124803,23,0,29,1,55,,1124780,23,,,1,16,,1124770,23,0,29,1,12,,1124757,23,,,1,58,,1124769,23,0,29,1,16,,1124771,23,,,1,17,,1124753,23,0,29,1,13,,1124766,23,,,1,75,,1124785,23,,,1,28,,1124802,57,,,1,70,,1124796,57,,,1,30,,1124762,57,,,1,70,,1124798,57,,,1,29,,1124783,57,,,1,70,,1124804,57,,,1,30,,1124778,57,,,1,70,,1124782,57,,,1,29,,1124759,57,,,1,70,,1124777,57,,,1,30,,1124760,57,,,1,64,,1124764,57,,,1,20,,1124799,8,0,29,1,2,,1124793,8,0,29,1,15,,1124773,57,,,1,69,,1124768,57,,,1,15,,1124754,23,,,1,16,,1124776,57,,,1,54,,1124794,23,,,1,15,,1124755,57,,,1,15,,1124788,23,,,1,18,,1124795,57,,,1,52,,1124786,23,,,1,18,,1124763,57,,,1,12,,1124805,23,,,1,7,,1124791,57,,,1,65,,1124765,57,,,1,30,,1124772,57,,,1,75,,1124781,23,,,1,25,,1124767,57,,,1,18,,1124800,23,,,1,72,,1124756,57,,,1,28,,1124797,23,,,1,72,,1124801,57,,,1,104,,1124789,57,,,1
2401,'9',458,,1124850,6,0,29,1,72,,1124814,23,0,29,1,84,,1124826,23,,,1,30,,1124832,23,,,1,15,,1124812,23,0,29,1,55,,1078540,23,,,1,16,,1075320,23,0,29,1,12,,1124840,23,,,1,58,,1124821,23,0,29,1,16,,1124824,23,,,1,17,,1124845,23,0,29,1,13,,1124823,23,,,1,75,,1124818,23,,,1,28,,1124828,57,,,1,70,,1124839,57,,,1,30,,1124838,57,,,1,70,,1089689,57,,,1,29,,1124843,57,,,1,70,,1124852,57,,,1,30,,1124847,57,,,1,70,,1124848,57,,,1,29,,1124810,57,,,1,70,,1124816,57,,,1,30,,1124815,57,,,1,64,,1124844,57,,,1,20,,1124849,8,0,29,1,2,,1124820,8,0,29,1,15,,1124834,57,,,1,69,,1124829,57,,,1,15,,1124825,23,,,1,16,,1124842,57,,,1,54,,1124837,23,,,1,15,,1124822,57,,,1,15,,1124851,23,,,1,18,,1082126,57,,,1,52,,1124841,23,,,1,18,,1124827,57,,,1,12,,1124835,23,,,1,7,,1124830,57,,,1,65,,1124808,57,,,1,30,,1124833,57,,,1,75,,1124811,23,,,1,25,,1093987,57,,,1,18,,1124806,23,,,1,72,,1124831,57,,,1,28,,1124807,23,,,1,72,,1124836,57,,,1,104,,1124846,57,,,1
61600,'1',851,,1198973,36,,,1
61600,'10',851,,1198974,36,,,1
61600,'11',851,,1198975,36,,,1
61600,'12',851,,1198976,36,,,1
61600,'14',851,,1198977,36,,,1
61600,'15',851,,1198978,36,,,1
61600,'16',851,,1198979,36,,,1
61600,'5',851,,1198980,36,,,1
61600,'6',851,,890974,36,,,1
61600,'8',851,,1198981,36,,,1
61600,'9',851,,1198982,36,,,1
