16100,'1',1511,,1189842,19,0,44,1,10,,1189838,19,0,44,1
16100,'10',1511,,1189870,19,0,44,1,10,,1189866,19,0,44,1
16100,'11',1511,,1189898,19,0,44,1,10,,1189894,19,0,44,1
16100,'12',1511,,1189939,19,0,44,1,10,,1189926,19,0,44,1
16100,'14',1511,,1189981,19,0,44,1,10,,1189977,19,0,44,1
16100,'15',1511,,1190002,19,0,44,1,10,,1190028,19,0,44,1
16100,'16',1511,,1190059,19,0,44,1,10,,1190047,19,0,44,1
16100,'5',1511,,1190141,19,0,44,1,10,,1190137,19,0,44,1
16100,'6',1511,,1190186,19,0,44,1,10,,1190173,19,0,44,1
16100,'8',1511,,1190239,19,0,44,1,10,,1190226,19,0,44,1
16100,'9',1511,,1190258,19,0,44,1,10,,1190254,19,0,44,1
