701,'1',522,,1108837,30,,,1,86,,1108801,30,,,1,30,,1108832,30,,,1,14,,1044925,59,,,1,66,,1108819,59,,,1,17,,1108799,59,,,1,15,,1108840,59,,,1,58,,1108795,59,,,1,25,,1108827,59,,,1,11,,1108809,59,,,1,59,,1108836,59,,,1,10,,1108805,59,,,1,16,,1108813,59,,,1,15,,1108825,59,,,1,15,,1108815,59,,,1,55,,1108793,59,,,1,12,,1095914,59,,,1,15,,1063626,59,,,1,15,,1108830,59,,,1,55,,1108831,59,,,1,17,,1108820,59,,,1,16,,1079148,59,,,1,57,,1108839,59,,,1,17,,1108838,59,,,1,16,,1095911,59,,,1,11,,1086975,59,,,1,55,,1108835,59,,,1,16,,1108807,59,,,1,15,,1108800,59,,,1,15,,1045540,59,,,1,56,,1108792,59,,,1,17,,1108822,59,,,1,14,,1108821,59,,,1,17,,1108829,59,,,1,60,,1005227,59,,,1,14,,1108828,59,,,1,33,,1108794,59,,,1,54,,1029469,59,,,1,17,,1108833,59,,,1,14,,1108834,59,,,1,15,,1108803,59,,,1,56,,1108788,59,,,1,14,,1108823,59,,,1,15,,1079575,59,,,1,16,,1108806,59,,,1,55,,1108786,59,,,1,13,,1108812,59,,,1,14,,1108804,59,,,1,12,,1108797,59,,,1,51,,1108816,59,,,1,12,,1108808,59,,,1,15,,1108789,59,,,1,14,,1108798,59,,,1,14,,1108790,59,,,1,54,,1087586,59,,,1,20,,1108811,59,,,1,71,,1108810,59,,,1,29,,1108826,59,,,1,27,,1108824,59,,,1,66,,1108814,59,,,1,24,,1108818,59,,,1,69,,1108791,59,,,1,30,,1051516,59,,,1,72,,1108787,59,,,1,23,,1108802,59,,,1,70,,1019419,59,,,1,30,,1108817,59,,,1
701,'10',522,,1108892,30,,,1,86,,1108856,30,,,1,30,,1108887,30,,,1,14,,1045082,59,,,1,66,,1108874,59,,,1,17,,1108854,59,,,1,15,,1108895,59,,,1,58,,1108850,59,,,1,25,,1108882,59,,,1,11,,1108864,59,,,1,59,,1108891,59,,,1,10,,1108860,59,,,1,16,,1108868,59,,,1,15,,1108880,59,,,1,15,,1108870,59,,,1,55,,1108848,59,,,1,12,,1095772,59,,,1,15,,1063322,59,,,1,15,,1108885,59,,,1,55,,1108886,59,,,1,17,,1108875,59,,,1,16,,1078894,59,,,1,57,,1108894,59,,,1,17,,1108893,59,,,1,16,,1095769,59,,,1,11,,1086918,59,,,1,55,,1108890,59,,,1,16,,1108862,59,,,1,15,,1108855,59,,,1,15,,1045703,59,,,1,56,,1108847,59,,,1,17,,1108877,59,,,1,14,,1108876,59,,,1,17,,1108884,59,,,1,60,,1005321,59,,,1,14,,1108883,59,,,1,33,,1108849,59,,,1,54,,1029563,59,,,1,17,,1108888,59,,,1,14,,1108889,59,,,1,15,,1108858,59,,,1,56,,1108843,59,,,1,14,,1108878,59,,,1,15,,1079383,59,,,1,16,,1108861,59,,,1,55,,1108841,59,,,1,13,,1108867,59,,,1,14,,1108859,59,,,1,12,,1108852,59,,,1,51,,1108871,59,,,1,12,,1108863,59,,,1,15,,1108844,59,,,1,14,,1108853,59,,,1,14,,1108845,59,,,1,54,,1087376,59,,,1,20,,1108866,59,,,1,71,,1108865,59,,,1,29,,1108881,59,,,1,27,,1108879,59,,,1,66,,1108869,59,,,1,24,,1108873,59,,,1,69,,1108846,59,,,1,30,,1051695,59,,,1,72,,1108842,59,,,1,23,,1108857,59,,,1,70,,1019459,59,,,1,30,,1108872,59,,,1
701,'11',522,,1108947,30,,,1,86,,1108911,30,,,1,30,,1108942,30,,,1,14,,1044877,59,,,1,66,,1108929,59,,,1,17,,1108909,59,,,1,15,,1108950,59,,,1,58,,1108905,59,,,1,25,,1108937,59,,,1,11,,1108919,59,,,1,59,,1108946,59,,,1,10,,1108915,59,,,1,16,,1108923,59,,,1,15,,1108935,59,,,1,15,,1108925,59,,,1,55,,1108903,59,,,1,12,,1095950,59,,,1,15,,1063718,59,,,1,15,,1108940,59,,,1,55,,1108941,59,,,1,17,,1108930,59,,,1,16,,1079228,59,,,1,57,,1108949,59,,,1,17,,1108948,59,,,1,16,,1095947,59,,,1,11,,1086994,59,,,1,55,,1108945,59,,,1,16,,1108917,59,,,1,15,,1108910,59,,,1,15,,1045491,59,,,1,56,,1108902,59,,,1,17,,1108932,59,,,1,14,,1108931,59,,,1,17,,1108939,59,,,1,60,,1005199,59,,,1,14,,1108938,59,,,1,33,,1108904,59,,,1,54,,1029440,59,,,1,17,,1108943,59,,,1,14,,1108944,59,,,1,15,,1108913,59,,,1,56,,1108898,59,,,1,14,,1108933,59,,,1,15,,1079634,59,,,1,16,,1108916,59,,,1,55,,1108896,59,,,1,13,,1108922,59,,,1,14,,1108914,59,,,1,12,,1108907,59,,,1,51,,1108926,59,,,1,12,,1108918,59,,,1,15,,1108899,59,,,1,14,,1108908,59,,,1,14,,1108900,59,,,1,54,,1087650,59,,,1,20,,1108921,59,,,1,71,,1108920,59,,,1,29,,1108936,59,,,1,27,,1108934,59,,,1,66,,1108924,59,,,1,24,,1108928,59,,,1,69,,1108901,59,,,1,30,,1051463,59,,,1,72,,1108897,59,,,1,23,,1108912,59,,,1,70,,1019408,59,,,1,30,,1108927,59,,,1
701,'12',522,,1005351,30,,,1,86,,1108998,30,,,1,30,,1108976,30,,,1,14,,1108970,59,,,1,66,,1109006,59,,,1,17,,1108987,59,,,1,15,,1108985,59,,,1,58,,1108994,59,,,1,25,,1108978,59,,,1,11,,1108966,59,,,1,59,,1109007,59,,,1,10,,1108968,59,,,1,16,,1108988,59,,,1,15,,1108996,59,,,1,15,,1095538,59,,,1,55,,1109012,59,,,1,12,,1108975,59,,,1,15,,1108958,59,,,1,15,,1108951,59,,,1,55,,1108972,59,,,1,17,,1108979,59,,,1,16,,1108963,59,,,1,57,,1109009,59,,,1,17,,1108999,59,,,1,16,,1108956,59,,,1,11,,1108982,59,,,1,55,,1094572,59,,,1,16,,1108964,59,,,1,15,,1108957,59,,,1,15,,1109011,59,,,1,56,,1108981,59,,,1,17,,1108965,59,,,1,14,,1108984,59,,,1,17,,1108953,59,,,1,60,,1083852,59,,,1,14,,1108989,59,,,1,33,,1109002,59,,,1,54,,1108974,59,,,1,17,,1109005,59,,,1,14,,1108980,59,,,1,15,,1108955,59,,,1,56,,1108961,59,,,1,14,,1108990,59,,,1,15,,1108959,59,,,1,16,,1109010,59,,,1,55,,1108962,59,,,1,13,,1108973,59,,,1,14,,1108971,59,,,1,12,,1108997,59,,,1,51,,1108992,59,,,1,12,,1109008,59,,,1,15,,1108991,59,,,1,14,,1108977,59,,,1,14,,1109000,59,,,1,54,,1109001,59,,,1,20,,1108954,59,,,1,71,,1084113,59,,,1,29,,1108993,59,,,1,27,,1108952,59,,,1,66,,1108969,59,,,1,24,,1108967,59,,,1,69,,1109004,59,,,1,30,,1108960,59,,,1,72,,1062989,59,,,1,23,,1109003,59,,,1,70,,1108995,59,,,1,30,,1108986,59,,,1
701,'13',716,,1109052,59,,,1,25,,1109042,59,,,1,71,,1109050,59,,,1,30,,1109061,59,,,1,72,,1109066,59,,,1,30,,1109022,59,,,1,80,,1109036,59,,,1,33,,1109053,59,,,1,70,,1109017,59,,,1,30,,1109032,59,,,1,70,,1109047,59,,,1,73,,1109063,59,,,1,30,,1109044,59,,,1,70,,1109062,59,,,1,30,,1109016,59,,,1,70,,1109027,59,,,1,24,,1109013,59,,,1,24,,1078198,59,,,1,64,,1109024,59,,,1,24,,1109058,59,,,1,64,,1109051,59,,,1,24,,981957,59,,,1,24,,1109025,59,,,1,64,,1109038,59,,,1,24,,1109015,59,,,1,22,,1109054,59,,,1,70,,1109039,59,,,1,30,,1109018,59,,,1,70,,1077222,59,,,1,28,,1109019,59,,,1,63,,1109060,59,,,1,30,,1109040,59,,,1,70,,1109023,59,,,1,27,,1109029,59,,,1,70,,1109043,59,,,1,30,,1109037,59,,,1,70,,1109028,59,,,1
701,'14',522,,1109128,30,,,1,86,,1109088,30,,,1,30,,1109121,30,,,1,14,,1109092,59,,,1,66,,1109107,59,,,1,17,,1109086,59,,,1,15,,1109136,59,,,1,58,,1109081,59,,,1,25,,1109116,59,,,1,11,,1109097,59,,,1,59,,1109127,59,,,1,10,,1109093,59,,,1,16,,1109101,59,,,1,15,,1109114,59,,,1,15,,1109103,59,,,1,55,,1109078,59,,,1,12,,1109082,59,,,1,15,,1109123,59,,,1,15,,1109119,59,,,1,55,,1109120,59,,,1,17,,1109108,59,,,1,16,,1109110,59,,,1,57,,1109133,59,,,1,17,,1109132,59,,,1,16,,1109076,59,,,1,11,,1109129,59,,,1,55,,1109125,59,,,1,16,,1109095,59,,,1,15,,1109087,59,,,1,15,,1109135,59,,,1,56,,1109077,59,,,1,17,,1109111,59,,,1,14,,1109109,59,,,1,17,,1109118,59,,,1,60,,1109126,59,,,1,14,,1109117,59,,,1,33,,1109080,59,,,1,54,,1109079,59,,,1,17,,1109122,59,,,1,14,,1109124,59,,,1,15,,1109090,59,,,1,56,,1109071,59,,,1,14,,1109112,59,,,1,15,,1109130,59,,,1,16,,1109094,59,,,1,55,,1109069,59,,,1,13,,1109100,59,,,1,14,,1109091,59,,,1,12,,1109084,59,,,1,51,,1109104,59,,,1,12,,1109096,59,,,1,15,,1109072,59,,,1,14,,1109085,59,,,1,14,,1109073,59,,,1,54,,1109131,59,,,1,20,,1109099,59,,,1,71,,1109098,59,,,1,29,,1109115,59,,,1,27,,1109113,59,,,1,66,,1109102,59,,,1,24,,1109106,59,,,1,69,,1109075,59,,,1,30,,1109134,59,,,1,72,,1109070,59,,,1,23,,1109089,59,,,1,70,,1109074,59,,,1,30,,1109105,59,,,1
701,'15',522,,1109142,30,,,1,86,,1109149,30,,,1,30,,1109168,30,,,1,14,,1109202,59,,,1,66,,1109194,59,,,1,17,,1109181,59,,,1,15,,1109160,59,,,1,58,,1109190,59,,,1,25,,1109162,59,,,1,11,,1109155,59,,,1,59,,1109193,59,,,1,10,,1109184,59,,,1,16,,1109169,59,,,1,15,,1109189,59,,,1,15,,1109201,59,,,1,55,,1109147,59,,,1,12,,1109187,59,,,1,15,,1109173,59,,,1,15,,1109199,59,,,1,55,,1109176,59,,,1,17,,1109195,59,,,1,16,,1109144,59,,,1,57,,1109172,59,,,1,17,,1109182,59,,,1,16,,1109145,59,,,1,11,,1109200,59,,,1,55,,1109192,59,,,1,16,,1109141,59,,,1,15,,1109154,59,,,1,15,,1109163,59,,,1,56,,1109139,59,,,1,17,,1109137,59,,,1,14,,1109177,59,,,1,17,,1109188,59,,,1,60,,1109171,59,,,1,14,,1109178,59,,,1,33,,1109191,59,,,1,54,,1109186,59,,,1,17,,1109167,59,,,1,14,,1109148,59,,,1,15,,1109179,59,,,1,56,,1109159,59,,,1,14,,1109183,59,,,1,15,,1109151,59,,,1,16,,1109165,59,,,1,55,,1109164,59,,,1,13,,1109138,59,,,1,14,,1109140,59,,,1,12,,1109157,59,,,1,51,,1109180,59,,,1,12,,1109197,59,,,1,15,,1109174,59,,,1,14,,1109196,59,,,1,14,,1109158,59,,,1,54,,1109153,59,,,1,20,,1109161,59,,,1,71,,1109150,59,,,1,29,,1109175,59,,,1,27,,1109143,59,,,1,66,,1109170,59,,,1,24,,1109152,59,,,1,69,,1109198,59,,,1,30,,1109203,59,,,1,72,,1109146,59,,,1,23,,1109185,59,,,1,70,,1109204,59,,,1,30,,1109166,59,,,1
701,'16',522,,1109205,30,,,1,86,,1109249,30,,,1,30,,1109228,30,,,1,14,,1109223,59,,,1,66,,1034003,59,,,1,17,,1109238,59,,,1,15,,1109236,59,,,1,58,,1109245,59,,,1,25,,1109230,59,,,1,11,,1109219,59,,,1,59,,1109257,59,,,1,10,,1109221,59,,,1,16,,1109239,59,,,1,15,,1109247,59,,,1,15,,1109218,59,,,1,55,,1109262,59,,,1,12,,1079187,59,,,1,15,,1064705,59,,,1,15,,1069836,59,,,1,55,,1109225,59,,,1,17,,1109231,59,,,1,16,,1109216,59,,,1,57,,1109259,59,,,1,17,,1109250,59,,,1,16,,1109211,59,,,1,11,,1109234,59,,,1,55,,1109261,59,,,1,16,,1098164,59,,,1,15,,1096803,59,,,1,15,,1082673,59,,,1,56,,1109233,59,,,1,17,,1109217,59,,,1,14,,946010,59,,,1,17,,1109207,59,,,1,60,,1109215,59,,,1,14,,1109240,59,,,1,33,,1109253,59,,,1,54,,1109227,59,,,1,17,,1109256,59,,,1,14,,1109232,59,,,1,15,,1109210,59,,,1,56,,1109213,59,,,1,14,,1109241,59,,,1,15,,1013893,59,,,1,16,,999876,59,,,1,55,,1109214,59,,,1,13,,1109226,59,,,1,14,,1109224,59,,,1,12,,1109248,59,,,1,51,,1109243,59,,,1,12,,1109258,59,,,1,15,,1109242,59,,,1,14,,1109229,59,,,1,14,,1109251,59,,,1,54,,1109252,59,,,1,20,,1109209,59,,,1,71,,1109260,59,,,1,29,,1109244,59,,,1,27,,1109206,59,,,1,66,,1109222,59,,,1,24,,1109220,59,,,1,69,,1109255,59,,,1,30,,1109212,59,,,1,72,,1109208,59,,,1,23,,1109254,59,,,1,70,,1109246,59,,,1,30,,1109237,59,,,1
701,'17',716,,1109327,59,,,1,25,,1109313,59,,,1,71,,1109324,59,,,1,30,,1109343,59,,,1,72,,1109352,59,,,1,30,,1109285,59,,,1,80,,1109306,59,,,1,33,,1109328,59,,,1,70,,1109275,59,,,1,30,,1109300,59,,,1,70,,1109319,59,,,1,73,,1109345,59,,,1,30,,1109315,59,,,1,70,,1109344,59,,,1,30,,1109274,59,,,1,70,,1109293,59,,,1,24,,1109263,59,,,1,24,,1109295,59,,,1,64,,1109290,59,,,1,24,,1109335,59,,,1,64,,1109325,59,,,1,24,,1109272,59,,,1,24,,1109291,59,,,1,64,,1109309,59,,,1,24,,1109273,59,,,1,22,,1109330,59,,,1,70,,1109310,59,,,1,30,,1109279,59,,,1,70,,1109277,59,,,1,28,,1109280,59,,,1,63,,1109340,59,,,1,30,,1109311,59,,,1,70,,1109287,59,,,1,27,,1109297,59,,,1,70,,1109314,59,,,1,30,,1109308,59,,,1,70,,1109296,59,,,1
701,'2',545,,1109380,1,,,1,82,,1109416,30,,,1,30,,1109410,30,,,1,66,,1070763,59,,,1,30,,1109412,59,,,1,71,,1109369,59,,,1,32,,1109387,59,,,1,70,,1109395,59,,,1,30,,1109399,59,,,1,70,,1109382,59,,,1,31,,1109364,59,,,1,65,,1109360,59,,,1,24,,1109378,59,,,1,64,,1109411,59,,,1,24,,1109386,59,,,1,15,,1109391,59,,,1,52,,1109358,59,,,1,12,,1109368,59,,,1,13,,1035733,59,,,1,12,,1091482,59,,,1,13,,1109409,59,,,1,52,,1109374,59,,,1,12,,1109384,59,,,1,12,,1109388,59,,,1,12,,1109366,59,,,1,12,,1109365,59,,,1,52,,1109393,59,,,1,12,,1109396,59,,,1,12,,1109400,59,,,1,12,,1109363,59,,,1,12,,1084297,59,,,1,52,,1109361,59,,,1,12,,1109417,59,,,1,12,,1109414,59,,,1,12,,1109413,59,,,1,13,,1109373,59,,,1,52,,1109418,59,,,1,12,,1109415,59,,,1,12,,997289,59,,,1,12,,1109362,59,,,1,12,,1109385,59,,,1,52,,1109359,59,,,1,12,,1109394,59,,,1,12,,1109401,59,,,1,12,,1069469,59,,,1,9,,1109397,59,,,1,64,,1109389,59,,,1,24,,1109390,59,,,1,69,,1109392,59,,,1,30,,1109381,59,,,1,68,,1109375,59,,,1,15,,1109377,59,,,1,15,,1098008,59,,,1,15,,1088461,59,,,1,55,,1109371,59,,,1,24,,1109379,59,,,1,27,,1109372,59,,,1,70,,1109408,59,,,1,30,,1109402,59,,,1,70,,1056176,59,,,1,30,,1109405,59,,,1,76,,1109370,59,,,1
701,'3',716,,1109463,59,,,1,25,,1109453,59,,,1,71,,1109461,59,,,1,30,,1109472,59,,,1,72,,1109477,59,,,1,30,,1109432,59,,,1,80,,1109447,59,,,1,33,,1109464,59,,,1,70,,1109426,59,,,1,30,,1109443,59,,,1,70,,1109458,59,,,1,73,,1109474,59,,,1,30,,1109455,59,,,1,70,,1109473,59,,,1,30,,1109425,59,,,1,70,,1109437,59,,,1,24,,1109419,59,,,1,24,,1109438,59,,,1,64,,1109434,59,,,1,24,,1109469,59,,,1,64,,1109462,59,,,1,24,,1109423,59,,,1,24,,1109435,59,,,1,64,,1109449,59,,,1,24,,1109424,59,,,1,22,,1109465,59,,,1,70,,1109450,59,,,1,30,,1109428,59,,,1,70,,1109427,59,,,1,28,,1109429,59,,,1,63,,1109471,59,,,1,30,,1109451,59,,,1,70,,1109433,59,,,1,27,,1109440,59,,,1,70,,1109454,59,,,1,30,,1109448,59,,,1,70,,1109439,59,,,1
701,'4',716,,1109534,59,,,1,25,,1109517,59,,,1,71,,1109526,59,,,1,30,,1109486,59,,,1,72,,1109499,59,,,1,30,,1109481,59,,,1,80,,1109507,59,,,1,33,,1109516,59,,,1,70,,1109519,59,,,1,30,,1109520,59,,,1,70,,1091835,59,,,1,73,,1109508,59,,,1,30,,1109489,59,,,1,70,,1109485,59,,,1,30,,1109501,59,,,1,70,,1109518,59,,,1,24,,1109511,59,,,1,24,,1109514,59,,,1,64,,1109502,59,,,1,24,,1109528,59,,,1,64,,1109527,59,,,1,24,,1109492,59,,,1,24,,1109494,59,,,1,64,,1109490,59,,,1,24,,1109509,59,,,1,22,,1109522,59,,,1,70,,1109482,59,,,1,30,,1052288,59,,,1,70,,1109530,59,,,1,28,,1050080,59,,,1,63,,1109505,59,,,1,30,,1109491,59,,,1,70,,1109484,59,,,1,27,,1109523,59,,,1,70,,1098655,59,,,1,30,,1109513,59,,,1,70,,1109500,59,,,1
701,'5',522,,1109586,30,,,1,86,,1109550,30,,,1,30,,1109581,30,,,1,14,,1044678,59,,,1,66,,1109568,59,,,1,17,,1109548,59,,,1,15,,1109589,59,,,1,58,,1109544,59,,,1,25,,1109576,59,,,1,11,,1109558,59,,,1,59,,1109585,59,,,1,10,,1109554,59,,,1,16,,1109562,59,,,1,15,,1109574,59,,,1,15,,1109564,59,,,1,55,,1109542,59,,,1,12,,1095895,59,,,1,15,,1063586,59,,,1,15,,1109579,59,,,1,55,,1109580,59,,,1,17,,1109569,59,,,1,16,,1079103,59,,,1,57,,1109588,59,,,1,17,,1109587,59,,,1,16,,1095892,59,,,1,11,,1086956,59,,,1,55,,1109584,59,,,1,16,,1109556,59,,,1,15,,1109549,59,,,1,15,,1045274,59,,,1,56,,1109541,59,,,1,17,,1109571,59,,,1,14,,1109570,59,,,1,17,,1109578,59,,,1,60,,1005064,59,,,1,14,,1109577,59,,,1,33,,1109543,59,,,1,54,,1029295,59,,,1,17,,1109582,59,,,1,14,,1109583,59,,,1,15,,1109552,59,,,1,56,,1109537,59,,,1,14,,1109572,59,,,1,15,,1079541,59,,,1,16,,1109555,59,,,1,55,,1109535,59,,,1,13,,1109561,59,,,1,14,,1109553,59,,,1,12,,1109546,59,,,1,51,,1109565,59,,,1,12,,1109557,59,,,1,15,,1109538,59,,,1,14,,1109547,59,,,1,14,,1109539,59,,,1,54,,1087543,59,,,1,20,,1109560,59,,,1,71,,1109559,59,,,1,29,,1109575,59,,,1,27,,1109573,59,,,1,66,,1109563,59,,,1,24,,1109567,59,,,1,69,,1109540,59,,,1,30,,1051233,59,,,1,72,,1109536,59,,,1,23,,1109551,59,,,1,70,,1019365,59,,,1,30,,1109566,59,,,1
701,'6',522,,1109591,30,,,1,86,,1109635,30,,,1,30,,1109614,30,,,1,14,,1109608,59,,,1,66,,1109643,59,,,1,17,,1109624,59,,,1,15,,1109622,59,,,1,58,,1109631,59,,,1,25,,1109616,59,,,1,11,,1109604,59,,,1,59,,1109644,59,,,1,10,,1109606,59,,,1,16,,1109625,59,,,1,15,,1109633,59,,,1,15,,1109603,59,,,1,55,,1109650,59,,,1,12,,1109613,59,,,1,15,,1109596,59,,,1,15,,1109590,59,,,1,55,,1109610,59,,,1,17,,1025658,59,,,1,16,,1068482,59,,,1,57,,1091711,59,,,1,17,,1109636,59,,,1,16,,1109594,59,,,1,11,,1109619,59,,,1,55,,1109649,59,,,1,16,,1109602,59,,,1,15,,1109595,59,,,1,15,,1109648,59,,,1,56,,1109618,59,,,1,17,,1097958,59,,,1,14,,1109621,59,,,1,17,,994377,59,,,1,60,,1109601,59,,,1,14,,1109626,59,,,1,33,,1109639,59,,,1,54,,1109612,59,,,1,17,,1109642,59,,,1,14,,1109617,59,,,1,15,,973660,59,,,1,56,,1109599,59,,,1,14,,1109627,59,,,1,15,,1109597,59,,,1,16,,1109647,59,,,1,55,,1109600,59,,,1,13,,1109611,59,,,1,14,,1109609,59,,,1,12,,1109634,59,,,1,51,,1109629,59,,,1,12,,1109645,59,,,1,15,,1109628,59,,,1,14,,1109615,59,,,1,14,,1109637,59,,,1,54,,1109638,59,,,1,20,,1068469,59,,,1,71,,1109646,59,,,1,29,,1109630,59,,,1,27,,1109592,59,,,1,66,,1109607,59,,,1,24,,1109605,59,,,1,69,,1109641,59,,,1,30,,1109598,59,,,1,72,,1109593,59,,,1,23,,1109640,59,,,1,70,,1109632,59,,,1,30,,1109623,59,,,1
701,'7',545,,1109703,1,,,1,82,,1109698,30,,,1,30,,1109679,30,,,1,66,,1109659,59,,,1,30,,1109697,59,,,1,71,,1109670,59,,,1,32,,1109651,59,,,1,70,,1109709,59,,,1,30,,1109715,59,,,1,70,,1109695,59,,,1,31,,1109686,59,,,1,65,,1109683,59,,,1,24,,1109655,59,,,1,64,,1109720,59,,,1,24,,1109661,59,,,1,15,,1109687,59,,,1,52,,1109708,59,,,1,12,,1109706,59,,,1,13,,1109664,59,,,1,12,,1109704,59,,,1,13,,1109712,59,,,1,52,,1109680,59,,,1,12,,1109714,59,,,1,12,,1109676,59,,,1,12,,1109711,59,,,1,12,,1109672,59,,,1,52,,1109660,59,,,1,12,,1109693,59,,,1,12,,1109690,59,,,1,12,,1109675,59,,,1,12,,1109663,59,,,1,52,,1109716,59,,,1,12,,1109673,59,,,1,12,,1109692,59,,,1,12,,1109710,59,,,1,13,,1109657,59,,,1,52,,1109684,59,,,1,12,,1109656,59,,,1,12,,1109685,59,,,1,12,,1109719,59,,,1,12,,1109653,59,,,1,52,,1109688,59,,,1,12,,1109705,59,,,1,12,,1109722,59,,,1,12,,1109665,59,,,1,9,,1109717,59,,,1,64,,1109654,59,,,1,24,,1109674,59,,,1,69,,1109707,59,,,1,30,,1109699,59,,,1,68,,1109668,59,,,1,15,,1109677,59,,,1,15,,1109666,59,,,1,15,,1109701,59,,,1,55,,1109669,59,,,1,24,,1109681,59,,,1,27,,1109691,59,,,1,70,,1109721,59,,,1,30,,1109678,59,,,1,70,,1109718,59,,,1,30,,1109700,59,,,1,76,,1109702,59,,,1
701,'8',522,,1109724,30,,,1,86,,1109774,30,,,1,30,,1109752,30,,,1,14,,1109746,59,,,1,66,,1109782,59,,,1,17,,1109763,59,,,1,15,,1109761,59,,,1,58,,1109770,59,,,1,25,,1109754,59,,,1,11,,1109742,59,,,1,59,,1109783,59,,,1,10,,1109744,59,,,1,16,,1109764,59,,,1,15,,1109772,59,,,1,15,,1109741,59,,,1,55,,1109790,59,,,1,12,,1109751,59,,,1,15,,1109732,59,,,1,15,,1109723,59,,,1,55,,1109748,59,,,1,17,,1109755,59,,,1,16,,1109738,59,,,1,57,,1109785,59,,,1,17,,1109775,59,,,1,16,,1109730,59,,,1,11,,1109758,59,,,1,55,,1109789,59,,,1,16,,1109739,59,,,1,15,,1109731,59,,,1,15,,1109788,59,,,1,56,,1109757,59,,,1,17,,1109740,59,,,1,14,,1109760,59,,,1,17,,1109726,59,,,1,60,,1109737,59,,,1,14,,1109765,59,,,1,33,,1109778,59,,,1,54,,1109750,59,,,1,17,,1109781,59,,,1,14,,1109756,59,,,1,15,,1109729,59,,,1,56,,1109735,59,,,1,14,,1109766,59,,,1,15,,1109733,59,,,1,16,,1109787,59,,,1,55,,1109736,59,,,1,13,,1109749,59,,,1,14,,1109747,59,,,1,12,,1109773,59,,,1,51,,1109768,59,,,1,12,,1109784,59,,,1,15,,1109767,59,,,1,14,,1109753,59,,,1,14,,1109776,59,,,1,54,,1109777,59,,,1,20,,1109728,59,,,1,71,,1109786,59,,,1,29,,1109769,59,,,1,27,,1109725,59,,,1,66,,1109745,59,,,1,24,,1109743,59,,,1,69,,1109780,59,,,1,30,,1109734,59,,,1,72,,1109727,59,,,1,23,,1109779,59,,,1,70,,1109771,59,,,1,30,,1109762,59,,,1
701,'9',522,,1109842,30,,,1,86,,1109806,30,,,1,30,,1109837,30,,,1,14,,1044973,59,,,1,66,,1109824,59,,,1,17,,1109804,59,,,1,15,,1109845,59,,,1,58,,1109800,59,,,1,25,,1109832,59,,,1,11,,1109814,59,,,1,59,,1109841,59,,,1,10,,1109810,59,,,1,16,,1109818,59,,,1,15,,1109830,59,,,1,15,,1109820,59,,,1,55,,1109798,59,,,1,12,,1095813,59,,,1,15,,1063415,59,,,1,15,,1109835,59,,,1,55,,1109836,59,,,1,17,,1109825,59,,,1,16,,1078970,59,,,1,57,,1109844,59,,,1,17,,1109843,59,,,1,16,,1095810,59,,,1,11,,1086937,59,,,1,55,,1109840,59,,,1,16,,1109812,59,,,1,15,,1109805,59,,,1,15,,1045589,59,,,1,56,,1109797,59,,,1,17,,1109827,59,,,1,14,,1109826,59,,,1,17,,1109834,59,,,1,60,,1005255,59,,,1,14,,1109833,59,,,1,33,,1109799,59,,,1,54,,1029498,59,,,1,17,,1109838,59,,,1,14,,1109839,59,,,1,15,,1109808,59,,,1,56,,1109793,59,,,1,14,,1109828,59,,,1,15,,1079442,59,,,1,16,,1109811,59,,,1,55,,1109791,59,,,1,13,,1109817,59,,,1,14,,1109809,59,,,1,12,,1109802,59,,,1,51,,1109821,59,,,1,12,,1109813,59,,,1,15,,1109794,59,,,1,14,,1109803,59,,,1,14,,1109795,59,,,1,54,,1087443,59,,,1,20,,1109816,59,,,1,71,,1109815,59,,,1,29,,1109831,59,,,1,27,,1109829,59,,,1,66,,1109819,59,,,1,24,,1109823,59,,,1,69,,1109796,59,,,1,30,,1051569,59,,,1,72,,1109792,59,,,1,23,,1109807,59,,,1,70,,1019430,59,,,1,30,,1109822,59,,,1
1701,'1',609,,1120260,14,,,1,30,,1120259,14,,,1,70,,1071504,14,,,1,28,,1120257,14,,,1,72,,1120258,14,,,1,30,,1120261,14,,,1
1701,'10',609,,1120265,14,,,1,30,,1120264,14,,,1,70,,1071468,14,,,1,28,,1120262,14,,,1,72,,1120263,14,,,1,30,,1120266,14,,,1
1701,'11',609,,1120270,14,,,1,30,,1120269,14,,,1,70,,1071516,14,,,1,28,,1120267,14,,,1,72,,1120268,14,,,1,30,,1120271,14,,,1
1701,'12',609,,1120274,14,,,1,30,,1120276,14,,,1,70,,1120273,14,,,1,28,,1120277,14,,,1,72,,1120275,14,,,1,30,,1120272,14,,,1
1701,'14',609,,1120282,14,,,1,30,,1120281,14,,,1,70,,1120280,14,,,1,28,,1120278,14,,,1,72,,1120279,14,,,1,30,,1120283,14,,,1
1701,'15',609,,1120286,14,,,1,30,,1120285,14,,,1,70,,1120287,14,,,1,28,,1120288,14,,,1,72,,1120284,14,,,1,30,,1120289,14,,,1
1701,'16',609,,1120292,14,,,1,30,,1120294,14,,,1,70,,1120291,14,,,1,28,,1120295,14,,,1,72,,1120293,14,,,1,30,,1120290,14,,,1
1701,'5',609,,1120299,14,,,1,30,,1120298,14,,,1,70,,1071492,14,,,1,28,,1120296,14,,,1,72,,1120297,14,,,1,30,,1120300,14,,,1
1701,'6',609,,1120301,14,,,1,30,,1120303,14,,,1,70,,1021587,14,,,1,28,,1120304,14,,,1,72,,1120302,14,,,1,30,,1020304,14,,,1
1701,'8',609,,1120307,14,,,1,30,,1120309,14,,,1,70,,1120306,14,,,1,28,,1120310,14,,,1,72,,1120308,14,,,1,30,,1120305,14,,,1
1701,'9',609,,1120314,14,,,1,30,,1120313,14,,,1,70,,1071480,14,,,1,28,,1120311,14,,,1,72,,1120312,14,,,1,30,,1120315,14,,,1
2000,'1',534,,1028013,23,,,1,100,,1122430,23,,,1,72,,1122435,23,,,1,31,,1122432,23,,,1,72,,1122421,23,,,1,30,,1122437,23,,,1,69,,1078716,23,,,1,30,,1122419,23,,,1,70,,1122439,23,,,1,30,,1122433,23,,,1,70,,1122425,23,,,1,30,,1122441,23,,,1,71,,1122429,23,,,1,30,,1071278,23,,,1,70,,1122424,23,,,1,30,,1054364,23,,,1,70,,1122426,23,,,1,31,,1122445,23,,,1,103,,1122438,23,,,1,74,,1122418,23,,,1,29,,1122428,23,,,1,67,,1122427,23,,,1,96,,1122440,23,,,1,30,,1122434,23,,,1,69,,1122431,23,,,1,28,,1100547,23,,,1,70,,1122422,23,,,1,30,,1122436,23,,,1,70,,1122443,23,,,1,29,,1122420,23,,,1,73,,1122444,23,,,1,28,,934022,23,,,1,69,,1122423,23,,,1,96,,1122442,23,,,1
2000,'10',534,,1028100,23,,,1,100,,1122458,23,,,1,72,,1122463,23,,,1,31,,1122460,23,,,1,72,,1122449,23,,,1,30,,1122465,23,,,1,69,,1078452,23,,,1,30,,1122447,23,,,1,70,,1122467,23,,,1,30,,1122461,23,,,1,70,,1122453,23,,,1,30,,1122469,23,,,1,71,,1122457,23,,,1,30,,1071081,23,,,1,70,,1122452,23,,,1,30,,1054421,23,,,1,70,,1122454,23,,,1,31,,1122473,23,,,1,103,,1122466,23,,,1,74,,1122446,23,,,1,29,,1122456,23,,,1,67,,1122455,23,,,1,96,,1122468,23,,,1,30,,1122462,23,,,1,69,,1122459,23,,,1,28,,1100469,23,,,1,70,,1122450,23,,,1,30,,1122464,23,,,1,70,,1122471,23,,,1,29,,1122448,23,,,1,73,,1122472,23,,,1,28,,934028,23,,,1,69,,1122451,23,,,1,96,,1122470,23,,,1
2000,'11',534,,1027987,23,,,1,100,,1122486,23,,,1,72,,1122491,23,,,1,31,,1122488,23,,,1,72,,1122477,23,,,1,30,,1122493,23,,,1,69,,1078796,23,,,1,30,,1122475,23,,,1,70,,1122495,23,,,1,30,,1122489,23,,,1,70,,1122481,23,,,1,30,,1122497,23,,,1,71,,1122485,23,,,1,30,,1071340,23,,,1,70,,1122480,23,,,1,30,,1054347,23,,,1,70,,1122482,23,,,1,31,,1122501,23,,,1,103,,1122494,23,,,1,74,,1122474,23,,,1,29,,1122484,23,,,1,67,,1122483,23,,,1,96,,1122496,23,,,1,30,,1122490,23,,,1,69,,1122487,23,,,1,28,,1100568,23,,,1,70,,1122478,23,,,1,30,,1122492,23,,,1,70,,1122499,23,,,1,29,,1122476,23,,,1,73,,1122500,23,,,1,28,,934016,23,,,1,69,,1122479,23,,,1,96,,1122498,23,,,1
2000,'12',534,,1122518,23,,,1,100,,1122513,23,,,1,72,,1122508,23,,,1,31,,1122524,23,,,1,72,,1122530,23,,,1,30,,1122514,23,,,1,69,,1122526,23,,,1,30,,1122528,23,,,1,70,,1122516,23,,,1,30,,1122531,23,,,1,70,,1071885,23,,,1,30,,1122525,23,,,1,71,,1122521,23,,,1,30,,1122523,23,,,1,70,,1098330,23,,,1,30,,1122522,23,,,1,70,,1122509,23,,,1,31,,1122502,23,,,1,103,,1122533,23,,,1,74,,1122529,23,,,1,29,,1122520,23,,,1,67,,1122504,23,,,1,96,,1122511,23,,,1,30,,1122515,23,,,1,69,,1122527,23,,,1,28,,1122506,23,,,1,70,,1122507,23,,,1,30,,1122517,23,,,1,70,,1122505,23,,,1,29,,1122512,23,,,1,73,,1122510,23,,,1,28,,1122503,23,,,1,69,,1122519,23,,,1,96,,1122532,23,,,1
2000,'13',930,,1122536,23,,,1,70,,1069980,23,,,1,32,,1122558,23,,,1,70,,1122546,23,,,1,30,,1122540,23,,,1,70,,1122537,23,,,1,30,,1122557,23,,,1,70,,1122547,23,,,1,30,,1122556,23,,,1,70,,1122555,23,,,1,31,,1122553,23,,,1,70,,1122550,23,,,1,30,,1122539,23,,,1,70,,1122534,23,,,1,30,,1122551,23,,,1,70,,1122542,23,,,1,30,,1122548,23,,,1,70,,1122544,23,,,1,29,,1122538,23,,,1,70,,1122545,23,,,1,30,,1122549,23,,,1,70,,1122552,23,,,1,28,,1122535,23,,,1,70,,1122554,23,,,1,59,,1122543,23,,,1,100,,1122541,23,,,1
2000,'14',534,,1122591,23,,,1,100,,1122575,23,,,1,72,,1122581,23,,,1,31,,1122578,23,,,1,72,,1122565,23,,,1,30,,1122583,23,,,1,69,,1122576,23,,,1,30,,1122562,23,,,1,70,,1122585,23,,,1,30,,1122579,23,,,1,70,,1122569,23,,,1,30,,1122587,23,,,1,71,,1122574,23,,,1,30,,1122573,23,,,1,70,,1122568,23,,,1,30,,1122560,23,,,1,70,,1122570,23,,,1,31,,1122592,23,,,1,103,,1122584,23,,,1,74,,1122559,23,,,1,29,,1122572,23,,,1,67,,1122571,23,,,1,96,,1122586,23,,,1,30,,1122580,23,,,1,69,,1122577,23,,,1,28,,1122563,23,,,1,70,,1122566,23,,,1,30,,1122582,23,,,1,70,,1122589,23,,,1,29,,1122564,23,,,1,73,,1122590,23,,,1,28,,1122561,23,,,1,69,,1122567,23,,,1,96,,1122588,23,,,1
2000,'15',534,,1122614,23,,,1,100,,1122613,23,,,1,72,,1122617,23,,,1,31,,1122606,23,,,1,72,,1122618,23,,,1,30,,1122619,23,,,1,69,,1122611,23,,,1,30,,1122622,23,,,1,70,,1122603,23,,,1,30,,1122593,23,,,1,70,,1122596,23,,,1,30,,1122612,23,,,1,71,,1122625,23,,,1,30,,1122594,23,,,1,70,,1122624,23,,,1,30,,1122609,23,,,1,70,,1122607,23,,,1,31,,1122600,23,,,1,103,,1122605,23,,,1,74,,1122608,23,,,1,29,,1122602,23,,,1,67,,1122601,23,,,1,96,,1122620,23,,,1,30,,1122626,23,,,1,69,,1122610,23,,,1,28,,1122597,23,,,1,70,,1122615,23,,,1,30,,1122621,23,,,1,70,,1122623,23,,,1,29,,1122598,23,,,1,73,,1122599,23,,,1,28,,1122604,23,,,1,69,,1122595,23,,,1,96,,1122616,23,,,1
2000,'16',534,,1122643,23,,,1,100,,1122638,23,,,1,72,,1122633,23,,,1,31,,1122649,23,,,1,72,,1122655,23,,,1,30,,1122639,23,,,1,69,,1122651,23,,,1,30,,1122653,23,,,1,70,,1122641,23,,,1,30,,1122656,23,,,1,70,,1122629,23,,,1,30,,1122650,23,,,1,71,,1122646,23,,,1,30,,1122648,23,,,1,70,,1122627,23,,,1,30,,1122647,23,,,1,70,,1122634,23,,,1,31,,1122628,23,,,1,103,,1097890,23,,,1,74,,1122654,23,,,1,29,,1122645,23,,,1,67,,1122631,23,,,1,96,,1122636,23,,,1,30,,1122640,23,,,1,69,,1122652,23,,,1,28,,1122632,23,,,1,70,,1091337,23,,,1,30,,1122642,23,,,1,70,,1066988,23,,,1,29,,1122637,23,,,1,73,,1122635,23,,,1,28,,1122630,23,,,1,69,,1122644,23,,,1,96,,1122657,23,,,1
2000,'17',930,,1122660,23,,,1,70,,1122683,23,,,1,32,,1122682,23,,,1,70,,1122670,23,,,1,30,,1122664,23,,,1,70,,1122661,23,,,1,30,,1122681,23,,,1,70,,1122671,23,,,1,30,,1122680,23,,,1,70,,1122679,23,,,1,31,,1122677,23,,,1,70,,1122674,23,,,1,30,,1122663,23,,,1,70,,1122658,23,,,1,30,,1122675,23,,,1,70,,1122666,23,,,1,30,,1122672,23,,,1,70,,1122668,23,,,1,29,,1122662,23,,,1,70,,1122669,23,,,1,30,,1122673,23,,,1,70,,1122676,23,,,1,28,,1122659,23,,,1,70,,1122678,23,,,1,59,,1122667,23,,,1,100,,1122665,23,,,1
2000,'2',701,,1122685,23,,,1,100,,1122684,23,,,1,30,,1122688,23,,,1,70,,1122691,23,,,1,31,,1122687,23,,,1,70,,1122699,23,,,1,32,,1122693,23,,,1,70,,1122692,23,,,1,30,,1122698,23,,,1,70,,1122705,23,,,1,30,,1122703,23,,,1,70,,1122686,23,,,1,30,,1087069,23,,,1,70,,1122690,23,,,1,31,,1122709,23,,,1,70,,1122700,23,,,1,30,,1122707,23,,,1,70,,1122701,23,,,1,30,,1065008,23,,,1,70,,1122689,23,,,1,30,,1122695,23,,,1,70,,1122694,23,,,1,29,,1122706,23,,,1,70,,1122704,23,,,1,30,,1122696,23,,,1,80,,1122697,23,,,1,98,,1020377,23,,,1,99,,1122702,23,,,1,100,,1122710,23,,,1,100,,1122708,23,,,1
2000,'3',930,,1122713,23,,,1,70,,1122736,23,,,1,32,,1122735,23,,,1,70,,1122723,23,,,1,30,,1122717,23,,,1,70,,1122714,23,,,1,30,,1122734,23,,,1,70,,1122724,23,,,1,30,,1122733,23,,,1,70,,1122732,23,,,1,31,,1122730,23,,,1,70,,1122727,23,,,1,30,,1122716,23,,,1,70,,1122711,23,,,1,30,,1122728,23,,,1,70,,1122719,23,,,1,30,,1122725,23,,,1,70,,1122721,23,,,1,29,,1122715,23,,,1,70,,1122722,23,,,1,30,,1122726,23,,,1,70,,1122729,23,,,1,28,,1122712,23,,,1,70,,1122731,23,,,1,59,,1122720,23,,,1,100,,1122718,23,,,1
2000,'4',930,,1025262,23,,,1,70,,1122756,23,,,1,32,,1122746,23,,,1,70,,1122743,23,,,1,30,,1122745,23,,,1,70,,1122751,23,,,1,30,,1122752,23,,,1,70,,1122739,23,,,1,30,,1122757,23,,,1,70,,1059699,23,,,1,31,,1066850,23,,,1,70,,1122748,23,,,1,30,,1122753,23,,,1,70,,1000607,23,,,1,30,,1122750,23,,,1,70,,1122744,23,,,1,30,,1122737,23,,,1,70,,1122738,23,,,1,29,,1122749,23,,,1,70,,1122754,23,,,1,30,,1122758,23,,,1,70,,1122741,23,,,1,28,,1122747,23,,,1,70,,1122740,23,,,1,59,,1122755,23,,,1,100,,1122742,23,,,1
2000,'5',534,,1027909,23,,,1,100,,1122771,23,,,1,72,,1122776,23,,,1,31,,1122773,23,,,1,72,,1122762,23,,,1,30,,1122778,23,,,1,69,,1078668,23,,,1,30,,1122760,23,,,1,70,,1122780,23,,,1,30,,1122774,23,,,1,70,,1122766,23,,,1,30,,1122782,23,,,1,71,,1122770,23,,,1,30,,1071244,23,,,1,70,,1122765,23,,,1,30,,1054266,23,,,1,70,,1122767,23,,,1,31,,1122786,23,,,1,103,,1122779,23,,,1,74,,1122759,23,,,1,29,,1122769,23,,,1,67,,1122768,23,,,1,96,,1122781,23,,,1,30,,1122775,23,,,1,69,,1122772,23,,,1,28,,1100534,23,,,1,70,,1122763,23,,,1,30,,1122777,23,,,1,70,,1122784,23,,,1,29,,1122761,23,,,1,73,,1122785,23,,,1,28,,934040,23,,,1,69,,1122764,23,,,1,96,,1122783,23,,,1
2000,'6',534,,1122798,23,,,1,100,,1122793,23,,,1,72,,1096880,23,,,1,31,,1122804,23,,,1,72,,1122810,23,,,1,30,,1122794,23,,,1,69,,1122806,23,,,1,30,,1122808,23,,,1,70,,1122796,23,,,1,30,,1122811,23,,,1,70,,1122788,23,,,1,30,,1122805,23,,,1,71,,1122801,23,,,1,30,,1122803,23,,,1,70,,1122787,23,,,1,30,,1122802,23,,,1,70,,1122791,23,,,1,31,,1064234,23,,,1,103,,1122812,23,,,1,74,,1122809,23,,,1,29,,1122800,23,,,1,67,,1046498,23,,,1,96,,1122792,23,,,1,30,,1122795,23,,,1,69,,1122807,23,,,1,28,,1087007,23,,,1,70,,1122790,23,,,1,30,,1122797,23,,,1,70,,1122789,23,,,1,29,,1065894,23,,,1,73,,1090079,23,,,1,28,,1088948,23,,,1,69,,1122799,23,,,1,96,,1050627,23,,,1
2000,'7',701,,1122826,23,,,1,100,,1122813,23,,,1,30,,1122842,23,,,1,70,,1122829,23,,,1,31,,1122838,23,,,1,70,,1122825,23,,,1,32,,1122817,23,,,1,70,,1122822,23,,,1,30,,1122824,23,,,1,70,,1122815,23,,,1,30,,1122840,23,,,1,70,,1122823,23,,,1,30,,1122827,23,,,1,70,,1122831,23,,,1,31,,1122830,23,,,1,70,,1122832,23,,,1,30,,1122841,23,,,1,70,,1122835,23,,,1,30,,1122820,23,,,1,70,,1122819,23,,,1,30,,1122836,23,,,1,70,,1122833,23,,,1,29,,1122839,23,,,1,70,,1122818,23,,,1,30,,1122837,23,,,1,80,,1122816,23,,,1,98,,1122821,23,,,1,99,,1122834,23,,,1,100,,1122814,23,,,1,100,,1122828,23,,,1
2000,'8',534,,1122861,23,,,1,100,,1122856,23,,,1,72,,1122851,23,,,1,31,,1122867,23,,,1,72,,1122873,23,,,1,30,,1122857,23,,,1,69,,1122869,23,,,1,30,,1122871,23,,,1,70,,1122859,23,,,1,30,,1122874,23,,,1,70,,1122845,23,,,1,30,,1122868,23,,,1,71,,1122864,23,,,1,30,,1122866,23,,,1,70,,1122843,23,,,1,30,,1122865,23,,,1,70,,1122852,23,,,1,31,,1122844,23,,,1,103,,1122876,23,,,1,74,,1122872,23,,,1,29,,1122863,23,,,1,67,,1122847,23,,,1,96,,1122854,23,,,1,30,,1122858,23,,,1,69,,1122870,23,,,1,28,,1122849,23,,,1,70,,1122850,23,,,1,30,,1122860,23,,,1,70,,1122848,23,,,1,29,,1122855,23,,,1,73,,1122853,23,,,1,28,,1122846,23,,,1,69,,1122862,23,,,1,96,,1122875,23,,,1
2000,'9',534,,1028039,23,,,1,100,,1122889,23,,,1,72,,1122894,23,,,1,31,,1122891,23,,,1,72,,1122880,23,,,1,30,,1122896,23,,,1,69,,1078533,23,,,1,30,,1122878,23,,,1,70,,1122898,23,,,1,30,,1122892,23,,,1,70,,1122884,23,,,1,30,,1122900,23,,,1,71,,1122888,23,,,1,30,,1071143,23,,,1,70,,1122883,23,,,1,30,,1054381,23,,,1,70,,1122885,23,,,1,31,,1122904,23,,,1,103,,1122897,23,,,1,74,,1122877,23,,,1,29,,1122887,23,,,1,67,,1122886,23,,,1,96,,1122899,23,,,1,30,,1122893,23,,,1,69,,1122890,23,,,1,28,,1100497,23,,,1,70,,1122881,23,,,1,30,,1122895,23,,,1,70,,1122902,23,,,1,29,,1122879,23,,,1,73,,1122903,23,,,1,28,,934034,23,,,1,69,,1122882,23,,,1,96,,1122901,23,,,1
