4400,'1',501,,1141039,3,,,1,30,,1141015,3,,,1,70,,1141002,3,,,1,21,,1141033,3,,,1,16,,1141028,3,,,1,15,,1079562,3,,,1,55,,1141027,3,,,1,15,,1141030,3,,,1,15,,1141011,3,,,1,16,,1141025,3,,,1,57,,1141029,3,,,1,13,,1141043,3,,,1,15,,1081665,3,,,1,15,,1141035,3,,,1,54,,1141014,3,,,1,16,,1141007,3,,,1,13,,1141022,3,,,1,15,,1080486,3,,,1,55,,1141000,3,,,1,15,,1141038,3,,,1,15,,1141044,3,,,1,15,,1141023,3,,,1,55,,1141020,3,,,1,15,,1141037,3,,,1,15,,1141045,3,,,1,15,,1141009,3,,,1,55,,1141032,3,,,1,15,,1089507,3,,,1,15,,1141012,3,,,1,15,,1141016,3,,,1,55,,1093392,3,,,1,15,,1082224,3,,,1,15,,1141017,3,,,1,15,,1141031,3,,,1,55,,1141006,3,,,1,15,,1141040,3,,,1,16,,1141048,3,,,1,14,,1141034,3,,,1,49,,1141013,3,,,1,17,,1141024,3,,,1,15,,1141010,3,,,1,17,,1141018,3,,,1,53,,1141004,3,,,1,15,,1140996,3,,,1,15,,1141042,3,,,1,15,,1053333,3,,,1,55,,1079548,3,,,1,15,,1141041,3,,,1,15,,1141003,3,,,1,15,,1141021,3,,,1,54,,1141026,3,,,1,15,,1141005,3,,,1,15,,1141008,3,,,1,18,,1140998,3,,,1,55,,1088166,3,,,1,30,,1003816,3,,,1,70,,1098765,3,,,1,30,,1088796,3,,,1,70,,1082228,3,,,1,30,,1141046,3,,,1,70,,1141036,3,,,1,30,,1141019,3,,,1,70,,1141001,3,,,1,30,,1140997,3,,,1,70,,1141047,3,,,1,35,,1140999,3,,,1
4400,'10',501,,1141092,3,,,1,30,,1141068,3,,,1,70,,1141055,3,,,1,21,,1141086,3,,,1,16,,1141081,3,,,1,15,,1079370,3,,,1,55,,1141080,3,,,1,15,,1141083,3,,,1,15,,1141064,3,,,1,16,,1141078,3,,,1,57,,1141082,3,,,1,13,,1141096,3,,,1,15,,1081473,3,,,1,15,,1141088,3,,,1,54,,1141067,3,,,1,16,,1141060,3,,,1,13,,1141075,3,,,1,15,,1080340,3,,,1,55,,1141053,3,,,1,15,,1141091,3,,,1,15,,1141097,3,,,1,15,,1141076,3,,,1,55,,1141073,3,,,1,15,,1141090,3,,,1,15,,1141098,3,,,1,15,,1141062,3,,,1,55,,1141085,3,,,1,15,,1089323,3,,,1,15,,1141065,3,,,1,15,,1141069,3,,,1,55,,1093076,3,,,1,15,,1082061,3,,,1,15,,1141070,3,,,1,15,,1141084,3,,,1,55,,1141059,3,,,1,15,,1141093,3,,,1,16,,1141101,3,,,1,14,,1141087,3,,,1,49,,1141066,3,,,1,17,,1141077,3,,,1,15,,1141063,3,,,1,17,,1141071,3,,,1,53,,1141057,3,,,1,15,,1141049,3,,,1,15,,1141095,3,,,1,15,,1053391,3,,,1,55,,1079356,3,,,1,15,,1141094,3,,,1,15,,1141056,3,,,1,15,,1141074,3,,,1,54,,1141079,3,,,1,15,,1141058,3,,,1,15,,1141061,3,,,1,18,,1141051,3,,,1,55,,1087758,3,,,1,30,,1003973,3,,,1,70,,1098753,3,,,1,30,,1088391,3,,,1,70,,1082065,3,,,1,30,,1141099,3,,,1,70,,1141089,3,,,1,30,,1141072,3,,,1,70,,1141054,3,,,1,30,,1141050,3,,,1,70,,1141100,3,,,1,35,,1141052,3,,,1
4400,'11',501,,1141145,3,,,1,30,,1141121,3,,,1,70,,1141108,3,,,1,21,,1141139,3,,,1,16,,1141134,3,,,1,15,,1079621,3,,,1,55,,1141133,3,,,1,15,,1141136,3,,,1,15,,1141117,3,,,1,16,,1141131,3,,,1,57,,1141135,3,,,1,13,,1141149,3,,,1,15,,1081722,3,,,1,15,,1141141,3,,,1,54,,1141120,3,,,1,16,,1141113,3,,,1,13,,1141128,3,,,1,15,,1080530,3,,,1,55,,1141106,3,,,1,15,,1141144,3,,,1,15,,1141150,3,,,1,15,,1141129,3,,,1,55,,1141126,3,,,1,15,,1141143,3,,,1,15,,1141151,3,,,1,15,,1141115,3,,,1,55,,1141138,3,,,1,15,,1089558,3,,,1,15,,1141118,3,,,1,15,,1141122,3,,,1,55,,1093483,3,,,1,15,,1082277,3,,,1,15,,1141123,3,,,1,15,,1141137,3,,,1,55,,1141112,3,,,1,15,,1141146,3,,,1,16,,1141154,3,,,1,14,,1141140,3,,,1,49,,1141119,3,,,1,17,,1141130,3,,,1,15,,1141116,3,,,1,17,,1141124,3,,,1,53,,1141110,3,,,1,15,,1141102,3,,,1,15,,1141148,3,,,1,15,,1053316,3,,,1,55,,1079607,3,,,1,15,,1141147,3,,,1,15,,1141109,3,,,1,15,,1141127,3,,,1,54,,1141132,3,,,1,15,,1141111,3,,,1,15,,1141114,3,,,1,18,,1141104,3,,,1,55,,1088278,3,,,1,30,,1003768,3,,,1,70,,1098769,3,,,1,30,,1088917,3,,,1,70,,1082281,3,,,1,30,,1141152,3,,,1,70,,1141142,3,,,1,30,,1141125,3,,,1,70,,1141107,3,,,1,30,,1141103,3,,,1,70,,1141153,3,,,1,35,,1141105,3,,,1
4400,'12',501,,1141159,3,,,1,30,,1141187,3,,,1,70,,1141211,3,,,1,21,,1141174,3,,,1,16,,1141175,3,,,1,15,,1141209,3,,,1,55,,1141156,3,,,1,15,,1086338,3,,,1,15,,1141206,3,,,1,16,,1141195,3,,,1,57,,1141193,3,,,1,13,,1141213,3,,,1,15,,1141201,3,,,1,15,,1141158,3,,,1,54,,1141214,3,,,1,16,,1141199,3,,,1,13,,1141162,3,,,1,15,,1141188,3,,,1,55,,1141197,3,,,1,15,,1141196,3,,,1,15,,1073198,3,,,1,15,,1141176,3,,,1,55,,1141184,3,,,1,15,,1141207,3,,,1,15,,1141185,3,,,1,15,,1141171,3,,,1,55,,1141180,3,,,1,15,,1141173,3,,,1,15,,1141178,3,,,1,15,,1141155,3,,,1,55,,1048925,3,,,1,15,,1141191,3,,,1,15,,1141166,3,,,1,15,,1141186,3,,,1,55,,1141170,3,,,1,15,,1141183,3,,,1,16,,1141208,3,,,1,14,,1141182,3,,,1,49,,1141203,3,,,1,17,,1141190,3,,,1,15,,1141177,3,,,1,17,,1141194,3,,,1,53,,1141179,3,,,1,15,,1141205,3,,,1,15,,1141161,3,,,1,15,,1141198,3,,,1,55,,1141164,3,,,1,15,,1141168,3,,,1,15,,1141204,3,,,1,15,,1141181,3,,,1,54,,1141172,3,,,1,15,,1061234,3,,,1,15,,1141189,3,,,1,18,,1141215,3,,,1,55,,1141169,3,,,1,30,,1141212,3,,,1,70,,1141165,3,,,1,30,,1141167,3,,,1,70,,1141192,3,,,1,30,,1141210,3,,,1,70,,1141200,3,,,1,30,,1141202,3,,,1,70,,1141163,3,,,1,30,,1063016,3,,,1,70,,1141157,3,,,1,35,,1141160,3,,,1
4400,'13',733,,1141235,3,,,1,100,,1141217,3,,,1,70,,1141229,3,,,1,30,,1141231,3,,,1,71,,1141233,3,,,1,30,,1141224,3,,,1,70,,1141240,3,,,1,30,,1141241,3,,,1,70,,1141243,3,,,1,30,,1141247,3,,,1,70,,1141223,3,,,1,30,,1141216,3,,,1,70,,1141227,3,,,1,30,,1141226,3,,,1,70,,1141228,3,,,1,30,,1141244,3,,,1,70,,1141239,3,,,1,30,,1141237,3,,,1,70,,1141236,3,,,1,30,,1141218,3,,,1,70,,1141234,3,,,1,30,,1141219,3,,,1,70,,1141221,3,,,1,30,,1141238,3,,,1,70,,1141230,3,,,1,30,,1017216,3,,,1,70,,1141225,3,,,1,30,,1141245,3,,,1,70,,1141220,3,,,1,30,,1141222,3,,,1,70,,1141242,3,,,1,30,,1141246,3,,,1,76,,1141232,3,,,1
4400,'14',501,,1141301,3,,,1,30,,1141274,3,,,1,70,,1141260,3,,,1,21,,1141293,3,,,1,16,,1141287,3,,,1,15,,1141259,3,,,1,55,,1141286,3,,,1,15,,1141290,3,,,1,15,,1141270,3,,,1,16,,1141284,3,,,1,57,,1141288,3,,,1,13,,1141305,3,,,1,15,,1141252,3,,,1,15,,1141295,3,,,1,54,,1141273,3,,,1,16,,1141266,3,,,1,13,,1141281,3,,,1,15,,1141308,3,,,1,55,,1141257,3,,,1,15,,1141299,3,,,1,15,,1141306,3,,,1,15,,1141282,3,,,1,55,,1141279,3,,,1,15,,1141298,3,,,1,15,,1141309,3,,,1,15,,1141268,3,,,1,55,,1141292,3,,,1,15,,1141249,3,,,1,15,,1141271,3,,,1,15,,1141275,3,,,1,55,,1141254,3,,,1,15,,1141264,3,,,1,15,,1141276,3,,,1,15,,1141291,3,,,1,55,,1141265,3,,,1,15,,1141302,3,,,1,16,,1141312,3,,,1,14,,1141294,3,,,1,49,,1141272,3,,,1,17,,1141283,3,,,1,15,,1141269,3,,,1,17,,1141277,3,,,1,53,,1141262,3,,,1,15,,1141250,3,,,1,15,,1141304,3,,,1,15,,1141256,3,,,1,55,,1141248,3,,,1,15,,1141303,3,,,1,15,,1141261,3,,,1,15,,1141280,3,,,1,54,,1141285,3,,,1,15,,1141263,3,,,1,15,,1141267,3,,,1,18,,1141253,3,,,1,55,,1141313,3,,,1,30,,1141300,3,,,1,70,,1141289,3,,,1,30,,1141307,3,,,1,70,,1141296,3,,,1,30,,1141310,3,,,1,70,,1141297,3,,,1,30,,1141278,3,,,1,70,,1141258,3,,,1,30,,1141251,3,,,1,70,,1141311,3,,,1,35,,1141255,3,,,1
4400,'15',501,,1141334,3,,,1,30,,1141368,3,,,1,70,,1141317,3,,,1,21,,1141355,3,,,1,16,,1141330,3,,,1,15,,1141335,3,,,1,55,,1141318,3,,,1,15,,1141354,3,,,1,15,,1141359,3,,,1,16,,1141358,3,,,1,57,,1141342,3,,,1,13,,1141364,3,,,1,15,,1141351,3,,,1,15,,1141348,3,,,1,54,,1141322,3,,,1,16,,1141336,3,,,1,13,,1141332,3,,,1,15,,1141347,3,,,1,55,,1141349,3,,,1,15,,1141366,3,,,1,15,,1141379,3,,,1,15,,1141316,3,,,1,55,,1141369,3,,,1,15,,1141375,3,,,1,15,,1141340,3,,,1,15,,1141328,3,,,1,55,,1141325,3,,,1,15,,1141378,3,,,1,15,,1141344,3,,,1,15,,1141319,3,,,1,55,,1141339,3,,,1,15,,1141324,3,,,1,15,,1141343,3,,,1,15,,1141323,3,,,1,55,,1141367,3,,,1,15,,1141326,3,,,1,16,,1141320,3,,,1,14,,1141362,3,,,1,49,,1141363,3,,,1,17,,1141357,3,,,1,15,,1141315,3,,,1,17,,1141371,3,,,1,53,,1141360,3,,,1,15,,1141341,3,,,1,15,,1141352,3,,,1,15,,1141338,3,,,1,55,,1141350,3,,,1,15,,1141373,3,,,1,15,,1141327,3,,,1,15,,1141374,3,,,1,54,,1141337,3,,,1,15,,1141377,3,,,1,15,,1141365,3,,,1,18,,1141372,3,,,1,55,,1141376,3,,,1,30,,1141321,3,,,1,70,,1141370,3,,,1,30,,1141346,3,,,1,70,,1141314,3,,,1,30,,1141353,3,,,1,70,,1141361,3,,,1,30,,1141333,3,,,1,70,,1141345,3,,,1,30,,1141329,3,,,1,70,,1141331,3,,,1,35,,1141356,3,,,1
4400,'16',501,,1071300,3,,,1,30,,1141411,3,,,1,70,,1141437,3,,,1,21,,1141398,3,,,1,16,,1141399,3,,,1,15,,1141434,3,,,1,55,,1141381,3,,,1,15,,1141385,3,,,1,15,,1141431,3,,,1,16,,1141420,3,,,1,57,,1141418,3,,,1,13,,1141439,3,,,1,15,,1141426,3,,,1,15,,1067425,3,,,1,54,,1081710,3,,,1,16,,1141424,3,,,1,13,,1011004,3,,,1,15,,1141412,3,,,1,55,,1141422,3,,,1,15,,1141421,3,,,1,15,,1141435,3,,,1,15,,1141400,3,,,1,55,,1141408,3,,,1,15,,1141432,3,,,1,15,,1141409,3,,,1,15,,1141395,3,,,1,55,,1141404,3,,,1,15,,1141397,3,,,1,15,,1141402,3,,,1,15,,1141380,3,,,1,55,,1141394,3,,,1,15,,1141415,3,,,1,15,,1141389,3,,,1,15,,1141410,3,,,1,55,,1141393,3,,,1,15,,1141407,3,,,1,16,,1141433,3,,,1,14,,1141406,3,,,1,49,,1141428,3,,,1,17,,1141414,3,,,1,15,,1141401,3,,,1,17,,1141419,3,,,1,53,,1141403,3,,,1,15,,1141430,3,,,1,15,,1141384,3,,,1,15,,1141423,3,,,1,55,,1141387,3,,,1,15,,1141391,3,,,1,15,,1141429,3,,,1,15,,1141405,3,,,1,54,,1141396,3,,,1,15,,1141440,3,,,1,15,,1141413,3,,,1,18,,1141441,3,,,1,55,,1141392,3,,,1,30,,1141438,3,,,1,70,,1141388,3,,,1,30,,1141390,3,,,1,70,,1141417,3,,,1,30,,1141436,3,,,1,70,,1141425,3,,,1,30,,1141427,3,,,1,70,,1141386,3,,,1,30,,1141416,3,,,1,70,,1141382,3,,,1,35,,1141383,3,,,1
4400,'17',733,,1141462,3,,,1,100,,1141444,3,,,1,70,,1141456,3,,,1,30,,1141458,3,,,1,71,,1141460,3,,,1,30,,1141451,3,,,1,70,,1141467,3,,,1,30,,1141468,3,,,1,70,,1141470,3,,,1,30,,1141474,3,,,1,70,,1141450,3,,,1,30,,1141442,3,,,1,70,,1141454,3,,,1,30,,1141453,3,,,1,70,,1141455,3,,,1,30,,1141471,3,,,1,70,,1141466,3,,,1,30,,1141464,3,,,1,70,,1141463,3,,,1,30,,1141445,3,,,1,70,,1141461,3,,,1,30,,1141446,3,,,1,70,,1141448,3,,,1,30,,1141465,3,,,1,70,,1141457,3,,,1,30,,1141443,3,,,1,70,,1141452,3,,,1,30,,1141472,3,,,1,70,,1141447,3,,,1,30,,1141449,3,,,1,70,,1141469,3,,,1,30,,1141473,3,,,1,76,,1141459,3,,,1
4400,'2',624,,1039279,3,,,1,25,,1141496,3,,,1,70,,1141503,3,,,1,30,,1141490,3,,,1,70,,1084611,3,,,1,30,,1141487,3,,,1,70,,1141494,3,,,1,29,,1141479,3,,,1,71,,1141483,3,,,1,30,,1141482,3,,,1,70,,1141502,3,,,1,30,,1141486,3,,,1,70,,1141492,3,,,1,30,,1141495,3,,,1,70,,1141505,3,,,1,30,,1141498,3,,,1,70,,1099917,3,,,1,30,,1141477,3,,,1,70,,1141504,3,,,1,30,,1141478,3,,,1,70,,1141506,3,,,1,30,,1141500,3,,,1,70,,1141493,3,,,1,30,,1141480,3,,,1,70,,1085124,3,,,1,26,,1141485,3,,,1,70,,1141491,3,,,1,30,,1141481,3,,,1,70,,1141501,3,,,1,30,,1141499,3,,,1,70,,1141489,3,,,1,30,,1141476,3,,,1,70,,1141475,3,,,1,30,,1141508,3,,,1,70,,1141497,3,,,1,30,,1141484,3,,,1,70,,1141488,3,,,1
4400,'3',733,,1141529,3,,,1,100,,1141511,3,,,1,70,,1141523,3,,,1,30,,1141525,3,,,1,71,,1141527,3,,,1,30,,1141518,3,,,1,70,,1141534,3,,,1,30,,1141535,3,,,1,70,,1141537,3,,,1,30,,1141541,3,,,1,70,,1141517,3,,,1,30,,1141509,3,,,1,70,,1141521,3,,,1,30,,1141520,3,,,1,70,,1141522,3,,,1,30,,1141538,3,,,1,70,,1141533,3,,,1,30,,1141531,3,,,1,70,,1141530,3,,,1,30,,1141512,3,,,1,70,,1141528,3,,,1,30,,1141513,3,,,1,70,,1141515,3,,,1,30,,1141532,3,,,1,70,,1141524,3,,,1,30,,1141510,3,,,1,70,,1141519,3,,,1,30,,1141539,3,,,1,70,,1141514,3,,,1,30,,1141516,3,,,1,70,,1141536,3,,,1,30,,1141540,3,,,1,76,,1141526,3,,,1
4400,'4',733,,1141548,3,,,1,100,,1141546,3,,,1,70,,1141569,3,,,1,30,,1141556,3,,,1,71,,1141566,3,,,1,30,,1141544,3,,,1,70,,1141542,3,,,1,30,,1141562,3,,,1,70,,1141552,3,,,1,30,,1101129,3,,,1,70,,1141570,3,,,1,30,,1141558,3,,,1,70,,1141557,3,,,1,30,,1141561,3,,,1,70,,1141560,3,,,1,30,,1141543,3,,,1,70,,1026683,3,,,1,30,,1141549,3,,,1,70,,1141554,3,,,1,30,,1072567,3,,,1,70,,1141563,3,,,1,30,,1141550,3,,,1,70,,1141547,3,,,1,30,,1141555,3,,,1,70,,1141568,3,,,1,30,,1141564,3,,,1,70,,1141553,3,,,1,30,,1027937,3,,,1,70,,1141565,3,,,1,30,,1141559,3,,,1,70,,1141567,3,,,1,30,,1141551,3,,,1,76,,1141545,3,,,1
4400,'5',501,,1141614,3,,,1,30,,1141590,3,,,1,70,,1141577,3,,,1,21,,1141608,3,,,1,16,,1141603,3,,,1,15,,1079528,3,,,1,55,,1141602,3,,,1,15,,1141605,3,,,1,15,,1141586,3,,,1,16,,1141600,3,,,1,57,,1141604,3,,,1,13,,1141618,3,,,1,15,,1081632,3,,,1,15,,1141610,3,,,1,54,,1141589,3,,,1,16,,1141582,3,,,1,13,,1141597,3,,,1,15,,1080464,3,,,1,55,,1141575,3,,,1,15,,1141613,3,,,1,15,,1141619,3,,,1,15,,1141598,3,,,1,55,,1141595,3,,,1,15,,1141612,3,,,1,15,,1141620,3,,,1,15,,1141584,3,,,1,55,,1141607,3,,,1,15,,1089472,3,,,1,15,,1141587,3,,,1,15,,1141591,3,,,1,55,,1093337,3,,,1,15,,1082194,3,,,1,15,,1141592,3,,,1,15,,1141606,3,,,1,55,,1141581,3,,,1,15,,1141615,3,,,1,16,,1141623,3,,,1,14,,1141609,3,,,1,49,,1141588,3,,,1,17,,1141599,3,,,1,15,,1141585,3,,,1,17,,1141593,3,,,1,53,,1141579,3,,,1,15,,1141571,3,,,1,15,,1141617,3,,,1,15,,1053238,3,,,1,55,,1079514,3,,,1,15,,1141616,3,,,1,15,,1141578,3,,,1,15,,1141596,3,,,1,54,,1141601,3,,,1,15,,1141580,3,,,1,15,,1141583,3,,,1,18,,1141573,3,,,1,55,,1088105,3,,,1,30,,1003547,3,,,1,70,,1098761,3,,,1,30,,1088732,3,,,1,70,,1082198,3,,,1,30,,1141621,3,,,1,70,,1141611,3,,,1,30,,1141594,3,,,1,70,,1141576,3,,,1,30,,1141572,3,,,1,70,,1141622,3,,,1,35,,1141574,3,,,1
4400,'6',501,,1141626,3,,,1,30,,1141650,3,,,1,70,,1044001,3,,,1,21,,1141638,3,,,1,16,,1141639,3,,,1,15,,1141673,3,,,1,55,,962209,3,,,1,15,,1141627,3,,,1,15,,1141670,3,,,1,16,,1141659,3,,,1,57,,1141657,3,,,1,13,,1068947,3,,,1,15,,1141665,3,,,1,15,,1141625,3,,,1,54,,1141678,3,,,1,16,,1141663,3,,,1,13,,1141628,3,,,1,15,,1141651,3,,,1,55,,1141661,3,,,1,15,,1141660,3,,,1,15,,1141674,3,,,1,15,,1141640,3,,,1,55,,1141647,3,,,1,15,,1141671,3,,,1,15,,1141648,3,,,1,15,,1141635,3,,,1,55,,1141644,3,,,1,15,,1141637,3,,,1,15,,1141642,3,,,1,15,,1057189,3,,,1,55,,1141634,3,,,1,15,,1141654,3,,,1,15,,1141629,3,,,1,15,,1141649,3,,,1,55,,1141633,3,,,1,15,,1141646,3,,,1,16,,1141672,3,,,1,14,,1141645,3,,,1,49,,1141667,3,,,1,17,,1141653,3,,,1,15,,1141641,3,,,1,17,,1141658,3,,,1,53,,1141643,3,,,1,15,,1141669,3,,,1,15,,1091975,3,,,1,15,,1141662,3,,,1,55,,1089607,3,,,1,15,,1141631,3,,,1,15,,1141668,3,,,1,15,,1101661,3,,,1,54,,1141636,3,,,1,15,,1141677,3,,,1,15,,1141652,3,,,1,18,,1016513,3,,,1,55,,1141632,3,,,1,30,,1141676,3,,,1,70,,1089608,3,,,1,30,,1141630,3,,,1,70,,1141656,3,,,1,30,,1141675,3,,,1,70,,1141664,3,,,1,30,,1141666,3,,,1,70,,999375,3,,,1,30,,1141655,3,,,1,70,,1141624,3,,,1,35,,981333,3,,,1
4400,'7',624,,1141694,3,,,1,25,,1141699,3,,,1,70,,1141716,3,,,1,30,,1141686,3,,,1,70,,1141698,3,,,1,30,,1141696,3,,,1,70,,1141711,3,,,1,29,,1141707,3,,,1,71,,1141713,3,,,1,30,,1141695,3,,,1,70,,1141683,3,,,1,30,,1141715,3,,,1,70,,1141706,3,,,1,30,,1141689,3,,,1,70,,1141702,3,,,1,30,,1141701,3,,,1,70,,1141681,3,,,1,30,,1141690,3,,,1,70,,1141703,3,,,1,30,,1141708,3,,,1,70,,1141705,3,,,1,30,,1141697,3,,,1,70,,1141679,3,,,1,30,,1141682,3,,,1,70,,1141709,3,,,1,26,,1141710,3,,,1,70,,1141680,3,,,1,30,,1141704,3,,,1,70,,1141692,3,,,1,30,,1141700,3,,,1,70,,1141688,3,,,1,30,,1141685,3,,,1,70,,1141714,3,,,1,30,,1141693,3,,,1,70,,1141684,3,,,1,30,,1141712,3,,,1,70,,1141691,3,,,1
4400,'8',501,,1141721,3,,,1,30,,1141751,3,,,1,70,,1141777,3,,,1,21,,1141738,3,,,1,16,,1141739,3,,,1,15,,1141774,3,,,1,55,,1141718,3,,,1,15,,1141724,3,,,1,15,,1141771,3,,,1,16,,1141760,3,,,1,57,,1141758,3,,,1,13,,1141779,3,,,1,15,,1141766,3,,,1,15,,1141720,3,,,1,54,,1141781,3,,,1,16,,1141764,3,,,1,13,,1141725,3,,,1,15,,1141752,3,,,1,55,,1141762,3,,,1,15,,1141761,3,,,1,15,,1141775,3,,,1,15,,1141740,3,,,1,55,,1141748,3,,,1,15,,1141772,3,,,1,15,,1141749,3,,,1,15,,1141735,3,,,1,55,,1141744,3,,,1,15,,1141737,3,,,1,15,,1141742,3,,,1,15,,1141717,3,,,1,55,,1141734,3,,,1,15,,1141755,3,,,1,15,,1141729,3,,,1,15,,1141750,3,,,1,55,,1141733,3,,,1,15,,1141747,3,,,1,16,,1141773,3,,,1,14,,1141746,3,,,1,49,,1141768,3,,,1,17,,1141754,3,,,1,15,,1141741,3,,,1,17,,1141759,3,,,1,53,,1141743,3,,,1,15,,1141770,3,,,1,15,,1141723,3,,,1,15,,1141763,3,,,1,55,,1141727,3,,,1,15,,1141731,3,,,1,15,,1141769,3,,,1,15,,1141745,3,,,1,54,,1141736,3,,,1,15,,1141780,3,,,1,15,,1141753,3,,,1,18,,1141782,3,,,1,55,,1141732,3,,,1,30,,1141778,3,,,1,70,,1141728,3,,,1,30,,1141730,3,,,1,70,,1141757,3,,,1,30,,1141776,3,,,1,70,,1141765,3,,,1,30,,1141767,3,,,1,70,,1141726,3,,,1,30,,1141756,3,,,1,70,,1141719,3,,,1,35,,1141722,3,,,1
4400,'9',501,,1141826,3,,,1,30,,1141802,3,,,1,70,,1141789,3,,,1,21,,1141820,3,,,1,16,,1141815,3,,,1,15,,1079429,3,,,1,55,,1141814,3,,,1,15,,1141817,3,,,1,15,,1141798,3,,,1,16,,1141812,3,,,1,57,,1141816,3,,,1,13,,1141830,3,,,1,15,,1081530,3,,,1,15,,1141822,3,,,1,54,,1141801,3,,,1,16,,1141794,3,,,1,13,,1141809,3,,,1,15,,1080391,3,,,1,55,,1141787,3,,,1,15,,1141825,3,,,1,15,,1141831,3,,,1,15,,1141810,3,,,1,55,,1141807,3,,,1,15,,1141824,3,,,1,15,,1141832,3,,,1,15,,1141796,3,,,1,55,,1141819,3,,,1,15,,1089387,3,,,1,15,,1141799,3,,,1,15,,1141803,3,,,1,55,,1093181,3,,,1,15,,1082112,3,,,1,15,,1141804,3,,,1,15,,1141818,3,,,1,55,,1141793,3,,,1,15,,1141827,3,,,1,16,,1141835,3,,,1,14,,1141821,3,,,1,49,,1141800,3,,,1,17,,1141811,3,,,1,15,,1141797,3,,,1,17,,1141805,3,,,1,53,,1141791,3,,,1,15,,1141783,3,,,1,15,,1141829,3,,,1,15,,1053350,3,,,1,55,,1079415,3,,,1,15,,1141828,3,,,1,15,,1141790,3,,,1,15,,1141808,3,,,1,54,,1141813,3,,,1,15,,1141792,3,,,1,15,,1141795,3,,,1,18,,1141785,3,,,1,55,,1087888,3,,,1,30,,1003864,3,,,1,70,,1098757,3,,,1,30,,1088517,3,,,1,70,,1082116,3,,,1,30,,1141833,3,,,1,70,,1141823,3,,,1,30,,1141806,3,,,1,70,,1141788,3,,,1,30,,1141784,3,,,1,70,,1141834,3,,,1,35,,1141786,3,,,1
4801,'1',522,,1145426,3,0,86 87,1,80,,1145446,3,,,1,18,,1145419,3,,,1,16,,1102523,3,,,1,15,,961535,3,,,1,54,,993977,3,,,1,15,,1089533,3,,,1,16,,1145417,3,,,1,16,,1145420,3,,,1,56,,1145438,3,,,1,13,,990637,3,,,1,15,,998383,3,,,1,15,,1145443,3,,,1,70,,1145445,3,,,1,30,,1145440,3,,,1,70,,942152,3,,,1,30,,1145435,3,,,1,70,,1080478,3,,,1,30,,1145430,3,,,1,70,,1145418,3,,,1,30,,1024932,3,,,1,70,,1069587,3,,,1,30,,1145434,3,,,1,70,,1086025,3,,,1,31,,1145437,3,,,1,55,,1145431,3,,,1,15,,1145447,3,,,1,17,,1145416,3,,,1,13,,1145442,3,,,1,55,,1145448,3,,,1,15,,1145433,3,,,1,15,,1145429,3,,,1,15,,1145439,3,,,1,55,,1145441,3,,,1,15,,1145432,3,,,1,15,,1145425,3,,,1,15,,1145421,3,,,1,70,,1145427,3,,,1,30,,1145423,3,,,1,70,,1145436,3,,,1,30,,1145422,3,,,1,69,,976249,3,,,1,30,,1075528,3,,,1,70,,1022957,3,,,1,100,,1145444,3,0,86 87,1,100,,1145428,3,0,86 87,1
4801,'10',522,,1145459,3,0,86 87,1,80,,1145479,3,,,1,18,,1145452,3,,,1,16,,1102508,3,,,1,15,,961350,3,,,1,54,,994159,3,,,1,15,,1089349,3,,,1,16,,1145450,3,,,1,16,,1145453,3,,,1,56,,1145471,3,,,1,13,,990501,3,,,1,15,,998475,3,,,1,15,,1145476,3,,,1,70,,1145478,3,,,1,30,,1145473,3,,,1,70,,941876,3,,,1,30,,1145468,3,,,1,70,,1080332,3,,,1,30,,1145463,3,,,1,70,,1145451,3,,,1,30,,1025044,3,,,1,70,,1069436,3,,,1,30,,1145467,3,,,1,70,,1085741,3,,,1,31,,1145470,3,,,1,55,,1145464,3,,,1,15,,1145480,3,,,1,17,,1145449,3,,,1,13,,1145475,3,,,1,55,,1145481,3,,,1,15,,1145466,3,,,1,15,,1145462,3,,,1,15,,1145472,3,,,1,55,,1145474,3,,,1,15,,1145465,3,,,1,15,,1145458,3,,,1,15,,1145454,3,,,1,70,,1145460,3,,,1,30,,1145456,3,,,1,70,,1145469,3,,,1,30,,1145455,3,,,1,69,,975922,3,,,1,30,,1075192,3,,,1,70,,1023071,3,,,1,100,,1145477,3,0,86 87,1,100,,1145461,3,0,86 87,1
4801,'11',522,,1145492,3,0,86 87,1,80,,1145512,3,,,1,18,,1145485,3,,,1,16,,1102528,3,,,1,15,,961505,3,,,1,54,,993921,3,,,1,15,,1089584,3,,,1,16,,1145483,3,,,1,16,,1145486,3,,,1,56,,1145504,3,,,1,13,,990607,3,,,1,15,,998356,3,,,1,15,,1145509,3,,,1,70,,1145511,3,,,1,30,,1145506,3,,,1,70,,942104,3,,,1,30,,1145501,3,,,1,70,,1080522,3,,,1,30,,1145496,3,,,1,70,,1145484,3,,,1,30,,1024901,3,,,1,70,,1069633,3,,,1,30,,1145500,3,,,1,70,,1086107,3,,,1,31,,1145503,3,,,1,55,,1145497,3,,,1,15,,1145513,3,,,1,17,,1145482,3,,,1,13,,1145508,3,,,1,55,,1145514,3,,,1,15,,1145499,3,,,1,15,,1145495,3,,,1,15,,1145505,3,,,1,55,,1145507,3,,,1,15,,1145498,3,,,1,15,,1145491,3,,,1,15,,1145487,3,,,1,70,,1145493,3,,,1,30,,1145489,3,,,1,70,,1145502,3,,,1,30,,1145488,3,,,1,69,,976201,3,,,1,30,,1075620,3,,,1,70,,1022924,3,,,1,100,,1145510,3,0,86 87,1,100,,1145494,3,0,86 87,1
4801,'12',522,,1145531,3,0,86 87,1,80,,1145534,3,,,1,18,,1145519,3,,,1,16,,1145535,3,,,1,15,,1075871,3,,,1,54,,1145528,3,,,1,15,,1145539,3,,,1,16,,1145525,3,,,1,16,,1145537,3,,,1,56,,1145520,3,,,1,13,,1145529,3,,,1,15,,1145555,3,,,1,15,,1145526,3,,,1,70,,1145540,3,,,1,30,,1145532,3,,,1,70,,994271,3,,,1,30,,1062512,3,,,1,70,,1145549,3,,,1,30,,1076943,3,,,1,70,,1145543,3,,,1,30,,1145542,3,,,1,70,,1145553,3,,,1,30,,1145530,3,,,1,70,,1145544,3,,,1,31,,1145551,3,,,1,55,,1145538,3,,,1,15,,1145546,3,,,1,17,,1023311,3,,,1,13,,1145516,3,,,1,55,,1083523,3,,,1,15,,1145548,3,,,1,15,,1075435,3,,,1,15,,1145524,3,,,1,55,,1145515,3,,,1,15,,1145518,3,,,1,15,,1145536,3,,,1,15,,1145521,3,,,1,70,,1145554,3,,,1,30,,1145523,3,,,1,70,,1145552,3,,,1,30,,1145517,3,,,1,69,,1145533,3,,,1,30,,1145541,3,,,1,70,,1145527,3,,,1,100,,1145545,3,0,86 87,1,100,,1145547,3,0,86 87,1
4801,'13',748,,1145570,3,,,1,100,,1145567,3,,,1,70,,1145575,3,,,1,30,,1145556,3,,,1,70,,1145566,3,,,1,30,,1145581,3,,,1,70,,1145578,3,,,1,30,,1145557,3,,,1,70,,1145574,3,,,1,30,,1145579,3,,,1,70,,1145580,3,,,1,30,,1145569,3,,,1,70,,1145558,3,,,1,30,,1145561,3,,,1,70,,1087911,3,,,1,30,,1145576,3,,,1,70,,1069513,3,,,1,30,,1039340,3,,,1,70,,1145571,3,,,1,30,,1145563,3,,,1,70,,1145562,3,,,1,30,,1065352,3,,,1,70,,1145564,3,0,86 87,1,30,,1145565,3,0,86 87,1,70,,1145560,3,0,86 87,1,30,,1145568,3,0,86 87,1,70,,1145572,3,0,86 87,1,100,,1145559,3,0,86 87,1,119,,1145573,3,0,86 87,1
4801,'14',522,,1145602,3,0,86 87,1,80,,1145625,3,,,1,18,,1145589,3,,,1,16,,1145622,3,,,1,15,,1145593,3,,,1,54,,1145594,3,,,1,15,,1145621,3,,,1,16,,1145583,3,,,1,16,,1145590,3,,,1,56,,1145615,3,,,1,13,,1145588,3,,,1,15,,1145604,3,,,1,15,,1145620,3,,,1,70,,1145624,3,,,1,30,,1145617,3,,,1,70,,1145586,3,,,1,30,,1145612,3,,,1,70,,1145596,3,,,1,30,,1145607,3,,,1,70,,1145584,3,,,1,30,,1145628,3,,,1,70,,1145595,3,,,1,30,,1145611,3,,,1,70,,1145592,3,,,1,31,,1145614,3,,,1,55,,1145608,3,,,1,15,,1145626,3,,,1,17,,1145582,3,,,1,13,,1145619,3,,,1,55,,1145629,3,,,1,15,,1145610,3,,,1,15,,1145606,3,,,1,15,,1145616,3,,,1,55,,1145618,3,,,1,15,,1145609,3,,,1,15,,1145601,3,,,1,15,,1145591,3,,,1,70,,1145603,3,,,1,30,,1145598,3,,,1,70,,1145613,3,,,1,30,,1145597,3,,,1,69,,1145587,3,,,1,30,,1145585,3,,,1,70,,1145627,3,,,1,100,,1145623,3,0,86 87,1,100,,1145605,3,0,86 87,1
4801,'15',522,,1145673,3,0,86 87,1,80,,1145635,3,,,1,18,,1145651,3,,,1,16,,1145674,3,,,1,15,,1145671,3,,,1,54,,1145659,3,,,1,15,,1145665,3,,,1,16,,1145630,3,,,1,16,,1145647,3,,,1,56,,1145660,3,,,1,13,,1145655,3,,,1,15,,1145642,3,,,1,15,,1145656,3,,,1,70,,1145640,3,,,1,30,,1145667,3,,,1,70,,1145668,3,,,1,30,,1145646,3,,,1,70,,1145637,3,,,1,30,,1145632,3,,,1,70,,1145652,3,,,1,30,,1145666,3,,,1,70,,1145639,3,,,1,30,,1145676,3,,,1,70,,1145675,3,,,1,31,,1145663,3,,,1,55,,1145670,3,,,1,15,,1145661,3,,,1,17,,1145650,3,,,1,13,,1145631,3,,,1,55,,1145649,3,,,1,15,,1145664,3,,,1,15,,1145672,3,,,1,15,,1145657,3,,,1,55,,1145662,3,,,1,15,,1145633,3,,,1,15,,1145645,3,,,1,15,,1145648,3,,,1,70,,1145636,3,,,1,30,,1145638,3,,,1,70,,1145658,3,,,1,30,,1145653,3,,,1,69,,1145644,3,,,1,30,,1145634,3,,,1,70,,1145669,3,,,1,100,,1145677,3,0,86 87,1,100,,1145643,3,0,86 87,1
4801,'16',522,,1145694,3,0,86 87,1,80,,1145697,3,,,1,18,,1145684,3,,,1,16,,1145698,3,,,1,15,,1145710,3,,,1,54,,1145691,3,,,1,15,,1145702,3,,,1,16,,1145688,3,,,1,16,,1145700,3,,,1,56,,1145685,3,,,1,13,,1145692,3,,,1,15,,1145721,3,,,1,15,,1145689,3,,,1,70,,1145703,3,,,1,30,,1145695,3,,,1,70,,1145716,3,,,1,30,,1145682,3,,,1,70,,1145714,3,,,1,30,,1145708,3,,,1,70,,1145706,3,,,1,30,,1145705,3,,,1,70,,1145719,3,,,1,30,,1145693,3,,,1,70,,1145707,3,,,1,31,,1145717,3,,,1,55,,1145701,3,,,1,15,,1145711,3,,,1,17,,1145679,3,,,1,13,,1069838,3,,,1,55,,1145680,3,,,1,15,,1145713,3,,,1,15,,1145681,3,,,1,15,,1145687,3,,,1,55,,1145678,3,,,1,15,,1145683,3,,,1,15,,1145699,3,,,1,15,,1070056,3,,,1,70,,1145720,3,,,1,30,,1145686,3,,,1,70,,1145718,3,,,1,30,,1087595,3,,,1,69,,1145696,3,,,1,30,,1145704,3,,,1,70,,1145690,3,,,1,100,,1145709,3,0,86 87,1,100,,1145712,3,0,86 87,1
4801,'17',748,,1145737,3,,,1,100,,1145734,3,,,1,70,,1145742,3,,,1,30,,1145722,3,,,1,70,,1145733,3,,,1,30,,1145750,3,,,1,70,,1145747,3,,,1,30,,1145723,3,,,1,70,,1145741,3,,,1,30,,1145748,3,,,1,70,,1145749,3,,,1,30,,1145736,3,,,1,70,,1145724,3,,,1,30,,1145728,3,,,1,70,,1145725,3,,,1,30,,1145743,3,,,1,70,,1145746,3,,,1,30,,1145744,3,,,1,70,,1145738,3,,,1,30,,1145730,3,,,1,70,,1145729,3,,,1,30,,1145751,3,,,1,70,,1145731,3,0,86 87,1,30,,1145732,3,0,86 87,1,70,,1145727,3,0,86 87,1,30,,1145735,3,0,86 87,1,70,,1145739,3,0,86 87,1,100,,1145726,3,0,86 87,1,119,,1145740,3,0,86 87,1
4801,'2',636,,1145778,3,,,1,100,,1145753,3,,,1,70,,1145762,3,,,1,30,,1145758,3,,,1,70,,1145765,3,,,1,30,,1145779,3,,,1,70,,1145772,3,,,1,30,,1067825,3,,,1,70,,1062797,3,,,1,30,,1145773,3,,,1,70,,1145777,3,,,1,30,,1145761,3,,,1,70,,1035720,3,,,1,30,,1145770,3,,,1,70,,1145769,3,,,1,30,,1145760,3,,,1,70,,1145775,3,,,1,30,,1145763,3,,,1,70,,1145782,3,,,1,30,,1145783,3,,,1,70,,1145754,3,,,1,30,,1145764,3,,,1,70,,1145756,3,,,1,30,,1145757,3,,,1,70,,1145780,3,,,1,30,,1145774,3,,,1,70,,1145752,3,,,1,30,,1145776,3,,,1,70,,1145768,3,,,1,30,,1145766,3,,,1,70,,1145759,3,0,86 87,1,30,,1145755,3,0,86 87,1,100,,1145767,3,0,86 87,1,110,,1145781,3,0,86 87,1
4801,'3',748,,1145799,3,,,1,100,,1145796,3,,,1,70,,1145804,3,,,1,30,,1145784,3,,,1,70,,1145795,3,,,1,30,,1145812,3,,,1,70,,1145809,3,,,1,30,,1145785,3,,,1,70,,1145803,3,,,1,30,,1145810,3,,,1,70,,1145811,3,,,1,30,,1145798,3,,,1,70,,1145786,3,,,1,30,,1145790,3,,,1,70,,1145787,3,,,1,30,,1145805,3,,,1,70,,1145808,3,,,1,30,,1145806,3,,,1,70,,1145800,3,,,1,30,,1145792,3,,,1,70,,1145791,3,,,1,30,,1145813,3,,,1,70,,1145793,3,0,86 87,1,30,,1145794,3,0,86 87,1,70,,1145789,3,0,86 87,1,30,,1145797,3,0,86 87,1,70,,1145801,3,0,86 87,1,100,,1145788,3,0,86 87,1,119,,1145802,3,0,86 87,1
4801,'4',748,,1145841,3,,,1,100,,1145817,3,,,1,70,,1145819,3,,,1,30,,1145839,3,,,1,70,,1145816,3,,,1,30,,1145835,3,,,1,70,,1145834,3,,,1,30,,1145840,3,,,1,70,,1145815,3,,,1,30,,1145828,3,,,1,70,,1145820,3,,,1,30,,1145832,3,,,1,70,,1145826,3,,,1,30,,1145822,3,,,1,70,,1145818,3,,,1,30,,1145830,3,,,1,70,,1096067,3,,,1,30,,1145833,3,,,1,70,,1145814,3,,,1,30,,1145823,3,,,1,70,,1145825,3,,,1,30,,1145829,3,,,1,70,,1145838,3,0,86 87,1,30,,1145824,3,0,86 87,1,70,,965124,3,0,86 87,1,30,,1145837,3,0,86 87,1,70,,1145827,3,0,86 87,1,100,,1145836,3,0,86 87,1,119,,1145821,3,0,86 87,1
4801,'5',522,,1145852,3,0,86 87,1,80,,1145872,3,,,1,18,,1145845,3,,,1,16,,1102518,3,,,1,15,,961620,3,,,1,54,,993693,3,,,1,15,,1089498,3,,,1,16,,1145843,3,,,1,16,,1145846,3,,,1,56,,1145864,3,,,1,13,,990727,3,,,1,15,,998207,3,,,1,15,,1145869,3,,,1,70,,1145871,3,,,1,30,,1145866,3,,,1,70,,942304,3,,,1,30,,1145861,3,,,1,70,,1080456,3,,,1,30,,1145856,3,,,1,70,,1145844,3,,,1,30,,1024722,3,,,1,70,,1069564,3,,,1,30,,1145860,3,,,1,70,,1085974,3,,,1,31,,1145863,3,,,1,55,,1145857,3,,,1,15,,1145873,3,,,1,17,,1145842,3,,,1,13,,1145868,3,,,1,55,,1145874,3,,,1,15,,1145859,3,,,1,15,,1145855,3,,,1,15,,1145865,3,,,1,55,,1145867,3,,,1,15,,1145858,3,,,1,15,,1145851,3,,,1,15,,1145847,3,,,1,70,,1145853,3,,,1,30,,1145849,3,,,1,70,,1145862,3,,,1,30,,1145848,3,,,1,69,,976404,3,,,1,30,,1075486,3,,,1,70,,1022755,3,,,1,100,,1145870,3,0,86 87,1,100,,1145854,3,0,86 87,1
4801,'6',522,,1145891,3,0,86 87,1,80,,1145893,3,,,1,18,,1067665,3,,,1,16,,1145894,3,,,1,15,,1145905,3,,,1,54,,1145888,3,,,1,15,,1145897,3,,,1,16,,1068943,3,,,1,16,,1145896,3,,,1,56,,1145881,3,,,1,13,,1145889,3,,,1,15,,1145912,3,,,1,15,,1145886,3,,,1,70,,1145898,3,,,1,30,,1145892,3,,,1,70,,1145910,3,,,1,30,,1145880,3,,,1,70,,1082709,3,,,1,30,,1145903,3,,,1,70,,1145901,3,,,1,30,,1145900,3,,,1,70,,1097585,3,,,1,30,,1145890,3,,,1,70,,1145902,3,,,1,31,,1145911,3,,,1,55,,1022782,3,,,1,15,,1145906,3,,,1,17,,1145875,3,,,1,13,,1145878,3,,,1,55,,1145876,3,,,1,15,,1145908,3,,,1,15,,1145877,3,,,1,15,,1145885,3,,,1,55,,1043182,3,,,1,15,,1063253,3,,,1,15,,1145895,3,,,1,15,,1145882,3,,,1,70,,1093570,3,,,1,30,,1145884,3,,,1,70,,1042728,3,,,1,30,,1145879,3,,,1,69,,1098433,3,,,1,30,,1145899,3,,,1,70,,1145887,3,,,1,100,,1145904,3,0,86 87,1,100,,1145907,3,0,86 87,1
4801,'7',636,,1145941,3,,,1,100,,1145946,3,,,1,70,,1145929,3,,,1,30,,1145917,3,,,1,70,,1145925,3,,,1,30,,1145913,3,,,1,70,,1145918,3,,,1,30,,1145915,3,,,1,70,,1145947,3,,,1,30,,1145928,3,,,1,70,,1145926,3,,,1,30,,1145935,3,,,1,70,,1145936,3,,,1,30,,1145921,3,,,1,70,,1145943,3,,,1,30,,1145914,3,,,1,70,,1145931,3,,,1,30,,1145938,3,,,1,70,,1145937,3,,,1,30,,1145932,3,,,1,70,,1145922,3,,,1,30,,1145940,3,,,1,70,,1145948,3,,,1,30,,1145944,3,,,1,70,,1145919,3,,,1,30,,1145930,3,,,1,70,,1145934,3,,,1,30,,1145924,3,,,1,70,,1145942,3,,,1,30,,1145927,3,,,1,70,,1145939,3,0,86 87,1,30,,1145945,3,0,86 87,1,100,,1145923,3,0,86 87,1,110,,1145920,3,0,86 87,1
4801,'8',522,,1145969,3,0,86 87,1,80,,1145972,3,,,1,18,,1145957,3,,,1,16,,1145973,3,,,1,15,,1145985,3,,,1,54,,1145966,3,,,1,15,,1145977,3,,,1,16,,1145963,3,,,1,16,,1145975,3,,,1,56,,1145958,3,,,1,13,,1145967,3,,,1,15,,1145996,3,,,1,15,,1145964,3,,,1,70,,1145978,3,,,1,30,,1145970,3,,,1,70,,1145991,3,,,1,30,,1145955,3,,,1,70,,1145989,3,,,1,30,,1145983,3,,,1,70,,1145981,3,,,1,30,,1145980,3,,,1,70,,1145994,3,,,1,30,,1145968,3,,,1,70,,1145982,3,,,1,31,,1145992,3,,,1,55,,1145976,3,,,1,15,,1145986,3,,,1,17,,1145950,3,,,1,13,,1145953,3,,,1,55,,1145951,3,,,1,15,,1145988,3,,,1,15,,1145952,3,,,1,15,,1145962,3,,,1,55,,1145949,3,,,1,15,,1145956,3,,,1,15,,1145974,3,,,1,15,,1145959,3,,,1,70,,1145995,3,,,1,30,,1145961,3,,,1,70,,1145993,3,,,1,30,,1145954,3,,,1,69,,1145971,3,,,1,30,,1145979,3,,,1,70,,1145965,3,,,1,100,,1145984,3,0,86 87,1,100,,1145987,3,0,86 87,1
4801,'9',522,,1146007,3,0,86 87,1,80,,1146027,3,,,1,18,,1146000,3,,,1,16,,1102513,3,,,1,15,,961590,3,,,1,54,,994033,3,,,1,15,,1089413,3,,,1,16,,1145998,3,,,1,16,,1146001,3,,,1,56,,1146019,3,,,1,13,,990697,3,,,1,15,,998410,3,,,1,15,,1146024,3,,,1,70,,1146026,3,,,1,30,,1146021,3,,,1,70,,942256,3,,,1,30,,1146016,3,,,1,70,,1080383,3,,,1,30,,1146011,3,,,1,70,,1145999,3,,,1,30,,1024963,3,,,1,70,,1069484,3,,,1,30,,1146015,3,,,1,70,,1085828,3,,,1,31,,1146018,3,,,1,55,,1146012,3,,,1,15,,1146028,3,,,1,17,,1145997,3,,,1,13,,1146023,3,,,1,55,,1146029,3,,,1,15,,1146014,3,,,1,15,,1146010,3,,,1,15,,1146020,3,,,1,55,,1146022,3,,,1,15,,1146013,3,,,1,15,,1146006,3,,,1,15,,1146002,3,,,1,70,,1146008,3,,,1,30,,1146004,3,,,1,70,,1146017,3,,,1,30,,1146003,3,,,1,69,,976356,3,,,1,30,,1075290,3,,,1,70,,1022990,3,,,1,100,,1146025,3,0,86 87,1,100,,1146009,3,0,86 87,1
