22101,'1',1700,,1196343,34,,,1,100,,1196344,34,,,1
22101,'10',1700,,1196347,34,,,1,100,,1196348,34,,,1
22101,'11',1700,,1196351,34,,,1,100,,1196352,34,,,1
22101,'12',1700,,1196356,34,,,1,100,,1196357,34,,,1
22101,'14',1700,,1196359,34,,,1,100,,1196360,34,,,1
22101,'15',1700,,1196364,34,,,1,100,,1196365,34,,,1
22101,'16',1700,,1196368,34,,,1,100,,1196369,34,,,1
22101,'5',1700,,1196371,34,,,1,100,,1196372,34,,,1
22101,'6',1700,,1196375,34,,,1,100,,1196376,34,,,1
22101,'8',1700,,1196379,34,,,1,100,,1196380,34,,,1
22101,'9',1700,,1196382,34,,,1,100,,1196383,34,,,1
30201,'12',1529,,1198185,64,,,1
30201,'5',1529,,1198186,64,,,1
