4801,'1',528,,1145426,14,0,86 87,1,80,,1145446,14,,,1,18,,1145419,14,,,1,16,,1102523,14,,,1,15,,961535,14,,,1,55,,993977,14,,,1,15,,1089533,14,,,1,16,,1145417,14,,,1,16,,1145420,14,,,1,56,,1145438,14,,,1,13,,990637,14,,,1,15,,998383,14,,,1,15,,1145443,14,,,1,69,,1145445,14,,,1,30,,1145440,14,,,1,70,,942152,14,,,1,30,,1145435,14,,,1,70,,1080478,14,,,1,30,,1145430,14,,,1,70,,1145418,14,,,1,30,,1024932,14,,,1,71,,1069587,14,,,1,30,,1145434,14,,,1,70,,1086025,14,,,1,31,,1145437,14,,,1,55,,1145431,14,,,1,15,,1145447,14,,,1,17,,1145416,14,,,1,13,,1145442,14,,,1,55,,1145448,14,,,1,15,,1145433,14,,,1,15,,1145429,14,,,1,15,,1145439,14,,,1,55,,1145441,14,,,1,14,,1145432,14,,,1,15,,1145425,14,,,1,15,,1145421,14,,,1,70,,1145427,14,,,1,30,,1145423,14,,,1,70,,1145436,14,,,1,30,,1145422,14,,,1,69,,976249,14,,,1,30,,1075528,14,,,1,70,,1022957,14,,,1,100,,1145444,14,0,86 87,1,100,,1145428,14,0,86 87,1
4801,'10',528,,1145459,14,0,86 87,1,80,,1145479,14,,,1,18,,1145452,14,,,1,16,,1102508,14,,,1,15,,961350,14,,,1,55,,994159,14,,,1,15,,1089349,14,,,1,16,,1145450,14,,,1,16,,1145453,14,,,1,56,,1145471,14,,,1,13,,990501,14,,,1,15,,998475,14,,,1,15,,1145476,14,,,1,69,,1145478,14,,,1,30,,1145473,14,,,1,70,,941876,14,,,1,30,,1145468,14,,,1,70,,1080332,14,,,1,30,,1145463,14,,,1,70,,1145451,14,,,1,30,,1025044,14,,,1,71,,1069436,14,,,1,30,,1145467,14,,,1,70,,1085741,14,,,1,31,,1145470,14,,,1,55,,1145464,14,,,1,15,,1145480,14,,,1,17,,1145449,14,,,1,13,,1145475,14,,,1,55,,1145481,14,,,1,15,,1145466,14,,,1,15,,1145462,14,,,1,15,,1145472,14,,,1,55,,1145474,14,,,1,14,,1145465,14,,,1,15,,1145458,14,,,1,15,,1145454,14,,,1,70,,1145460,14,,,1,30,,1145456,14,,,1,70,,1145469,14,,,1,30,,1145455,14,,,1,69,,975922,14,,,1,30,,1075192,14,,,1,70,,1023071,14,,,1,100,,1145477,14,0,86 87,1,100,,1145461,14,0,86 87,1
4801,'11',528,,1145492,14,0,86 87,1,80,,1145512,14,,,1,18,,1145485,14,,,1,16,,1102528,14,,,1,15,,961505,14,,,1,55,,993921,14,,,1,15,,1089584,14,,,1,16,,1145483,14,,,1,16,,1145486,14,,,1,56,,1145504,14,,,1,13,,990607,14,,,1,15,,998356,14,,,1,15,,1145509,14,,,1,69,,1145511,14,,,1,30,,1145506,14,,,1,70,,942104,14,,,1,30,,1145501,14,,,1,70,,1080522,14,,,1,30,,1145496,14,,,1,70,,1145484,14,,,1,30,,1024901,14,,,1,71,,1069633,14,,,1,30,,1145500,14,,,1,70,,1086107,14,,,1,31,,1145503,14,,,1,55,,1145497,14,,,1,15,,1145513,14,,,1,17,,1145482,14,,,1,13,,1145508,14,,,1,55,,1145514,14,,,1,15,,1145499,14,,,1,15,,1145495,14,,,1,15,,1145505,14,,,1,55,,1145507,14,,,1,14,,1145498,14,,,1,15,,1145491,14,,,1,15,,1145487,14,,,1,70,,1145493,14,,,1,30,,1145489,14,,,1,70,,1145502,14,,,1,30,,1145488,14,,,1,69,,976201,14,,,1,30,,1075620,14,,,1,70,,1022924,14,,,1,100,,1145510,14,0,86 87,1,100,,1145494,14,0,86 87,1
4801,'12',528,,1145531,14,0,86 87,1,80,,1145534,14,,,1,18,,1145519,14,,,1,16,,1145535,14,,,1,15,,1075871,14,,,1,55,,1145528,14,,,1,15,,1145539,14,,,1,16,,1145525,14,,,1,16,,1145537,14,,,1,56,,1145520,14,,,1,13,,1145529,14,,,1,15,,1145555,14,,,1,15,,1145526,14,,,1,69,,1145540,14,,,1,30,,1145532,14,,,1,70,,994271,14,,,1,30,,1062512,14,,,1,70,,1145549,14,,,1,30,,1076943,14,,,1,70,,1145543,14,,,1,30,,1145542,14,,,1,71,,1145553,14,,,1,30,,1145530,14,,,1,70,,1145544,14,,,1,31,,1145551,14,,,1,55,,1145538,14,,,1,15,,1145546,14,,,1,17,,1023311,14,,,1,13,,1145516,14,,,1,55,,1083523,14,,,1,15,,1145548,14,,,1,15,,1075435,14,,,1,15,,1145524,14,,,1,55,,1145515,14,,,1,14,,1145518,14,,,1,15,,1145536,14,,,1,15,,1145521,14,,,1,70,,1145554,14,,,1,30,,1145523,14,,,1,70,,1145552,14,,,1,30,,1145517,14,,,1,69,,1145533,14,,,1,30,,1145541,14,,,1,70,,1145527,14,,,1,100,,1145545,14,0,86 87,1,100,,1145547,14,0,86 87,1
4801,'13',754,,1145570,14,,,1,100,,1145567,14,,,1,70,,1145575,14,,,1,30,,1145556,14,,,1,72,,1145566,14,,,1,30,,1145581,14,,,1,70,,1145578,14,,,1,30,,1145557,14,,,1,71,,1145574,14,,,1,30,,1145579,14,,,1,70,,1145580,14,,,1,30,,1145569,14,,,1,70,,1145558,14,,,1,30,,1145561,14,,,1,70,,1087911,14,,,1,30,,1145576,14,,,1,70,,1069513,14,,,1,30,,1039340,14,,,1,70,,1145571,14,,,1,30,,1145563,14,,,1,69,,1145562,14,,,1,30,,1065352,14,,,1,70,,1145564,14,0,86 87,1,30,,1145565,14,0,86 87,1,70,,1145560,14,0,86 87,1,30,,1145568,14,0,86 87,1,70,,1145572,14,0,86 87,1,98,,1145559,14,0,86 87,1,119,,1145573,14,0,86 87,1
4801,'14',528,,1145602,14,0,86 87,1,80,,1145625,14,,,1,18,,1145589,14,,,1,16,,1145622,14,,,1,15,,1145593,14,,,1,55,,1145594,14,,,1,15,,1145621,14,,,1,16,,1145583,14,,,1,16,,1145590,14,,,1,56,,1145615,14,,,1,13,,1145588,14,,,1,15,,1145604,14,,,1,15,,1145620,14,,,1,69,,1145624,14,,,1,30,,1145617,14,,,1,70,,1145586,14,,,1,30,,1145612,14,,,1,70,,1145596,14,,,1,30,,1145607,14,,,1,70,,1145584,14,,,1,30,,1145628,14,,,1,71,,1145595,14,,,1,30,,1145611,14,,,1,70,,1145592,14,,,1,31,,1145614,14,,,1,55,,1145608,14,,,1,15,,1145626,14,,,1,17,,1145582,14,,,1,13,,1145619,14,,,1,55,,1145629,14,,,1,15,,1145610,14,,,1,15,,1145606,14,,,1,15,,1145616,14,,,1,55,,1145618,14,,,1,14,,1145609,14,,,1,15,,1145601,14,,,1,15,,1145591,14,,,1,70,,1145603,14,,,1,30,,1145598,14,,,1,70,,1145613,14,,,1,30,,1145597,14,,,1,69,,1145587,14,,,1,30,,1145585,14,,,1,70,,1145627,14,,,1,100,,1145623,14,0,86 87,1,100,,1145605,14,0,86 87,1
4801,'15',528,,1145673,14,0,86 87,1,80,,1145635,14,,,1,18,,1145651,14,,,1,16,,1145674,14,,,1,15,,1145671,14,,,1,55,,1145659,14,,,1,15,,1145665,14,,,1,16,,1145630,14,,,1,16,,1145647,14,,,1,56,,1145660,14,,,1,13,,1145655,14,,,1,15,,1145642,14,,,1,15,,1145656,14,,,1,69,,1145640,14,,,1,30,,1145667,14,,,1,70,,1145668,14,,,1,30,,1145646,14,,,1,70,,1145637,14,,,1,30,,1145632,14,,,1,70,,1145652,14,,,1,30,,1145666,14,,,1,71,,1145639,14,,,1,30,,1145676,14,,,1,70,,1145675,14,,,1,31,,1145663,14,,,1,55,,1145670,14,,,1,15,,1145661,14,,,1,17,,1145650,14,,,1,13,,1145631,14,,,1,55,,1145649,14,,,1,15,,1145664,14,,,1,15,,1145672,14,,,1,15,,1145657,14,,,1,55,,1145662,14,,,1,14,,1145633,14,,,1,15,,1145645,14,,,1,15,,1145648,14,,,1,70,,1145636,14,,,1,30,,1145638,14,,,1,70,,1145658,14,,,1,30,,1145653,14,,,1,69,,1145644,14,,,1,30,,1145634,14,,,1,70,,1145669,14,,,1,100,,1145677,14,0,86 87,1,100,,1145643,14,0,86 87,1
4801,'16',528,,1145694,14,0,86 87,1,80,,1145697,14,,,1,18,,1145684,14,,,1,16,,1145698,14,,,1,15,,1145710,14,,,1,55,,1145691,14,,,1,15,,1145702,14,,,1,16,,1145688,14,,,1,16,,1145700,14,,,1,56,,1145685,14,,,1,13,,1145692,14,,,1,15,,1145721,14,,,1,15,,1145689,14,,,1,69,,1145703,14,,,1,30,,1145695,14,,,1,70,,1145716,14,,,1,30,,1145682,14,,,1,70,,1145714,14,,,1,30,,1145708,14,,,1,70,,1145706,14,,,1,30,,1145705,14,,,1,71,,1145719,14,,,1,30,,1145693,14,,,1,70,,1145707,14,,,1,31,,1145717,14,,,1,55,,1145701,14,,,1,15,,1145711,14,,,1,17,,1145679,14,,,1,13,,1069838,14,,,1,55,,1145680,14,,,1,15,,1145713,14,,,1,15,,1145681,14,,,1,15,,1145687,14,,,1,55,,1145678,14,,,1,14,,1145683,14,,,1,15,,1145699,14,,,1,15,,1070056,14,,,1,70,,1145720,14,,,1,30,,1145686,14,,,1,70,,1145718,14,,,1,30,,1087595,14,,,1,69,,1145696,14,,,1,30,,1145704,14,,,1,70,,1145690,14,,,1,100,,1145709,14,0,86 87,1,100,,1145712,14,0,86 87,1
4801,'17',754,,1145737,14,,,1,100,,1145734,14,,,1,70,,1145742,14,,,1,30,,1145722,14,,,1,72,,1145733,14,,,1,30,,1145750,14,,,1,70,,1145747,14,,,1,30,,1145723,14,,,1,71,,1145741,14,,,1,30,,1145748,14,,,1,70,,1145749,14,,,1,30,,1145736,14,,,1,70,,1145724,14,,,1,30,,1145728,14,,,1,70,,1145725,14,,,1,30,,1145743,14,,,1,70,,1145746,14,,,1,30,,1145744,14,,,1,70,,1145738,14,,,1,30,,1145730,14,,,1,69,,1145729,14,,,1,30,,1145751,14,,,1,70,,1145731,14,0,86 87,1,30,,1145732,14,0,86 87,1,70,,1145727,14,0,86 87,1,30,,1145735,14,0,86 87,1,70,,1145739,14,0,86 87,1,98,,1145726,14,0,86 87,1,119,,1145740,14,0,86 87,1
4801,'2',642,,1145778,14,,,1,100,,1145753,14,,,1,70,,1145762,14,,,1,30,,1145758,14,,,1,70,,1145765,14,,,1,30,,1145779,14,,,1,72,,1145772,14,,,1,30,,1067825,14,,,1,70,,1062797,14,,,1,30,,1145773,14,,,1,71,,1145777,14,,,1,30,,1145761,14,,,1,70,,1035720,14,,,1,30,,1145770,14,,,1,70,,1145769,14,,,1,30,,1145760,14,,,1,70,,1145775,14,,,1,30,,1145763,14,,,1,70,,1145782,14,,,1,30,,1145783,14,,,1,70,,1145754,14,,,1,30,,1145764,14,,,1,69,,1145756,14,,,1,30,,1145757,14,,,1,70,,1145780,14,,,1,30,,1145774,14,,,1,70,,1145752,14,,,1,30,,1145776,14,,,1,70,,1145768,14,,,1,30,,1145766,14,,,1,68,,1145759,14,0,86 87,1,30,,1145755,14,0,86 87,1,100,,1145767,14,0,86 87,1,110,,1145781,14,0,86 87,1
4801,'3',754,,1145799,14,,,1,100,,1145796,14,,,1,70,,1145804,14,,,1,30,,1145784,14,,,1,72,,1145795,14,,,1,30,,1145812,14,,,1,70,,1145809,14,,,1,30,,1145785,14,,,1,71,,1145803,14,,,1,30,,1145810,14,,,1,70,,1145811,14,,,1,30,,1145798,14,,,1,70,,1145786,14,,,1,30,,1145790,14,,,1,70,,1145787,14,,,1,30,,1145805,14,,,1,70,,1145808,14,,,1,30,,1145806,14,,,1,70,,1145800,14,,,1,30,,1145792,14,,,1,69,,1145791,14,,,1,30,,1145813,14,,,1,70,,1145793,14,0,86 87,1,30,,1145794,14,0,86 87,1,70,,1145789,14,0,86 87,1,30,,1145797,14,0,86 87,1,70,,1145801,14,0,86 87,1,98,,1145788,14,0,86 87,1,119,,1145802,14,0,86 87,1
4801,'4',754,,1145841,14,,,1,100,,1145817,14,,,1,70,,1145819,14,,,1,30,,1145839,14,,,1,72,,1145816,14,,,1,30,,1145835,14,,,1,70,,1145834,14,,,1,30,,1145840,14,,,1,71,,1145815,14,,,1,30,,1145828,14,,,1,70,,1145820,14,,,1,30,,1145832,14,,,1,70,,1145826,14,,,1,30,,1145822,14,,,1,70,,1145818,14,,,1,30,,1145830,14,,,1,70,,1096067,14,,,1,30,,1145833,14,,,1,70,,1145814,14,,,1,30,,1145823,14,,,1,69,,1145825,14,,,1,30,,1145829,14,,,1,70,,1145838,14,0,86 87,1,30,,1145824,14,0,86 87,1,70,,965124,14,0,86 87,1,30,,1145837,14,0,86 87,1,70,,1145827,14,0,86 87,1,98,,1145836,14,0,86 87,1,119,,1145821,14,0,86 87,1
4801,'5',528,,1145852,14,0,86 87,1,80,,1145872,14,,,1,18,,1145845,14,,,1,16,,1102518,14,,,1,15,,961620,14,,,1,55,,993693,14,,,1,15,,1089498,14,,,1,16,,1145843,14,,,1,16,,1145846,14,,,1,56,,1145864,14,,,1,13,,990727,14,,,1,15,,998207,14,,,1,15,,1145869,14,,,1,69,,1145871,14,,,1,30,,1145866,14,,,1,70,,942304,14,,,1,30,,1145861,14,,,1,70,,1080456,14,,,1,30,,1145856,14,,,1,70,,1145844,14,,,1,30,,1024722,14,,,1,71,,1069564,14,,,1,30,,1145860,14,,,1,70,,1085974,14,,,1,31,,1145863,14,,,1,55,,1145857,14,,,1,15,,1145873,14,,,1,17,,1145842,14,,,1,13,,1145868,14,,,1,55,,1145874,14,,,1,15,,1145859,14,,,1,15,,1145855,14,,,1,15,,1145865,14,,,1,55,,1145867,14,,,1,14,,1145858,14,,,1,15,,1145851,14,,,1,15,,1145847,14,,,1,70,,1145853,14,,,1,30,,1145849,14,,,1,70,,1145862,14,,,1,30,,1145848,14,,,1,69,,976404,14,,,1,30,,1075486,14,,,1,70,,1022755,14,,,1,100,,1145870,14,0,86 87,1,100,,1145854,14,0,86 87,1
4801,'6',528,,1145891,14,0,86 87,1,80,,1145893,14,,,1,18,,1067665,14,,,1,16,,1145894,14,,,1,15,,1145905,14,,,1,55,,1145888,14,,,1,15,,1145897,14,,,1,16,,1068943,14,,,1,16,,1145896,14,,,1,56,,1145881,14,,,1,13,,1145889,14,,,1,15,,1145912,14,,,1,15,,1145886,14,,,1,69,,1145898,14,,,1,30,,1145892,14,,,1,70,,1145910,14,,,1,30,,1145880,14,,,1,70,,1082709,14,,,1,30,,1145903,14,,,1,70,,1145901,14,,,1,30,,1145900,14,,,1,71,,1097585,14,,,1,30,,1145890,14,,,1,70,,1145902,14,,,1,31,,1145911,14,,,1,55,,1022782,14,,,1,15,,1145906,14,,,1,17,,1145875,14,,,1,13,,1145878,14,,,1,55,,1145876,14,,,1,15,,1145908,14,,,1,15,,1145877,14,,,1,15,,1145885,14,,,1,55,,1043182,14,,,1,14,,1063253,14,,,1,15,,1145895,14,,,1,15,,1145882,14,,,1,70,,1093570,14,,,1,30,,1145884,14,,,1,70,,1042728,14,,,1,30,,1145879,14,,,1,69,,1098433,14,,,1,30,,1145899,14,,,1,70,,1145887,14,,,1,100,,1145904,14,0,86 87,1,100,,1145907,14,0,86 87,1
4801,'7',642,,1145941,14,,,1,100,,1145946,14,,,1,70,,1145929,14,,,1,30,,1145917,14,,,1,70,,1145925,14,,,1,30,,1145913,14,,,1,72,,1145918,14,,,1,30,,1145915,14,,,1,70,,1145947,14,,,1,30,,1145928,14,,,1,71,,1145926,14,,,1,30,,1145935,14,,,1,70,,1145936,14,,,1,30,,1145921,14,,,1,70,,1145943,14,,,1,30,,1145914,14,,,1,70,,1145931,14,,,1,30,,1145938,14,,,1,70,,1145937,14,,,1,30,,1145932,14,,,1,70,,1145922,14,,,1,30,,1145940,14,,,1,69,,1145948,14,,,1,30,,1145944,14,,,1,70,,1145919,14,,,1,30,,1145930,14,,,1,70,,1145934,14,,,1,30,,1145924,14,,,1,70,,1145942,14,,,1,30,,1145927,14,,,1,68,,1145939,14,0,86 87,1,30,,1145945,14,0,86 87,1,100,,1145923,14,0,86 87,1,110,,1145920,14,0,86 87,1
4801,'8',528,,1145969,14,0,86 87,1,80,,1145972,14,,,1,18,,1145957,14,,,1,16,,1145973,14,,,1,15,,1145985,14,,,1,55,,1145966,14,,,1,15,,1145977,14,,,1,16,,1145963,14,,,1,16,,1145975,14,,,1,56,,1145958,14,,,1,13,,1145967,14,,,1,15,,1145996,14,,,1,15,,1145964,14,,,1,69,,1145978,14,,,1,30,,1145970,14,,,1,70,,1145991,14,,,1,30,,1145955,14,,,1,70,,1145989,14,,,1,30,,1145983,14,,,1,70,,1145981,14,,,1,30,,1145980,14,,,1,71,,1145994,14,,,1,30,,1145968,14,,,1,70,,1145982,14,,,1,31,,1145992,14,,,1,55,,1145976,14,,,1,15,,1145986,14,,,1,17,,1145950,14,,,1,13,,1145953,14,,,1,55,,1145951,14,,,1,15,,1145988,14,,,1,15,,1145952,14,,,1,15,,1145962,14,,,1,55,,1145949,14,,,1,14,,1145956,14,,,1,15,,1145974,14,,,1,15,,1145959,14,,,1,70,,1145995,14,,,1,30,,1145961,14,,,1,70,,1145993,14,,,1,30,,1145954,14,,,1,69,,1145971,14,,,1,30,,1145979,14,,,1,70,,1145965,14,,,1,100,,1145984,14,0,86 87,1,100,,1145987,14,0,86 87,1
4801,'9',528,,1146007,14,0,86 87,1,80,,1146027,14,,,1,18,,1146000,14,,,1,16,,1102513,14,,,1,15,,961590,14,,,1,55,,994033,14,,,1,15,,1089413,14,,,1,16,,1145998,14,,,1,16,,1146001,14,,,1,56,,1146019,14,,,1,13,,990697,14,,,1,15,,998410,14,,,1,15,,1146024,14,,,1,69,,1146026,14,,,1,30,,1146021,14,,,1,70,,942256,14,,,1,30,,1146016,14,,,1,70,,1080383,14,,,1,30,,1146011,14,,,1,70,,1145999,14,,,1,30,,1024963,14,,,1,71,,1069484,14,,,1,30,,1146015,14,,,1,70,,1085828,14,,,1,31,,1146018,14,,,1,55,,1146012,14,,,1,15,,1146028,14,,,1,17,,1145997,14,,,1,13,,1146023,14,,,1,55,,1146029,14,,,1,15,,1146014,14,,,1,15,,1146010,14,,,1,15,,1146020,14,,,1,55,,1146022,14,,,1,14,,1146013,14,,,1,15,,1146006,14,,,1,15,,1146002,14,,,1,70,,1146008,14,,,1,30,,1146004,14,,,1,70,,1146017,14,,,1,30,,1146003,14,,,1,69,,976356,14,,,1,30,,1075290,14,,,1,70,,1022990,14,,,1,100,,1146025,14,0,86 87,1,100,,1146009,14,0,86 87,1
