11701,'1',1553,,1188914,21,,,1,70,,1093378,21,,,1,30,,1188912,21,,,1,70,,1188913,21,,,1,30,,1062138,21,,,1
11701,'10',1553,,1188917,21,,,1,70,,1093062,21,,,1,30,,1188915,21,,,1,70,,1188916,21,,,1,30,,1061905,21,,,1
11701,'11',1553,,1188920,21,,,1,70,,1093469,21,,,1,30,,1188918,21,,,1,70,,1188919,21,,,1,30,,1062213,21,,,1
11701,'12',1553,,1188921,21,,,1,70,,1188924,21,,,1,30,,1188922,21,,,1,70,,1188925,21,,,1,30,,1188923,21,,,1
11701,'14',1553,,1188930,21,,,1,70,,1188926,21,,,1,30,,1188927,21,,,1,70,,1188929,21,,,1,30,,1188928,21,,,1
11701,'15',1553,,1188934,21,,,1,70,,1188931,21,,,1,30,,1188933,21,,,1,70,,1188935,21,,,1,30,,1188932,21,,,1
11701,'16',1553,,1188936,21,,,1,70,,1188939,21,,,1,30,,1188937,21,,,1,70,,1188940,21,,,1,30,,1188938,21,,,1
11701,'5',1553,,1188943,21,,,1,70,,1093323,21,,,1,30,,1188941,21,,,1,70,,1188942,21,,,1,30,,1062090,21,,,1
11701,'6',1553,,1188944,21,,,1,70,,1188947,21,,,1,30,,1188945,21,,,1,70,,1068952,21,,,1,30,,1188946,21,,,1
11701,'8',1553,,1188948,21,,,1,70,,1188951,21,,,1,30,,1188949,21,,,1,70,,1188952,21,,,1,30,,1188950,21,,,1
11701,'9',1553,,1188955,21,,,1,70,,1093167,21,,,1,30,,1188953,21,,,1,70,,1188954,21,,,1,30,,1061979,21,,,1
61701,'1',1534,,1199016,16,,,1
61701,'10',1534,,1199017,16,,,1
61701,'11',1534,,1199018,16,,,1
61701,'12',1534,,1101880,16,,,1
61701,'14',1534,,1199019,16,,,1
61701,'15',1534,,1199020,16,,,1
61701,'16',1534,,1199021,16,,,1
61701,'5',1534,,1199022,16,,,1
61701,'6',1534,,1199023,16,,,1
61701,'8',1534,,1199024,16,,,1
61701,'9',1534,,1199025,16,,,1
68700,'1',730,,1200532,25,,,1
68700,'10',730,,1200533,25,,,1
68700,'11',730,,1200534,25,,,1
68700,'12',730,,1200535,25,,,1
68700,'14',730,,1200536,25,,,1
68700,'15',730,,1200537,25,,,1
68700,'16',730,,1200538,25,,,1
68700,'5',730,,1200539,25,,,1
68700,'6',730,,1200540,25,,,1
68700,'8',730,,1200541,25,,,1
68700,'9',730,,1200542,25,,,1
68701,'1',1444,,1200543,14,,,1
68701,'10',1444,,1200544,14,,,1
68701,'11',1444,,1200545,14,,,1
68701,'12',1444,,1200546,14,,,1
68701,'14',1444,,1200547,14,,,1
68701,'15',1444,,1200548,14,,,1
68701,'16',1444,,1200549,14,,,1
68701,'5',1444,,1200550,14,,,1
68701,'6',1444,,1200551,14,,,1
68701,'8',1444,,1200552,14,,,1
68701,'9',1444,,1200553,14,,,1
