3400,'1',534,,1130061,8,,,1,75,,1130064,5,,,1,30,,1130065,5,,,1,70,,1130066,5,,,1,28,,1130059,5,,,1,11,,1130051,8,0,23 24,1,61,,1130048,5,,,1,30,,1130049,5,,,1,70,,1130074,5,,,1,30,,1130063,5,,,1,70,,1130062,5,,,1,30,,1130054,5,,,1,70,,1080266,5,,,1,30,,1130073,5,,,1,70,,1130053,5,,,1,31,,1130057,5,,,1,70,,1130058,5,,,1,30,,1130071,5,,,1,70,,1130060,5,,,1,30,,1130055,5,,,1,70,,1130069,5,,,1,30,,1130052,5,,,1,70,,1130070,5,,,1,30,,995245,5,,,1,70,,1130072,5,,,1,30,,1130047,5,,,1,70,,905184,5,,,1,30,,1130068,5,,,1,70,,1130056,5,,,1,30,,1103692,5,,,1,70,,1130050,5,,,1,30,,1130067,5,,,1,70,,905552,5,,,1,30,,983272,5,,,1
3400,'10',534,,1130089,8,,,1,75,,1130092,5,,,1,30,,1130093,5,,,1,70,,1130094,5,,,1,28,,1130087,5,,,1,11,,1130079,8,0,23 24,1,61,,1130076,5,,,1,30,,1130077,5,,,1,70,,1130102,5,,,1,30,,1130091,5,,,1,70,,1130090,5,,,1,30,,1130082,5,,,1,70,,1080131,5,,,1,30,,1130101,5,,,1,70,,1130081,5,,,1,31,,1130085,5,,,1,70,,1130086,5,,,1,30,,1130099,5,,,1,70,,1130088,5,,,1,30,,1130083,5,,,1,70,,1130097,5,,,1,30,,1130080,5,,,1,70,,1130098,5,,,1,30,,995414,5,,,1,70,,1130100,5,,,1,30,,1130075,5,,,1,70,,905223,5,,,1,30,,1130096,5,,,1,70,,1130084,5,,,1,30,,1103689,5,,,1,70,,1130078,5,,,1,30,,1130095,5,,,1,70,,905585,5,,,1,30,,982996,5,,,1
3400,'11',534,,1130117,8,,,1,75,,1130120,5,,,1,30,,1130121,5,,,1,70,,1130122,5,,,1,28,,1130115,5,,,1,11,,1130107,8,0,23 24,1,61,,1130104,5,,,1,30,,1130105,5,,,1,70,,1130130,5,,,1,30,,1130119,5,,,1,70,,1130118,5,,,1,30,,1130110,5,,,1,70,,1080303,5,,,1,30,,1130129,5,,,1,70,,1130109,5,,,1,31,,1130113,5,,,1,70,,1130114,5,,,1,30,,1130127,5,,,1,70,,1130116,5,,,1,30,,1130111,5,,,1,70,,1130125,5,,,1,30,,1130108,5,,,1,70,,1130126,5,,,1,30,,995197,5,,,1,70,,1130128,5,,,1,30,,1130103,5,,,1,70,,905103,5,,,1,30,,1130124,5,,,1,70,,1130112,5,,,1,30,,1103693,5,,,1,70,,1130106,5,,,1,30,,1130123,5,,,1,70,,905467,5,,,1,30,,983237,5,,,1
3400,'12',534,,1130161,8,,,1,75,,1130145,5,,,1,30,,1130132,5,,,1,70,,1130159,5,,,1,28,,1130133,5,,,1,11,,1130153,8,0,23 24,1,61,,1130143,5,,,1,30,,957586,5,,,1,70,,1130158,5,,,1,30,,1130157,5,,,1,70,,1013160,5,,,1,30,,1072590,5,,,1,70,,1130138,5,,,1,30,,1130149,5,,,1,70,,1130147,5,,,1,31,,1130144,5,,,1,70,,1130141,5,,,1,30,,1130148,5,,,1,70,,1130156,5,,,1,30,,1130150,5,,,1,70,,1130140,5,,,1,30,,1130137,5,,,1,70,,1130134,5,,,1,30,,1130142,5,,,1,70,,1130135,5,,,1,30,,1130154,5,,,1,70,,1130136,5,,,1,30,,1130155,5,,,1,70,,1130146,5,,,1,30,,1130160,5,,,1,70,,1130131,5,,,1,30,,1025090,5,,,1,70,,1130152,5,,,1,30,,1130151,5,,,1
3400,'13',743,,1130171,5,,,1,100,,1130173,5,,,1,96,,1130163,5,,,1,70,,1130181,5,,,1,30,,1130170,5,,,1,70,,1130169,5,,,1,30,,1018865,5,,,1,70,,1130172,5,,,1,30,,1130180,5,,,1,70,,1130162,5,,,1,30,,1130175,5,,,1,70,,1130179,5,,,1,30,,1130167,5,,,1,70,,1130165,5,,,1,42,,1130166,5,,,1,58,,1130177,5,,,1,30,,1130168,5,,,1,70,,1130176,5,,,1,30,,1130164,5,,,1,70,,1130178,5,,,1,43,,1130174,5,,,1
3400,'14',534,,1130198,8,,,1,75,,1130201,5,,,1,30,,1130202,5,,,1,70,,1130203,5,,,1,28,,1130196,5,,,1,11,,1130187,8,0,23 24,1,61,,1130184,5,,,1,30,,1130185,5,,,1,70,,1130212,5,,,1,30,,1130200,5,,,1,70,,1130199,5,,,1,30,,1130190,5,,,1,70,,1130215,5,,,1,30,,1130211,5,,,1,70,,1130189,5,,,1,31,,1130193,5,,,1,70,,1130195,5,,,1,30,,1130209,5,,,1,70,,1130197,5,,,1,30,,1130191,5,,,1,70,,1130207,5,,,1,30,,1130188,5,,,1,70,,1130208,5,,,1,30,,1130216,5,,,1,70,,1130210,5,,,1,30,,1130182,5,,,1,70,,1130213,5,,,1,30,,1130205,5,,,1,70,,1130192,5,,,1,30,,1130214,5,,,1,70,,1130186,5,,,1,30,,1130204,5,,,1,70,,1130194,5,,,1,30,,1130206,5,,,1
3400,'15',534,,1130242,8,,,1,75,,1130218,5,,,1,30,,1130247,5,,,1,70,,1130232,5,,,1,28,,1130228,5,,,1,11,,1130229,8,0,23 24,1,61,,1130227,5,,,1,30,,1130248,5,,,1,70,,1130235,5,,,1,30,,1130243,5,,,1,70,,1130251,5,,,1,30,,1130233,5,,,1,70,,1130250,5,,,1,30,,1130230,5,,,1,70,,1130221,5,,,1,31,,1130225,5,,,1,70,,1130241,5,,,1,30,,1130245,5,,,1,70,,1130224,5,,,1,30,,1130237,5,,,1,70,,1130249,5,,,1,30,,1130236,5,,,1,70,,1130220,5,,,1,30,,1130239,5,,,1,70,,1130231,5,,,1,30,,1130226,5,,,1,70,,1130223,5,,,1,30,,1130217,5,,,1,70,,1130240,5,,,1,30,,1130219,5,,,1,70,,1130246,5,,,1,30,,1130234,5,,,1,70,,1130238,5,,,1,30,,1130244,5,,,1
3400,'16',534,,1130284,8,,,1,75,,1130266,5,,,1,30,,1130252,5,,,1,70,,1130280,5,,,1,28,,1130253,5,,,1,11,,1130274,8,0,23 24,1,61,,1130264,5,,,1,30,,1130281,5,,,1,70,,1130279,5,,,1,30,,1130278,5,,,1,70,,1130254,5,,,1,30,,1130283,5,,,1,70,,1130258,5,,,1,30,,1130270,5,,,1,70,,1130268,5,,,1,31,,1130265,5,,,1,70,,1130262,5,,,1,30,,1130269,5,,,1,70,,1130277,5,,,1,30,,1130271,5,,,1,70,,1130261,5,,,1,30,,1130257,5,,,1,70,,1095245,5,,,1,30,,1130263,5,,,1,70,,1130255,5,,,1,30,,1130275,5,,,1,70,,1130256,5,,,1,30,,1130276,5,,,1,70,,1130267,5,,,1,30,,1130282,5,,,1,70,,1074540,5,,,1,30,,1130259,5,,,1,70,,1130273,5,,,1,30,,1130272,5,,,1
3400,'17',743,,1130294,5,,,1,100,,1130296,5,,,1,96,,1130286,5,,,1,70,,1130305,5,,,1,30,,1130292,5,,,1,70,,1130293,5,,,1,30,,1130304,5,,,1,70,,1130295,5,,,1,30,,1130303,5,,,1,70,,1130285,5,,,1,30,,1130298,5,,,1,70,,1130302,5,,,1,30,,1130290,5,,,1,70,,1130288,5,,,1,42,,1130289,5,,,1,58,,1130300,5,,,1,30,,1130291,5,,,1,70,,1130299,5,,,1,30,,1130287,5,,,1,70,,1130301,5,,,1,43,,1130297,5,,,1
3400,'2',653,,1130314,5,,,1,100,,1130319,5,,,1,70,,1130324,5,,,1,30,,1130308,5,,,1,70,,1130310,5,,,1,30,,1130325,5,,,1,70,,1130320,5,,,1,30,,1130317,5,,,1,70,,1130322,5,,,1,30,,1130311,5,,,1,70,,1130312,5,,,1,30,,957097,5,,,1,70,,1130309,5,,,1,30,,1130313,5,,,1,70,,1130307,5,,,1,30,,1130316,5,,,1,70,,1130329,5,,,1,30,,1069941,5,,,1,70,,1130315,5,,,1,30,,1130327,5,,,1,70,,1130326,5,,,1,30,,1130323,5,,,1,70,,1130328,5,,,1,30,,1130321,5,,,1,70,,1130318,5,,,1,35,,1130306,5,,,1
3400,'3',743,,1130339,5,,,1,100,,1130341,5,,,1,96,,1130331,5,,,1,70,,1130350,5,,,1,30,,1130337,5,,,1,70,,1130338,5,,,1,30,,1130349,5,,,1,70,,1130340,5,,,1,30,,1130348,5,,,1,70,,1130330,5,,,1,30,,1130343,5,,,1,70,,1130347,5,,,1,30,,1130335,5,,,1,70,,1130333,5,,,1,42,,1130334,5,,,1,58,,1130345,5,,,1,30,,1130336,5,,,1,70,,1130344,5,,,1,30,,1130332,5,,,1,70,,1130346,5,,,1,43,,1130342,5,,,1
3400,'4',743,,1090773,5,,,1,100,,1130356,5,,,1,96,,1130361,5,,,1,70,,1130353,5,,,1,30,,1057673,5,,,1,70,,1089954,5,,,1,30,,1130359,5,,,1,70,,1130357,5,,,1,30,,1130358,5,,,1,70,,1130362,5,,,1,30,,1130363,5,,,1,70,,1130352,5,,,1,30,,1130366,5,,,1,70,,1068826,5,,,1,42,,1130351,5,,,1,58,,1130354,5,,,1,30,,1066433,5,,,1,70,,1130365,5,,,1,30,,1130355,5,,,1,70,,1130364,5,,,1,43,,1130360,5,,,1
3400,'5',534,,1130381,8,,,1,75,,1130384,5,,,1,30,,1130385,5,,,1,70,,1130386,5,,,1,28,,1130379,5,,,1,11,,1130371,8,0,23 24,1,61,,1130368,5,,,1,30,,1130369,5,,,1,70,,1130394,5,,,1,30,,1130383,5,,,1,70,,1130382,5,,,1,30,,1130374,5,,,1,70,,1080249,5,,,1,30,,1130393,5,,,1,70,,1130373,5,,,1,31,,1130377,5,,,1,70,,1130378,5,,,1,30,,1130391,5,,,1,70,,1130380,5,,,1,30,,1130375,5,,,1,70,,1130389,5,,,1,30,,1130372,5,,,1,70,,1130390,5,,,1,30,,994940,5,,,1,70,,1130392,5,,,1,30,,1130367,5,,,1,70,,905355,5,,,1,30,,1130388,5,,,1,70,,1130376,5,,,1,30,,1103691,5,,,1,70,,1130370,5,,,1,30,,1130387,5,,,1,70,,905701,5,,,1,30,,983383,5,,,1
3400,'6',534,,1013277,8,,,1,75,,1130410,5,,,1,30,,1088934,5,,,1,70,,1005093,5,,,1,28,,1130396,5,,,1,11,,1130418,8,0,23 24,1,61,,1130408,5,,,1,30,,1130424,5,,,1,70,,1130423,5,,,1,30,,1130422,5,,,1,70,,1130397,5,,,1,30,,1130426,5,,,1,70,,1130402,5,,,1,30,,1130414,5,,,1,70,,1130412,5,,,1,31,,1130409,5,,,1,70,,1130406,5,,,1,30,,1130413,5,,,1,70,,1130421,5,,,1,30,,1130415,5,,,1,70,,1130405,5,,,1,30,,1130401,5,,,1,70,,1130398,5,,,1,30,,1130407,5,,,1,70,,1130399,5,,,1,30,,1130419,5,,,1,70,,1130400,5,,,1,30,,1130420,5,,,1,70,,1130411,5,,,1,30,,1130425,5,,,1,70,,1130395,5,,,1,30,,1130403,5,,,1,70,,1130417,5,,,1,30,,1130416,5,,,1
3400,'7',653,,1130447,5,,,1,100,,1130444,5,,,1,70,,1130442,5,,,1,30,,1130439,5,,,1,70,,1130450,5,,,1,30,,1130443,5,,,1,70,,1130440,5,,,1,30,,1130431,5,,,1,70,,1130448,5,,,1,30,,1130429,5,,,1,70,,1130438,5,,,1,30,,1130427,5,,,1,70,,1130436,5,,,1,30,,1130445,5,,,1,70,,1130434,5,,,1,30,,1130437,5,,,1,70,,1130446,5,,,1,30,,1130430,5,,,1,70,,1130449,5,,,1,30,,1130428,5,,,1,70,,1130432,5,,,1,30,,1130441,5,,,1,70,,1130433,5,,,1,30,,1130452,5,,,1,70,,1130435,5,,,1,35,,1130451,5,,,1
3400,'8',534,,1130487,8,,,1,75,,1130469,5,,,1,30,,1130454,5,,,1,70,,1130483,5,,,1,28,,1130455,5,,,1,11,,1130477,8,0,23 24,1,61,,1130467,5,,,1,30,,1130484,5,,,1,70,,1130482,5,,,1,30,,1130481,5,,,1,70,,1130456,5,,,1,30,,1130486,5,,,1,70,,1130461,5,,,1,30,,1130473,5,,,1,70,,1130471,5,,,1,31,,1130468,5,,,1,70,,1130465,5,,,1,30,,1130472,5,,,1,70,,1130480,5,,,1,30,,1130474,5,,,1,70,,1130464,5,,,1,30,,1130460,5,,,1,70,,1130457,5,,,1,30,,1130466,5,,,1,70,,1130458,5,,,1,30,,1130478,5,,,1,70,,1130459,5,,,1,30,,1130479,5,,,1,70,,1130470,5,,,1,30,,1130485,5,,,1,70,,1130453,5,,,1,30,,1130462,5,,,1,70,,1130476,5,,,1,30,,1130475,5,,,1
3400,'9',534,,1130502,8,,,1,75,,1130505,5,,,1,30,,1130506,5,,,1,70,,1130507,5,,,1,28,,1130500,5,,,1,11,,1130492,8,0,23 24,1,61,,1130489,5,,,1,30,,1130490,5,,,1,70,,1130515,5,,,1,30,,1130504,5,,,1,70,,1130503,5,,,1,30,,1130495,5,,,1,70,,1080174,5,,,1,30,,1130514,5,,,1,70,,1130494,5,,,1,31,,1130498,5,,,1,70,,1130499,5,,,1,30,,1130512,5,,,1,70,,1130501,5,,,1,30,,1130496,5,,,1,70,,1130510,5,,,1,30,,1130493,5,,,1,70,,1130511,5,,,1,30,,995293,5,,,1,70,,1130513,5,,,1,30,,1130488,5,,,1,70,,905262,5,,,1,30,,1130509,5,,,1,70,,1130497,5,,,1,30,,1103690,5,,,1,70,,1130491,5,,,1,30,,1130508,5,,,1,70,,905618,5,,,1,30,,983348,5,,,1
3401,'1',1450,,1130518,30,4,,1,75,,1098384,37,4,,1,689,,1014101,42,4,,1
3401,'10',1450,,1130547,30,4,,1,75,,1098238,37,4,,1,689,,1014181,42,4,,1
3401,'11',1450,,1130576,30,4,,1,75,,1098424,37,4,,1,689,,1014079,42,4,,1
3401,'12',1450,,1130603,30,4,,1,75,,1130621,37,4,,1,689,,1130610,42,4,,1
3401,'14',1450,,1130660,30,4,,1,75,,1130690,37,4,,1,689,,1130664,42,4,,1
3401,'15',1450,,1130697,30,4,,1,75,,1130726,37,4,,1,689,,1130717,42,4,,1
3401,'16',1450,,1130729,30,4,,1,75,,1130747,37,4,,1,689,,1130736,42,4,,1
3401,'5',1450,,1130847,30,4,,1,75,,1098366,37,4,,1,689,,1013945,42,4,,1
3401,'6',1450,,1130874,30,4,,1,75,,1130890,37,4,,1,689,,1130878,42,4,,1
3401,'8',1450,,1130930,30,4,,1,75,,1130950,37,4,,1,689,,1130938,42,4,,1
3401,'9',1450,,1130969,30,4,,1,75,,1098286,37,4,,1,689,,1014123,42,4,,1
61200,'1',718,,1198932,8,,,1
61200,'10',718,,1198933,8,,,1
61200,'11',718,,1198934,8,,,1
61200,'12',718,,1198935,8,,,1
61200,'14',718,,1198936,8,,,1
61200,'15',718,,1198937,8,,,1
61200,'16',718,,1198938,8,,,1
61200,'5',718,,1198939,8,,,1
61200,'6',718,,1056871,8,,,1
61200,'8',718,,1198940,8,,,1
61200,'9',718,,1198941,8,,,1
61201,'1',1451,,1198942,36,,,1
61201,'10',1451,,1198943,36,,,1
61201,'11',1451,,1198944,36,,,1
61201,'12',1451,,1053201,36,,,1
61201,'14',1451,,1198945,36,,,1
61201,'15',1451,,1198946,36,,,1
61201,'16',1451,,1198947,36,,,1
61201,'5',1451,,1198948,36,,,1
61201,'6',1451,,1198949,36,,,1
61201,'8',1451,,1198950,36,,,1
61201,'9',1451,,1198951,36,,,1
62200,'1',739,,1077035,8,0,83 84 85,1,84,,1199100,8,,,1
62200,'10',739,,1076811,8,0,83 84 85,1,84,,1199101,8,,,1
62200,'11',739,,1077101,8,0,83 84 85,1,84,,1199102,8,,,1
62200,'12',739,,1199104,8,0,83 84 85,1,84,,1199103,8,,,1
62200,'14',739,,1199106,8,0,83 84 85,1,84,,1199105,8,,,1
62200,'15',739,,1199108,8,0,83 84 85,1,84,,1199107,8,,,1
62200,'16',739,,1199110,8,0,83 84 85,1,84,,1199109,8,,,1
62200,'5',739,,1076991,8,0,83 84 85,1,84,,1199111,8,,,1
62200,'6',739,,1077124,8,0,83 84 85,1,84,,1092519,8,,,1
62200,'8',739,,1199113,8,0,83 84 85,1,84,,1199112,8,,,1
62200,'9',739,,1076886,8,0,83 84 85,1,84,,1199114,8,,,1
62201,'1',1540,,1199116,41,,,1,73,,1199115,46,,,1
62201,'10',1540,,1199118,41,,,1,73,,1199117,46,,,1
62201,'11',1540,,1199120,41,,,1,73,,1199119,46,,,1
62201,'12',1540,,1199122,41,,,1,73,,1199121,46,,,1
62201,'14',1540,,1199124,41,,,1,73,,1199123,46,,,1
62201,'15',1540,,1199125,41,,,1,73,,1199126,46,,,1
62201,'16',1540,,974997,41,,,1,73,,1199127,46,,,1
62201,'5',1540,,1199129,41,,,1,73,,1199128,46,,,1
62201,'6',1540,,1199131,41,,,1,73,,1199130,46,,,1
62201,'8',1540,,1199133,41,,,1,73,,1199132,46,,,1
62201,'9',1540,,1199135,41,,,1,73,,1199134,46,,,1
63400,'1',732,,1199352,36,,,1
63400,'10',732,,1199353,36,,,1
63400,'11',732,,1199354,36,,,1
63400,'12',732,,1199355,36,,,1
63400,'14',732,,1199356,36,,,1
63400,'15',732,,1199357,36,,,1
63400,'16',732,,1199358,36,,,1
63400,'5',732,,1199359,36,,,1
63400,'6',732,,1070683,36,,,1
63400,'8',732,,1199360,36,,,1
63400,'9',732,,1199361,36,,,1
64100,'1',756,,1199422,9,,,1
64100,'10',756,,1199423,9,,,1
64100,'11',756,,1199424,9,,,1
64100,'12',756,,1069548,9,,,1
64100,'14',756,,1199425,9,,,1
64100,'15',756,,1199426,9,,,1
64100,'16',756,,1199427,9,,,1
64100,'5',756,,1199428,9,,,1
64100,'6',756,,1199429,9,,,1
64100,'8',756,,1199430,9,,,1
64100,'9',756,,1199431,9,,,1
64101,'1',1530,,1199432,29,,,1
64101,'10',1530,,1199433,29,,,1
64101,'11',1530,,1199434,29,,,1
64101,'12',1530,,1199435,29,,,1
64101,'14',1530,,1199436,29,,,1
64101,'15',1530,,1199437,29,,,1
64101,'16',1530,,1199438,29,,,1
64101,'5',1530,,1199439,29,,,1
64101,'6',1530,,1199440,29,,,1
64101,'8',1530,,1199441,29,,,1
64101,'9',1530,,1199442,29,,,1
