11600,'1',702,,1003808,18,,,1,100,,1188253,18,,,1,100,,1188260,18,,,1,99,,1188259,18,,,1,57,,1188263,18,,,1,100,,1188257,18,,,1,100,,1188252,18,,,1,70,,1011993,18,,,1,86,,1188258,18,,,1,30,,1188255,18,,,1,107,,1188254,18,,,1,70,,1074528,18,,,1,32,,1188262,18,,,1,70,,1083594,18,,,1,80,,1188264,18,,,1,56,,1188265,18,,,1,100,,1188251,18,,,1,97,,1094602,18,,,1,100,,1188256,18,,,1,96,,1188261,18,,,1
11600,'10',702,,1003965,18,,,1,100,,1188268,18,,,1,100,,1188275,18,,,1,99,,1188274,18,,,1,57,,1188278,18,,,1,100,,1188272,18,,,1,100,,1188267,18,,,1,70,,1012080,18,,,1,86,,1188273,18,,,1,30,,1188270,18,,,1,107,,1188269,18,,,1,70,,1074381,18,,,1,32,,1188277,18,,,1,70,,1083355,18,,,1,80,,1188279,18,,,1,56,,1188280,18,,,1,100,,1188266,18,,,1,97,,1094432,18,,,1,100,,1188271,18,,,1,96,,1188276,18,,,1
11600,'11',702,,1003760,18,,,1,100,,1188283,18,,,1,100,,1188290,18,,,1,99,,1188289,18,,,1,57,,1188293,18,,,1,100,,1188287,18,,,1,100,,1188282,18,,,1,70,,1011967,18,,,1,86,,1188288,18,,,1,30,,1188285,18,,,1,107,,1188284,18,,,1,70,,1074571,18,,,1,32,,1188292,18,,,1,70,,1083664,18,,,1,80,,1188294,18,,,1,56,,1188295,18,,,1,100,,1188281,18,,,1,97,,1094644,18,,,1,100,,1188286,18,,,1,96,,1188291,18,,,1
11600,'12',702,,1188301,18,,,1,100,,1063996,18,,,1,100,,1188309,18,,,1,99,,1188297,18,,,1,57,,1188303,18,,,1,100,,1188298,18,,,1,100,,1188300,18,,,1,70,,1188302,18,,,1,86,,1188310,18,,,1,30,,1188307,18,,,1,107,,1188304,18,,,1,70,,1188314,18,,,1,32,,1188299,18,,,1,70,,1188306,18,,,1,80,,1188313,18,,,1,56,,1188311,18,,,1,100,,1188296,18,,,1,97,,1188305,18,,,1,100,,1188308,18,,,1,96,,1188312,18,,,1
11600,'13',857,,1188323,18,,,1,100,,1188318,18,,,1,101,,1188328,18,,,1,100,,1188320,18,,,1,101,,1188315,18,,,1,70,,1188331,18,,,1,30,,1188317,18,,,1,70,,1188322,18,,,1,30,,1188329,18,,,1,70,,1081247,18,,,1,30,,1188319,18,,,1,70,,1072770,18,,,1,30,,1188326,18,,,1,70,,1188327,18,,,1,30,,1188325,18,,,1,69,,1188330,18,,,1,100,,1092738,18,,,1,99,,1188321,18,,,1,100,,1188324,18,,,1,100,,1188316,18,,,1
11600,'14',702,,1188343,18,,,1,100,,1188337,18,,,1,100,,1188345,18,,,1,99,,1188344,18,,,1,57,,1188348,18,,,1,100,,1188341,18,,,1,100,,1188335,18,,,1,70,,1188350,18,,,1,86,,1188342,18,,,1,30,,1188339,18,,,1,107,,1188338,18,,,1,70,,1188336,18,,,1,32,,1188347,18,,,1,70,,1188333,18,,,1,80,,1188349,18,,,1,56,,1188351,18,,,1,100,,1188332,18,,,1,97,,1188334,18,,,1,100,,1188340,18,,,1,96,,1188346,18,,,1
11600,'15',702,,1188359,18,,,1,100,,1188352,18,,,1,100,,1188354,18,,,1,99,,1188356,18,,,1,57,,1188365,18,,,1,100,,1188371,18,,,1,100,,1188361,18,,,1,70,,1188368,18,,,1,86,,1188367,18,,,1,30,,1188364,18,,,1,107,,1188357,18,,,1,70,,1188360,18,,,1,32,,1188358,18,,,1,70,,1188363,18,,,1,80,,1188362,18,,,1,56,,1188355,18,,,1,100,,1188353,18,,,1,97,,1188370,18,,,1,100,,1188366,18,,,1,96,,1188369,18,,,1
11600,'16',702,,1188377,18,,,1,100,,1188373,18,,,1,100,,1188385,18,,,1,99,,1073644,18,,,1,57,,1188379,18,,,1,100,,1188374,18,,,1,100,,1188376,18,,,1,70,,1188378,18,,,1,86,,1188386,18,,,1,30,,1188383,18,,,1,107,,1188380,18,,,1,70,,1188390,18,,,1,32,,1188375,18,,,1,70,,1188382,18,,,1,80,,1188389,18,,,1,56,,1188387,18,,,1,100,,1188372,18,,,1,97,,1188381,18,,,1,100,,1188384,18,,,1,96,,1188388,18,,,1
11600,'17',857,,1188401,18,,,1,100,,1188396,18,,,1,101,,1188406,18,,,1,100,,1188398,18,,,1,101,,1188391,18,,,1,70,,1188409,18,,,1,30,,1188395,18,,,1,70,,1188400,18,,,1,30,,1188407,18,,,1,70,,1188393,18,,,1,30,,1188397,18,,,1,70,,1188394,18,,,1,30,,1188404,18,,,1,70,,1188405,18,,,1,30,,1188403,18,,,1,69,,1188408,18,,,1,100,,1188410,18,,,1,99,,1188399,18,,,1,100,,1188402,18,,,1,100,,1188392,18,,,1
11600,'2',715,,1188418,18,,,1,102,,1188417,18,,,1,100,,1188416,18,,,1,101,,1188421,18,,,1,100,,1188429,18,,,1,30,,1188413,18,,,1,71,,1188422,18,,,1,30,,1188423,18,,,1,70,,1188424,18,,,1,30,,978250,18,,,1,70,,1188412,18,,,1,30,,1075757,18,,,1,70,,1188419,18,,,1,30,,1188420,18,,,1,70,,1188411,18,,,1,30,,1188425,18,,,1,70,,1093616,18,,,1,30,,1093153,18,,,1,69,,1188415,18,,,1,30,,1188414,18,,,1,100,,1188427,18,,,1,99,,1188428,18,,,1,100,,1188426,18,,,1,100,,1076825,18,,,1
11600,'3',857,,1188440,18,,,1,100,,1188435,18,,,1,101,,1188445,18,,,1,100,,1188437,18,,,1,101,,1188430,18,,,1,70,,1188448,18,,,1,30,,1188434,18,,,1,70,,1188439,18,,,1,30,,1188446,18,,,1,70,,1188432,18,,,1,30,,1188436,18,,,1,70,,1188433,18,,,1,30,,1188443,18,,,1,70,,1188444,18,,,1,30,,1188442,18,,,1,69,,1188447,18,,,1,100,,1188449,18,,,1,99,,1188438,18,,,1,100,,1188441,18,,,1,100,,1188431,18,,,1
11600,'4',857,,1188468,18,,,1,100,,1188460,18,,,1,101,,1188462,18,,,1,100,,1188465,18,,,1,101,,1188457,18,,,1,70,,1188452,18,,,1,30,,1078216,18,,,1,70,,1188466,18,,,1,30,,1188456,18,,,1,70,,1188455,18,,,1,30,,1188451,18,,,1,70,,1188461,18,,,1,30,,1188467,18,,,1,70,,1188458,18,,,1,30,,1188453,18,,,1,69,,1188463,18,,,1,100,,1188459,18,,,1,99,,1188464,18,,,1,100,,1188454,18,,,1,100,,1188450,18,,,1
11600,'5',702,,1003539,18,,,1,100,,1188471,18,,,1,100,,1188478,18,,,1,99,,1188477,18,,,1,57,,1188481,18,,,1,100,,1188475,18,,,1,100,,1188470,18,,,1,70,,1011854,18,,,1,86,,1188476,18,,,1,30,,1188473,18,,,1,107,,1188472,18,,,1,70,,1074506,18,,,1,32,,1188480,18,,,1,70,,1083555,18,,,1,80,,1188482,18,,,1,56,,1188483,18,,,1,100,,1188469,18,,,1,97,,1094579,18,,,1,100,,1188474,18,,,1,96,,1188479,18,,,1
11600,'6',702,,1010735,18,,,1,100,,1188484,18,,,1,100,,1188494,18,,,1,99,,1188485,18,,,1,57,,1188488,18,,,1,100,,1033620,18,,,1,100,,1188486,18,,,1,70,,1188487,18,,,1,86,,1188495,18,,,1,30,,1188492,18,,,1,107,,1188489,18,,,1,70,,1188499,18,,,1,32,,1101920,18,,,1,70,,1188491,18,,,1,80,,1188498,18,,,1,56,,1188496,18,,,1,100,,1078388,18,,,1,97,,1188490,18,,,1,100,,1188493,18,,,1,96,,1188497,18,,,1
11600,'7',715,,1188502,18,,,1,102,,1188503,18,,,1,100,,1188517,18,,,1,101,,1188500,18,,,1,100,,1188511,18,,,1,30,,1188514,18,,,1,71,,1188501,18,,,1,30,,1188508,18,,,1,70,,1188523,18,,,1,30,,1188516,18,,,1,70,,1188513,18,,,1,30,,1188504,18,,,1,70,,1188519,18,,,1,30,,1188506,18,,,1,70,,1188509,18,,,1,30,,1188522,18,,,1,70,,1188510,18,,,1,30,,1188512,18,,,1,69,,1188515,18,,,1,30,,1188505,18,,,1,100,,1188521,18,,,1,99,,1188520,18,,,1,100,,1188507,18,,,1,100,,1188518,18,,,1
11600,'8',702,,1188530,18,,,1,100,,1188525,18,,,1,100,,1188538,18,,,1,99,,1188526,18,,,1,57,,1188532,18,,,1,100,,1188527,18,,,1,100,,1188529,18,,,1,70,,1188531,18,,,1,86,,1188539,18,,,1,30,,1188536,18,,,1,107,,1188533,18,,,1,70,,1188543,18,,,1,32,,1188528,18,,,1,70,,1188535,18,,,1,80,,1188542,18,,,1,56,,1188540,18,,,1,100,,1188524,18,,,1,97,,1188534,18,,,1,100,,1188537,18,,,1,96,,1188541,18,,,1
11600,'9',702,,1003856,18,,,1,100,,1188546,18,,,1,100,,1188553,18,,,1,99,,1188552,18,,,1,57,,1188556,18,,,1,100,,1188550,18,,,1,100,,1188545,18,,,1,70,,1012019,18,,,1,86,,1188551,18,,,1,30,,1188548,18,,,1,107,,1188547,18,,,1,70,,1074425,18,,,1,32,,1188555,18,,,1,70,,1083426,18,,,1,80,,1188557,18,,,1,56,,1188558,18,,,1,100,,1188544,18,,,1,97,,1094482,18,,,1,100,,1188549,18,,,1,96,,1188554,18,,,1
11701,'1',1612,,1188914,37,,,1,30,,1093378,37,,,1,70,,1188912,37,,,1,28,,1188913,37,,,1,66,,1062138,37,,,1
11701,'10',1612,,1188917,37,,,1,30,,1093062,37,,,1,70,,1188915,37,,,1,28,,1188916,37,,,1,66,,1061905,37,,,1
11701,'11',1612,,1188920,37,,,1,30,,1093469,37,,,1,70,,1188918,37,,,1,28,,1188919,37,,,1,66,,1062213,37,,,1
11701,'12',1612,,1188921,37,,,1,30,,1188924,37,,,1,70,,1188922,37,,,1,28,,1188925,37,,,1,66,,1188923,37,,,1
11701,'14',1612,,1188930,37,,,1,30,,1188926,37,,,1,70,,1188927,37,,,1,28,,1188929,37,,,1,66,,1188928,37,,,1
11701,'15',1612,,1188934,37,,,1,30,,1188931,37,,,1,70,,1188933,37,,,1,28,,1188935,37,,,1,66,,1188932,37,,,1
11701,'16',1612,,1188936,37,,,1,30,,1188939,37,,,1,70,,1188937,37,,,1,28,,1188940,37,,,1,66,,1188938,37,,,1
11701,'5',1612,,1188943,37,,,1,30,,1093323,37,,,1,70,,1188941,37,,,1,28,,1188942,37,,,1,66,,1062090,37,,,1
11701,'6',1612,,1188944,37,,,1,30,,1188947,37,,,1,70,,1188945,37,,,1,28,,1068952,37,,,1,66,,1188946,37,,,1
11701,'8',1612,,1188948,37,,,1,30,,1188951,37,,,1,70,,1188949,37,,,1,28,,1188952,37,,,1,66,,1188950,37,,,1
11701,'9',1612,,1188955,37,,,1,30,,1093167,37,,,1,70,,1188953,37,,,1,28,,1188954,37,,,1,66,,1061979,37,,,1
19700,'1',555,,1195926,16,,,1,67,,1195922,16,,,1,33,,1070323,16,,,1,100,,1195929,16,,,1,70,,1195927,16,,,1,30,,1195933,16,,,1,76,,1083608,16,,,1,100,,1195936,16,,,1,100,,1195928,16,,,1,104,,1195932,16,,,1,100,,1195921,16,,,1,100,,1195934,16,,,1,100,,1195940,16,,,1,70,,1195938,16,,,1,30,,1195930,16,,,1,70,,1195937,16,,,1,30,,1195923,16,,,1,70,,1195935,16,,,1,29,,1195925,16,,,1,95,,1195931,16,,,1,100,,1195924,16,,,1,100,,1195939,16,,,1
19700,'10',555,,1195946,16,,,1,67,,1195942,16,,,1,33,,1070174,16,,,1,100,,1195949,16,,,1,70,,1195947,16,,,1,30,,1195953,16,,,1,76,,1083369,16,,,1,100,,1195956,16,,,1,100,,1195948,16,,,1,104,,1195952,16,,,1,100,,1195941,16,,,1,100,,1195954,16,,,1,100,,1195960,16,,,1,70,,1195958,16,,,1,30,,1195950,16,,,1,70,,1195957,16,,,1,30,,1195943,16,,,1,70,,1195955,16,,,1,29,,1195945,16,,,1,95,,1195951,16,,,1,100,,1195944,16,,,1,100,,1195959,16,,,1
19700,'11',555,,1195966,16,,,1,67,,1195962,16,,,1,33,,1070366,16,,,1,100,,1195969,16,,,1,70,,1195967,16,,,1,30,,1195973,16,,,1,76,,1083678,16,,,1,100,,1195976,16,,,1,100,,1195968,16,,,1,104,,1195972,16,,,1,100,,1195961,16,,,1,100,,1195974,16,,,1,100,,1195980,16,,,1,70,,1195978,16,,,1,30,,1195970,16,,,1,70,,1195977,16,,,1,30,,1195963,16,,,1,70,,1195975,16,,,1,29,,1195965,16,,,1,95,,1195971,16,,,1,100,,1195964,16,,,1,100,,1195979,16,,,1
19700,'12',555,,948872,16,,,1,67,,1195995,16,,,1,33,,1195996,16,,,1,100,,1195989,16,,,1,70,,1195988,16,,,1,30,,1195994,16,,,1,76,,1195991,16,,,1,100,,1195986,16,,,1,100,,1195982,16,,,1,104,,1195992,16,,,1,100,,1195997,16,,,1,100,,1195984,16,,,1,100,,1195981,16,,,1,70,,1195987,16,,,1,30,,1195983,16,,,1,70,,1195985,16,,,1,30,,1195990,16,,,1,70,,1195998,16,,,1,29,,1195993,16,,,1,95,,1098991,16,,,1,100,,1079791,16,,,1,100,,1043782,16,,,1
19700,'13',916,,1196003,16,,,1,100,,1195999,16,,,1,100,,1196007,16,,,1,100,,1196004,16,,,1,100,,1082139,16,,,1,100,,1196008,16,,,1,100,,1196005,16,,,1,100,,1196000,16,,,1,100,,1196001,16,,,1,100,,1196006,16,,,1,100,,1196002,16,,,1
19700,'14',555,,1196014,16,,,1,67,,1196010,16,,,1,33,,1196028,16,,,1,100,,1196017,16,,,1,70,,1196015,16,,,1,30,,1196022,16,,,1,76,,1196020,16,,,1,100,,1196025,16,,,1,100,,1196016,16,,,1,104,,1196021,16,,,1,100,,1196009,16,,,1,100,,1196023,16,,,1,100,,1196030,16,,,1,70,,1196027,16,,,1,30,,1196018,16,,,1,70,,1196026,16,,,1,30,,1196011,16,,,1,70,,1196024,16,,,1,29,,1196013,16,,,1,95,,1196019,16,,,1,100,,1196012,16,,,1,100,,1196029,16,,,1
19700,'15',555,,1196035,16,,,1,67,,1196042,16,,,1,33,,1196046,16,,,1,100,,1196033,16,,,1,70,,1196037,16,,,1,30,,1196048,16,,,1,76,,1196039,16,,,1,100,,1196032,16,,,1,100,,1196031,16,,,1,104,,1196050,16,,,1,100,,1196034,16,,,1,100,,1196052,16,,,1,100,,1196036,16,,,1,70,,1196049,16,,,1,30,,1196044,16,,,1,70,,1196040,16,,,1,30,,1196038,16,,,1,70,,1196047,16,,,1,29,,1196043,16,,,1,95,,1196051,16,,,1,100,,1196041,16,,,1,100,,1196045,16,,,1
19700,'16',555,,1196074,16,,,1,67,,1196070,16,,,1,33,,1196071,16,,,1,100,,1196064,16,,,1,70,,1196063,16,,,1,30,,1196069,16,,,1,76,,1196066,16,,,1,100,,1196061,16,,,1,100,,1196057,16,,,1,104,,1196067,16,,,1,100,,1196072,16,,,1,100,,1196059,16,,,1,100,,1196056,16,,,1,70,,1196062,16,,,1,30,,1196058,16,,,1,70,,1196060,16,,,1,30,,1196065,16,,,1,70,,1196073,16,,,1,29,,1196068,16,,,1,95,,1196053,16,,,1,100,,1196054,16,,,1,100,,1196055,16,,,1
19700,'17',916,,1196080,16,,,1,100,,1196075,16,,,1,100,,1196084,16,,,1,100,,1196081,16,,,1,100,,1196076,16,,,1,100,,1196085,16,,,1,100,,1196082,16,,,1,100,,1196077,16,,,1,100,,1196078,16,,,1,100,,1196083,16,,,1,100,,1196079,16,,,1
19700,'2',934,,1196095,16,,,1,100,,1196090,16,,,1,100,,1196096,16,,,1,100,,1196092,16,,,1,100,,1196087,16,,,1,100,,1196086,16,,,1,100,,1196094,16,,,1,100,,1196091,16,,,1,100,,1196093,16,,,1,100,,1196088,16,,,1,100,,1196089,16,,,1
19700,'3',916,,1196102,16,,,1,100,,1196097,16,,,1,100,,1196106,16,,,1,100,,1196103,16,,,1,100,,1196098,16,,,1,100,,1196107,16,,,1,100,,1196104,16,,,1,100,,1196099,16,,,1,100,,1196100,16,,,1,100,,1196105,16,,,1,100,,1196101,16,,,1
19700,'4',916,,1196115,16,,,1,100,,1196111,16,,,1,100,,1196108,16,,,1,100,,1196117,16,,,1,100,,1196116,16,,,1,100,,1037573,16,,,1,100,,1196110,16,,,1,100,,1196114,16,,,1,100,,1196109,16,,,1,100,,1196112,16,,,1,100,,1196113,16,,,1
19700,'5',555,,1196123,16,,,1,67,,1196119,16,,,1,33,,1070299,16,,,1,100,,1196126,16,,,1,70,,1196124,16,,,1,30,,1196130,16,,,1,76,,1083569,16,,,1,100,,1196133,16,,,1,100,,1196125,16,,,1,104,,1196129,16,,,1,100,,1196118,16,,,1,100,,1196131,16,,,1,100,,1196137,16,,,1,70,,1196135,16,,,1,30,,1196127,16,,,1,70,,1196134,16,,,1,30,,1196120,16,,,1,70,,1196132,16,,,1,29,,1196122,16,,,1,95,,1196128,16,,,1,100,,1196121,16,,,1,100,,1196136,16,,,1
19700,'6',555,,1196158,16,,,1,67,,1196155,16,,,1,33,,1196156,16,,,1,100,,1196149,16,,,1,70,,1196148,16,,,1,30,,1196154,16,,,1,76,,1196151,16,,,1,100,,1196146,16,,,1,100,,1196142,16,,,1,104,,1196152,16,,,1,100,,1089851,16,,,1,100,,1196144,16,,,1,100,,1196141,16,,,1,70,,1196147,16,,,1,30,,1196143,16,,,1,70,,1196145,16,,,1,30,,1196150,16,,,1,70,,1196157,16,,,1,29,,1196153,16,,,1,95,,1196138,16,,,1,100,,1196139,16,,,1,100,,1196140,16,,,1
19700,'7',934,,1196168,16,,,1,100,,1196167,16,,,1,100,,1196162,16,,,1,100,,1196160,16,,,1,100,,1196169,16,,,1,100,,1196164,16,,,1,100,,1196166,16,,,1,100,,1196161,16,,,1,100,,1196165,16,,,1,100,,1196163,16,,,1,100,,1196159,16,,,1
19700,'8',555,,1196191,16,,,1,67,,1196187,16,,,1,33,,1196188,16,,,1,100,,1196181,16,,,1,70,,1196180,16,,,1,30,,1196186,16,,,1,76,,1196183,16,,,1,100,,1196178,16,,,1,100,,1196174,16,,,1,104,,1196184,16,,,1,100,,1196189,16,,,1,100,,1196176,16,,,1,100,,1196173,16,,,1,70,,1196179,16,,,1,30,,1196175,16,,,1,70,,1196177,16,,,1,30,,1196182,16,,,1,70,,1196190,16,,,1,29,,1196185,16,,,1,95,,1196170,16,,,1,100,,1196171,16,,,1,100,,1196172,16,,,1
19700,'9',555,,1196197,16,,,1,67,,1196193,16,,,1,33,,1070224,16,,,1,100,,1196200,16,,,1,70,,1196198,16,,,1,30,,1196204,16,,,1,76,,1083440,16,,,1,100,,1196207,16,,,1,100,,1196199,16,,,1,104,,1196203,16,,,1,100,,1196192,16,,,1,100,,1196205,16,,,1,100,,1196211,16,,,1,70,,1196209,16,,,1,30,,1196201,16,,,1,70,,1196208,16,,,1,30,,1196194,16,,,1,70,,1196206,16,,,1,29,,1196196,16,,,1,95,,1196202,16,,,1,100,,1196195,16,,,1,100,,1196210,16,,,1
19801,'1',707,,1196260,26,,,1,106,,1079155,26,,,1,789,,1196262,26,,,1,29,,1196261,26,,,1,102,,1196263,26,,,1,116,,1007571,26,,,1
19801,'10',707,,1196264,26,,,1,106,,1078901,26,,,1,789,,1196266,26,,,1,29,,1196265,26,,,1,102,,1196267,26,,,1,116,,1007677,26,,,1
19801,'11',707,,1196268,26,,,1,106,,1079235,26,,,1,789,,1196270,26,,,1,29,,1196269,26,,,1,102,,1196271,26,,,1,116,,1007542,26,,,1
19801,'12',707,,1196275,26,,,1,106,,1196277,26,,,1,789,,1196272,26,,,1,29,,1196273,26,,,1,102,,1196274,26,,,1,116,,1196276,26,,,1
19801,'14',707,,1196278,26,,,1,106,,1196282,26,,,1,789,,1196280,26,,,1,29,,1196279,26,,,1,102,,1196281,26,,,1,116,,1196283,26,,,1
19801,'15',707,,1196289,26,,,1,106,,1196288,26,,,1,789,,1196287,26,,,1,29,,1196285,26,,,1,102,,1196284,26,,,1,116,,1196286,26,,,1
19801,'16',707,,1196293,26,,,1,106,,1196295,26,,,1,789,,1196290,26,,,1,29,,1196291,26,,,1,102,,1196292,26,,,1,116,,1196294,26,,,1
19801,'5',707,,1196296,26,,,1,106,,1079110,26,,,1,789,,1196298,26,,,1,29,,1196297,26,,,1,102,,1196299,26,,,1,116,,1007391,26,,,1
19801,'6',707,,1196302,26,,,1,106,,1196304,26,,,1,789,,1040756,26,,,1,29,,1196300,26,,,1,102,,1196301,26,,,1,116,,1196303,26,,,1
19801,'8',707,,1196308,26,,,1,106,,1196310,26,,,1,789,,1196305,26,,,1,29,,1196306,26,,,1,102,,1196307,26,,,1,116,,1196309,26,,,1
19801,'9',707,,1196311,26,,,1,106,,1078977,26,,,1,789,,1196313,26,,,1,29,,1196312,26,,,1,102,,1196314,26,,,1,116,,1007600,26,,,1
61701,'1',1549,,1199016,32,,,1
61701,'10',1549,,1199017,32,,,1
61701,'11',1549,,1199018,32,,,1
61701,'12',1549,,1101880,32,,,1
61701,'14',1549,,1199019,32,,,1
61701,'15',1549,,1199020,32,,,1
61701,'16',1549,,1199021,32,,,1
61701,'5',1549,,1199022,32,,,1
61701,'6',1549,,1199023,32,,,1
61701,'8',1549,,1199024,32,,,1
61701,'9',1549,,1199025,32,,,1
