3500,'1',548,,1131004,16,0,29,1,96,,1039385,16,0,29,1,70,,1130997,16,0,29,1,18,,1131023,16,0,23 30,1,12,,1131018,16,0,29,1,70,,1131000,16,0,29,1,2,,1131003,13,,,1,29,,1131001,16,0,29,1,69,,1131010,16,0,137 26,1,32,,1131015,16,0,137 26,1,68,,1131013,16,0,137 26,1,30,,1130996,16,0,137 26,1,70,,1131008,16,0,137 26,1,30,,1131009,16,0,137 26,1,70,,1131012,16,0,137 26,1,30,,1054581,16,0,137 26,1,70,,1101416,16,0,137 26,1,29,,1131005,16,0,137 26,1,70,,1131022,16,0,137 26,1,20,,1131016,8,0,137 26,1,11,,1077303,16,0,29,1,71,,1131002,16,0,29,1,32,,1131020,16,0,29,1,70,,849653,16,0,29,1,30,,1131006,16,0,29,1,70,,1130998,16,0,29,1,30,,1131021,16,0,29,1,70,,1069112,16,0,137 26,1,26,,1131014,16,0,137 26,1,70,,1131011,16,0,137 26,1,30,,1090865,16,0,137 26,1,70,,1131019,16,0,137 26,1,30,,1130999,16,0,137 26,1,70,,1131007,16,0,137 26,1,30,,1131017,16,0,137 26,1,101,,1070583,16,0,137 26,1
3500,'10',548,,1131032,16,0,29,1,96,,1039469,16,0,29,1,70,,1131025,16,0,29,1,18,,1131051,16,0,23 30,1,12,,1131046,16,0,29,1,70,,1131028,16,0,29,1,2,,1131031,13,,,1,29,,1131029,16,0,29,1,69,,1131038,16,0,137 26,1,32,,1131043,16,0,137 26,1,68,,1131041,16,0,137 26,1,30,,1131024,16,0,137 26,1,70,,1131036,16,0,137 26,1,30,,1131037,16,0,137 26,1,70,,1131040,16,0,137 26,1,30,,1054633,16,0,137 26,1,70,,1101262,16,0,137 26,1,29,,1131033,16,0,137 26,1,70,,1131050,16,0,137 26,1,20,,1131044,8,0,137 26,1,11,,1077165,16,0,29,1,71,,1131030,16,0,29,1,32,,1131048,16,0,29,1,70,,849688,16,0,29,1,30,,1131034,16,0,29,1,70,,1131026,16,0,29,1,30,,1131049,16,0,29,1,70,,1068967,16,0,137 26,1,26,,1131042,16,0,137 26,1,70,,1131039,16,0,137 26,1,30,,1090624,16,0,137 26,1,70,,1131047,16,0,137 26,1,30,,1131027,16,0,137 26,1,70,,1131035,16,0,137 26,1,30,,1131045,16,0,137 26,1,101,,1070397,16,0,137 26,1
3500,'11',548,,1131060,16,0,29,1,96,,1039361,16,0,29,1,70,,1131053,16,0,29,1,18,,1131079,16,0,23 30,1,12,,1131074,16,0,29,1,70,,1131056,16,0,29,1,2,,1131059,13,,,1,29,,1131057,16,0,29,1,69,,1131066,16,0,137 26,1,32,,1131071,16,0,137 26,1,68,,1131069,16,0,137 26,1,30,,1131052,16,0,137 26,1,70,,1131064,16,0,137 26,1,30,,1131065,16,0,137 26,1,70,,1131068,16,0,137 26,1,30,,1054566,16,0,137 26,1,70,,1101457,16,0,137 26,1,29,,1131061,16,0,137 26,1,70,,1131078,16,0,137 26,1,20,,1131072,8,0,137 26,1,11,,1077343,16,0,29,1,71,,1131058,16,0,29,1,32,,1131076,16,0,29,1,70,,849618,16,0,29,1,30,,1131062,16,0,29,1,70,,1131054,16,0,29,1,30,,1131077,16,0,29,1,70,,1069154,16,0,137 26,1,26,,1131070,16,0,137 26,1,70,,1131067,16,0,137 26,1,30,,1090936,16,0,137 26,1,70,,1131075,16,0,137 26,1,30,,1131055,16,0,137 26,1,70,,1131063,16,0,137 26,1,30,,1131073,16,0,137 26,1,101,,1070637,16,0,137 26,1
3500,'12',548,,1131102,16,0,29,1,96,,1131085,16,0,29,1,70,,1131111,16,0,29,1,18,,1131080,16,0,23 30,1,12,,1131094,16,0,29,1,70,,1131091,16,0,29,1,2,,1131107,13,,,1,29,,1131092,16,0,29,1,69,,1131089,16,0,137 26,1,32,,1131110,16,0,137 26,1,68,,1131097,16,0,137 26,1,30,,1043775,16,0,137 26,1,70,,1131088,16,0,137 26,1,30,,1131090,16,0,137 26,1,70,,1131087,16,0,137 26,1,30,,1131105,16,0,137 26,1,70,,1131083,16,0,137 26,1,29,,1131113,16,0,137 26,1,70,,1131098,16,0,137 26,1,20,,1131081,8,0,137 26,1,11,,1131103,16,0,29,1,71,,1131093,16,0,29,1,32,,1131099,16,0,29,1,70,,1131101,16,0,29,1,30,,1131096,16,0,29,1,70,,1009289,16,0,29,1,30,,1131084,16,0,29,1,70,,1131086,16,0,137 26,1,26,,1131100,16,0,137 26,1,70,,1131082,16,0,137 26,1,30,,1131109,16,0,137 26,1,70,,1131112,16,0,137 26,1,30,,1131106,16,0,137 26,1,70,,1131104,16,0,137 26,1,30,,1131095,16,0,137 26,1,101,,1131108,16,0,137 26,1
3500,'13',935,,1096669,16,0,29,1,70,,1131133,16,0,29,1,30,,1131119,16,0,29,1,70,,1131114,16,0,29,1,30,,1131125,16,0,29,1,70,,1131129,16,0,29,1,30,,1131120,16,0,29,1,70,,1131126,16,0,29,1,30,,1131134,16,0,29,1,70,,1131116,16,0,29,1,30,,1131130,16,0,29,1,70,,1131124,16,0,29,1,30,,1052837,16,0,29,1,70,,1131123,16,0,29,1,30,,1131128,16,0,29,1,70,,1096660,16,0,29,1,30,,1131118,16,0,29,1,70,,1131131,16,0,29,1,30,,1131127,16,0,29,1,100,,1131132,16,0,29,1,100,,1131122,16,0,29,1,100,,1131115,16,0,29,1,100,,1131121,16,0,29,1,100,,1131117,16,0,29,1
3500,'14',548,,1131145,16,0,29,1,96,,1131163,16,0,29,1,70,,1131137,16,0,29,1,18,,1131170,16,0,23 30,1,12,,1131160,16,0,29,1,70,,1131141,16,0,29,1,2,,1131144,13,,,1,29,,1131142,16,0,29,1,69,,1131151,16,0,137 26,1,32,,1131157,16,0,137 26,1,68,,1131155,16,0,137 26,1,30,,1131136,16,0,137 26,1,70,,1131149,16,0,137 26,1,30,,1131150,16,0,137 26,1,70,,1131153,16,0,137 26,1,30,,1131162,16,0,137 26,1,70,,1131154,16,0,137 26,1,29,,1131146,16,0,137 26,1,70,,1131169,16,0,137 26,1,20,,1131158,8,0,137 26,1,11,,1131165,16,0,29,1,71,,1131143,16,0,29,1,32,,1131166,16,0,29,1,70,,1131164,16,0,29,1,30,,1131147,16,0,29,1,70,,1131138,16,0,29,1,30,,1131168,16,0,29,1,70,,1131167,16,0,137 26,1,26,,1131156,16,0,137 26,1,70,,1131152,16,0,137 26,1,30,,1131139,16,0,137 26,1,70,,1131161,16,0,137 26,1,30,,1131140,16,0,137 26,1,70,,1131148,16,0,137 26,1,30,,1131159,16,0,137 26,1,101,,1131135,16,0,137 26,1
3500,'15',548,,1131188,16,0,29,1,96,,1131192,16,0,29,1,70,,1131195,16,0,29,1,18,,1131205,16,0,23 30,1,12,,1131175,16,0,29,1,70,,1131189,16,0,29,1,2,,1131172,13,,,1,29,,1131206,16,0,29,1,69,,1131197,16,0,137 26,1,32,,1131173,16,0,137 26,1,68,,1131191,16,0,137 26,1,30,,1131181,16,0,137 26,1,70,,1131182,16,0,137 26,1,30,,1131183,16,0,137 26,1,70,,1131177,16,0,137 26,1,30,,1131186,16,0,137 26,1,70,,1131196,16,0,137 26,1,29,,1131179,16,0,137 26,1,70,,1131184,16,0,137 26,1,20,,1131198,8,0,137 26,1,11,,1131200,16,0,29,1,71,,1131187,16,0,29,1,32,,1131174,16,0,29,1,70,,1131176,16,0,29,1,30,,1131180,16,0,29,1,70,,1131185,16,0,29,1,30,,1131204,16,0,29,1,70,,1131178,16,0,137 26,1,26,,1131171,16,0,137 26,1,70,,1131193,16,0,137 26,1,30,,1131194,16,0,137 26,1,70,,1131203,16,0,137 26,1,30,,1131190,16,0,137 26,1,70,,1131199,16,0,137 26,1,30,,1131201,16,0,137 26,1,101,,1131202,16,0,137 26,1
3500,'16',548,,1069613,16,0,29,1,96,,1131210,16,0,29,1,70,,1131236,16,0,29,1,18,,981259,16,0,23 30,1,12,,1131220,16,0,29,1,70,,1131217,16,0,29,1,2,,1131232,13,,,1,29,,1131218,16,0,29,1,69,,1131215,16,0,137 26,1,32,,1131235,16,0,137 26,1,68,,1131223,16,0,137 26,1,30,,1131211,16,0,137 26,1,70,,1131214,16,0,137 26,1,30,,1131216,16,0,137 26,1,70,,1131213,16,0,137 26,1,30,,1131230,16,0,137 26,1,70,,1131209,16,0,137 26,1,29,,1131239,16,0,137 26,1,70,,1131224,16,0,137 26,1,20,,1131207,8,0,137 26,1,11,,1131228,16,0,29,1,71,,1131219,16,0,29,1,32,,1131225,16,0,29,1,70,,1131227,16,0,29,1,30,,1131222,16,0,29,1,70,,1131238,16,0,29,1,30,,1023861,16,0,29,1,70,,1131212,16,0,137 26,1,26,,1131226,16,0,137 26,1,70,,1131208,16,0,137 26,1,30,,1131234,16,0,137 26,1,70,,1131237,16,0,137 26,1,30,,1131231,16,0,137 26,1,70,,1131229,16,0,137 26,1,30,,1131221,16,0,137 26,1,101,,1131233,16,0,137 26,1
3500,'17',935,,1131263,16,0,29,1,70,,1131261,16,0,29,1,30,,1131245,16,0,29,1,70,,1131240,16,0,29,1,30,,1131252,16,0,29,1,70,,1131257,16,0,29,1,30,,1131246,16,0,29,1,70,,1131253,16,0,29,1,30,,1131262,16,0,29,1,70,,1131242,16,0,29,1,30,,1131258,16,0,29,1,70,,1131251,16,0,29,1,30,,1131248,16,0,29,1,70,,1131250,16,0,29,1,30,,1131255,16,0,29,1,70,,1131256,16,0,29,1,30,,1131244,16,0,29,1,70,,1131259,16,0,29,1,30,,1131254,16,0,29,1,100,,1131260,16,0,29,1,100,,1131249,16,0,29,1,100,,1131241,16,0,29,1,100,,1131247,16,0,29,1,100,,1131243,16,0,29,1
3500,'2',836,,1131288,16,0,29,1,70,,1131280,16,0,29,1,30,,1131264,16,0,29,1,70,,1131271,16,0,29,1,30,,1131289,16,0,29,1,70,,1131279,16,0,29,1,30,,1131268,16,0,29,1,70,,1131287,16,0,29,1,30,,1131284,16,0,29,1,70,,1131276,16,0,29,1,30,,1094468,16,0,29,1,70,,1131277,16,0,29,1,30,,1131281,16,0,29,1,70,,1131267,16,0,29,1,30,,1131285,16,0,29,1,70,,1131286,16,0,29,1,30,,1030602,16,0,29,1,70,,1131273,16,0,29,1,30,,1131283,16,0,29,1,70,,1131274,16,0,29,1,30,,1101853,16,0,29,1,70,,1131269,16,0,29,1,30,,1131272,16,0,29,1,70,,1131278,16,0,29,1,30,,1131275,16,0,29,1,70,,1073728,16,0,29,1,30,,1131270,16,0,29,1,70,,1131266,16,0,29,1,100,,1131265,16,0,29,1,103,,1131282,16,0,29,1
3500,'3',935,,1131313,16,0,29,1,70,,1131311,16,0,29,1,30,,1131295,16,0,29,1,70,,1131290,16,0,29,1,30,,1131302,16,0,29,1,70,,1131307,16,0,29,1,30,,1131296,16,0,29,1,70,,1131303,16,0,29,1,30,,1131312,16,0,29,1,70,,1131292,16,0,29,1,30,,1131308,16,0,29,1,70,,1131301,16,0,29,1,30,,1131298,16,0,29,1,70,,1131300,16,0,29,1,30,,1131305,16,0,29,1,70,,1131306,16,0,29,1,30,,1131294,16,0,29,1,70,,1131309,16,0,29,1,30,,1131304,16,0,29,1,100,,1131310,16,0,29,1,100,,1131299,16,0,29,1,100,,1131291,16,0,29,1,100,,1131297,16,0,29,1,100,,1131293,16,0,29,1
3500,'4',935,,1099274,16,0,29,1,70,,1074226,16,0,29,1,30,,1131321,16,0,29,1,70,,1131314,16,0,29,1,30,,1017163,16,0,29,1,70,,1131331,16,0,29,1,30,,1131315,16,0,29,1,70,,1131318,16,0,29,1,30,,1131322,16,0,29,1,70,,1131316,16,0,29,1,30,,1131328,16,0,29,1,70,,1131317,16,0,29,1,30,,1131333,16,0,29,1,70,,1131326,16,0,29,1,30,,1131319,16,0,29,1,70,,1131320,16,0,29,1,30,,1131324,16,0,29,1,70,,1095849,16,0,29,1,30,,1131327,16,0,29,1,100,,1131323,16,0,29,1,100,,1131330,16,0,29,1,100,,1131332,16,0,29,1,100,,1131329,16,0,29,1,100,,1131325,16,0,29,1
3500,'5',548,,1131342,16,0,29,1,96,,1039236,16,0,29,1,70,,1131335,16,0,29,1,18,,1131361,16,0,23 30,1,12,,1131356,16,0,29,1,70,,1131338,16,0,29,1,2,,1131341,13,,,1,29,,1131339,16,0,29,1,69,,1131348,16,0,137 26,1,32,,1131353,16,0,137 26,1,68,,1131351,16,0,137 26,1,30,,1131334,16,0,137 26,1,70,,1131346,16,0,137 26,1,30,,1131347,16,0,137 26,1,70,,1131350,16,0,137 26,1,30,,1054497,16,0,137 26,1,70,,1101395,16,0,137 26,1,29,,1131343,16,0,137 26,1,70,,1131360,16,0,137 26,1,20,,1131354,8,0,137 26,1,11,,1077278,16,0,29,1,71,,1131340,16,0,29,1,32,,1131358,16,0,29,1,70,,849758,16,0,29,1,30,,1131344,16,0,29,1,70,,1131336,16,0,29,1,30,,1131359,16,0,29,1,70,,1069092,16,0,137 26,1,26,,1131352,16,0,137 26,1,70,,1131349,16,0,137 26,1,30,,1090831,16,0,137 26,1,70,,1131357,16,0,137 26,1,30,,1131337,16,0,137 26,1,70,,1131345,16,0,137 26,1,30,,1131355,16,0,137 26,1,101,,1070547,16,0,137 26,1
3500,'6',548,,1131379,16,0,29,1,96,,1131364,16,0,29,1,70,,1082038,16,0,29,1,18,,1131362,16,0,23 30,1,12,,1131371,16,0,29,1,70,,1131370,16,0,29,1,2,,1131384,13,,,1,29,,1073490,16,0,29,1,69,,1131368,16,0,137 26,1,32,,1131387,16,0,137 26,1,68,,1131374,16,0,137 26,1,30,,1131365,16,0,137 26,1,70,,1003080,16,0,137 26,1,30,,1131369,16,0,137 26,1,70,,1131367,16,0,137 26,1,30,,1131382,16,0,137 26,1,70,,1042274,16,0,137 26,1,29,,1008898,16,0,137 26,1,70,,1131375,16,0,137 26,1,20,,1101467,8,0,137 26,1,11,,1131380,16,0,29,1,71,,1003594,16,0,29,1,32,,1131376,16,0,29,1,70,,1131378,16,0,29,1,30,,1131373,16,0,29,1,70,,1131388,16,0,29,1,30,,1131363,16,0,29,1,70,,1131366,16,0,137 26,1,26,,1131377,16,0,137 26,1,70,,1078822,16,0,137 26,1,30,,1131386,16,0,137 26,1,70,,1003092,16,0,137 26,1,30,,1131383,16,0,137 26,1,70,,1131381,16,0,137 26,1,30,,1131372,16,0,137 26,1,101,,1131385,16,0,137 26,1
3500,'7',836,,1131400,16,0,29,1,70,,1131405,16,0,29,1,30,,1131397,16,0,29,1,70,,1131412,16,0,29,1,30,,1131392,16,0,29,1,70,,1131406,16,0,29,1,30,,1131401,16,0,29,1,70,,1131411,16,0,29,1,30,,1131403,16,0,29,1,70,,1131410,16,0,29,1,30,,1131395,16,0,29,1,70,,1131407,16,0,29,1,30,,1131417,16,0,29,1,70,,1131393,16,0,29,1,30,,1131409,16,0,29,1,70,,1131399,16,0,29,1,30,,1131413,16,0,29,1,70,,1131408,16,0,29,1,30,,1131418,16,0,29,1,70,,1131414,16,0,29,1,30,,1131404,16,0,29,1,70,,1131415,16,0,29,1,30,,1131396,16,0,29,1,70,,1131416,16,0,29,1,30,,1131394,16,0,29,1,70,,1131389,16,0,29,1,30,,1131398,16,0,29,1,70,,1131391,16,0,29,1,100,,1131402,16,0,29,1,103,,1131390,16,0,29,1
3500,'8',548,,1131442,16,0,29,1,96,,1131424,16,0,29,1,70,,1131451,16,0,29,1,18,,1131419,16,0,23 30,1,12,,1131434,16,0,29,1,70,,1131431,16,0,29,1,2,,1131447,13,,,1,29,,1131432,16,0,29,1,69,,1131429,16,0,137 26,1,32,,1131450,16,0,137 26,1,68,,1131437,16,0,137 26,1,30,,1131425,16,0,137 26,1,70,,1131428,16,0,137 26,1,30,,1131430,16,0,137 26,1,70,,1131427,16,0,137 26,1,30,,1131445,16,0,137 26,1,70,,1131422,16,0,137 26,1,29,,1131454,16,0,137 26,1,70,,1131438,16,0,137 26,1,20,,1131420,8,0,137 26,1,11,,1131443,16,0,29,1,71,,1131433,16,0,29,1,32,,1131439,16,0,29,1,70,,1131441,16,0,29,1,30,,1131436,16,0,29,1,70,,1131453,16,0,29,1,30,,1131423,16,0,29,1,70,,1131426,16,0,137 26,1,26,,1131440,16,0,137 26,1,70,,1131421,16,0,137 26,1,30,,1131449,16,0,137 26,1,70,,1131452,16,0,137 26,1,30,,1131446,16,0,137 26,1,70,,1131444,16,0,137 26,1,30,,1131435,16,0,137 26,1,101,,1131448,16,0,137 26,1
3500,'9',548,,1131463,16,0,29,1,96,,1039409,16,0,29,1,70,,1131456,16,0,29,1,18,,1131482,16,0,23 30,1,12,,1131477,16,0,29,1,70,,1131459,16,0,29,1,2,,1131462,13,,,1,29,,1131460,16,0,29,1,69,,1131469,16,0,137 26,1,32,,1131474,16,0,137 26,1,68,,1131472,16,0,137 26,1,30,,1131455,16,0,137 26,1,70,,1131467,16,0,137 26,1,30,,1131468,16,0,137 26,1,70,,1131471,16,0,137 26,1,30,,1054596,16,0,137 26,1,70,,1101308,16,0,137 26,1,29,,1131464,16,0,137 26,1,70,,1131481,16,0,137 26,1,20,,1131475,8,0,137 26,1,11,,1077207,16,0,29,1,71,,1131461,16,0,29,1,32,,1131479,16,0,29,1,70,,849723,16,0,29,1,30,,1131465,16,0,29,1,70,,1131457,16,0,29,1,30,,1131480,16,0,29,1,70,,1069008,16,0,137 26,1,26,,1131473,16,0,137 26,1,70,,1131470,16,0,137 26,1,30,,1090696,16,0,137 26,1,70,,1131478,16,0,137 26,1,30,,1131458,16,0,137 26,1,70,,1131466,16,0,137 26,1,30,,1131476,16,0,137 26,1,101,,1070456,16,0,137 26,1
