3301,'1',739,,1129567,24,0,23 30,1
3301,'10',739,,1129596,24,0,23 30,1
3301,'11',739,,1129625,24,0,23 30,1
3301,'12',739,,1067314,24,0,23 30,1
3301,'14',739,,1129711,24,0,23 30,1
3301,'15',739,,1129733,24,0,23 30,1
3301,'16',739,,1129766,24,0,23 30,1
3301,'5',739,,1129909,24,0,23 30,1
3301,'6',739,,1129923,24,0,23 30,1
3301,'8',739,,1129986,24,0,23 30,1
3301,'9',739,,1130033,24,0,23 30,1
3601,'1',643,,1132497,14,,,1,70,,1132489,14,,,1,31,,1132510,14,,,1,71,,1076636,14,,,1,28,,1132503,14,,,1,70,,1084167,14,,,1,30,,1132499,14,,,1,70,,1132490,14,,,1,30,,1132509,14,,,1,70,,1132508,14,,,1,30,,1132498,14,,,1,70,,1132500,14,,,1,30,,1132501,14,,,1,70,,1132487,14,,,1,30,,1132486,14,,,1,70,,1132494,14,,,1,30,,1132512,14,,,1,70,,934986,14,,,1,32,,1132493,14,,,1,70,,1132506,14,,,1,30,,1132495,14,,,1,69,,1132483,14,,,1,30,,1132504,14,,,1,70,,1132507,14,,,1,30,,1132492,14,,,1,69,,1132513,14,,,1,30,,1132485,14,,,1,70,,1132505,14,,,1,30,,1132488,14,,,1,70,,1132496,14,,,1,30,,1132511,14,,,1,99,,1132502,14,,,1,100,,1132484,14,,,1
3601,'10',643,,1132528,14,,,1,70,,1132520,14,,,1,31,,1132541,14,,,1,71,,1076430,14,,,1,28,,1132534,14,,,1,70,,1083995,14,,,1,30,,1132530,14,,,1,70,,1132521,14,,,1,30,,1132540,14,,,1,70,,1132539,14,,,1,30,,1132529,14,,,1,70,,1132531,14,,,1,30,,1132532,14,,,1,70,,1132518,14,,,1,30,,1132517,14,,,1,70,,1132525,14,,,1,30,,1132543,14,,,1,70,,934991,14,,,1,32,,1132524,14,,,1,70,,1132537,14,,,1,30,,1132526,14,,,1,69,,1132514,14,,,1,30,,1132535,14,,,1,70,,1132538,14,,,1,30,,1132523,14,,,1,69,,1132544,14,,,1,30,,1132516,14,,,1,70,,1132536,14,,,1,30,,1132519,14,,,1,70,,1132527,14,,,1,30,,1132542,14,,,1,99,,1132533,14,,,1,100,,1132515,14,,,1
3601,'11',643,,1132559,14,,,1,70,,1132551,14,,,1,31,,1132572,14,,,1,71,,1076700,14,,,1,28,,1132565,14,,,1,70,,1084221,14,,,1,30,,1132561,14,,,1,70,,1132552,14,,,1,30,,1132571,14,,,1,70,,1132570,14,,,1,30,,1132560,14,,,1,70,,1132562,14,,,1,30,,1132563,14,,,1,70,,1132549,14,,,1,30,,1132548,14,,,1,70,,1132556,14,,,1,30,,1132574,14,,,1,70,,934981,14,,,1,32,,1132555,14,,,1,70,,1132568,14,,,1,30,,1132557,14,,,1,69,,1132545,14,,,1,30,,1132566,14,,,1,70,,1132569,14,,,1,30,,1132554,14,,,1,69,,1132575,14,,,1,30,,1132547,14,,,1,70,,1132567,14,,,1,30,,1132550,14,,,1,70,,1132558,14,,,1,30,,1132573,14,,,1,99,,1132564,14,,,1,100,,1132546,14,,,1
3601,'12',643,,1132603,14,,,1,70,,1091567,14,,,1,31,,1132595,14,,,1,71,,1079495,14,,,1,28,,1132585,14,,,1,70,,1132602,14,,,1,30,,1132577,14,,,1,70,,1132605,14,,,1,30,,1132580,14,,,1,70,,1132581,14,,,1,30,,1132578,14,,,1,70,,1132586,14,,,1,30,,1132596,14,,,1,70,,1132587,14,,,1,30,,1132584,14,,,1,70,,1132591,14,,,1,30,,1132576,14,,,1,70,,1132579,14,,,1,32,,1132589,14,,,1,70,,1132598,14,,,1,30,,1132600,14,,,1,69,,1132597,14,,,1,30,,1132604,14,,,1,70,,961947,14,,,1,30,,1132601,14,,,1,69,,1132583,14,,,1,30,,1132593,14,,,1,70,,1132588,14,,,1,30,,1055429,14,,,1,70,,1132599,14,,,1,30,,1132582,14,,,1,99,,1132592,14,,,1,100,,1132594,14,,,1
3601,'13',817,,1132607,14,,,1,100,,1132608,14,,,1,100,,1084059,14,,,1,30,,1132620,14,,,1,70,,957123,14,,,1,31,,1066400,14,,,1,70,,1132614,14,,,1,30,,1132621,14,,,1,70,,1132610,14,,,1,30,,1132613,14,,,1,70,,1132618,14,,,1,30,,1132616,14,,,1,70,,1073166,14,,,1,30,,1132615,14,,,1,70,,1132617,14,,,1,30,,1132611,14,,,1,70,,1132609,14,,,1,30,,1132612,14,,,1,70,,1132619,14,,,1,30,,1015859,14,,,1,69,,1132606,14,,,1,30,,1132623,14,,,1,100,,1132622,14,,,1
3601,'14',643,,1132639,14,,,1,70,,1132631,14,,,1,31,,1132652,14,,,1,71,,1132628,14,,,1,28,,1132645,14,,,1,70,,1132655,14,,,1,30,,1132641,14,,,1,70,,1132632,14,,,1,30,,1132651,14,,,1,70,,1132650,14,,,1,30,,1132640,14,,,1,70,,1132642,14,,,1,30,,1132643,14,,,1,70,,1132629,14,,,1,30,,1132627,14,,,1,70,,1132636,14,,,1,30,,1132654,14,,,1,70,,1132657,14,,,1,32,,1132635,14,,,1,70,,1132648,14,,,1,30,,1132637,14,,,1,69,,1132624,14,,,1,30,,1132646,14,,,1,70,,1132649,14,,,1,30,,1132634,14,,,1,69,,1132656,14,,,1,30,,1132626,14,,,1,70,,1132647,14,,,1,30,,1132630,14,,,1,70,,1132638,14,,,1,30,,1132653,14,,,1,99,,1132644,14,,,1,100,,1132625,14,,,1
3601,'15',643,,1132660,14,,,1,70,,1132687,14,,,1,31,,1132662,14,,,1,71,,1132691,14,,,1,28,,1132683,14,,,1,70,,1132680,14,,,1,30,,1132671,14,,,1,70,,1132658,14,,,1,30,,1132688,14,,,1,70,,1132664,14,,,1,30,,1132690,14,,,1,70,,1132673,14,,,1,30,,1132670,14,,,1,70,,1132674,14,,,1,30,,1132689,14,,,1,70,,1132682,14,,,1,30,,1132686,14,,,1,70,,1132685,14,,,1,32,,1132661,14,,,1,70,,1132677,14,,,1,30,,1132684,14,,,1,69,,1132665,14,,,1,30,,1132676,14,,,1,70,,1132659,14,,,1,30,,1132667,14,,,1,69,,1132679,14,,,1,30,,1132666,14,,,1,70,,1132678,14,,,1,30,,1132681,14,,,1,70,,1132663,14,,,1,30,,1132669,14,,,1,99,,1132668,14,,,1,100,,1132672,14,,,1
3601,'16',643,,1132721,14,,,1,70,,1132724,14,,,1,31,,1132713,14,,,1,71,,1132698,14,,,1,28,,1132704,14,,,1,70,,1132720,14,,,1,30,,1132694,14,,,1,70,,1132723,14,,,1,30,,1132699,14,,,1,70,,1132700,14,,,1,30,,1132695,14,,,1,70,,1132705,14,,,1,30,,1132714,14,,,1,70,,1132706,14,,,1,30,,1132703,14,,,1,70,,1132710,14,,,1,30,,1132692,14,,,1,70,,1132697,14,,,1,32,,1132708,14,,,1,70,,1132716,14,,,1,30,,1132718,14,,,1,69,,1132715,14,,,1,30,,1132722,14,,,1,70,,1132693,14,,,1,30,,1132719,14,,,1,69,,1132702,14,,,1,30,,1064465,14,,,1,70,,1132707,14,,,1,30,,1132696,14,,,1,70,,1132717,14,,,1,30,,1132701,14,,,1,99,,1132711,14,,,1,100,,1132712,14,,,1
3601,'17',817,,1132727,14,,,1,100,,1132728,14,,,1,100,,1132729,14,,,1,30,,1132744,14,,,1,70,,1132738,14,,,1,31,,1132726,14,,,1,70,,1132736,14,,,1,30,,1132745,14,,,1,70,,1132731,14,,,1,30,,1132735,14,,,1,70,,1132741,14,,,1,30,,1132739,14,,,1,70,,1132734,14,,,1,30,,1132737,14,,,1,70,,1132740,14,,,1,30,,1132732,14,,,1,70,,1132730,14,,,1,30,,1132733,14,,,1,70,,1132742,14,,,1,30,,1132743,14,,,1,69,,1132725,14,,,1,30,,1132747,14,,,1,100,,1132746,14,,,1
3601,'2',642,,1132749,14,,,1,100,,1132771,14,,,1,70,,1099229,14,,,1,30,,1132754,14,,,1,70,,1132759,14,,,1,30,,1132765,14,,,1,70,,1132752,14,,,1,30,,1132772,14,,,1,70,,1132764,14,,,1,31,,1132748,14,,,1,70,,1132751,14,,,1,30,,1132768,14,,,1,70,,1132753,14,,,1,30,,1132775,14,,,1,70,,1132776,14,,,1,30,,1072490,14,,,1,70,,1132770,14,,,1,30,,1132755,14,,,1,70,,1132750,14,,,1,30,,1132762,14,,,1,70,,1132758,14,,,1,30,,1132763,14,,,1,70,,1132760,14,,,1,30,,1132756,14,,,1,69,,1132773,14,,,1,30,,1132766,14,,,1,70,,1132769,14,,,1,30,,1132761,14,,,1,70,,1132774,14,,,1,100,,1132767,14,,,1,100,,1132757,14,,,1
3601,'3',817,,1132779,14,,,1,100,,1132780,14,,,1,100,,1132781,14,,,1,30,,1132796,14,,,1,70,,1132790,14,,,1,31,,1132778,14,,,1,70,,1132788,14,,,1,30,,1132797,14,,,1,70,,1132783,14,,,1,30,,1132787,14,,,1,70,,1132793,14,,,1,30,,1132791,14,,,1,70,,1132786,14,,,1,30,,1132789,14,,,1,70,,1132792,14,,,1,30,,1132784,14,,,1,70,,1132782,14,,,1,30,,1132785,14,,,1,70,,1132794,14,,,1,30,,1132795,14,,,1,69,,1132777,14,,,1,30,,1132799,14,,,1,100,,1132798,14,,,1
3601,'4',817,,1132811,14,,,1,100,,1132809,14,,,1,100,,1132800,14,,,1,30,,1132804,14,,,1,70,,1132807,14,,,1,31,,1086630,14,,,1,70,,1132815,14,,,1,30,,1132801,14,,,1,70,,1132818,14,,,1,30,,1132802,14,,,1,70,,1132803,14,,,1,30,,1132806,14,,,1,70,,1132814,14,,,1,30,,1132819,14,,,1,70,,1132813,14,,,1,30,,1132805,14,,,1,70,,1075833,14,,,1,30,,1132810,14,,,1,70,,1067291,14,,,1,30,,1132816,14,,,1,69,,1132812,14,,,1,30,,1132808,14,,,1,100,,1132817,14,,,1
3601,'5',643,,1132834,14,,,1,70,,1132826,14,,,1,31,,1132847,14,,,1,71,,1076596,14,,,1,28,,1132840,14,,,1,70,,1084140,14,,,1,30,,1132836,14,,,1,70,,1132827,14,,,1,30,,1132846,14,,,1,70,,1132845,14,,,1,30,,1132835,14,,,1,70,,1132837,14,,,1,30,,1132838,14,,,1,70,,1132824,14,,,1,30,,1132823,14,,,1,70,,1132831,14,,,1,30,,1132849,14,,,1,70,,935001,14,,,1,32,,1132830,14,,,1,70,,1132843,14,,,1,30,,1132832,14,,,1,69,,1132820,14,,,1,30,,1132841,14,,,1,70,,1132844,14,,,1,30,,1132829,14,,,1,69,,1132850,14,,,1,30,,1132822,14,,,1,70,,1132842,14,,,1,30,,1132825,14,,,1,70,,1132833,14,,,1,30,,1132848,14,,,1,99,,1132839,14,,,1,100,,1132821,14,,,1
3601,'6',643,,1132878,14,,,1,70,,1132881,14,,,1,31,,1132870,14,,,1,71,,1132854,14,,,1,28,,1132860,14,,,1,70,,1132877,14,,,1,30,,1040100,14,,,1,70,,1132880,14,,,1,30,,1132855,14,,,1,70,,1132856,14,,,1,30,,1103568,14,,,1,70,,1132861,14,,,1,30,,1132871,14,,,1,70,,1132862,14,,,1,30,,1132859,14,,,1,70,,1132866,14,,,1,30,,1132851,14,,,1,70,,1095729,14,,,1,32,,1132864,14,,,1,70,,1132873,14,,,1,30,,1132875,14,,,1,69,,1132872,14,,,1,30,,1132879,14,,,1,70,,1132852,14,,,1,30,,1132876,14,,,1,69,,1132858,14,,,1,30,,1132868,14,,,1,70,,1132863,14,,,1,30,,1132853,14,,,1,70,,1132874,14,,,1,30,,1132857,14,,,1,99,,1132867,14,,,1,100,,1132869,14,,,1
3601,'7',642,,1132893,14,,,1,100,,1132908,14,,,1,70,,1132892,14,,,1,30,,1132897,14,,,1,70,,1132888,14,,,1,30,,1132896,14,,,1,70,,1132890,14,,,1,30,,1132883,14,,,1,70,,1132884,14,,,1,31,,1132886,14,,,1,70,,1132885,14,,,1,30,,1132912,14,,,1,70,,1132891,14,,,1,30,,1132901,14,,,1,70,,1132894,14,,,1,30,,1132907,14,,,1,70,,1132911,14,,,1,30,,1132904,14,,,1,70,,1132910,14,,,1,30,,1132905,14,,,1,70,,1132902,14,,,1,30,,1132899,14,,,1,70,,1132906,14,,,1,30,,1132895,14,,,1,69,,1132909,14,,,1,30,,1132903,14,,,1,70,,1132889,14,,,1,30,,1132898,14,,,1,70,,1132900,14,,,1,100,,1132887,14,,,1,100,,1132882,14,,,1
3601,'8',643,,1132943,14,,,1,70,,1132946,14,,,1,31,,1132935,14,,,1,71,,1132919,14,,,1,28,,1132925,14,,,1,70,,1132942,14,,,1,30,,1132915,14,,,1,70,,1132945,14,,,1,30,,1132920,14,,,1,70,,1132921,14,,,1,30,,1132916,14,,,1,70,,1132926,14,,,1,30,,1132936,14,,,1,70,,1132927,14,,,1,30,,1132924,14,,,1,70,,1132931,14,,,1,30,,1132913,14,,,1,70,,1132918,14,,,1,32,,1132929,14,,,1,70,,1132938,14,,,1,30,,1132940,14,,,1,69,,1132937,14,,,1,30,,1132944,14,,,1,70,,1132914,14,,,1,30,,1132941,14,,,1,69,,1132923,14,,,1,30,,1132933,14,,,1,70,,1132928,14,,,1,30,,1132917,14,,,1,70,,1132939,14,,,1,30,,1132922,14,,,1,99,,1132932,14,,,1,100,,1132934,14,,,1
3601,'9',643,,1132961,14,,,1,70,,1132953,14,,,1,31,,1132974,14,,,1,71,,1076497,14,,,1,28,,1132967,14,,,1,70,,1084049,14,,,1,30,,1132963,14,,,1,70,,1132954,14,,,1,30,,1132973,14,,,1,70,,1132972,14,,,1,30,,1132962,14,,,1,70,,1132964,14,,,1,30,,1132965,14,,,1,70,,1132951,14,,,1,30,,1132950,14,,,1,70,,1132958,14,,,1,30,,1132976,14,,,1,70,,934996,14,,,1,32,,1132957,14,,,1,70,,1132970,14,,,1,30,,1132959,14,,,1,69,,1132947,14,,,1,30,,1132968,14,,,1,70,,1132971,14,,,1,30,,1132956,14,,,1,69,,1132977,14,,,1,30,,1132949,14,,,1,70,,1132969,14,,,1,30,,1132952,14,,,1,70,,1132960,14,,,1,30,,1132975,14,,,1,99,,1132966,14,,,1,100,,1132948,14,,,1
