19801,'1',658,,1196260,14,,,1,101,,1079155,14,,,1,789,,1196262,14,,,1,69,,1196261,14,,,1,102,,1196263,14,,,1,116,,1007571,14,,,1
19801,'10',658,,1196264,14,,,1,101,,1078901,14,,,1,789,,1196266,14,,,1,69,,1196265,14,,,1,102,,1196267,14,,,1,116,,1007677,14,,,1
19801,'11',658,,1196268,14,,,1,101,,1079235,14,,,1,789,,1196270,14,,,1,69,,1196269,14,,,1,102,,1196271,14,,,1,116,,1007542,14,,,1
19801,'12',658,,1196275,14,,,1,101,,1196277,14,,,1,789,,1196272,14,,,1,69,,1196273,14,,,1,102,,1196274,14,,,1,116,,1196276,14,,,1
19801,'14',658,,1196278,14,,,1,101,,1196282,14,,,1,789,,1196280,14,,,1,69,,1196279,14,,,1,102,,1196281,14,,,1,116,,1196283,14,,,1
19801,'15',658,,1196289,14,,,1,101,,1196288,14,,,1,789,,1196287,14,,,1,69,,1196285,14,,,1,102,,1196284,14,,,1,116,,1196286,14,,,1
19801,'16',658,,1196293,14,,,1,101,,1196295,14,,,1,789,,1196290,14,,,1,69,,1196291,14,,,1,102,,1196292,14,,,1,116,,1196294,14,,,1
19801,'5',658,,1196296,14,,,1,101,,1079110,14,,,1,789,,1196298,14,,,1,69,,1196297,14,,,1,102,,1196299,14,,,1,116,,1007391,14,,,1
19801,'6',658,,1196302,14,,,1,101,,1196304,14,,,1,789,,1040756,14,,,1,69,,1196300,14,,,1,102,,1196301,14,,,1,116,,1196303,14,,,1
19801,'8',658,,1196308,14,,,1,101,,1196310,14,,,1,789,,1196305,14,,,1,69,,1196306,14,,,1,102,,1196307,14,,,1,116,,1196309,14,,,1
19801,'9',658,,1196311,14,,,1,101,,1078977,14,,,1,789,,1196313,14,,,1,69,,1196312,14,,,1,102,,1196314,14,,,1,116,,1007600,14,,,1
