901,'1',536,,1111476,7,,,1,70,,1111480,7,,,1,30,,1076289,7,,,1,71,,1111502,7,,,1,34,,1111484,7,,,1,73,,1111505,7,,,1,31,,1111478,7,,,1,70,,1111501,7,,,1,25,,1111495,7,,,1,68,,1074073,7,,,1,30,,1111489,7,,,1,71,,1065786,7,,,1,30,,1111491,7,,,1,71,,1111497,7,,,1,31,,1111503,7,,,1,72,,1111499,7,,,1,31,,1111496,7,,,1,70,,1111475,7,,,1,32,,1111498,7,,,1,72,,1111482,7,,,1,33,,1111485,7,,,1,73,,1111492,7,,,1,29,,1102257,7,,,1,70,,1111486,7,,,1,26,,1095633,7,,,1,69,,1111483,7,,,1,27,,1111488,7,,,1,67,,1111504,7,,,1,26,,1111490,7,,,1,69,,1111481,7,,,1,29,,1111500,7,,,1,69,,1111477,7,,,1,30,,1111493,7,,,1,70,,1111494,7,,,1,30,,1111487,7,,,1,70,,1111479,7,,,1
901,'10',536,,1111507,7,,,1,70,,1111511,7,,,1,30,,1076078,7,,,1,71,,1111533,7,,,1,34,,1111515,7,,,1,73,,1111536,7,,,1,31,,1111509,7,,,1,70,,1111532,7,,,1,25,,1111526,7,,,1,68,,1073943,7,,,1,30,,1111520,7,,,1,71,,1065582,7,,,1,30,,1111522,7,,,1,71,,1111528,7,,,1,31,,1111534,7,,,1,72,,1111530,7,,,1,31,,1111527,7,,,1,70,,1111506,7,,,1,32,,1111529,7,,,1,72,,1111513,7,,,1,33,,1111516,7,,,1,73,,1111523,7,,,1,29,,1102239,7,,,1,70,,1111517,7,,,1,26,,1095399,7,,,1,69,,1111514,7,,,1,27,,1111519,7,,,1,67,,1111535,7,,,1,26,,1111521,7,,,1,69,,1111512,7,,,1,29,,1111531,7,,,1,69,,1111508,7,,,1,30,,1111524,7,,,1,70,,1111525,7,,,1,30,,1111518,7,,,1,70,,1111510,7,,,1
901,'11',536,,1111538,7,,,1,70,,1111542,7,,,1,30,,1076354,7,,,1,71,,1111564,7,,,1,34,,1111546,7,,,1,73,,1111567,7,,,1,31,,1111540,7,,,1,70,,1111563,7,,,1,25,,1111557,7,,,1,68,,1074108,7,,,1,30,,1111551,7,,,1,71,,1065845,7,,,1,30,,1111553,7,,,1,71,,1111559,7,,,1,31,,1111565,7,,,1,72,,1111561,7,,,1,31,,1111558,7,,,1,70,,1111537,7,,,1,32,,1111560,7,,,1,72,,1111544,7,,,1,33,,1111547,7,,,1,73,,1111554,7,,,1,29,,1102263,7,,,1,70,,1111548,7,,,1,26,,1095706,7,,,1,69,,1111545,7,,,1,27,,1111550,7,,,1,67,,1111566,7,,,1,26,,1111552,7,,,1,69,,1111543,7,,,1,29,,1111562,7,,,1,69,,1111539,7,,,1,30,,1111555,7,,,1,70,,1111556,7,,,1,30,,1111549,7,,,1,70,,1111541,7,,,1
901,'12',536,,1111583,7,,,1,70,,1111576,7,,,1,30,,1111578,7,,,1,71,,1032377,7,,,1,34,,891144,7,,,1,73,,1111594,7,,,1,31,,951539,7,,,1,70,,1111574,7,,,1,25,,1090431,7,,,1,68,,1111589,7,,,1,30,,1111575,7,,,1,71,,1111580,7,,,1,30,,1111588,7,,,1,71,,1111569,7,,,1,31,,1111570,7,,,1,72,,1111592,7,,,1,31,,1111595,7,,,1,70,,1111571,7,,,1,32,,1111587,7,,,1,72,,1069057,7,,,1,33,,1111573,7,,,1,73,,1074240,7,,,1,29,,1111584,7,,,1,70,,1111590,7,,,1,26,,1111585,7,,,1,69,,1111591,7,,,1,27,,1111596,7,,,1,67,,1111581,7,,,1,26,,1111572,7,,,1,69,,1111586,7,,,1,29,,1111593,7,,,1,69,,1111568,7,,,1,30,,1079490,7,,,1,70,,1111577,7,,,1,30,,1111582,7,,,1,70,,1111579,7,,,1
901,'13',748,,1111614,7,,,1,110,,1089421,7,,,1,70,,1079459,7,,,1,30,,1111609,7,,,1,70,,1111607,7,,,1,30,,1111611,7,,,1,70,,1111606,7,,,1,30,,1111600,7,,,1,70,,1111604,7,,,1,30,,1004326,7,,,1,70,,1111598,7,,,1,30,,1111620,7,,,1,70,,1111618,7,,,1,30,,1111599,7,,,1,70,,1111610,7,,,1,30,,1111616,7,,,1,70,,1111605,7,,,1,30,,1111601,7,,,1,70,,1111603,7,,,1,30,,1111615,7,,,1,70,,1111602,7,,,1,30,,1111612,7,,,1,70,,1111608,7,,,1,30,,1111597,7,,,1,70,,1075365,7,,,1,30,,1111619,7,,,1,100,,1111617,7,,,1,100,,1111613,7,,,1
901,'14',536,,1111623,7,,,1,70,,1111628,7,,,1,30,,1111626,7,,,1,71,,1111651,7,,,1,34,,1111632,7,,,1,73,,1111655,7,,,1,31,,1111625,7,,,1,70,,1111650,7,,,1,25,,1111644,7,,,1,68,,1111634,7,,,1,30,,1111638,7,,,1,71,,1111622,7,,,1,30,,1111640,7,,,1,71,,1111646,7,,,1,31,,1111652,7,,,1,72,,1111648,7,,,1,31,,1111645,7,,,1,70,,1111621,7,,,1,32,,1111647,7,,,1,72,,1111630,7,,,1,33,,1111633,7,,,1,73,,1111641,7,,,1,29,,1111656,7,,,1,70,,1111635,7,,,1,26,,1111654,7,,,1,69,,1111631,7,,,1,27,,1111637,7,,,1,67,,1111653,7,,,1,26,,1111639,7,,,1,69,,1111629,7,,,1,29,,1111649,7,,,1,69,,1111624,7,,,1,30,,1111642,7,,,1,70,,1111643,7,,,1,30,,1111636,7,,,1,70,,1111627,7,,,1
901,'15',536,,1111676,7,,,1,70,,1111681,7,,,1,30,,1111664,7,,,1,71,,1111682,7,,,1,34,,1111687,7,,,1,73,,1111665,7,,,1,31,,1111658,7,,,1,70,,1111659,7,,,1,25,,1111691,7,,,1,68,,1111683,7,,,1,30,,1111679,7,,,1,71,,1111663,7,,,1,30,,1111685,7,,,1,71,,1111678,7,,,1,31,,1111688,7,,,1,72,,1111672,7,,,1,31,,1111686,7,,,1,70,,1111673,7,,,1,32,,1111674,7,,,1,72,,1111690,7,,,1,33,,1111657,7,,,1,73,,1111666,7,,,1,29,,1111689,7,,,1,70,,1111670,7,,,1,26,,1111662,7,,,1,69,,1111684,7,,,1,27,,1111680,7,,,1,67,,1111661,7,,,1,26,,1111692,7,,,1,69,,1111668,7,,,1,29,,1111660,7,,,1,69,,1111675,7,,,1,30,,1111667,7,,,1,70,,1111669,7,,,1,30,,1111671,7,,,1,70,,1111677,7,,,1
901,'16',536,,1111712,7,,,1,70,,1111705,7,,,1,30,,1111707,7,,,1,71,,1111700,7,,,1,34,,1111724,7,,,1,73,,1111722,7,,,1,31,,1111702,7,,,1,70,,1111703,7,,,1,25,,1111697,7,,,1,68,,1111717,7,,,1,30,,1111704,7,,,1,71,,1111709,7,,,1,30,,1111716,7,,,1,71,,1111696,7,,,1,31,,1111698,7,,,1,72,,1111720,7,,,1,31,,1111723,7,,,1,70,,1111699,7,,,1,32,,1111715,7,,,1,72,,1111693,7,,,1,33,,1111701,7,,,1,73,,1111695,7,,,1,29,,1111713,7,,,1,70,,1111718,7,,,1,26,,1111714,7,,,1,69,,1111719,7,,,1,27,,1094855,7,,,1,67,,1111710,7,,,1,26,,1088828,7,,,1,69,,1078755,7,,,1,29,,1111721,7,,,1,69,,1072364,7,,,1,30,,1111694,7,,,1,70,,1111706,7,,,1,30,,1111711,7,,,1,70,,1111708,7,,,1
901,'17',748,,1111744,7,,,1,110,,1111726,7,,,1,70,,1111729,7,,,1,30,,1111739,7,,,1,70,,1111737,7,,,1,30,,1111741,7,,,1,70,,1111736,7,,,1,30,,1111730,7,,,1,70,,1111734,7,,,1,30,,1111751,7,,,1,70,,1111727,7,,,1,30,,1111752,7,,,1,70,,1111748,7,,,1,30,,1111728,7,,,1,70,,1111740,7,,,1,30,,1111746,7,,,1,70,,1111735,7,,,1,30,,1111731,7,,,1,70,,1111733,7,,,1,30,,1111745,7,,,1,70,,1111732,7,,,1,30,,1111742,7,,,1,70,,1111738,7,,,1,30,,1111725,7,,,1,70,,1111750,7,,,1,30,,1111749,7,,,1,100,,1111747,7,,,1,100,,1111743,7,,,1
901,'2',653,,1111776,7,,,1,70,,1111760,7,,,1,100,,1111777,7,,,1,30,,1063825,7,,,1,70,,1111759,7,,,1,30,,1111772,7,,,1,70,,1111758,7,,,1,30,,1111754,7,,,1,70,,1111766,7,,,1,30,,1111775,7,,,1,70,,1092041,7,,,1,30,,1111763,7,,,1,70,,1111753,7,,,1,30,,1111765,7,,,1,70,,1035732,7,,,1,30,,1111757,7,,,1,70,,1111767,7,,,1,30,,1111768,7,,,1,70,,1111771,7,,,1,30,,1111769,7,,,1,70,,1111755,7,,,1,30,,1049650,7,,,1,70,,1111773,7,,,1,30,,1111761,7,,,1,70,,1111764,7,,,1,30,,1111770,7,,,1,70,,1111762,7,,,1,30,,1111774,7,,,1,100,,1111778,7,,,1,100,,1070761,7,,,1,100,,1111756,7,,,1
901,'3',748,,1111798,7,,,1,110,,1111780,7,,,1,70,,1111783,7,,,1,30,,1111793,7,,,1,70,,1111791,7,,,1,30,,1111795,7,,,1,70,,1111790,7,,,1,30,,1111784,7,,,1,70,,1111788,7,,,1,30,,1111805,7,,,1,70,,1111781,7,,,1,30,,1111806,7,,,1,70,,1111802,7,,,1,30,,1111782,7,,,1,70,,1111794,7,,,1,30,,1111800,7,,,1,70,,1111789,7,,,1,30,,1111785,7,,,1,70,,1111787,7,,,1,30,,1111799,7,,,1,70,,1111786,7,,,1,30,,1111796,7,,,1,70,,1111792,7,,,1,30,,1111779,7,,,1,70,,1111804,7,,,1,30,,1111803,7,,,1,100,,1111801,7,,,1,100,,1111797,7,,,1
901,'4',748,,1111830,7,,,1,110,,1064630,7,,,1,70,,1111817,7,,,1,30,,1111816,7,,,1,70,,1111820,7,,,1,30,,1111812,7,,,1,70,,1111810,7,,,1,30,,1111824,7,,,1,70,,1111818,7,,,1,30,,1111809,7,,,1,70,,1111822,7,,,1,30,,1111814,7,,,1,70,,1111815,7,,,1,30,,1111819,7,,,1,70,,1111821,7,,,1,30,,1111813,7,,,1,70,,1111808,7,,,1,30,,1111829,7,,,1,70,,1111823,7,,,1,30,,1111827,7,,,1,70,,1111826,7,,,1,30,,1111828,7,,,1,70,,1035835,7,,,1,30,,1111811,7,,,1,70,,1094528,7,,,1,30,,1096345,7,,,1,100,,1111825,7,,,1,100,,1111807,7,,,1
901,'5',536,,1111832,7,,,1,70,,1111836,7,,,1,30,,1076253,7,,,1,71,,1111858,7,,,1,34,,1111840,7,,,1,73,,1111861,7,,,1,31,,1111834,7,,,1,70,,1111857,7,,,1,25,,1111851,7,,,1,68,,1074054,7,,,1,30,,1111845,7,,,1,71,,1065752,7,,,1,30,,1111847,7,,,1,71,,1111853,7,,,1,31,,1111859,7,,,1,72,,1111855,7,,,1,31,,1111852,7,,,1,70,,1111831,7,,,1,32,,1111854,7,,,1,72,,1111838,7,,,1,33,,1111841,7,,,1,73,,1111848,7,,,1,29,,1102251,7,,,1,70,,1111842,7,,,1,26,,1095586,7,,,1,69,,1111839,7,,,1,27,,1111844,7,,,1,67,,1111860,7,,,1,26,,1111846,7,,,1,69,,1111837,7,,,1,29,,1111856,7,,,1,69,,1111833,7,,,1,30,,1111849,7,,,1,70,,1111850,7,,,1,30,,1111843,7,,,1,70,,1111835,7,,,1
901,'6',536,,1111880,7,,,1,70,,1111873,7,,,1,30,,1111875,7,,,1,71,,1111869,7,,,1,34,,1111893,7,,,1,73,,1111890,7,,,1,31,,1111870,7,,,1,70,,1111871,7,,,1,25,,1111866,7,,,1,68,,1111885,7,,,1,30,,1111872,7,,,1,71,,1111877,7,,,1,30,,1111884,7,,,1,71,,1096868,7,,,1,31,,1065885,7,,,1,72,,1111888,7,,,1,31,,1111891,7,,,1,70,,1111867,7,,,1,32,,1111883,7,,,1,72,,1111862,7,,,1,33,,1047694,7,,,1,73,,1111865,7,,,1,29,,1076054,7,,,1,70,,1111886,7,,,1,26,,1111881,7,,,1,69,,1111887,7,,,1,27,,1111892,7,,,1,67,,1111878,7,,,1,26,,1111868,7,,,1,69,,1111882,7,,,1,29,,1111889,7,,,1,69,,1111864,7,,,1,30,,1111863,7,,,1,70,,1111874,7,,,1,30,,1111879,7,,,1,70,,1111876,7,,,1
901,'7',653,,1111903,7,,,1,70,,1111916,7,,,1,100,,1111923,7,,,1,30,,1111906,7,,,1,70,,1111905,7,,,1,30,,1111897,7,,,1,70,,1111913,7,,,1,30,,1111899,7,,,1,70,,1111908,7,,,1,30,,1111924,7,,,1,70,,1111918,7,,,1,30,,1111894,7,,,1,70,,1111904,7,,,1,30,,1111909,7,,,1,70,,1111896,7,,,1,30,,1111910,7,,,1,70,,1111917,7,,,1,30,,1111914,7,,,1,70,,1111900,7,,,1,30,,1111915,7,,,1,70,,1111911,7,,,1,30,,1111901,7,,,1,70,,1111895,7,,,1,30,,1111922,7,,,1,70,,1111919,7,,,1,30,,1111902,7,,,1,70,,1111898,7,,,1,30,,1111920,7,,,1,100,,1111907,7,,,1,100,,1111912,7,,,1,100,,1111921,7,,,1
901,'8',536,,1111946,7,,,1,70,,1111939,7,,,1,30,,1111941,7,,,1,71,,1111934,7,,,1,34,,1111960,7,,,1,73,,1111957,7,,,1,31,,1111936,7,,,1,70,,1111937,7,,,1,25,,1111930,7,,,1,68,,1111952,7,,,1,30,,1111938,7,,,1,71,,1111943,7,,,1,30,,1111951,7,,,1,71,,1111929,7,,,1,31,,1111931,7,,,1,72,,1111955,7,,,1,31,,1111958,7,,,1,70,,1111932,7,,,1,32,,1111950,7,,,1,72,,1111925,7,,,1,33,,1111935,7,,,1,73,,1111928,7,,,1,29,,1111947,7,,,1,70,,1111953,7,,,1,26,,1111948,7,,,1,69,,1111954,7,,,1,27,,1111959,7,,,1,67,,1111944,7,,,1,26,,1111933,7,,,1,69,,1111949,7,,,1,29,,1111956,7,,,1,69,,1111927,7,,,1,30,,1111926,7,,,1,70,,1111940,7,,,1,30,,1111945,7,,,1,70,,1111942,7,,,1
901,'9',536,,1111962,7,,,1,70,,1111966,7,,,1,30,,1076142,7,,,1,71,,1111988,7,,,1,34,,1111970,7,,,1,73,,1111991,7,,,1,31,,1111964,7,,,1,70,,1111987,7,,,1,25,,1111981,7,,,1,68,,1073977,7,,,1,30,,1111975,7,,,1,71,,1065645,7,,,1,30,,1111977,7,,,1,71,,1111983,7,,,1,31,,1111989,7,,,1,72,,1111985,7,,,1,31,,1111982,7,,,1,70,,1111961,7,,,1,32,,1111984,7,,,1,72,,1111968,7,,,1,33,,1111971,7,,,1,73,,1111978,7,,,1,29,,1102245,7,,,1,70,,1111972,7,,,1,26,,1095474,7,,,1,69,,1111969,7,,,1,27,,1111974,7,,,1,67,,1111990,7,,,1,26,,1111976,7,,,1,69,,1111967,7,,,1,29,,1111986,7,,,1,69,,1111963,7,,,1,30,,1111979,7,,,1,70,,1111980,7,,,1,30,,1111973,7,,,1,70,,1111965,7,,,1
