1401,'1',627,,1118938,49,,,1,26,,1118954,49,,,1,57,,1118941,49,,,1,16,,1078295,49,,,1,14,,1118927,49,,,1,19,,1118951,49,,,1,58,,1118943,49,,,1,17,,1073227,49,,,1,16,,1092453,49,,,1,55,,1118932,49,,,1,14,,1118939,49,,,1,15,,1118958,49,,,1,13,,1118919,49,,,1,56,,1118913,49,,,1,14,,1099833,49,,,1,15,,1118946,49,,,1,14,,1118915,49,,,1,55,,942786,49,,,1,15,,1118950,49,,,1,18,,1118959,49,,,1,15,,1118930,49,,,1,54,,1118936,49,,,1,16,,1118957,49,,,1,16,,1118949,49,,,1,14,,1087575,49,,,1,56,,1118920,49,,,1,15,,1118945,49,,,1,15,,1118928,49,,,1,16,,1060381,49,,,1,56,,1118952,49,,,1,14,,1085027,49,,,1,16,,1118910,49,,,1,17,,1097448,49,,,1,56,,1118925,49,,,1,16,,1118955,49,,,1,16,,1118918,49,,,1,17,,1118937,49,,,1,72,,1118960,49,,,1,15,,1118914,49,,,1,56,,1118916,49,,,1,14,,1118922,49,,,1,13,,1118942,49,,,1,13,,1118912,49,,,1,14,,1118923,49,,,1,55,,1118940,49,,,1,13,,1118924,49,,,1,15,,1118956,49,,,1,12,,1118933,49,,,1,68,,1118929,49,,,1,28,,1118911,49,,,1,69,,1118926,49,,,1,28,,1118944,49,,,1,69,,1118931,49,,,1,29,,1118947,49,,,1,69,,1118935,49,,,1,26,,1118917,49,,,1,70,,1118948,49,,,1,28,,1118953,49,,,1,68,,1118934,49,,,1,44,,1118921,49,,,1
1401,'10',627,,1118989,49,,,1,26,,1119005,49,,,1,57,,1118992,49,,,1,16,,1078083,49,,,1,14,,1118978,49,,,1,19,,1119002,49,,,1,58,,1118994,49,,,1,17,,1073099,49,,,1,16,,1092297,49,,,1,55,,1118983,49,,,1,14,,1118990,49,,,1,15,,1119009,49,,,1,13,,1118970,49,,,1,56,,1118964,49,,,1,14,,1099747,49,,,1,15,,1118997,49,,,1,14,,1118966,49,,,1,55,,942423,49,,,1,15,,1119001,49,,,1,18,,1119010,49,,,1,15,,1118981,49,,,1,54,,1118987,49,,,1,16,,1119008,49,,,1,16,,1119000,49,,,1,14,,1087365,49,,,1,56,,1118971,49,,,1,15,,1118996,49,,,1,15,,1118979,49,,,1,16,,1060391,49,,,1,56,,1119003,49,,,1,14,,1084902,49,,,1,16,,1118961,49,,,1,17,,1097211,49,,,1,56,,1118976,49,,,1,16,,1119006,49,,,1,16,,1118969,49,,,1,17,,1118988,49,,,1,72,,1119011,49,,,1,15,,1118965,49,,,1,56,,1118967,49,,,1,14,,1118973,49,,,1,13,,1118993,49,,,1,13,,1118963,49,,,1,14,,1118974,49,,,1,55,,1118991,49,,,1,13,,1118975,49,,,1,15,,1119007,49,,,1,12,,1118984,49,,,1,68,,1118980,49,,,1,28,,1118962,49,,,1,69,,1118977,49,,,1,28,,1118995,49,,,1,69,,1118982,49,,,1,29,,1118998,49,,,1,69,,1118986,49,,,1,26,,1118968,49,,,1,70,,1118999,49,,,1,28,,1119004,49,,,1,68,,1118985,49,,,1,44,,1118972,49,,,1
1401,'11',627,,1119040,49,,,1,26,,1119056,49,,,1,57,,1119043,49,,,1,16,,1078357,49,,,1,14,,1119029,49,,,1,19,,1119053,49,,,1,58,,1119045,49,,,1,17,,1073263,49,,,1,16,,1092500,49,,,1,55,,1119034,49,,,1,14,,1119041,49,,,1,15,,1119060,49,,,1,13,,1119021,49,,,1,56,,1119015,49,,,1,14,,1099859,49,,,1,15,,1119048,49,,,1,14,,1119017,49,,,1,55,,942730,49,,,1,15,,1119052,49,,,1,18,,1119061,49,,,1,15,,1119032,49,,,1,54,,1119038,49,,,1,16,,1119059,49,,,1,16,,1119051,49,,,1,14,,1087639,49,,,1,56,,1119022,49,,,1,15,,1119047,49,,,1,15,,1119030,49,,,1,16,,1060378,49,,,1,56,,1119054,49,,,1,14,,1085061,49,,,1,16,,1119012,49,,,1,17,,1097517,49,,,1,56,,1119027,49,,,1,16,,1119057,49,,,1,16,,1119020,49,,,1,17,,1119039,49,,,1,72,,1119062,49,,,1,15,,1119016,49,,,1,56,,1119018,49,,,1,14,,1119024,49,,,1,13,,1119044,49,,,1,13,,1119014,49,,,1,14,,1119025,49,,,1,55,,1119042,49,,,1,13,,1119026,49,,,1,15,,1119058,49,,,1,12,,1119035,49,,,1,68,,1119031,49,,,1,28,,1119013,49,,,1,69,,1119028,49,,,1,28,,1119046,49,,,1,69,,1119033,49,,,1,29,,1119049,49,,,1,69,,1119037,49,,,1,26,,1119019,49,,,1,70,,1119050,49,,,1,28,,1119055,49,,,1,68,,1119036,49,,,1,44,,1119023,49,,,1
1401,'12',627,,1119109,49,,,1,26,,1119071,49,,,1,57,,1119097,49,,,1,16,,1119078,49,,,1,14,,1119073,49,,,1,19,,1063552,49,,,1,58,,1119085,49,,,1,17,,1119066,49,,,1,16,,959733,49,,,1,55,,1119083,49,,,1,14,,1098332,49,,,1,15,,1119067,49,,,1,13,,1119084,49,,,1,56,,1119100,49,,,1,14,,1119092,49,,,1,15,,1119096,49,,,1,14,,1007216,49,,,1,55,,1119107,49,,,1,15,,1119091,49,,,1,18,,1073801,49,,,1,15,,1119069,49,,,1,54,,1119080,49,,,1,16,,1119106,49,,,1,16,,1119089,49,,,1,14,,1119108,49,,,1,56,,1119079,49,,,1,15,,1119064,49,,,1,15,,1119094,49,,,1,16,,1043791,49,,,1,56,,1119076,49,,,1,14,,1119099,49,,,1,16,,1119093,49,,,1,17,,1021406,49,,,1,56,,1119095,49,,,1,16,,1119101,49,,,1,16,,1119110,49,,,1,17,,1119063,49,,,1,72,,1119075,49,,,1,15,,1119082,49,,,1,56,,1119098,49,,,1,14,,1119112,49,,,1,13,,1119070,49,,,1,13,,1119074,49,,,1,14,,1119065,49,,,1,55,,1119088,49,,,1,13,,1119104,49,,,1,15,,1119111,49,,,1,12,,1119102,49,,,1,68,,1119068,49,,,1,28,,1119090,49,,,1,69,,1119072,49,,,1,28,,1119086,49,,,1,69,,1119081,49,,,1,29,,1119113,49,,,1,69,,1119077,49,,,1,26,,1119105,49,,,1,70,,999842,49,,,1,28,,977155,49,,,1,68,,1119087,49,,,1,44,,1119103,49,,,1
1401,'13',731,,1119116,49,,,1,109,,1119133,49,,,1,70,,1119114,49,,,1,30,,1119131,49,,,1,70,,1119119,49,,,1,34,,1119134,49,,,1,70,,1119141,49,,,1,30,,1119137,49,,,1,70,,1119132,49,,,1,35,,1119136,49,,,1,71,,1119120,49,,,1,31,,1119115,49,,,1,70,,1119130,49,,,1,30,,1119126,49,,,1,70,,1119128,49,,,1,30,,1119125,49,,,1,70,,1119140,49,,,1,30,,1119124,49,,,1,70,,1119135,49,,,1,30,,1094765,49,,,1,70,,1119123,49,,,1,29,,1119118,49,,,1,70,,1119117,49,,,1,28,,1046201,49,,,1,70,,1119127,49,,,1,29,,1119121,49,,,1,70,,1119122,49,,,1,30,,1119139,49,,,1,94,,1119129,49,,,1,97,,1119138,49,,,1
1401,'14',627,,1119175,49,,,1,26,,1119193,49,,,1,57,,1119178,49,,,1,16,,1119146,49,,,1,14,,1119164,49,,,1,19,,1119190,49,,,1,58,,1119181,49,,,1,17,,1119143,49,,,1,16,,1119199,49,,,1,55,,1119169,49,,,1,14,,1119176,49,,,1,15,,1119198,49,,,1,13,,1119156,49,,,1,56,,1119147,49,,,1,14,,1119151,49,,,1,15,,1119184,49,,,1,14,,1119152,49,,,1,55,,1119187,49,,,1,15,,1119189,49,,,1,18,,1119200,49,,,1,15,,1119167,49,,,1,54,,1119173,49,,,1,16,,1119197,49,,,1,16,,1119188,49,,,1,14,,1119180,49,,,1,56,,1119157,49,,,1,15,,1119183,49,,,1,15,,1119165,49,,,1,16,,1119194,49,,,1,56,,1119191,49,,,1,14,,1119150,49,,,1,16,,1119142,49,,,1,17,,1119149,49,,,1,56,,1119162,49,,,1,16,,1119195,49,,,1,16,,1119155,49,,,1,17,,1119174,49,,,1,72,,1119201,49,,,1,15,,1119148,49,,,1,56,,1119153,49,,,1,14,,1119159,49,,,1,13,,1119179,49,,,1,13,,1119145,49,,,1,14,,1119160,49,,,1,55,,1119177,49,,,1,13,,1119161,49,,,1,15,,1119196,49,,,1,12,,1119170,49,,,1,68,,1119166,49,,,1,28,,1119144,49,,,1,69,,1119163,49,,,1,28,,1119182,49,,,1,69,,1119168,49,,,1,29,,1119185,49,,,1,69,,1119172,49,,,1,26,,1119154,49,,,1,70,,1119186,49,,,1,28,,1119192,49,,,1,68,,1119171,49,,,1,44,,1119158,49,,,1
1401,'15',627,,1119227,49,,,1,26,,1119234,49,,,1,57,,1119247,49,,,1,16,,1119258,49,,,1,14,,1119260,49,,,1,19,,1119246,49,,,1,58,,1119248,49,,,1,17,,1119208,49,,,1,16,,1119213,49,,,1,55,,1119212,49,,,1,14,,1119250,49,,,1,15,,1119211,49,,,1,13,,1119206,49,,,1,56,,1119202,49,,,1,14,,1119231,49,,,1,15,,1119205,49,,,1,14,,1119233,49,,,1,55,,1119256,49,,,1,15,,1119225,49,,,1,18,,1119242,49,,,1,15,,1119223,49,,,1,54,,1119209,49,,,1,16,,1119226,49,,,1,16,,1119228,49,,,1,14,,1119261,49,,,1,56,,1119252,49,,,1,15,,1119210,49,,,1,15,,1119204,49,,,1,16,,1119224,49,,,1,56,,1119259,49,,,1,14,,1119203,49,,,1,16,,1119255,49,,,1,17,,1119249,49,,,1,56,,1119216,49,,,1,16,,1119237,49,,,1,16,,1119253,49,,,1,17,,1119254,49,,,1,72,,1119218,49,,,1,15,,1119238,49,,,1,56,,1119215,49,,,1,14,,1119245,49,,,1,13,,1119230,49,,,1,13,,1119229,49,,,1,14,,1119217,49,,,1,55,,1119257,49,,,1,13,,1119240,49,,,1,15,,1119221,49,,,1,12,,1119239,49,,,1,68,,1119251,49,,,1,28,,1119236,49,,,1,69,,1119219,49,,,1,28,,1119220,49,,,1,69,,1119207,49,,,1,29,,1119232,49,,,1,69,,1119235,49,,,1,26,,1119222,49,,,1,70,,1119241,49,,,1,28,,1119244,49,,,1,68,,1119243,49,,,1,44,,1119214,49,,,1
1401,'16',627,,1023499,49,,,1,26,,1119271,49,,,1,57,,1119300,49,,,1,16,,1119280,49,,,1,14,,1119275,49,,,1,19,,1119314,49,,,1,58,,1119287,49,,,1,17,,1119267,49,,,1,16,,1119274,49,,,1,55,,1119285,49,,,1,14,,1119272,49,,,1,15,,1066978,49,,,1,13,,1119286,49,,,1,56,,1119303,49,,,1,14,,1119295,49,,,1,15,,1119299,49,,,1,14,,1119262,49,,,1,55,,1119310,49,,,1,15,,1119294,49,,,1,18,,1119269,49,,,1,15,,996328,49,,,1,54,,1119282,49,,,1,16,,1119309,49,,,1,16,,1119292,49,,,1,14,,1086083,49,,,1,56,,1119281,49,,,1,15,,1119264,49,,,1,15,,1119297,49,,,1,16,,1119289,49,,,1,56,,1119278,49,,,1,14,,1119302,49,,,1,16,,1119296,49,,,1,17,,1119268,49,,,1,56,,1119298,49,,,1,16,,1119304,49,,,1,16,,1098576,49,,,1,17,,1119263,49,,,1,72,,1119277,49,,,1,15,,1119284,49,,,1,56,,1119301,49,,,1,14,,1119313,49,,,1,13,,1119270,49,,,1,13,,1119276,49,,,1,14,,1119266,49,,,1,55,,1119291,49,,,1,13,,1119307,49,,,1,15,,1119312,49,,,1,12,,1119305,49,,,1,68,,957302,49,,,1,28,,1119293,49,,,1,69,,1119273,49,,,1,28,,1119288,49,,,1,69,,1119283,49,,,1,29,,1066199,49,,,1,69,,1119279,49,,,1,26,,1119308,49,,,1,70,,1119311,49,,,1,28,,1119265,49,,,1,68,,1119290,49,,,1,44,,1119306,49,,,1
1401,'17',731,,1119317,49,,,1,109,,1119334,49,,,1,70,,1119315,49,,,1,30,,1119332,49,,,1,70,,1119320,49,,,1,34,,1119335,49,,,1,70,,1119344,49,,,1,30,,1119338,49,,,1,70,,1119333,49,,,1,35,,1119337,49,,,1,71,,1119321,49,,,1,31,,1119316,49,,,1,70,,1119331,49,,,1,30,,1119327,49,,,1,70,,1119329,49,,,1,30,,1119326,49,,,1,70,,1119341,49,,,1,30,,1119325,49,,,1,70,,1119336,49,,,1,30,,1119343,49,,,1,70,,1119324,49,,,1,29,,1119319,49,,,1,70,,1119318,49,,,1,28,,1119342,49,,,1,70,,1119328,49,,,1,29,,1119322,49,,,1,70,,1119323,49,,,1,30,,1119340,49,,,1,94,,1119330,49,,,1,97,,1119339,49,,,1
1401,'2',708,,1119380,49,,,1,30,,1119361,49,,,1,70,,1119370,49,,,1,34,,1119348,49,,,1,70,,1119367,49,,,1,30,,1119358,49,,,1,70,,1096012,49,,,1,34,,1119364,49,,,1,70,,1119373,49,,,1,30,,1083019,49,,,1,70,,1078129,49,,,1,15,,1119357,49,,,1,17,,1119376,49,,,1,55,,1119377,49,,,1,16,,1119362,49,,,1,15,,1119369,49,,,1,16,,1119372,49,,,1,55,,1119356,49,,,1,15,,1119349,49,,,1,15,,1119378,49,,,1,15,,1119350,49,,,1,55,,1119351,49,,,1,15,,1119355,49,,,1,15,,1119360,49,,,1,15,,1119374,49,,,1,55,,1119353,49,,,1,15,,1119366,49,,,1,15,,1119346,49,,,1,15,,1119385,49,,,1,55,,1119363,49,,,1,15,,1119382,49,,,1,15,,1119386,49,,,1,15,,1119383,49,,,1,70,,1119375,49,,,1,29,,1119347,49,,,1,70,,1119379,49,,,1,28,,1119381,49,,,1,70,,1119384,49,,,1,29,,1119368,49,,,1,70,,1119354,49,,,1,30,,1081516,49,,,1,67,,1119345,49,,,1,30,,1119365,49,,,1,67,,1119352,49,,,1,30,,1119359,49,,,1,70,,1071569,49,,,1,40,,1119371,49,,,1
1401,'3',731,,1119389,49,,,1,109,,1119406,49,,,1,70,,1119387,49,,,1,30,,1119404,49,,,1,70,,1119392,49,,,1,34,,1119407,49,,,1,70,,1119416,49,,,1,30,,1119410,49,,,1,70,,1119405,49,,,1,35,,1119409,49,,,1,71,,1119393,49,,,1,31,,1119388,49,,,1,70,,1119403,49,,,1,30,,1119399,49,,,1,70,,1119401,49,,,1,30,,1119398,49,,,1,70,,1119413,49,,,1,30,,1119397,49,,,1,70,,1119408,49,,,1,30,,1119415,49,,,1,70,,1119396,49,,,1,29,,1119391,49,,,1,70,,1119390,49,,,1,28,,1119414,49,,,1,70,,1119400,49,,,1,29,,1119394,49,,,1,70,,1119395,49,,,1,30,,1119412,49,,,1,94,,1119402,49,,,1,97,,1119411,49,,,1
1401,'4',731,,1119440,49,,,1,109,,1119423,49,,,1,70,,1119427,49,,,1,30,,1091186,49,,,1,70,,1119425,49,,,1,34,,1119421,49,,,1,70,,1119441,49,,,1,30,,1119436,49,,,1,70,,1119424,49,,,1,35,,1119442,49,,,1,71,,1119432,49,,,1,31,,1119435,49,,,1,70,,1022379,49,,,1,30,,1119422,49,,,1,70,,1119438,49,,,1,30,,1119420,49,,,1,70,,1119418,49,,,1,30,,1119433,49,,,1,70,,1119444,49,,,1,30,,1119443,49,,,1,70,,1119434,49,,,1,29,,1119426,49,,,1,70,,1119429,49,,,1,28,,1119431,49,,,1,70,,1119430,49,,,1,29,,1119428,49,,,1,70,,1119417,49,,,1,30,,1119439,49,,,1,94,,1119437,49,,,1,97,,1119419,49,,,1
1401,'5',627,,1119473,49,,,1,26,,1119489,49,,,1,57,,1119476,49,,,1,16,,1078257,49,,,1,14,,1119462,49,,,1,19,,1119486,49,,,1,58,,1119478,49,,,1,17,,1073207,49,,,1,16,,1092420,49,,,1,55,,1119467,49,,,1,14,,1119474,49,,,1,15,,1119493,49,,,1,13,,1119454,49,,,1,56,,1119448,49,,,1,14,,1099819,49,,,1,15,,1119481,49,,,1,14,,1119450,49,,,1,55,,942958,49,,,1,15,,1119485,49,,,1,18,,1119494,49,,,1,15,,1119465,49,,,1,54,,1119471,49,,,1,16,,1119492,49,,,1,16,,1119484,49,,,1,14,,1087532,49,,,1,56,,1119455,49,,,1,15,,1119480,49,,,1,15,,1119463,49,,,1,16,,1060369,49,,,1,56,,1119487,49,,,1,14,,1085007,49,,,1,16,,1119445,49,,,1,17,,1097402,49,,,1,56,,1119460,49,,,1,16,,1119490,49,,,1,16,,1119453,49,,,1,17,,1119472,49,,,1,72,,1119495,49,,,1,15,,1119449,49,,,1,56,,1119451,49,,,1,14,,1119457,49,,,1,13,,1119477,49,,,1,13,,1119447,49,,,1,14,,1119458,49,,,1,55,,1119475,49,,,1,13,,1119459,49,,,1,15,,1119491,49,,,1,12,,1119468,49,,,1,68,,1119464,49,,,1,28,,1119446,49,,,1,69,,1119461,49,,,1,28,,1119479,49,,,1,69,,1119466,49,,,1,29,,1119482,49,,,1,69,,1119470,49,,,1,26,,1119452,49,,,1,70,,1119483,49,,,1,28,,1119488,49,,,1,68,,1119469,49,,,1,44,,1119456,49,,,1
1401,'6',627,,1119538,49,,,1,26,,1082031,49,,,1,57,,1082036,49,,,1,16,,1119509,49,,,1,14,,1100312,49,,,1,19,,1119542,49,,,1,58,,1119515,49,,,1,17,,1091695,49,,,1,16,,1119505,49,,,1,55,,1064249,49,,,1,14,,1119503,49,,,1,15,,1119498,49,,,1,13,,1119514,49,,,1,56,,1119529,49,,,1,14,,1119523,49,,,1,15,,1119527,49,,,1,14,,1119496,49,,,1,55,,1119536,49,,,1,15,,1119522,49,,,1,18,,1119502,49,,,1,15,,1119501,49,,,1,54,,1119511,49,,,1,16,,1119535,49,,,1,16,,1119520,49,,,1,14,,1119537,49,,,1,56,,1119510,49,,,1,15,,1038051,49,,,1,15,,1119525,49,,,1,16,,1119517,49,,,1,56,,1119507,49,,,1,14,,1119528,49,,,1,16,,1119524,49,,,1,17,,1119499,49,,,1,56,,1119526,49,,,1,16,,1119530,49,,,1,16,,1119540,49,,,1,17,,1069400,49,,,1,72,,1119506,49,,,1,15,,1119513,49,,,1,56,,1060422,49,,,1,14,,1075176,49,,,1,13,,1079912,49,,,1,13,,1090553,49,,,1,14,,1011192,49,,,1,55,,1119519,49,,,1,13,,1119533,49,,,1,15,,1040797,49,,,1,12,,1119531,49,,,1,68,,1119500,49,,,1,28,,1119521,49,,,1,69,,1119504,49,,,1,28,,1119516,49,,,1,69,,1119512,49,,,1,29,,1119541,49,,,1,69,,1119508,49,,,1,26,,1119534,49,,,1,70,,1119539,49,,,1,28,,1119497,49,,,1,68,,1119518,49,,,1,44,,1119532,49,,,1
1401,'7',708,,1119585,49,,,1,30,,1119569,49,,,1,70,,1119555,49,,,1,34,,1119582,49,,,1,70,,1119551,49,,,1,30,,1119560,49,,,1,70,,1119559,49,,,1,34,,1119581,49,,,1,70,,1119580,49,,,1,30,,1119543,49,,,1,70,,1119567,49,,,1,15,,1119570,49,,,1,17,,1119578,49,,,1,55,,1119588,49,,,1,16,,1119568,49,,,1,15,,1119571,49,,,1,16,,1119579,49,,,1,55,,1119583,49,,,1,15,,1119545,49,,,1,15,,1119546,49,,,1,15,,1119563,49,,,1,55,,1119589,49,,,1,15,,1119574,49,,,1,15,,1119562,49,,,1,15,,1119576,49,,,1,55,,1119564,49,,,1,15,,1119566,49,,,1,15,,1119549,49,,,1,15,,1119547,49,,,1,55,,1119565,49,,,1,15,,1119587,49,,,1,15,,1119575,49,,,1,15,,1119584,49,,,1,70,,1119573,49,,,1,29,,1119561,49,,,1,70,,1119557,49,,,1,28,,1119558,49,,,1,70,,1119552,49,,,1,29,,1119556,49,,,1,70,,1119577,49,,,1,30,,1119550,49,,,1,67,,1119544,49,,,1,30,,1119572,49,,,1,67,,1119553,49,,,1,30,,1119548,49,,,1,70,,1119586,49,,,1,40,,1119554,49,,,1
1401,'8',627,,1119643,49,,,1,26,,1119602,49,,,1,57,,1119631,49,,,1,16,,1119611,49,,,1,14,,1119606,49,,,1,19,,1119649,49,,,1,58,,1119618,49,,,1,17,,1119595,49,,,1,16,,1119605,49,,,1,55,,1119616,49,,,1,14,,1119603,49,,,1,15,,1119596,49,,,1,13,,1119617,49,,,1,56,,1119634,49,,,1,14,,1119626,49,,,1,15,,1119630,49,,,1,14,,1119590,49,,,1,55,,1119641,49,,,1,15,,1119625,49,,,1,18,,1119600,49,,,1,15,,1119599,49,,,1,54,,1119613,49,,,1,16,,1119640,49,,,1,16,,1119623,49,,,1,14,,1119642,49,,,1,56,,1119612,49,,,1,15,,1119592,49,,,1,15,,1119628,49,,,1,16,,1119620,49,,,1,56,,1119609,49,,,1,14,,1119633,49,,,1,16,,1119627,49,,,1,17,,1119597,49,,,1,56,,1119629,49,,,1,16,,1119635,49,,,1,16,,1119645,49,,,1,17,,1119591,49,,,1,72,,1119608,49,,,1,15,,1119615,49,,,1,56,,1119632,49,,,1,14,,1119647,49,,,1,13,,1119601,49,,,1,13,,1119607,49,,,1,14,,1119594,49,,,1,55,,1119622,49,,,1,13,,1119638,49,,,1,15,,1119646,49,,,1,12,,1119636,49,,,1,68,,1119598,49,,,1,28,,1119624,49,,,1,69,,1119604,49,,,1,28,,1119619,49,,,1,69,,1119614,49,,,1,29,,1119648,49,,,1,69,,1119610,49,,,1,26,,1119639,49,,,1,70,,1119644,49,,,1,28,,1119593,49,,,1,68,,1119621,49,,,1,44,,1119637,49,,,1
1401,'9',627,,1119678,49,,,1,26,,1119694,49,,,1,57,,1119681,49,,,1,16,,1078153,49,,,1,14,,1119667,49,,,1,19,,1119691,49,,,1,58,,1119683,49,,,1,17,,1073138,49,,,1,16,,1092346,49,,,1,55,,1119672,49,,,1,14,,1119679,49,,,1,15,,1119698,49,,,1,13,,1119659,49,,,1,56,,1119653,49,,,1,14,,1099776,49,,,1,15,,1119686,49,,,1,14,,1119655,49,,,1,55,,942902,49,,,1,15,,1119690,49,,,1,18,,1119699,49,,,1,15,,1119670,49,,,1,54,,1119676,49,,,1,16,,1119697,49,,,1,16,,1119689,49,,,1,14,,1087432,49,,,1,56,,1119660,49,,,1,15,,1119685,49,,,1,15,,1119668,49,,,1,16,,1060384,49,,,1,56,,1119692,49,,,1,14,,1084940,49,,,1,16,,1119650,49,,,1,17,,1097286,49,,,1,56,,1119665,49,,,1,16,,1119695,49,,,1,16,,1119658,49,,,1,17,,1119677,49,,,1,72,,1119700,49,,,1,15,,1119654,49,,,1,56,,1119656,49,,,1,14,,1119662,49,,,1,13,,1119682,49,,,1,13,,1119652,49,,,1,14,,1119663,49,,,1,55,,1119680,49,,,1,13,,1119664,49,,,1,15,,1119696,49,,,1,12,,1119673,49,,,1,68,,1119669,49,,,1,28,,1119651,49,,,1,69,,1119666,49,,,1,28,,1119684,49,,,1,69,,1119671,49,,,1,29,,1119687,49,,,1,69,,1119675,49,,,1,26,,1119657,49,,,1,70,,1119688,49,,,1,28,,1119693,49,,,1,68,,1119674,49,,,1,44,,1119661,49,,,1
