11001,'1',554,,1185035,55,0,35,1,76,,1185058,55,0,35,1,70,,1185047,55,0,35,1,30,,1185051,55,0,35,1,70,,1185040,55,0,35,1,33,,1185053,55,0,35,1,70,,1185044,55,0,35,1,30,,1185039,55,0,35,1,26,,1185056,55,0,35,1,67,,1185061,55,0,35,1,30,,1063087,55,0,35,1,74,,1185048,55,0,35,1,70,,1185037,55,0,35,1,30,,1185059,55,0,35,1,28,,1185054,55,0,35,1,70,,1185049,55,0,35,1,31,,1185034,55,0,35,1,70,,1036958,55,0,35,1,30,,1185033,55,0,35,1,70,,1185052,55,0,35,1,77,,1185031,55,0,35,1,34,,1185046,55,0,35,1,73,,1185060,55,0,35,1,25,,1185041,55,0,35,1,70,,1185050,55,0,35,1,28,,1185057,55,0,35,1,66,,1185042,55,0,35,1,27,,1185043,55,0,35,1,22,,1185036,55,0,35,1,70,,1185055,55,0,35,1,30,,1185045,55,0,35,1
11001,'10',554,,1185066,55,0,35,1,76,,1185089,55,0,35,1,70,,1185078,55,0,35,1,30,,1185082,55,0,35,1,70,,1185071,55,0,35,1,33,,1185084,55,0,35,1,70,,1185075,55,0,35,1,30,,1185070,55,0,35,1,26,,1185087,55,0,35,1,67,,1185092,55,0,35,1,30,,1062745,55,0,35,1,74,,1185079,55,0,35,1,70,,1185068,55,0,35,1,30,,1185090,55,0,35,1,28,,1185085,55,0,35,1,70,,1185080,55,0,35,1,31,,1185065,55,0,35,1,70,,1037188,55,0,35,1,30,,1185064,55,0,35,1,70,,1185083,55,0,35,1,77,,1185062,55,0,35,1,34,,1185077,55,0,35,1,73,,1185091,55,0,35,1,25,,1185072,55,0,35,1,70,,1185081,55,0,35,1,28,,1185088,55,0,35,1,66,,1185073,55,0,35,1,27,,1185074,55,0,35,1,22,,1185067,55,0,35,1,70,,1185086,55,0,35,1,30,,1185076,55,0,35,1
11001,'11',554,,1185097,55,0,35,1,76,,1185120,55,0,35,1,70,,1185109,55,0,35,1,30,,1185113,55,0,35,1,70,,1185102,55,0,35,1,33,,1185115,55,0,35,1,70,,1185106,55,0,35,1,30,,1185101,55,0,35,1,26,,1185118,55,0,35,1,67,,1185123,55,0,35,1,30,,1063188,55,0,35,1,74,,1185110,55,0,35,1,70,,1185099,55,0,35,1,30,,1185121,55,0,35,1,28,,1185116,55,0,35,1,70,,1185111,55,0,35,1,31,,1185096,55,0,35,1,70,,1036891,55,0,35,1,30,,1185095,55,0,35,1,70,,1185114,55,0,35,1,77,,1185093,55,0,35,1,34,,1185108,55,0,35,1,73,,1185122,55,0,35,1,25,,1185103,55,0,35,1,70,,1185112,55,0,35,1,28,,1185119,55,0,35,1,66,,1185104,55,0,35,1,27,,1185105,55,0,35,1,22,,1185098,55,0,35,1,70,,1185117,55,0,35,1,30,,1185107,55,0,35,1
11001,'12',554,,936978,55,0,35,1,76,,1185127,55,0,35,1,70,,1185128,55,0,35,1,30,,1185125,55,0,35,1,70,,1185153,55,0,35,1,33,,1185143,55,0,35,1,70,,1185134,55,0,35,1,30,,1185150,55,0,35,1,26,,1185145,55,0,35,1,67,,1185137,55,0,35,1,30,,1185140,55,0,35,1,74,,1185147,55,0,35,1,70,,1185146,55,0,35,1,30,,1100693,55,0,35,1,28,,1185136,55,0,35,1,70,,1185152,55,0,35,1,31,,1185149,55,0,35,1,70,,1185135,55,0,35,1,30,,1185126,55,0,35,1,70,,1185131,55,0,35,1,77,,1185133,55,0,35,1,34,,1185132,55,0,35,1,73,,1185141,55,0,35,1,25,,1185129,55,0,35,1,70,,1185144,55,0,35,1,28,,1185142,55,0,35,1,66,,1185124,55,0,35,1,27,,1185138,55,0,35,1,22,,1185130,55,0,35,1,70,,1185139,55,0,35,1,30,,1094066,55,0,35,1
11001,'13',628,,1185158,56,0,35,1,30,,1185156,56,0,35,1,1071,,1185155,56,0,35,1,30,,1185159,56,0,35,1
11001,'14',554,,1185166,55,0,35,1,76,,1185189,55,0,35,1,70,,1185178,55,0,35,1,30,,1185182,55,0,35,1,70,,1185171,55,0,35,1,33,,1185184,55,0,35,1,70,,1185175,55,0,35,1,30,,1185170,55,0,35,1,26,,1185187,55,0,35,1,67,,1185192,55,0,35,1,30,,1185160,55,0,35,1,74,,1185179,55,0,35,1,70,,1185168,55,0,35,1,30,,1185190,55,0,35,1,28,,1185185,55,0,35,1,70,,1185180,55,0,35,1,31,,1185164,55,0,35,1,70,,1185165,55,0,35,1,30,,1185163,55,0,35,1,70,,1185183,55,0,35,1,77,,1185161,55,0,35,1,34,,1185177,55,0,35,1,73,,1185191,55,0,35,1,25,,1185172,55,0,35,1,70,,1185181,55,0,35,1,28,,1185188,55,0,35,1,66,,1185173,55,0,35,1,27,,1185174,55,0,35,1,22,,1185167,55,0,35,1,70,,1185186,55,0,35,1,30,,1185176,55,0,35,1
11001,'15',554,,1185218,55,0,35,1,76,,1185225,55,0,35,1,70,,1185207,55,0,35,1,30,,1185195,55,0,35,1,70,,1185200,55,0,35,1,33,,1185209,55,0,35,1,70,,1185194,55,0,35,1,30,,1185196,55,0,35,1,26,,1185212,55,0,35,1,67,,1185199,55,0,35,1,30,,1185205,55,0,35,1,74,,1185223,55,0,35,1,70,,1185215,55,0,35,1,30,,1185214,55,0,35,1,28,,1185211,55,0,35,1,70,,1185201,55,0,35,1,31,,1185197,55,0,35,1,70,,1185202,55,0,35,1,30,,1185217,55,0,35,1,70,,1185224,55,0,35,1,77,,1185204,55,0,35,1,34,,1185210,55,0,35,1,73,,1185216,55,0,35,1,25,,1185206,55,0,35,1,70,,1185213,55,0,35,1,28,,1185219,55,0,35,1,66,,1185193,55,0,35,1,27,,1185222,55,0,35,1,22,,1185220,55,0,35,1,70,,1185198,55,0,35,1,30,,1185221,55,0,35,1
11001,'16',554,,1185256,55,0,35,1,76,,1083917,55,0,35,1,70,,1185231,55,0,35,1,30,,1185228,55,0,35,1,70,,894323,55,0,35,1,33,,1185246,55,0,35,1,70,,1185237,55,0,35,1,30,,1185253,55,0,35,1,26,,1185248,55,0,35,1,67,,1185240,55,0,35,1,30,,1185243,55,0,35,1,74,,1185250,55,0,35,1,70,,1185249,55,0,35,1,30,,1185230,55,0,35,1,28,,1185239,55,0,35,1,70,,1185255,55,0,35,1,31,,1185252,55,0,35,1,70,,1185238,55,0,35,1,30,,1185229,55,0,35,1,70,,1185234,55,0,35,1,77,,1185236,55,0,35,1,34,,1185235,55,0,35,1,73,,1185244,55,0,35,1,25,,1185232,55,0,35,1,70,,1185247,55,0,35,1,28,,1185245,55,0,35,1,66,,1185227,55,0,35,1,27,,1185241,55,0,35,1,22,,1185233,55,0,35,1,70,,1185242,55,0,35,1,30,,1185226,55,0,35,1
11001,'17',628,,1185261,56,0,35,1,30,,1185259,56,0,35,1,1071,,1185258,56,0,35,1,30,,1185262,56,0,35,1
11001,'2',628,,1185265,56,0,35,1,30,,1185268,56,0,35,1,1071,,1185266,56,0,35,1,30,,1185267,56,0,35,1
11001,'3',628,,1185273,56,0,35,1,30,,1185271,56,0,35,1,1071,,1185270,56,0,35,1,30,,1185274,56,0,35,1
11001,'4',628,,1185277,56,0,35,1,30,,1185279,56,0,35,1,1071,,1185278,56,0,35,1,30,,1185275,56,0,35,1
11001,'5',554,,1185285,55,0,35,1,76,,1185308,55,0,35,1,70,,1185297,55,0,35,1,30,,1185301,55,0,35,1,70,,1185290,55,0,35,1,33,,1185303,55,0,35,1,70,,1185294,55,0,35,1,30,,1185289,55,0,35,1,26,,1185306,55,0,35,1,67,,1185311,55,0,35,1,30,,1063033,55,0,35,1,74,,1185298,55,0,35,1,70,,1185287,55,0,35,1,30,,1185309,55,0,35,1,28,,1185304,55,0,35,1,70,,1185299,55,0,35,1,31,,1185284,55,0,35,1,70,,1036543,55,0,35,1,30,,1185283,55,0,35,1,70,,1185302,55,0,35,1,77,,1185281,55,0,35,1,34,,1185296,55,0,35,1,73,,1185310,55,0,35,1,25,,1185291,55,0,35,1,70,,1185300,55,0,35,1,28,,1185307,55,0,35,1,66,,1185292,55,0,35,1,27,,1185293,55,0,35,1,22,,1185286,55,0,35,1,70,,1185305,55,0,35,1,30,,1185295,55,0,35,1
11001,'6',554,,1185333,55,0,35,1,76,,1185314,55,0,35,1,70,,1086771,55,0,35,1,30,,1043192,55,0,35,1,70,,1185334,55,0,35,1,33,,1185325,55,0,35,1,70,,1185318,55,0,35,1,30,,1080836,55,0,35,1,26,,1185327,55,0,35,1,67,,1185320,55,0,35,1,30,,1185323,55,0,35,1,74,,1185329,55,0,35,1,70,,1185328,55,0,35,1,30,,1185313,55,0,35,1,28,,1060066,55,0,35,1,70,,1070393,55,0,35,1,31,,1185331,55,0,35,1,70,,1185319,55,0,35,1,30,,947726,55,0,35,1,70,,1185315,55,0,35,1,77,,1185317,55,0,35,1,34,,1185316,55,0,35,1,73,,1101477,55,0,35,1,25,,1102787,55,0,35,1,70,,1185326,55,0,35,1,28,,1185324,55,0,35,1,66,,1026581,55,0,35,1,27,,1185321,55,0,35,1,22,,1085083,55,0,35,1,70,,1185322,55,0,35,1,30,,1185312,55,0,35,1
11001,'7',628,,1185339,56,0,35,1,30,,1185336,56,0,35,1,1071,,1185335,56,0,35,1,30,,1185338,56,0,35,1
11001,'8',554,,1185372,55,0,35,1,76,,1185346,55,0,35,1,70,,1185347,55,0,35,1,30,,1185343,55,0,35,1,70,,1185373,55,0,35,1,33,,1185362,55,0,35,1,70,,1185353,55,0,35,1,30,,1185369,55,0,35,1,26,,1185364,55,0,35,1,67,,1185356,55,0,35,1,30,,1185359,55,0,35,1,74,,1185366,55,0,35,1,70,,1185365,55,0,35,1,30,,1185345,55,0,35,1,28,,1185355,55,0,35,1,70,,1185371,55,0,35,1,31,,1185368,55,0,35,1,70,,1185354,55,0,35,1,30,,1185344,55,0,35,1,70,,1185350,55,0,35,1,77,,1185352,55,0,35,1,34,,1185351,55,0,35,1,73,,1185360,55,0,35,1,25,,1185348,55,0,35,1,70,,1185363,55,0,35,1,28,,1185361,55,0,35,1,66,,1185342,55,0,35,1,27,,1185357,55,0,35,1,22,,1185349,55,0,35,1,70,,1185358,55,0,35,1,30,,1185341,55,0,35,1
11001,'9',554,,1185378,55,0,35,1,76,,1185401,55,0,35,1,70,,1185390,55,0,35,1,30,,1185394,55,0,35,1,70,,1185383,55,0,35,1,33,,1185396,55,0,35,1,70,,1185387,55,0,35,1,30,,1185382,55,0,35,1,26,,1185399,55,0,35,1,67,,1185404,55,0,35,1,30,,1062857,55,0,35,1,74,,1185391,55,0,35,1,70,,1185380,55,0,35,1,30,,1185402,55,0,35,1,28,,1185397,55,0,35,1,70,,1185392,55,0,35,1,31,,1185377,55,0,35,1,70,,1037025,55,0,35,1,30,,1185376,55,0,35,1,70,,1185395,55,0,35,1,77,,1185374,55,0,35,1,34,,1185389,55,0,35,1,73,,1185403,55,0,35,1,25,,1185384,55,0,35,1,70,,1185393,55,0,35,1,28,,1185400,55,0,35,1,66,,1185385,55,0,35,1,27,,1185386,55,0,35,1,22,,1185379,55,0,35,1,70,,1185398,55,0,35,1,30,,1185388,55,0,35,1
16800,'1',531,,1192869,26,,,1,70,,1192863,26,,,1,28,,1192874,26,,,1,30,,1017304,26,,,1,69,,1192881,26,,,1,30,,1083600,26,,,1,70,,1012320,26,,,1,30,,1192859,26,,,1,71,,1192883,26,,,1,30,,942790,26,,,1,70,,1192867,26,,,1,30,,1192871,26,,,1,70,,1192861,26,,,1,30,,1192878,26,,,1,70,,1192860,26,,,1,30,,1192884,26,,,1,71,,1031308,26,,,1,70,,1192879,26,,,1,30,,1192864,26,,,1,29,,1192882,26,,,1,71,,1192872,26,,,1,71,,1192868,26,,,1,30,,1192862,26,,,1,70,,1192877,26,,,1,29,,1078721,26,,,1,29,,1192866,26,,,1,69,,1022454,26,,,1,29,,1012322,26,,,1,70,,1192875,26,,,1,30,,1090236,26,,,1,69,,1192870,26,,,1,30,,1192873,26,,,1,70,,1192865,26,,,1,104,,1192880,26,,,1,119,,1192876,26,,,1
16800,'10',531,,1192895,26,,,1,70,,1192889,26,,,1,28,,1192900,26,,,1,30,,1017472,26,,,1,69,,1192907,26,,,1,30,,1083361,26,,,1,70,,1012403,26,,,1,30,,1192885,26,,,1,71,,1192909,26,,,1,30,,942427,26,,,1,70,,1192893,26,,,1,30,,1192897,26,,,1,70,,1192887,26,,,1,30,,1192904,26,,,1,70,,1192886,26,,,1,30,,1192910,26,,,1,71,,1031392,26,,,1,70,,1192905,26,,,1,30,,1192890,26,,,1,29,,1192908,26,,,1,71,,1192898,26,,,1,71,,1192894,26,,,1,30,,1192888,26,,,1,70,,1192903,26,,,1,29,,1078457,26,,,1,29,,1192892,26,,,1,69,,1022581,26,,,1,29,,1012405,26,,,1,70,,1192901,26,,,1,30,,1090092,26,,,1,69,,1192896,26,,,1,30,,1192899,26,,,1,70,,1192891,26,,,1,104,,1192906,26,,,1,119,,1192902,26,,,1
16800,'11',531,,1192921,26,,,1,70,,1192915,26,,,1,28,,1192926,26,,,1,30,,1017253,26,,,1,69,,1192933,26,,,1,30,,1083670,26,,,1,70,,1012297,26,,,1,30,,1192911,26,,,1,71,,1192935,26,,,1,30,,942734,26,,,1,70,,1192919,26,,,1,30,,1192923,26,,,1,70,,1192913,26,,,1,30,,1192930,26,,,1,70,,1192912,26,,,1,30,,1192936,26,,,1,71,,1031282,26,,,1,70,,1192931,26,,,1,30,,1192916,26,,,1,29,,1192934,26,,,1,71,,1192924,26,,,1,71,,1192920,26,,,1,30,,1192914,26,,,1,70,,1192929,26,,,1,29,,1078801,26,,,1,29,,1192918,26,,,1,69,,1022415,26,,,1,29,,1012299,26,,,1,70,,1192927,26,,,1,30,,1090280,26,,,1,69,,1192922,26,,,1,30,,1192925,26,,,1,70,,1192917,26,,,1,104,,1192932,26,,,1,119,,1192928,26,,,1
16800,'12',531,,1192960,26,,,1,70,,1192942,26,,,1,28,,1192948,26,,,1,30,,1192954,26,,,1,69,,1192953,26,,,1,30,,1192963,26,,,1,70,,1192941,26,,,1,30,,1192951,26,,,1,71,,1192943,26,,,1,30,,1192959,26,,,1,70,,1037950,26,,,1,30,,1192961,26,,,1,70,,1192945,26,,,1,30,,1192947,26,,,1,70,,1192955,26,,,1,30,,1192938,26,,,1,71,,1192952,26,,,1,70,,1192962,26,,,1,30,,1192946,26,,,1,29,,1192950,26,,,1,71,,1052122,26,,,1,71,,1101373,26,,,1,30,,1192964,26,,,1,70,,942200,26,,,1,29,,1192944,26,,,1,29,,1192937,26,,,1,69,,1192958,26,,,1,29,,1192940,26,,,1,70,,1192957,26,,,1,30,,1192939,26,,,1,69,,1060551,26,,,1,30,,1192956,26,,,1,70,,1068847,26,,,1,104,,1192949,26,,,1,119,,1192965,26,,,1
16800,'13',646,,1080180,26,,,1,100,,1192969,26,,,1,100,,1192982,26,,,1,70,,1192966,26,,,1,31,,1192973,26,,,1,72,,1192987,26,,,1,30,,1192984,26,,,1,70,,1192970,26,,,1,30,,1192975,26,,,1,70,,1192983,26,,,1,30,,1192980,26,,,1,70,,1192985,26,,,1,30,,1192981,26,,,1,70,,1084963,26,,,1,30,,1192967,26,,,1,70,,1192971,26,,,1,30,,1192990,26,,,1,70,,1192979,26,,,1,30,,1192976,26,,,1,70,,1192974,26,,,1,30,,1192988,26,,,1,70,,1192972,26,,,1,30,,1192986,26,,,1,100,,1192968,26,,,1,97,,1064338,26,,,1,100,,1192989,26,,,1,100,,1192978,26,,,1,113,,1192977,26,,,1
16800,'14',531,,1193008,26,,,1,70,,1193002,26,,,1,28,,1193013,26,,,1,30,,1192992,26,,,1,69,,1193020,26,,,1,30,,1192999,26,,,1,70,,1192996,26,,,1,30,,1192991,26,,,1,71,,1193024,26,,,1,30,,1193022,26,,,1,70,,1193006,26,,,1,30,,1193010,26,,,1,70,,1192998,26,,,1,30,,1193017,26,,,1,70,,1192994,26,,,1,30,,1193025,26,,,1,71,,1193001,26,,,1,70,,1193018,26,,,1,30,,1193003,26,,,1,29,,1193023,26,,,1,71,,1193011,26,,,1,71,,1193007,26,,,1,30,,1193000,26,,,1,70,,1193016,26,,,1,29,,1193021,26,,,1,29,,1193005,26,,,1,69,,1192993,26,,,1,29,,1192997,26,,,1,70,,1193014,26,,,1,30,,1192995,26,,,1,69,,1193009,26,,,1,30,,1193012,26,,,1,70,,1193004,26,,,1,104,,1193019,26,,,1,119,,1193015,26,,,1
16800,'15',531,,1193033,26,,,1,70,,1193037,26,,,1,28,,1193046,26,,,1,30,,1193041,26,,,1,69,,1193047,26,,,1,30,,1193048,26,,,1,70,,1193032,26,,,1,30,,1193028,26,,,1,71,,1193038,26,,,1,30,,1193058,26,,,1,70,,1193060,26,,,1,30,,1193055,26,,,1,70,,1193059,26,,,1,30,,1193031,26,,,1,70,,1193036,26,,,1,30,,1193029,26,,,1,71,,1193030,26,,,1,70,,1193054,26,,,1,30,,1193045,26,,,1,29,,1193057,26,,,1,71,,1193052,26,,,1,71,,1193039,26,,,1,30,,1193027,26,,,1,70,,1193056,26,,,1,29,,1193050,26,,,1,29,,1193051,26,,,1,69,,1193053,26,,,1,29,,1193044,26,,,1,70,,1193043,26,,,1,30,,1193040,26,,,1,69,,1193042,26,,,1,30,,1193049,26,,,1,70,,1193034,26,,,1,104,,1193026,26,,,1,119,,1193035,26,,,1
16800,'16',531,,1090270,26,,,1,70,,1193070,26,,,1,28,,1193076,26,,,1,30,,1193082,26,,,1,69,,1193081,26,,,1,30,,1193092,26,,,1,70,,1193069,26,,,1,30,,1193079,26,,,1,71,,1193071,26,,,1,30,,1193087,26,,,1,70,,1193068,26,,,1,30,,1193088,26,,,1,70,,1193073,26,,,1,30,,1193075,26,,,1,70,,1193083,26,,,1,30,,1193064,26,,,1,71,,1193080,26,,,1,70,,1193089,26,,,1,30,,1193074,26,,,1,29,,1193078,26,,,1,71,,1193062,26,,,1,71,,1193090,26,,,1,30,,1083927,26,,,1,70,,1193061,26,,,1,29,,1193072,26,,,1,29,,1193063,26,,,1,69,,1193086,26,,,1,29,,1193067,26,,,1,70,,1193085,26,,,1,30,,1193066,26,,,1,69,,1193065,26,,,1,30,,1193084,26,,,1,70,,1193091,26,,,1,104,,1193077,26,,,1,119,,1193093,26,,,1
16800,'17',646,,1193097,26,,,1,100,,1193099,26,,,1,100,,1193112,26,,,1,70,,1193095,26,,,1,31,,1193103,26,,,1,72,,1193118,26,,,1,30,,1193115,26,,,1,70,,1193100,26,,,1,30,,1193105,26,,,1,70,,1193113,26,,,1,30,,1193110,26,,,1,70,,1193116,26,,,1,30,,1193111,26,,,1,70,,1193114,26,,,1,30,,1193096,26,,,1,70,,1193101,26,,,1,30,,1193121,26,,,1,70,,1193109,26,,,1,30,,1193106,26,,,1,70,,1193104,26,,,1,30,,1193119,26,,,1,70,,1193102,26,,,1,30,,1193117,26,,,1,100,,1193098,26,,,1,97,,1193094,26,,,1,100,,1193120,26,,,1,100,,1193108,26,,,1,113,,1193107,26,,,1
16800,'2',648,,1193127,26,,,1,100,,1193141,26,,,1,70,,1193132,26,,,1,30,,1193147,26,,,1,70,,1193142,26,,,1,30,,1193136,26,,,1,73,,1193124,26,,,1,30,,1193123,26,,,1,70,,1193149,26,,,1,30,,1193139,26,,,1,70,,1037542,26,,,1,30,,1193130,26,,,1,70,,1193126,26,,,1,30,,1193143,26,,,1,70,,1193145,26,,,1,30,,1193128,26,,,1,70,,1193144,26,,,1,30,,1193125,26,,,1,70,,1193133,26,,,1,30,,1193135,26,,,1,70,,1193140,26,,,1,30,,1193134,26,,,1,70,,1193131,26,,,1,30,,1090115,26,,,1,70,,1193129,26,,,1,30,,1086560,26,,,1,67,,1193137,26,,,1,30,,1193146,26,,,1,70,,1193150,26,,,1,30,,1193138,26,,,1,100,,1193122,26,,,1,160,,1193148,26,,,1
16800,'3',646,,1193154,26,,,1,100,,1193156,26,,,1,100,,1193169,26,,,1,70,,1193152,26,,,1,31,,1193160,26,,,1,72,,1193175,26,,,1,30,,1193172,26,,,1,70,,1193157,26,,,1,30,,1193162,26,,,1,70,,1193170,26,,,1,30,,1193167,26,,,1,70,,1193173,26,,,1,30,,1193168,26,,,1,70,,1193171,26,,,1,30,,1193153,26,,,1,70,,1193158,26,,,1,30,,1193178,26,,,1,70,,1193166,26,,,1,30,,1193163,26,,,1,70,,1193161,26,,,1,30,,1193176,26,,,1,70,,1193159,26,,,1,30,,1193174,26,,,1,100,,1193155,26,,,1,97,,1193151,26,,,1,100,,1193177,26,,,1,100,,1193165,26,,,1,113,,1193164,26,,,1
16800,'4',646,,1193184,26,,,1,100,,1193187,26,,,1,100,,1193192,26,,,1,70,,1193189,26,,,1,31,,1193198,26,,,1,72,,1193199,26,,,1,30,,1193190,26,,,1,70,,1193204,26,,,1,30,,1193201,26,,,1,70,,1193182,26,,,1,30,,1193203,26,,,1,70,,1193205,26,,,1,30,,1193194,26,,,1,70,,1193186,26,,,1,30,,1193181,26,,,1,70,,1193179,26,,,1,30,,1193193,26,,,1,70,,1193185,26,,,1,30,,1193180,26,,,1,70,,1193183,26,,,1,30,,1193196,26,,,1,70,,1193188,26,,,1,30,,1076211,26,,,1,100,,1193197,26,,,1,97,,1193200,26,,,1,100,,1193202,26,,,1,100,,1193195,26,,,1,113,,1193191,26,,,1
16800,'5',531,,1193216,26,,,1,70,,1193210,26,,,1,28,,1193221,26,,,1,30,,1017037,26,,,1,69,,1193228,26,,,1,30,,1083561,26,,,1,70,,1012176,26,,,1,30,,1193206,26,,,1,71,,1193230,26,,,1,30,,942962,26,,,1,70,,1193214,26,,,1,30,,1193218,26,,,1,70,,1193208,26,,,1,30,,1193225,26,,,1,70,,1193207,26,,,1,30,,1193231,26,,,1,71,,1031178,26,,,1,70,,1193226,26,,,1,30,,1193211,26,,,1,29,,1193229,26,,,1,71,,1193219,26,,,1,71,,1193215,26,,,1,30,,1193209,26,,,1,70,,1193224,26,,,1,29,,1078673,26,,,1,29,,1193213,26,,,1,69,,1022251,26,,,1,29,,1012178,26,,,1,70,,1193222,26,,,1,30,,1090213,26,,,1,69,,1193217,26,,,1,30,,1193220,26,,,1,70,,1193212,26,,,1,104,,1193227,26,,,1,119,,1193223,26,,,1
16800,'6',531,,1193255,26,,,1,70,,1193239,26,,,1,28,,1193243,26,,,1,30,,1193249,26,,,1,69,,1193248,26,,,1,30,,1102563,26,,,1,70,,1193238,26,,,1,30,,1193246,26,,,1,71,,1193240,26,,,1,30,,1193254,26,,,1,70,,1193237,26,,,1,30,,1041385,26,,,1,70,,1193241,26,,,1,30,,1193242,26,,,1,70,,1193250,26,,,1,30,,1193234,26,,,1,71,,1193247,26,,,1,70,,1020954,26,,,1,30,,972494,26,,,1,29,,1193245,26,,,1,71,,1193233,26,,,1,71,,1193256,26,,,1,30,,1193258,26,,,1,70,,1193232,26,,,1,29,,1092252,26,,,1,29,,1071758,26,,,1,69,,1193253,26,,,1,29,,1193236,26,,,1,70,,1193252,26,,,1,30,,1039604,26,,,1,69,,1193235,26,,,1,30,,1193251,26,,,1,70,,1193257,26,,,1,104,,1193244,26,,,1,119,,1042741,26,,,1
16800,'7',648,,1193277,26,,,1,100,,1193283,26,,,1,70,,1193270,26,,,1,30,,1193273,26,,,1,70,,1193271,26,,,1,30,,1193287,26,,,1,73,,1193265,26,,,1,30,,1193268,26,,,1,70,,1193286,26,,,1,30,,1193260,26,,,1,70,,1193282,26,,,1,30,,1193288,26,,,1,70,,1193272,26,,,1,30,,1193261,26,,,1,70,,1193259,26,,,1,30,,1193290,26,,,1,70,,1193285,26,,,1,30,,1193262,26,,,1,70,,1193267,26,,,1,30,,1193275,26,,,1,70,,1193280,26,,,1,30,,1193281,26,,,1,70,,1193289,26,,,1,30,,1193263,26,,,1,70,,1193266,26,,,1,30,,1193269,26,,,1,67,,1193284,26,,,1,30,,1193274,26,,,1,70,,1193264,26,,,1,30,,1193276,26,,,1,100,,1193279,26,,,1,160,,1193278,26,,,1
16800,'8',531,,1193318,26,,,1,70,,1193300,26,,,1,28,,1193306,26,,,1,30,,1193312,26,,,1,69,,1193311,26,,,1,30,,1193323,26,,,1,70,,1193299,26,,,1,30,,1193309,26,,,1,71,,1193301,26,,,1,30,,1193317,26,,,1,70,,1193298,26,,,1,30,,1193319,26,,,1,70,,1193303,26,,,1,30,,1193305,26,,,1,70,,1193313,26,,,1,30,,1193294,26,,,1,71,,1193310,26,,,1,70,,1193320,26,,,1,30,,1193304,26,,,1,29,,1193308,26,,,1,71,,1193292,26,,,1,71,,1193321,26,,,1,30,,1193324,26,,,1,70,,1193291,26,,,1,29,,1193302,26,,,1,29,,1193293,26,,,1,69,,1193316,26,,,1,29,,1193297,26,,,1,70,,1193315,26,,,1,30,,1193296,26,,,1,69,,1193295,26,,,1,30,,1193314,26,,,1,70,,1193322,26,,,1,104,,1193307,26,,,1,119,,1193325,26,,,1
16800,'9',531,,1193336,26,,,1,70,,1193330,26,,,1,28,,1193341,26,,,1,30,,1017355,26,,,1,69,,1193348,26,,,1,30,,1083432,26,,,1,70,,1012343,26,,,1,30,,1193326,26,,,1,71,,1193350,26,,,1,30,,942906,26,,,1,70,,1193334,26,,,1,30,,1193338,26,,,1,70,,1193328,26,,,1,30,,1193345,26,,,1,70,,1193327,26,,,1,30,,1193351,26,,,1,71,,1031334,26,,,1,70,,1193346,26,,,1,30,,1193331,26,,,1,29,,1193349,26,,,1,71,,1193339,26,,,1,71,,1193335,26,,,1,30,,1193329,26,,,1,70,,1193344,26,,,1,29,,1078538,26,,,1,29,,1193333,26,,,1,69,,1022493,26,,,1,29,,1012345,26,,,1,70,,1193342,26,,,1,30,,1090140,26,,,1,69,,1193337,26,,,1,30,,1193340,26,,,1,70,,1193332,26,,,1,104,,1193347,26,,,1,119,,1193343,26,,,1
66701,'1',1436,,1084459,23,,,1,7,,1199965,23,,,1
66701,'10',1436,,1084275,23,,,1,7,,1199967,23,,,1
66701,'11',1436,,1084515,23,,,1,7,,1199969,23,,,1
66701,'12',1436,,1199973,23,,,1,7,,1036341,23,,,1
66701,'14',1436,,1199977,23,,,1,7,,1199974,23,,,1
66701,'15',1436,,1199981,23,,,1,7,,1199979,23,,,1
66701,'16',1436,,1199985,23,,,1,7,,1199982,23,,,1
66701,'5',1436,,1084426,23,,,1,7,,1199986,23,,,1
66701,'6',1436,,1199991,23,,,1,7,,1199988,23,,,1
66701,'8',1436,,1199995,23,,,1,7,,1199992,23,,,1
66701,'9',1436,,1084336,23,,,1,7,,1199996,23,,,1
