6301,'1',520,,1156552,10,,,1,33,,1156571,10,,,1,55,,1085596,10,,,1,13,,1038680,10,,,1,15,,1156547,10,,,1,13,,1156568,10,,,1,52,,1156554,10,,,1,14,,1156538,10,,,1,13,,1156573,10,,,1,17,,1156549,10,,,1,55,,1156532,10,,,1,15,,1156541,10,,,1,15,,1156533,10,,,1,15,,1156537,10,,,1,70,,1156551,10,,,1,30,,1156569,10,,,1,69,,1156565,10,,,1,30,,1156559,10,,,1,69,,1077012,10,,,1,29,,1093381,10,,,1,69,,1156544,10,,,1,30,,1156555,10,,,1,70,,1156570,10,,,1,32,,1080758,10,,,1,69,,1156556,10,,,1,29,,1052872,10,,,1,72,,1156543,10,,,1,32,,1156560,10,,,1,73,,1156562,10,,,1,15,,1156534,10,,,1,16,,1156546,10,,,1,55,,1156536,10,,,1,15,,1156539,10,,,1,15,,1156558,10,,,1,15,,1156553,10,,,1,51,,1156566,10,,,1,17,,1076651,10,,,1,13,,948346,10,,,1,15,,1156542,10,,,1,13,,1156564,10,,,1,56,,1156567,10,,,1,16,,1156535,10,,,1,29,,1156531,10,,,1,70,,1050837,10,,,1,30,,1156545,10,,,1,71,,1156540,10,,,1,29,,1156529,10,,,1,69,,1156561,10,,,1,29,,1156530,10,,,1,69,,1156548,10,,,1
6301,'10',520,,1156597,10,,,1,33,,1156616,10,,,1,55,,1085339,10,,,1,13,,1038768,10,,,1,15,,1156592,10,,,1,13,,1156613,10,,,1,52,,1156599,10,,,1,14,,1156583,10,,,1,13,,1156618,10,,,1,17,,1156594,10,,,1,55,,1156577,10,,,1,15,,1156586,10,,,1,15,,1156578,10,,,1,15,,1156582,10,,,1,70,,1156596,10,,,1,30,,1156614,10,,,1,69,,1156610,10,,,1,30,,1156604,10,,,1,69,,1076788,10,,,1,29,,1093065,10,,,1,69,,1156589,10,,,1,30,,1156600,10,,,1,70,,1156615,10,,,1,32,,1080585,10,,,1,69,,1156601,10,,,1,29,,1052918,10,,,1,72,,1156588,10,,,1,32,,1156605,10,,,1,73,,1156607,10,,,1,15,,1156579,10,,,1,16,,1156591,10,,,1,55,,1156581,10,,,1,15,,1156584,10,,,1,15,,1156603,10,,,1,15,,1156598,10,,,1,51,,1156611,10,,,1,17,,1076445,10,,,1,13,,948079,10,,,1,15,,1156587,10,,,1,13,,1156609,10,,,1,56,,1156612,10,,,1,16,,1156580,10,,,1,29,,1156576,10,,,1,70,,1051013,10,,,1,30,,1156590,10,,,1,71,,1156585,10,,,1,29,,1156574,10,,,1,69,,1156606,10,,,1,29,,1156575,10,,,1,69,,1156593,10,,,1
6301,'11',520,,1156642,10,,,1,33,,1156661,10,,,1,55,,1085676,10,,,1,13,,1038654,10,,,1,15,,1156637,10,,,1,13,,1156658,10,,,1,52,,1156644,10,,,1,14,,1156628,10,,,1,13,,1156663,10,,,1,17,,1156639,10,,,1,55,,1156622,10,,,1,15,,1156631,10,,,1,15,,1156623,10,,,1,15,,1156627,10,,,1,70,,1156641,10,,,1,30,,1156659,10,,,1,69,,1156655,10,,,1,30,,1156649,10,,,1,69,,1077078,10,,,1,29,,1093472,10,,,1,69,,1156634,10,,,1,30,,1156645,10,,,1,70,,1156660,10,,,1,32,,1080815,10,,,1,69,,1156646,10,,,1,29,,1052859,10,,,1,72,,1156633,10,,,1,32,,1156650,10,,,1,73,,1156652,10,,,1,15,,1156624,10,,,1,16,,1156636,10,,,1,55,,1156626,10,,,1,15,,1156629,10,,,1,15,,1156648,10,,,1,15,,1156643,10,,,1,51,,1156656,10,,,1,17,,1076715,10,,,1,13,,948294,10,,,1,15,,1156632,10,,,1,13,,1156654,10,,,1,56,,1156657,10,,,1,16,,1156625,10,,,1,29,,1156621,10,,,1,70,,1050785,10,,,1,30,,1156635,10,,,1,71,,1156630,10,,,1,29,,1156619,10,,,1,69,,1156651,10,,,1,29,,1156620,10,,,1,69,,1156638,10,,,1
6301,'12',520,,1156671,10,,,1,33,,1156697,10,,,1,55,,1156702,10,,,1,13,,1156683,10,,,1,15,,1156680,10,,,1,13,,1156706,10,,,1,52,,1156687,10,,,1,14,,1075441,10,,,1,13,,1156684,10,,,1,17,,1025524,10,,,1,55,,1156681,10,,,1,15,,1156670,10,,,1,15,,1156703,10,,,1,15,,1156708,10,,,1,70,,1156682,10,,,1,30,,1156668,10,,,1,69,,1156700,10,,,1,30,,1156699,10,,,1,69,,1156679,10,,,1,29,,1156678,10,,,1,69,,1156701,10,,,1,30,,1156694,10,,,1,70,,1156692,10,,,1,32,,1156665,10,,,1,69,,1156693,10,,,1,29,,1156688,10,,,1,72,,1156675,10,,,1,32,,1156664,10,,,1,73,,1156689,10,,,1,15,,1156676,10,,,1,16,,1061671,10,,,1,55,,1080070,10,,,1,15,,1156698,10,,,1,15,,1156707,10,,,1,15,,1156704,10,,,1,51,,1156677,10,,,1,17,,1075462,10,,,1,13,,1156691,10,,,1,15,,1085949,10,,,1,13,,1074485,10,,,1,56,,1156696,10,,,1,16,,1156674,10,,,1,29,,1156672,10,,,1,70,,1156673,10,,,1,30,,1156669,10,,,1,71,,1156690,10,,,1,29,,1156695,10,,,1,69,,1156667,10,,,1,29,,1156709,10,,,1,69,,1156685,10,,,1
6301,'13',714,,1040927,10,,,1,100,,1156727,10,,,1,100,,1156732,10,,,1,101,,1156731,10,,,1,30,,1156737,10,,,1,70,,1156728,10,,,1,30,,1156734,10,,,1,70,,1156722,10,,,1,30,,1156730,10,,,1,70,,1156723,10,,,1,30,,1156714,10,,,1,70,,1156716,10,,,1,30,,1156736,10,,,1,70,,1156711,10,,,1,30,,1156733,10,,,1,70,,1156720,10,,,1,30,,1156718,10,,,1,70,,1156725,10,,,1,30,,1156726,10,,,1,70,,1156715,10,,,1,30,,1156713,10,,,1,70,,1156721,10,,,1,30,,1156729,10,,,1,70,,1156712,10,,,1,30,,1156717,10,,,1,70,,1156724,10,,,1,30,,1156719,10,,,1,70,,1075809,10,,,1,100,,1156735,10,,,1
6301,'14',520,,1156765,10,,,1,33,,1156786,10,,,1,55,,1156777,10,,,1,13,,1156745,10,,,1,15,,1156760,10,,,1,13,,1156782,10,,,1,52,,1156767,10,,,1,14,,1156751,10,,,1,13,,1156789,10,,,1,17,,1156762,10,,,1,55,,1156743,10,,,1,15,,1156754,10,,,1,15,,1156744,10,,,1,15,,1156750,10,,,1,70,,1156764,10,,,1,30,,1156783,10,,,1,69,,1156779,10,,,1,30,,1156772,10,,,1,69,,1156746,10,,,1,29,,1156738,10,,,1,69,,1156757,10,,,1,30,,1156768,10,,,1,70,,1156784,10,,,1,32,,1156790,10,,,1,69,,1156769,10,,,1,29,,1156787,10,,,1,72,,1156756,10,,,1,32,,1156773,10,,,1,73,,1156775,10,,,1,15,,1156747,10,,,1,16,,1156759,10,,,1,55,,1156749,10,,,1,15,,1156752,10,,,1,15,,1156771,10,,,1,15,,1156766,10,,,1,51,,1156780,10,,,1,17,,1156785,10,,,1,13,,1156791,10,,,1,15,,1156755,10,,,1,13,,1156778,10,,,1,56,,1156781,10,,,1,16,,1156748,10,,,1,29,,1156742,10,,,1,70,,1156741,10,,,1,30,,1156758,10,,,1,71,,1156753,10,,,1,29,,1156739,10,,,1,69,,1156774,10,,,1,29,,1156740,10,,,1,69,,1156761,10,,,1
6301,'15',520,,1156819,10,,,1,33,,1156803,10,,,1,55,,1156817,10,,,1,13,,1156839,10,,,1,15,,1156813,10,,,1,13,,1156822,10,,,1,52,,1156836,10,,,1,14,,1156843,10,,,1,13,,1156841,10,,,1,17,,1156837,10,,,1,55,,1156793,10,,,1,15,,1156821,10,,,1,15,,1156812,10,,,1,15,,1156811,10,,,1,70,,1156802,10,,,1,30,,1156792,10,,,1,69,,1156805,10,,,1,30,,1156795,10,,,1,69,,1156824,10,,,1,29,,1156845,10,,,1,69,,1156830,10,,,1,30,,1156810,10,,,1,70,,1156844,10,,,1,32,,1156818,10,,,1,69,,1156815,10,,,1,29,,1156834,10,,,1,72,,1156816,10,,,1,32,,1156826,10,,,1,73,,1156801,10,,,1,15,,1156807,10,,,1,16,,1156800,10,,,1,55,,1156828,10,,,1,15,,1156829,10,,,1,15,,1156808,10,,,1,15,,1156832,10,,,1,51,,1156840,10,,,1,17,,1156814,10,,,1,13,,1156797,10,,,1,15,,1156796,10,,,1,13,,1156794,10,,,1,56,,1156804,10,,,1,16,,1156799,10,,,1,29,,1156842,10,,,1,70,,1156838,10,,,1,30,,1156835,10,,,1,71,,1156820,10,,,1,29,,1156831,10,,,1,69,,1156809,10,,,1,29,,1156823,10,,,1,69,,1156806,10,,,1
6301,'16',520,,1156854,10,,,1,33,,1156881,10,,,1,55,,1156887,10,,,1,13,,1156866,10,,,1,15,,1156863,10,,,1,13,,1156892,10,,,1,52,,1156870,10,,,1,14,,1156847,10,,,1,13,,1156867,10,,,1,17,,1156848,10,,,1,55,,1156864,10,,,1,15,,1156853,10,,,1,15,,1156888,10,,,1,15,,1156894,10,,,1,70,,1156865,10,,,1,30,,1156852,10,,,1,69,,1156885,10,,,1,30,,1156884,10,,,1,69,,1156862,10,,,1,29,,1156861,10,,,1,69,,1156886,10,,,1,30,,1156876,10,,,1,70,,1156875,10,,,1,32,,1156849,10,,,1,69,,1093826,10,,,1,29,,1156871,10,,,1,72,,1156858,10,,,1,32,,1156846,10,,,1,73,,1156872,10,,,1,15,,1156859,10,,,1,16,,1156882,10,,,1,55,,1156889,10,,,1,15,,1156883,10,,,1,15,,1156893,10,,,1,15,,1070066,10,,,1,51,,1156860,10,,,1,17,,1156877,10,,,1,13,,1156874,10,,,1,15,,1156891,10,,,1,13,,1156878,10,,,1,56,,1156880,10,,,1,16,,1156857,10,,,1,29,,1156855,10,,,1,70,,1156856,10,,,1,30,,1000385,10,,,1,71,,1156873,10,,,1,29,,1156879,10,,,1,69,,1156851,10,,,1,29,,1156895,10,,,1,69,,1156868,10,,,1
6301,'17',714,,1156898,10,,,1,100,,1156914,10,,,1,100,,1156919,10,,,1,101,,1156918,10,,,1,30,,1156924,10,,,1,70,,1156915,10,,,1,30,,1156921,10,,,1,70,,1156909,10,,,1,30,,1156917,10,,,1,70,,1156910,10,,,1,30,,1156901,10,,,1,70,,1156903,10,,,1,30,,1156923,10,,,1,70,,1156896,10,,,1,30,,1156920,10,,,1,70,,1156907,10,,,1,30,,1156905,10,,,1,70,,1156912,10,,,1,30,,1156913,10,,,1,70,,1156902,10,,,1,30,,1156900,10,,,1,70,,1156908,10,,,1,30,,1156916,10,,,1,70,,1156899,10,,,1,30,,1156904,10,,,1,70,,1156911,10,,,1,30,,1156906,10,,,1,70,,1156897,10,,,1,100,,1156922,10,,,1
6301,'2',715,,1156930,10,,,1,37,,1156931,10,,,1,70,,1077787,10,,,1,30,,1156953,10,,,1,70,,1156939,10,,,1,30,,1156941,10,,,1,70,,1156938,10,,,1,31,,1077786,10,,,1,70,,1156952,10,,,1,30,,1156947,10,,,1,70,,1156948,10,,,1,30,,1156944,10,,,1,70,,1156954,10,,,1,30,,1156933,10,,,1,70,,1156925,10,,,1,30,,1156935,10,,,1,70,,1156943,10,,,1,30,,1156945,10,,,1,70,,1156928,10,,,1,30,,1156929,10,,,1,70,,1075748,10,,,1,30,,1156955,10,,,1,70,,1156932,10,,,1,30,,1156936,10,,,1,70,,1156950,10,,,1,30,,1156927,10,,,1,70,,1156949,10,,,1,30,,1156951,10,,,1,70,,1156937,10,,,1,30,,1156940,10,,,1,70,,1156926,10,,,1,30,,1156934,10,,,1,70,,1156942,10,,,1,30,,1156946,10,,,1
6301,'3',714,,1156958,10,,,1,100,,1156974,10,,,1,100,,1156979,10,,,1,101,,1156978,10,,,1,30,,1156984,10,,,1,70,,1156975,10,,,1,30,,1156981,10,,,1,70,,1156969,10,,,1,30,,1156977,10,,,1,70,,1156970,10,,,1,30,,1156961,10,,,1,70,,1156963,10,,,1,30,,1156983,10,,,1,70,,1156956,10,,,1,30,,1156980,10,,,1,70,,1156967,10,,,1,30,,1156965,10,,,1,70,,1156972,10,,,1,30,,1156973,10,,,1,70,,1156962,10,,,1,30,,1156960,10,,,1,70,,1156968,10,,,1,30,,1156976,10,,,1,70,,1156959,10,,,1,30,,1156964,10,,,1,70,,1156971,10,,,1,30,,1156966,10,,,1,70,,1156957,10,,,1,100,,1156982,10,,,1
6301,'4',714,,1156995,10,,,1,100,,1157007,10,,,1,100,,1157002,10,,,1,101,,1156993,10,,,1,30,,1156991,10,,,1,70,,1007910,10,,,1,30,,1156987,10,,,1,70,,1156994,10,,,1,30,,1036777,10,,,1,70,,1157005,10,,,1,30,,1156989,10,,,1,70,,1156996,10,,,1,30,,1156988,10,,,1,70,,1156998,10,,,1,30,,994471,10,,,1,70,,1156999,10,,,1,30,,1062970,10,,,1,70,,1157001,10,,,1,30,,1156990,10,,,1,70,,1157006,10,,,1,30,,1157008,10,,,1,70,,1157003,10,,,1,30,,1156985,10,,,1,70,,1157000,10,,,1,30,,1156992,10,,,1,70,,1101121,10,,,1,30,,1156997,10,,,1,70,,1156986,10,,,1,100,,1157004,10,,,1
6301,'5',520,,1157032,10,,,1,33,,1157051,10,,,1,55,,1085552,10,,,1,13,,1038525,10,,,1,15,,1157027,10,,,1,13,,1157048,10,,,1,52,,1157034,10,,,1,14,,1157018,10,,,1,13,,1157053,10,,,1,17,,1157029,10,,,1,55,,1157012,10,,,1,15,,1157021,10,,,1,15,,1157013,10,,,1,15,,1157017,10,,,1,70,,1157031,10,,,1,30,,1157049,10,,,1,69,,1157045,10,,,1,30,,1157039,10,,,1,69,,1076968,10,,,1,29,,1093326,10,,,1,69,,1157024,10,,,1,30,,1157035,10,,,1,70,,1157050,10,,,1,32,,1080728,10,,,1,69,,1157036,10,,,1,29,,1052771,10,,,1,72,,1157023,10,,,1,32,,1157040,10,,,1,73,,1157042,10,,,1,15,,1157014,10,,,1,16,,1157026,10,,,1,55,,1157016,10,,,1,15,,1157019,10,,,1,15,,1157038,10,,,1,15,,1157033,10,,,1,51,,1157046,10,,,1,17,,1076611,10,,,1,13,,948502,10,,,1,15,,1157022,10,,,1,13,,1157044,10,,,1,56,,1157047,10,,,1,16,,1157015,10,,,1,29,,1157011,10,,,1,70,,1050548,10,,,1,30,,1157025,10,,,1,71,,1157020,10,,,1,29,,1157009,10,,,1,69,,1157041,10,,,1,29,,1157010,10,,,1,69,,1157028,10,,,1
6301,'6',520,,1157058,10,,,1,33,,1157085,10,,,1,55,,1157090,10,,,1,13,,1157070,10,,,1,15,,1157067,10,,,1,13,,1051288,10,,,1,52,,1157074,10,,,1,14,,1157055,10,,,1,13,,1157071,10,,,1,17,,1157056,10,,,1,55,,1157068,10,,,1,15,,1039255,10,,,1,15,,1157091,10,,,1,15,,1157095,10,,,1,70,,1157069,10,,,1,30,,1088301,10,,,1,69,,1157088,10,,,1,30,,1157087,10,,,1,69,,1157066,10,,,1,29,,1157065,10,,,1,69,,1157089,10,,,1,30,,1157080,10,,,1,70,,1053263,10,,,1,32,,1071759,10,,,1,69,,1157079,10,,,1,29,,1157075,10,,,1,72,,1157062,10,,,1,32,,1157054,10,,,1,73,,1157076,10,,,1,15,,1157063,10,,,1,16,,1157086,10,,,1,55,,1157093,10,,,1,15,,1102202,10,,,1,15,,1068951,10,,,1,15,,1157092,10,,,1,51,,1157064,10,,,1,17,,1157081,10,,,1,13,,1157078,10,,,1,15,,1157094,10,,,1,13,,1157082,10,,,1,56,,1157084,10,,,1,16,,1157061,10,,,1,29,,1157059,10,,,1,70,,1157060,10,,,1,30,,1157057,10,,,1,71,,1157077,10,,,1,29,,1157083,10,,,1,69,,1081119,10,,,1,29,,1084556,10,,,1,69,,1157072,10,,,1
6301,'7',715,,1157109,10,,,1,37,,1157118,10,,,1,70,,1157119,10,,,1,30,,1157130,10,,,1,70,,1157111,10,,,1,30,,1157103,10,,,1,70,,1157116,10,,,1,31,,1157117,10,,,1,70,,1157107,10,,,1,30,,1157106,10,,,1,70,,1157125,10,,,1,30,,1157115,10,,,1,70,,1157112,10,,,1,30,,1157128,10,,,1,70,,1157098,10,,,1,30,,1157127,10,,,1,70,,1157113,10,,,1,30,,1157110,10,,,1,70,,1157108,10,,,1,30,,1157102,10,,,1,70,,1157101,10,,,1,30,,1157104,10,,,1,70,,1157105,10,,,1,30,,1157123,10,,,1,70,,1157100,10,,,1,30,,1157124,10,,,1,70,,1157122,10,,,1,30,,1157129,10,,,1,70,,1157120,10,,,1,30,,1157121,10,,,1,70,,1157114,10,,,1,30,,1157126,10,,,1,70,,1157097,10,,,1,30,,1157099,10,,,1
6301,'8',520,,1157140,10,,,1,33,,1157168,10,,,1,55,,1157174,10,,,1,13,,1157152,10,,,1,15,,1157149,10,,,1,13,,1157180,10,,,1,52,,1157156,10,,,1,14,,1157132,10,,,1,13,,1157153,10,,,1,17,,1157133,10,,,1,55,,1157150,10,,,1,15,,1157139,10,,,1,15,,1157175,10,,,1,15,,1157182,10,,,1,70,,1157151,10,,,1,30,,1157137,10,,,1,69,,1157172,10,,,1,30,,1157171,10,,,1,69,,1157148,10,,,1,29,,1157147,10,,,1,69,,1157173,10,,,1,30,,1157163,10,,,1,70,,1157161,10,,,1,32,,1157134,10,,,1,69,,1157162,10,,,1,29,,1157157,10,,,1,72,,1157144,10,,,1,32,,1157131,10,,,1,73,,1157158,10,,,1,15,,1157145,10,,,1,16,,1157169,10,,,1,55,,1157177,10,,,1,15,,1157170,10,,,1,15,,1157181,10,,,1,15,,1157176,10,,,1,51,,1157146,10,,,1,17,,1157164,10,,,1,13,,1157160,10,,,1,15,,1157179,10,,,1,13,,1157165,10,,,1,56,,1157167,10,,,1,16,,1157143,10,,,1,29,,1157141,10,,,1,70,,1157142,10,,,1,30,,1157138,10,,,1,71,,1157159,10,,,1,29,,1157166,10,,,1,69,,1157136,10,,,1,29,,1157183,10,,,1,69,,1157154,10,,,1
6301,'9',520,,1157208,10,,,1,33,,1157227,10,,,1,55,,1085421,10,,,1,13,,1038706,10,,,1,15,,1157203,10,,,1,13,,1157224,10,,,1,52,,1157210,10,,,1,14,,1157194,10,,,1,13,,1157229,10,,,1,17,,1157205,10,,,1,55,,1157188,10,,,1,15,,1157197,10,,,1,15,,1157189,10,,,1,15,,1157193,10,,,1,70,,1157207,10,,,1,30,,1157225,10,,,1,69,,1157221,10,,,1,30,,1157215,10,,,1,69,,1076863,10,,,1,29,,1093170,10,,,1,69,,1157200,10,,,1,30,,1157211,10,,,1,70,,1157226,10,,,1,32,,1080639,10,,,1,69,,1157212,10,,,1,29,,1052885,10,,,1,72,,1157199,10,,,1,32,,1157216,10,,,1,73,,1157218,10,,,1,15,,1157190,10,,,1,16,,1157202,10,,,1,55,,1157192,10,,,1,15,,1157195,10,,,1,15,,1157214,10,,,1,15,,1157209,10,,,1,51,,1157222,10,,,1,17,,1076511,10,,,1,13,,948450,10,,,1,15,,1157198,10,,,1,13,,1157220,10,,,1,56,,1157223,10,,,1,16,,1157191,10,,,1,29,,1157187,10,,,1,70,,1050889,10,,,1,30,,1157201,10,,,1,71,,1157196,10,,,1,29,,1157185,10,,,1,69,,1157217,10,,,1,29,,1157186,10,,,1,69,,1157204,10,,,1
