3301,'1',647,,1129569,28,,,1,70,,1103468,28,,,1,23,,1129573,28,,,1,70,,1129560,28,,,1,31,,1045531,28,,,1,70,,1129553,28,,,1,35,,1129561,25,,,1,70,,1094396,25,,,1,30,,1129554,25,,,1,70,,1129558,25,,,1,30,,1129574,25,,,1,70,,1129571,25,,,1,30,,1129566,25,,,1,70,,1129568,25,,,1,30,,1129559,25,,,1,71,,1129576,25,,,1,34,,1129577,25,,,1,66,,1129575,25,,,1,30,,1129570,25,,,1,66,,1129580,28,,,1,30,,1129564,28,,,1,70,,1129556,28,,,1,31,,1129555,28,,,1,77,,1129562,28,,,1,30,,1129578,28,,,1,69,,1129557,28,,,1,29,,1129565,28,,,1,70,,1129563,28,,,1,30,,1075932,28,,,1,76,,1086045,28,,,1,28,,1129552,28,,,1,100,,1129579,28,,,1,100,,1129572,28,,,1
3301,'10',647,,1129598,28,,,1,70,,1103456,28,,,1,23,,1129602,28,,,1,70,,1129589,28,,,1,31,,1045694,28,,,1,70,,1129582,28,,,1,35,,1129590,25,,,1,70,,1094360,25,,,1,30,,1129583,25,,,1,70,,1129587,25,,,1,30,,1129603,25,,,1,70,,1129600,25,,,1,30,,1129595,25,,,1,70,,1129597,25,,,1,30,,1129588,25,,,1,71,,1129605,25,,,1,34,,1129606,25,,,1,66,,1129604,25,,,1,30,,1129599,25,,,1,66,,1129609,28,,,1,30,,1129593,28,,,1,70,,1129585,28,,,1,31,,1129584,28,,,1,77,,1129591,28,,,1,30,,1129607,28,,,1,69,,1129586,28,,,1,29,,1129594,28,,,1,70,,1129592,28,,,1,30,,1075707,28,,,1,76,,1085761,28,,,1,28,,1129581,28,,,1,100,,1129608,28,,,1,100,,1129601,28,,,1
3301,'11',647,,1129627,28,,,1,70,,1103472,28,,,1,23,,1129631,28,,,1,70,,1129618,28,,,1,31,,1045482,28,,,1,70,,1129611,28,,,1,35,,1129619,25,,,1,70,,1094408,25,,,1,30,,1129612,25,,,1,70,,1129616,25,,,1,30,,1129632,25,,,1,70,,1129629,25,,,1,30,,1129624,25,,,1,70,,1129626,25,,,1,30,,1129617,25,,,1,71,,1129634,25,,,1,34,,1129635,25,,,1,66,,1129633,25,,,1,30,,1129628,25,,,1,66,,1129638,28,,,1,30,,1129622,28,,,1,70,,1129614,28,,,1,31,,1129613,28,,,1,77,,1129620,28,,,1,30,,1129636,28,,,1,69,,1129615,28,,,1,29,,1129623,28,,,1,70,,1129621,28,,,1,30,,1076002,28,,,1,76,,1086127,28,,,1,28,,1129610,28,,,1,100,,1129637,28,,,1,100,,1129630,28,,,1
3301,'12',647,,1129652,28,,,1,70,,1129662,28,,,1,23,,1129665,28,,,1,70,,1129648,28,,,1,31,,1129649,28,,,1,70,,1129660,28,,,1,35,,1129669,25,,,1,70,,1129658,25,,,1,30,,1129645,25,,,1,70,,1016290,25,,,1,30,,1129657,25,,,1,70,,1129670,25,,,1,30,,1129661,25,,,1,70,,1097778,25,,,1,30,,1129659,25,,,1,71,,1129639,25,,,1,34,,1129651,25,,,1,66,,1129667,25,,,1,30,,1129646,25,,,1,66,,1129650,28,,,1,30,,1129656,28,,,1,70,,1129643,28,,,1,31,,1129664,28,,,1,77,,1129653,28,,,1,30,,1129654,28,,,1,69,,1129644,28,,,1,29,,1129642,28,,,1,70,,1129647,28,,,1,30,,1129666,28,,,1,76,,1129640,28,,,1,28,,1129641,28,,,1,100,,1129655,28,,,1,100,,1129668,28,,,1
3301,'13',817,,1129682,25,,,1,100,,1129685,25,,,1,101,,1129691,25,,,1,30,,1095091,25,,,1,70,,1129675,25,,,1,30,,1129686,25,,,1,73,,1129688,25,,,1,30,,1129679,25,,,1,70,,1129677,25,,,1,30,,1129673,25,,,1,70,,1129680,25,,,1,30,,1129672,25,,,1,70,,1097335,25,,,1,30,,1129684,25,,,1,70,,1129678,25,,,1,30,,1129690,25,,,1,70,,1129676,25,,,1,30,,1129687,25,,,1,67,,1129671,25,,,1,30,,1129692,25,,,1,70,,1129674,25,,,1,30,,1129681,25,,,1,100,,1129689,25,,,1,100,,1129683,25,,,1
3301,'14',647,,1129713,28,,,1,70,,1129727,28,,,1,23,,1129718,28,,,1,70,,1129704,28,,,1,31,,1129717,28,,,1,70,,1129695,28,,,1,35,,1129705,25,,,1,70,,1129702,25,,,1,30,,1129696,25,,,1,70,,1129701,25,,,1,30,,1129719,25,,,1,70,,1129715,25,,,1,30,,1129710,25,,,1,70,,1129712,25,,,1,30,,1129703,25,,,1,71,,1129721,25,,,1,34,,1129723,25,,,1,66,,1129720,25,,,1,30,,1129714,25,,,1,66,,1129726,28,,,1,30,,1129708,28,,,1,70,,1129698,28,,,1,31,,1129697,28,,,1,77,,1129706,28,,,1,30,,1129724,28,,,1,69,,1129700,28,,,1,29,,1129709,28,,,1,70,,1129707,28,,,1,30,,1129699,28,,,1,76,,1129722,28,,,1,28,,1129694,28,,,1,100,,1129725,28,,,1,100,,1129716,28,,,1
3301,'15',647,,1129742,28,,,1,70,,1129736,28,,,1,23,,1129752,28,,,1,70,,1129735,28,,,1,31,,1129734,28,,,1,70,,1129731,28,,,1,35,,1129737,25,,,1,70,,1129757,25,,,1,30,,1129729,25,,,1,70,,1129728,25,,,1,30,,1129741,25,,,1,70,,1129748,25,,,1,30,,1129756,25,,,1,70,,1129730,25,,,1,30,,1129747,25,,,1,71,,1129745,25,,,1,34,,1129762,25,,,1,66,,1129755,25,,,1,30,,1129738,25,,,1,66,,1129749,28,,,1,30,,1129740,28,,,1,70,,1129754,28,,,1,31,,1129739,28,,,1,77,,1129760,28,,,1,30,,1129758,28,,,1,69,,1129746,28,,,1,29,,1129759,28,,,1,70,,1129751,28,,,1,30,,1129732,28,,,1,76,,1129753,28,,,1,28,,1129744,28,,,1,100,,1129761,28,,,1,100,,1129743,28,,,1
3301,'16',647,,1129778,28,,,1,70,,1129788,28,,,1,23,,1129791,28,,,1,70,,1129774,28,,,1,31,,1129775,28,,,1,70,,1129786,28,,,1,35,,1129793,25,,,1,70,,1129784,25,,,1,30,,1129771,25,,,1,70,,1129767,25,,,1,30,,1129783,25,,,1,70,,1087611,25,,,1,30,,1129787,25,,,1,70,,1129794,25,,,1,30,,1129785,25,,,1,71,,1129763,25,,,1,34,,1129777,25,,,1,66,,1090918,25,,,1,30,,1129772,25,,,1,66,,1129776,28,,,1,30,,1129782,28,,,1,70,,1129769,28,,,1,31,,1129790,28,,,1,77,,1129779,28,,,1,30,,1129780,28,,,1,69,,1129770,28,,,1,29,,1129768,28,,,1,70,,1129773,28,,,1,30,,1129792,28,,,1,76,,1129764,28,,,1,28,,1129765,28,,,1,100,,1129781,28,,,1,100,,1091651,28,,,1
3301,'17',817,,1129807,25,,,1,100,,1129810,25,,,1,101,,1129816,25,,,1,30,,1129817,25,,,1,70,,1129799,25,,,1,30,,1129811,25,,,1,73,,1129813,25,,,1,30,,1129804,25,,,1,70,,1129802,25,,,1,30,,1129797,25,,,1,70,,1129805,25,,,1,30,,1129796,25,,,1,70,,1129801,25,,,1,30,,1129809,25,,,1,70,,1129803,25,,,1,30,,1129815,25,,,1,70,,1129800,25,,,1,30,,1129812,25,,,1,67,,1129795,25,,,1,30,,1129818,25,,,1,70,,1129798,25,,,1,30,,1129806,25,,,1,100,,1129814,25,,,1,100,,1129808,25,,,1
3301,'2',643,,1129843,25,,,1,100,,1129821,25,,,1,70,,1129832,25,,,1,30,,1129845,25,,,1,70,,1129842,25,,,1,30,,1129829,25,,,1,71,,1093626,25,,,1,30,,1129824,25,,,1,70,,1129841,25,,,1,30,,1129820,25,,,1,73,,1129835,25,,,1,30,,1129840,25,,,1,70,,1129839,25,,,1,30,,1129828,25,,,1,70,,1129833,25,,,1,30,,1129844,25,,,1,70,,1098797,25,,,1,30,,1129826,25,,,1,70,,1129834,25,,,1,30,,1129819,25,,,1,70,,1129837,25,,,1,30,,1129830,25,,,1,67,,1129825,25,,,1,30,,1129836,25,,,1,70,,1129831,25,,,1,30,,1129838,25,,,1,70,,1014858,25,,,1,30,,1129822,25,,,1,70,,1129846,25,,,1,100,,1129823,25,,,1,100,,1129827,25,,,1
3301,'3',817,,1129859,25,,,1,100,,1129862,25,,,1,101,,1129868,25,,,1,30,,1129869,25,,,1,70,,1129851,25,,,1,30,,1129863,25,,,1,73,,1129865,25,,,1,30,,1129856,25,,,1,70,,1129854,25,,,1,30,,1129849,25,,,1,70,,1129857,25,,,1,30,,1129848,25,,,1,70,,1129853,25,,,1,30,,1129861,25,,,1,70,,1129855,25,,,1,30,,1129867,25,,,1,70,,1129852,25,,,1,30,,1129864,25,,,1,67,,1129847,25,,,1,30,,1129870,25,,,1,70,,1129850,25,,,1,30,,1129858,25,,,1,100,,1129866,25,,,1,100,,1129860,25,,,1
3301,'4',817,,1026195,25,,,1,100,,1129885,25,,,1,101,,1129872,25,,,1,30,,1129888,25,,,1,70,,1129874,25,,,1,30,,1129887,25,,,1,73,,1129880,25,,,1,30,,1129875,25,,,1,70,,1129884,25,,,1,30,,1129871,25,,,1,70,,1129890,25,,,1,30,,1129879,25,,,1,70,,1129876,25,,,1,30,,1129891,25,,,1,70,,1129882,25,,,1,30,,1129892,25,,,1,70,,1129878,25,,,1,30,,1129881,25,,,1,67,,1129886,25,,,1,30,,1129873,25,,,1,70,,1129877,25,,,1,30,,1129893,25,,,1,100,,1129889,25,,,1,100,,1129883,25,,,1
3301,'5',647,,1129911,28,,,1,70,,1103464,28,,,1,23,,1129915,28,,,1,70,,1129902,28,,,1,31,,1045265,28,,,1,70,,1129895,28,,,1,35,,1129903,25,,,1,70,,1094384,25,,,1,30,,1129896,25,,,1,70,,1129900,25,,,1,30,,1129916,25,,,1,70,,1129913,25,,,1,30,,1129908,25,,,1,70,,1129910,25,,,1,30,,1129901,25,,,1,71,,1129918,25,,,1,34,,1129919,25,,,1,66,,1129917,25,,,1,30,,1129912,25,,,1,66,,1129922,28,,,1,30,,1129906,28,,,1,70,,1129898,28,,,1,31,,1129897,28,,,1,77,,1129904,28,,,1,30,,1129920,28,,,1,69,,1129899,28,,,1,29,,1129907,28,,,1,70,,1129905,28,,,1,30,,1075893,28,,,1,76,,1085994,28,,,1,28,,1129894,28,,,1,100,,1129921,28,,,1,100,,1129914,28,,,1
3301,'6',647,,1129933,28,,,1,70,,1129943,28,,,1,23,,1129945,28,,,1,70,,1129929,28,,,1,31,,1129930,28,,,1,70,,1129941,28,,,1,35,,1129949,25,,,1,70,,1129939,25,,,1,30,,1129927,25,,,1,70,,1129924,25,,,1,30,,1129938,25,,,1,70,,1129951,25,,,1,30,,1129942,25,,,1,70,,1129950,25,,,1,30,,1129940,25,,,1,71,,1086474,25,,,1,34,,1129932,25,,,1,66,,1129947,25,,,1,30,,1090595,25,,,1,66,,1129931,28,,,1,30,,1129937,28,,,1,70,,1129925,28,,,1,31,,1092525,28,,,1,77,,1129934,28,,,1,30,,1129935,28,,,1,69,,1129926,28,,,1,29,,1036631,28,,,1,70,,1129928,28,,,1,30,,1129946,28,,,1,76,,1064225,28,,,1,28,,1082942,28,,,1,100,,1129936,28,,,1,100,,1129948,28,,,1
3301,'7',643,,1129973,25,,,1,100,,1129978,25,,,1,70,,1129974,25,,,1,30,,1129957,25,,,1,70,,1129956,25,,,1,30,,1129971,25,,,1,71,,1129972,25,,,1,30,,1129966,25,,,1,70,,1129953,25,,,1,30,,1129959,25,,,1,73,,1129976,25,,,1,30,,1129964,25,,,1,70,,1129962,25,,,1,30,,1129963,25,,,1,70,,1129979,25,,,1,30,,1129970,25,,,1,70,,1129965,25,,,1,30,,1129977,25,,,1,70,,1129981,25,,,1,30,,1129960,25,,,1,70,,1129980,25,,,1,30,,1129954,25,,,1,67,,1129952,25,,,1,30,,1129968,25,,,1,70,,1129958,25,,,1,30,,1129982,25,,,1,70,,1129955,25,,,1,30,,1129969,25,,,1,70,,1129975,25,,,1,100,,1129967,25,,,1,100,,1129961,25,,,1
3301,'8',647,,1129998,28,,,1,70,,1130008,28,,,1,23,,1130011,28,,,1,70,,1129994,28,,,1,31,,1129995,28,,,1,70,,1130006,28,,,1,35,,1130015,25,,,1,70,,1130004,25,,,1,30,,1129991,25,,,1,70,,1129987,25,,,1,30,,1130003,25,,,1,70,,1130017,25,,,1,30,,1130007,25,,,1,70,,1130016,25,,,1,30,,1130005,25,,,1,71,,1129983,25,,,1,34,,1129997,25,,,1,66,,1130013,25,,,1,30,,1129992,25,,,1,66,,1129996,28,,,1,30,,1130002,28,,,1,70,,1129989,28,,,1,31,,1130010,28,,,1,77,,1129999,28,,,1,30,,1130000,28,,,1,69,,1129990,28,,,1,29,,1129988,28,,,1,70,,1129993,28,,,1,30,,1130012,28,,,1,76,,1129984,28,,,1,28,,1129985,28,,,1,100,,1130001,28,,,1,100,,1130014,28,,,1
3301,'9',647,,1130035,28,,,1,70,,1103460,28,,,1,23,,1130039,28,,,1,70,,1130026,28,,,1,31,,1045580,28,,,1,70,,1130019,28,,,1,35,,1130027,25,,,1,70,,1094372,25,,,1,30,,1130020,25,,,1,70,,1130024,25,,,1,30,,1130040,25,,,1,70,,1130037,25,,,1,30,,1130032,25,,,1,70,,1130034,25,,,1,30,,1130025,25,,,1,71,,1130042,25,,,1,34,,1130043,25,,,1,66,,1130041,25,,,1,30,,1130036,25,,,1,66,,1130046,28,,,1,30,,1130030,28,,,1,70,,1130022,28,,,1,31,,1130021,28,,,1,77,,1130028,28,,,1,30,,1130044,28,,,1,69,,1130023,28,,,1,29,,1130031,28,,,1,70,,1130029,28,,,1,30,,1075774,28,,,1,76,,1085848,28,,,1,28,,1130018,28,,,1,100,,1130045,28,,,1,100,,1130038,28,,,1
