22800,'1',538,,1196693,4,,,1,73,,1095607,4,,,1,38,,1086676,4,,,1
22800,'10',538,,1196694,4,,,1,73,,1095373,4,,,1,38,,1086506,4,,,1
22800,'11',538,,1196695,4,,,1,73,,1095680,4,,,1,38,,1086731,4,,,1
22800,'12',538,,1196697,4,,,1,73,,1196698,4,,,1,38,,1196696,4,,,1
22800,'14',538,,1196700,4,,,1,73,,1196701,4,,,1,38,,1196699,4,,,1
22800,'15',538,,1196702,4,,,1,73,,1196703,4,,,1,38,,1196704,4,,,1
22800,'16',538,,1196706,4,,,1,73,,1196707,4,,,1,38,,1196705,4,,,1
22800,'5',538,,1196708,4,,,1,73,,1095560,4,,,1,38,,1086650,4,,,1
22800,'6',538,,1196710,4,,,1,73,,1196711,4,,,1,38,,1196709,4,,,1
22800,'8',538,,1196713,4,,,1,73,,1196714,4,,,1,38,,1196712,4,,,1
22800,'9',538,,1196715,4,,,1,73,,1095448,4,,,1,38,,1086562,4,,,1
30200,'12',911,,1011075,12,,,1
30200,'5',911,,1198184,12,,,1
30201,'12',1515,,1198185,55,,,1
30201,'5',1515,,1198186,55,,,1
