6201,'1',1217,,1155375,40,,,1,30,,1155374,40,,,1,70,,1074978,40,,,1,31,,1155379,40,,,1,70,,1155368,40,,,1,30,,1155376,40,,,1,70,,1155378,40,,,1,33,,1155365,40,,,1,72,,1155370,40,,,1,29,,1155352,40,,,1,70,,1064916,40,,,1,30,,944323,40,,,1,67,,1090886,40,,,1,30,,1155372,40,,,1,69,,1155369,40,,,1,30,,1155349,40,,,1,69,,1155348,40,,,1,30,,1155361,40,,,1,69,,1155351,40,,,1,30,,1155357,40,,,1,70,,962785,40,,,1,29,,1155355,40,,,1,76,,1155354,41,,,1,28,,1155367,41,,,1,70,,1155362,41,,,1,35,,1155360,41,,,1
6201,'10',1217,,1155407,40,,,1,30,,1155406,40,,,1,70,,1074606,40,,,1,31,,1155411,40,,,1,70,,1155400,40,,,1,30,,1155408,40,,,1,70,,1155410,40,,,1,33,,1155397,40,,,1,72,,1155402,40,,,1,29,,1155384,40,,,1,70,,1064781,40,,,1,30,,944058,40,,,1,67,,1090645,40,,,1,30,,1155404,40,,,1,69,,1155401,40,,,1,30,,1155381,40,,,1,69,,1155380,40,,,1,30,,1155393,40,,,1,69,,1155383,40,,,1,30,,1155389,40,,,1,70,,962549,40,,,1,29,,1155387,40,,,1,76,,1155386,41,,,1,28,,1155399,41,,,1,70,,1155394,41,,,1,35,,1155392,41,,,1
6201,'11',1217,,1155439,40,,,1,30,,1155438,40,,,1,70,,1075084,40,,,1,31,,1155443,40,,,1,70,,1155432,40,,,1,30,,1155440,40,,,1,70,,1155442,40,,,1,33,,1155429,40,,,1,72,,1155434,40,,,1,29,,1155416,40,,,1,70,,1064961,40,,,1,30,,944275,40,,,1,67,,1090957,40,,,1,30,,1155436,40,,,1,69,,1155433,40,,,1,30,,1155413,40,,,1,69,,1155412,40,,,1,30,,1155425,40,,,1,69,,1155415,40,,,1,30,,1155421,40,,,1,70,,962743,40,,,1,29,,1155419,40,,,1,76,,1155418,41,,,1,28,,1155431,41,,,1,70,,1155426,41,,,1,35,,1155424,41,,,1
6201,'12',1217,,1155457,40,,,1,30,,1155471,40,,,1,70,,1155474,40,,,1,31,,1155473,40,,,1,70,,1084985,40,,,1,30,,1155444,40,,,1,70,,1155446,40,,,1,33,,1155447,40,,,1,72,,1155467,40,,,1,29,,1155459,40,,,1,70,,1155455,40,,,1,30,,1016321,40,,,1,67,,997690,40,,,1,30,,1155476,40,,,1,69,,1155475,40,,,1,30,,1155470,40,,,1,69,,1155466,40,,,1,30,,1155449,40,,,1,69,,1072315,40,,,1,30,,1155461,40,,,1,70,,1155460,40,,,1,29,,1155468,40,,,1,76,,1155454,41,,,1,28,,1155451,41,,,1,70,,1073800,41,,,1,35,,1155464,41,,,1
6201,'13',848,,1155480,41,,,1,71,,1155479,41,,,1,30,,1155494,41,,,1,70,,1155498,41,,,1,30,,1155504,41,,,1,71,,1083097,41,,,1,30,,1155500,41,,,1,70,,1155497,41,,,1,30,,1155492,41,,,1,70,,1155505,41,,,1,30,,1155489,41,,,1,70,,1155502,41,,,1,30,,1155484,41,,,1,70,,1155486,41,,,1,30,,1155485,41,,,1,70,,1155503,41,,,1,30,,1155488,41,,,1,70,,1155496,41,,,1,30,,1155501,41,,,1,70,,1155495,41,,,1,30,,1155490,41,,,1,70,,1155499,41,,,1,30,,1155493,41,,,1,70,,1155491,41,,,1,30,,1155487,41,,,1,68,,1155483,41,,,1,30,,1155481,41,,,1,70,,1155482,41,,,1,30,,1155477,41,,,1,70,,1155478,41,,,1
6201,'14',1217,,1155534,40,,,1,30,,1155533,40,,,1,70,,1155506,40,,,1,31,,1155542,40,,,1,70,,1155527,40,,,1,30,,1155535,40,,,1,70,,1155540,40,,,1,33,,1155524,40,,,1,72,,1155529,40,,,1,29,,1155511,40,,,1,70,,1155539,40,,,1,30,,1155537,40,,,1,67,,1155541,40,,,1,30,,1155531,40,,,1,69,,1155528,40,,,1,30,,1155508,40,,,1,69,,1155507,40,,,1,30,,1155520,40,,,1,69,,1155510,40,,,1,30,,1155516,40,,,1,70,,1155538,40,,,1,29,,1155514,40,,,1,76,,1155513,41,,,1,28,,1155526,41,,,1,70,,1155521,41,,,1,35,,1155519,41,,,1
6201,'15',1217,,1155552,40,,,1,30,,1155569,40,,,1,70,,1155559,40,,,1,31,,1155547,40,,,1,70,,1155553,40,,,1,30,,1155568,40,,,1,70,,1155550,40,,,1,33,,1155549,40,,,1,72,,1155579,40,,,1,29,,1155571,40,,,1,70,,1155578,40,,,1,30,,1155556,40,,,1,67,,1155580,40,,,1,30,,1155576,40,,,1,69,,1155546,40,,,1,30,,1155563,40,,,1,69,,1155575,40,,,1,30,,1155572,40,,,1,69,,1155566,40,,,1,30,,1155581,40,,,1,70,,1155564,40,,,1,29,,1155562,40,,,1,76,,1155545,41,,,1,28,,1155573,41,,,1,70,,1155570,41,,,1,35,,1155551,41,,,1
6201,'16',1217,,1155595,40,,,1,30,,1155607,40,,,1,70,,1155610,40,,,1,31,,1155609,40,,,1,70,,1155582,40,,,1,30,,1155583,40,,,1,70,,1155584,40,,,1,33,,1155587,40,,,1,72,,1155604,40,,,1,29,,1155597,40,,,1,70,,1155593,40,,,1,30,,1155613,40,,,1,67,,1155586,40,,,1,30,,1155611,40,,,1,69,,1061785,40,,,1,30,,1155606,40,,,1,69,,1155603,40,,,1,30,,1155589,40,,,1,69,,1155612,40,,,1,30,,1155599,40,,,1,70,,1155598,40,,,1,29,,1066191,40,,,1,76,,1155592,41,,,1,28,,1061776,41,,,1,70,,1155585,41,,,1,35,,1155602,41,,,1
6201,'17',848,,1155617,41,,,1,71,,1155616,41,,,1,30,,1155631,41,,,1,70,,1155635,41,,,1,30,,1155641,41,,,1,71,,1155643,41,,,1,30,,1155637,41,,,1,70,,1155634,41,,,1,30,,1155629,41,,,1,70,,1155642,41,,,1,30,,1155626,41,,,1,70,,1155639,41,,,1,30,,1155621,41,,,1,70,,1155623,41,,,1,30,,1155622,41,,,1,70,,1155640,41,,,1,30,,1155625,41,,,1,70,,1155633,41,,,1,30,,1155638,41,,,1,70,,1155632,41,,,1,30,,1155627,41,,,1,70,,1155636,41,,,1,30,,1155630,41,,,1,70,,1155628,41,,,1,30,,1155624,41,,,1,68,,1155620,41,,,1,30,,1155618,41,,,1,70,,1155619,41,,,1,30,,1155614,41,,,1,70,,1155615,41,,,1
6201,'2',805,,1155658,41,,,1,30,,1155645,41,,,1,70,,1155672,41,,,1,30,,1155660,41,,,1,70,,1068163,41,,,1,30,,1155664,41,,,1,70,,1155670,41,,,1,30,,1155651,41,,,1,70,,1008920,41,,,1,30,,1155644,41,,,1,70,,1155666,41,,,1,30,,1155659,41,,,1,70,,1155673,41,,,1,30,,1155661,41,,,1,70,,1155654,41,,,1,30,,1155650,41,,,1,70,,1155669,41,,,1,30,,1155648,41,,,1,70,,1155655,41,,,1,30,,1155662,41,,,1,70,,1155652,41,,,1,30,,1155665,41,,,1,70,,1155671,41,,,1,30,,1155653,41,,,1,70,,1155663,41,,,1,30,,1155668,41,,,1,68,,1155667,41,,,1,30,,1155657,41,,,1,70,,1155647,41,,,1,30,,1155646,41,,,1,70,,1155649,41,,,1,30,,1155656,41,,,1
6201,'3',848,,1155677,41,,,1,71,,1155676,41,,,1,30,,1155691,41,,,1,70,,1155695,41,,,1,30,,1155701,41,,,1,71,,1155703,41,,,1,30,,1155697,41,,,1,70,,1155694,41,,,1,30,,1155689,41,,,1,70,,1155702,41,,,1,30,,1155686,41,,,1,70,,1155699,41,,,1,30,,1155681,41,,,1,70,,1155683,41,,,1,30,,1155682,41,,,1,70,,1155700,41,,,1,30,,1155685,41,,,1,70,,1155693,41,,,1,30,,1155698,41,,,1,70,,1155692,41,,,1,30,,1155687,41,,,1,70,,1155696,41,,,1,30,,1155690,41,,,1,70,,1155688,41,,,1,30,,1155684,41,,,1,68,,1155680,41,,,1,30,,1155678,41,,,1,70,,1155679,41,,,1,30,,1155674,41,,,1,70,,1155675,41,,,1
6201,'4',848,,1155709,41,,,1,71,,1155730,41,,,1,30,,1155715,41,,,1,70,,1155717,41,,,1,30,,1090786,41,,,1,71,,1155704,41,,,1,30,,1155713,41,,,1,70,,1155728,41,,,1,30,,1155718,41,,,1,70,,1155731,41,,,1,30,,1155714,41,,,1,70,,1155727,41,,,1,30,,1155724,41,,,1,70,,1155725,41,,,1,30,,1155710,41,,,1,70,,1155719,41,,,1,30,,1155716,41,,,1,70,,1155706,41,,,1,30,,1155720,41,,,1,70,,1155722,41,,,1,30,,1155708,41,,,1,70,,1155721,41,,,1,30,,1155726,41,,,1,70,,858542,41,,,1,30,,1155712,41,,,1,68,,1155711,41,,,1,30,,1155707,41,,,1,70,,1155705,41,,,1,30,,1155729,41,,,1,70,,1155723,41,,,1
6201,'5',1217,,1155759,40,,,1,30,,1155758,40,,,1,70,,1074926,40,,,1,31,,1155763,40,,,1,70,,1155752,40,,,1,30,,1155760,40,,,1,70,,1155762,40,,,1,33,,1155749,40,,,1,72,,1155754,40,,,1,29,,1155736,40,,,1,70,,1064897,40,,,1,30,,944470,40,,,1,67,,1090852,40,,,1,30,,1155756,40,,,1,69,,1155753,40,,,1,30,,1155733,40,,,1,69,,1155732,40,,,1,30,,1155745,40,,,1,69,,1155735,40,,,1,30,,1155741,40,,,1,70,,962911,40,,,1,29,,1155739,40,,,1,76,,1155738,41,,,1,28,,1155751,41,,,1,70,,1155746,41,,,1,35,,1155744,41,,,1
6201,'6',1217,,1155776,40,,,1,30,,1155790,40,,,1,70,,1155793,40,,,1,31,,1155792,40,,,1,70,,1155764,40,,,1,30,,1155765,40,,,1,70,,1066623,40,,,1,33,,1094238,40,,,1,72,,1155786,40,,,1,29,,1155778,40,,,1,70,,1155774,40,,,1,30,,1155796,40,,,1,67,,1155768,40,,,1,30,,1055289,40,,,1,69,,1155794,40,,,1,30,,1155789,40,,,1,69,,1155785,40,,,1,30,,1155769,40,,,1,69,,1155795,40,,,1,30,,1155780,40,,,1,70,,1155779,40,,,1,29,,1155787,40,,,1,76,,1049603,41,,,1,28,,1155771,41,,,1,70,,1155767,41,,,1,35,,1155783,41,,,1
6201,'7',805,,1155809,41,,,1,30,,1155802,41,,,1,70,,1155827,41,,,1,30,,1155818,41,,,1,70,,1155806,41,,,1,30,,1155817,41,,,1,70,,1155824,41,,,1,30,,1155803,41,,,1,70,,1155805,41,,,1,30,,1155825,41,,,1,70,,1155812,41,,,1,30,,1155826,41,,,1,70,,1155819,41,,,1,30,,1155801,41,,,1,70,,1155814,41,,,1,30,,1155800,41,,,1,70,,1155822,41,,,1,30,,1155815,41,,,1,70,,1155828,41,,,1,30,,1155820,41,,,1,70,,1155798,41,,,1,30,,1155804,41,,,1,70,,1155813,41,,,1,30,,1155808,41,,,1,70,,1155823,41,,,1,30,,1155816,41,,,1,68,,1155807,41,,,1,30,,1155821,41,,,1,70,,1155799,41,,,1,30,,1155811,41,,,1,70,,1155797,41,,,1,30,,1155810,41,,,1
6201,'8',1217,,1155845,40,,,1,30,,1155859,40,,,1,70,,1155862,40,,,1,31,,1155861,40,,,1,70,,1155829,40,,,1,30,,1155830,40,,,1,70,,1155832,40,,,1,33,,1155835,40,,,1,72,,1155855,40,,,1,29,,1155847,40,,,1,70,,1155843,40,,,1,30,,1155866,40,,,1,67,,1155834,40,,,1,30,,1155864,40,,,1,69,,1155863,40,,,1,30,,1155858,40,,,1,69,,1155854,40,,,1,30,,1155837,40,,,1,69,,1155865,40,,,1,30,,1155849,40,,,1,70,,1155848,40,,,1,29,,1155856,40,,,1,76,,1155842,41,,,1,28,,1155839,41,,,1,70,,1155833,41,,,1,35,,1155852,41,,,1
6201,'9',1217,,1155894,40,,,1,30,,1155893,40,,,1,70,,1074720,40,,,1,31,,1155898,40,,,1,70,,1155887,40,,,1,30,,1155895,40,,,1,70,,1155897,40,,,1,33,,1155884,40,,,1,72,,1155889,40,,,1,29,,1155871,40,,,1,70,,1064823,40,,,1,30,,944422,40,,,1,67,,1090717,40,,,1,30,,1155891,40,,,1,69,,1155888,40,,,1,30,,1155868,40,,,1,69,,1155867,40,,,1,30,,1155880,40,,,1,69,,1155870,40,,,1,30,,1155876,40,,,1,70,,962869,40,,,1,29,,1155874,40,,,1,76,,1155873,41,,,1,28,,1155886,41,,,1,70,,1155881,41,,,1,35,,1155879,41,,,1
26601,'1',1608,,1197551,14,,,1,50,,1197553,14,,,1,98,,1197550,14,,,1,150,,1197552,14,,,1
26601,'10',1608,,1197555,14,,,1,50,,1197557,14,,,1,98,,1197554,14,,,1,150,,1197556,14,,,1
26601,'11',1608,,1197559,14,,,1,50,,1197561,14,,,1,98,,1197558,14,,,1,150,,1197560,14,,,1
26601,'12',1608,,1197562,14,,,1,50,,1197564,14,,,1,98,,1100692,14,,,1,150,,1197563,14,,,1
26601,'14',1608,,1197566,14,,,1,50,,1197568,14,,,1,98,,1197565,14,,,1,150,,1197567,14,,,1
26601,'15',1608,,1197570,14,,,1,50,,1197569,14,,,1,98,,1197572,14,,,1,150,,1197571,14,,,1
26601,'16',1608,,1197573,14,,,1,50,,1197576,14,,,1,98,,1197574,14,,,1,150,,1197575,14,,,1
26601,'5',1608,,1197578,14,,,1,50,,1197580,14,,,1,98,,1197577,14,,,1,150,,1197579,14,,,1
26601,'6',1608,,1197581,14,,,1,50,,1197584,14,,,1,98,,1197582,14,,,1,150,,1197583,14,,,1
26601,'8',1608,,1197585,14,,,1,50,,1197588,14,,,1,98,,1197586,14,,,1,150,,1197587,14,,,1
26601,'9',1608,,1197590,14,,,1,50,,1197592,14,,,1,98,,1197589,14,,,1,150,,1197591,14,,,1
