22100,'1',629,,1083219,5,,,1,28,,1196315,42,,,1,70,,1086684,42,,,1,32,,1055581,5,,,1
22100,'10',629,,1082986,5,,,1,28,,1196316,42,,,1,70,,1086514,42,,,1,32,,1055636,5,,,1
22100,'11',629,,1083294,5,,,1,28,,1196317,42,,,1,70,,1086739,42,,,1,32,,1055566,5,,,1
22100,'12',629,,1099991,5,,,1,28,,1196318,42,,,1,70,,1196320,42,,,1,32,,1196319,5,,,1
22100,'14',629,,1196323,5,,,1,28,,1196322,42,,,1,70,,1196321,42,,,1,32,,1196324,5,,,1
22100,'15',629,,1196328,5,,,1,28,,1196327,42,,,1,70,,1196325,42,,,1,32,,1196326,5,,,1
22100,'16',629,,1196329,5,,,1,28,,1038841,42,,,1,70,,1196331,42,,,1,32,,1196330,5,,,1
22100,'5',629,,1083179,5,,,1,28,,1196332,42,,,1,70,,1086658,42,,,1,32,,1055476,5,,,1
22100,'6',629,,1196333,5,,,1,28,,1196334,42,,,1,70,,1196336,42,,,1,32,,1196335,5,,,1
22100,'8',629,,1196337,5,,,1,28,,1196338,42,,,1,70,,1196340,42,,,1,32,,1196339,5,,,1
22100,'9',629,,1083055,5,,,1,28,,1196341,42,,,1,70,,1086570,42,,,1,32,,1055596,5,,,1
