9001,'1',432,,1177874,37,,,1,100,,1177878,37,,,1,19,,1177852,37,,,1,59,,1177853,37,,,1,16,,1075925,37,,,1,15,,1015103,37,,,1,15,,1177884,37,,,1,55,,1177857,37,,,1,23,,1177854,37,,,1,16,,1039384,37,,,1,53,,1071707,37,,,1,15,,1177876,37,,,1,17,,1177858,37,,,1,17,,1177865,37,,,1,53,,1177892,37,,,1,13,,1177850,37,,,1,15,,1177873,37,,,1,15,,1177883,37,,,1,55,,1177849,37,,,1,15,,1177888,37,,,1,15,,1177867,37,,,1,15,,1177846,37,,,1,55,,1177864,37,,,1,15,,1177889,37,,,1,15,,1177887,37,,,1,16,,1177881,37,,,1,55,,1021156,37,,,1,15,,1177869,37,,,1,15,,1177877,37,,,1,15,,1177891,37,,,1,55,,1045874,37,,,1,15,,1097479,37,,,1,15,,1177871,37,,,1,15,,1177890,37,,,1,55,,1177870,37,,,1,15,,1177879,37,,,1,15,,1177866,37,,,1,15,,1177860,37,,,1,55,,1064696,37,,,1,18,,1177848,37,,,1,15,,1101401,37,,,1,15,,1177863,37,,,1,55,,1177875,37,,,1,15,,1177894,37,,,1,15,,1098371,37,,,1,15,,1177893,37,,,1,55,,1177862,37,,,1,15,,1177859,37,,,1,12,,1177861,37,,,1,15,,1098380,37,,,1,57,,1177868,37,,,1,30,,1177872,37,,,1,71,,1177856,37,,,1,32,,1177847,37,,,1,70,,877364,37,,,1,28,,974806,37,,,1,70,,1002708,37,,,1,30,,1177886,37,,,1,70,,1039043,37,,,1,29,,1177880,37,,,1,70,,1177885,37,,,1,30,,1177851,37,,,1,65,,1177882,37,,,1
9001,'10',432,,1177924,37,,,1,100,,1177928,37,,,1,19,,1177902,37,,,1,59,,1177903,37,,,1,16,,1075700,37,,,1,15,,1015294,37,,,1,15,,1177934,37,,,1,55,,1177907,37,,,1,23,,1177904,37,,,1,16,,1039468,37,,,1,53,,1071558,37,,,1,15,,1177926,37,,,1,17,,1177908,37,,,1,17,,1177915,37,,,1,53,,1177942,37,,,1,13,,1177900,37,,,1,15,,1177923,37,,,1,15,,1177933,37,,,1,55,,1177899,37,,,1,15,,1177938,37,,,1,15,,1177917,37,,,1,15,,1177896,37,,,1,55,,1177914,37,,,1,15,,1177939,37,,,1,15,,1177937,37,,,1,16,,1177931,37,,,1,55,,1021325,37,,,1,15,,1177919,37,,,1,15,,1177927,37,,,1,15,,1177941,37,,,1,55,,1045917,37,,,1,15,,1097242,37,,,1,15,,1177921,37,,,1,15,,1177940,37,,,1,55,,1177920,37,,,1,15,,1177929,37,,,1,15,,1177916,37,,,1,15,,1177910,37,,,1,55,,1064547,37,,,1,18,,1177898,37,,,1,15,,1101247,37,,,1,15,,1177913,37,,,1,55,,1177925,37,,,1,15,,1177944,37,,,1,15,,1098225,37,,,1,15,,1177943,37,,,1,55,,1177912,37,,,1,15,,1177909,37,,,1,12,,1177911,37,,,1,15,,1098234,37,,,1,57,,1177918,37,,,1,30,,1177922,37,,,1,71,,1177906,37,,,1,32,,1177897,37,,,1,70,,877388,37,,,1,28,,974632,37,,,1,70,,1002878,37,,,1,30,,1177936,37,,,1,70,,1039124,37,,,1,29,,1177930,37,,,1,70,,1177935,37,,,1,30,,1177901,37,,,1,65,,1177932,37,,,1
9001,'11',432,,1177974,37,,,1,100,,1177978,37,,,1,19,,1177952,37,,,1,59,,1177953,37,,,1,16,,1075995,37,,,1,15,,1015049,37,,,1,15,,1177984,37,,,1,55,,1177957,37,,,1,23,,1177954,37,,,1,16,,1039360,37,,,1,53,,1071749,37,,,1,15,,1177976,37,,,1,17,,1177958,37,,,1,17,,1177965,37,,,1,53,,1177992,37,,,1,13,,1177950,37,,,1,15,,1177973,37,,,1,15,,1177983,37,,,1,55,,1177949,37,,,1,15,,1177988,37,,,1,15,,1177967,37,,,1,15,,1177946,37,,,1,55,,1177964,37,,,1,15,,1177989,37,,,1,15,,1177987,37,,,1,16,,1177981,37,,,1,55,,1021108,37,,,1,15,,1177969,37,,,1,15,,1177977,37,,,1,15,,1177991,37,,,1,55,,1045863,37,,,1,15,,1097548,37,,,1,15,,1177971,37,,,1,15,,1177990,37,,,1,55,,1177970,37,,,1,15,,1177979,37,,,1,15,,1177966,37,,,1,15,,1177960,37,,,1,55,,1064743,37,,,1,18,,1177948,37,,,1,15,,1101442,37,,,1,15,,1177963,37,,,1,55,,1177975,37,,,1,15,,1177994,37,,,1,15,,1098411,37,,,1,15,,1177993,37,,,1,55,,1177962,37,,,1,15,,1177959,37,,,1,12,,1177961,37,,,1,15,,1098420,37,,,1,57,,1177968,37,,,1,30,,1177972,37,,,1,71,,1177956,37,,,1,32,,1177947,37,,,1,70,,877318,37,,,1,28,,974780,37,,,1,70,,1002661,37,,,1,30,,1177986,37,,,1,70,,1039020,37,,,1,29,,1177980,37,,,1,70,,1177985,37,,,1,30,,1177951,37,,,1,65,,1177982,37,,,1
9001,'12',432,,1178033,37,,,1,100,,1178054,37,,,1,19,,1050489,37,,,1,59,,1178032,37,,,1,16,,1071654,37,,,1,15,,1178021,37,,,1,15,,1178013,37,,,1,55,,1178045,37,,,1,23,,1178016,37,,,1,16,,1098993,37,,,1,53,,1085948,37,,,1,15,,1178014,37,,,1,17,,1178017,37,,,1,17,,1178000,37,,,1,53,,1178052,37,,,1,13,,1178012,37,,,1,15,,1178010,37,,,1,15,,1178006,37,,,1,55,,1178050,37,,,1,15,,1079512,37,,,1,15,,1178002,37,,,1,15,,1177997,37,,,1,55,,1178003,37,,,1,15,,1178048,37,,,1,15,,1177998,37,,,1,16,,1178023,37,,,1,55,,1178043,37,,,1,15,,1177996,37,,,1,15,,1178022,37,,,1,15,,1178031,37,,,1,55,,1178040,37,,,1,15,,1178005,37,,,1,15,,1178041,37,,,1,15,,1178034,37,,,1,55,,1178038,37,,,1,15,,1178008,37,,,1,15,,1178018,37,,,1,15,,1178004,37,,,1,55,,1178015,37,,,1,18,,1178042,37,,,1,15,,1178011,37,,,1,15,,1178024,37,,,1,55,,1178044,37,,,1,15,,1178030,37,,,1,15,,1178019,37,,,1,15,,1178009,37,,,1,55,,1178020,37,,,1,15,,1178036,37,,,1,12,,1178039,37,,,1,15,,1178007,37,,,1,57,,1178025,37,,,1,30,,1178028,37,,,1,71,,1178053,37,,,1,32,,1178035,37,,,1,70,,1178029,37,,,1,28,,1178046,37,,,1,70,,1178049,37,,,1,30,,1178037,37,,,1,70,,1178051,37,,,1,29,,1178026,37,,,1,70,,997019,37,,,1,30,,1178001,37,,,1,65,,1178027,37,,,1
9001,'13',729,,1178074,37,,,1,30,,1178058,37,,,1,71,,1178082,37,,,1,70,,1178066,37,,,1,30,,1178055,37,,,1,70,,1178084,37,,,1,30,,1178079,37,,,1,70,,1178075,37,,,1,30,,1178062,37,,,1,70,,1178060,37,,,1,31,,1178063,37,,,1,70,,1178064,37,,,1,30,,1178069,37,,,1,70,,1178076,37,,,1,30,,1178059,37,,,1,70,,1074449,37,,,1,30,,1178081,37,,,1,70,,1178072,37,,,1,30,,1178057,37,,,1,70,,1178071,37,,,1,30,,1083460,37,,,1,70,,1178083,37,,,1,29,,1178080,37,,,1,70,,1178068,37,,,1,30,,1178078,37,,,1,70,,1178056,37,,,1,29,,1178067,37,,,1,30,,1178061,37,,,1,69,,1178070,37,,,1,30,,1068800,37,,,1,70,,1178077,37,,,1,30,,1178065,37,,,1,70,,1178073,37,,,1
9001,'14',432,,1178121,37,,,1,100,,1178125,37,,,1,19,,1178096,37,,,1,59,,1178097,37,,,1,16,,1178088,37,,,1,15,,1178098,37,,,1,15,,1178131,37,,,1,55,,1178103,37,,,1,23,,1178099,37,,,1,16,,1178139,37,,,1,53,,1178146,37,,,1,15,,1178123,37,,,1,17,,1178104,37,,,1,17,,1178112,37,,,1,53,,1178142,37,,,1,13,,1178091,37,,,1,15,,1178120,37,,,1,15,,1178130,37,,,1,55,,1178090,37,,,1,15,,1178135,37,,,1,15,,1178114,37,,,1,15,,1178085,37,,,1,55,,1178111,37,,,1,15,,1178136,37,,,1,15,,1178134,37,,,1,16,,1178128,37,,,1,55,,1178093,37,,,1,15,,1178116,37,,,1,15,,1178124,37,,,1,15,,1178138,37,,,1,55,,1178101,37,,,1,15,,1178148,37,,,1,15,,1178118,37,,,1,15,,1178137,37,,,1,55,,1178117,37,,,1,15,,1178126,37,,,1,15,,1178113,37,,,1,15,,1178106,37,,,1,55,,1178147,37,,,1,18,,1178089,37,,,1,15,,1178086,37,,,1,15,,1178110,37,,,1,55,,1178122,37,,,1,15,,1178144,37,,,1,15,,1178092,37,,,1,15,,1178143,37,,,1,55,,1178109,37,,,1,15,,1178105,37,,,1,12,,1178108,37,,,1,15,,1178140,37,,,1,57,,1178115,37,,,1,30,,1178119,37,,,1,71,,1178102,37,,,1,32,,1178087,37,,,1,70,,1178107,37,,,1,28,,1178145,37,,,1,70,,1178095,37,,,1,30,,1178133,37,,,1,70,,1178141,37,,,1,29,,1178127,37,,,1,70,,1178132,37,,,1,30,,1178094,37,,,1,65,,1178129,37,,,1
9001,'15',432,,1178189,37,,,1,100,,1178159,37,,,1,19,,1178162,37,,,1,59,,1178170,37,,,1,16,,1178167,37,,,1,15,,1178195,37,,,1,15,,1178154,37,,,1,55,,1178152,37,,,1,23,,1178204,37,,,1,16,,1178214,37,,,1,53,,1178198,37,,,1,15,,1178212,37,,,1,17,,1178193,37,,,1,17,,1178151,37,,,1,53,,1178177,37,,,1,13,,1178169,37,,,1,15,,1178156,37,,,1,15,,1178180,37,,,1,55,,1178185,37,,,1,15,,1178153,37,,,1,15,,1178186,37,,,1,15,,1178174,37,,,1,55,,1178210,37,,,1,15,,1178192,37,,,1,15,,1178184,37,,,1,16,,1178187,37,,,1,55,,1178171,37,,,1,15,,1178161,37,,,1,15,,1178150,37,,,1,15,,1178155,37,,,1,55,,1178163,37,,,1,15,,1178172,37,,,1,15,,1178196,37,,,1,15,,1178168,37,,,1,55,,1178209,37,,,1,15,,1178157,37,,,1,15,,1178191,37,,,1,15,,1178178,37,,,1,55,,1178200,37,,,1,18,,1178176,37,,,1,15,,1178190,37,,,1,15,,1178183,37,,,1,55,,1178164,37,,,1,15,,1178199,37,,,1,15,,1178160,37,,,1,15,,1178206,37,,,1,55,,1178188,37,,,1,15,,1178179,37,,,1,12,,1178211,37,,,1,15,,1178208,37,,,1,57,,1178202,37,,,1,30,,1178213,37,,,1,71,,1178165,37,,,1,32,,1178197,37,,,1,70,,1178181,37,,,1,28,,1178166,37,,,1,70,,1178207,37,,,1,30,,1178173,37,,,1,70,,1178175,37,,,1,29,,1178194,37,,,1,70,,1178201,37,,,1,30,,1178158,37,,,1,65,,1178205,37,,,1
9001,'16',432,,1178249,37,,,1,100,,1094865,37,,,1,19,,1178252,37,,,1,59,,1178248,37,,,1,16,,1178261,37,,,1,15,,1178238,37,,,1,15,,1178229,37,,,1,55,,1178263,37,,,1,23,,1178232,37,,,1,16,,1178234,37,,,1,53,,1178269,37,,,1,15,,1178230,37,,,1,17,,1178233,37,,,1,17,,1071710,37,,,1,53,,1178271,37,,,1,13,,1178228,37,,,1,15,,1178226,37,,,1,15,,1178222,37,,,1,55,,1178268,37,,,1,15,,1178273,37,,,1,15,,1065159,37,,,1,15,,1178216,37,,,1,55,,1178220,37,,,1,15,,1178266,37,,,1,15,,1178217,37,,,1,16,,1178240,37,,,1,55,,1178262,37,,,1,15,,1178215,37,,,1,15,,1178239,37,,,1,15,,1178247,37,,,1,55,,1178257,37,,,1,15,,1178221,37,,,1,15,,1178259,37,,,1,15,,1178250,37,,,1,55,,1178255,37,,,1,15,,1178224,37,,,1,15,,1178235,37,,,1,15,,1066560,37,,,1,55,,1178231,37,,,1,18,,1178260,37,,,1,15,,1178227,37,,,1,15,,1178241,37,,,1,55,,1073457,37,,,1,15,,1178246,37,,,1,15,,1178236,37,,,1,15,,1178225,37,,,1,55,,1178237,37,,,1,15,,1178253,37,,,1,12,,1178256,37,,,1,15,,1178223,37,,,1,57,,1178242,37,,,1,30,,1178244,37,,,1,71,,1178272,37,,,1,32,,1178251,37,,,1,70,,1178245,37,,,1,28,,1178264,37,,,1,70,,1178267,37,,,1,30,,1178254,37,,,1,70,,1178270,37,,,1,29,,1178243,37,,,1,70,,1178258,37,,,1,30,,1178219,37,,,1,65,,1064941,37,,,1
9001,'17',729,,1178294,37,,,1,30,,1178278,37,,,1,71,,1178303,37,,,1,70,,1178286,37,,,1,30,,1178274,37,,,1,70,,1178305,37,,,1,30,,1178299,37,,,1,70,,1178295,37,,,1,30,,1178282,37,,,1,70,,1178280,37,,,1,31,,1178283,37,,,1,70,,1178284,37,,,1,30,,1178289,37,,,1,70,,1178296,37,,,1,30,,1178279,37,,,1,70,,1178306,37,,,1,30,,1178301,37,,,1,70,,1178292,37,,,1,30,,1178277,37,,,1,70,,1178291,37,,,1,30,,1178276,37,,,1,70,,1178304,37,,,1,29,,1178300,37,,,1,70,,1178288,37,,,1,30,,1178298,37,,,1,70,,1178275,37,,,1,29,,1178287,37,,,1,30,,1178281,37,,,1,69,,1178290,37,,,1,30,,1178302,37,,,1,70,,1178297,37,,,1,30,,1178285,37,,,1,70,,1178293,37,,,1
9001,'2',535,,1178320,37,,,1,70,,1178310,37,,,1,30,,1178313,37,,,1,70,,1049108,37,,,1,30,,1178307,37,,,1,70,,1178324,37,,,1,31,,1178321,37,,,1,70,,1178334,37,,,1,30,,1089661,37,,,1,70,,1178312,37,,,1,30,,1178318,37,,,1,70,,1069447,37,,,1,30,,1178331,37,,,1,70,,1178309,37,,,1,31,,1178329,37,,,1,70,,1178330,37,,,1,30,,1178308,37,,,1,70,,1085350,37,,,1,30,,1178325,37,,,1,70,,1178333,37,,,1,30,,1178311,37,,,1,70,,1178315,37,,,1,30,,1178335,37,,,1,70,,1178336,37,,,1,30,,1178328,37,,,1,70,,1178319,37,,,1,29,,1178323,37,,,1,70,,1178317,37,,,1,30,,1178332,37,,,1,70,,1099925,37,,,1,29,,1178316,37,,,1,70,,1178326,37,,,1,29,,1178327,37,,,1,70,,1178322,37,,,1,30,,1079722,37,,,1,70,,1178314,37,,,1,30,,1178337,37,,,1
9001,'3',729,,1178358,37,,,1,30,,1178342,37,,,1,71,,1178367,37,,,1,70,,1178350,37,,,1,30,,1178338,37,,,1,70,,1178369,37,,,1,30,,1178363,37,,,1,70,,1178359,37,,,1,30,,1178346,37,,,1,70,,1178344,37,,,1,31,,1178347,37,,,1,70,,1178348,37,,,1,30,,1178353,37,,,1,70,,1178360,37,,,1,30,,1178343,37,,,1,70,,1178370,37,,,1,30,,1178365,37,,,1,70,,1178356,37,,,1,30,,1178341,37,,,1,70,,1178355,37,,,1,30,,1178340,37,,,1,70,,1178368,37,,,1,29,,1178364,37,,,1,70,,1178352,37,,,1,30,,1178362,37,,,1,70,,1178339,37,,,1,29,,1178351,37,,,1,30,,1178345,37,,,1,69,,1178354,37,,,1,30,,1178366,37,,,1,70,,1178361,37,,,1,30,,1178349,37,,,1,70,,1178357,37,,,1
9001,'4',729,,1178383,37,,,1,30,,1178399,37,,,1,71,,1178388,37,,,1,70,,1178378,37,,,1,30,,1178375,37,,,1,70,,1178380,37,,,1,30,,1178384,37,,,1,70,,1178394,37,,,1,30,,1178381,37,,,1,70,,1178392,37,,,1,31,,1178385,37,,,1,70,,1178396,37,,,1,30,,1092756,37,,,1,70,,1178379,37,,,1,30,,1178377,37,,,1,70,,1178402,37,,,1,30,,1178398,37,,,1,70,,1178391,37,,,1,30,,1178397,37,,,1,70,,1178382,37,,,1,30,,1178395,37,,,1,70,,1178389,37,,,1,29,,1178374,37,,,1,70,,1178400,37,,,1,30,,1178376,37,,,1,70,,1178373,37,,,1,29,,1178386,37,,,1,30,,1178393,37,,,1,69,,1178372,37,,,1,30,,1178387,37,,,1,70,,1178371,37,,,1,30,,1178390,37,,,1,70,,1178401,37,,,1
9001,'5',432,,1178431,37,,,1,100,,1178435,37,,,1,19,,1178409,37,,,1,59,,1178410,37,,,1,16,,1075886,37,,,1,15,,1014722,37,,,1,15,,1178441,37,,,1,55,,1178414,37,,,1,23,,1178411,37,,,1,16,,1039235,37,,,1,53,,1071683,37,,,1,15,,1178433,37,,,1,17,,1178415,37,,,1,17,,1178422,37,,,1,53,,1178449,37,,,1,13,,1178407,37,,,1,15,,1178430,37,,,1,15,,1178440,37,,,1,55,,1178406,37,,,1,15,,1178445,37,,,1,15,,1178424,37,,,1,15,,1178403,37,,,1,55,,1178421,37,,,1,15,,1178446,37,,,1,15,,1178444,37,,,1,16,,1178438,37,,,1,55,,1020872,37,,,1,15,,1178426,37,,,1,15,,1178434,37,,,1,15,,1178448,37,,,1,55,,1045820,37,,,1,15,,1097433,37,,,1,15,,1178428,37,,,1,15,,1178447,37,,,1,55,,1178427,37,,,1,15,,1178436,37,,,1,15,,1178423,37,,,1,15,,1178417,37,,,1,55,,1064675,37,,,1,18,,1178405,37,,,1,15,,1101380,37,,,1,15,,1178420,37,,,1,55,,1178432,37,,,1,15,,1178451,37,,,1,15,,1098353,37,,,1,15,,1178450,37,,,1,55,,1178419,37,,,1,15,,1178416,37,,,1,12,,1178418,37,,,1,15,,1098362,37,,,1,57,,1178425,37,,,1,30,,1178429,37,,,1,71,,1178413,37,,,1,32,,1178404,37,,,1,70,,877458,37,,,1,28,,974887,37,,,1,70,,1002389,37,,,1,30,,1178443,37,,,1,70,,1038892,37,,,1,29,,1178437,37,,,1,70,,1178442,37,,,1,30,,1178408,37,,,1,65,,1178439,37,,,1
9001,'6',432,,1178488,37,,,1,100,,1178506,37,,,1,19,,1178491,37,,,1,59,,1178487,37,,,1,16,,1178499,37,,,1,15,,1178476,37,,,1,15,,1178467,37,,,1,55,,1178502,37,,,1,23,,1178470,37,,,1,16,,1178472,37,,,1,53,,1178504,37,,,1,15,,1178468,37,,,1,17,,1178471,37,,,1,17,,1178454,37,,,1,53,,1027410,37,,,1,13,,1178466,37,,,1,15,,1178464,37,,,1,15,,1178460,37,,,1,55,,1066641,37,,,1,15,,1178507,37,,,1,15,,1178456,37,,,1,15,,1079244,37,,,1,55,,1178457,37,,,1,15,,1178503,37,,,1,15,,1093008,37,,,1,16,,1178478,37,,,1,55,,1178500,37,,,1,15,,1091391,37,,,1,15,,1178477,37,,,1,15,,1178486,37,,,1,55,,1178495,37,,,1,15,,1178459,37,,,1,15,,1178497,37,,,1,15,,1178489,37,,,1,55,,1178493,37,,,1,15,,1178462,37,,,1,15,,1178473,37,,,1,15,,1178458,37,,,1,55,,1178469,37,,,1,18,,1178498,37,,,1,15,,1178465,37,,,1,15,,1178479,37,,,1,55,,1178501,37,,,1,15,,1178485,37,,,1,15,,1178474,37,,,1,15,,1178463,37,,,1,55,,1178475,37,,,1,15,,1031871,37,,,1,12,,1178494,37,,,1,15,,1178461,37,,,1,57,,1178480,37,,,1,30,,1178483,37,,,1,71,,960122,37,,,1,32,,1178490,37,,,1,70,,1178484,37,,,1,28,,1040126,37,,,1,70,,1087691,37,,,1,30,,1178492,37,,,1,70,,1178505,37,,,1,29,,1178481,37,,,1,70,,1178496,37,,,1,30,,1178455,37,,,1,65,,1178482,37,,,1
9001,'7',535,,1178520,37,,,1,70,,1178514,37,,,1,30,,1178509,37,,,1,70,,1178538,37,,,1,30,,1178521,37,,,1,70,,1178534,37,,,1,31,,1178525,37,,,1,70,,1178515,37,,,1,30,,1178541,37,,,1,70,,1178542,37,,,1,30,,1178528,37,,,1,70,,1178522,37,,,1,30,,1178540,37,,,1,70,,1178535,37,,,1,31,,1178527,37,,,1,70,,1178526,37,,,1,30,,1178532,37,,,1,70,,1178512,37,,,1,30,,1178544,37,,,1,70,,1178539,37,,,1,30,,1178510,37,,,1,70,,1178523,37,,,1,30,,1178543,37,,,1,70,,1178524,37,,,1,30,,1178519,37,,,1,70,,1178531,37,,,1,29,,1178508,37,,,1,70,,1178533,37,,,1,30,,1178518,37,,,1,70,,1178517,37,,,1,29,,1178529,37,,,1,70,,1178536,37,,,1,29,,1178530,37,,,1,70,,1178516,37,,,1,30,,1178513,37,,,1,70,,1178537,37,,,1,30,,1178511,37,,,1
9001,'8',432,,1178583,37,,,1,100,,1178608,37,,,1,19,,1178586,37,,,1,59,,1178582,37,,,1,16,,1178595,37,,,1,15,,1178571,37,,,1,15,,1178562,37,,,1,55,,1178598,37,,,1,23,,1178565,37,,,1,16,,1178567,37,,,1,53,,1178604,37,,,1,15,,1178563,37,,,1,17,,1178566,37,,,1,17,,1178549,37,,,1,53,,1178606,37,,,1,13,,1178561,37,,,1,15,,1178559,37,,,1,15,,1178555,37,,,1,55,,1178603,37,,,1,15,,1178609,37,,,1,15,,1178551,37,,,1,15,,1178546,37,,,1,55,,1178552,37,,,1,15,,1178601,37,,,1,15,,1178547,37,,,1,16,,1178573,37,,,1,55,,1178596,37,,,1,15,,1178545,37,,,1,15,,1178572,37,,,1,15,,1178581,37,,,1,55,,1178591,37,,,1,15,,1178554,37,,,1,15,,1178593,37,,,1,15,,1178584,37,,,1,55,,1178589,37,,,1,15,,1178557,37,,,1,15,,1178568,37,,,1,15,,1178553,37,,,1,55,,1178564,37,,,1,18,,1178594,37,,,1,15,,1178560,37,,,1,15,,1178574,37,,,1,55,,1178597,37,,,1,15,,1178580,37,,,1,15,,1178569,37,,,1,15,,1178558,37,,,1,55,,1178570,37,,,1,15,,1178587,37,,,1,12,,1178590,37,,,1,15,,1178556,37,,,1,57,,1178575,37,,,1,30,,1178578,37,,,1,71,,1178607,37,,,1,32,,1178585,37,,,1,70,,1178579,37,,,1,28,,1178599,37,,,1,70,,1178602,37,,,1,30,,1178588,37,,,1,70,,1178605,37,,,1,29,,1178576,37,,,1,70,,1178592,37,,,1,30,,1178550,37,,,1,65,,1178577,37,,,1
9001,'9',432,,1178638,37,,,1,100,,1178642,37,,,1,19,,1178616,37,,,1,59,,1178617,37,,,1,16,,1075767,37,,,1,15,,1015157,37,,,1,15,,1178648,37,,,1,55,,1178621,37,,,1,23,,1178618,37,,,1,16,,1039408,37,,,1,53,,1071606,37,,,1,15,,1178640,37,,,1,17,,1178622,37,,,1,17,,1178629,37,,,1,53,,1178656,37,,,1,13,,1178614,37,,,1,15,,1178637,37,,,1,15,,1178647,37,,,1,55,,1178613,37,,,1,15,,1178652,37,,,1,15,,1178631,37,,,1,15,,1178610,37,,,1,55,,1178628,37,,,1,15,,1178653,37,,,1,15,,1178651,37,,,1,16,,1178645,37,,,1,55,,1021204,37,,,1,15,,1178633,37,,,1,15,,1178641,37,,,1,15,,1178655,37,,,1,55,,1045885,37,,,1,15,,1097317,37,,,1,15,,1178635,37,,,1,15,,1178654,37,,,1,55,,1178634,37,,,1,15,,1178643,37,,,1,15,,1178630,37,,,1,15,,1178624,37,,,1,55,,1064594,37,,,1,18,,1178612,37,,,1,15,,1101293,37,,,1,15,,1178627,37,,,1,55,,1178639,37,,,1,15,,1178658,37,,,1,15,,1098273,37,,,1,15,,1178657,37,,,1,55,,1178626,37,,,1,15,,1178623,37,,,1,12,,1178625,37,,,1,15,,1098282,37,,,1,57,,1178632,37,,,1,30,,1178636,37,,,1,71,,1178620,37,,,1,32,,1178611,37,,,1,70,,877412,37,,,1,28,,974861,37,,,1,70,,1002755,37,,,1,30,,1178650,37,,,1,70,,1039066,37,,,1,29,,1178644,37,,,1,70,,1178649,37,,,1,30,,1178615,37,,,1,65,,1178646,37,,,1
64000,'1',844,,1199389,37,,,1
64000,'10',844,,1199390,37,,,1
64000,'11',844,,1199391,37,,,1
64000,'12',844,,1199392,37,,,1
64000,'14',844,,1199393,37,,,1
64000,'15',844,,1199394,37,,,1
64000,'16',844,,1199395,37,,,1
64000,'5',844,,1199396,37,,,1
64000,'6',844,,1199397,37,,,1
64000,'8',844,,1199398,37,,,1
64000,'9',844,,1199399,37,,,1
