11101,'1',739,,1186312,27,0,17,1,3,,1186284,27,0,17,1
11101,'10',739,,1186372,27,0,17,1,3,,1186344,27,0,17,1
11101,'11',739,,1186432,27,0,17,1,3,,1186404,27,0,17,1
11101,'12',739,,1186472,27,0,17,1,3,,1186492,27,0,17,1
11101,'14',739,,1186594,27,0,17,1,3,,1186559,27,0,17,1
11101,'15',739,,1186687,27,0,17,1,3,,1186675,27,0,17,1
11101,'16',739,,1093445,27,0,17,1,3,,1186732,27,0,17,1
11101,'5',739,,1186919,27,0,17,1,3,,1186891,27,0,17,1
11101,'6',739,,1186958,27,0,17,1,3,,1186978,27,0,17,1
11101,'8',739,,1187062,27,0,17,1,3,,1187084,27,0,17,1
11101,'9',739,,1187152,27,0,17,1,3,,1187124,27,0,17,1
18900,'1',527,,1195053,13,,,1,103,,1195038,13,,,1,70,,1195047,13,0,11 2 12,1,32,,1019539,13,,,1,70,,1195048,13,0,11 2 12,1,30,,1103420,13,,,1,68,,1195044,13,,,1,30,,1069826,13,,,1,70,,1195031,13,,,1,30,,1195039,13,,,1,70,,1195054,13,,,1,31,,1195040,13,,,1,70,,1195057,13,,,1,29,,1195034,13,,,1,70,,1087218,13,,,1,30,,1195043,13,,,1,70,,1195041,13,,,1,31,,1195052,13,,,1,70,,1195045,13,,,1,30,,1195036,13,,,1,70,,1195046,13,,,1,31,,1089223,13,,,1,70,,1195032,13,,,1,30,,1057758,13,,,1,70,,1195056,13,,,1,29,,1195050,13,,,1,70,,1195058,13,,,1,29,,1195035,13,,,1,70,,1064122,13,,,1,30,,1195051,13,,,1,70,,1195037,13,,,1,30,,1195033,13,,,1,70,,1080732,13,,,1,30,,1195049,13,,,1,29,,1195055,13,,,1,69,,1195042,13,,,1,100,,1195030,13,,,1
18900,'10',527,,1195082,13,,,1,103,,1195067,13,,,1,70,,1195076,13,0,11 2 12,1,32,,1019578,13,,,1,70,,1195077,13,0,11 2 12,1,30,,1103414,13,,,1,68,,1195073,13,,,1,30,,1069681,13,,,1,70,,1195060,13,,,1,30,,1195068,13,,,1,70,,1195083,13,,,1,31,,1195069,13,,,1,70,,1195086,13,,,1,29,,1195063,13,,,1,70,,1087027,13,,,1,30,,1195072,13,,,1,70,,1195070,13,,,1,31,,1195081,13,,,1,70,,1195074,13,,,1,30,,1195065,13,,,1,70,,1195075,13,,,1,31,,1089028,13,,,1,70,,1195061,13,,,1,30,,1057858,13,,,1,70,,1195085,13,,,1,29,,1195079,13,,,1,70,,1195087,13,,,1,29,,1195064,13,,,1,70,,1063809,13,,,1,30,,1195080,13,,,1,70,,1195066,13,,,1,30,,1195062,13,,,1,70,,1080559,13,,,1,30,,1195078,13,,,1,29,,1195084,13,,,1,69,,1195071,13,,,1,100,,1195059,13,,,1
18900,'11',527,,1195111,13,,,1,103,,1195096,13,,,1,70,,1195105,13,0,11 2 12,1,32,,1019529,13,,,1,70,,1195106,13,0,11 2 12,1,30,,1103422,13,,,1,68,,1195102,13,,,1,30,,1069870,13,,,1,70,,1195089,13,,,1,30,,1195097,13,,,1,70,,1195112,13,,,1,31,,1195098,13,,,1,70,,1195115,13,,,1,29,,1195092,13,,,1,70,,1087273,13,,,1,30,,1195101,13,,,1,70,,1195099,13,,,1,31,,1195110,13,,,1,70,,1195103,13,,,1,30,,1195094,13,,,1,70,,1195104,13,,,1,31,,1089278,13,,,1,70,,1195090,13,,,1,30,,1057727,13,,,1,70,,1195114,13,,,1,29,,1195108,13,,,1,70,,1195116,13,,,1,29,,1195093,13,,,1,70,,1064215,13,,,1,30,,1195109,13,,,1,70,,1195095,13,,,1,30,,1195091,13,,,1,70,,1080789,13,,,1,30,,1195107,13,,,1,29,,1195113,13,,,1,69,,1195100,13,,,1,100,,1195088,13,,,1
18900,'12',527,,1195120,13,,,1,103,,1195129,13,,,1,70,,1195132,13,0,11 2 12,1,32,,1195125,13,,,1,70,,1195133,13,0,11 2 12,1,30,,1195135,13,,,1,68,,1195148,13,,,1,30,,1195145,13,,,1,70,,1195142,13,,,1,30,,1195122,13,,,1,70,,1195136,13,,,1,31,,1195119,13,,,1,70,,1195143,13,,,1,29,,1195127,13,,,1,70,,1195139,13,,,1,30,,1195144,13,,,1,70,,1091556,13,,,1,31,,1195150,13,,,1,70,,1195118,13,,,1,30,,1195134,13,,,1,70,,1195149,13,,,1,31,,1195128,13,,,1,70,,1195117,13,,,1,30,,1195141,13,,,1,70,,1195121,13,,,1,29,,1195124,13,,,1,70,,1195126,13,,,1,29,,1195137,13,,,1,70,,1195147,13,,,1,30,,1195146,13,,,1,70,,1195138,13,,,1,30,,1195130,13,,,1,70,,1195131,13,,,1,30,,1089468,13,,,1,29,,1195140,13,,,1,69,,1195151,13,,,1,100,,1195123,13,,,1
18900,'13',710,,1195155,13,0,11 2 12,1,100,,1195157,13,0,11 2 12,1,100,,1195152,13,0,11 2 12,1,100,,1195156,13,0,11 2 12,1,100,,1195160,13,0,11 2 12,1,100,,1195164,13,0,11 2 12,1,102,,1195161,13,0,11 2 12,1,100,,1195159,13,0,11 2 12,1,100,,1101718,13,0,11 2 12,1,100,,1195163,13,0,11 2 12,1,100,,1195154,13,0,11 2 12,1,99,,1195158,13,0,11 2 12,1,100,,1195162,13,0,11 2 12,1,100,,1195153,13,0,11 2 12,1
18900,'14',527,,1195192,13,,,1,103,,1195176,13,,,1,70,,1195186,13,0,11 2 12,1,32,,1195173,13,,,1,70,,1195187,13,0,11 2 12,1,30,,1195199,13,,,1,68,,1195182,13,,,1,30,,1195183,13,,,1,70,,1195167,13,,,1,30,,1195177,13,,,1,70,,1195193,13,,,1,31,,1195178,13,,,1,70,,1195196,13,,,1,29,,1195171,13,,,1,70,,1195170,13,,,1,30,,1195181,13,,,1,70,,1195179,13,,,1,31,,1195191,13,,,1,70,,1195184,13,,,1,30,,1195174,13,,,1,70,,1195185,13,,,1,31,,1195201,13,,,1,70,,1195168,13,,,1,30,,1195197,13,,,1,70,,1195195,13,,,1,29,,1195189,13,,,1,70,,1195198,13,,,1,29,,1195172,13,,,1,70,,1195200,13,,,1,30,,1195190,13,,,1,70,,1195175,13,,,1,30,,1195169,13,,,1,70,,1195165,13,,,1,30,,1195188,13,,,1,29,,1195194,13,,,1,69,,1195180,13,,,1,100,,1195166,13,,,1
18900,'15',527,,1195216,13,,,1,103,,1195217,13,,,1,70,,1195215,13,0,11 2 12,1,32,,1195236,13,,,1,70,,1195226,13,0,11 2 12,1,30,,1195230,13,,,1,68,,1195238,13,,,1,30,,1195210,13,,,1,70,,1195223,13,,,1,30,,1195211,13,,,1,70,,1195213,13,,,1,31,,1195224,13,,,1,70,,1195228,13,,,1,29,,1195231,13,,,1,70,,1195234,13,,,1,30,,1195219,13,,,1,70,,1195221,13,,,1,31,,1195227,13,,,1,70,,1195207,13,,,1,30,,1195235,13,,,1,70,,1195220,13,,,1,31,,1195233,13,,,1,70,,1195203,13,,,1,30,,1195202,13,,,1,70,,1195205,13,,,1,29,,1195214,13,,,1,70,,1195232,13,,,1,29,,1195222,13,,,1,70,,1195212,13,,,1,30,,1195208,13,,,1,70,,1195218,13,,,1,30,,1195206,13,,,1,70,,1195229,13,,,1,30,,1195225,13,,,1,29,,1195237,13,,,1,69,,1195209,13,,,1,100,,1195204,13,,,1
18900,'16',527,,1037975,13,,,1,103,,1195249,13,,,1,70,,1195252,13,0,11 2 12,1,32,,1195245,13,,,1,70,,1195253,13,0,11 2 12,1,30,,1195255,13,,,1,68,,1090920,13,,,1,30,,1195265,13,,,1,70,,1195262,13,,,1,30,,1101200,13,,,1,70,,1195256,13,,,1,31,,1195242,13,,,1,70,,1195263,13,,,1,29,,1195247,13,,,1,70,,1195259,13,,,1,30,,1195264,13,,,1,70,,1195241,13,,,1,31,,1195269,13,,,1,70,,1195240,13,,,1,30,,1195254,13,,,1,70,,1195268,13,,,1,31,,1195248,13,,,1,70,,1195239,13,,,1,30,,1195261,13,,,1,70,,1195243,13,,,1,29,,1195244,13,,,1,70,,1195246,13,,,1,29,,1195257,13,,,1,70,,1195267,13,,,1,30,,1195266,13,,,1,70,,1195258,13,,,1,30,,1195250,13,,,1,70,,1195251,13,,,1,30,,1195270,13,,,1,29,,1195260,13,,,1,69,,1195271,13,,,1,100,,1093822,13,,,1
18900,'17',710,,1195276,13,0,11 2 12,1,100,,1195278,13,0,11 2 12,1,100,,1195273,13,0,11 2 12,1,100,,1195277,13,0,11 2 12,1,100,,1195281,13,0,11 2 12,1,100,,1195285,13,0,11 2 12,1,102,,1195282,13,0,11 2 12,1,100,,1195280,13,0,11 2 12,1,100,,1195272,13,0,11 2 12,1,100,,1195284,13,0,11 2 12,1,100,,1195275,13,0,11 2 12,1,99,,1195279,13,0,11 2 12,1,100,,1195283,13,0,11 2 12,1,100,,1195274,13,0,11 2 12,1
18900,'2',710,,1195292,13,0,11 2 12,1,100,,1195296,13,0,11 2 12,1,100,,1195288,13,0,11 2 12,1,100,,1087071,13,0,11 2 12,1,100,,1195295,13,0,11 2 12,1,100,,1195289,13,0,11 2 12,1,102,,1195290,13,0,11 2 12,1,100,,1195286,13,0,11 2 12,1,100,,1195291,13,0,11 2 12,1,100,,1195294,13,0,11 2 12,1,100,,1195287,13,0,11 2 12,1,99,,1074706,13,0,11 2 12,1,100,,1195293,13,0,11 2 12,1
18900,'3',710,,1195301,13,0,11 2 12,1,100,,1195303,13,0,11 2 12,1,100,,1195298,13,0,11 2 12,1,100,,1195302,13,0,11 2 12,1,100,,1195306,13,0,11 2 12,1,100,,1195310,13,0,11 2 12,1,102,,1195307,13,0,11 2 12,1,100,,1195305,13,0,11 2 12,1,100,,1195297,13,0,11 2 12,1,100,,1195309,13,0,11 2 12,1,100,,1195300,13,0,11 2 12,1,99,,1195304,13,0,11 2 12,1,100,,1195308,13,0,11 2 12,1,100,,1195299,13,0,11 2 12,1
18900,'4',710,,1195320,13,0,11 2 12,1,100,,1195318,13,0,11 2 12,1,100,,1195317,13,0,11 2 12,1,100,,1024840,13,0,11 2 12,1,100,,1195312,13,0,11 2 12,1,100,,1195316,13,0,11 2 12,1,102,,1195321,13,0,11 2 12,1,100,,1195314,13,0,11 2 12,1,100,,1195322,13,0,11 2 12,1,100,,1195323,13,0,11 2 12,1,100,,1195319,13,0,11 2 12,1,99,,1195311,13,0,11 2 12,1,100,,1195315,13,0,11 2 12,1,100,,1195313,13,0,11 2 12,1
18900,'5',527,,1195347,13,,,1,103,,1195332,13,,,1,70,,1195341,13,0,11 2 12,1,32,,1019483,13,,,1,70,,1195342,13,0,11 2 12,1,30,,1103418,13,,,1,68,,1195338,13,,,1,30,,1069803,13,,,1,70,,1195325,13,,,1,30,,1195333,13,,,1,70,,1195348,13,,,1,31,,1195334,13,,,1,70,,1195351,13,,,1,29,,1195328,13,,,1,70,,1087180,13,,,1,30,,1195337,13,,,1,70,,1195335,13,,,1,31,,1195346,13,,,1,70,,1195339,13,,,1,30,,1195330,13,,,1,70,,1195340,13,,,1,31,,1089185,13,,,1,70,,1195326,13,,,1,30,,1057608,13,,,1,70,,1195350,13,,,1,29,,1195344,13,,,1,70,,1195352,13,,,1,29,,1195329,13,,,1,70,,1064077,13,,,1,30,,1195345,13,,,1,70,,1195331,13,,,1,30,,1195327,13,,,1,70,,1080702,13,,,1,30,,1195343,13,,,1,29,,1195349,13,,,1,69,,1195336,13,,,1,100,,1195324,13,,,1
18900,'6',527,,1195356,13,,,1,103,,1195365,13,,,1,70,,1195368,13,0,11 2 12,1,32,,1195361,13,,,1,70,,1195369,13,0,11 2 12,1,30,,1195371,13,,,1,68,,1195383,13,,,1,30,,1195381,13,,,1,70,,1195378,13,,,1,30,,1195358,13,,,1,70,,1195372,13,,,1,31,,942562,13,,,1,70,,1195379,13,,,1,29,,1195363,13,,,1,70,,1195375,13,,,1,30,,1195380,13,,,1,70,,1195355,13,,,1,31,,1097591,13,,,1,70,,1195354,13,,,1,30,,1195370,13,,,1,70,,1062270,13,,,1,31,,1195364,13,,,1,70,,1195353,13,,,1,30,,1195377,13,,,1,70,,1195357,13,,,1,29,,1195360,13,,,1,70,,1195362,13,,,1,29,,1195373,13,,,1,70,,922086,13,,,1,30,,1195382,13,,,1,70,,1195374,13,,,1,30,,1195366,13,,,1,70,,1195367,13,,,1,30,,1195384,13,,,1,29,,1195376,13,,,1,69,,1195385,13,,,1,100,,1195359,13,,,1
18900,'7',710,,1195393,13,0,11 2 12,1,100,,1195391,13,0,11 2 12,1,100,,1195389,13,0,11 2 12,1,100,,1195394,13,0,11 2 12,1,100,,1195387,13,0,11 2 12,1,100,,1195398,13,0,11 2 12,1,102,,1195396,13,0,11 2 12,1,100,,1195390,13,0,11 2 12,1,100,,1195386,13,0,11 2 12,1,100,,1195388,13,0,11 2 12,1,100,,1195397,13,0,11 2 12,1,99,,1195395,13,0,11 2 12,1,100,,1195392,13,0,11 2 12,1
18900,'8',527,,1195403,13,,,1,103,,1195412,13,,,1,70,,1195415,13,0,11 2 12,1,32,,1195408,13,,,1,70,,1195416,13,0,11 2 12,1,30,,1195418,13,,,1,68,,1195431,13,,,1,30,,1195428,13,,,1,70,,1195425,13,,,1,30,,1195405,13,,,1,70,,1195419,13,,,1,31,,1195402,13,,,1,70,,1195426,13,,,1,29,,1195410,13,,,1,70,,1195422,13,,,1,30,,1195427,13,,,1,70,,1195401,13,,,1,31,,1195433,13,,,1,70,,1195400,13,,,1,30,,1195417,13,,,1,70,,1195432,13,,,1,31,,1195411,13,,,1,70,,1195399,13,,,1,30,,1195424,13,,,1,70,,1195404,13,,,1,29,,1195407,13,,,1,70,,1195409,13,,,1,29,,1195420,13,,,1,70,,1195430,13,,,1,30,,1195429,13,,,1,70,,1195421,13,,,1,30,,1195413,13,,,1,70,,1195414,13,,,1,30,,1195434,13,,,1,29,,1195423,13,,,1,69,,1195435,13,,,1,100,,1195406,13,,,1
18900,'9',527,,1195459,13,,,1,103,,1195444,13,,,1,70,,1195453,13,0,11 2 12,1,32,,1019549,13,,,1,70,,1195454,13,0,11 2 12,1,30,,1103416,13,,,1,68,,1195450,13,,,1,30,,1069727,13,,,1,70,,1195437,13,,,1,30,,1195445,13,,,1,70,,1195460,13,,,1,31,,1195446,13,,,1,70,,1195463,13,,,1,29,,1195440,13,,,1,70,,1087089,13,,,1,30,,1195449,13,,,1,70,,1195447,13,,,1,31,,1195458,13,,,1,70,,1195451,13,,,1,30,,1195442,13,,,1,70,,1195452,13,,,1,31,,1089091,13,,,1,70,,1195438,13,,,1,30,,1057789,13,,,1,70,,1195462,13,,,1,29,,1195456,13,,,1,70,,1195464,13,,,1,29,,1195441,13,,,1,70,,1063906,13,,,1,30,,1195457,13,,,1,70,,1195443,13,,,1,30,,1195439,13,,,1,70,,1080613,13,,,1,30,,1195455,13,,,1,29,,1195461,13,,,1,69,,1195448,13,,,1,100,,1195436,13,,,1
61001,'1',1506,,1198921,20,,,1
61001,'10',1506,,1198922,20,,,1
61001,'11',1506,,1198923,20,,,1
61001,'12',1506,,1198924,20,,,1
61001,'14',1506,,1198925,20,,,1
61001,'15',1506,,1198926,20,,,1
61001,'16',1506,,1198927,20,,,1
61001,'5',1506,,1198928,20,,,1
61001,'6',1506,,1198929,20,,,1
61001,'8',1506,,1198930,20,,,1
61001,'9',1506,,1198931,20,,,1
68901,'1',841,,1200630,57,,,1
68901,'10',841,,1200631,57,,,1
68901,'11',841,,1200632,57,,,1
68901,'12',841,,1200633,57,,,1
68901,'14',841,,1200634,57,,,1
68901,'15',841,,1200635,57,,,1
68901,'16',841,,1200636,57,,,1
68901,'5',841,,1200637,57,,,1
68901,'6',841,,1200638,57,,,1
68901,'8',841,,1200639,57,,,1
68901,'9',841,,1200640,57,,,1
