4301,'1',616,,1140803,21,,,1,95,,1140802,21,,,1,35,,1140798,21,,,1,71,,1140811,21,,,1,30,,1140800,21,,,1,98,,1140804,21,,,1,100,,1140813,21,,,1,99,,1140797,21,,,1,101,,1140805,21,,,1,100,,1140808,21,,,1,101,,1140806,21,,,1,107,,1140809,21,,,1,267,,1140814,21,,,1,25,,1140810,21,,,1,98,,1140801,21,,,1,100,,1140799,21,,,1,100,,948308,21,,,1,95,,1140807,21,,,1,100,,1140812,21,,,1
4301,'10',616,,1140821,21,,,1,95,,1140820,21,,,1,35,,1140816,21,,,1,71,,1140829,21,,,1,30,,1140818,21,,,1,98,,1140822,21,,,1,100,,1140831,21,,,1,99,,1140815,21,,,1,101,,1140823,21,,,1,100,,1140826,21,,,1,101,,1140824,21,,,1,107,,1140827,21,,,1,267,,1140832,21,,,1,25,,1140828,21,,,1,98,,1140819,21,,,1,100,,1140817,21,,,1,100,,948041,21,,,1,95,,1140825,21,,,1,100,,1140830,21,,,1
4301,'11',616,,1140839,21,,,1,95,,1140838,21,,,1,35,,1140834,21,,,1,71,,1140847,21,,,1,30,,1140836,21,,,1,98,,1140840,21,,,1,100,,1140849,21,,,1,99,,1140833,21,,,1,101,,1140841,21,,,1,100,,1140844,21,,,1,101,,1140842,21,,,1,107,,1140845,21,,,1,267,,1140850,21,,,1,25,,1140846,21,,,1,98,,1140837,21,,,1,100,,1140835,21,,,1,100,,948256,21,,,1,95,,1140843,21,,,1,100,,1140848,21,,,1
4301,'12',616,,1140857,21,,,1,95,,1140869,21,,,1,35,,1140854,21,,,1,71,,1140864,21,,,1,30,,1140855,21,,,1,98,,1140862,21,,,1,100,,1140858,21,,,1,99,,1140852,21,,,1,101,,1140851,21,,,1,100,,1140853,21,,,1,101,,1140860,21,,,1,107,,1140859,21,,,1,267,,1140866,21,,,1,25,,1140861,21,,,1,98,,1140868,21,,,1,100,,1140865,21,,,1,100,,1140863,21,,,1,95,,1140856,21,,,1,100,,1140867,21,,,1
4301,'14',616,,1140877,21,,,1,95,,1140876,21,,,1,35,,1140872,21,,,1,71,,1140885,21,,,1,30,,1140874,21,,,1,98,,1140878,21,,,1,100,,1140887,21,,,1,99,,1140870,21,,,1,101,,1140879,21,,,1,100,,1140882,21,,,1,101,,1140880,21,,,1,107,,1140883,21,,,1,267,,1140888,21,,,1,25,,1140884,21,,,1,98,,1140875,21,,,1,100,,1140873,21,,,1,100,,1140871,21,,,1,95,,1140881,21,,,1,100,,1140886,21,,,1
4301,'15',616,,1140897,21,,,1,95,,1140893,21,,,1,35,,1140904,21,,,1,71,,1140907,21,,,1,30,,1140900,21,,,1,98,,1140894,21,,,1,100,,1140903,21,,,1,99,,1140895,21,,,1,101,,1140892,21,,,1,100,,1140896,21,,,1,101,,1140890,21,,,1,107,,1140901,21,,,1,267,,1140898,21,,,1,25,,1140889,21,,,1,98,,1140891,21,,,1,100,,1140905,21,,,1,100,,1140899,21,,,1,95,,1140906,21,,,1,100,,1140902,21,,,1
4301,'16',616,,1140913,21,,,1,95,,1140925,21,,,1,35,,1140910,21,,,1,71,,1140920,21,,,1,30,,1140911,21,,,1,98,,1140918,21,,,1,100,,1140914,21,,,1,99,,1140909,21,,,1,101,,1140908,21,,,1,100,,1057172,21,,,1,101,,1140916,21,,,1,107,,1140915,21,,,1,267,,1140922,21,,,1,25,,1140917,21,,,1,98,,1140924,21,,,1,100,,1140921,21,,,1,100,,1140919,21,,,1,95,,1140912,21,,,1,100,,1140923,21,,,1
4301,'5',616,,1140932,21,,,1,95,,1140931,21,,,1,35,,1140927,21,,,1,71,,1140940,21,,,1,30,,1140929,21,,,1,98,,1140933,21,,,1,100,,1140942,21,,,1,99,,1140926,21,,,1,101,,1140934,21,,,1,100,,1140937,21,,,1,101,,1140935,21,,,1,107,,1140938,21,,,1,267,,1140943,21,,,1,25,,1140939,21,,,1,98,,1140930,21,,,1,100,,1140928,21,,,1,100,,948464,21,,,1,95,,1140936,21,,,1,100,,1140941,21,,,1
4301,'6',616,,1140949,21,,,1,95,,1011556,21,,,1,35,,1140946,21,,,1,71,,1140955,21,,,1,30,,1140947,21,,,1,98,,1140953,21,,,1,100,,1140950,21,,,1,99,,1140944,21,,,1,101,,1062240,21,,,1,100,,1140945,21,,,1,101,,1013616,21,,,1,107,,1140951,21,,,1,267,,1068107,21,,,1,25,,1140952,21,,,1,98,,1140958,21,,,1,100,,1140956,21,,,1,100,,1140954,21,,,1,95,,1140948,21,,,1,100,,1140957,21,,,1
4301,'8',616,,1140965,21,,,1,95,,1140977,21,,,1,35,,1140962,21,,,1,71,,1140972,21,,,1,30,,1140963,21,,,1,98,,1140970,21,,,1,100,,1140966,21,,,1,99,,1140960,21,,,1,101,,1140959,21,,,1,100,,1140961,21,,,1,101,,1140968,21,,,1,107,,1140967,21,,,1,267,,1140974,21,,,1,25,,1140969,21,,,1,98,,1140976,21,,,1,100,,1140973,21,,,1,100,,1140971,21,,,1,95,,1140964,21,,,1,100,,1140975,21,,,1
4301,'9',616,,1140984,21,,,1,95,,1140983,21,,,1,35,,1140979,21,,,1,71,,1140992,21,,,1,30,,1140981,21,,,1,98,,1140985,21,,,1,100,,1140994,21,,,1,99,,1140978,21,,,1,101,,1140986,21,,,1,100,,1140989,21,,,1,101,,1140987,21,,,1,107,,1140990,21,,,1,267,,1140995,21,,,1,25,,1140991,21,,,1,98,,1140982,21,,,1,100,,1140980,21,,,1,100,,948412,21,,,1,95,,1140988,21,,,1,100,,1140993,21,,,1
