1200,'1',445,,1115331,39,,,1,60,,1058665,39,,,1,33,,1115281,39,,,1,74,,1115303,39,,,1,36,,1115288,52,,,1,73,,1115287,52,,,1,36,,1115329,52,,,1,62,,1115285,52,,,1,17,,1115323,52,,,1,14,,1089770,52,,,1,58,,1115304,52,,,1,14,,1115301,52,,,1,15,,1115280,52,,,1,14,,1115275,52,,,1,52,,1115308,52,,,1,15,,1115319,52,,,1,13,,1115302,52,,,1,15,,1115270,52,,,1,56,,1115309,52,,,1,14,,1115272,52,,,1,17,,1066174,52,,,1,15,,1115328,52,,,1,56,,1115332,52,,,1,16,,1115295,52,,,1,17,,1115273,52,,,1,14,,1115297,52,,,1,52,,1115293,52,,,1,14,,1115312,52,,,1,16,,1115306,52,,,1,17,,1115317,52,,,1,55,,1063632,52,,,1,16,,1115282,52,,,1,14,,1115305,52,,,1,19,,1095209,52,,,1,59,,1115307,52,,,1,18,,1094149,52,,,1,71,,1115278,52,,,1,17,,1115314,52,,,1,15,,1115324,52,,,1,14,,1115313,52,,,1,54,,1079554,52,,,1,14,,1115318,52,,,1,32,,1059073,52,,,1,54,,1115321,52,,,1,14,,1115290,52,,,1,11,,1115322,52,,,1,11,,1115310,52,,,1,12,,1036991,52,,,1,51,,1115271,52,,,1,9,,1115316,52,,,1,13,,1115325,39,,,1,17,,1115315,52,,,1,15,,1115311,39,,,1,56,,1115298,52,,,1,11,,1096790,39,,,1,17,,1115326,52,,,1,14,,1115320,39,,,1,56,,1115289,52,,,1,13,,1115296,39,,,1,17,,1115330,52,,,1,14,,1115294,39,,,1,57,,1115300,52,,,1,10,,1115291,39,,,1,17,,1115286,52,,,1,11,,1115279,39,,,1,56,,1115276,52,,,1,12,,1115327,39,,,1,14,,1115283,39,,,1,72,,1115274,52,,,1,13,,1090478,39,,,1,23,,1115292,39,,,1,65,,1115284,39,,,1,29,,1115299,39,,,1,26,,1115277,39,,,1,69,,1077496,39,,,1
1200,'10',445,,1115394,39,,,1,60,,1058683,39,,,1,33,,1115344,39,,,1,74,,1115366,39,,,1,36,,1115351,52,,,1,73,,1115350,52,,,1,36,,1115392,52,,,1,62,,1115348,52,,,1,17,,1115386,52,,,1,14,,1089627,52,,,1,58,,1115367,52,,,1,14,,1115364,52,,,1,15,,1115343,52,,,1,14,,1115338,52,,,1,52,,1115371,52,,,1,15,,1115382,52,,,1,13,,1115365,52,,,1,15,,1115333,52,,,1,56,,1115372,52,,,1,14,,1115335,52,,,1,17,,1065952,52,,,1,15,,1115391,52,,,1,56,,1115395,52,,,1,16,,1115358,52,,,1,17,,1115336,52,,,1,14,,1115360,52,,,1,52,,1115356,52,,,1,14,,1115375,52,,,1,16,,1115369,52,,,1,17,,1115380,52,,,1,55,,1063328,52,,,1,16,,1115345,52,,,1,14,,1115368,52,,,1,19,,1094963,52,,,1,59,,1115370,52,,,1,18,,1093929,52,,,1,71,,1115341,52,,,1,17,,1115377,52,,,1,15,,1115387,52,,,1,14,,1115376,52,,,1,54,,1079362,52,,,1,14,,1115381,52,,,1,32,,1059089,52,,,1,54,,1115384,52,,,1,14,,1115353,52,,,1,11,,1115385,52,,,1,11,,1115373,52,,,1,12,,1037221,52,,,1,51,,1115334,52,,,1,9,,1115379,52,,,1,13,,1115388,39,,,1,17,,1115378,52,,,1,15,,1115374,39,,,1,56,,1115361,52,,,1,11,,1096557,39,,,1,17,,1115389,52,,,1,14,,1115383,39,,,1,56,,1115352,52,,,1,13,,1115359,39,,,1,17,,1115393,52,,,1,14,,1115357,39,,,1,57,,1115363,52,,,1,10,,1115354,39,,,1,17,,1115349,52,,,1,11,,1115342,39,,,1,56,,1115339,52,,,1,12,,1115390,39,,,1,14,,1115346,39,,,1,72,,1115337,52,,,1,13,,1090321,39,,,1,23,,1115355,39,,,1,65,,1115347,39,,,1,29,,1115362,39,,,1,26,,1115340,39,,,1,69,,1077383,39,,,1
1200,'11',445,,1115457,39,,,1,60,,1058660,39,,,1,33,,1115407,39,,,1,74,,1115429,39,,,1,36,,1115414,52,,,1,73,,1115413,52,,,1,36,,1115455,52,,,1,62,,1115411,52,,,1,17,,1115449,52,,,1,14,,1089812,52,,,1,58,,1115430,52,,,1,14,,1115427,52,,,1,15,,1115406,52,,,1,14,,1115401,52,,,1,52,,1115434,52,,,1,15,,1115445,52,,,1,13,,1115428,52,,,1,15,,1115396,52,,,1,56,,1115435,52,,,1,14,,1115398,52,,,1,17,,1066245,52,,,1,15,,1115454,52,,,1,56,,1115458,52,,,1,16,,1115421,52,,,1,17,,1115399,52,,,1,14,,1115423,52,,,1,52,,1115419,52,,,1,14,,1115438,52,,,1,16,,1115432,52,,,1,17,,1115443,52,,,1,55,,1063724,52,,,1,16,,1115408,52,,,1,14,,1115431,52,,,1,19,,1095283,52,,,1,59,,1115433,52,,,1,18,,1094212,52,,,1,71,,1115404,52,,,1,17,,1115440,52,,,1,15,,1115450,52,,,1,14,,1115439,52,,,1,54,,1079613,52,,,1,14,,1115444,52,,,1,32,,1059068,52,,,1,54,,1115447,52,,,1,14,,1115416,52,,,1,11,,1115448,52,,,1,11,,1115436,52,,,1,12,,1036924,52,,,1,51,,1115397,52,,,1,9,,1115442,52,,,1,13,,1115451,39,,,1,17,,1115441,52,,,1,15,,1115437,39,,,1,56,,1115424,52,,,1,11,,1096856,39,,,1,17,,1115452,52,,,1,14,,1115446,39,,,1,56,,1115415,52,,,1,13,,1115422,39,,,1,17,,1115456,52,,,1,14,,1115420,39,,,1,57,,1115426,52,,,1,10,,1115417,39,,,1,17,,1115412,52,,,1,11,,1115405,39,,,1,56,,1115402,52,,,1,12,,1115453,39,,,1,14,,1115409,39,,,1,72,,1115400,52,,,1,13,,1090521,39,,,1,23,,1115418,39,,,1,65,,1115410,39,,,1,29,,1115425,39,,,1,26,,1115403,39,,,1,69,,1077529,39,,,1
1200,'12',445,,1115497,39,,,1,60,,1115486,39,,,1,33,,1115503,39,,,1,74,,1010301,39,,,1,36,,1115492,52,,,1,73,,1115498,52,,,1,36,,1115502,52,,,1,62,,1096706,52,,,1,17,,1115491,52,,,1,14,,1115519,52,,,1,58,,1115522,52,,,1,14,,1115482,52,,,1,15,,1115493,52,,,1,14,,1115494,52,,,1,52,,1115500,52,,,1,15,,1115460,52,,,1,13,,1115488,52,,,1,15,,1115509,52,,,1,56,,1115517,52,,,1,14,,1115459,52,,,1,17,,1115466,52,,,1,15,,1115464,52,,,1,56,,1115511,52,,,1,16,,1115490,52,,,1,17,,1115483,52,,,1,14,,1115480,52,,,1,52,,1115489,52,,,1,14,,1115496,52,,,1,16,,1115468,52,,,1,17,,1115476,52,,,1,55,,902476,52,,,1,16,,1115487,52,,,1,14,,1115472,52,,,1,19,,1115513,52,,,1,59,,1115499,52,,,1,18,,1065739,52,,,1,71,,1115462,52,,,1,17,,1115514,52,,,1,15,,1115474,52,,,1,14,,1115518,52,,,1,54,,1036362,52,,,1,14,,1115470,52,,,1,32,,1115463,52,,,1,54,,1080438,52,,,1,14,,1115479,52,,,1,11,,1115505,52,,,1,11,,1115471,52,,,1,12,,1115501,52,,,1,51,,1115508,52,,,1,9,,1115506,52,,,1,13,,1115507,39,,,1,17,,1115504,52,,,1,15,,1078241,39,,,1,56,,1115520,52,,,1,11,,1115467,39,,,1,17,,1115484,52,,,1,14,,1115477,39,,,1,56,,1115481,52,,,1,13,,1115515,39,,,1,17,,1115475,52,,,1,14,,1115512,39,,,1,57,,1010637,52,,,1,10,,1073602,39,,,1,17,,1115478,52,,,1,11,,1115521,39,,,1,56,,1115510,52,,,1,12,,1040623,39,,,1,14,,1115516,39,,,1,72,,1115469,52,,,1,13,,1115495,39,,,1,23,,1115461,39,,,1,65,,1115485,39,,,1,29,,1092385,39,,,1,26,,1115465,39,,,1,69,,1115473,39,,,1
1200,'13',706,,1115555,39,,,1,31,,1115525,39,,,1,70,,1115529,39,,,1,31,,1115540,39,,,1,71,,1115546,52,,,1,29,,1115551,39,,,1,67,,1115552,52,,,1,16,,1115558,39,,,1,16,,1115526,39,,,1,15,,1115557,39,,,1,57,,1115568,52,,,1,13,,1115531,39,,,1,15,,1115533,39,,,1,15,,1093236,39,,,1,57,,1115571,52,,,1,13,,1115542,39,,,1,17,,1115527,52,,,1,14,,1115536,39,,,1,57,,1115564,52,,,1,13,,1115575,39,,,1,17,,1115539,52,,,1,13,,1115530,39,,,1,57,,1115574,52,,,1,13,,1115572,39,,,1,17,,1115524,52,,,1,13,,1115532,39,,,1,57,,1115549,52,,,1,13,,1115550,39,,,1,17,,1115567,52,,,1,13,,1115562,39,,,1,57,,1115523,52,,,1,13,,1115570,39,,,1,17,,1115545,52,,,1,12,,1115569,39,,,1,57,,1115528,52,,,1,13,,1115563,39,,,1,17,,1115547,52,,,1,13,,1115556,39,,,1,57,,1115554,52,,,1,13,,1115573,39,,,1,17,,1115561,52,,,1,13,,1115535,39,,,1,69,,1115543,52,,,1,29,,1115559,39,,,1,70,,1115541,39,,,1,30,,1115565,39,,,1,70,,1115537,39,,,1,30,,1115534,39,,,1,70,,1115548,39,,,1,28,,1115560,39,,,1,70,,1115566,39,,,1,30,,1074452,39,,,1,70,,1115544,39,,,1,30,,1115553,39,,,1,76,,1115538,39,,,1
1200,'14',445,,1115648,39,,,1,60,,1115587,39,,,1,33,,1115591,39,,,1,74,,1115615,39,,,1,36,,1115600,52,,,1,73,,1115598,52,,,1,36,,1115645,52,,,1,62,,1115596,52,,,1,17,,1115638,52,,,1,14,,1115579,52,,,1,58,,1115617,52,,,1,14,,1115613,52,,,1,15,,1115590,52,,,1,14,,1115584,52,,,1,52,,1115621,52,,,1,15,,1115633,52,,,1,13,,1115614,52,,,1,15,,1115577,52,,,1,56,,1115622,52,,,1,14,,1115580,52,,,1,17,,1115650,52,,,1,15,,1115643,52,,,1,56,,1115649,52,,,1,16,,1115607,52,,,1,17,,1115581,52,,,1,14,,1115609,52,,,1,52,,1115605,52,,,1,14,,1115625,52,,,1,16,,1115619,52,,,1,17,,1115631,52,,,1,55,,1115647,52,,,1,16,,1115592,52,,,1,14,,1115618,52,,,1,19,,1115599,52,,,1,59,,1115620,52,,,1,18,,1115616,52,,,1,71,,1115588,52,,,1,17,,1115628,52,,,1,15,,1115639,52,,,1,14,,1115626,52,,,1,54,,1115582,52,,,1,14,,1115632,52,,,1,32,,1115627,52,,,1,54,,1115635,52,,,1,14,,1115602,52,,,1,11,,1115637,52,,,1,11,,1115623,52,,,1,12,,1115644,52,,,1,51,,1115578,52,,,1,9,,1115630,52,,,1,13,,1115640,39,,,1,17,,1115629,52,,,1,15,,1115624,39,,,1,56,,1115610,52,,,1,11,,1115636,39,,,1,17,,1115641,52,,,1,14,,1115634,39,,,1,56,,1115601,52,,,1,13,,1115608,39,,,1,17,,1115646,52,,,1,14,,1115606,39,,,1,57,,1115612,52,,,1,10,,1115603,39,,,1,17,,1115597,52,,,1,11,,1115589,39,,,1,56,,1115585,52,,,1,12,,1115642,39,,,1,14,,1115594,39,,,1,72,,1115583,52,,,1,13,,1115576,39,,,1,23,,1115604,39,,,1,65,,1115595,39,,,1,29,,1115611,39,,,1,26,,1115586,39,,,1,69,,1115593,39,,,1
1200,'15',445,,1115687,39,,,1,60,,1115675,39,,,1,33,,1115696,39,,,1,74,,1115700,39,,,1,36,,1115720,52,,,1,73,,1115682,52,,,1,36,,1115689,52,,,1,62,,1115711,52,,,1,17,,1115660,52,,,1,14,,1115673,52,,,1,58,,1115710,52,,,1,14,,1115724,52,,,1,15,,1115703,52,,,1,14,,1115693,52,,,1,52,,1115692,52,,,1,15,,1115697,52,,,1,13,,1115685,52,,,1,15,,1115691,52,,,1,56,,1115659,52,,,1,14,,1115672,52,,,1,17,,1115719,52,,,1,15,,1115690,52,,,1,56,,1115721,52,,,1,16,,1115686,52,,,1,17,,1115661,52,,,1,14,,1115656,52,,,1,52,,1115714,52,,,1,14,,1115712,52,,,1,16,,1115666,52,,,1,17,,1115705,52,,,1,55,,1115725,52,,,1,16,,1115715,52,,,1,14,,1115664,52,,,1,19,,1115665,52,,,1,59,,1115653,52,,,1,18,,1115717,52,,,1,71,,1115652,52,,,1,17,,1115681,52,,,1,15,,1115723,52,,,1,14,,1115657,52,,,1,54,,1115722,52,,,1,14,,1115694,52,,,1,32,,1115654,52,,,1,54,,1115699,52,,,1,14,,1115688,52,,,1,11,,1115706,52,,,1,11,,1115671,52,,,1,12,,1115709,52,,,1,51,,1115669,52,,,1,9,,1115718,52,,,1,13,,1115663,39,,,1,17,,1115702,52,,,1,15,,1115670,39,,,1,56,,1115676,52,,,1,11,,1115662,39,,,1,17,,1115695,52,,,1,14,,1115679,39,,,1,56,,1115684,52,,,1,13,,1115680,39,,,1,17,,1115667,52,,,1,14,,1115713,39,,,1,57,,1115674,52,,,1,10,,1115683,39,,,1,17,,1115651,52,,,1,11,,1115677,39,,,1,56,,1115658,52,,,1,12,,1115716,39,,,1,14,,1115708,39,,,1,72,,1115678,52,,,1,13,,1115655,39,,,1,23,,1115701,39,,,1,65,,1115698,39,,,1,29,,1115707,39,,,1,26,,1115704,39,,,1,69,,1115668,39,,,1
1200,'16',445,,1115769,39,,,1,60,,1115757,39,,,1,33,,1115777,39,,,1,74,,1115746,39,,,1,36,,1115763,52,,,1,73,,1115770,52,,,1,36,,1115776,52,,,1,62,,1115730,52,,,1,17,,1115762,52,,,1,14,,1115790,52,,,1,58,,970136,52,,,1,14,,1115753,52,,,1,15,,1115764,52,,,1,14,,1115765,52,,,1,52,,1115774,52,,,1,15,,1115727,52,,,1,13,,1115759,52,,,1,15,,1115782,52,,,1,56,,1115788,52,,,1,14,,1115726,52,,,1,17,,1115735,52,,,1,15,,1115729,52,,,1,56,,1096471,52,,,1,16,,1115761,52,,,1,17,,1115754,52,,,1,14,,1115751,52,,,1,52,,1115760,52,,,1,14,,1115767,52,,,1,16,,1115736,52,,,1,17,,1115747,52,,,1,55,,1115734,52,,,1,16,,1115758,52,,,1,14,,1115742,52,,,1,19,,1115785,52,,,1,59,,1115771,52,,,1,18,,1115739,52,,,1,71,,1008750,52,,,1,17,,1115786,52,,,1,15,,1115744,52,,,1,14,,1115789,52,,,1,54,,1115768,52,,,1,14,,1115740,52,,,1,32,,1115728,52,,,1,54,,1115733,52,,,1,14,,1115750,52,,,1,11,,1115779,52,,,1,11,,1115741,52,,,1,12,,1115775,52,,,1,51,,1066193,52,,,1,9,,1115780,52,,,1,13,,1115781,39,,,1,17,,1115778,52,,,1,15,,1115772,39,,,1,56,,1115791,52,,,1,11,,1062165,39,,,1,17,,1115755,52,,,1,14,,1115748,39,,,1,56,,1115752,52,,,1,13,,1115787,39,,,1,17,,1115745,52,,,1,14,,1115784,39,,,1,57,,1115732,52,,,1,10,,1115773,39,,,1,17,,1115749,52,,,1,11,,1115792,39,,,1,56,,1115783,52,,,1,12,,1115793,39,,,1,14,,1066194,39,,,1,72,,1115738,52,,,1,13,,1115766,39,,,1,23,,1086703,39,,,1,65,,1115756,39,,,1,29,,1115737,39,,,1,26,,1115731,39,,,1,69,,1115743,39,,,1
1200,'17',706,,1115827,39,,,1,31,,1115796,39,,,1,70,,1115800,39,,,1,31,,1115812,39,,,1,71,,1115818,52,,,1,29,,1115823,39,,,1,67,,1115824,52,,,1,16,,1115830,39,,,1,16,,1115797,39,,,1,15,,1115829,39,,,1,57,,1115840,52,,,1,13,,1115803,39,,,1,15,,1115805,39,,,1,15,,1115802,39,,,1,57,,1115843,52,,,1,13,,1115814,39,,,1,17,,1115798,52,,,1,14,,1115808,39,,,1,57,,1115836,52,,,1,13,,1115848,39,,,1,17,,1115811,52,,,1,13,,1115801,39,,,1,57,,1115846,52,,,1,13,,1115844,39,,,1,17,,1115795,52,,,1,13,,1115804,39,,,1,57,,1115821,52,,,1,13,,1115822,39,,,1,17,,1115839,52,,,1,13,,1115834,39,,,1,57,,1115794,52,,,1,13,,1115842,39,,,1,17,,1115817,52,,,1,12,,1115841,39,,,1,57,,1115799,52,,,1,13,,1115835,39,,,1,17,,1115819,52,,,1,13,,1115828,39,,,1,57,,1115826,52,,,1,13,,1115845,39,,,1,17,,1115833,52,,,1,13,,1115807,39,,,1,69,,1115815,52,,,1,29,,1115831,39,,,1,70,,1115813,39,,,1,30,,1115837,39,,,1,70,,1115809,39,,,1,30,,1115806,39,,,1,70,,1115820,39,,,1,28,,1115832,39,,,1,70,,1115838,39,,,1,30,,1115847,39,,,1,70,,1115816,39,,,1,30,,1115825,39,,,1,76,,1115810,39,,,1
1200,'2',527,,1115861,39,,,1,30,,1005102,39,,,1,73,,1115901,39,,,1,70,,1115872,39,,,1,31,,1115882,39,,,1,70,,1115877,39,,,1,31,,1115871,39,,,1,20,,1101072,39,,,1,57,,1115904,39,,,1,17,,1115887,52,,,1,14,,1115906,39,,,1,16,,1115878,52,,,1,54,,1115858,39,,,1,16,,1115868,52,,,1,15,,1014876,39,,,1,17,,1115853,52,,,1,53,,1115899,39,,,1,17,,1115908,52,,,1,13,,1115862,39,,,1,70,,1115900,39,,,1,9,,1115890,52,,,1,8,,1115866,52,,,1,14,,1115855,39,,,1,17,,1115879,52,,,1,53,,1115891,39,,,1,11,,1115885,52,,,1,19,,1023588,39,,,1,17,,1115895,52,,,1,53,,1115869,39,,,1,17,,1115905,52,,,1,13,,1115884,39,,,1,17,,1115851,52,,,1,53,,1115854,39,,,1,17,,1115889,52,,,1,13,,1005886,39,,,1,17,,1115849,52,,,1,53,,1115881,39,,,1,17,,1115867,52,,,1,12,,1115874,39,,,1,17,,1115876,52,,,1,53,,1115883,39,,,1,17,,1115875,52,,,1,13,,1115865,39,,,1,17,,1115864,52,,,1,53,,1115880,39,,,1,17,,1115907,52,,,1,13,,1065026,39,,,1,16,,1115852,52,,,1,54,,1115856,39,,,1,16,,1115870,52,,,1,14,,1115863,39,,,1,16,,1115860,52,,,1,54,,1096585,39,,,1,16,,1115857,52,,,1,14,,1115893,39,,,1,16,,1115886,52,,,1,54,,1115897,39,,,1,16,,1115896,52,,,1,27,,1115903,39,,,1,71,,1008377,52,,,1,27,,1115888,39,,,1,71,,1115894,52,,,1,29,,1115898,39,,,1,70,,1115873,39,,,1,30,,1115892,39,,,1,70,,1115850,39,,,1,30,,1115902,39,,,1,70,,1115859,39,,,1
1200,'3',706,,1115942,39,,,1,31,,1115911,39,,,1,70,,1115915,39,,,1,31,,1115927,39,,,1,71,,1115933,52,,,1,29,,1115938,39,,,1,67,,1115939,52,,,1,16,,1115945,39,,,1,16,,1115912,39,,,1,15,,1115944,39,,,1,57,,1115955,52,,,1,13,,1115918,39,,,1,15,,1115920,39,,,1,15,,1115917,39,,,1,57,,1115958,52,,,1,13,,1115929,39,,,1,17,,1115913,52,,,1,14,,1115923,39,,,1,57,,1115951,52,,,1,13,,1115963,39,,,1,17,,1115926,52,,,1,13,,1115916,39,,,1,57,,1115961,52,,,1,13,,1115959,39,,,1,17,,1115910,52,,,1,13,,1115919,39,,,1,57,,1115936,52,,,1,13,,1115937,39,,,1,17,,1115954,52,,,1,13,,1115949,39,,,1,57,,1115909,52,,,1,13,,1115957,39,,,1,17,,1115932,52,,,1,12,,1115956,39,,,1,57,,1115914,52,,,1,13,,1115950,39,,,1,17,,1115934,52,,,1,13,,1115943,39,,,1,57,,1115941,52,,,1,13,,1115960,39,,,1,17,,1115948,52,,,1,13,,1115922,39,,,1,69,,1115930,52,,,1,29,,1115946,39,,,1,70,,1115928,39,,,1,30,,1115952,39,,,1,70,,1115924,39,,,1,30,,1115921,39,,,1,70,,1115935,39,,,1,28,,1115947,39,,,1,70,,1115953,39,,,1,30,,1115962,39,,,1,70,,1115931,39,,,1,30,,1115940,39,,,1,76,,1115925,39,,,1
1200,'4',706,,1115982,39,,,1,31,,1115984,39,,,1,70,,1115986,39,,,1,31,,1115974,39,,,1,71,,1115978,52,,,1,29,,1116000,39,,,1,67,,1116004,52,,,1,16,,1115977,39,,,1,16,,1115988,39,,,1,15,,1115971,39,,,1,57,,1115976,52,,,1,13,,1116006,39,,,1,15,,1115968,39,,,1,15,,1115967,39,,,1,57,,1115994,52,,,1,13,,1115973,39,,,1,17,,1115996,52,,,1,14,,1115979,39,,,1,57,,1115972,52,,,1,13,,1116003,39,,,1,17,,1116002,52,,,1,13,,1115970,39,,,1,57,,1115964,52,,,1,13,,1115983,39,,,1,17,,1115981,52,,,1,13,,1001800,39,,,1,57,,1115985,52,,,1,13,,1115966,39,,,1,17,,1115987,52,,,1,13,,1116016,39,,,1,57,,1115980,52,,,1,13,,1115965,39,,,1,17,,1116001,52,,,1,12,,1116013,39,,,1,57,,1116010,52,,,1,13,,1115998,39,,,1,17,,1116008,52,,,1,13,,1116011,39,,,1,57,,1115990,52,,,1,13,,1087966,39,,,1,17,,1115995,52,,,1,13,,1116005,39,,,1,69,,1116015,52,,,1,29,,1115991,39,,,1,70,,1116012,39,,,1,30,,1115993,39,,,1,70,,1115992,39,,,1,30,,1115975,39,,,1,70,,1115969,39,,,1,28,,1115997,39,,,1,70,,1116007,39,,,1,30,,1116014,39,,,1,70,,1115999,39,,,1,30,,1116009,39,,,1,76,,1115989,39,,,1
1200,'5',445,,1116078,39,,,1,60,,1058641,39,,,1,33,,1116028,39,,,1,74,,1116050,39,,,1,36,,1116035,52,,,1,73,,1116034,52,,,1,36,,1116076,52,,,1,62,,1116032,52,,,1,17,,1116070,52,,,1,14,,1089747,52,,,1,58,,1116051,52,,,1,14,,1116048,52,,,1,15,,1116027,52,,,1,14,,1116022,52,,,1,52,,1116055,52,,,1,15,,1116066,52,,,1,13,,1116049,52,,,1,15,,1116017,52,,,1,56,,1116056,52,,,1,14,,1116019,52,,,1,17,,1066133,52,,,1,15,,1116075,52,,,1,56,,1116079,52,,,1,16,,1116042,52,,,1,17,,1116020,52,,,1,14,,1116044,52,,,1,52,,1116040,52,,,1,14,,1116059,52,,,1,16,,1116053,52,,,1,17,,1116064,52,,,1,55,,1063592,52,,,1,16,,1116029,52,,,1,14,,1116052,52,,,1,19,,1095161,52,,,1,59,,1116054,52,,,1,18,,1094110,52,,,1,71,,1116025,52,,,1,17,,1116061,52,,,1,15,,1116071,52,,,1,14,,1116060,52,,,1,54,,1079520,52,,,1,14,,1116065,52,,,1,32,,1059053,52,,,1,54,,1116068,52,,,1,14,,1116037,52,,,1,11,,1116069,52,,,1,11,,1116057,52,,,1,12,,1036576,52,,,1,51,,1116018,52,,,1,9,,1116063,52,,,1,13,,1116072,39,,,1,17,,1116062,52,,,1,15,,1116058,39,,,1,56,,1116045,52,,,1,11,,1096758,39,,,1,17,,1116073,52,,,1,14,,1116067,39,,,1,56,,1116036,52,,,1,13,,1116043,39,,,1,17,,1116077,52,,,1,14,,1116041,39,,,1,57,,1116047,52,,,1,10,,1116038,39,,,1,17,,1116033,52,,,1,11,,1116026,39,,,1,56,,1116023,52,,,1,12,,1116074,39,,,1,14,,1116030,39,,,1,72,,1116021,52,,,1,13,,1090454,39,,,1,23,,1116039,39,,,1,65,,1116031,39,,,1,29,,1116046,39,,,1,26,,1116024,39,,,1,69,,1077478,39,,,1
1200,'6',445,,1116119,39,,,1,60,,1116108,39,,,1,33,,1116127,39,,,1,74,,1116098,39,,,1,36,,1116114,52,,,1,73,,1116120,52,,,1,36,,1116126,52,,,1,62,,1116083,52,,,1,17,,1116113,52,,,1,14,,1069900,52,,,1,58,,1116145,52,,,1,14,,1116104,52,,,1,15,,1029727,52,,,1,14,,1116115,52,,,1,52,,1116124,52,,,1,15,,948157,52,,,1,13,,1116110,52,,,1,15,,1116133,52,,,1,56,,1088322,52,,,1,14,,1116080,52,,,1,17,,1097568,52,,,1,15,,1063735,52,,,1,56,,1116135,52,,,1,16,,1116112,52,,,1,17,,1116105,52,,,1,14,,1116102,52,,,1,52,,1116111,52,,,1,14,,1116117,52,,,1,16,,1116088,52,,,1,17,,1043988,52,,,1,55,,1116086,52,,,1,16,,1116109,52,,,1,14,,1116094,52,,,1,19,,1116137,52,,,1,59,,1116121,52,,,1,18,,1116091,52,,,1,71,,1116082,52,,,1,17,,1116138,52,,,1,15,,1116096,52,,,1,14,,1116141,52,,,1,54,,1116118,52,,,1,14,,1116092,52,,,1,32,,1047675,52,,,1,54,,1116085,52,,,1,14,,1116101,52,,,1,11,,1116129,52,,,1,11,,1116093,52,,,1,12,,1116125,52,,,1,51,,1116132,52,,,1,9,,1116130,52,,,1,13,,1116131,39,,,1,17,,1116128,52,,,1,15,,1116122,39,,,1,56,,1116142,52,,,1,11,,1116087,39,,,1,17,,1116106,52,,,1,14,,1116099,39,,,1,56,,1116103,52,,,1,13,,1116139,39,,,1,17,,1116097,52,,,1,14,,1116136,39,,,1,57,,1116084,52,,,1,10,,1116123,39,,,1,17,,1116100,52,,,1,11,,1116143,39,,,1,56,,1116134,52,,,1,12,,1116144,39,,,1,14,,1116140,39,,,1,72,,1116090,52,,,1,13,,1116116,39,,,1,23,,1116081,39,,,1,65,,1116107,39,,,1,29,,1116089,39,,,1,26,,1002437,39,,,1,69,,1116095,39,,,1
1200,'7',527,,1116181,39,,,1,30,,1116185,39,,,1,73,,1116161,39,,,1,70,,1116187,39,,,1,31,,1116179,39,,,1,70,,1116192,39,,,1,31,,1116211,39,,,1,20,,1116183,39,,,1,57,,1116173,39,,,1,17,,1116176,52,,,1,14,,1116156,39,,,1,16,,1116174,52,,,1,54,,1116158,39,,,1,16,,1116147,52,,,1,15,,1116177,39,,,1,17,,1116162,52,,,1,53,,1116150,39,,,1,17,,1116206,52,,,1,13,,1116184,39,,,1,70,,1116155,39,,,1,9,,1116197,52,,,1,8,,1116210,52,,,1,14,,1116188,39,,,1,17,,1116202,52,,,1,53,,1116165,39,,,1,11,,1116180,52,,,1,19,,1116208,39,,,1,17,,1116157,52,,,1,53,,1116205,39,,,1,17,,1116194,52,,,1,13,,1116159,39,,,1,17,,1116171,52,,,1,53,,1116195,39,,,1,17,,1116152,52,,,1,13,,1116196,39,,,1,17,,1116163,52,,,1,53,,1116190,39,,,1,17,,1116154,52,,,1,12,,1116209,39,,,1,17,,1116168,52,,,1,53,,1116201,39,,,1,17,,1116151,52,,,1,13,,1116186,39,,,1,17,,1116153,52,,,1,53,,1116172,39,,,1,17,,1116207,52,,,1,13,,1116189,39,,,1,16,,1116213,52,,,1,54,,1116160,39,,,1,16,,1116193,52,,,1,14,,1116175,39,,,1,16,,1116148,52,,,1,54,,1116169,39,,,1,16,,1116198,52,,,1,14,,1116212,39,,,1,16,,1116199,52,,,1,54,,1116146,39,,,1,16,,1116178,52,,,1,27,,1116203,39,,,1,71,,1116182,52,,,1,27,,1116204,39,,,1,71,,1116170,52,,,1,29,,1116191,39,,,1,70,,1116164,39,,,1,30,,1116200,39,,,1,70,,1116167,39,,,1,30,,1116166,39,,,1,70,,1116149,39,,,1
1200,'8',445,,1116260,39,,,1,60,,1116248,39,,,1,33,,1116268,39,,,1,74,,1116237,39,,,1,36,,1116254,52,,,1,73,,1116261,52,,,1,36,,1116267,52,,,1,62,,1116220,52,,,1,17,,1116253,52,,,1,14,,1116284,52,,,1,58,,1116288,52,,,1,14,,1116244,52,,,1,15,,1116255,52,,,1,14,,1116256,52,,,1,52,,1116265,52,,,1,15,,1116215,52,,,1,13,,1116250,52,,,1,15,,1116274,52,,,1,56,,1116282,52,,,1,14,,1116214,52,,,1,17,,1116225,52,,,1,15,,1116219,52,,,1,56,,1116276,52,,,1,16,,1116252,52,,,1,17,,1116245,52,,,1,14,,1116242,52,,,1,52,,1116251,52,,,1,14,,1116258,52,,,1,16,,1116227,52,,,1,17,,1116238,52,,,1,55,,1116224,52,,,1,16,,1116249,52,,,1,14,,1116233,52,,,1,19,,1116278,52,,,1,59,,1116262,52,,,1,18,,1116230,52,,,1,71,,1116217,52,,,1,17,,1116279,52,,,1,15,,1116235,52,,,1,14,,1116283,52,,,1,54,,1116259,52,,,1,14,,1116231,52,,,1,32,,1116218,52,,,1,54,,1116223,52,,,1,14,,1116241,52,,,1,11,,1116270,52,,,1,11,,1116232,52,,,1,12,,1116266,52,,,1,51,,1116273,52,,,1,9,,1116271,52,,,1,13,,1116272,39,,,1,17,,1116269,52,,,1,15,,1116263,39,,,1,56,,1116285,52,,,1,11,,1116226,39,,,1,17,,1116246,52,,,1,14,,1116239,39,,,1,56,,1116243,52,,,1,13,,1116280,39,,,1,17,,1116236,52,,,1,14,,1116277,39,,,1,57,,1116222,52,,,1,10,,1116264,39,,,1,17,,1116240,52,,,1,11,,1116286,39,,,1,56,,1116275,52,,,1,12,,1116287,39,,,1,14,,1116281,39,,,1,72,,1116229,52,,,1,13,,1116257,39,,,1,23,,1116216,39,,,1,65,,1116247,39,,,1,29,,1116228,39,,,1,26,,1116221,39,,,1,69,,1116234,39,,,1
1200,'9',445,,1116350,39,,,1,60,,1058670,39,,,1,33,,1116300,39,,,1,74,,1116322,39,,,1,36,,1116307,52,,,1,73,,1116306,52,,,1,36,,1116348,52,,,1,62,,1116304,52,,,1,17,,1116342,52,,,1,14,,1089672,52,,,1,58,,1116323,52,,,1,14,,1116320,52,,,1,15,,1116299,52,,,1,14,,1116294,52,,,1,52,,1116327,52,,,1,15,,1116338,52,,,1,13,,1116321,52,,,1,15,,1116289,52,,,1,56,,1116328,52,,,1,14,,1116291,52,,,1,17,,1066024,52,,,1,15,,1116347,52,,,1,56,,1116351,52,,,1,16,,1116314,52,,,1,17,,1116292,52,,,1,14,,1116316,52,,,1,52,,1116312,52,,,1,14,,1116331,52,,,1,16,,1116325,52,,,1,17,,1116336,52,,,1,55,,1063421,52,,,1,16,,1116301,52,,,1,14,,1116324,52,,,1,19,,1095037,52,,,1,59,,1116326,52,,,1,18,,1093999,52,,,1,71,,1116297,52,,,1,17,,1116333,52,,,1,15,,1116343,52,,,1,14,,1116332,52,,,1,54,,1079421,52,,,1,14,,1116337,52,,,1,32,,1059078,52,,,1,54,,1116340,52,,,1,14,,1116309,52,,,1,11,,1116341,52,,,1,11,,1116329,52,,,1,12,,1037058,52,,,1,51,,1116290,52,,,1,9,,1116335,52,,,1,13,,1116344,39,,,1,17,,1116334,52,,,1,15,,1116330,39,,,1,56,,1116317,52,,,1,11,,1096625,39,,,1,17,,1116345,52,,,1,14,,1116339,39,,,1,56,,1116308,52,,,1,13,,1116315,39,,,1,17,,1116349,52,,,1,14,,1116313,39,,,1,57,,1116319,52,,,1,10,,1116310,39,,,1,17,,1116305,52,,,1,11,,1116298,39,,,1,56,,1116295,52,,,1,12,,1116346,39,,,1,14,,1116302,39,,,1,72,,1116293,52,,,1,13,,1090372,39,,,1,23,,1116311,39,,,1,65,,1116303,39,,,1,29,,1116318,39,,,1,26,,1116296,39,,,1,69,,1077416,39,,,1
2401,'1',500,,1124202,9,0,29,1,32,,1124166,26,0,29,1,84,,1124178,26,,,1,30,,1124184,26,,,1,55,,1124164,26,0,29,1,15,,1078723,26,,,1,16,,1075558,26,0,29,1,12,,1124192,26,,,1,58,,1124173,26,0,29,1,16,,1124176,26,,,1,17,,1124197,26,0,29,1,13,,1124175,26,,,1,75,,1124170,26,,,1,28,,1124180,60,,,1,70,,1124191,60,,,1,30,,1124190,60,,,1,70,,1089787,60,,,1,29,,1124195,60,,,1,70,,1124204,60,,,1,30,,1124199,60,,,1,70,,1124200,60,,,1,29,,1124162,60,,,1,70,,1124168,60,,,1,30,,1124167,60,,,1,64,,1124196,60,,,1,21,,1124201,11,0,29,1,2,,1124172,11,0,29,1,14,,1124186,60,,,1,69,,1124181,60,,,1,15,,1124177,26,,,1,16,,1124194,60,,,1,54,,1124189,26,,,1,15,,1124174,60,,,1,15,,1124203,26,,,1,18,,1082238,60,,,1,52,,1124193,26,,,1,18,,1124179,60,,,1,12,,1124187,26,,,1,7,,1124182,60,,,1,65,,1124160,60,,,1,30,,1124185,60,,,1,75,,1124163,26,,,1,25,,1094137,60,,,1,18,,1124158,26,,,1,72,,1124183,60,,,1,28,,1124159,26,,,1,72,,1124188,60,,,1,104,,1124198,60,,,1
2401,'10',500,,1124249,9,0,29,1,32,,1124213,26,0,29,1,84,,1124225,26,,,1,30,,1124231,26,,,1,55,,1124211,26,0,29,1,15,,1078459,26,,,1,16,,1075222,26,0,29,1,12,,1124239,26,,,1,58,,1124220,26,0,29,1,16,,1124223,26,,,1,17,,1124244,26,0,29,1,13,,1124222,26,,,1,75,,1124217,26,,,1,28,,1124227,60,,,1,70,,1124238,60,,,1,30,,1124237,60,,,1,70,,1089644,60,,,1,29,,1124242,60,,,1,70,,1124251,60,,,1,30,,1124246,60,,,1,70,,1124247,60,,,1,29,,1124209,60,,,1,70,,1124215,60,,,1,30,,1124214,60,,,1,64,,1124243,60,,,1,21,,1124248,11,0,29,1,2,,1124219,11,0,29,1,14,,1124233,60,,,1,69,,1124228,60,,,1,15,,1124224,26,,,1,16,,1124241,60,,,1,54,,1124236,26,,,1,15,,1124221,60,,,1,15,,1124250,26,,,1,18,,1082075,60,,,1,52,,1124240,26,,,1,18,,1124226,60,,,1,12,,1124234,26,,,1,7,,1124229,60,,,1,65,,1124207,60,,,1,30,,1124232,60,,,1,75,,1124210,26,,,1,25,,1093917,60,,,1,18,,1124205,26,,,1,72,,1124230,60,,,1,28,,1124206,26,,,1,72,,1124235,60,,,1,104,,1124245,60,,,1
2401,'11',500,,1124296,9,0,29,1,32,,1124260,26,0,29,1,84,,1124272,26,,,1,30,,1124278,26,,,1,55,,1124258,26,0,29,1,15,,1078803,26,,,1,16,,1075650,26,0,29,1,12,,1124286,26,,,1,58,,1124267,26,0,29,1,16,,1124270,26,,,1,17,,1124291,26,0,29,1,13,,1124269,26,,,1,75,,1124264,26,,,1,28,,1124274,60,,,1,70,,1124285,60,,,1,30,,1124284,60,,,1,70,,1089829,60,,,1,29,,1124289,60,,,1,70,,1124298,60,,,1,30,,1124293,60,,,1,70,,1124294,60,,,1,29,,1124256,60,,,1,70,,1124262,60,,,1,30,,1124261,60,,,1,64,,1124290,60,,,1,21,,1124295,11,0,29,1,2,,1124266,11,0,29,1,14,,1124280,60,,,1,69,,1124275,60,,,1,15,,1124271,26,,,1,16,,1124288,60,,,1,54,,1124283,26,,,1,15,,1124268,60,,,1,15,,1124297,26,,,1,18,,1082291,60,,,1,52,,1124287,26,,,1,18,,1124273,60,,,1,12,,1124281,26,,,1,7,,1124276,60,,,1,65,,1124254,60,,,1,30,,1124279,60,,,1,75,,1124257,26,,,1,25,,1094200,60,,,1,18,,1124252,26,,,1,72,,1124277,60,,,1,28,,1124253,26,,,1,72,,1124282,60,,,1,104,,1124292,60,,,1
2401,'12',500,,1124318,9,0,29,1,32,,1124336,26,0,29,1,84,,1124328,26,,,1,30,,1124306,26,,,1,55,,1124345,26,0,29,1,15,,1124324,26,,,1,16,,1124314,26,0,29,1,12,,1124303,26,,,1,58,,1124313,26,0,29,1,16,,1124315,26,,,1,17,,1124299,26,0,29,1,13,,1124310,26,,,1,75,,1124329,26,,,1,28,,1043798,60,,,1,70,,1124340,60,,,1,30,,1064870,60,,,1,70,,1023317,60,,,1,29,,1124327,60,,,1,70,,1124346,60,,,1,30,,1124322,60,,,1,70,,1124326,60,,,1,29,,1124304,60,,,1,70,,1124321,60,,,1,30,,1124305,60,,,1,64,,1124308,60,,,1,21,,1124342,11,0,29,1,2,,1124337,11,0,29,1,14,,1124317,60,,,1,69,,1124312,60,,,1,15,,1124300,26,,,1,16,,1124320,60,,,1,54,,1124338,26,,,1,15,,1124301,60,,,1,15,,1124332,26,,,1,18,,1124339,60,,,1,52,,1124330,26,,,1,18,,1124307,60,,,1,12,,1074492,26,,,1,7,,1124335,60,,,1,65,,1124309,60,,,1,30,,1124316,60,,,1,75,,1124325,26,,,1,25,,1124311,60,,,1,18,,1124343,26,,,1,72,,1124302,60,,,1,28,,1124341,26,,,1,72,,1124344,60,,,1,104,,1124333,60,,,1
2401,'13',842,,1124352,27,,,1,103,,1124371,35,,,1,101,,1124350,35,,,1,70,,1124348,35,,,1,30,,1124359,35,,,1,71,,1124358,35,,,1,30,,1124347,35,,,1,70,,1124370,35,,,1,30,,1124349,35,,,1,70,,1124368,35,,,1,30,,1124364,35,,,1,70,,1124354,35,,,1,30,,1124365,35,,,1,70,,1124363,35,,,1,30,,1124366,35,,,1,70,,1124357,35,,,1,30,,1124360,35,,,1,69,,1124353,35,,,1,35,,1124351,27,,,1,78,,1124369,27,,,1,30,,1124367,27,,,1,68,,1124355,27,,,1,100,,1124362,27,0,29,1,100,,1124361,27,0,29,1,100,,1124356,27,0,29,1
2401,'14',500,,1124418,9,0,29,1,32,,1124381,26,0,29,1,84,,1124393,26,,,1,30,,1124399,26,,,1,55,,1124378,26,0,29,1,15,,1124419,26,,,1,16,,1124424,26,0,29,1,12,,1124407,26,,,1,58,,1124388,26,0,29,1,16,,1124391,26,,,1,17,,1124412,26,0,29,1,13,,1124390,26,,,1,75,,1124385,26,,,1,28,,1124395,60,,,1,70,,1124406,60,,,1,30,,1124405,60,,,1,70,,1124421,60,,,1,29,,1124410,60,,,1,70,,1124423,60,,,1,30,,1124414,60,,,1,70,,1124415,60,,,1,29,,1124376,60,,,1,70,,1124383,60,,,1,30,,1124382,60,,,1,64,,1124411,60,,,1,21,,1124417,11,0,29,1,2,,1124387,11,0,29,1,14,,1124401,60,,,1,69,,1124396,60,,,1,15,,1124392,26,,,1,16,,1124409,60,,,1,54,,1124404,26,,,1,15,,1124389,60,,,1,15,,1124420,26,,,1,18,,1124422,60,,,1,52,,1124408,26,,,1,18,,1124394,60,,,1,12,,1124402,26,,,1,7,,1124397,60,,,1,65,,1124374,60,,,1,30,,1124400,60,,,1,75,,1124377,26,,,1,25,,1124379,60,,,1,18,,1124372,26,,,1,72,,1124398,60,,,1,28,,1124373,26,,,1,72,,1124403,60,,,1,104,,1124413,60,,,1
2401,'15',500,,1124449,9,0,29,1,32,,1124446,26,0,29,1,84,,1124475,26,,,1,30,,1124459,26,,,1,55,,1124474,26,0,29,1,15,,1124444,26,,,1,16,,1124440,26,0,29,1,12,,1124436,26,,,1,58,,1124470,26,0,29,1,16,,1124456,26,,,1,17,,1124471,26,0,29,1,13,,1124439,26,,,1,75,,1124473,26,,,1,28,,1124462,60,,,1,70,,1124434,60,,,1,30,,1124428,60,,,1,70,,1124461,60,,,1,29,,1124469,60,,,1,70,,1124441,60,,,1,30,,1124437,60,,,1,70,,1124431,60,,,1,29,,1124454,60,,,1,70,,1124432,60,,,1,30,,1124443,60,,,1,64,,1124451,60,,,1,21,,1124460,11,0,29,1,2,,1124438,11,0,29,1,14,,1124463,60,,,1,69,,1124435,60,,,1,15,,1124425,26,,,1,16,,1124448,60,,,1,54,,1124466,26,,,1,15,,1124447,60,,,1,15,,1124465,26,,,1,18,,1124433,60,,,1,52,,1124453,26,,,1,18,,1124445,60,,,1,12,,1124442,26,,,1,7,,1124472,60,,,1,65,,1124455,60,,,1,30,,1124450,60,,,1,75,,1124464,26,,,1,25,,1124427,60,,,1,18,,1124468,26,,,1,72,,1124477,60,,,1,28,,1124457,26,,,1,72,,1124458,60,,,1,104,,1124476,60,,,1
2401,'16',500,,1124494,9,0,29,1,32,,1124512,26,0,29,1,84,,1124504,26,,,1,30,,1124483,26,,,1,55,,1124523,26,0,29,1,15,,1124500,26,,,1,16,,1124490,26,0,29,1,12,,1124480,26,,,1,58,,1124489,26,0,29,1,16,,1124491,26,,,1,17,,1021444,26,0,29,1,13,,1124486,26,,,1,75,,1124505,26,,,1,28,,1124522,60,,,1,70,,1124516,60,,,1,30,,1124484,60,,,1,70,,1124518,60,,,1,29,,1124503,60,,,1,70,,1124524,60,,,1,30,,1124498,60,,,1,70,,1124502,60,,,1,29,,1124482,60,,,1,70,,1124497,60,,,1,30,,1098163,60,,,1,64,,1088835,60,,,1,21,,1124519,11,0,29,1,2,,1124513,11,0,29,1,14,,1124493,60,,,1,69,,1124488,60,,,1,15,,1124478,26,,,1,16,,1124496,60,,,1,54,,1124514,26,,,1,15,,1070332,60,,,1,15,,1124508,26,,,1,18,,1124515,60,,,1,52,,1124506,26,,,1,18,,1064711,60,,,1,12,,1124525,26,,,1,7,,1124511,60,,,1,65,,1124485,60,,,1,30,,1124492,60,,,1,75,,1124501,26,,,1,25,,1124487,60,,,1,18,,1124520,26,,,1,72,,1124479,60,,,1,28,,1124517,26,,,1,72,,1124521,60,,,1,104,,1124509,60,,,1
2401,'17',842,,1124531,27,,,1,103,,1124550,35,,,1,101,,1124529,35,,,1,70,,1124527,35,,,1,30,,1124538,35,,,1,71,,1124537,35,,,1,30,,1124526,35,,,1,70,,1124549,35,,,1,30,,1124528,35,,,1,70,,1124547,35,,,1,30,,1124543,35,,,1,70,,1124533,35,,,1,30,,1124544,35,,,1,70,,1124542,35,,,1,30,,1124545,35,,,1,70,,1124536,35,,,1,30,,1124539,35,,,1,69,,1124532,35,,,1,35,,1124530,27,,,1,78,,1124548,27,,,1,30,,1124546,27,,,1,68,,1124534,27,,,1,100,,1124541,27,0,29,1,100,,1124540,27,0,29,1,100,,1124535,27,0,29,1
2401,'2',641,,1124563,27,,,1,75,,1124570,35,,,1,100,,1124565,35,,,1,31,,1124556,35,,,1,70,,1124567,35,,,1,30,,1124577,35,,,1,71,,1124559,35,,,1,30,,1124572,35,,,1,70,,1124578,35,,,1,30,,1124551,35,,,1,69,,1051910,35,,,1,31,,1124564,35,,,1,70,,1124575,35,,,1,30,,1124579,35,,,1,70,,1124561,35,,,1,30,,1124560,35,,,1,71,,1124571,35,,,1,29,,1124552,35,,,1,70,,1012230,35,,,1,30,,1124557,35,,,1,70,,1124553,35,,,1,30,,1124574,35,,,1,70,,1124558,35,,,1,30,,1124555,35,,,1,70,,1124568,35,,,1,27,,1067840,35,,,1,69,,1124562,35,0,29,1,28,,1124569,35,0,29,1,98,,1124573,35,0,29,1,102,,1124576,35,0,29,1,100,,1124566,35,0,29,1,100,,1124554,35,0,29,1
2401,'3',842,,1124585,27,,,1,103,,1124604,35,,,1,101,,1124583,35,,,1,70,,1124581,35,,,1,30,,1124592,35,,,1,71,,1124591,35,,,1,30,,1124580,35,,,1,70,,1124603,35,,,1,30,,1124582,35,,,1,70,,1124601,35,,,1,30,,1124597,35,,,1,70,,1124587,35,,,1,30,,1124598,35,,,1,70,,1124596,35,,,1,30,,1124599,35,,,1,70,,1124590,35,,,1,30,,1124593,35,,,1,69,,1124586,35,,,1,35,,1124584,27,,,1,78,,1124602,27,,,1,30,,1124600,27,,,1,68,,1124588,27,,,1,100,,1124595,27,0,29,1,100,,1124594,27,0,29,1,100,,1124589,27,0,29,1
2401,'4',842,,1124624,27,,,1,103,,1124605,35,,,1,101,,1124621,35,,,1,70,,1082164,35,,,1,30,,1124610,35,,,1,71,,1124612,35,,,1,30,,1124623,35,,,1,70,,1124615,35,,,1,30,,1124609,35,,,1,70,,1124613,35,,,1,30,,1124625,35,,,1,70,,1124620,35,,,1,30,,1076923,35,,,1,70,,1124626,35,,,1,30,,1124618,35,,,1,70,,1124608,35,,,1,30,,1124617,35,,,1,69,,1124606,35,,,1,35,,1124614,27,,,1,78,,1124611,27,,,1,30,,1124607,27,,,1,68,,1124619,27,,,1,100,,1124616,27,0,29,1,100,,1124627,27,0,29,1,100,,1124622,27,0,29,1
2401,'5',500,,1124672,9,0,29,1,32,,1124636,26,0,29,1,84,,1124648,26,,,1,30,,1124654,26,,,1,55,,1124634,26,0,29,1,15,,1078675,26,,,1,16,,1075516,26,0,29,1,12,,1124662,26,,,1,58,,1124643,26,0,29,1,16,,1124646,26,,,1,17,,1124667,26,0,29,1,13,,1124645,26,,,1,75,,1124640,26,,,1,28,,1124650,60,,,1,70,,1124661,60,,,1,30,,1124660,60,,,1,70,,1089764,60,,,1,29,,1124665,60,,,1,70,,1124674,60,,,1,30,,1124669,60,,,1,70,,1124670,60,,,1,29,,1124632,60,,,1,70,,1124638,60,,,1,30,,1124637,60,,,1,64,,1124666,60,,,1,21,,1124671,11,0,29,1,2,,1124642,11,0,29,1,14,,1124656,60,,,1,69,,1124651,60,,,1,15,,1124647,26,,,1,16,,1124664,60,,,1,54,,1124659,26,,,1,15,,1124644,60,,,1,15,,1124673,26,,,1,18,,1082208,60,,,1,52,,1124663,26,,,1,18,,1124649,60,,,1,12,,1124657,26,,,1,7,,1124652,60,,,1,65,,1124630,60,,,1,30,,1124655,60,,,1,75,,1124633,26,,,1,25,,1094098,60,,,1,18,,1124628,26,,,1,72,,1124653,60,,,1,28,,1124629,26,,,1,72,,1124658,60,,,1,104,,1124668,60,,,1
2401,'6',500,,1124692,9,0,29,1,32,,1124710,26,0,29,1,84,,1124702,26,,,1,30,,1017700,26,,,1,55,,1124719,26,0,29,1,15,,1124698,26,,,1,16,,1124688,26,0,29,1,12,,1124677,26,,,1,58,,1124687,26,0,29,1,16,,1124689,26,,,1,17,,1124675,26,0,29,1,13,,1124684,26,,,1,75,,1124703,26,,,1,28,,1124718,60,,,1,70,,1124714,60,,,1,30,,1124680,60,,,1,70,,1124716,60,,,1,29,,1124701,60,,,1,70,,1050643,60,,,1,30,,1124696,60,,,1,70,,1124700,60,,,1,29,,1050050,60,,,1,70,,1124695,60,,,1,30,,1124679,60,,,1,64,,1124682,60,,,1,21,,1124717,11,0,29,1,2,,1124711,11,0,29,1,14,,1124691,60,,,1,69,,1124686,60,,,1,15,,1080823,26,,,1,16,,1124694,60,,,1,54,,1124712,26,,,1,15,,1124676,60,,,1,15,,1124706,26,,,1,18,,1124713,60,,,1,52,,1124704,26,,,1,18,,1124681,60,,,1,12,,1124720,26,,,1,7,,1124709,60,,,1,65,,1124683,60,,,1,30,,1124690,60,,,1,75,,1124699,26,,,1,25,,1124685,60,,,1,18,,1096524,26,,,1,72,,1102459,60,,,1,28,,1124715,26,,,1,72,,1062731,60,,,1,104,,1124707,60,,,1
2401,'7',641,,1124723,27,,,1,75,,1124744,35,,,1,100,,1124738,35,,,1,31,,1124725,35,,,1,70,,1124721,35,,,1,30,,1124748,35,,,1,71,,1124731,35,,,1,30,,1124728,35,,,1,70,,1124743,35,,,1,30,,1124749,35,,,1,69,,1124722,35,,,1,31,,1124751,35,,,1,70,,1124732,35,,,1,30,,1124726,35,,,1,70,,1124727,35,,,1,30,,1124735,35,,,1,71,,1124736,35,,,1,29,,1124737,35,,,1,70,,1124742,35,,,1,30,,1124739,35,,,1,70,,1124746,35,,,1,30,,1124747,35,,,1,70,,1124730,35,,,1,30,,1124734,35,,,1,70,,1124724,35,,,1,27,,1124745,35,,,1,69,,1124740,35,0,29,1,28,,1124750,35,0,29,1,98,,1124733,35,0,29,1,102,,1124752,35,0,29,1,100,,1124741,35,0,29,1,100,,1124729,35,0,29,1
2401,'8',500,,1124774,9,0,29,1,32,,1124792,26,0,29,1,84,,1124784,26,,,1,30,,1124761,26,,,1,55,,1124803,26,0,29,1,15,,1124780,26,,,1,16,,1124770,26,0,29,1,12,,1124757,26,,,1,58,,1124769,26,0,29,1,16,,1124771,26,,,1,17,,1124753,26,0,29,1,13,,1124766,26,,,1,75,,1124785,26,,,1,28,,1124802,60,,,1,70,,1124796,60,,,1,30,,1124762,60,,,1,70,,1124798,60,,,1,29,,1124783,60,,,1,70,,1124804,60,,,1,30,,1124778,60,,,1,70,,1124782,60,,,1,29,,1124759,60,,,1,70,,1124777,60,,,1,30,,1124760,60,,,1,64,,1124764,60,,,1,21,,1124799,11,0,29,1,2,,1124793,11,0,29,1,14,,1124773,60,,,1,69,,1124768,60,,,1,15,,1124754,26,,,1,16,,1124776,60,,,1,54,,1124794,26,,,1,15,,1124755,60,,,1,15,,1124788,26,,,1,18,,1124795,60,,,1,52,,1124786,26,,,1,18,,1124763,60,,,1,12,,1124805,26,,,1,7,,1124791,60,,,1,65,,1124765,60,,,1,30,,1124772,60,,,1,75,,1124781,26,,,1,25,,1124767,60,,,1,18,,1124800,26,,,1,72,,1124756,60,,,1,28,,1124797,26,,,1,72,,1124801,60,,,1,104,,1124789,60,,,1
2401,'9',500,,1124850,9,0,29,1,32,,1124814,26,0,29,1,84,,1124826,26,,,1,30,,1124832,26,,,1,55,,1124812,26,0,29,1,15,,1078540,26,,,1,16,,1075320,26,0,29,1,12,,1124840,26,,,1,58,,1124821,26,0,29,1,16,,1124824,26,,,1,17,,1124845,26,0,29,1,13,,1124823,26,,,1,75,,1124818,26,,,1,28,,1124828,60,,,1,70,,1124839,60,,,1,30,,1124838,60,,,1,70,,1089689,60,,,1,29,,1124843,60,,,1,70,,1124852,60,,,1,30,,1124847,60,,,1,70,,1124848,60,,,1,29,,1124810,60,,,1,70,,1124816,60,,,1,30,,1124815,60,,,1,64,,1124844,60,,,1,21,,1124849,11,0,29,1,2,,1124820,11,0,29,1,14,,1124834,60,,,1,69,,1124829,60,,,1,15,,1124825,26,,,1,16,,1124842,60,,,1,54,,1124837,26,,,1,15,,1124822,60,,,1,15,,1124851,26,,,1,18,,1082126,60,,,1,52,,1124841,26,,,1,18,,1124827,60,,,1,12,,1124835,26,,,1,7,,1124830,60,,,1,65,,1124808,60,,,1,30,,1124833,60,,,1,75,,1124811,26,,,1,25,,1093987,60,,,1,18,,1124806,26,,,1,72,,1124831,60,,,1,28,,1124807,26,,,1,72,,1124836,60,,,1,104,,1124846,60,,,1
61600,'1',853,,1198973,39,,,1
61600,'10',853,,1198974,39,,,1
61600,'11',853,,1198975,39,,,1
61600,'12',853,,1198976,39,,,1
61600,'14',853,,1198977,39,,,1
61600,'15',853,,1198978,39,,,1
61600,'16',853,,1198979,39,,,1
61600,'5',853,,1198980,39,,,1
61600,'6',853,,890974,39,,,1
61600,'8',853,,1198981,39,,,1
61600,'9',853,,1198982,39,,,1
