1901,'1',850,,1121904,44,,,1,70,,1121927,44,,,1,30,,1121909,44,,,1,69,,965837,44,,,1,25,,1009510,44,,,1,69,,1121928,44,,,1,31,,1121908,44,,,1,72,,1121925,44,,,1,30,,1121923,44,,,1,70,,1121918,44,,,1,33,,1121912,44,,,1,71,,1121916,44,,,1,32,,1121907,44,,,1,78,,969117,44,,,1,74,,1121932,44,,,1,28,,1121914,44,,,1,73,,1121919,44,,,1,29,,1121917,44,,,1,70,,980045,44,,,1,27,,1121905,44,,,1,26,,1019211,44,,,1,70,,1121922,44,,,1,23,,1121931,44,,,1,69,,1121906,44,,,1,27,,1121910,44,,,1,64,,1094600,44,,,1,26,,1121921,44,,,1,97,,1095905,44,,,1
1901,'10',850,,1121933,44,,,1,70,,1121956,44,,,1,30,,1121938,44,,,1,69,,965559,44,,,1,25,,1009548,44,,,1,69,,1121957,44,,,1,31,,1121937,44,,,1,72,,1121954,44,,,1,30,,1121952,44,,,1,70,,1121947,44,,,1,33,,1121941,44,,,1,71,,1121945,44,,,1,32,,1121936,44,,,1,78,,968791,44,,,1,74,,1121961,44,,,1,28,,1121943,44,,,1,73,,1121948,44,,,1,29,,1121946,44,,,1,70,,979778,44,,,1,27,,1121934,44,,,1,26,,1019294,44,,,1,70,,1121951,44,,,1,23,,1121960,44,,,1,69,,1121935,44,,,1,27,,1121939,44,,,1,64,,1094430,44,,,1,26,,1121950,44,,,1,97,,1095763,44,,,1
1901,'11',850,,1121962,44,,,1,70,,1121985,44,,,1,30,,1121967,44,,,1,69,,965795,44,,,1,25,,1009500,44,,,1,69,,1121986,44,,,1,31,,1121966,44,,,1,72,,1121983,44,,,1,30,,1121981,44,,,1,70,,1121976,44,,,1,33,,1121970,44,,,1,71,,1121974,44,,,1,32,,1121965,44,,,1,78,,969065,44,,,1,74,,1121990,44,,,1,28,,1121972,44,,,1,73,,1121977,44,,,1,29,,1121975,44,,,1,70,,979995,44,,,1,27,,1121963,44,,,1,26,,1019186,44,,,1,70,,1121980,44,,,1,23,,1121989,44,,,1,69,,1121964,44,,,1,27,,1121968,44,,,1,64,,1094642,44,,,1,26,,1121979,44,,,1,97,,1095941,44,,,1
1901,'12',850,,1122017,44,,,1,70,,1122018,44,,,1,30,,1122009,44,,,1,69,,1121994,44,,,1,25,,1122004,44,,,1,69,,1122023,44,,,1,31,,1122022,44,,,1,72,,1122024,44,,,1,30,,1074896,44,,,1,70,,1122014,44,,,1,33,,1121997,44,,,1,71,,1122001,44,,,1,32,,1122021,44,,,1,78,,1122002,44,,,1,74,,1122020,44,,,1,28,,1122003,44,,,1,73,,1121998,44,,,1,29,,1122015,44,,,1,70,,1121993,44,,,1,27,,1122005,44,,,1,26,,1122013,44,,,1,70,,1121999,44,,,1,23,,1122000,44,,,1,69,,1122011,44,,,1,27,,1121991,44,,,1,64,,1121996,44,,,1,26,,1121995,44,,,1,97,,1122008,44,,,1
1901,'13',930,,1122048,44,,,1,70,,1122049,44,,,1,32,,1122026,44,,,1,71,,1122044,44,,,1,30,,1122027,44,,,1,70,,1122040,44,,,1,30,,1122045,44,,,1,71,,1122030,44,,,1,30,,1122038,44,,,1,70,,1082583,44,,,1,30,,1067234,44,,,1,70,,1122041,44,,,1,30,,1122042,44,,,1,70,,1122046,44,,,1,30,,1122035,44,,,1,69,,1122029,44,,,1,30,,1122034,44,,,1,70,,1122031,44,,,1,30,,1122047,44,,,1,69,,1122032,44,,,1,30,,1122043,44,,,1
1901,'14',850,,1122053,44,,,1,70,,1122079,44,,,1,30,,1122059,44,,,1,69,,1122052,44,,,1,25,,1122060,44,,,1,69,,1122080,44,,,1,31,,1122058,44,,,1,72,,1122076,44,,,1,30,,1122074,44,,,1,70,,1122069,44,,,1,33,,1122063,44,,,1,71,,1122067,44,,,1,32,,1122057,44,,,1,78,,1122077,44,,,1,74,,1122085,44,,,1,28,,1122065,44,,,1,73,,1122070,44,,,1,29,,1122068,44,,,1,70,,1122082,44,,,1,27,,1122054,44,,,1,26,,1122055,44,,,1,70,,1122073,44,,,1,23,,1122084,44,,,1,69,,1122056,44,,,1,27,,1122061,44,,,1,64,,1122051,44,,,1,26,,1122072,44,,,1,97,,1122050,44,,,1
1901,'15',850,,1122096,44,,,1,70,,1122102,44,,,1,30,,1122112,44,,,1,69,,1122089,44,,,1,25,,1122106,44,,,1,69,,1122114,44,,,1,31,,1122118,44,,,1,72,,1122091,44,,,1,30,,1122103,44,,,1,70,,1122121,44,,,1,33,,1122109,44,,,1,71,,1122094,44,,,1,32,,1122098,44,,,1,78,,1122110,44,,,1,74,,1122086,44,,,1,28,,1122120,44,,,1,73,,1122108,44,,,1,29,,1122116,44,,,1,70,,1122100,44,,,1,27,,1122119,44,,,1,26,,1122104,44,,,1,70,,1122095,44,,,1,23,,1122090,44,,,1,69,,1122113,44,,,1,27,,1122097,44,,,1,64,,1122117,44,,,1,26,,1122099,44,,,1,97,,1122101,44,,,1
1901,'16',850,,1122146,44,,,1,70,,1122147,44,,,1,30,,1122139,44,,,1,69,,1063648,44,,,1,25,,1122134,44,,,1,69,,1122152,44,,,1,31,,1122151,44,,,1,72,,1095663,44,,,1,30,,1122125,44,,,1,70,,1122143,44,,,1,33,,1122127,44,,,1,71,,1122131,44,,,1,32,,1122150,44,,,1,78,,1122132,44,,,1,74,,1122149,44,,,1,28,,1122133,44,,,1,73,,1122128,44,,,1,29,,1122144,44,,,1,70,,1122124,44,,,1,27,,1122135,44,,,1,26,,1122142,44,,,1,70,,1122129,44,,,1,23,,1122130,44,,,1,69,,1122140,44,,,1,27,,1122122,44,,,1,64,,1122126,44,,,1,26,,1101624,44,,,1,97,,1122138,44,,,1
1901,'17',930,,1122179,44,,,1,70,,1122180,44,,,1,32,,1122153,44,,,1,71,,1122174,44,,,1,30,,1122154,44,,,1,70,,1122170,44,,,1,30,,1122175,44,,,1,71,,1122158,44,,,1,30,,1122168,44,,,1,70,,1122178,44,,,1,30,,1122160,44,,,1,70,,1122171,44,,,1,30,,1122172,44,,,1,70,,1122176,44,,,1,30,,1122165,44,,,1,69,,1122157,44,,,1,30,,1122164,44,,,1,70,,1122161,44,,,1,30,,1122177,44,,,1,69,,1122162,44,,,1,30,,1122173,44,,,1
1901,'2',857,,1122195,44,,,1,70,,1122196,44,,,1,30,,1122182,44,,,1,72,,1122198,44,,,1,71,,1122187,44,,,1,30,,1122199,44,,,1,70,,1122194,44,,,1,30,,1122188,44,,,1,71,,1122200,44,,,1,30,,1122203,44,,,1,70,,1122209,44,,,1,30,,1054758,44,,,1,70,,1122184,44,,,1,30,,1122192,44,,,1,70,,1122208,44,,,1,30,,1122183,44,,,1,69,,1122190,44,,,1,30,,1122202,44,,,1,70,,1122186,44,,,1,30,,1122205,44,,,1,29,,1122197,44,,,1,70,,1122189,44,,,1,30,,1122207,44,,,1,70,,1122206,44,,,1,28,,1122201,44,,,1,70,,1122191,44,,,1
1901,'3',930,,1122236,44,,,1,70,,1122237,44,,,1,32,,1122210,44,,,1,71,,1122231,44,,,1,30,,1122211,44,,,1,70,,1122227,44,,,1,30,,1122232,44,,,1,71,,1122215,44,,,1,30,,1122225,44,,,1,70,,1122235,44,,,1,30,,1122217,44,,,1,70,,1122228,44,,,1,30,,1122229,44,,,1,70,,1122233,44,,,1,30,,1122222,44,,,1,69,,1122214,44,,,1,30,,1122221,44,,,1,70,,1122218,44,,,1,30,,1122234,44,,,1,69,,1122219,44,,,1,30,,1122230,44,,,1
1901,'4',930,,1122263,44,,,1,70,,1122264,44,,,1,32,,1122252,44,,,1,71,,1122245,44,,,1,30,,1122240,44,,,1,70,,1122241,44,,,1,30,,1122259,44,,,1,71,,1074855,44,,,1,30,,1122249,44,,,1,70,,1122250,44,,,1,30,,1122247,44,,,1,70,,1122253,44,,,1,30,,1122243,44,,,1,70,,1122238,44,,,1,30,,1122256,44,,,1,69,,1122244,44,,,1,30,,1122258,44,,,1,70,,1122248,44,,,1,30,,1122239,44,,,1,69,,1122251,44,,,1,30,,1122254,44,,,1
1901,'5',850,,1122265,44,,,1,70,,1122288,44,,,1,30,,1122270,44,,,1,69,,965970,44,,,1,25,,1009458,44,,,1,69,,1122289,44,,,1,31,,1122269,44,,,1,72,,1122286,44,,,1,30,,1122284,44,,,1,70,,1122279,44,,,1,33,,1122273,44,,,1,71,,1122277,44,,,1,32,,1122268,44,,,1,78,,969288,44,,,1,74,,1122293,44,,,1,28,,1122275,44,,,1,73,,1122280,44,,,1,29,,1122278,44,,,1,70,,980201,44,,,1,27,,1122266,44,,,1,26,,1019074,44,,,1,70,,1122283,44,,,1,23,,1122292,44,,,1,69,,1122267,44,,,1,27,,1122271,44,,,1,64,,1094577,44,,,1,26,,1122282,44,,,1,97,,1095886,44,,,1
1901,'6',850,,1122316,44,,,1,70,,1122317,44,,,1,30,,1122308,44,,,1,69,,1122294,44,,,1,25,,1122304,44,,,1,69,,1064983,44,,,1,31,,1122320,44,,,1,72,,1122321,44,,,1,30,,1122296,44,,,1,70,,1122313,44,,,1,33,,995722,44,,,1,71,,1122301,44,,,1,32,,1122319,44,,,1,78,,1122302,44,,,1,74,,1034292,44,,,1,28,,1122303,44,,,1,73,,1122298,44,,,1,29,,1122314,44,,,1,70,,1027913,44,,,1,27,,1122305,44,,,1,26,,1122312,44,,,1,70,,1122299,44,,,1,23,,1122300,44,,,1,69,,1122310,44,,,1,27,,971018,44,,,1,64,,1122297,44,,,1,26,,1122295,44,,,1,97,,1122307,44,,,1
1901,'7',857,,1122352,44,,,1,70,,1122332,44,,,1,30,,1122350,44,,,1,72,,1122324,44,,,1,71,,1122349,44,,,1,30,,1122323,44,,,1,70,,1122339,44,,,1,30,,1122329,44,,,1,71,,1122335,44,,,1,30,,1122328,44,,,1,70,,1122348,44,,,1,30,,1122334,44,,,1,70,,1122327,44,,,1,30,,1122351,44,,,1,70,,1122345,44,,,1,30,,1122337,44,,,1,69,,1122325,44,,,1,30,,1122343,44,,,1,70,,1122331,44,,,1,30,,1122347,44,,,1,29,,1122326,44,,,1,70,,1122330,44,,,1,30,,1122336,44,,,1,70,,1122346,44,,,1,28,,1122340,44,,,1,70,,1122341,44,,,1
1901,'8',850,,1122380,44,,,1,70,,1122381,44,,,1,30,,1122372,44,,,1,69,,1122356,44,,,1,25,,1122367,44,,,1,69,,1122386,44,,,1,31,,1122385,44,,,1,72,,1122387,44,,,1,30,,1122358,44,,,1,70,,1122377,44,,,1,33,,1122360,44,,,1,71,,1122364,44,,,1,32,,1122384,44,,,1,78,,1122365,44,,,1,74,,1122383,44,,,1,28,,1122366,44,,,1,73,,1122361,44,,,1,29,,1122378,44,,,1,70,,1122355,44,,,1,27,,1122368,44,,,1,26,,1122376,44,,,1,70,,1122362,44,,,1,23,,1122363,44,,,1,69,,1122374,44,,,1,27,,1122353,44,,,1,64,,1122359,44,,,1,26,,1122357,44,,,1,97,,1122371,44,,,1
1901,'9',850,,1122389,44,,,1,70,,1122412,44,,,1,30,,1122394,44,,,1,69,,965928,44,,,1,25,,1009520,44,,,1,69,,1122413,44,,,1,31,,1122393,44,,,1,72,,1122410,44,,,1,30,,1122408,44,,,1,70,,1122403,44,,,1,33,,1122397,44,,,1,71,,1122401,44,,,1,32,,1122392,44,,,1,78,,969236,44,,,1,74,,1122417,44,,,1,28,,1122399,44,,,1,73,,1122404,44,,,1,29,,1122402,44,,,1,70,,980151,44,,,1,27,,1122390,44,,,1,26,,1019236,44,,,1,70,,1122407,44,,,1,23,,1122416,44,,,1,69,,1122391,44,,,1,27,,1122395,44,,,1,64,,1094480,44,,,1,26,,1122406,44,,,1,97,,1095804,44,,,1
4201,'1',605,,1140212,33,,,1,97,,1066147,33,,,1,31,,1140203,33,,,1,68,,1140200,33,,,1,32,,1140205,33,,,1,15,,1140189,33,,,1,54,,1140201,33,,,1,32,,1064429,33,,,1,70,,1140197,33,,,1,30,,1140198,33,,,1,70,,998745,33,,,1,30,,1140196,33,,,1,71,,1140209,33,,,1,31,,1140207,33,,,1,71,,1140202,33,,,1,31,,1140191,33,,,1,70,,1140199,33,,,1,30,,1140211,33,,,1,70,,1084746,33,,,1,31,,1072633,33,,,1,72,,1002721,33,,,1,33,,1140194,33,,,1,72,,1140193,33,,,1,29,,1140208,33,,,1,65,,1140195,33,,,1,23,,1140206,33,,,1,67,,1140213,33,,,1,30,,1091285,33,,,1,70,,1140210,33,,,1,30,,1140190,33,,,1,28,,1140192,33,,,1,72,,1140204,33,,,1,70,,1140214,33,,,1
4201,'10',605,,1140238,33,,,1,97,,1065925,33,,,1,31,,1140229,33,,,1,68,,1140226,33,,,1,32,,1140231,33,,,1,15,,1140215,33,,,1,54,,1140227,33,,,1,32,,1064268,33,,,1,70,,1140223,33,,,1,30,,1140224,33,,,1,70,,998824,33,,,1,30,,1140222,33,,,1,71,,1140235,33,,,1,31,,1140233,33,,,1,71,,1140228,33,,,1,31,,1140217,33,,,1,70,,1140225,33,,,1,30,,1140237,33,,,1,70,,1084575,33,,,1,31,,1072486,33,,,1,72,,1002891,33,,,1,33,,1140220,33,,,1,72,,1140219,33,,,1,29,,1140234,33,,,1,65,,1140221,33,,,1,23,,1140232,33,,,1,67,,1140239,33,,,1,30,,1091008,33,,,1,70,,1140236,33,,,1,30,,1140216,33,,,1,28,,1140218,33,,,1,72,,1140230,33,,,1,70,,1140240,33,,,1
4201,'11',605,,1140264,33,,,1,97,,1066218,33,,,1,31,,1140255,33,,,1,68,,1140252,33,,,1,32,,1140257,33,,,1,15,,1140241,33,,,1,54,,1140253,33,,,1,32,,1064481,33,,,1,70,,1140249,33,,,1,30,,1140250,33,,,1,70,,998723,33,,,1,30,,1140248,33,,,1,71,,1140261,33,,,1,31,,1140259,33,,,1,71,,1140254,33,,,1,31,,1140243,33,,,1,70,,1140251,33,,,1,30,,1140263,33,,,1,70,,1084799,33,,,1,31,,1072674,33,,,1,72,,1002674,33,,,1,33,,1140246,33,,,1,72,,1140245,33,,,1,29,,1140260,33,,,1,65,,1140247,33,,,1,23,,1140258,33,,,1,67,,1140265,33,,,1,30,,1091359,33,,,1,70,,1140262,33,,,1,30,,1140242,33,,,1,28,,1140244,33,,,1,72,,1140256,33,,,1,70,,1140266,33,,,1
4201,'12',605,,1140293,33,,,1,97,,1022643,33,,,1,31,,1140276,33,,,1,68,,1140282,33,,,1,32,,1066886,33,,,1,15,,1140289,33,,,1,54,,1140268,33,,,1,32,,1140287,33,,,1,70,,1140286,33,,,1,30,,1089141,33,,,1,70,,1140283,33,,,1,30,,1030000,33,,,1,71,,1140269,33,,,1,31,,1140270,33,,,1,71,,1140272,33,,,1,31,,1140288,33,,,1,70,,1140280,33,,,1,30,,1140274,33,,,1,70,,1140273,33,,,1,31,,1140275,33,,,1,72,,1140271,33,,,1,33,,1140284,33,,,1,72,,1092772,33,,,1,29,,1140279,33,,,1,65,,1140292,33,,,1,23,,1140278,33,,,1,67,,1140285,33,,,1,30,,1140281,33,,,1,70,,1140267,33,,,1,30,,1140277,33,,,1,28,,1140294,33,,,1,72,,1140290,33,,,1,70,,1140291,33,,,1
4201,'13',749,,1140296,33,,,1,100,,1140306,33,,,1,100,,1140297,33,,,1,70,,1140303,33,,,1,30,,1140307,33,,,1,70,,1140299,33,,,1,30,,1140311,33,,,1,71,,1140305,33,,,1,30,,1140295,33,,,1,71,,1140310,33,,,1,30,,1140300,33,,,1,70,,1140309,33,,,1,30,,1140313,33,,,1,70,,1140301,33,,,1,30,,1140304,33,,,1,69,,1140312,33,,,1,30,,1140298,33,,,1,70,,1140314,33,,,1,30,,1140308,33,,,1,70,,1140302,33,,,1
4201,'14',605,,1140344,33,,,1,97,,1140323,33,,,1,31,,1140335,33,,,1,68,,1140332,33,,,1,32,,1140337,33,,,1,15,,1140315,33,,,1,54,,1140333,33,,,1,32,,1140316,33,,,1,70,,1140328,33,,,1,30,,1140329,33,,,1,70,,1140318,33,,,1,30,,1140327,33,,,1,71,,1140341,33,,,1,31,,1140339,33,,,1,71,,1140334,33,,,1,31,,1140320,33,,,1,70,,1140330,33,,,1,30,,1140343,33,,,1,70,,1140326,33,,,1,31,,1140347,33,,,1,72,,1140331,33,,,1,33,,1140324,33,,,1,72,,1140322,33,,,1,29,,1140340,33,,,1,65,,1140325,33,,,1,23,,1140338,33,,,1,67,,1140345,33,,,1,30,,1140319,33,,,1,70,,1140342,33,,,1,30,,1140317,33,,,1,28,,1140321,33,,,1,72,,1140336,33,,,1,70,,1140346,33,,,1
4201,'15',605,,1140377,33,,,1,97,,1140353,33,,,1,31,,1140380,33,,,1,68,,1140348,33,,,1,32,,1140372,33,,,1,15,,1140350,33,,,1,54,,1140357,33,,,1,32,,1140370,33,,,1,70,,1140364,33,,,1,30,,1140355,33,,,1,70,,1140367,33,,,1,30,,1140359,33,,,1,71,,1140373,33,,,1,31,,1140376,33,,,1,71,,1140374,33,,,1,31,,1140362,33,,,1,70,,1140354,33,,,1,30,,1140358,33,,,1,70,,1140349,33,,,1,31,,1140351,33,,,1,72,,1140356,33,,,1,33,,1140352,33,,,1,72,,1140375,33,,,1,29,,1140365,33,,,1,65,,1140368,33,,,1,23,,1140369,33,,,1,67,,1140371,33,,,1,30,,1140378,33,,,1,70,,1140379,33,,,1,30,,1140360,33,,,1,28,,1140361,33,,,1,72,,1140363,33,,,1,70,,1140366,33,,,1
4201,'16',605,,1073055,33,,,1,97,,1140382,33,,,1,31,,1038472,33,,,1,68,,1140398,33,,,1,32,,1140390,33,,,1,15,,1140405,33,,,1,54,,1083233,33,,,1,32,,1140403,33,,,1,70,,1140402,33,,,1,30,,1140394,33,,,1,70,,1140399,33,,,1,30,,1140386,33,,,1,71,,1140384,33,,,1,31,,1140385,33,,,1,71,,1090028,33,,,1,31,,1140404,33,,,1,70,,1140396,33,,,1,30,,1140389,33,,,1,70,,1140388,33,,,1,31,,1140391,33,,,1,72,,1140387,33,,,1,33,,1140400,33,,,1,72,,1140383,33,,,1,29,,1140395,33,,,1,65,,1140407,33,,,1,23,,1140393,33,,,1,67,,1140401,33,,,1,30,,1140397,33,,,1,70,,1140381,33,,,1,30,,1140392,33,,,1,28,,1140408,33,,,1,72,,1140406,33,,,1,70,,1099847,33,,,1
4201,'17',749,,1140410,33,,,1,100,,1140420,33,,,1,100,,1140411,33,,,1,70,,1140417,33,,,1,30,,1140421,33,,,1,70,,1140413,33,,,1,30,,1140425,33,,,1,71,,1140419,33,,,1,30,,1140409,33,,,1,71,,1140424,33,,,1,30,,1140414,33,,,1,70,,1140423,33,,,1,30,,1140427,33,,,1,70,,1140415,33,,,1,30,,1140418,33,,,1,69,,1140426,33,,,1,30,,1140412,33,,,1,70,,1140428,33,,,1,30,,1140422,33,,,1,70,,1140416,33,,,1
4201,'2',625,,1140433,33,,,1,100,,1140439,33,,,1,100,,1140444,33,,,1,30,,1140431,33,,,1,70,,1140438,33,,,1,30,,1140437,33,,,1,70,,1140450,33,,,1,30,,1140429,33,,,1,70,,1140440,33,,,1,30,,1140449,33,,,1,71,,1140435,33,,,1,30,,1140448,33,,,1,71,,1140442,33,,,1,32,,1077179,33,,,1,68,,1140451,33,,,1,30,,1140447,33,,,1,70,,1140443,33,,,1,29,,1071805,33,,,1,70,,1140430,33,,,1,30,,1140432,33,,,1,70,,1140445,33,,,1,30,,1140441,33,,,1,72,,1140436,33,,,1,28,,1140446,33,,,1,70,,1140434,33,,,1
4201,'3',749,,1140453,33,,,1,100,,1140463,33,,,1,100,,1140454,33,,,1,70,,1140460,33,,,1,30,,1140464,33,,,1,70,,1140456,33,,,1,30,,1140468,33,,,1,71,,1140462,33,,,1,30,,1140452,33,,,1,71,,1140467,33,,,1,30,,1140457,33,,,1,70,,1140466,33,,,1,30,,1140470,33,,,1,70,,1140458,33,,,1,30,,1140461,33,,,1,69,,1140469,33,,,1,30,,1140455,33,,,1,70,,1140471,33,,,1,30,,1140465,33,,,1,70,,1140459,33,,,1
4201,'4',749,,1140473,33,,,1,100,,1140478,33,,,1,100,,1140477,33,,,1,70,,1140474,33,,,1,30,,1014931,33,,,1,70,,1140481,33,,,1,30,,1140483,33,,,1,71,,1140475,33,,,1,30,,1140489,33,,,1,71,,1140479,33,,,1,30,,1140480,33,,,1,70,,1140484,33,,,1,30,,1140490,33,,,1,70,,1140487,33,,,1,30,,1140485,33,,,1,69,,1140472,33,,,1,30,,1140488,33,,,1,70,,1140482,33,,,1,30,,1140476,33,,,1,70,,1140486,33,,,1
4201,'5',605,,1140514,33,,,1,97,,1066106,33,,,1,31,,1140505,33,,,1,68,,1140502,33,,,1,32,,1140507,33,,,1,15,,1140491,33,,,1,54,,1140503,33,,,1,32,,1064404,33,,,1,70,,1140499,33,,,1,30,,1140500,33,,,1,70,,998591,33,,,1,30,,1140498,33,,,1,71,,1140511,33,,,1,31,,1140509,33,,,1,71,,1140504,33,,,1,31,,1140493,33,,,1,70,,1140501,33,,,1,30,,1140513,33,,,1,70,,1084717,33,,,1,31,,1072611,33,,,1,72,,1002402,33,,,1,33,,1140496,33,,,1,72,,1140495,33,,,1,29,,1140510,33,,,1,65,,1140497,33,,,1,23,,1140508,33,,,1,67,,1140515,33,,,1,30,,1091242,33,,,1,70,,1140512,33,,,1,30,,1140492,33,,,1,28,,1140494,33,,,1,72,,1140506,33,,,1,70,,1140516,33,,,1
4201,'6',605,,1140542,33,,,1,97,,1140518,33,,,1,31,,1140526,33,,,1,68,,1140533,33,,,1,32,,1140524,33,,,1,15,,1140540,33,,,1,54,,1140517,33,,,1,32,,1140538,33,,,1,70,,1140537,33,,,1,30,,1140529,33,,,1,70,,1140534,33,,,1,30,,1140520,33,,,1,71,,1082944,33,,,1,31,,1065550,33,,,1,71,,1140521,33,,,1,31,,1140539,33,,,1,70,,1140531,33,,,1,30,,1140523,33,,,1,70,,1140522,33,,,1,31,,1140525,33,,,1,72,,1085288,33,,,1,33,,1140535,33,,,1,72,,1140519,33,,,1,29,,1140530,33,,,1,65,,998249,33,,,1,23,,1140528,33,,,1,67,,1140536,33,,,1,30,,1140532,33,,,1,70,,1073079,33,,,1,30,,1140527,33,,,1,28,,1093057,33,,,1,72,,1019112,33,,,1,70,,1140541,33,,,1
4201,'7',625,,1140564,33,,,1,100,,1140547,33,,,1,100,,1140562,33,,,1,30,,1140565,33,,,1,70,,1140558,33,,,1,30,,1140549,33,,,1,70,,1140543,33,,,1,30,,1140561,33,,,1,70,,1140554,33,,,1,30,,1140546,33,,,1,71,,1140548,33,,,1,30,,1140560,33,,,1,71,,1140559,33,,,1,32,,1140566,33,,,1,68,,1140551,33,,,1,30,,1140544,33,,,1,70,,1140563,33,,,1,29,,1140556,33,,,1,70,,1140545,33,,,1,30,,1140552,33,,,1,70,,1140553,33,,,1,30,,1140550,33,,,1,72,,1140567,33,,,1,28,,1140557,33,,,1,70,,1140555,33,,,1
4201,'8',605,,1140599,33,,,1,97,,1140570,33,,,1,31,,1140581,33,,,1,68,,1140588,33,,,1,32,,1140579,33,,,1,15,,1140595,33,,,1,54,,1140569,33,,,1,32,,1140593,33,,,1,70,,1140592,33,,,1,30,,1140584,33,,,1,70,,1140589,33,,,1,30,,1140574,33,,,1,71,,1140572,33,,,1,31,,1140573,33,,,1,71,,1140576,33,,,1,31,,1140594,33,,,1,70,,1140586,33,,,1,30,,1140578,33,,,1,70,,1140577,33,,,1,31,,1140580,33,,,1,72,,1140575,33,,,1,33,,1140590,33,,,1,72,,1140571,33,,,1,29,,1140585,33,,,1,65,,1140598,33,,,1,23,,1140583,33,,,1,67,,1140591,33,,,1,30,,1140587,33,,,1,70,,1140568,33,,,1,30,,1140582,33,,,1,28,,1140600,33,,,1,72,,1140596,33,,,1,70,,1140597,33,,,1
4201,'9',605,,1140624,33,,,1,97,,1065997,33,,,1,31,,1140615,33,,,1,68,,1140612,33,,,1,32,,1140617,33,,,1,15,,1140601,33,,,1,54,,1140613,33,,,1,32,,1064315,33,,,1,70,,1140609,33,,,1,30,,1140610,33,,,1,70,,998767,33,,,1,30,,1140608,33,,,1,71,,1140621,33,,,1,31,,1140619,33,,,1,71,,1140614,33,,,1,31,,1140603,33,,,1,70,,1140611,33,,,1,30,,1140623,33,,,1,70,,1084629,33,,,1,31,,1072534,33,,,1,72,,1002768,33,,,1,33,,1140606,33,,,1,72,,1140605,33,,,1,29,,1140620,33,,,1,65,,1140607,33,,,1,23,,1140618,33,,,1,67,,1140625,33,,,1,30,,1091092,33,,,1,70,,1140622,33,,,1,30,,1140602,33,,,1,28,,1140604,33,,,1,72,,1140616,33,,,1,70,,1140626,33,,,1
