9000,'1',628,,1177074,19,0,41,1,29,,1177089,19,0,41,1,55,,1177092,19,0,41,1,15,,1177049,19,0,41,1,16,,1177090,19,0,41,1,14,,1177082,19,0,41,1,55,,1177058,19,0,41,1,15,,1177087,19,0,41,1,15,,1177070,19,0,41,1,15,,1177073,19,0,41,1,55,,1177075,19,0,41,1,15,,1177076,19,0,41,1,16,,1012330,19,0,41,1,15,,1177045,19,0,41,1,55,,1177065,19,0,41,1,15,,1177059,19,0,41,1,15,,1177054,19,0,41,1,15,,1177053,19,0,41,1,55,,1177051,19,0,41,1,15,,1177086,19,0,41,1,15,,1177050,19,0,41,1,15,,1080755,19,0,41,1,55,,1177091,19,0,41,1,16,,1177079,19,0,41,1,15,,1177046,19,0,41,1,15,,1177088,19,0,41,1,55,,1177083,19,0,41,1,15,,1177081,19,0,41,1,15,,1177084,19,0,41,1,15,,1177042,19,0,41,1,55,,1177048,19,0,41,1,15,,1177077,19,0,41,1,16,,1177061,19,0,41,1,70,,1045867,19,0,41,1,17,,1177072,19,0,41,1,13,,1177052,19,0,41,1,57,,1177062,19,0,41,1,13,,1177043,19,0,41,1,17,,1177041,19,0,41,1,15,,1177057,19,0,41,1,55,,1177044,19,0,41,1,15,,1177063,19,0,41,1,13,,1177039,19,0,41,1,14,,1177040,19,0,41,1,14,,1177066,19,0,41,1,54,,1177038,19,0,41,1,14,,1177071,19,0,41,1,13,,1177047,19,0,41,1,70,,1177060,19,0,41,1,30,,1177068,19,0,41,1,70,,1177080,19,0,41,1,30,,1177085,19,0,41,1,70,,1177078,19,0,41,1,30,,1071925,19,0,41,1,70,,1081660,19,0,41,1,29,,1177069,19,0,41,1,70,,1177055,19,0,41,1,32,,957167,19,0,41,1,70,,1177056,19,0,41,1,30,,1177067,19,0,41,1
9000,'10',628,,1177129,19,0,41,1,29,,1177144,19,0,41,1,55,,1177147,19,0,41,1,15,,1177104,19,0,41,1,16,,1177145,19,0,41,1,14,,1177137,19,0,41,1,55,,1177113,19,0,41,1,15,,1177142,19,0,41,1,15,,1177125,19,0,41,1,15,,1177128,19,0,41,1,55,,1177130,19,0,41,1,15,,1177131,19,0,41,1,16,,1012413,19,0,41,1,15,,1177100,19,0,41,1,55,,1177120,19,0,41,1,15,,1177114,19,0,41,1,15,,1177109,19,0,41,1,15,,1177108,19,0,41,1,55,,1177106,19,0,41,1,15,,1177141,19,0,41,1,15,,1177105,19,0,41,1,15,,1080582,19,0,41,1,55,,1177146,19,0,41,1,16,,1177134,19,0,41,1,15,,1177101,19,0,41,1,15,,1177143,19,0,41,1,55,,1177138,19,0,41,1,15,,1177136,19,0,41,1,15,,1177139,19,0,41,1,15,,1177097,19,0,41,1,55,,1177103,19,0,41,1,15,,1177132,19,0,41,1,16,,1177116,19,0,41,1,70,,1045910,19,0,41,1,17,,1177127,19,0,41,1,13,,1177107,19,0,41,1,57,,1177117,19,0,41,1,13,,1177098,19,0,41,1,17,,1177096,19,0,41,1,15,,1177112,19,0,41,1,55,,1177099,19,0,41,1,15,,1177118,19,0,41,1,13,,1177094,19,0,41,1,14,,1177095,19,0,41,1,14,,1177121,19,0,41,1,54,,1177093,19,0,41,1,14,,1177126,19,0,41,1,13,,1177102,19,0,41,1,70,,1177115,19,0,41,1,30,,1177123,19,0,41,1,70,,1177135,19,0,41,1,30,,1177140,19,0,41,1,70,,1177133,19,0,41,1,30,,1071779,19,0,41,1,70,,1081468,19,0,41,1,29,,1177124,19,0,41,1,70,,1177110,19,0,41,1,32,,957021,19,0,41,1,70,,1177111,19,0,41,1,30,,1177122,19,0,41,1
9000,'11',628,,1177184,19,0,41,1,29,,1177199,19,0,41,1,55,,1177202,19,0,41,1,15,,1177159,19,0,41,1,16,,1177200,19,0,41,1,14,,1177192,19,0,41,1,55,,1177168,19,0,41,1,15,,1177197,19,0,41,1,15,,1177180,19,0,41,1,15,,1177183,19,0,41,1,55,,1177185,19,0,41,1,15,,1177186,19,0,41,1,16,,1012307,19,0,41,1,15,,1177155,19,0,41,1,55,,1177175,19,0,41,1,15,,1177169,19,0,41,1,15,,1177164,19,0,41,1,15,,1177163,19,0,41,1,55,,1177161,19,0,41,1,15,,1177196,19,0,41,1,15,,1177160,19,0,41,1,15,,1080812,19,0,41,1,55,,1177201,19,0,41,1,16,,1177189,19,0,41,1,15,,1177156,19,0,41,1,15,,1177198,19,0,41,1,55,,1177193,19,0,41,1,15,,1177191,19,0,41,1,15,,1177194,19,0,41,1,15,,1177152,19,0,41,1,55,,1177158,19,0,41,1,15,,1177187,19,0,41,1,16,,1177171,19,0,41,1,70,,1045856,19,0,41,1,17,,1177182,19,0,41,1,13,,1177162,19,0,41,1,57,,1177172,19,0,41,1,13,,1177153,19,0,41,1,17,,1177151,19,0,41,1,15,,1177167,19,0,41,1,55,,1177154,19,0,41,1,15,,1177173,19,0,41,1,13,,1177149,19,0,41,1,14,,1177150,19,0,41,1,14,,1177176,19,0,41,1,54,,1177148,19,0,41,1,14,,1177181,19,0,41,1,13,,1177157,19,0,41,1,70,,1177170,19,0,41,1,30,,1177178,19,0,41,1,70,,1177190,19,0,41,1,30,,1177195,19,0,41,1,70,,1177188,19,0,41,1,30,,1071971,19,0,41,1,70,,1081717,19,0,41,1,29,,1177179,19,0,41,1,70,,1177165,19,0,41,1,32,,957146,19,0,41,1,70,,1177166,19,0,41,1,30,,1177177,19,0,41,1
9000,'12',628,,1177208,19,0,41,1,29,,1177236,19,0,41,1,55,,1177239,19,0,41,1,15,,1177234,19,0,41,1,16,,1177245,19,0,41,1,14,,1177251,19,0,41,1,55,,1177228,19,0,41,1,15,,1177217,19,0,41,1,15,,1085926,19,0,41,1,15,,1177223,19,0,41,1,55,,1177237,19,0,41,1,15,,1177241,19,0,41,1,16,,1177238,19,0,41,1,15,,1177248,19,0,41,1,55,,1177250,19,0,41,1,15,,1177246,19,0,41,1,15,,1177226,19,0,41,1,15,,1094079,19,0,41,1,55,,1177215,19,0,41,1,15,,1001500,19,0,41,1,15,,1177218,19,0,41,1,15,,1177242,19,0,41,1,55,,1177229,19,0,41,1,16,,1177225,19,0,41,1,15,,1177233,19,0,41,1,15,,1177205,19,0,41,1,55,,1177206,19,0,41,1,15,,1080439,19,0,41,1,15,,1177211,19,0,41,1,15,,1177219,19,0,41,1,55,,1177207,19,0,41,1,15,,1096099,19,0,41,1,16,,1072801,19,0,41,1,70,,1100209,19,0,41,1,17,,1177255,19,0,41,1,13,,1177203,19,0,41,1,57,,1177232,19,0,41,1,13,,1177230,19,0,41,1,17,,1177224,19,0,41,1,15,,1177243,19,0,41,1,55,,1177227,19,0,41,1,15,,1177247,19,0,41,1,13,,1177210,19,0,41,1,14,,1177204,19,0,41,1,14,,1177214,19,0,41,1,54,,1177253,19,0,41,1,14,,1177254,19,0,41,1,13,,1177252,19,0,41,1,70,,1177220,19,0,41,1,30,,1177209,19,0,41,1,70,,1177244,19,0,41,1,30,,1177231,19,0,41,1,70,,1177249,19,0,41,1,30,,1177240,19,0,41,1,70,,1177235,19,0,41,1,29,,1177222,19,0,41,1,70,,1008172,19,0,41,1,32,,1177213,19,0,41,1,70,,1177216,19,0,41,1,30,,1177212,19,0,41,1
9000,'13',714,,1177272,19,0,41,1,30,,1177261,19,0,41,1,70,,1177259,19,0,41,1,30,,1177269,19,0,41,1,70,,1024002,19,0,41,1,30,,1177257,19,0,41,1,70,,1177281,19,0,41,1,30,,1177274,19,0,41,1,70,,1177278,19,0,41,1,30,,1177263,19,0,41,1,70,,1177265,19,0,41,1,30,,1177273,19,0,41,1,70,,1177267,19,0,41,1,30,,1177280,19,0,41,1,71,,1177282,19,0,41,1,30,,1177271,19,0,41,1,70,,1030204,19,0,41,1,30,,1101325,19,0,41,1,70,,1044844,19,0,41,1,30,,1177264,19,0,41,1,70,,1177275,19,0,41,1,30,,1177260,19,0,41,1,70,,1177268,19,0,41,1,30,,1177270,19,0,41,1,70,,1177258,19,0,41,1,30,,1177266,19,0,41,1,69,,1177277,19,0,41,1,30,,1177276,19,0,41,1,70,,1177283,19,0,41,1,30,,1073560,19,0,41,1,70,,1177256,19,0,41,1,30,,1177262,19,0,41,1,70,,1177279,19,0,41,1
9000,'14',628,,1177323,19,0,41,1,29,,1177338,19,0,41,1,55,,1177344,19,0,41,1,15,,1177298,19,0,41,1,16,,1177340,19,0,41,1,14,,1177331,19,0,41,1,55,,1177307,19,0,41,1,15,,1177336,19,0,41,1,15,,1177319,19,0,41,1,15,,1177322,19,0,41,1,55,,1177324,19,0,41,1,15,,1177325,19,0,41,1,16,,1177339,19,0,41,1,15,,1177294,19,0,41,1,55,,1177314,19,0,41,1,15,,1177308,19,0,41,1,15,,1177303,19,0,41,1,15,,1177302,19,0,41,1,55,,1177300,19,0,41,1,15,,1177335,19,0,41,1,15,,1177299,19,0,41,1,15,,1177342,19,0,41,1,55,,1177341,19,0,41,1,16,,1177328,19,0,41,1,15,,1177295,19,0,41,1,15,,1177337,19,0,41,1,55,,1177332,19,0,41,1,15,,1177330,19,0,41,1,15,,1177333,19,0,41,1,15,,1177291,19,0,41,1,55,,1177297,19,0,41,1,15,,1177326,19,0,41,1,16,,1177310,19,0,41,1,70,,1177284,19,0,41,1,17,,1177321,19,0,41,1,13,,1177301,19,0,41,1,57,,1177311,19,0,41,1,13,,1177292,19,0,41,1,17,,1177289,19,0,41,1,15,,1177306,19,0,41,1,55,,1177293,19,0,41,1,15,,1177312,19,0,41,1,13,,1177287,19,0,41,1,14,,1177288,19,0,41,1,14,,1177315,19,0,41,1,54,,1177286,19,0,41,1,14,,1177320,19,0,41,1,13,,1177296,19,0,41,1,70,,1177309,19,0,41,1,30,,1177317,19,0,41,1,70,,1177329,19,0,41,1,30,,1177334,19,0,41,1,70,,1177327,19,0,41,1,30,,1177290,19,0,41,1,70,,1177285,19,0,41,1,29,,1177318,19,0,41,1,70,,1177304,19,0,41,1,32,,1177343,19,0,41,1,70,,1177305,19,0,41,1,30,,1177316,19,0,41,1
9000,'15',628,,1177402,19,0,41,1,29,,1177404,19,0,41,1,55,,1177368,19,0,41,1,15,,1177367,19,0,41,1,16,,1177359,19,0,41,1,14,,1177348,19,0,41,1,55,,1177371,19,0,41,1,15,,1177384,19,0,41,1,15,,1177387,19,0,41,1,15,,1177365,19,0,41,1,55,,1177354,19,0,41,1,15,,1177388,19,0,41,1,16,,1177378,19,0,41,1,15,,1177351,19,0,41,1,55,,1177375,19,0,41,1,15,,1177345,19,0,41,1,15,,1177366,19,0,41,1,15,,1177397,19,0,41,1,55,,1177390,19,0,41,1,15,,1177373,19,0,41,1,15,,1177396,19,0,41,1,15,,1177398,19,0,41,1,55,,1177353,19,0,41,1,16,,1177380,19,0,41,1,15,,1177355,19,0,41,1,15,,1177401,19,0,41,1,55,,1177395,19,0,41,1,15,,1177377,19,0,41,1,15,,1177352,19,0,41,1,15,,1177403,19,0,41,1,55,,1177358,19,0,41,1,15,,1177383,19,0,41,1,16,,1177405,19,0,41,1,70,,1177389,19,0,41,1,17,,1177346,19,0,41,1,13,,1177372,19,0,41,1,57,,1177399,19,0,41,1,13,,1177386,19,0,41,1,17,,1177369,19,0,41,1,15,,1177361,19,0,41,1,55,,1177381,19,0,41,1,15,,1177376,19,0,41,1,13,,1177394,19,0,41,1,14,,1177362,19,0,41,1,14,,1177379,19,0,41,1,54,,1177347,19,0,41,1,14,,1177349,19,0,41,1,13,,1177391,19,0,41,1,70,,1177393,19,0,41,1,30,,1177392,19,0,41,1,70,,1177370,19,0,41,1,30,,1177363,19,0,41,1,70,,1177374,19,0,41,1,30,,1177364,19,0,41,1,70,,1177385,19,0,41,1,29,,1177400,19,0,41,1,70,,1177350,19,0,41,1,32,,1177357,19,0,41,1,70,,1177360,19,0,41,1,30,,1177382,19,0,41,1
9000,'16',628,,1177414,19,0,41,1,29,,1177439,19,0,41,1,55,,1177443,19,0,41,1,15,,1177437,19,0,41,1,16,,1177449,19,0,41,1,14,,1177455,19,0,41,1,55,,1064155,19,0,41,1,15,,1177421,19,0,41,1,15,,1177406,19,0,41,1,15,,1177427,19,0,41,1,55,,1177440,19,0,41,1,15,,1177445,19,0,41,1,16,,1177441,19,0,41,1,15,,1177452,19,0,41,1,55,,1177454,19,0,41,1,15,,1177450,19,0,41,1,15,,1177430,19,0,41,1,15,,1177442,19,0,41,1,55,,1177419,19,0,41,1,15,,1177410,19,0,41,1,15,,1177422,19,0,41,1,15,,1177446,19,0,41,1,55,,1177432,19,0,41,1,16,,1177429,19,0,41,1,15,,1177436,19,0,41,1,15,,1079869,19,0,41,1,55,,1177412,19,0,41,1,15,,1177415,19,0,41,1,15,,956132,19,0,41,1,15,,1177423,19,0,41,1,55,,1177413,19,0,41,1,15,,1177460,19,0,41,1,16,,1177411,19,0,41,1,70,,1177409,19,0,41,1,17,,1177459,19,0,41,1,13,,1068408,19,0,41,1,57,,1177435,19,0,41,1,13,,1177433,19,0,41,1,17,,1177428,19,0,41,1,15,,1177447,19,0,41,1,55,,1177431,19,0,41,1,15,,1177451,19,0,41,1,13,,1177417,19,0,41,1,14,,1177408,19,0,41,1,14,,1072645,19,0,41,1,54,,1177457,19,0,41,1,14,,1177458,19,0,41,1,13,,1177456,19,0,41,1,70,,1177424,19,0,41,1,30,,1177416,19,0,41,1,70,,1177448,19,0,41,1,30,,1177434,19,0,41,1,70,,1177453,19,0,41,1,30,,1177444,19,0,41,1,70,,1177438,19,0,41,1,29,,1177426,19,0,41,1,70,,1177407,19,0,41,1,32,,1076678,19,0,41,1,70,,1177420,19,0,41,1,30,,1177418,19,0,41,1
9000,'17',714,,1177481,19,0,41,1,30,,1177469,19,0,41,1,70,,1177467,19,0,41,1,30,,1177478,19,0,41,1,70,,1177461,19,0,41,1,30,,1177465,19,0,41,1,70,,1177490,19,0,41,1,30,,1177483,19,0,41,1,70,,1177487,19,0,41,1,30,,1177471,19,0,41,1,70,,1177473,19,0,41,1,30,,1177482,19,0,41,1,70,,1177476,19,0,41,1,30,,1177489,19,0,41,1,71,,1177491,19,0,41,1,30,,1177480,19,0,41,1,70,,1177462,19,0,41,1,30,,1177474,19,0,41,1,70,,1177492,19,0,41,1,30,,1177472,19,0,41,1,70,,1177484,19,0,41,1,30,,1177468,19,0,41,1,70,,1177477,19,0,41,1,30,,1177479,19,0,41,1,70,,1177466,19,0,41,1,30,,1177475,19,0,41,1,69,,1177486,19,0,41,1,30,,1177485,19,0,41,1,70,,1177493,19,0,41,1,30,,1177463,19,0,41,1,70,,1177464,19,0,41,1,30,,1177470,19,0,41,1,70,,1177488,19,0,41,1
9000,'2',735,,1177495,19,0,41,1,70,,1177517,19,0,41,1,30,,1073739,19,0,41,1,70,,1177510,19,0,41,1,30,,1177503,19,0,41,1,70,,1177506,19,0,41,1,31,,1177518,19,0,41,1,70,,1177520,19,0,41,1,30,,1177497,19,0,41,1,70,,1177523,19,0,41,1,30,,1177507,19,0,41,1,70,,1177498,19,0,41,1,30,,1177522,19,0,41,1,70,,1100844,19,0,41,1,31,,1177513,19,0,41,1,70,,1177519,19,0,41,1,30,,1177496,19,0,41,1,70,,1177502,19,0,41,1,30,,1177509,19,0,41,1,70,,1177521,19,0,41,1,30,,1177501,19,0,41,1,71,,1177508,19,0,41,1,29,,1177504,19,0,41,1,70,,1021648,19,0,41,1,30,,1177524,19,0,41,1,70,,1177516,19,0,41,1,29,,1177499,19,0,41,1,70,,1177511,19,0,41,1,30,,1177505,19,0,41,1,70,,1177500,19,0,41,1,30,,1177514,19,0,41,1,70,,1177512,19,0,41,1,30,,1177494,19,0,41,1,70,,1177515,19,0,41,1
9000,'3',714,,1177545,19,0,41,1,30,,1177533,19,0,41,1,70,,1177531,19,0,41,1,30,,1177542,19,0,41,1,70,,1177525,19,0,41,1,30,,1177529,19,0,41,1,70,,1177554,19,0,41,1,30,,1177547,19,0,41,1,70,,1177551,19,0,41,1,30,,1177535,19,0,41,1,70,,1177537,19,0,41,1,30,,1177546,19,0,41,1,70,,1177540,19,0,41,1,30,,1177553,19,0,41,1,71,,1177555,19,0,41,1,30,,1177544,19,0,41,1,70,,1177526,19,0,41,1,30,,1177538,19,0,41,1,70,,1177556,19,0,41,1,30,,1177536,19,0,41,1,70,,1177548,19,0,41,1,30,,1177532,19,0,41,1,70,,1177541,19,0,41,1,30,,1177543,19,0,41,1,70,,1177530,19,0,41,1,30,,1177539,19,0,41,1,69,,1177550,19,0,41,1,30,,1177549,19,0,41,1,70,,1177557,19,0,41,1,30,,1177527,19,0,41,1,70,,1177528,19,0,41,1,30,,1177534,19,0,41,1,70,,1177552,19,0,41,1
9000,'4',714,,1177571,19,0,41,1,30,,1177574,19,0,41,1,70,,1177572,19,0,41,1,30,,1177563,19,0,41,1,70,,1177564,19,0,41,1,30,,1177569,19,0,41,1,70,,1177579,19,0,41,1,30,,1177580,19,0,41,1,70,,1177576,19,0,41,1,30,,1177559,19,0,41,1,70,,995812,19,0,41,1,30,,1177570,19,0,41,1,70,,1177568,19,0,41,1,30,,1055317,19,0,41,1,71,,1177566,19,0,41,1,30,,1177578,19,0,41,1,70,,1177582,19,0,41,1,30,,1037593,19,0,41,1,70,,1177558,19,0,41,1,30,,1177565,19,0,41,1,70,,1177577,19,0,41,1,30,,1177584,19,0,41,1,70,,1177575,19,0,41,1,30,,1177560,19,0,41,1,70,,1177583,19,0,41,1,30,,997298,19,0,41,1,69,,996619,19,0,41,1,30,,1177573,19,0,41,1,70,,1177567,19,0,41,1,30,,1177581,19,0,41,1,70,,1177562,19,0,41,1,30,,1177561,19,0,41,1,70,,1177585,19,0,41,1
9000,'5',628,,1177622,19,0,41,1,29,,1177637,19,0,41,1,55,,1177640,19,0,41,1,15,,1177597,19,0,41,1,16,,1177638,19,0,41,1,14,,1177630,19,0,41,1,55,,1177606,19,0,41,1,15,,1177635,19,0,41,1,15,,1177618,19,0,41,1,15,,1177621,19,0,41,1,55,,1177623,19,0,41,1,15,,1177624,19,0,41,1,16,,1012186,19,0,41,1,15,,1177593,19,0,41,1,55,,1177613,19,0,41,1,15,,1177607,19,0,41,1,15,,1177602,19,0,41,1,15,,1177601,19,0,41,1,55,,1177599,19,0,41,1,15,,1177634,19,0,41,1,15,,1177598,19,0,41,1,15,,1080725,19,0,41,1,55,,1177639,19,0,41,1,16,,1177627,19,0,41,1,15,,1177594,19,0,41,1,15,,1177636,19,0,41,1,55,,1177631,19,0,41,1,15,,1177629,19,0,41,1,15,,1177632,19,0,41,1,15,,1177590,19,0,41,1,55,,1177596,19,0,41,1,15,,1177625,19,0,41,1,16,,1177609,19,0,41,1,70,,1045813,19,0,41,1,17,,1177620,19,0,41,1,13,,1177600,19,0,41,1,57,,1177610,19,0,41,1,13,,1177591,19,0,41,1,17,,1177589,19,0,41,1,15,,1177605,19,0,41,1,55,,1177592,19,0,41,1,15,,1177611,19,0,41,1,13,,1177587,19,0,41,1,14,,1177588,19,0,41,1,14,,1177614,19,0,41,1,54,,1177586,19,0,41,1,14,,1177619,19,0,41,1,13,,1177595,19,0,41,1,70,,1177608,19,0,41,1,30,,1177616,19,0,41,1,70,,1177628,19,0,41,1,30,,1177633,19,0,41,1,70,,1177626,19,0,41,1,30,,1071901,19,0,41,1,70,,1081627,19,0,41,1,29,,1177617,19,0,41,1,70,,1177603,19,0,41,1,32,,957239,19,0,41,1,70,,1177604,19,0,41,1,30,,1177615,19,0,41,1
9000,'6',628,,1040112,19,0,41,1,29,,1177674,19,0,41,1,55,,1177678,19,0,41,1,15,,1177672,19,0,41,1,16,,1177684,19,0,41,1,14,,1177690,19,0,41,1,55,,1177666,19,0,41,1,15,,1177656,19,0,41,1,15,,1177641,19,0,41,1,15,,1096522,19,0,41,1,55,,1177675,19,0,41,1,15,,1177680,19,0,41,1,16,,1177676,19,0,41,1,15,,1177687,19,0,41,1,55,,1177689,19,0,41,1,15,,1177685,19,0,41,1,15,,1177664,19,0,41,1,15,,1177677,19,0,41,1,55,,1177654,19,0,41,1,15,,1177646,19,0,41,1,15,,1177657,19,0,41,1,15,,1177681,19,0,41,1,55,,1177667,19,0,41,1,16,,1177663,19,0,41,1,15,,1177671,19,0,41,1,15,,1177644,19,0,41,1,55,,1177648,19,0,41,1,15,,1177649,19,0,41,1,15,,1177651,19,0,41,1,15,,1177658,19,0,41,1,55,,1003580,19,0,41,1,15,,1177695,19,0,41,1,16,,1177647,19,0,41,1,70,,1177645,19,0,41,1,17,,1177694,19,0,41,1,13,,1177642,19,0,41,1,57,,1177670,19,0,41,1,13,,1177668,19,0,41,1,17,,1177662,19,0,41,1,15,,1177682,19,0,41,1,55,,1177665,19,0,41,1,15,,1177686,19,0,41,1,13,,1073486,19,0,41,1,14,,1083316,19,0,41,1,14,,1177653,19,0,41,1,54,,1177692,19,0,41,1,14,,1177693,19,0,41,1,13,,1177691,19,0,41,1,70,,1177659,19,0,41,1,30,,1177650,19,0,41,1,70,,1177683,19,0,41,1,30,,1177669,19,0,41,1,70,,1177688,19,0,41,1,30,,1177679,19,0,41,1,70,,1177673,19,0,41,1,29,,1177661,19,0,41,1,70,,1177643,19,0,41,1,32,,1177652,19,0,41,1,70,,1177655,19,0,41,1,30,,1004815,19,0,41,1
9000,'7',735,,1177714,19,0,41,1,70,,1177729,19,0,41,1,30,,1177704,19,0,41,1,70,,1177725,19,0,41,1,30,,1177712,19,0,41,1,70,,1177696,19,0,41,1,31,,1177703,19,0,41,1,70,,1177717,19,0,41,1,30,,1177702,19,0,41,1,70,,1177707,19,0,41,1,30,,1177727,19,0,41,1,70,,1177719,19,0,41,1,30,,1177726,19,0,41,1,70,,1177722,19,0,41,1,31,,1177701,19,0,41,1,70,,1177728,19,0,41,1,30,,1177700,19,0,41,1,70,,1177721,19,0,41,1,30,,1177705,19,0,41,1,70,,1177710,19,0,41,1,30,,1177715,19,0,41,1,71,,1177698,19,0,41,1,29,,1177718,19,0,41,1,70,,1177716,19,0,41,1,30,,1177720,19,0,41,1,70,,1177711,19,0,41,1,29,,1177708,19,0,41,1,70,,1177713,19,0,41,1,30,,1177706,19,0,41,1,70,,1177723,19,0,41,1,30,,1177697,19,0,41,1,70,,1177699,19,0,41,1,30,,1177724,19,0,41,1,70,,1177709,19,0,41,1
9000,'8',628,,1177740,19,0,41,1,29,,1177769,19,0,41,1,55,,1177773,19,0,41,1,15,,1177767,19,0,41,1,16,,1177779,19,0,41,1,14,,1177785,19,0,41,1,55,,1177761,19,0,41,1,15,,1177750,19,0,41,1,15,,1177730,19,0,41,1,15,,1177756,19,0,41,1,55,,1177770,19,0,41,1,15,,1177775,19,0,41,1,16,,1177771,19,0,41,1,15,,1177782,19,0,41,1,55,,1177784,19,0,41,1,15,,1177780,19,0,41,1,15,,1177759,19,0,41,1,15,,1177772,19,0,41,1,55,,1177748,19,0,41,1,15,,1177736,19,0,41,1,15,,1177751,19,0,41,1,15,,1177776,19,0,41,1,55,,1177762,19,0,41,1,16,,1177758,19,0,41,1,15,,1177766,19,0,41,1,15,,1177734,19,0,41,1,55,,1177738,19,0,41,1,15,,1177741,19,0,41,1,15,,1177744,19,0,41,1,15,,1177752,19,0,41,1,55,,1177739,19,0,41,1,15,,1177790,19,0,41,1,16,,1177737,19,0,41,1,70,,1177735,19,0,41,1,17,,1177789,19,0,41,1,13,,1177731,19,0,41,1,57,,1177765,19,0,41,1,13,,1177763,19,0,41,1,17,,1177757,19,0,41,1,15,,1177777,19,0,41,1,55,,1177760,19,0,41,1,15,,1177781,19,0,41,1,13,,1177743,19,0,41,1,14,,1177733,19,0,41,1,14,,1177747,19,0,41,1,54,,1177787,19,0,41,1,14,,1177788,19,0,41,1,13,,1177786,19,0,41,1,70,,1177753,19,0,41,1,30,,1177742,19,0,41,1,70,,1177778,19,0,41,1,30,,1177764,19,0,41,1,70,,1177783,19,0,41,1,30,,1177774,19,0,41,1,70,,1177768,19,0,41,1,29,,1177755,19,0,41,1,70,,1177732,19,0,41,1,32,,1177746,19,0,41,1,70,,1177749,19,0,41,1,30,,1177745,19,0,41,1
9000,'9',628,,1177827,19,0,41,1,29,,1177842,19,0,41,1,55,,1177845,19,0,41,1,15,,1177802,19,0,41,1,16,,1177843,19,0,41,1,14,,1177835,19,0,41,1,55,,1177811,19,0,41,1,15,,1177840,19,0,41,1,15,,1177823,19,0,41,1,15,,1177826,19,0,41,1,55,,1177828,19,0,41,1,15,,1177829,19,0,41,1,16,,1012353,19,0,41,1,15,,1177798,19,0,41,1,55,,1177818,19,0,41,1,15,,1177812,19,0,41,1,15,,1177807,19,0,41,1,15,,1177806,19,0,41,1,55,,1177804,19,0,41,1,15,,1177839,19,0,41,1,15,,1177803,19,0,41,1,15,,1080636,19,0,41,1,55,,1177844,19,0,41,1,16,,1177832,19,0,41,1,15,,1177799,19,0,41,1,15,,1177841,19,0,41,1,55,,1177836,19,0,41,1,15,,1177834,19,0,41,1,15,,1177837,19,0,41,1,15,,1177795,19,0,41,1,55,,1177801,19,0,41,1,15,,1177830,19,0,41,1,16,,1177814,19,0,41,1,70,,1045878,19,0,41,1,17,,1177825,19,0,41,1,13,,1177805,19,0,41,1,57,,1177815,19,0,41,1,13,,1177796,19,0,41,1,17,,1177794,19,0,41,1,15,,1177810,19,0,41,1,55,,1177797,19,0,41,1,15,,1177816,19,0,41,1,13,,1177792,19,0,41,1,14,,1177793,19,0,41,1,14,,1177819,19,0,41,1,54,,1177791,19,0,41,1,14,,1177824,19,0,41,1,13,,1177800,19,0,41,1,70,,1177813,19,0,41,1,30,,1177821,19,0,41,1,70,,1177833,19,0,41,1,30,,1177838,19,0,41,1,70,,1177831,19,0,41,1,30,,1071829,19,0,41,1,70,,1081525,19,0,41,1,29,,1177822,19,0,41,1,70,,1177808,19,0,41,1,32,,957218,19,0,41,1,70,,1177809,19,0,41,1,30,,1177820,19,0,41,1
