26301,'1',1644,,1197337,43,,,1,93,,1083207,43,,,1,100,,1197336,43,,,1,89,,1197335,43,,,1
26301,'10',1644,,1197340,43,,,1,93,,1082974,43,,,1,100,,1197339,43,,,1,89,,1197338,43,,,1
26301,'11',1644,,1197343,43,,,1,93,,1083282,43,,,1,100,,1197342,43,,,1,89,,1197341,43,,,1
26301,'12',1644,,1197344,43,,,1,93,,1197346,43,,,1,100,,1197345,43,,,1,89,,1197347,43,,,1
26301,'14',1644,,1197351,43,,,1,93,,1197348,43,,,1,100,,1197350,43,,,1,89,,1197349,43,,,1
26301,'15',1644,,1197354,43,,,1,93,,1197352,43,,,1,100,,1197353,43,,,1,89,,1197355,43,,,1
26301,'16',1644,,1197356,43,,,1,93,,1197358,43,,,1,100,,1197357,43,,,1,89,,1197359,43,,,1
26301,'5',1644,,1197362,43,,,1,93,,1083167,43,,,1,100,,1197361,43,,,1,89,,1197360,43,,,1
26301,'6',1644,,1049582,43,,,1,93,,1197364,43,,,1,100,,1197363,43,,,1,89,,1197365,43,,,1
26301,'8',1644,,1197366,43,,,1,93,,1197368,43,,,1,100,,1197367,43,,,1,89,,1197369,43,,,1
26301,'9',1644,,1197372,43,,,1,93,,1083043,43,,,1,100,,1197371,43,,,1,89,,1197370,43,,,1
28301,'1',1700,,1197955,24,,,1,32,,1101771,24,,,1,73,,1197954,24,0,80,1,53,,1197956,24,0,80,1
28301,'10',1700,,1197958,24,,,1,32,,1101670,24,,,1,73,,1197957,24,0,80,1,53,,1197959,24,0,80,1
28301,'11',1700,,1197961,24,,,1,32,,1101802,24,,,1,73,,1197960,24,0,80,1,53,,1197962,24,0,80,1
28301,'12',1700,,1070860,24,,,1,32,,1197963,24,,,1,73,,1197965,24,0,80,1,53,,1197964,24,0,80,1
28301,'14',1700,,1197968,24,,,1,32,,1197966,24,,,1,73,,1197967,24,0,80,1,53,,1197969,24,0,80,1
28301,'15',1700,,1197972,24,,,1,32,,1197971,24,,,1,73,,1197970,24,0,80,1,53,,1197973,24,0,80,1
28301,'16',1700,,1197974,24,,,1,32,,1197975,24,,,1,73,,1197977,24,0,80,1,53,,1197976,24,0,80,1
28301,'5',1700,,1197979,24,,,1,32,,1101751,24,,,1,73,,1197978,24,0,80,1,53,,1197980,24,0,80,1
28301,'6',1700,,1197981,24,,,1,32,,1197982,24,,,1,73,,1197984,24,0,80,1,53,,1197983,24,0,80,1
28301,'8',1700,,1197985,24,,,1,32,,1197986,24,,,1,73,,1197988,24,0,80,1,53,,1197987,24,0,80,1
28301,'9',1700,,1197990,24,,,1,32,,1101700,24,,,1,73,,1197989,24,0,80,1,53,,1197991,24,0,80,1
30101,'10',1528,,1198181,74,,,1
30101,'3',1528,,1198182,74,,,1
30101,'6',1528,,1198183,74,,,1
