500,'1',541,,1027159,23,,,1,71,,1103866,23,,,1,12,,1103841,23,,,1,15,,1103879,23,,,1,16,,1103888,23,,,1,55,,1027768,23,,,1,4,,1103843,23,,,1,12,,1103875,23,,,1,15,,1103874,23,,,1,16,,1103869,23,,,1,44,,922825,23,,,1,12,,1103852,23,,,1,5,,1103861,23,,,1,10,,1103863,23,,,1,14,,1103845,23,,,1,17,,1103876,23,,,1,54,,1103847,23,,,1,10,,1099114,23,,,1,6,,1103887,23,,,1,13,,1095913,23,,,1,14,,1103868,23,,,1,55,,1065447,23,,,1,15,,1103883,23,,,1,15,,1103881,23,,,1,15,,1091287,23,,,1,55,,1103862,23,,,1,15,,1103859,23,,,1,15,,1103844,23,,,1,15,,1103872,23,,,1,55,,1103867,23,,,1,15,,1103851,23,,,1,15,,1103873,23,,,1,15,,1103877,23,,,1,55,,1103857,23,,,1,15,,1084880,23,,,1,15,,1103864,23,,,1,15,,1103871,23,,,1,55,,1103849,23,,,1,16,,1103889,23,,,1,16,,1103842,23,,,1,2,,1103878,23,,,1,12,,1001970,23,,,1,56,,1103839,23,,,1,15,,1103885,23,,,1,15,,1072621,23,,,1,15,,1103884,23,,,1,55,,1042022,23,,,1,15,,1103880,23,,,1,14,,1103853,23,,,1,14,,1103865,23,,,1,55,,1013747,23,,,1,16,,1103886,23,,,1,14,,1005228,23,,,1,14,,1103848,23,,,1,54,,1103854,23,,,1,14,,1103890,23,,,1,15,,1103850,23,,,1,15,,1103870,23,,,1,55,,1079152,23,,,1,20,,1103855,23,,,1,25,,1090242,23,,,1,70,,1103858,23,,,1,31,,1017343,23,,,1,69,,1103860,23,,,1,30,,1103856,23,,,1,70,,1103882,23,,,1,28,,1096997,23,,,1,70,,1103840,23,,,1,30,,1103846,23,,,1,69,,1082231,23,,,1
500,'10',541,,1027252,23,,,1,71,,1103918,23,,,1,12,,1103893,23,,,1,15,,1103931,23,,,1,16,,1103940,23,,,1,55,,1027845,23,,,1,4,,1103895,23,,,1,12,,1103927,23,,,1,15,,1103926,23,,,1,16,,1103921,23,,,1,44,,922868,23,,,1,12,,1103904,23,,,1,5,,1103913,23,,,1,10,,1103915,23,,,1,14,,1103897,23,,,1,17,,1103928,23,,,1,54,,1103899,23,,,1,10,,1099083,23,,,1,6,,1103939,23,,,1,13,,1095771,23,,,1,14,,1103920,23,,,1,55,,1065223,23,,,1,15,,1103935,23,,,1,15,,1103933,23,,,1,15,,1091010,23,,,1,55,,1103914,23,,,1,15,,1103911,23,,,1,15,,1103896,23,,,1,15,,1103924,23,,,1,55,,1103919,23,,,1,15,,1103903,23,,,1,15,,1103925,23,,,1,15,,1103929,23,,,1,55,,1103909,23,,,1,15,,1084865,23,,,1,15,,1103916,23,,,1,15,,1103923,23,,,1,55,,1103901,23,,,1,16,,1103941,23,,,1,16,,1103894,23,,,1,2,,1103930,23,,,1,12,,1002151,23,,,1,56,,1103891,23,,,1,15,,1103937,23,,,1,15,,1072474,23,,,1,15,,1103936,23,,,1,55,,1042134,23,,,1,15,,1103932,23,,,1,14,,1103905,23,,,1,14,,1103917,23,,,1,55,,1013835,23,,,1,16,,1103938,23,,,1,14,,1005322,23,,,1,14,,1103900,23,,,1,54,,1103906,23,,,1,14,,1103942,23,,,1,15,,1103902,23,,,1,15,,1103922,23,,,1,55,,1078898,23,,,1,20,,1103907,23,,,1,25,,1090098,23,,,1,70,,1103910,23,,,1,31,,1017511,23,,,1,69,,1103912,23,,,1,30,,1103908,23,,,1,70,,1103934,23,,,1,28,,1096914,23,,,1,70,,1103892,23,,,1,30,,1103898,23,,,1,69,,1082068,23,,,1
500,'11',541,,1027130,23,,,1,71,,1103970,23,,,1,12,,1103945,23,,,1,15,,1103983,23,,,1,16,,1103992,23,,,1,55,,1027747,23,,,1,4,,1103947,23,,,1,12,,1103979,23,,,1,15,,1103978,23,,,1,16,,1103973,23,,,1,44,,922724,23,,,1,12,,1103956,23,,,1,5,,1103965,23,,,1,10,,1103967,23,,,1,14,,1103949,23,,,1,17,,1103980,23,,,1,54,,1103951,23,,,1,10,,1099123,23,,,1,6,,1103991,23,,,1,13,,1095949,23,,,1,14,,1103972,23,,,1,55,,1065510,23,,,1,15,,1103987,23,,,1,15,,1103985,23,,,1,15,,1091361,23,,,1,55,,1103966,23,,,1,15,,1103963,23,,,1,15,,1103948,23,,,1,15,,1103976,23,,,1,55,,1103971,23,,,1,15,,1103955,23,,,1,15,,1103977,23,,,1,15,,1103981,23,,,1,55,,1103961,23,,,1,15,,1084885,23,,,1,15,,1103968,23,,,1,15,,1103975,23,,,1,55,,1103953,23,,,1,16,,1103993,23,,,1,16,,1103946,23,,,1,2,,1103982,23,,,1,12,,1001917,23,,,1,56,,1103943,23,,,1,15,,1103989,23,,,1,15,,1072662,23,,,1,15,,1103988,23,,,1,55,,1041991,23,,,1,15,,1103984,23,,,1,14,,1103957,23,,,1,14,,1103969,23,,,1,55,,1013720,23,,,1,16,,1103990,23,,,1,14,,1005200,23,,,1,14,,1103952,23,,,1,54,,1103958,23,,,1,14,,1103994,23,,,1,15,,1103954,23,,,1,15,,1103974,23,,,1,55,,1079232,23,,,1,20,,1103959,23,,,1,25,,1090286,23,,,1,70,,1103962,23,,,1,31,,1017292,23,,,1,69,,1103964,23,,,1,30,,1103960,23,,,1,70,,1103986,23,,,1,28,,1097024,23,,,1,70,,1103944,23,,,1,30,,1103950,23,,,1,69,,1082284,23,,,1
500,'12',541,,1103995,23,,,1,71,,1104018,23,,,1,12,,1104012,23,,,1,15,,1104020,23,,,1,16,,1104001,23,,,1,55,,1104007,23,,,1,4,,1104045,23,,,1,12,,1104035,23,,,1,15,,1104048,23,,,1,16,,1104039,23,,,1,44,,1104043,23,,,1,12,,1104026,23,,,1,5,,1104042,23,,,1,10,,1104009,23,,,1,14,,1069778,23,,,1,17,,1104010,23,,,1,54,,1104017,23,,,1,10,,1080697,23,,,1,6,,989802,23,,,1,13,,1104044,23,,,1,14,,1104025,23,,,1,55,,1103998,23,,,1,15,,1104005,23,,,1,15,,1100219,23,,,1,15,,1103996,23,,,1,55,,1104011,23,,,1,15,,1104031,23,,,1,15,,1104052,23,,,1,15,,1104004,23,,,1,55,,1104032,23,,,1,15,,915604,23,,,1,15,,1104041,23,,,1,15,,1103999,23,,,1,55,,1104015,23,,,1,15,,1104040,23,,,1,15,,1104028,23,,,1,15,,1072101,23,,,1,55,,952470,23,,,1,16,,1104006,23,,,1,16,,1104003,23,,,1,2,,1104023,23,,,1,12,,1104024,23,,,1,56,,1104046,23,,,1,15,,1104022,23,,,1,15,,1104030,23,,,1,15,,1103997,23,,,1,55,,1104014,23,,,1,15,,1104013,23,,,1,14,,1104051,23,,,1,14,,1104033,23,,,1,55,,1104053,23,,,1,16,,1104008,23,,,1,14,,1104029,23,,,1,14,,1104047,23,,,1,54,,1104037,23,,,1,14,,1104036,23,,,1,15,,1104034,23,,,1,15,,1104027,23,,,1,55,,1104019,23,,,1,20,,1104054,23,,,1,25,,1104002,23,,,1,70,,1104038,23,,,1,31,,1104016,23,,,1,69,,1104055,23,,,1,30,,1104049,23,,,1,70,,1104021,23,,,1,28,,1064647,23,,,1,70,,1104050,23,,,1,30,,1104000,23,,,1,69,,968028,23,,,1
500,'13',808,,1104056,23,,,1,30,,1104075,23,,,1,70,,1083093,23,,,1,30,,1104060,23,,,1,70,,1104067,23,,,1,32,,1104061,23,,,1,70,,1104068,23,,,1,30,,1089700,23,,,1,70,,1104058,23,,,1,31,,1061999,23,,,1,70,,1104083,23,,,1,30,,1104081,23,,,1,70,,1089712,23,,,1,30,,1104076,23,,,1,70,,1104070,23,,,1,30,,1104080,23,,,1,70,,1104074,23,,,1,30,,1104057,23,,,1,70,,1104069,23,,,1,30,,1104078,23,,,1,70,,1104066,23,,,1,29,,1104082,23,,,1,70,,1104072,23,,,1,30,,1104064,23,,,1,70,,1104071,23,,,1,30,,1104073,23,,,1,70,,1104085,23,,,1,30,,1104079,23,,,1,70,,1104063,23,,,1,28,,1104086,23,,,1,70,,1104087,23,,,1
500,'14',541,,1104108,23,,,1,71,,1104125,23,,,1,12,,1104091,23,,,1,15,,1104138,23,,,1,16,,1104150,23,,,1,55,,1104090,23,,,1,4,,1104098,23,,,1,12,,1104134,23,,,1,15,,1104133,23,,,1,16,,1104128,23,,,1,44,,1104094,23,,,1,12,,1104110,23,,,1,5,,1104120,23,,,1,10,,1104122,23,,,1,14,,1104100,23,,,1,17,,1104135,23,,,1,54,,1104104,23,,,1,10,,1104101,23,,,1,6,,1104149,23,,,1,13,,1104102,23,,,1,14,,1104127,23,,,1,55,,1104093,23,,,1,15,,1104143,23,,,1,15,,1104140,23,,,1,15,,1104095,23,,,1,55,,1104121,23,,,1,15,,1104118,23,,,1,15,,1104099,23,,,1,15,,1104131,23,,,1,55,,1104126,23,,,1,15,,1104109,23,,,1,15,,1104132,23,,,1,15,,1104136,23,,,1,55,,1104116,23,,,1,15,,1104092,23,,,1,15,,1104123,23,,,1,15,,1104130,23,,,1,55,,1104106,23,,,1,16,,1104153,23,,,1,16,,1104096,23,,,1,2,,1104137,23,,,1,12,,1104148,23,,,1,56,,1104088,23,,,1,15,,1104145,23,,,1,15,,1104097,23,,,1,15,,1104144,23,,,1,55,,1104154,23,,,1,15,,1104139,23,,,1,14,,1104112,23,,,1,14,,1104124,23,,,1,55,,1104152,23,,,1,16,,1104146,23,,,1,14,,1104151,23,,,1,14,,1104105,23,,,1,54,,1104113,23,,,1,14,,1104156,23,,,1,15,,1104107,23,,,1,15,,1104129,23,,,1,55,,1104141,23,,,1,20,,1104114,23,,,1,25,,1104111,23,,,1,70,,1104117,23,,,1,31,,1104157,23,,,1,69,,1104119,23,,,1,30,,1104115,23,,,1,70,,1104142,23,,,1,28,,1104155,23,,,1,70,,1104089,23,,,1,30,,1104103,23,,,1,69,,1104147,23,,,1
500,'15',541,,1104182,23,,,1,71,,1104169,23,,,1,12,,1104211,23,,,1,15,,1104164,23,,,1,16,,1104209,23,,,1,55,,1104166,23,,,1,4,,1104178,23,,,1,12,,1104223,23,,,1,15,,1104213,23,,,1,16,,1104225,23,,,1,44,,1104197,23,,,1,12,,1104175,23,,,1,5,,1104208,23,,,1,10,,1104188,23,,,1,14,,1104218,23,,,1,17,,1104217,23,,,1,54,,1104177,23,,,1,10,,1104187,23,,,1,6,,1104227,23,,,1,13,,1104158,23,,,1,14,,1104165,23,,,1,55,,1104203,23,,,1,15,,1104194,23,,,1,15,,1104200,23,,,1,15,,1104219,23,,,1,55,,1104172,23,,,1,15,,1104198,23,,,1,15,,1104199,23,,,1,15,,1104210,23,,,1,55,,1104171,23,,,1,15,,1104215,23,,,1,15,,1104168,23,,,1,15,,1104201,23,,,1,55,,1104214,23,,,1,15,,1104191,23,,,1,15,,1104162,23,,,1,15,,1104196,23,,,1,55,,1104224,23,,,1,16,,1104222,23,,,1,16,,1104183,23,,,1,2,,1104226,23,,,1,12,,1104161,23,,,1,56,,1104167,23,,,1,15,,1104186,23,,,1,15,,1104216,23,,,1,15,,1104207,23,,,1,55,,1104190,23,,,1,15,,1104221,23,,,1,14,,1104160,23,,,1,14,,1104159,23,,,1,55,,1104220,23,,,1,16,,1104195,23,,,1,14,,1104173,23,,,1,14,,1104174,23,,,1,54,,1104212,23,,,1,14,,1104170,23,,,1,15,,1104163,23,,,1,15,,1104206,23,,,1,55,,1104193,23,,,1,20,,1104202,23,,,1,25,,1104184,23,,,1,70,,1104179,23,,,1,31,,1104192,23,,,1,69,,1104185,23,,,1,30,,1104189,23,,,1,70,,1104176,23,,,1,28,,1104204,23,,,1,70,,1104205,23,,,1,30,,1104180,23,,,1,69,,1104181,23,,,1
500,'16',541,,1104230,23,,,1,71,,1104256,23,,,1,12,,1104250,23,,,1,15,,1104258,23,,,1,16,,1104239,23,,,1,55,,1104245,23,,,1,4,,1104281,23,,,1,12,,1104272,23,,,1,15,,1083256,23,,,1,16,,1088842,23,,,1,44,,1104279,23,,,1,12,,1104264,23,,,1,5,,1104278,23,,,1,10,,1104247,23,,,1,14,,1104234,23,,,1,17,,1104248,23,,,1,54,,1104255,23,,,1,10,,1104288,23,,,1,6,,1104284,23,,,1,13,,1104280,23,,,1,14,,1104263,23,,,1,55,,1104233,23,,,1,15,,1104243,23,,,1,15,,1104285,23,,,1,15,,1104231,23,,,1,55,,1104249,23,,,1,15,,1104268,23,,,1,15,,1104290,23,,,1,15,,1104242,23,,,1,55,,1104269,23,,,1,15,,1104283,23,,,1,15,,1104277,23,,,1,15,,1104236,23,,,1,55,,1104253,23,,,1,15,,1104276,23,,,1,15,,1104266,23,,,1,15,,1104229,23,,,1,55,,1104235,23,,,1,16,,1104244,23,,,1,16,,1104241,23,,,1,2,,1104261,23,,,1,12,,1104262,23,,,1,56,,1104282,23,,,1,15,,1104260,23,,,1,15,,1104267,23,,,1,15,,1104232,23,,,1,55,,1104252,23,,,1,15,,1104251,23,,,1,14,,1104289,23,,,1,14,,1104270,23,,,1,55,,1104291,23,,,1,16,,1104246,23,,,1,14,,1078753,23,,,1,14,,1040651,23,,,1,54,,1104274,23,,,1,14,,1104273,23,,,1,15,,1104271,23,,,1,15,,1104265,23,,,1,55,,1104257,23,,,1,20,,1104292,23,,,1,25,,1104240,23,,,1,70,,1104275,23,,,1,31,,1104254,23,,,1,69,,1104293,23,,,1,30,,1104286,23,,,1,70,,1104259,23,,,1,28,,1104237,23,,,1,70,,1104287,23,,,1,30,,1104238,23,,,1,69,,1104228,23,,,1
500,'17',808,,1104294,23,,,1,30,,1104315,23,,,1,70,,1104328,23,,,1,30,,1104300,23,,,1,70,,1104307,23,,,1,32,,1104301,23,,,1,70,,1104308,23,,,1,30,,1104298,23,,,1,70,,1104297,23,,,1,31,,1104295,23,,,1,70,,1104323,23,,,1,30,,1104321,23,,,1,70,,1104329,23,,,1,30,,1104316,23,,,1,70,,1104310,23,,,1,30,,1104320,23,,,1,70,,1104314,23,,,1,30,,1104296,23,,,1,70,,1104309,23,,,1,30,,1104318,23,,,1,70,,1104306,23,,,1,29,,1104322,23,,,1,70,,1104312,23,,,1,30,,1104304,23,,,1,70,,1104311,23,,,1,30,,1104313,23,,,1,70,,1104325,23,,,1,30,,1104319,23,,,1,70,,1104303,23,,,1,28,,1104326,23,,,1,70,,1104327,23,,,1
500,'2',714,,1104354,23,,,1,30,,1104356,23,,,1,70,,1104360,23,,,1,30,,1104359,23,,,1,70,,1104350,23,,,1,30,,1104347,23,,,1,70,,1104349,23,,,1,32,,1104339,23,,,1,70,,1104357,23,,,1,30,,1104355,23,,,1,70,,1104332,23,,,1,31,,1104345,23,,,1,70,,1047073,23,,,1,30,,1104346,23,,,1,70,,1104342,23,,,1,30,,1104361,23,,,1,70,,1104334,23,,,1,30,,1104341,23,,,1,70,,1104348,23,,,1,30,,1104351,23,,,1,70,,1104338,23,,,1,30,,1104358,23,,,1,70,,1104344,23,,,1,29,,1104336,23,,,1,70,,1104352,23,,,1,30,,1104333,23,,,1,70,,1104353,23,,,1,30,,1064563,23,,,1,70,,1104340,23,,,1,30,,1104330,23,,,1,70,,1104337,23,,,1,28,,1104335,23,,,1,70,,1104343,23,,,1
500,'3',808,,1104362,23,,,1,30,,1104383,23,,,1,70,,1104396,23,,,1,30,,1104368,23,,,1,70,,1104375,23,,,1,32,,1104369,23,,,1,70,,1104376,23,,,1,30,,1104366,23,,,1,70,,1104365,23,,,1,31,,1104363,23,,,1,70,,1104391,23,,,1,30,,1104389,23,,,1,70,,1104397,23,,,1,30,,1104384,23,,,1,70,,1104378,23,,,1,30,,1104388,23,,,1,70,,1104382,23,,,1,30,,1104364,23,,,1,70,,1104377,23,,,1,30,,1104386,23,,,1,70,,1104374,23,,,1,29,,1104390,23,,,1,70,,1104380,23,,,1,30,,1104372,23,,,1,70,,1104379,23,,,1,30,,1104381,23,,,1,70,,1104393,23,,,1,30,,1104387,23,,,1,70,,1104371,23,,,1,28,,1104394,23,,,1,70,,1104395,23,,,1
500,'4',808,,1104420,23,,,1,30,,1104428,23,,,1,70,,1104412,23,,,1,30,,1104400,23,,,1,70,,1104399,23,,,1,32,,1104422,23,,,1,70,,1104409,23,,,1,30,,1104411,23,,,1,70,,1104432,23,,,1,31,,1104416,23,,,1,70,,1104402,23,,,1,30,,1104424,23,,,1,70,,1104425,23,,,1,30,,1104407,23,,,1,70,,1104398,23,,,1,30,,1104410,23,,,1,70,,1104426,23,,,1,30,,1104413,23,,,1,70,,1104427,23,,,1,30,,1104431,23,,,1,70,,1104401,23,,,1,29,,1104406,23,,,1,70,,1104414,23,,,1,30,,1104419,23,,,1,70,,1104415,23,,,1,30,,1104408,23,,,1,70,,975999,23,,,1,30,,1104403,23,,,1,70,,1104405,23,,,1,28,,1104423,23,,,1,70,,1104417,23,,,1
500,'5',541,,1027000,23,,,1,71,,1104460,23,,,1,12,,1104435,23,,,1,15,,1104473,23,,,1,16,,1104482,23,,,1,55,,1027670,23,,,1,4,,1104437,23,,,1,12,,1104469,23,,,1,15,,1104468,23,,,1,16,,1104463,23,,,1,44,,923002,23,,,1,12,,1104446,23,,,1,5,,1104455,23,,,1,10,,1104457,23,,,1,14,,1104439,23,,,1,17,,1104470,23,,,1,54,,1104441,23,,,1,10,,1099108,23,,,1,6,,1104481,23,,,1,13,,1095894,23,,,1,14,,1104462,23,,,1,55,,1065409,23,,,1,15,,1104477,23,,,1,15,,1104475,23,,,1,15,,1091244,23,,,1,55,,1104456,23,,,1,15,,1104453,23,,,1,15,,1104438,23,,,1,15,,1104466,23,,,1,55,,1104461,23,,,1,15,,1104445,23,,,1,15,,1104467,23,,,1,15,,1104471,23,,,1,55,,1104451,23,,,1,15,,1084875,23,,,1,15,,1104458,23,,,1,15,,1104465,23,,,1,55,,1104443,23,,,1,16,,1104483,23,,,1,16,,1104436,23,,,1,2,,1104472,23,,,1,12,,1001643,23,,,1,56,,1104433,23,,,1,15,,1104479,23,,,1,15,,1072599,23,,,1,15,,1104478,23,,,1,55,,1041822,23,,,1,15,,1104474,23,,,1,14,,1104447,23,,,1,14,,1104459,23,,,1,55,,1013593,23,,,1,16,,1104480,23,,,1,14,,1005065,23,,,1,14,,1104442,23,,,1,54,,1104448,23,,,1,14,,1104484,23,,,1,15,,1104444,23,,,1,15,,1104464,23,,,1,55,,1079107,23,,,1,20,,1104449,23,,,1,25,,1090219,23,,,1,70,,1104452,23,,,1,31,,1017076,23,,,1,69,,1104454,23,,,1,30,,1104450,23,,,1,70,,1104476,23,,,1,28,,1096975,23,,,1,70,,1104434,23,,,1,30,,1104440,23,,,1,69,,1082201,23,,,1
500,'6',541,,1011195,23,,,1,71,,1104509,23,,,1,12,,1104504,23,,,1,15,,1104511,23,,,1,16,,1104493,23,,,1,55,,1104499,23,,,1,4,,1104535,23,,,1,12,,1104525,23,,,1,15,,1104539,23,,,1,16,,1104529,23,,,1,44,,1104533,23,,,1,12,,1104517,23,,,1,5,,1104532,23,,,1,10,,1104501,23,,,1,14,,1104488,23,,,1,17,,1104502,23,,,1,54,,1104508,23,,,1,10,,1104542,23,,,1,6,,1104540,23,,,1,13,,1104534,23,,,1,14,,1104516,23,,,1,55,,1040773,23,,,1,15,,1104497,23,,,1,15,,1104541,23,,,1,15,,1012890,23,,,1,55,,1104503,23,,,1,15,,1104522,23,,,1,15,,1063766,23,,,1,15,,1104496,23,,,1,55,,1104523,23,,,1,15,,1104537,23,,,1,15,,1104531,23,,,1,15,,1104490,23,,,1,55,,1104506,23,,,1,15,,1104530,23,,,1,15,,1104519,23,,,1,15,,1104486,23,,,1,55,,1104489,23,,,1,16,,1104498,23,,,1,16,,1104495,23,,,1,2,,1104514,23,,,1,12,,1104515,23,,,1,56,,1104536,23,,,1,15,,1104513,23,,,1,15,,1104521,23,,,1,15,,1104487,23,,,1,55,,1104505,23,,,1,15,,1065895,23,,,1,14,,1104543,23,,,1,14,,1104524,23,,,1,55,,1104544,23,,,1,16,,1104500,23,,,1,14,,1104520,23,,,1,14,,1104538,23,,,1,54,,1104527,23,,,1,14,,1104526,23,,,1,15,,1083327,23,,,1,15,,1104518,23,,,1,55,,1104510,23,,,1,20,,907336,23,,,1,25,,1104494,23,,,1,70,,1104528,23,,,1,31,,1104507,23,,,1,69,,1104545,23,,,1,30,,1003606,23,,,1,70,,1104512,23,,,1,28,,1104491,23,,,1,70,,1021609,23,,,1,30,,1104492,23,,,1,69,,1104485,23,,,1
500,'7',714,,1104549,23,,,1,30,,1104562,23,,,1,70,,1104566,23,,,1,30,,1104554,23,,,1,70,,1104567,23,,,1,30,,1104572,23,,,1,70,,1104568,23,,,1,32,,1104560,23,,,1,70,,1104577,23,,,1,30,,1104563,23,,,1,70,,1104555,23,,,1,31,,1104556,23,,,1,70,,1104571,23,,,1,30,,1104579,23,,,1,70,,1104552,23,,,1,30,,1104574,23,,,1,70,,1104569,23,,,1,30,,1104576,23,,,1,70,,1104575,23,,,1,30,,1104551,23,,,1,70,,1104573,23,,,1,30,,1104564,23,,,1,70,,1104550,23,,,1,29,,1104561,23,,,1,70,,1104559,23,,,1,30,,1104547,23,,,1,70,,1104553,23,,,1,30,,1104546,23,,,1,70,,1104557,23,,,1,30,,1104570,23,,,1,70,,1104558,23,,,1,28,,1104578,23,,,1,70,,1104565,23,,,1
500,'8',541,,1104582,23,,,1,71,,1104608,23,,,1,12,,1104602,23,,,1,15,,1104610,23,,,1,16,,1104591,23,,,1,55,,1104597,23,,,1,4,,1104635,23,,,1,12,,1104625,23,,,1,15,,1104639,23,,,1,16,,1104629,23,,,1,44,,1104633,23,,,1,12,,1104616,23,,,1,5,,1104632,23,,,1,10,,1104599,23,,,1,14,,1104586,23,,,1,17,,1104600,23,,,1,54,,1104607,23,,,1,10,,1104644,23,,,1,6,,1104640,23,,,1,13,,1104634,23,,,1,14,,1104615,23,,,1,55,,1104585,23,,,1,15,,1104595,23,,,1,15,,1104641,23,,,1,15,,1104583,23,,,1,55,,1104601,23,,,1,15,,1104621,23,,,1,15,,1104646,23,,,1,15,,1104594,23,,,1,55,,1104622,23,,,1,15,,1104637,23,,,1,15,,1104631,23,,,1,15,,1104588,23,,,1,55,,1104605,23,,,1,15,,1104630,23,,,1,15,,1104618,23,,,1,15,,1104581,23,,,1,55,,1104587,23,,,1,16,,1104596,23,,,1,16,,1104593,23,,,1,2,,1104613,23,,,1,12,,1104614,23,,,1,56,,1104636,23,,,1,15,,1104612,23,,,1,15,,1104620,23,,,1,15,,1104584,23,,,1,55,,1104604,23,,,1,15,,1104603,23,,,1,14,,1104645,23,,,1,14,,1104623,23,,,1,55,,1104647,23,,,1,16,,1104598,23,,,1,14,,1104619,23,,,1,14,,1104638,23,,,1,54,,1104627,23,,,1,14,,1104626,23,,,1,15,,1104624,23,,,1,15,,1104617,23,,,1,55,,1104609,23,,,1,20,,1104648,23,,,1,25,,1104592,23,,,1,70,,1104628,23,,,1,31,,1104606,23,,,1,69,,1104649,23,,,1,30,,1104642,23,,,1,70,,1104611,23,,,1,28,,1104589,23,,,1,70,,1104643,23,,,1,30,,1104590,23,,,1,69,,1104580,23,,,1
500,'9',541,,1027188,23,,,1,71,,1104677,23,,,1,12,,1104652,23,,,1,15,,1104690,23,,,1,16,,1104699,23,,,1,55,,1027789,23,,,1,4,,1104654,23,,,1,12,,1104686,23,,,1,15,,1104685,23,,,1,16,,1104680,23,,,1,44,,922911,23,,,1,12,,1104663,23,,,1,5,,1104672,23,,,1,10,,1104674,23,,,1,14,,1104656,23,,,1,17,,1104687,23,,,1,54,,1104658,23,,,1,10,,1099093,23,,,1,6,,1104698,23,,,1,13,,1095812,23,,,1,14,,1104679,23,,,1,55,,1065289,23,,,1,15,,1104694,23,,,1,15,,1104692,23,,,1,15,,1091094,23,,,1,55,,1104673,23,,,1,15,,1104670,23,,,1,15,,1104655,23,,,1,15,,1104683,23,,,1,55,,1104678,23,,,1,15,,1104662,23,,,1,15,,1104684,23,,,1,15,,1104688,23,,,1,55,,1104668,23,,,1,15,,1084870,23,,,1,15,,1104675,23,,,1,15,,1104682,23,,,1,55,,1104660,23,,,1,16,,1104700,23,,,1,16,,1104653,23,,,1,2,,1104689,23,,,1,12,,1002023,23,,,1,56,,1104650,23,,,1,15,,1104696,23,,,1,15,,1072522,23,,,1,15,,1104695,23,,,1,55,,1042053,23,,,1,15,,1104691,23,,,1,14,,1104664,23,,,1,14,,1104676,23,,,1,55,,1013774,23,,,1,16,,1104697,23,,,1,14,,1005256,23,,,1,14,,1104659,23,,,1,54,,1104665,23,,,1,14,,1104701,23,,,1,15,,1104661,23,,,1,15,,1104681,23,,,1,55,,1078974,23,,,1,20,,1104666,23,,,1,25,,1090146,23,,,1,70,,1104669,23,,,1,31,,1017394,23,,,1,69,,1104671,23,,,1,30,,1104667,23,,,1,70,,1104693,23,,,1,28,,1096940,23,,,1,70,,1104651,23,,,1,30,,1104657,23,,,1,69,,1082119,23,,,1
1800,'1',600,,1120337,20,,,1,33,,1120333,20,,,1,70,,1120316,20,,,1,32,,1120340,20,,,1,71,,1085565,20,,,1,31,,1120332,20,,,1,71,,1120330,20,,,1,30,,1120317,20,,,1,68,,1120321,20,,,1,29,,1120319,20,,,1,70,,992189,20,,,1,30,,1120339,20,,,1,70,,962776,20,,,1,30,,1120325,20,,,1,70,,1120346,20,,,1,30,,1120320,20,,,1,71,,907881,20,,,1,31,,1120342,20,,,1,74,,1120347,20,,,1,33,,1088167,20,,,1,73,,1120318,20,,,1,33,,1120334,20,,,1,69,,1120345,20,,,1,28,,1120326,20,,,1,68,,1120331,20,,,1,28,,1120324,20,,,1,66,,1120336,20,,,1,29,,1120343,20,,,1,68,,1120338,20,,,1,29,,1120328,20,,,1,68,,1120327,20,,,1,28,,1120344,20,,,1,28,,1120335,20,,,1,69,,1120323,20,,,1,100,,1120341,20,,,1,31,,1120322,20,,,1
1800,'10',600,,1120369,20,,,1,33,,1120365,20,,,1,70,,1120348,20,,,1,32,,1120372,20,,,1,71,,1085308,20,,,1,31,,1120364,20,,,1,71,,1120362,20,,,1,30,,1120349,20,,,1,68,,1120353,20,,,1,29,,1120351,20,,,1,70,,992158,20,,,1,30,,1120371,20,,,1,70,,962540,20,,,1,30,,1120357,20,,,1,70,,1120378,20,,,1,30,,1120352,20,,,1,71,,907916,20,,,1,31,,1120374,20,,,1,74,,1120379,20,,,1,33,,1087759,20,,,1,73,,1120350,20,,,1,33,,1120366,20,,,1,69,,1120377,20,,,1,28,,1120358,20,,,1,68,,1120363,20,,,1,28,,1120356,20,,,1,66,,1120368,20,,,1,29,,1120375,20,,,1,68,,1120370,20,,,1,29,,1120360,20,,,1,68,,1120359,20,,,1,28,,1120376,20,,,1,28,,1120367,20,,,1,69,,1120355,20,,,1,100,,1120373,20,,,1,31,,1120354,20,,,1
1800,'11',600,,1120401,20,,,1,33,,1120397,20,,,1,70,,1120380,20,,,1,32,,1120404,20,,,1,71,,1085645,20,,,1,31,,1120396,20,,,1,71,,1120394,20,,,1,30,,1120381,20,,,1,68,,1120385,20,,,1,29,,1120383,20,,,1,70,,992178,20,,,1,30,,1120403,20,,,1,70,,962734,20,,,1,30,,1120389,20,,,1,70,,1120410,20,,,1,30,,1120384,20,,,1,71,,907794,20,,,1,31,,1120406,20,,,1,74,,1120411,20,,,1,33,,1088279,20,,,1,73,,1120382,20,,,1,33,,1120398,20,,,1,69,,1120409,20,,,1,28,,1120390,20,,,1,68,,1120395,20,,,1,28,,1120388,20,,,1,66,,1120400,20,,,1,29,,1120407,20,,,1,68,,1120402,20,,,1,29,,1120392,20,,,1,68,,1120391,20,,,1,28,,1120408,20,,,1,28,,1120399,20,,,1,69,,1120387,20,,,1,100,,1120405,20,,,1,31,,1120386,20,,,1
1800,'12',600,,914029,20,,,1,33,,1120419,20,,,1,70,,1120412,20,,,1,32,,1120430,20,,,1,71,,1120426,20,,,1,31,,1120422,20,,,1,71,,1079813,20,,,1,30,,1120427,20,,,1,68,,1120417,20,,,1,29,,1120414,20,,,1,70,,1120436,20,,,1,30,,1120424,20,,,1,70,,1120428,20,,,1,30,,1120442,20,,,1,70,,1120444,20,,,1,30,,1120443,20,,,1,71,,1120440,20,,,1,31,,1120418,20,,,1,74,,1120425,20,,,1,33,,1120429,20,,,1,73,,1120431,20,,,1,33,,1120434,20,,,1,69,,1017565,20,,,1,28,,1120441,20,,,1,68,,1120438,20,,,1,28,,1120413,20,,,1,66,,1120420,20,,,1,29,,1120437,20,,,1,68,,1120432,20,,,1,29,,1120416,20,,,1,68,,1120433,20,,,1,28,,1120439,20,,,1,28,,1120421,20,,,1,69,,1120423,20,,,1,100,,1120435,20,,,1,31,,1120415,20,,,1
1800,'13',816,,1120459,20,,,1,100,,1120445,20,,,1,101,,1120453,20,,,1,30,,1120462,20,,,1,70,,1120466,20,,,1,30,,1120448,20,,,1,70,,1120469,20,,,1,30,,1120446,20,,,1,70,,1120455,20,,,1,30,,1120461,20,,,1,70,,1120450,20,,,1,30,,1120464,20,,,1,70,,1101104,20,,,1,30,,1120452,20,,,1,70,,1120467,20,,,1,30,,1120470,20,,,1,70,,1120471,20,,,1,30,,1120447,20,,,1,70,,1120472,20,,,1,30,,1120457,20,,,1,70,,1120468,20,,,1,30,,1120465,20,,,1,70,,1120460,20,,,1,30,,1120463,20,,,1,70,,1120451,20,,,1,30,,1120449,20,,,1,105,,1120454,20,,,1
1800,'14',600,,1120497,20,,,1,33,,1120493,20,,,1,70,,1120473,20,,,1,32,,1120501,20,,,1,71,,1120477,20,,,1,31,,1120492,20,,,1,71,,1120490,20,,,1,30,,1120474,20,,,1,68,,1120480,20,,,1,29,,1120478,20,,,1,70,,1120509,20,,,1,30,,1120500,20,,,1,70,,1120484,20,,,1,30,,1120485,20,,,1,70,,1120507,20,,,1,30,,1120479,20,,,1,71,,1120499,20,,,1,31,,1120503,20,,,1,74,,1120508,20,,,1,33,,1120510,20,,,1,73,,1120475,20,,,1,33,,1120494,20,,,1,69,,1120506,20,,,1,28,,1120486,20,,,1,68,,1120491,20,,,1,28,,1120483,20,,,1,66,,1120496,20,,,1,29,,1120504,20,,,1,68,,1120498,20,,,1,29,,1120488,20,,,1,68,,1120487,20,,,1,28,,1120505,20,,,1,28,,1120495,20,,,1,69,,1120482,20,,,1,100,,1120502,20,,,1,31,,1120481,20,,,1
1800,'15',600,,1120517,20,,,1,33,,1120518,20,,,1,70,,1120540,20,,,1,32,,1120543,20,,,1,71,,1120538,20,,,1,31,,1120530,20,,,1,71,,1120544,20,,,1,30,,1120531,20,,,1,68,,1120529,20,,,1,29,,1120516,20,,,1,70,,1120521,20,,,1,30,,1120515,20,,,1,70,,1120513,20,,,1,30,,1120548,20,,,1,70,,1120533,20,,,1,30,,1120523,20,,,1,71,,1120522,20,,,1,31,,1120537,20,,,1,74,,1120541,20,,,1,33,,1120536,20,,,1,73,,1120534,20,,,1,33,,1120512,20,,,1,69,,1120528,20,,,1,28,,1120511,20,,,1,68,,1120527,20,,,1,28,,1120514,20,,,1,66,,1120526,20,,,1,29,,1120524,20,,,1,68,,1120546,20,,,1,29,,1120547,20,,,1,68,,1120520,20,,,1,28,,1120539,20,,,1,28,,1120519,20,,,1,69,,1120532,20,,,1,100,,1120542,20,,,1,31,,1120545,20,,,1
1800,'16',600,,1120550,20,,,1,33,,1120557,20,,,1,70,,963011,20,,,1,32,,1120567,20,,,1,71,,1120563,20,,,1,31,,1120559,20,,,1,71,,1120581,20,,,1,30,,1120564,20,,,1,68,,1079175,20,,,1,29,,1078737,20,,,1,70,,1120573,20,,,1,30,,1120561,20,,,1,70,,1120565,20,,,1,30,,1120579,20,,,1,70,,1120580,20,,,1,30,,994838,20,,,1,71,,1120577,20,,,1,31,,1120554,20,,,1,74,,1120562,20,,,1,33,,1120566,20,,,1,73,,1120568,20,,,1,33,,1120571,20,,,1,69,,1120555,20,,,1,28,,1120578,20,,,1,68,,1120575,20,,,1,28,,1120551,20,,,1,66,,1049479,20,,,1,29,,1120574,20,,,1,68,,1120569,20,,,1,29,,1120553,20,,,1,68,,1120570,20,,,1,28,,1120576,20,,,1,28,,1120558,20,,,1,69,,1120560,20,,,1,100,,1120572,20,,,1,31,,1120552,20,,,1
1800,'17',816,,1120597,20,,,1,100,,1120582,20,,,1,101,,1120591,20,,,1,30,,1120600,20,,,1,70,,1120604,20,,,1,30,,1120585,20,,,1,70,,1120607,20,,,1,30,,1120583,20,,,1,70,,1120593,20,,,1,30,,1120599,20,,,1,70,,1120588,20,,,1,30,,1120602,20,,,1,70,,1120586,20,,,1,30,,1120590,20,,,1,70,,1120605,20,,,1,30,,1120608,20,,,1,70,,1120609,20,,,1,30,,1120584,20,,,1,70,,1120610,20,,,1,30,,1120595,20,,,1,70,,1120606,20,,,1,30,,1120603,20,,,1,70,,1120598,20,,,1,30,,1120601,20,,,1,70,,1120589,20,,,1,30,,1120587,20,,,1,105,,1120592,20,,,1
1800,'2',736,,1120620,20,,,1,70,,1088410,20,,,1,30,,1120618,20,,,1,70,,1120624,20,,,1,30,,1120638,20,,,1,70,,1120611,20,,,1,32,,1120616,20,,,1,70,,1039280,20,,,1,30,,1068182,20,,,1,70,,1120615,20,,,1,30,,1120626,20,,,1,70,,1120627,20,,,1,30,,1120623,20,,,1,70,,1120614,20,,,1,30,,1120633,20,,,1,70,,1120634,20,,,1,30,,1120635,20,,,1,70,,1120628,20,,,1,30,,1120619,20,,,1,70,,1120617,20,,,1,30,,1120613,20,,,1,70,,1120632,20,,,1,30,,1120630,20,,,1,70,,1120637,20,,,1,29,,1120631,20,,,1,70,,1120621,20,,,1,29,,1120622,20,,,1,70,,1120639,20,,,1,30,,1120636,20,,,1,70,,1120612,20,,,1,30,,1120625,20,,,1,108,,1072043,20,,,1
1800,'3',816,,1120655,20,,,1,100,,1120640,20,,,1,101,,1120649,20,,,1,30,,1120658,20,,,1,70,,1120662,20,,,1,30,,1120643,20,,,1,70,,1120665,20,,,1,30,,1120641,20,,,1,70,,1120651,20,,,1,30,,1120657,20,,,1,70,,1120646,20,,,1,30,,1120660,20,,,1,70,,1120644,20,,,1,30,,1120648,20,,,1,70,,1120663,20,,,1,30,,1120666,20,,,1,70,,1120667,20,,,1,30,,1120642,20,,,1,70,,1120668,20,,,1,30,,1120653,20,,,1,70,,1120664,20,,,1,30,,1120661,20,,,1,70,,1120656,20,,,1,30,,1120659,20,,,1,70,,1120647,20,,,1,30,,1120645,20,,,1,105,,1120650,20,,,1
1800,'4',816,,1120692,20,,,1,100,,1120684,20,,,1,101,,1120681,20,,,1,30,,1120688,20,,,1,70,,1120669,20,,,1,30,,1120676,20,,,1,70,,1120690,20,,,1,30,,1120691,20,,,1,70,,1120694,20,,,1,30,,1120687,20,,,1,70,,1120693,20,,,1,30,,1120670,20,,,1,70,,1120672,20,,,1,30,,1120683,20,,,1,70,,1120674,20,,,1,30,,1120685,20,,,1,70,,1120671,20,,,1,30,,1120678,20,,,1,70,,1075414,20,,,1,30,,1120695,20,,,1,70,,1120689,20,,,1,30,,1120677,20,,,1,70,,1120680,20,,,1,30,,1120686,20,,,1,70,,1120673,20,,,1,30,,1120679,20,,,1,105,,1120682,20,,,1
1800,'5',600,,1120718,20,,,1,33,,1120714,20,,,1,70,,1120697,20,,,1,32,,1120721,20,,,1,71,,1085521,20,,,1,31,,1120713,20,,,1,71,,1120711,20,,,1,30,,1120698,20,,,1,68,,1120702,20,,,1,29,,1120700,20,,,1,70,,992220,20,,,1,30,,1120720,20,,,1,70,,962902,20,,,1,30,,1120706,20,,,1,70,,1120727,20,,,1,30,,1120701,20,,,1,71,,908046,20,,,1,31,,1120723,20,,,1,74,,1120728,20,,,1,33,,1088106,20,,,1,73,,1120699,20,,,1,33,,1120715,20,,,1,69,,1120726,20,,,1,28,,1120707,20,,,1,68,,1120712,20,,,1,28,,1120705,20,,,1,66,,1120717,20,,,1,29,,1120724,20,,,1,68,,1120719,20,,,1,29,,1120709,20,,,1,68,,1120708,20,,,1,28,,1120725,20,,,1,28,,1120716,20,,,1,69,,1120704,20,,,1,100,,1120722,20,,,1,31,,1120703,20,,,1
1800,'6',600,,1120731,20,,,1,33,,1027031,20,,,1,70,,1120730,20,,,1,32,,1120746,20,,,1,71,,1120742,20,,,1,31,,1120738,20,,,1,71,,1120759,20,,,1,30,,1120743,20,,,1,68,,1120733,20,,,1,29,,1120732,20,,,1,70,,1120752,20,,,1,30,,1120740,20,,,1,70,,1120744,20,,,1,30,,1120757,20,,,1,70,,1080554,20,,,1,30,,1120758,20,,,1,71,,1120756,20,,,1,31,,1102647,20,,,1,74,,1120741,20,,,1,33,,1120745,20,,,1,73,,1120747,20,,,1,33,,1120750,20,,,1,69,,1120734,20,,,1,28,,955199,20,,,1,68,,1120754,20,,,1,28,,1033196,20,,,1,66,,1120736,20,,,1,29,,1120753,20,,,1,68,,1120748,20,,,1,29,,1004661,20,,,1,68,,1120749,20,,,1,28,,1120755,20,,,1,28,,1120737,20,,,1,69,,1120739,20,,,1,100,,1120751,20,,,1,31,,940510,20,,,1
1800,'7',736,,1120788,20,,,1,70,,1120761,20,,,1,30,,1120778,20,,,1,70,,1120767,20,,,1,30,,1120784,20,,,1,70,,1120786,20,,,1,32,,1120773,20,,,1,70,,1120792,20,,,1,30,,1120766,20,,,1,70,,1120779,20,,,1,30,,1120765,20,,,1,70,,1120785,20,,,1,30,,1120775,20,,,1,70,,1120783,20,,,1,30,,1120770,20,,,1,70,,1120789,20,,,1,30,,1120777,20,,,1,70,,1120791,20,,,1,30,,1120763,20,,,1,70,,1120774,20,,,1,30,,1120780,20,,,1,70,,1120771,20,,,1,30,,1120769,20,,,1,70,,1120782,20,,,1,29,,1120781,20,,,1,70,,1120762,20,,,1,29,,1120787,20,,,1,70,,1120760,20,,,1,30,,1120790,20,,,1,70,,1120768,20,,,1,30,,1120776,20,,,1,108,,1120772,20,,,1
1800,'8',600,,1120795,20,,,1,33,,1120804,20,,,1,70,,1120794,20,,,1,32,,1120815,20,,,1,71,,1120811,20,,,1,31,,1120807,20,,,1,71,,1120830,20,,,1,30,,1120812,20,,,1,68,,1120800,20,,,1,29,,1120797,20,,,1,70,,1120821,20,,,1,30,,1120809,20,,,1,70,,1120813,20,,,1,30,,1120827,20,,,1,70,,1120829,20,,,1,30,,1120828,20,,,1,71,,1120825,20,,,1,31,,1120801,20,,,1,74,,1120810,20,,,1,33,,1120814,20,,,1,73,,1120816,20,,,1,33,,1120819,20,,,1,69,,1120802,20,,,1,28,,1120826,20,,,1,68,,1120823,20,,,1,28,,1120796,20,,,1,66,,1120805,20,,,1,29,,1120822,20,,,1,68,,1120817,20,,,1,29,,1120799,20,,,1,68,,1120818,20,,,1,28,,1120824,20,,,1,28,,1120806,20,,,1,69,,1120808,20,,,1,100,,1120820,20,,,1,31,,1120798,20,,,1
1800,'9',600,,1120852,20,,,1,33,,1120848,20,,,1,70,,1120831,20,,,1,32,,1120855,20,,,1,71,,1085390,20,,,1,31,,1120847,20,,,1,71,,1120845,20,,,1,30,,1120832,20,,,1,68,,1120836,20,,,1,29,,1120834,20,,,1,70,,992209,20,,,1,30,,1120854,20,,,1,70,,962860,20,,,1,30,,1120840,20,,,1,70,,1120861,20,,,1,30,,1120835,20,,,1,71,,907951,20,,,1,31,,1120857,20,,,1,74,,1120862,20,,,1,33,,1087889,20,,,1,73,,1120833,20,,,1,33,,1120849,20,,,1,69,,1120860,20,,,1,28,,1120841,20,,,1,68,,1120846,20,,,1,28,,1120839,20,,,1,66,,1120851,20,,,1,29,,1120858,20,,,1,68,,1120853,20,,,1,29,,1120843,20,,,1,68,,1120842,20,,,1,28,,1120859,20,,,1,28,,1120850,20,,,1,69,,1120838,20,,,1,100,,1120856,20,,,1,31,,1120837,20,,,1
60600,'1',1451,,1073035,24,,,1
60600,'10',1451,,1072916,24,,,1
60600,'11',1451,,1073073,24,,,1
60600,'12',1451,,1198851,24,,,1
60600,'14',1451,,1198852,24,,,1
60600,'15',1451,,1198853,24,,,1
60600,'16',1451,,1198854,24,,,1
60600,'5',1451,,1073016,24,,,1
60600,'6',1451,,1076412,24,,,1
60600,'8',1451,,1198855,24,,,1
60600,'9',1451,,1072955,24,,,1
