1101,'1',506,,1114478,27,0,56 57,1,28,,1114464,27,0,56 57,1,74,,1090499,27,0,56 57,1,28,,1114434,27,0,56 57,1,17,,1114458,27,0,56 57,1,59,,1037703,27,0,56 57,1,16,,1114444,27,0,56 57,1,19,,1114449,27,0,56 57,1,57,,1114433,27,,,1,21,,1074518,27,0,56 57,1,20,,1114439,27,,,1,56,,1114459,27,0,56 57,1,21,,1114448,27,,,1,13,,1114461,27,0,56 57,1,15,,1114475,27,,,1,52,,1114428,27,0,56 57,1,15,,1079127,27,,,1,8,,1114460,27,,,1,13,,1114432,27,0,56 57,1,14,,1102945,27,0,56 57,1,57,,1114469,27,,,1,14,,1114470,27,0,56 57,1,17,,1114465,27,,,1,15,,1114454,27,0,56 57,1,56,,1114447,27,,,1,18,,1114477,27,0,56 57,1,15,,1114430,27,,,1,58,,1114438,27,0,56 57,1,13,,1114435,27,,,1,14,,1114474,27,0,56 57,1,14,,1114441,27,,,1,15,,1095223,27,0,56 57,1,55,,1073857,27,,,1,16,,1114457,27,0,56 57,1,14,,1027522,27,,,1,57,,1114468,27,0,56 57,1,15,,1114453,27,,,1,18,,1114451,27,0,56 57,1,14,,1114429,27,,,1,56,,1114455,27,0,56 57,1,37,,1114437,27,0,56 57,1,10,,867169,27,,,1,60,,1114436,27,0,56 57,1,11,,1114471,27,,,1,13,,1079572,27,0,56 57,1,16,,1114452,27,,,1,51,,1114463,27,0,56 57,1,15,,1114466,27,,,1,12,,1114462,27,0,56 57,1,15,,1114456,27,0,56 57,1,11,,1114467,27,,,1,56,,1114442,27,,,1,22,,956790,27,,,1,68,,1114440,27,,,1,24,,1114443,27,,,1,25,,1114473,27,0,56 57,1,69,,1114472,27,0,56 57,1,26,,1114431,27,0,56 57,1,66,,1114450,27,0,56 57,1,30,,1114476,27,0,56 57,1,70,,1073225,27,0,56 57,1,28,,1114446,27,0,56 57,1,69,,1114445,27,0,56 57,1,30,,1114427,27,0,56 57,1,71,,1081966,27,0,56 57,1
1101,'10',506,,1114530,27,0,56 57,1,28,,1114516,27,0,56 57,1,74,,1090342,27,0,56 57,1,28,,1114486,27,0,56 57,1,17,,1114510,27,0,56 57,1,59,,1037868,27,0,56 57,1,16,,1114496,27,0,56 57,1,19,,1114501,27,0,56 57,1,57,,1114485,27,,,1,21,,1074371,27,0,56 57,1,20,,1114491,27,,,1,56,,1114511,27,0,56 57,1,21,,1114500,27,,,1,13,,1114513,27,0,56 57,1,15,,1114527,27,,,1,52,,1114480,27,0,56 57,1,15,,1078873,27,,,1,8,,1114512,27,,,1,13,,1114484,27,0,56 57,1,14,,1102939,27,0,56 57,1,57,,1114521,27,,,1,14,,1114522,27,0,56 57,1,17,,1114517,27,,,1,15,,1114506,27,0,56 57,1,56,,1114499,27,,,1,18,,1114529,27,0,56 57,1,15,,1114482,27,,,1,58,,1114490,27,0,56 57,1,13,,1114487,27,,,1,14,,1114526,27,0,56 57,1,14,,1114493,27,,,1,15,,1094977,27,0,56 57,1,55,,1073716,27,,,1,16,,1114509,27,0,56 57,1,14,,1027604,27,,,1,57,,1114520,27,0,56 57,1,15,,1114505,27,,,1,18,,1114503,27,0,56 57,1,14,,1114481,27,,,1,56,,1114507,27,0,56 57,1,37,,1114489,27,0,56 57,1,10,,867234,27,,,1,60,,1114488,27,0,56 57,1,11,,1114523,27,,,1,13,,1079380,27,0,56 57,1,16,,1114504,27,,,1,51,,1114515,27,0,56 57,1,15,,1114518,27,,,1,12,,1114514,27,0,56 57,1,15,,1114508,27,0,56 57,1,11,,1114519,27,,,1,56,,1114494,27,,,1,22,,956527,27,,,1,68,,1114492,27,,,1,24,,1114495,27,,,1,25,,1114525,27,0,56 57,1,69,,1114524,27,0,56 57,1,26,,1114483,27,0,56 57,1,66,,1114502,27,0,56 57,1,30,,1114528,27,0,56 57,1,70,,1073097,27,0,56 57,1,28,,1114498,27,0,56 57,1,69,,1114497,27,0,56 57,1,30,,1114479,27,0,56 57,1,71,,1081806,27,0,56 57,1
1101,'11',506,,1114582,27,0,56 57,1,28,,1114568,27,0,56 57,1,74,,1090542,27,0,56 57,1,28,,1114538,27,0,56 57,1,17,,1114562,27,0,56 57,1,59,,1037654,27,0,56 57,1,16,,1114548,27,0,56 57,1,19,,1114553,27,0,56 57,1,57,,1114537,27,,,1,21,,1074561,27,0,56 57,1,20,,1114543,27,,,1,56,,1114563,27,0,56 57,1,21,,1114552,27,,,1,13,,1114565,27,0,56 57,1,15,,1114579,27,,,1,52,,1114532,27,0,56 57,1,15,,1079207,27,,,1,8,,1114564,27,,,1,13,,1114536,27,0,56 57,1,14,,1102947,27,0,56 57,1,57,,1114573,27,,,1,14,,1114574,27,0,56 57,1,17,,1114569,27,,,1,15,,1114558,27,0,56 57,1,56,,1114551,27,,,1,18,,1114581,27,0,56 57,1,15,,1114534,27,,,1,58,,1114542,27,0,56 57,1,13,,1114539,27,,,1,14,,1114578,27,0,56 57,1,14,,1114545,27,,,1,15,,1095297,27,0,56 57,1,55,,1073906,27,,,1,16,,1114561,27,0,56 57,1,14,,1027498,27,,,1,57,,1114572,27,0,56 57,1,15,,1114557,27,,,1,18,,1114555,27,0,56 57,1,14,,1114533,27,,,1,56,,1114559,27,0,56 57,1,37,,1114541,27,0,56 57,1,10,,867038,27,,,1,60,,1114540,27,0,56 57,1,11,,1114575,27,,,1,13,,1079631,27,0,56 57,1,16,,1114556,27,,,1,51,,1114567,27,0,56 57,1,15,,1114570,27,,,1,12,,1114566,27,0,56 57,1,15,,1114560,27,0,56 57,1,11,,1114571,27,,,1,56,,1114546,27,,,1,22,,956741,27,,,1,68,,1114544,27,,,1,24,,1114547,27,,,1,25,,1114577,27,0,56 57,1,69,,1114576,27,0,56 57,1,26,,1114535,27,0,56 57,1,66,,1114554,27,0,56 57,1,30,,1114580,27,0,56 57,1,70,,1073261,27,0,56 57,1,28,,1114550,27,0,56 57,1,69,,1114549,27,0,56 57,1,30,,1114531,27,0,56 57,1,71,,1082011,27,0,56 57,1
1101,'12',506,,1114635,27,0,56 57,1,28,,1114599,27,0,56 57,1,74,,1114616,27,0,56 57,1,28,,1114623,27,0,56 57,1,17,,1114620,27,0,56 57,1,59,,1114600,27,0,56 57,1,16,,938904,27,0,56 57,1,19,,1114603,27,0,56 57,1,57,,1114613,27,,,1,21,,1114585,27,0,56 57,1,20,,915086,27,,,1,56,,1114612,27,0,56 57,1,21,,1114633,27,,,1,13,,1114588,27,0,56 57,1,15,,1114617,27,,,1,52,,1114596,27,0,56 57,1,15,,1114601,27,,,1,8,,1114619,27,,,1,13,,1114592,27,0,56 57,1,14,,1114608,27,0,56 57,1,57,,1114597,27,,,1,14,,1018120,27,0,56 57,1,17,,1114587,27,,,1,15,,1114593,27,0,56 57,1,56,,1114624,27,,,1,18,,1114605,27,0,56 57,1,15,,1114606,27,,,1,58,,1114625,27,0,56 57,1,13,,1114590,27,,,1,14,,1114638,27,0,56 57,1,14,,1114589,27,,,1,15,,1114584,27,0,56 57,1,55,,1114604,27,,,1,16,,1114598,27,0,56 57,1,14,,1114609,27,,,1,57,,1114607,27,0,56 57,1,15,,1074025,27,,,1,18,,1114618,27,0,56 57,1,14,,1114611,27,,,1,56,,1114627,27,0,56 57,1,37,,1114631,27,0,56 57,1,10,,1114595,27,,,1,60,,1114641,27,0,56 57,1,11,,1114614,27,,,1,13,,1114636,27,0,56 57,1,16,,1052710,27,,,1,51,,1114628,27,0,56 57,1,15,,1114583,27,,,1,12,,1114634,27,0,56 57,1,15,,1114621,27,0,56 57,1,11,,1114602,27,,,1,56,,1114610,27,,,1,22,,1114591,27,,,1,68,,1114637,27,,,1,24,,1114629,27,,,1,25,,1114622,27,0,56 57,1,69,,1114630,27,0,56 57,1,26,,1114632,27,0,56 57,1,66,,1114615,27,0,56 57,1,30,,1114626,27,0,56 57,1,70,,1114586,27,0,56 57,1,28,,1087502,27,0,56 57,1,69,,1114594,27,0,56 57,1,30,,1114639,27,0,56 57,1,71,,1114640,27,0,56 57,1
1101,'13',714,,1114670,27,0,56 57,1,30,,1003737,27,0,56 57,1,70,,1114650,27,0,56 57,1,32,,1114652,27,,,1,70,,1114659,27,,,1,31,,1055334,27,,,1,70,,1114663,27,,,1,32,,1114644,27,,,1,71,,1114651,27,,,1,30,,1114643,27,,,1,70,,1114667,27,,,1,30,,1114661,27,,,1,70,,1069261,27,,,1,30,,1114664,27,,,1,70,,1114653,27,,,1,30,,1114662,27,,,1,70,,1114671,27,,,1,30,,1114656,27,,,1,70,,1114672,27,,,1,29,,1114673,27,,,1,70,,1114657,27,,,1,30,,1114649,27,,,1,70,,1114669,27,0,56 57,1,30,,1114647,27,0,56 57,1,70,,1114674,27,0,56 57,1,29,,1114665,27,0,56 57,1,67,,1114655,27,0,56 57,1,31,,1114642,27,0,56 57,1,70,,1114668,27,0,56 57,1,30,,1114645,27,0,56 57,1,70,,1114646,27,0,56 57,1,30,,1114658,27,0,56 57,1,70,,1114654,27,0,56 57,1,30,,1114660,27,0,56 57,1,70,,1114666,27,0,56 57,1,30,,1114648,27,0,56 57,1
1101,'14',506,,1114737,27,0,56 57,1,28,,1114719,27,0,56 57,1,74,,1114739,27,0,56 57,1,28,,1114687,27,0,56 57,1,17,,1114713,27,0,56 57,1,59,,1114690,27,0,56 57,1,16,,1114699,27,0,56 57,1,19,,1114704,27,0,56 57,1,57,,1114686,27,,,1,21,,1114679,27,0,56 57,1,20,,1114694,27,,,1,56,,1114714,27,0,56 57,1,21,,1114703,27,,,1,13,,1114716,27,0,56 57,1,15,,1114730,27,,,1,52,,1114676,27,0,56 57,1,15,,1114683,27,,,1,8,,1114715,27,,,1,13,,1114685,27,0,56 57,1,14,,1114692,27,0,56 57,1,57,,1114724,27,,,1,14,,1114725,27,0,56 57,1,17,,1114720,27,,,1,15,,1114709,27,0,56 57,1,56,,1114702,27,,,1,18,,1114735,27,0,56 57,1,15,,1114681,27,,,1,58,,1114693,27,0,56 57,1,13,,1114688,27,,,1,14,,1114729,27,0,56 57,1,14,,1114696,27,,,1,15,,1114733,27,0,56 57,1,55,,1114732,27,,,1,16,,1114712,27,0,56 57,1,14,,1114736,27,,,1,57,,1114723,27,0,56 57,1,15,,1114708,27,,,1,18,,1114706,27,0,56 57,1,14,,1114677,27,,,1,56,,1114710,27,0,56 57,1,37,,1114691,27,0,56 57,1,10,,1114678,27,,,1,60,,1114689,27,0,56 57,1,11,,1114726,27,,,1,13,,1114731,27,0,56 57,1,16,,1114707,27,,,1,51,,1114718,27,0,56 57,1,15,,1114721,27,,,1,12,,1114717,27,0,56 57,1,15,,1114711,27,0,56 57,1,11,,1114722,27,,,1,56,,1114697,27,,,1,22,,1114682,27,,,1,68,,1114695,27,,,1,24,,1114698,27,,,1,25,,1114728,27,0,56 57,1,69,,1114727,27,0,56 57,1,26,,1114684,27,0,56 57,1,66,,1114705,27,0,56 57,1,30,,1114734,27,0,56 57,1,70,,1114680,27,0,56 57,1,28,,1114701,27,0,56 57,1,69,,1114700,27,0,56 57,1,30,,1114675,27,0,56 57,1,71,,1114738,27,0,56 57,1
1101,'15',506,,1114796,27,0,56 57,1,28,,1114743,27,0,56 57,1,74,,1114790,27,0,56 57,1,28,,1114792,27,0,56 57,1,17,,1114789,27,0,56 57,1,59,,1114763,27,0,56 57,1,16,,1114793,27,0,56 57,1,19,,1114767,27,0,56 57,1,57,,1114769,27,,,1,21,,1114778,27,0,56 57,1,20,,1114756,27,,,1,56,,1114780,27,0,56 57,1,21,,1114750,27,,,1,13,,1114758,27,0,56 57,1,15,,1114741,27,,,1,52,,1114786,27,0,56 57,1,15,,1114751,27,,,1,8,,1114784,27,,,1,13,,1114766,27,0,56 57,1,14,,1114779,27,0,56 57,1,57,,1114745,27,,,1,14,,1114770,27,0,56 57,1,17,,1114798,27,,,1,15,,1114783,27,0,56 57,1,56,,1114801,27,,,1,18,,1114740,27,0,56 57,1,15,,1114800,27,,,1,58,,1114744,27,0,56 57,1,13,,1114754,27,,,1,14,,1114785,27,0,56 57,1,14,,1114762,27,,,1,15,,1114777,27,0,56 57,1,55,,1114753,27,,,1,16,,1114794,27,0,56 57,1,14,,1114803,27,,,1,57,,1114755,27,0,56 57,1,15,,1114765,27,,,1,18,,1114782,27,0,56 57,1,14,,1114746,27,,,1,56,,1114781,27,0,56 57,1,37,,1114775,27,0,56 57,1,10,,1114791,27,,,1,60,,1114774,27,0,56 57,1,11,,1114771,27,,,1,13,,1114776,27,0,56 57,1,16,,1114752,27,,,1,51,,1114747,27,0,56 57,1,15,,1114772,27,,,1,12,,1114757,27,0,56 57,1,15,,1114797,27,0,56 57,1,11,,1114764,27,,,1,56,,1114748,27,,,1,22,,1114799,27,,,1,68,,1114804,27,,,1,24,,1114749,27,,,1,25,,1114759,27,0,56 57,1,69,,1114795,27,0,56 57,1,26,,1114787,27,0,56 57,1,66,,1114788,27,0,56 57,1,30,,1114760,27,0,56 57,1,70,,1114761,27,0,56 57,1,28,,1114742,27,0,56 57,1,69,,1114768,27,0,56 57,1,30,,1114773,27,0,56 57,1,71,,1114802,27,0,56 57,1
1101,'16',506,,1114856,27,0,56 57,1,28,,1114820,27,0,56 57,1,74,,1114837,27,0,56 57,1,28,,1114844,27,0,56 57,1,17,,1114841,27,0,56 57,1,59,,1114821,27,0,56 57,1,16,,1114813,27,0,56 57,1,19,,1114825,27,0,56 57,1,57,,1006572,27,,,1,21,,1114809,27,0,56 57,1,20,,1114863,27,,,1,56,,1114834,27,0,56 57,1,21,,1114854,27,,,1,13,,1114811,27,0,56 57,1,15,,1114838,27,,,1,52,,1114817,27,0,56 57,1,15,,1114823,27,,,1,8,,1114840,27,,,1,13,,1114814,27,0,56 57,1,14,,1114830,27,0,56 57,1,57,,1114818,27,,,1,14,,1114822,27,0,56 57,1,17,,1114810,27,,,1,15,,1114815,27,0,56 57,1,56,,1114845,27,,,1,18,,1114827,27,0,56 57,1,15,,1114828,27,,,1,58,,1114846,27,0,56 57,1,13,,1097882,27,,,1,14,,1114859,27,0,56 57,1,14,,1092919,27,,,1,15,,1114808,27,0,56 57,1,55,,1114826,27,,,1,16,,1114819,27,0,56 57,1,14,,1114831,27,,,1,57,,1114829,27,0,56 57,1,15,,1114807,27,,,1,18,,1114839,27,0,56 57,1,14,,1114833,27,,,1,56,,1114848,27,0,56 57,1,37,,1114852,27,0,56 57,1,10,,1114816,27,,,1,60,,1071316,27,0,56 57,1,11,,1114835,27,,,1,13,,1114857,27,0,56 57,1,16,,1114806,27,,,1,51,,1114849,27,0,56 57,1,15,,1114805,27,,,1,12,,1114855,27,0,56 57,1,15,,1114842,27,0,56 57,1,11,,1114824,27,,,1,56,,1114832,27,,,1,22,,1114812,27,,,1,68,,1114858,27,,,1,24,,1114850,27,,,1,25,,1114843,27,0,56 57,1,69,,1114851,27,0,56 57,1,26,,1114853,27,0,56 57,1,66,,1114836,27,0,56 57,1,30,,1114847,27,0,56 57,1,70,,1094174,27,0,56 57,1,28,,1114862,27,0,56 57,1,69,,1075060,27,0,56 57,1,30,,1114860,27,0,56 57,1,71,,1114861,27,0,56 57,1
1101,'17',714,,1114893,27,0,56 57,1,30,,1114899,27,0,56 57,1,70,,1114873,27,0,56 57,1,32,,1114875,27,,,1,70,,1114882,27,,,1,31,,1114898,27,,,1,70,,1114886,27,,,1,32,,1114866,27,,,1,71,,1114874,27,,,1,30,,1114865,27,,,1,70,,1114890,27,,,1,30,,1114884,27,,,1,70,,1114871,27,,,1,30,,1114887,27,,,1,70,,1114876,27,,,1,30,,1114885,27,,,1,70,,1114894,27,,,1,30,,1114879,27,,,1,70,,1114895,27,,,1,29,,1114896,27,,,1,70,,1114880,27,,,1,30,,1114872,27,,,1,70,,1114892,27,0,56 57,1,30,,1114869,27,0,56 57,1,70,,1114897,27,0,56 57,1,29,,1114888,27,0,56 57,1,67,,1114878,27,0,56 57,1,31,,1114864,27,0,56 57,1,70,,1114891,27,0,56 57,1,30,,1114867,27,0,56 57,1,70,,1114868,27,0,56 57,1,30,,1114881,27,0,56 57,1,70,,1114877,27,0,56 57,1,30,,1114883,27,0,56 57,1,70,,1114889,27,0,56 57,1,30,,1114870,27,0,56 57,1
1101,'2',545,,1114927,27,0,56 57,1,70,,1114916,27,0,56 57,1,30,,1114906,27,0,56 57,1,70,,1024798,27,0,56 57,1,30,,1114910,27,0,56 57,1,70,,1114902,27,,,1,32,,1114908,27,,,1,70,,1114923,27,,,1,31,,1114920,27,,,1,70,,1114917,27,,,1,32,,1114912,27,,,1,72,,1114918,27,,,1,31,,1114911,27,,,1,70,,1114931,27,,,1,30,,1114913,27,,,1,70,,1114907,27,,,1,30,,1114929,27,,,1,70,,1114903,27,,,1,30,,997854,27,,,1,70,,1114905,27,,,1,30,,1114901,27,,,1,70,,1098457,27,,,1,29,,1114904,27,,,1,70,,1114926,27,,,1,30,,1114928,27,,,1,70,,1114922,27,,,1,30,,1114924,27,,,1,70,,1114914,27,,,1,29,,1114930,27,,,1,75,,1068981,27,0,56 57,1,28,,1114900,27,0,56 57,1,72,,1114915,27,0,56 57,1,31,,1114932,27,0,56 57,1,71,,1046150,27,0,56 57,1,31,,1081513,27,0,56 57,1,71,,1114925,27,0,56 57,1,71,,1114909,27,0,56 57,1,31,,1114921,27,0,56 57,1,71,,1114919,27,0,56 57,1,30,,935590,27,0,56 57,1
1101,'3',714,,1114962,27,0,56 57,1,30,,1114968,27,0,56 57,1,70,,1114942,27,0,56 57,1,32,,1114944,27,,,1,70,,1114951,27,,,1,31,,1114967,27,,,1,70,,1114955,27,,,1,32,,1114935,27,,,1,71,,1114943,27,,,1,30,,1114934,27,,,1,70,,1114959,27,,,1,30,,1114953,27,,,1,70,,1114940,27,,,1,30,,1114956,27,,,1,70,,1114945,27,,,1,30,,1114954,27,,,1,70,,1114963,27,,,1,30,,1114948,27,,,1,70,,1114964,27,,,1,29,,1114965,27,,,1,70,,1114949,27,,,1,30,,1114941,27,,,1,70,,1114961,27,0,56 57,1,30,,1114938,27,0,56 57,1,70,,1114966,27,0,56 57,1,29,,1114957,27,0,56 57,1,67,,1114947,27,0,56 57,1,31,,1114933,27,0,56 57,1,70,,1114960,27,0,56 57,1,30,,1114936,27,0,56 57,1,70,,1114937,27,0,56 57,1,30,,1114950,27,0,56 57,1,70,,1114946,27,0,56 57,1,30,,1114952,27,0,56 57,1,70,,1114958,27,0,56 57,1,30,,1114939,27,0,56 57,1
1101,'4',714,,1115002,27,0,56 57,1,30,,1114985,27,0,56 57,1,70,,1114971,27,0,56 57,1,32,,1114993,27,,,1,70,,1114989,27,,,1,31,,1114995,27,,,1,70,,1114975,27,,,1,32,,1114969,27,,,1,71,,1114972,27,,,1,30,,1114997,27,,,1,70,,1114992,27,,,1,30,,1114999,27,,,1,70,,1114978,27,,,1,30,,1114987,27,,,1,70,,1115003,27,,,1,30,,1114996,27,,,1,70,,1114974,27,,,1,30,,1114984,27,,,1,70,,1114998,27,,,1,29,,1115004,27,,,1,70,,1114976,27,,,1,30,,1114988,27,,,1,70,,1114983,27,0,56 57,1,30,,1114986,27,0,56 57,1,70,,1114979,27,0,56 57,1,29,,1115001,27,0,56 57,1,67,,1114982,27,0,56 57,1,31,,1114977,27,0,56 57,1,70,,1114970,27,0,56 57,1,30,,1114973,27,0,56 57,1,70,,1114991,27,0,56 57,1,30,,1114990,27,0,56 57,1,70,,1114994,27,0,56 57,1,30,,1115000,27,0,56 57,1,70,,1114980,27,0,56 57,1,30,,1114981,27,0,56 57,1
1101,'5',506,,1115056,27,0,56 57,1,28,,1115042,27,0,56 57,1,74,,1090475,27,0,56 57,1,28,,1115012,27,0,56 57,1,17,,1115036,27,0,56 57,1,59,,1037452,27,0,56 57,1,16,,1115022,27,0,56 57,1,19,,1115027,27,0,56 57,1,57,,1115011,27,,,1,21,,1074496,27,0,56 57,1,20,,1115017,27,,,1,56,,1115037,27,0,56 57,1,21,,1115026,27,,,1,13,,1115039,27,0,56 57,1,15,,1115053,27,,,1,52,,1115006,27,0,56 57,1,15,,1079082,27,,,1,8,,1115038,27,,,1,13,,1115010,27,0,56 57,1,14,,1102943,27,0,56 57,1,57,,1115047,27,,,1,14,,1115048,27,0,56 57,1,17,,1115043,27,,,1,15,,1115032,27,0,56 57,1,56,,1115025,27,,,1,18,,1115055,27,0,56 57,1,15,,1115008,27,,,1,58,,1115016,27,0,56 57,1,13,,1115013,27,,,1,14,,1115052,27,0,56 57,1,14,,1115019,27,,,1,15,,1095175,27,0,56 57,1,55,,1073833,27,,,1,16,,1115035,27,0,56 57,1,14,,1027379,27,,,1,57,,1115046,27,0,56 57,1,15,,1115031,27,,,1,18,,1115029,27,0,56 57,1,14,,1115007,27,,,1,56,,1115033,27,0,56 57,1,37,,1115015,27,0,56 57,1,10,,867430,27,,,1,60,,1115014,27,0,56 57,1,11,,1115049,27,,,1,13,,1079538,27,0,56 57,1,16,,1115030,27,,,1,51,,1115041,27,0,56 57,1,15,,1115044,27,,,1,12,,1115040,27,0,56 57,1,15,,1115034,27,0,56 57,1,11,,1115045,27,,,1,56,,1115020,27,,,1,22,,956943,27,,,1,68,,1115018,27,,,1,24,,1115021,27,,,1,25,,1115051,27,0,56 57,1,69,,1115050,27,0,56 57,1,26,,1115009,27,0,56 57,1,66,,1115028,27,0,56 57,1,30,,1115054,27,0,56 57,1,70,,1073205,27,0,56 57,1,28,,1115024,27,0,56 57,1,69,,1115023,27,0,56 57,1,30,,1115005,27,0,56 57,1,71,,1081936,27,0,56 57,1
1101,'6',506,,1115104,27,0,56 57,1,28,,1115070,27,0,56 57,1,74,,1115087,27,0,56 57,1,28,,1115093,27,0,56 57,1,17,,1115091,27,0,56 57,1,59,,1115071,27,0,56 57,1,16,,1115064,27,0,56 57,1,19,,1115074,27,0,56 57,1,57,,1115084,27,,,1,21,,1043208,27,0,56 57,1,20,,1115112,27,,,1,56,,1115083,27,0,56 57,1,21,,1115102,27,,,1,13,,1080541,27,0,56 57,1,15,,1115088,27,,,1,52,,1115067,27,0,56 57,1,15,,1115073,27,,,1,8,,1115090,27,,,1,13,,1102220,27,0,56 57,1,14,,1115079,27,0,56 57,1,57,,1115068,27,,,1,14,,1115072,27,0,56 57,1,17,,1115061,27,,,1,15,,1077119,27,0,56 57,1,56,,1115094,27,,,1,18,,1115076,27,0,56 57,1,15,,1115077,27,,,1,58,,1115095,27,0,56 57,1,13,,1115063,27,,,1,14,,1115107,27,0,56 57,1,14,,1115062,27,,,1,15,,1115059,27,0,56 57,1,55,,1115075,27,,,1,16,,1115069,27,0,56 57,1,14,,1115080,27,,,1,57,,1115078,27,0,56 57,1,15,,1115058,27,,,1,18,,1115089,27,0,56 57,1,14,,1115082,27,,,1,56,,1115097,27,0,56 57,1,37,,1115101,27,0,56 57,1,10,,1115066,27,,,1,60,,1115110,27,0,56 57,1,11,,1115085,27,,,1,13,,1115105,27,0,56 57,1,16,,1115057,27,,,1,51,,1115098,27,0,56 57,1,15,,1073680,27,,,1,12,,1115103,27,0,56 57,1,15,,1028235,27,0,56 57,1,11,,1052230,27,,,1,56,,1115081,27,,,1,22,,1022774,27,,,1,68,,1115106,27,,,1,24,,1115099,27,,,1,25,,1115092,27,0,56 57,1,69,,1115100,27,0,56 57,1,26,,1001096,27,0,56 57,1,66,,1115086,27,0,56 57,1,30,,1115096,27,0,56 57,1,70,,1115060,27,0,56 57,1,28,,1115111,27,0,56 57,1,69,,1115065,27,0,56 57,1,30,,1115108,27,0,56 57,1,71,,1115109,27,0,56 57,1
1101,'7',545,,1115139,27,0,56 57,1,70,,1115113,27,0,56 57,1,30,,1115152,27,0,56 57,1,70,,1115148,27,0,56 57,1,30,,1115142,27,0,56 57,1,70,,1115130,27,,,1,32,,1115140,27,,,1,70,,1115129,27,,,1,31,,1115141,27,,,1,70,,1115121,27,,,1,32,,1115146,27,,,1,72,,1115143,27,,,1,31,,1115132,27,,,1,70,,1115117,27,,,1,30,,1115149,27,,,1,70,,1115124,27,,,1,30,,1115123,27,,,1,70,,1115122,27,,,1,30,,1115138,27,,,1,70,,1115128,27,,,1,30,,1115119,27,,,1,70,,1115125,27,,,1,29,,1115114,27,,,1,70,,1115134,27,,,1,30,,1115137,27,,,1,70,,1115127,27,,,1,30,,1115120,27,,,1,70,,1115115,27,,,1,29,,1115126,27,,,1,75,,1115147,27,0,56 57,1,28,,1115133,27,0,56 57,1,72,,1115131,27,0,56 57,1,31,,1115116,27,0,56 57,1,71,,1115145,27,0,56 57,1,31,,1115151,27,0,56 57,1,71,,1115150,27,0,56 57,1,71,,1115144,27,0,56 57,1,31,,1115135,27,0,56 57,1,71,,1115118,27,0,56 57,1,30,,1115136,27,0,56 57,1
1101,'8',506,,1115209,27,0,56 57,1,28,,1115172,27,0,56 57,1,74,,1115190,27,0,56 57,1,28,,1115197,27,0,56 57,1,17,,1115194,27,0,56 57,1,59,,1115173,27,0,56 57,1,16,,1115164,27,0,56 57,1,19,,1115177,27,0,56 57,1,57,,1115187,27,,,1,21,,1115157,27,0,56 57,1,20,,1115217,27,,,1,56,,1115186,27,0,56 57,1,21,,1115207,27,,,1,13,,1115160,27,0,56 57,1,15,,1115191,27,,,1,52,,1115169,27,0,56 57,1,15,,1115175,27,,,1,8,,1115193,27,,,1,13,,1115165,27,0,56 57,1,14,,1115182,27,0,56 57,1,57,,1115170,27,,,1,14,,1115174,27,0,56 57,1,17,,1115159,27,,,1,15,,1115166,27,0,56 57,1,56,,1115198,27,,,1,18,,1115179,27,0,56 57,1,15,,1115180,27,,,1,58,,1115199,27,0,56 57,1,13,,1115162,27,,,1,14,,1115212,27,0,56 57,1,14,,1115161,27,,,1,15,,1115156,27,0,56 57,1,55,,1115178,27,,,1,16,,1115171,27,0,56 57,1,14,,1115183,27,,,1,57,,1115181,27,0,56 57,1,15,,1115155,27,,,1,18,,1115192,27,0,56 57,1,14,,1115185,27,,,1,56,,1115201,27,0,56 57,1,37,,1115205,27,0,56 57,1,10,,1115168,27,,,1,60,,1115215,27,0,56 57,1,11,,1115188,27,,,1,13,,1115210,27,0,56 57,1,16,,1115154,27,,,1,51,,1115202,27,0,56 57,1,15,,1115153,27,,,1,12,,1115208,27,0,56 57,1,15,,1115195,27,0,56 57,1,11,,1115176,27,,,1,56,,1115184,27,,,1,22,,1115163,27,,,1,68,,1115211,27,,,1,24,,1115203,27,,,1,25,,1115196,27,0,56 57,1,69,,1115204,27,0,56 57,1,26,,1115206,27,0,56 57,1,66,,1115189,27,0,56 57,1,30,,1115200,27,0,56 57,1,70,,1115158,27,0,56 57,1,28,,1115216,27,0,56 57,1,69,,1115167,27,0,56 57,1,30,,1115213,27,0,56 57,1,71,,1115214,27,0,56 57,1
1101,'9',506,,1115269,27,0,56 57,1,28,,1115255,27,0,56 57,1,74,,1090393,27,0,56 57,1,28,,1115225,27,0,56 57,1,17,,1115249,27,0,56 57,1,59,,1037752,27,0,56 57,1,16,,1115235,27,0,56 57,1,19,,1115240,27,0,56 57,1,57,,1115224,27,,,1,21,,1074415,27,0,56 57,1,20,,1115230,27,,,1,56,,1115250,27,0,56 57,1,21,,1115239,27,,,1,13,,1115252,27,0,56 57,1,15,,1115266,27,,,1,52,,1115219,27,0,56 57,1,15,,1078949,27,,,1,8,,1115251,27,,,1,13,,1115223,27,0,56 57,1,14,,1102941,27,0,56 57,1,57,,1115260,27,,,1,14,,1115261,27,0,56 57,1,17,,1115256,27,,,1,15,,1115245,27,0,56 57,1,56,,1115238,27,,,1,18,,1115268,27,0,56 57,1,15,,1115221,27,,,1,58,,1115229,27,0,56 57,1,13,,1115226,27,,,1,14,,1115265,27,0,56 57,1,14,,1115232,27,,,1,15,,1095051,27,0,56 57,1,55,,1073760,27,,,1,16,,1115248,27,0,56 57,1,14,,1027546,27,,,1,57,,1115259,27,0,56 57,1,15,,1115244,27,,,1,18,,1115242,27,0,56 57,1,14,,1115220,27,,,1,56,,1115246,27,0,56 57,1,37,,1115228,27,0,56 57,1,10,,867299,27,,,1,60,,1115227,27,0,56 57,1,11,,1115262,27,,,1,13,,1079439,27,0,56 57,1,16,,1115243,27,,,1,51,,1115254,27,0,56 57,1,15,,1115257,27,,,1,12,,1115253,27,0,56 57,1,15,,1115247,27,0,56 57,1,11,,1115258,27,,,1,56,,1115233,27,,,1,22,,956894,27,,,1,68,,1115231,27,,,1,24,,1115234,27,,,1,25,,1115264,27,0,56 57,1,69,,1115263,27,0,56 57,1,26,,1115222,27,0,56 57,1,66,,1115241,27,0,56 57,1,30,,1115267,27,0,56 57,1,70,,1073136,27,0,56 57,1,28,,1115237,27,0,56 57,1,69,,1115236,27,0,56 57,1,30,,1115218,27,0,56 57,1,71,,1081855,27,0,56 57,1
5101,'1',652,,1147021,3,,,1,70,,1147025,3,,,1,30,,1147023,3,,,1,68,,1147012,3,,,1,15,,1147002,3,,,1,15,,1147004,3,,,1,72,,1147022,3,,,1,30,,1147017,3,,,1,70,,1147015,3,,,1,30,,1147029,3,,,1,70,,1147024,3,,,1,30,,1147003,3,,,1,70,,1147018,3,,,1,30,,1147007,3,,,1,70,,1147009,3,,,1,30,,1147001,3,,,1,69,,1147008,3,,,1,28,,1147006,3,,,1,68,,1077965,3,,,1,32,,1147026,3,,,1,71,,1147030,3,,,1,31,,1147020,3,,,1,72,,1099328,3,,,1,29,,1147005,3,,,1,70,,1147028,3,,,1,30,,1147011,3,,,1,70,,1147013,3,,,1,30,,1147016,3,,,1,69,,1147000,3,,,1,30,,1147019,3,,,1,70,,1147027,3,,,1,30,,1147010,3,,,1,100,,1147014,3,,,1
5101,'10',652,,1147052,3,,,1,70,,1147056,3,,,1,30,,1147054,3,,,1,68,,1147043,3,,,1,15,,1147033,3,,,1,15,,1147035,3,,,1,72,,1147053,3,,,1,30,,1147048,3,,,1,70,,1147046,3,,,1,30,,1147060,3,,,1,70,,1147055,3,,,1,30,,1147034,3,,,1,70,,1147049,3,,,1,30,,1147038,3,,,1,70,,1147040,3,,,1,30,,1147032,3,,,1,69,,1147039,3,,,1,28,,1147037,3,,,1,68,,1077756,3,,,1,32,,1147057,3,,,1,71,,1147061,3,,,1,31,,1147051,3,,,1,72,,1099216,3,,,1,29,,1147036,3,,,1,70,,1147059,3,,,1,30,,1147042,3,,,1,70,,1147044,3,,,1,30,,1147047,3,,,1,69,,1147031,3,,,1,30,,1147050,3,,,1,70,,1147058,3,,,1,30,,1147041,3,,,1,100,,1147045,3,,,1
5101,'11',652,,1147083,3,,,1,70,,1147087,3,,,1,30,,1147085,3,,,1,68,,1147074,3,,,1,15,,1147064,3,,,1,15,,1147066,3,,,1,72,,1147084,3,,,1,30,,1147079,3,,,1,70,,1147077,3,,,1,30,,1147091,3,,,1,70,,1147086,3,,,1,30,,1147065,3,,,1,70,,1147080,3,,,1,30,,1147069,3,,,1,70,,1147071,3,,,1,30,,1147063,3,,,1,69,,1147070,3,,,1,28,,1147068,3,,,1,68,,1078028,3,,,1,32,,1147088,3,,,1,71,,1147092,3,,,1,31,,1147082,3,,,1,72,,1099366,3,,,1,29,,1147067,3,,,1,70,,1147090,3,,,1,30,,1147073,3,,,1,70,,1147075,3,,,1,30,,1147078,3,,,1,69,,1147062,3,,,1,30,,1147081,3,,,1,70,,1147089,3,,,1,30,,1147072,3,,,1,100,,1147076,3,,,1
5101,'12',652,,1147114,3,,,1,70,,1147107,3,,,1,30,,1147120,3,,,1,68,,1147117,3,,,1,15,,1147121,3,,,1,15,,1147099,3,,,1,72,,1147097,3,,,1,30,,1147101,3,,,1,70,,1147096,3,,,1,30,,1147102,3,,,1,70,,1147109,3,,,1,30,,1147113,3,,,1,70,,1147100,3,,,1,30,,1068289,3,,,1,70,,1147115,3,,,1,30,,1069543,3,,,1,69,,1147110,3,,,1,28,,1147108,3,,,1,68,,1147111,3,,,1,32,,1147103,3,,,1,71,,1147094,3,,,1,31,,1147112,3,,,1,72,,1147118,3,,,1,29,,1076941,3,,,1,70,,1147119,3,,,1,30,,1147106,3,,,1,70,,1147104,3,,,1,30,,1147098,3,,,1,69,,1147122,3,,,1,30,,1147095,3,,,1,70,,1147093,3,,,1,30,,1147116,3,,,1,100,,1147105,3,,,1
5101,'13',846,,1147139,3,,,1,70,,1076184,3,,,1,30,,1147145,3,,,1,70,,1147129,3,,,1,30,,1147130,3,,,1,70,,1147142,3,,,1,30,,1147134,3,,,1,70,,1147140,3,,,1,30,,1147147,3,,,1,70,,1147123,3,,,1,30,,1019839,3,,,1,70,,1147138,3,,,1,30,,1147136,3,,,1,70,,1147132,3,,,1,30,,1147135,3,,,1,70,,1147125,3,,,1,30,,1147127,3,,,1,70,,1147126,3,,,1,30,,1147133,3,,,1,70,,1147137,3,,,1,30,,1147128,3,,,1,70,,1147144,3,,,1,30,,1147141,3,,,1,70,,1147146,3,0,79,1,30,,1147143,3,,,1,100,,1147124,3,,,1,100,,1011624,3,0,79,1,100,,1147131,3,,,1
5101,'14',652,,1147169,3,,,1,70,,1147173,3,,,1,30,,1147171,3,,,1,68,,1147160,3,,,1,15,,1147150,3,,,1,15,,1147152,3,,,1,72,,1147170,3,,,1,30,,1147165,3,,,1,70,,1147163,3,,,1,30,,1147179,3,,,1,70,,1147172,3,,,1,30,,1147151,3,,,1,70,,1147166,3,,,1,30,,1147155,3,,,1,70,,1147157,3,,,1,30,,1147149,3,,,1,69,,1147156,3,,,1,28,,1147154,3,,,1,68,,1147176,3,,,1,32,,1147174,3,,,1,71,,1147180,3,,,1,31,,1147168,3,,,1,72,,1147175,3,,,1,29,,1147153,3,,,1,70,,1147178,3,,,1,30,,1147159,3,,,1,70,,1147161,3,,,1,30,,1147164,3,,,1,69,,1147148,3,,,1,30,,1147167,3,,,1,70,,1147177,3,,,1,30,,1147158,3,,,1,100,,1147162,3,,,1
5101,'15',652,,1147190,3,,,1,70,,1147207,3,,,1,30,,1147183,3,,,1,68,,1147194,3,,,1,15,,1147184,3,,,1,15,,1147181,3,,,1,72,,1147200,3,,,1,30,,1147191,3,,,1,70,,1147208,3,,,1,30,,1147186,3,,,1,70,,1147209,3,,,1,30,,1147205,3,,,1,70,,1147198,3,,,1,30,,1147211,3,,,1,70,,1147203,3,,,1,30,,1147195,3,,,1,69,,1147193,3,,,1,28,,1147196,3,,,1,68,,1147187,3,,,1,32,,1147188,3,,,1,71,,1147213,3,,,1,31,,1147201,3,,,1,72,,1147210,3,,,1,29,,1147199,3,,,1,70,,1147204,3,,,1,30,,1147192,3,,,1,70,,1147206,3,,,1,30,,1147212,3,,,1,69,,1147182,3,,,1,30,,1147189,3,,,1,70,,1147197,3,,,1,30,,1147202,3,,,1,100,,1147185,3,,,1
5101,'16',652,,1147236,3,,,1,70,,1147229,3,,,1,30,,1147242,3,,,1,68,,1147239,3,,,1,15,,1101436,3,,,1,15,,1147220,3,,,1,72,,1147218,3,,,1,30,,1147223,3,,,1,70,,1147217,3,,,1,30,,1147224,3,,,1,70,,1147231,3,,,1,30,,1147235,3,,,1,70,,1147221,3,,,1,30,,1147216,3,,,1,70,,1147237,3,,,1,30,,1147234,3,,,1,69,,1147232,3,,,1,28,,1147230,3,,,1,68,,1062650,3,,,1,32,,1147225,3,,,1,71,,1147214,3,,,1,31,,1147233,3,,,1,72,,1147240,3,,,1,29,,1147222,3,,,1,70,,1147241,3,,,1,30,,1147228,3,,,1,70,,1147226,3,,,1,30,,1147219,3,,,1,69,,1147243,3,,,1,30,,1147215,3,,,1,70,,1086415,3,,,1,30,,1147238,3,,,1,100,,1147227,3,,,1
5101,'17',846,,1147263,3,,,1,70,,1147252,3,,,1,30,,1147269,3,,,1,70,,1147253,3,,,1,30,,1147254,3,,,1,70,,1147266,3,,,1,30,,1147258,3,,,1,70,,1147264,3,,,1,30,,1147271,3,,,1,70,,1147244,3,,,1,30,,1147250,3,,,1,70,,1147262,3,,,1,30,,1147260,3,,,1,70,,1147256,3,,,1,30,,1147259,3,,,1,70,,1147246,3,,,1,30,,1147249,3,,,1,70,,1147248,3,,,1,30,,1147257,3,,,1,70,,1147261,3,,,1,30,,1147251,3,,,1,70,,1147268,3,,,1,30,,1147265,3,,,1,70,,1147270,3,0,79,1,30,,1147267,3,,,1,100,,1147245,3,,,1,100,,1147247,3,0,79,1,100,,1147255,3,,,1
5101,'2',722,,1147291,3,,,1,100,,1147277,3,,,1,30,,1147289,3,,,1,70,,1147287,3,,,1,30,,1147290,3,,,1,70,,1147297,3,,,1,30,,1147276,3,,,1,70,,1147286,3,,,1,30,,1147279,3,,,1,70,,1147280,3,,,1,30,,1147296,3,,,1,70,,1147283,3,,,1,30,,1147298,3,,,1,70,,1147295,3,,,1,30,,1062818,3,,,1,70,,1073955,3,,,1,30,,1147274,3,,,1,70,,1147282,3,,,1,30,,1147294,3,,,1,70,,1147288,3,,,1,31,,1147281,3,,,1,70,,1147278,3,0,56 57,1,30,,1147285,3,,,1,70,,1147292,3,0,56 57,1,30,,1147272,3,,,1,70,,1147293,3,0,56 57,1,30,,1083403,3,,,1,70,,1147284,3,0,56 57,1,30,,1147273,3,,,1,100,,1036703,3,,,1,100,,1147275,3,,,1
5101,'3',846,,1147318,3,,,1,70,,1147307,3,,,1,30,,1147324,3,,,1,70,,1147308,3,,,1,30,,1147309,3,,,1,70,,1147321,3,,,1,30,,1147313,3,,,1,70,,1147319,3,,,1,30,,1147326,3,,,1,70,,1147299,3,,,1,30,,1147305,3,,,1,70,,1147317,3,,,1,30,,1147315,3,,,1,70,,1147311,3,,,1,30,,1147314,3,,,1,70,,1147301,3,,,1,30,,1147304,3,,,1,70,,1147303,3,,,1,30,,1147312,3,,,1,70,,1147316,3,,,1,30,,1147306,3,,,1,70,,1147323,3,,,1,30,,1147320,3,,,1,70,,1147325,3,0,79,1,30,,1147322,3,,,1,100,,1147300,3,,,1,100,,1147302,3,0,79,1,100,,1147310,3,,,1
5101,'4',846,,1147346,3,,,1,70,,1147349,3,,,1,30,,1147354,3,,,1,70,,1147341,3,,,1,30,,1147347,3,,,1,70,,1147338,3,,,1,30,,1147350,3,,,1,70,,1147331,3,,,1,30,,1147339,3,,,1,70,,1147342,3,,,1,30,,1147330,3,,,1,70,,1147333,3,,,1,30,,1147343,3,,,1,70,,1147337,3,,,1,30,,1147328,3,,,1,70,,1147348,3,,,1,30,,1147336,3,,,1,70,,1147353,3,,,1,30,,1147352,3,,,1,70,,1147334,3,,,1,30,,1147345,3,,,1,70,,1147329,3,,,1,30,,1147344,3,,,1,70,,1147340,3,0,79,1,30,,1147332,3,,,1,100,,1147327,3,,,1,100,,1147351,3,0,79,1,100,,1147335,3,,,1
5101,'5',652,,1147376,3,,,1,70,,1147380,3,,,1,30,,1147378,3,,,1,68,,1147367,3,,,1,15,,1147357,3,,,1,15,,1147359,3,,,1,72,,1147377,3,,,1,30,,1147372,3,,,1,70,,1147370,3,,,1,30,,1147384,3,,,1,70,,1147379,3,,,1,30,,1147358,3,,,1,70,,1147373,3,,,1,30,,1147362,3,,,1,70,,1147364,3,,,1,30,,1147356,3,,,1,69,,1147363,3,,,1,28,,1147361,3,,,1,68,,1077926,3,,,1,32,,1147381,3,,,1,71,,1147385,3,,,1,31,,1147375,3,,,1,72,,1099305,3,,,1,29,,1147360,3,,,1,70,,1147383,3,,,1,30,,1147366,3,,,1,70,,1147368,3,,,1,30,,1147371,3,,,1,69,,1147355,3,,,1,30,,1147374,3,,,1,70,,1147382,3,,,1,30,,1147365,3,,,1,100,,1147369,3,,,1
5101,'6',652,,1147402,3,,,1,70,,1147394,3,,,1,30,,1147407,3,,,1,68,,1147405,3,,,1,15,,1147408,3,,,1,15,,1018789,3,,,1,72,,1078831,3,,,1,30,,1006261,3,,,1,70,,1066617,3,,,1,30,,1147389,3,,,1,70,,1147396,3,,,1,30,,1147401,3,,,1,70,,1039964,3,,,1,30,,1147387,3,,,1,70,,1147403,3,,,1,30,,1147400,3,,,1,69,,1147397,3,,,1,28,,1147395,3,,,1,68,,1147398,3,,,1,32,,1147390,3,,,1,71,,1068933,3,,,1,31,,1147399,3,,,1,72,,1147406,3,,,1,29,,1147388,3,,,1,70,,997833,3,,,1,30,,1147393,3,,,1,70,,1147391,3,,,1,30,,1069169,3,,,1,69,,1147409,3,,,1,30,,1102310,3,,,1,70,,1147386,3,,,1,30,,1147404,3,,,1,100,,1147392,3,,,1
5101,'7',722,,1147433,3,,,1,100,,1147425,3,,,1,30,,1147426,3,,,1,70,,1147429,3,,,1,30,,1147413,3,,,1,70,,1147411,3,,,1,30,,1147432,3,,,1,70,,1147435,3,,,1,30,,1147419,3,,,1,70,,1147418,3,,,1,30,,1147434,3,,,1,70,,1147416,3,,,1,30,,1147438,3,,,1,70,,1147428,3,,,1,30,,1147427,3,,,1,70,,1147417,3,,,1,30,,1147415,3,,,1,70,,1147439,3,,,1,30,,1147410,3,,,1,70,,1147421,3,,,1,31,,1147412,3,,,1,70,,1147437,3,0,56 57,1,30,,1147422,3,,,1,70,,1147414,3,0,56 57,1,30,,1147424,3,,,1,70,,1147440,3,0,56 57,1,30,,1147436,3,,,1,70,,1147420,3,0,56 57,1,30,,1147431,3,,,1,100,,1147430,3,,,1,100,,1147423,3,,,1
5101,'8',652,,1147465,3,,,1,70,,1147457,3,,,1,30,,1147471,3,,,1,68,,1147468,3,,,1,15,,1147472,3,,,1,15,,1147448,3,,,1,72,,1147446,3,,,1,30,,1147451,3,,,1,70,,1147445,3,,,1,30,,1147452,3,,,1,70,,1147459,3,,,1,30,,1147464,3,,,1,70,,1147449,3,,,1,30,,1147444,3,,,1,70,,1147466,3,,,1,30,,1147463,3,,,1,69,,1147460,3,,,1,28,,1147458,3,,,1,68,,1147461,3,,,1,32,,1147453,3,,,1,71,,1147442,3,,,1,31,,1147462,3,,,1,72,,1147469,3,,,1,29,,1147450,3,,,1,70,,1147470,3,,,1,30,,1147456,3,,,1,70,,1147454,3,,,1,30,,1147447,3,,,1,69,,1147473,3,,,1,30,,1147443,3,,,1,70,,1147441,3,,,1,30,,1147467,3,,,1,100,,1147455,3,,,1
5101,'9',652,,1147495,3,,,1,70,,1147499,3,,,1,30,,1147497,3,,,1,68,,1147486,3,,,1,15,,1147476,3,,,1,15,,1147478,3,,,1,72,,1147496,3,,,1,30,,1147491,3,,,1,70,,1147489,3,,,1,30,,1147503,3,,,1,70,,1147498,3,,,1,30,,1147477,3,,,1,70,,1147492,3,,,1,30,,1147481,3,,,1,70,,1147483,3,,,1,30,,1147475,3,,,1,69,,1147482,3,,,1,28,,1147480,3,,,1,68,,1077825,3,,,1,32,,1147500,3,,,1,71,,1147504,3,,,1,31,,1147494,3,,,1,72,,1099251,3,,,1,29,,1147479,3,,,1,70,,1147502,3,,,1,30,,1147485,3,,,1,70,,1147487,3,,,1,30,,1147490,3,,,1,69,,1147474,3,,,1,30,,1147493,3,,,1,70,,1147501,3,,,1,30,,1147484,3,,,1,100,,1147488,3,,,1
