1900,'1',549,,1121416,16,,,1,69,,891824,27,,,1,30,,1061735,27,,,1,55,,1121395,27,,,1,27,,1047258,27,,,1,28,,1088783,27,,,1,70,,1121415,27,,,1,75,,1121410,36,,,1,25,,1121403,36,,,1,27,,1121399,36,,,1,70,,1121409,36,,,1,30,,1121398,36,,,1,70,,1121400,36,,,1,30,,1121421,36,,,1,74,,1121411,36,,,1,29,,1121414,36,,,1,66,,1121402,36,,,1,35,,1102254,36,,,1,72,,1121406,36,,,1,70,,1094839,36,,,1,34,,1121419,36,,,1,68,,1121417,36,,,1,30,,1121397,36,,,1,70,,1077491,36,,,1,31,,1121401,36,,,1,70,,1121412,36,,,1,28,,1121413,36,,,1,70,,1087560,36,,,1,27,,1121420,36,,,1,27,,1121408,36,,,1,71,,1121407,36,,,1,31,,1121396,36,,,1,70,,948816,36,,,1,74,,1121418,36,,,1,28,,1121404,27,,,1,29,,1033803,36,,,1,149,,1121405,27,,,1
1900,'10',549,,1121443,16,,,1,69,,891853,27,,,1,30,,1061510,27,,,1,55,,1121422,27,,,1,27,,1047439,27,,,1,28,,1088378,27,,,1,70,,1121442,27,,,1,75,,1121437,36,,,1,25,,1121430,36,,,1,27,,1121426,36,,,1,70,,1121436,36,,,1,30,,1121425,36,,,1,70,,1121427,36,,,1,30,,1121448,36,,,1,74,,1121438,36,,,1,29,,1121441,36,,,1,66,,1121429,36,,,1,35,,1102236,36,,,1,72,,1121433,36,,,1,70,,1094699,36,,,1,34,,1121446,36,,,1,68,,1121444,36,,,1,30,,1121424,36,,,1,70,,1077378,36,,,1,31,,1121428,36,,,1,70,,1121439,36,,,1,28,,1121440,36,,,1,70,,1087350,36,,,1,27,,1121447,36,,,1,27,,1121435,36,,,1,71,,1121434,36,,,1,31,,1121423,36,,,1,70,,948567,36,,,1,74,,1121445,36,,,1,28,,1121431,27,,,1,29,,1033922,36,,,1,149,,1121432,27,,,1
1900,'11',549,,1121470,16,,,1,69,,891747,27,,,1,30,,1061802,27,,,1,55,,1121449,27,,,1,27,,1047206,27,,,1,28,,1088904,27,,,1,70,,1121469,27,,,1,75,,1121464,36,,,1,25,,1121457,36,,,1,27,,1121453,36,,,1,70,,1121463,36,,,1,30,,1121452,36,,,1,70,,1121454,36,,,1,30,,1121475,36,,,1,74,,1121465,36,,,1,29,,1121468,36,,,1,66,,1121456,36,,,1,35,,1102260,36,,,1,72,,1121460,36,,,1,70,,1094881,36,,,1,34,,1121473,36,,,1,68,,1121471,36,,,1,30,,1121451,36,,,1,70,,1077524,36,,,1,31,,1121455,36,,,1,70,,1121466,36,,,1,28,,1121467,36,,,1,70,,1087624,36,,,1,27,,1121474,36,,,1,27,,1121462,36,,,1,71,,1121461,36,,,1,31,,1121450,36,,,1,70,,948775,36,,,1,74,,1121472,36,,,1,28,,1121458,27,,,1,29,,1033768,36,,,1,149,,1121459,27,,,1
1900,'12',549,,1121502,16,,,1,69,,1121493,27,,,1,30,,996267,27,,,1,55,,1121500,27,,,1,27,,1121486,27,,,1,28,,1121492,27,,,1,70,,958592,27,,,1,75,,1121479,36,,,1,25,,1121480,36,,,1,27,,1121477,36,,,1,70,,1121488,36,,,1,30,,1121476,36,,,1,70,,1121499,36,,,1,30,,1090196,36,,,1,74,,1121497,36,,,1,29,,1121490,36,,,1,66,,1121482,36,,,1,35,,1121483,36,,,1,72,,1072305,36,,,1,70,,1121503,36,,,1,34,,1121484,36,,,1,68,,1121495,36,,,1,30,,1121491,36,,,1,70,,1121481,36,,,1,31,,1121498,36,,,1,70,,1121504,36,,,1,28,,1121485,36,,,1,70,,1121506,36,,,1,27,,1004596,36,,,1,27,,1121501,36,,,1,71,,1121487,36,,,1,31,,1121494,36,,,1,70,,1091220,36,,,1,74,,1121505,36,,,1,28,,1121478,27,,,1,29,,1121489,36,,,1,149,,1121496,27,,,1
1900,'13',930,,1121512,36,,,1,70,,1121519,36,,,1,30,,1121523,36,,,1,70,,1121524,36,,,1,30,,1121528,36,,,1,70,,1121518,36,,,1,30,,1121532,36,,,1,72,,1121529,36,,,1,30,,1121509,36,,,1,70,,1121510,36,,,1,30,,1121508,36,,,1,70,,1121515,36,,,1,30,,1121513,36,,,1,70,,1121520,36,,,1,30,,1121527,36,,,1,70,,1121531,36,,,1,30,,1121530,36,,,1,70,,1121533,36,,,1,30,,1121507,36,,,1,69,,1121525,36,,,1,30,,1121521,36,,,1,70,,1121511,36,,,1,28,,1121514,27,,,1,30,,1121526,27,,,1,70,,1121517,27,,,1,30,,1121516,27,,,1,100,,1121522,27,,,1
1900,'14',549,,1121561,16,,,1,69,,1121535,27,,,1,30,,1121538,27,,,1,55,,1121536,27,,,1,27,,1121540,27,,,1,28,,1121545,27,,,1,70,,1121560,27,,,1,75,,1121555,36,,,1,25,,1121548,36,,,1,27,,1121543,36,,,1,70,,1121554,36,,,1,30,,1121542,36,,,1,70,,1121544,36,,,1,30,,1121568,36,,,1,74,,1121556,36,,,1,29,,1121559,36,,,1,66,,1121547,36,,,1,35,,1121564,36,,,1,72,,1121551,36,,,1,70,,1121569,36,,,1,34,,1121565,36,,,1,68,,1121562,36,,,1,30,,1121541,36,,,1,70,,1121534,36,,,1,31,,1121546,36,,,1,70,,1121557,36,,,1,28,,1121558,36,,,1,70,,1121539,36,,,1,27,,1121567,36,,,1,27,,1121553,36,,,1,71,,1121552,36,,,1,31,,1121537,36,,,1,70,,1121570,36,,,1,74,,1121563,36,,,1,28,,1121549,27,,,1,29,,1121566,36,,,1,149,,1121550,27,,,1
1900,'15',549,,1121590,16,,,1,69,,1121601,27,,,1,30,,1121607,27,,,1,55,,1121578,27,,,1,27,,1121596,27,,,1,28,,1121603,27,,,1,70,,1121579,27,,,1,75,,1121575,36,,,1,25,,1121592,36,,,1,27,,1121604,36,,,1,70,,1121602,36,,,1,30,,1121573,36,,,1,70,,1121593,36,,,1,30,,1121591,36,,,1,74,,1121581,36,,,1,29,,1121595,36,,,1,66,,1121577,36,,,1,35,,1121571,36,,,1,72,,1121576,36,,,1,70,,1121585,36,,,1,34,,1121597,36,,,1,68,,1121594,36,,,1,30,,1121583,36,,,1,70,,1121606,36,,,1,31,,1121572,36,,,1,70,,1121588,36,,,1,28,,1121582,36,,,1,70,,1121589,36,,,1,27,,1121587,36,,,1,27,,1121584,36,,,1,71,,1121599,36,,,1,31,,1121598,36,,,1,70,,1121574,36,,,1,74,,1121605,36,,,1,28,,1121600,27,,,1,29,,1121586,36,,,1,149,,1121580,27,,,1
1900,'16',549,,1121635,16,,,1,69,,1121626,27,,,1,30,,1121608,27,,,1,55,,1121633,27,,,1,27,,1121620,27,,,1,28,,1121625,27,,,1,70,,1121610,27,,,1,75,,1121612,36,,,1,25,,1121613,36,,,1,27,,1093433,36,,,1,70,,1011807,36,,,1,30,,970525,36,,,1,70,,1121632,36,,,1,30,,1121611,36,,,1,74,,1121630,36,,,1,29,,1121623,36,,,1,66,,1121616,36,,,1,35,,1121617,36,,,1,72,,1121614,36,,,1,70,,1092933,36,,,1,34,,1121618,36,,,1,68,,1121628,36,,,1,30,,1121624,36,,,1,70,,1121615,36,,,1,31,,1121631,36,,,1,70,,1121638,36,,,1,28,,1121619,36,,,1,70,,1121640,36,,,1,27,,1121636,36,,,1,27,,1121634,36,,,1,71,,1121621,36,,,1,31,,1121627,36,,,1,70,,1121637,36,,,1,74,,1121639,36,,,1,28,,1121609,27,,,1,29,,1121622,36,,,1,149,,1121629,27,,,1
1900,'17',930,,1121646,36,,,1,70,,1121653,36,,,1,30,,1121657,36,,,1,70,,1121658,36,,,1,30,,1121662,36,,,1,70,,1121652,36,,,1,30,,1121666,36,,,1,72,,1121663,36,,,1,30,,1121643,36,,,1,70,,1121644,36,,,1,30,,1121642,36,,,1,70,,1121649,36,,,1,30,,1121647,36,,,1,70,,1121654,36,,,1,30,,1121661,36,,,1,70,,1121665,36,,,1,30,,1121664,36,,,1,70,,1121667,36,,,1,30,,1121641,36,,,1,69,,1121659,36,,,1,30,,1121655,36,,,1,70,,1121645,36,,,1,28,,1121648,27,,,1,30,,1121660,27,,,1,70,,1121651,27,,,1,30,,1121650,27,,,1,100,,1121656,27,,,1
1900,'2',657,,1121685,27,,,1,100,,1062833,27,,,1,70,,1121695,27,,,1,30,,1121690,36,,,1,70,,1121679,36,,,1,30,,1121677,36,,,1,70,,1121683,36,,,1,30,,1121686,36,,,1,70,,1076818,36,,,1,30,,1121691,36,,,1,70,,1121670,36,,,1,32,,1121682,36,,,1,70,,1121680,36,,,1,30,,1121672,36,,,1,70,,1121676,36,,,1,30,,1121689,36,,,1,70,,1121684,36,,,1,30,,1121678,36,,,1,70,,1121673,36,,,1,30,,1121681,36,,,1,70,,1121696,36,,,1,30,,1121669,36,,,1,70,,1121692,36,,,1,29,,1092644,36,,,1,70,,1121688,36,,,1,30,,1121671,36,,,1,70,,1121687,36,,,1,28,,1121694,36,,,1,70,,1121668,36,,,1,30,,1121675,27,,,1,70,,1121674,27,,,1,30,,1100341,27,,,1,100,,1121693,27,,,1
1900,'3',930,,1121702,36,,,1,70,,1121709,36,,,1,30,,1121713,36,,,1,70,,1121714,36,,,1,30,,1121718,36,,,1,70,,1121708,36,,,1,30,,1121722,36,,,1,72,,1121719,36,,,1,30,,1121699,36,,,1,70,,1121700,36,,,1,30,,1121698,36,,,1,70,,1121705,36,,,1,30,,1121703,36,,,1,70,,1121710,36,,,1,30,,1121717,36,,,1,70,,1121721,36,,,1,30,,1121720,36,,,1,70,,1121723,36,,,1,30,,1121697,36,,,1,69,,1121715,36,,,1,30,,1121711,36,,,1,70,,1121701,36,,,1,28,,1121704,27,,,1,30,,1121716,27,,,1,70,,1121707,27,,,1,30,,1121706,27,,,1,100,,1121712,27,,,1
1900,'4',930,,1121730,36,,,1,70,,1121745,36,,,1,30,,1121726,36,,,1,70,,1121738,36,,,1,30,,1121725,36,,,1,70,,1121737,36,,,1,30,,994478,36,,,1,72,,1121740,36,,,1,30,,1121733,36,,,1,70,,1121736,36,,,1,30,,1121727,36,,,1,70,,1121742,36,,,1,30,,1121729,36,,,1,70,,1121732,36,,,1,30,,1121724,36,,,1,70,,1121735,36,,,1,30,,1121743,36,,,1,70,,1084381,36,,,1,30,,1121734,36,,,1,69,,1121731,36,,,1,30,,1071204,36,,,1,70,,1121741,36,,,1,28,,1121728,27,,,1,30,,1121744,27,,,1,70,,1121746,27,,,1,30,,1121739,27,,,1,100,,1064366,27,,,1
1900,'5',549,,1121768,16,,,1,69,,891953,27,,,1,30,,1061693,27,,,1,55,,1121747,27,,,1,27,,1046954,27,,,1,28,,1088719,27,,,1,70,,1121767,27,,,1,75,,1121762,36,,,1,25,,1121755,36,,,1,27,,1121751,36,,,1,70,,1121761,36,,,1,30,,1121750,36,,,1,70,,1121752,36,,,1,30,,1121773,36,,,1,74,,1121763,36,,,1,29,,1121766,36,,,1,66,,1121754,36,,,1,35,,1102248,36,,,1,72,,1121758,36,,,1,70,,1094821,36,,,1,34,,1121771,36,,,1,68,,1121769,36,,,1,30,,1121749,36,,,1,70,,1077473,36,,,1,31,,1121753,36,,,1,70,,1121764,36,,,1,28,,1121765,36,,,1,70,,1087517,36,,,1,27,,1121772,36,,,1,27,,1121760,36,,,1,71,,1121759,36,,,1,31,,1121748,36,,,1,70,,948953,36,,,1,74,,1121770,36,,,1,28,,1121756,27,,,1,29,,1033603,36,,,1,149,,1121757,27,,,1
1900,'6',549,,1121801,16,,,1,69,,1121793,27,,,1,30,,1121776,27,,,1,55,,1121799,27,,,1,27,,1121786,27,,,1,28,,1121792,27,,,1,70,,1121778,27,,,1,75,,953237,36,,,1,25,,1091407,36,,,1,27,,1121775,36,,,1,70,,1121788,36,,,1,30,,1121774,36,,,1,70,,1121798,36,,,1,30,,1121779,36,,,1,74,,1102061,36,,,1,29,,1121790,36,,,1,66,,1121782,36,,,1,35,,1121783,36,,,1,72,,1121780,36,,,1,70,,1121802,36,,,1,34,,1121784,36,,,1,68,,1121795,36,,,1,30,,1121791,36,,,1,70,,1121781,36,,,1,31,,1121797,36,,,1,70,,1121805,36,,,1,28,,1121785,36,,,1,70,,998251,36,,,1,27,,1121803,36,,,1,27,,1121800,36,,,1,71,,1121787,36,,,1,31,,1121794,36,,,1,70,,1121804,36,,,1,74,,1121806,36,,,1,28,,1121777,27,,,1,29,,1121789,36,,,1,149,,1121796,27,,,1
1900,'7',657,,1121838,27,,,1,100,,1121817,27,,,1,70,,1121815,27,,,1,30,,1121811,36,,,1,70,,1121834,36,,,1,30,,1121809,36,,,1,70,,1121830,36,,,1,30,,1121839,36,,,1,70,,1121810,36,,,1,30,,1121831,36,,,1,70,,1121826,36,,,1,32,,1121812,36,,,1,70,,1121819,36,,,1,30,,1121837,36,,,1,70,,1121828,36,,,1,30,,1121836,36,,,1,70,,1121825,36,,,1,30,,1121822,36,,,1,70,,1121818,36,,,1,30,,1121835,36,,,1,70,,1121821,36,,,1,30,,1121813,36,,,1,70,,1121833,36,,,1,29,,1121824,36,,,1,70,,1121808,36,,,1,30,,1121814,36,,,1,70,,1121829,36,,,1,28,,1121807,36,,,1,70,,1121820,36,,,1,30,,1121816,27,,,1,70,,1121823,27,,,1,30,,1121827,27,,,1,100,,1121832,27,,,1
1900,'8',549,,1121870,16,,,1,69,,1121861,27,,,1,30,,1121842,27,,,1,55,,1121868,27,,,1,27,,1121854,27,,,1,28,,1121860,27,,,1,70,,1121844,27,,,1,75,,1121846,36,,,1,25,,1121847,36,,,1,27,,1121841,36,,,1,70,,1121856,36,,,1,30,,1121840,36,,,1,70,,1121867,36,,,1,30,,1121845,36,,,1,74,,1121865,36,,,1,29,,1121858,36,,,1,66,,1121850,36,,,1,35,,1121851,36,,,1,72,,1121848,36,,,1,70,,1121871,36,,,1,34,,1121852,36,,,1,68,,1121863,36,,,1,30,,1121859,36,,,1,70,,1121849,36,,,1,31,,1121866,36,,,1,70,,1121874,36,,,1,28,,1121853,36,,,1,70,,1121876,36,,,1,27,,1121872,36,,,1,27,,1121869,36,,,1,71,,1121855,36,,,1,31,,1121862,36,,,1,70,,1121873,36,,,1,74,,1121875,36,,,1,28,,1121843,27,,,1,29,,1121857,36,,,1,149,,1121864,27,,,1
1900,'9',549,,1121898,16,,,1,69,,891882,27,,,1,30,,1061578,27,,,1,55,,1121877,27,,,1,27,,1047310,27,,,1,28,,1088504,27,,,1,70,,1121897,27,,,1,75,,1121892,36,,,1,25,,1121885,36,,,1,27,,1121881,36,,,1,70,,1121891,36,,,1,30,,1121880,36,,,1,70,,1121882,36,,,1,30,,1121903,36,,,1,74,,1121893,36,,,1,29,,1121896,36,,,1,66,,1121884,36,,,1,35,,1102242,36,,,1,72,,1121888,36,,,1,70,,1094740,36,,,1,34,,1121901,36,,,1,68,,1121899,36,,,1,30,,1121879,36,,,1,70,,1077411,36,,,1,31,,1121883,36,,,1,70,,1121894,36,,,1,28,,1121895,36,,,1,70,,1087417,36,,,1,27,,1121902,36,,,1,27,,1121890,36,,,1,71,,1121889,36,,,1,31,,1121878,36,,,1,70,,948912,36,,,1,74,,1121900,36,,,1,28,,1121886,27,,,1,29,,1033838,36,,,1,149,,1121887,27,,,1
