1000,'1',558,,1112043,5,,,1,74,,1111997,29,,,1,17,,1025825,5,,,1,55,,1111998,29,,,1,21,,1112032,5,,,1,14,,1067741,29,,,1,18,,1112024,5,,,1,57,,1112008,29,,,1,15,,1112030,5,,,1,17,,1112018,29,,,1,56,,1112040,5,,,1,16,,1112041,29,,,1,9,,1112001,5,,,1,15,,1063122,29,,,1,14,,1112009,5,,,1,54,,1112010,29,,,1,13,,1112015,5,,,1,15,,1112042,29,,,1,16,,1112036,5,,,1,55,,1112017,29,,,1,16,,1112037,5,,,1,14,,1112003,29,,,1,15,,953334,5,,,1,55,,1112038,29,,,1,14,,1112031,5,,,1,16,,1112022,29,,,1,16,,1084446,5,,,1,57,,1112033,29,,,1,15,,1112026,5,,,1,15,,1111996,29,,,1,14,,1084756,5,,,1,56,,1112028,29,,,1,18,,1112039,5,,,1,14,,1112000,29,,,1,59,,1111999,5,,,1,11,,1112012,29,,,1,21,,1071928,5,,,1,14,,1112005,29,,,1,54,,1111993,5,,,1,18,,1112021,29,,,1,16,,1093427,5,,,1,17,,1112006,29,,,1,55,,1112002,5,,,1,15,,1112016,29,,,1,15,,1112007,5,,,1,14,,1112035,29,,,1,53,,1094606,5,,,1,13,,1112029,29,,,1,28,,1112020,29,,,1,72,,1112027,29,,,1,23,,1112011,29,,,1,70,,1112019,29,,,1,28,,1112034,29,,,1,68,,1111994,29,,,1,30,,1112014,29,,,1,70,,1111992,29,,,1,29,,1112025,29,,,1,70,,1112004,29,,,1,25,,1112023,29,,,1,19,,1111995,5,,,1
1000,'10',558,,1112095,5,,,1,74,,1112049,29,,,1,17,,1025941,5,,,1,55,,1112050,29,,,1,21,,1112084,5,,,1,14,,1067690,29,,,1,18,,1112076,5,,,1,57,,1112060,29,,,1,15,,1112082,5,,,1,17,,1112070,29,,,1,56,,1112092,5,,,1,16,,1112093,29,,,1,9,,1112053,5,,,1,15,,1062780,29,,,1,14,,1112061,5,,,1,54,,1112062,29,,,1,13,,1112067,5,,,1,15,,1112094,29,,,1,16,,1112088,5,,,1,55,,1112069,29,,,1,16,,1112089,5,,,1,14,,1112055,29,,,1,15,,953160,5,,,1,55,,1112090,29,,,1,14,,1112083,5,,,1,16,,1112074,29,,,1,16,,1084262,5,,,1,57,,1112085,29,,,1,15,,1112078,5,,,1,15,,1112048,29,,,1,14,,1084585,5,,,1,56,,1112080,29,,,1,18,,1112091,5,,,1,14,,1112052,29,,,1,59,,1112051,5,,,1,11,,1112064,29,,,1,21,,1071782,5,,,1,14,,1112057,29,,,1,54,,1112045,5,,,1,18,,1112073,29,,,1,16,,1093111,5,,,1,17,,1112058,29,,,1,55,,1112054,5,,,1,15,,1112068,29,,,1,15,,1112059,5,,,1,14,,1112087,29,,,1,53,,1094436,5,,,1,13,,1112081,29,,,1,28,,1112072,29,,,1,72,,1112079,29,,,1,23,,1112063,29,,,1,70,,1112071,29,,,1,28,,1112086,29,,,1,68,,1112046,29,,,1,30,,1112066,29,,,1,70,,1112044,29,,,1,29,,1112077,29,,,1,70,,1112056,29,,,1,25,,1112075,29,,,1,19,,1112047,5,,,1
1000,'11',558,,1112147,5,,,1,74,,1112101,29,,,1,17,,1025792,5,,,1,55,,1112102,29,,,1,21,,1112136,5,,,1,14,,1067758,29,,,1,18,,1112128,5,,,1,57,,1112112,29,,,1,15,,1112134,5,,,1,17,,1112122,29,,,1,56,,1112144,5,,,1,16,,1112145,29,,,1,9,,1112105,5,,,1,15,,1063223,29,,,1,14,,1112113,5,,,1,54,,1112114,29,,,1,13,,1112119,5,,,1,15,,1112146,29,,,1,16,,1112140,5,,,1,55,,1112121,29,,,1,16,,1112141,5,,,1,14,,1112107,29,,,1,15,,953306,5,,,1,55,,1112142,29,,,1,14,,1112135,5,,,1,16,,1112126,29,,,1,16,,1084502,5,,,1,57,,1112137,29,,,1,15,,1112130,5,,,1,15,,1112100,29,,,1,14,,1084809,5,,,1,56,,1112132,29,,,1,18,,1112143,5,,,1,14,,1112104,29,,,1,59,,1112103,5,,,1,11,,1112116,29,,,1,21,,1071974,5,,,1,14,,1112109,29,,,1,54,,1112097,5,,,1,18,,1112125,29,,,1,16,,1093518,5,,,1,17,,1112110,29,,,1,55,,1112106,5,,,1,15,,1112120,29,,,1,15,,1112111,5,,,1,14,,1112139,29,,,1,53,,1094648,5,,,1,13,,1112133,29,,,1,28,,1112124,29,,,1,72,,1112131,29,,,1,23,,1112115,29,,,1,70,,1112123,29,,,1,28,,1112138,29,,,1,68,,1112098,29,,,1,30,,1112118,29,,,1,70,,1112096,29,,,1,29,,1112129,29,,,1,70,,1112108,29,,,1,25,,1112127,29,,,1,19,,1112099,5,,,1
1000,'12',558,,1112163,5,,,1,74,,1112192,29,,,1,17,,1112186,5,,,1,55,,1112180,29,,,1,21,,995471,5,,,1,14,,1112176,29,,,1,18,,1112158,5,,,1,57,,1112148,29,,,1,15,,1112153,5,,,1,17,,1112175,29,,,1,56,,1112173,5,,,1,16,,1112167,29,,,1,9,,1112195,5,,,1,15,,1002218,29,,,1,14,,1112190,5,,,1,54,,1112169,29,,,1,13,,1112184,5,,,1,15,,1112149,29,,,1,16,,1112181,5,,,1,55,,1112183,29,,,1,16,,1112197,5,,,1,14,,1112200,29,,,1,15,,1112171,5,,,1,55,,1112157,29,,,1,14,,1112154,5,,,1,16,,1112198,29,,,1,16,,1112179,5,,,1,57,,1112159,29,,,1,15,,1112165,5,,,1,15,,1112150,29,,,1,14,,1112155,5,,,1,56,,1112196,29,,,1,18,,1074031,5,,,1,14,,1112187,29,,,1,59,,1112168,5,,,1,11,,1112151,29,,,1,21,,1112182,5,,,1,14,,1112188,29,,,1,54,,1112191,5,,,1,18,,1112164,29,,,1,16,,1037308,5,,,1,17,,1112166,29,,,1,55,,1112178,5,,,1,15,,1112177,29,,,1,15,,1112172,5,,,1,14,,1112194,29,,,1,53,,1112185,5,,,1,13,,1112156,29,,,1,28,,1023118,29,,,1,72,,1112170,29,,,1,23,,1112199,29,,,1,70,,1112201,29,,,1,28,,1060814,29,,,1,68,,1112161,29,,,1,30,,1087160,29,,,1,70,,1112162,29,,,1,29,,1112152,29,,,1,70,,1067952,29,,,1,25,,1112160,29,,,1,19,,1112193,5,,,1
1000,'13',538,,1112230,5,0,94,1,70,,1112206,5,0,94,1,30,,1112219,5,0,94,1,72,,1112218,5,0,94,1,30,,1112213,5,,,1,64,,1048726,29,,,1,30,,1112209,29,,,1,70,,1112226,29,,,1,30,,1112202,29,,,1,70,,1112204,29,,,1,31,,1084664,29,,,1,70,,1112207,29,,,1,30,,1112214,29,,,1,70,,1112225,29,,,1,30,,1112232,29,,,1,70,,1064845,29,,,1,30,,1067888,29,,,1,70,,1112231,29,,,1,30,,1112228,29,,,1,70,,1112216,29,,,1,30,,1112223,29,,,1,70,,1112221,29,,,1,30,,1063463,29,,,1,70,,1112229,29,,,1,30,,1112222,29,,,1,70,,1112215,29,,,1,30,,1074443,29,,,1,80,,1112203,5,,,1,30,,1112224,5,,,1,70,,1112211,5,,,1,30,,1112208,5,,,1,70,,1112227,5,,,1,30,,1112212,5,,,1,70,,1112217,5,,,1,30,,1112220,5,,,1,70,,1112205,5,,,1,30,,1112210,5,,,1,70,,1050772,5,,,1
1000,'14',558,,1112292,5,,,1,74,,1112244,29,,,1,17,,1112238,5,,,1,55,,1112245,29,,,1,21,,1112280,5,,,1,14,,1112246,29,,,1,18,,1112272,5,,,1,57,,1112256,29,,,1,15,,1112278,5,,,1,17,,1112266,29,,,1,56,,1112289,5,,,1,16,,1112290,29,,,1,9,,1112249,5,,,1,15,,1112285,29,,,1,14,,1112257,5,,,1,54,,1112258,29,,,1,13,,1112263,5,,,1,15,,1112291,29,,,1,16,,1112284,5,,,1,55,,1112265,29,,,1,16,,1112286,5,,,1,14,,1112251,29,,,1,15,,1112234,5,,,1,55,,1112287,29,,,1,14,,1112279,5,,,1,16,,1112270,29,,,1,16,,1112239,5,,,1,57,,1112281,29,,,1,15,,1112274,5,,,1,15,,1112243,29,,,1,14,,1112294,5,,,1,56,,1112276,29,,,1,18,,1112288,5,,,1,14,,1112248,29,,,1,59,,1112247,5,,,1,11,,1112260,29,,,1,21,,1112236,5,,,1,14,,1112253,29,,,1,54,,1112240,5,,,1,18,,1112269,29,,,1,16,,1112293,5,,,1,17,,1112254,29,,,1,55,,1112250,5,,,1,15,,1112264,29,,,1,15,,1112255,5,,,1,14,,1112283,29,,,1,53,,1112235,5,,,1,13,,1112277,29,,,1,28,,1112268,29,,,1,72,,1112275,29,,,1,23,,1112259,29,,,1,70,,1112267,29,,,1,28,,1112282,29,,,1,68,,1112241,29,,,1,30,,1112262,29,,,1,70,,1112233,29,,,1,29,,1112273,29,,,1,70,,1112252,29,,,1,25,,1112271,29,,,1,19,,1112242,5,,,1
1000,'15',558,,1112353,5,,,1,74,,1112300,29,,,1,17,,1112354,5,,,1,55,,1112314,29,,,1,21,,1112305,5,,,1,14,,1112341,29,,,1,18,,1112349,5,,,1,57,,1112318,29,,,1,15,,1112336,5,,,1,17,,1112339,29,,,1,56,,1112301,5,,,1,16,,1112337,29,,,1,9,,1112345,5,,,1,15,,1112326,29,,,1,14,,1112325,5,,,1,54,,1112333,29,,,1,13,,1112346,5,,,1,15,,1112310,29,,,1,16,,1112329,5,,,1,55,,1112334,29,,,1,16,,1112343,5,,,1,14,,1112313,29,,,1,15,,1112350,5,,,1,55,,1112328,29,,,1,14,,1112296,5,,,1,16,,1112322,29,,,1,16,,1112309,5,,,1,57,,1112335,29,,,1,15,,1112331,5,,,1,15,,1112308,29,,,1,14,,1112316,5,,,1,56,,1112295,29,,,1,18,,1112302,5,,,1,14,,1112355,29,,,1,59,,1112311,5,,,1,11,,1112332,29,,,1,21,,1112319,5,,,1,14,,1112303,29,,,1,54,,1112342,5,,,1,18,,1112344,29,,,1,16,,1112327,5,,,1,17,,1112324,29,,,1,55,,1112330,5,,,1,15,,1112315,29,,,1,15,,1112323,5,,,1,14,,1112351,29,,,1,53,,1112356,5,,,1,13,,1112317,29,,,1,28,,1112338,29,,,1,72,,1112306,29,,,1,23,,1112320,29,,,1,70,,1112348,29,,,1,28,,1112347,29,,,1,68,,1112340,29,,,1,30,,1112307,29,,,1,70,,1112299,29,,,1,29,,1112298,29,,,1,70,,1112304,29,,,1,25,,1112297,29,,,1,19,,1112321,5,,,1
1000,'16',558,,1112377,5,,,1,74,,1112408,29,,,1,17,,1112401,5,,,1,55,,1112395,29,,,1,21,,1112358,5,,,1,14,,1112391,29,,,1,18,,1112372,5,,,1,57,,1112359,29,,,1,15,,1112366,5,,,1,17,,1112390,29,,,1,56,,1112388,5,,,1,16,,1112382,29,,,1,9,,1112411,5,,,1,15,,1112357,29,,,1,14,,1112406,5,,,1,54,,1112384,29,,,1,13,,1112399,5,,,1,15,,1112360,29,,,1,16,,1112396,5,,,1,55,,1112398,29,,,1,16,,1112413,5,,,1,14,,1112415,29,,,1,15,,1112386,5,,,1,55,,1112371,29,,,1,14,,1100054,5,,,1,16,,1112414,29,,,1,16,,1112394,5,,,1,57,,1112373,29,,,1,15,,1112380,5,,,1,15,,1112361,29,,,1,14,,1112369,5,,,1,56,,1112412,29,,,1,18,,1112363,5,,,1,14,,1112402,29,,,1,59,,1112383,5,,,1,11,,1112364,29,,,1,21,,1112397,5,,,1,14,,1112403,29,,,1,54,,1112407,5,,,1,18,,1112379,29,,,1,16,,1112362,5,,,1,17,,1112381,29,,,1,55,,1112393,5,,,1,15,,1112392,29,,,1,15,,1112387,5,,,1,14,,1112410,29,,,1,53,,1112400,5,,,1,13,,1112370,29,,,1,28,,1112404,29,,,1,72,,1112385,29,,,1,23,,1000396,29,,,1,70,,1112416,29,,,1,28,,1112368,29,,,1,68,,1112375,29,,,1,30,,1112378,29,,,1,70,,1112376,29,,,1,29,,1112365,29,,,1,70,,1112367,29,,,1,25,,1112374,29,,,1,19,,1112409,5,,,1
1000,'17',538,,1112450,5,0,94,1,70,,1112424,5,0,94,1,30,,1112437,5,0,94,1,72,,1112436,5,0,94,1,30,,1112431,5,,,1,64,,1112421,29,,,1,30,,1112427,29,,,1,70,,1112444,29,,,1,30,,1112418,29,,,1,70,,1112420,29,,,1,31,,1112454,29,,,1,70,,1112425,29,,,1,30,,1112432,29,,,1,70,,1112443,29,,,1,30,,1112452,29,,,1,70,,1112448,29,,,1,30,,1112417,29,,,1,70,,1112451,29,,,1,30,,1112447,29,,,1,70,,1112434,29,,,1,30,,1112441,29,,,1,70,,1112439,29,,,1,30,,1112446,29,,,1,70,,1112449,29,,,1,30,,1112440,29,,,1,70,,1112433,29,,,1,30,,1112422,29,,,1,80,,1112419,5,,,1,30,,1112442,5,,,1,70,,1112429,5,,,1,30,,1112426,5,,,1,70,,1112445,5,,,1,30,,1112430,5,,,1,70,,1112435,5,,,1,30,,1112438,5,,,1,70,,1112423,5,,,1,30,,1112428,5,,,1,70,,1112453,5,,,1
1000,'2',533,,1112460,5,0,94,1,70,,1112468,5,0,94,1,28,,1112456,5,0,94,1,72,,1112476,5,,,1,30,,1112464,5,,,1,26,,1112483,29,,,1,70,,1112477,29,,,1,30,,1112484,29,,,1,70,,1011566,29,,,1,30,,1112478,29,,,1,71,,1112455,29,,,1,70,,1078927,29,,,1,30,,1112463,29,,,1,70,,1112462,29,,,1,30,,1112490,29,,,1,70,,1112485,29,,,1,30,,1112491,29,,,1,70,,1112488,29,,,1,30,,1112487,29,,,1,70,,1112474,29,,,1,30,,1017772,29,,,1,70,,1112480,29,,,1,30,,1112473,29,,,1,70,,1112467,29,,,1,30,,1112489,29,,,1,70,,1072927,29,,,1,30,,1112482,29,,,1,70,,1112469,29,,,1,30,,1112459,29,,,1,70,,1112481,29,,,1,30,,1112457,29,,,1,70,,1112479,29,,,1,30,,1112471,29,,,1,70,,1112475,29,,,1,30,,1112486,29,,,1,29,,1112466,29,,,1,70,,1112461,29,,,1,73,,1112458,5,,,1,30,,1112465,5,,,1,70,,1112472,5,,,1,40,,1112470,5,,,1
1000,'3',538,,1112525,5,0,94,1,70,,1112499,5,0,94,1,30,,1112512,5,0,94,1,72,,1112511,5,0,94,1,30,,1112506,5,,,1,64,,1112496,29,,,1,30,,1112502,29,,,1,70,,1112519,29,,,1,30,,1112493,29,,,1,70,,1112495,29,,,1,31,,1112529,29,,,1,70,,1112500,29,,,1,30,,1112507,29,,,1,70,,1112518,29,,,1,30,,1112527,29,,,1,70,,1112523,29,,,1,30,,1112492,29,,,1,70,,1112526,29,,,1,30,,1112522,29,,,1,70,,1112509,29,,,1,30,,1112516,29,,,1,70,,1112514,29,,,1,30,,1112521,29,,,1,70,,1112524,29,,,1,30,,1112515,29,,,1,70,,1112508,29,,,1,30,,1112497,29,,,1,80,,1112494,5,,,1,30,,1112517,5,,,1,70,,1112504,5,,,1,30,,1112501,5,,,1,70,,1112520,5,,,1,30,,1112505,5,,,1,70,,1112510,5,,,1,30,,1112513,5,,,1,70,,1112498,5,,,1,30,,1112503,5,,,1,70,,1112528,5,,,1
1000,'4',538,,1112532,5,0,94,1,70,,1112545,5,0,94,1,30,,1112548,5,0,94,1,72,,1112551,5,0,94,1,30,,1112541,5,,,1,64,,1112531,29,,,1,30,,1112550,29,,,1,70,,1112561,29,,,1,30,,1112562,29,,,1,70,,1112566,29,,,1,31,,1112539,29,,,1,70,,1112537,29,,,1,30,,1112543,29,,,1,70,,1112534,29,,,1,30,,1112535,29,,,1,70,,1112547,29,,,1,30,,1112557,29,,,1,70,,1112565,29,,,1,30,,1112563,29,,,1,70,,1112546,29,,,1,30,,1112554,29,,,1,70,,1112555,29,,,1,30,,1112549,29,,,1,70,,1112560,29,,,1,30,,1112542,29,,,1,70,,1112544,29,,,1,30,,1112559,29,,,1,80,,1112538,5,,,1,30,,1112552,5,,,1,70,,1112556,5,,,1,30,,1112530,5,,,1,70,,1112536,5,,,1,30,,1112553,5,,,1,70,,1112533,5,,,1,30,,1112540,5,,,1,70,,1043363,5,,,1,30,,1112558,5,,,1,70,,1112564,5,,,1
1000,'5',558,,1112618,5,,,1,74,,1112572,29,,,1,17,,1025621,5,,,1,55,,1112573,29,,,1,21,,1112607,5,,,1,14,,1067724,29,,,1,18,,1112599,5,,,1,57,,1112583,29,,,1,15,,1112605,5,,,1,17,,1112593,29,,,1,56,,1112615,5,,,1,16,,1112616,29,,,1,9,,1112576,5,,,1,15,,1063068,29,,,1,14,,1112584,5,,,1,54,,1112585,29,,,1,13,,1112590,5,,,1,15,,1112617,29,,,1,16,,1112611,5,,,1,55,,1112592,29,,,1,16,,1112612,5,,,1,14,,1112578,29,,,1,15,,953418,5,,,1,55,,1112613,29,,,1,14,,1112606,5,,,1,16,,1112597,29,,,1,16,,1084413,5,,,1,57,,1112608,29,,,1,15,,1112601,5,,,1,15,,1112571,29,,,1,14,,1084727,5,,,1,56,,1112603,29,,,1,18,,1112614,5,,,1,14,,1112575,29,,,1,59,,1112574,5,,,1,11,,1112587,29,,,1,21,,1071904,5,,,1,14,,1112580,29,,,1,54,,1112568,5,,,1,18,,1112596,29,,,1,16,,1093372,5,,,1,17,,1112581,29,,,1,55,,1112577,5,,,1,15,,1112591,29,,,1,15,,1112582,5,,,1,14,,1112610,29,,,1,53,,1094583,5,,,1,13,,1112604,29,,,1,28,,1112595,29,,,1,72,,1112602,29,,,1,23,,1112586,29,,,1,70,,1112594,29,,,1,28,,1112609,29,,,1,68,,1112569,29,,,1,30,,1112589,29,,,1,70,,1112567,29,,,1,29,,1112600,29,,,1,70,,1112579,29,,,1,25,,1112598,29,,,1,19,,1112570,5,,,1
1000,'6',558,,1112632,5,,,1,74,,1112662,29,,,1,17,,1112655,5,,,1,55,,1112650,29,,,1,21,,1112620,5,,,1,14,,1112646,29,,,1,18,,1112627,5,,,1,57,,1102992,29,,,1,15,,1023560,5,,,1,17,,1112645,29,,,1,56,,1112643,5,,,1,16,,1112637,29,,,1,9,,1112665,5,,,1,15,,1112619,29,,,1,14,,1112660,5,,,1,54,,1112639,29,,,1,13,,1112653,5,,,1,15,,1005076,29,,,1,16,,1112651,5,,,1,55,,1112652,29,,,1,16,,1096525,5,,,1,14,,1112667,29,,,1,15,,1112641,5,,,1,55,,1112626,29,,,1,14,,1112623,5,,,1,16,,1081459,29,,,1,16,,1112649,5,,,1,57,,1112628,29,,,1,15,,1112635,5,,,1,15,,929183,29,,,1,14,,1088962,5,,,1,56,,1088319,29,,,1,18,,1112622,5,,,1,14,,1112656,29,,,1,59,,1112638,5,,,1,11,,1100099,29,,,1,21,,1083719,5,,,1,14,,1112657,29,,,1,54,,1112661,5,,,1,18,,1112634,29,,,1,16,,1112621,5,,,1,17,,1112636,29,,,1,55,,1112648,5,,,1,15,,1112647,29,,,1,15,,1112642,5,,,1,14,,1112664,29,,,1,53,,1112654,5,,,1,13,,1068101,29,,,1,28,,1112658,29,,,1,72,,1112640,29,,,1,23,,1112666,29,,,1,70,,1027716,29,,,1,28,,1112625,29,,,1,68,,1112630,29,,,1,30,,1112633,29,,,1,70,,1112631,29,,,1,29,,1061840,29,,,1,70,,1112624,29,,,1,25,,1112629,29,,,1,19,,1112663,5,,,1
1000,'7',533,,1112706,5,0,94,1,70,,1112693,5,0,94,1,28,,1112690,5,0,94,1,72,,1112683,5,,,1,30,,1112676,5,,,1,26,,1112698,29,,,1,70,,1112675,29,,,1,30,,1112689,29,,,1,70,,1112691,29,,,1,30,,1112692,29,,,1,71,,1112686,29,,,1,70,,1112668,29,,,1,30,,1112684,29,,,1,70,,1112705,29,,,1,30,,1112707,29,,,1,70,,1112694,29,,,1,30,,1112704,29,,,1,70,,1112687,29,,,1,30,,1112671,29,,,1,70,,1112697,29,,,1,30,,1112669,29,,,1,70,,1112670,29,,,1,30,,1112682,29,,,1,70,,1112696,29,,,1,30,,1112688,29,,,1,70,,1112703,29,,,1,30,,1112708,29,,,1,70,,1112685,29,,,1,30,,1112699,29,,,1,70,,1112672,29,,,1,30,,1112700,29,,,1,70,,1112679,29,,,1,30,,1112673,29,,,1,70,,1112695,29,,,1,30,,1112681,29,,,1,29,,1112677,29,,,1,70,,1112680,29,,,1,73,,1112674,5,,,1,30,,1112678,5,,,1,70,,1112702,5,,,1,40,,1112701,5,,,1
1000,'8',558,,1112730,5,,,1,74,,1112761,29,,,1,17,,1112754,5,,,1,55,,1112748,29,,,1,21,,1112710,5,,,1,14,,1112744,29,,,1,18,,1112725,5,,,1,57,,1112711,29,,,1,15,,1112718,5,,,1,17,,1112743,29,,,1,56,,1112741,5,,,1,16,,1112735,29,,,1,9,,1112764,5,,,1,15,,1112709,29,,,1,14,,1112759,5,,,1,54,,1112737,29,,,1,13,,1112752,5,,,1,15,,1112712,29,,,1,16,,1112749,5,,,1,55,,1112751,29,,,1,16,,1112766,5,,,1,14,,1112769,29,,,1,15,,1112739,5,,,1,55,,1112724,29,,,1,14,,1112719,5,,,1,16,,1112767,29,,,1,16,,1112747,5,,,1,57,,1112726,29,,,1,15,,1112733,5,,,1,15,,1112713,29,,,1,14,,1112722,5,,,1,56,,1112765,29,,,1,18,,1112715,5,,,1,14,,1112755,29,,,1,59,,1112736,5,,,1,11,,1112716,29,,,1,21,,1112750,5,,,1,14,,1112756,29,,,1,54,,1112760,5,,,1,18,,1112732,29,,,1,16,,1112714,5,,,1,17,,1112734,29,,,1,55,,1112746,5,,,1,15,,1112745,29,,,1,15,,1112740,5,,,1,14,,1112763,29,,,1,53,,1112753,5,,,1,13,,1112723,29,,,1,28,,1112757,29,,,1,72,,1112738,29,,,1,23,,1112768,29,,,1,70,,1112770,29,,,1,28,,1112721,29,,,1,68,,1112728,29,,,1,30,,1112731,29,,,1,70,,1112729,29,,,1,29,,1112717,29,,,1,70,,1112720,29,,,1,25,,1112727,29,,,1,19,,1112762,5,,,1
1000,'9',558,,1112822,5,,,1,74,,1112776,29,,,1,17,,1025858,5,,,1,55,,1112777,29,,,1,21,,1112811,5,,,1,14,,1067707,29,,,1,18,,1112803,5,,,1,57,,1112787,29,,,1,15,,1112809,5,,,1,17,,1112797,29,,,1,56,,1112819,5,,,1,16,,1112820,29,,,1,9,,1112780,5,,,1,15,,1062892,29,,,1,14,,1112788,5,,,1,54,,1112789,29,,,1,13,,1112794,5,,,1,15,,1112821,29,,,1,16,,1112815,5,,,1,55,,1112796,29,,,1,16,,1112816,5,,,1,14,,1112782,29,,,1,15,,953390,5,,,1,55,,1112817,29,,,1,14,,1112810,5,,,1,16,,1112801,29,,,1,16,,1084323,5,,,1,57,,1112812,29,,,1,15,,1112805,5,,,1,15,,1112775,29,,,1,14,,1084639,5,,,1,56,,1112807,29,,,1,18,,1112818,5,,,1,14,,1112779,29,,,1,59,,1112778,5,,,1,11,,1112791,29,,,1,21,,1071832,5,,,1,14,,1112784,29,,,1,54,,1112772,5,,,1,18,,1112800,29,,,1,16,,1093216,5,,,1,17,,1112785,29,,,1,55,,1112781,5,,,1,15,,1112795,29,,,1,15,,1112786,5,,,1,14,,1112814,29,,,1,53,,1094486,5,,,1,13,,1112808,29,,,1,28,,1112799,29,,,1,72,,1112806,29,,,1,23,,1112790,29,,,1,70,,1112798,29,,,1,28,,1112813,29,,,1,68,,1112773,29,,,1,30,,1112793,29,,,1,70,,1112771,29,,,1,29,,1112804,29,,,1,70,,1112783,29,,,1,25,,1112802,29,,,1,19,,1112774,5,,,1
