4301,'1',611,,1140803,14,,,1,95,,1140802,14,,,1,35,,1140798,14,,,1,71,,1140811,14,,,1,30,,1140800,14,,,1,99,,1140804,14,,,1,100,,1140813,14,,,1,99,,1140797,14,,,1,101,,1140805,14,,,1,100,,1140808,14,,,1,100,,1140806,14,,,1,106,,1140809,14,,,1,269,,1140814,14,,,1,25,,1140810,14,,,1,98,,1140801,14,,,1,100,,1140799,14,,,1,100,,948308,14,,,1,95,,1140807,14,,,1,100,,1140812,14,,,1
4301,'10',611,,1140821,14,,,1,95,,1140820,14,,,1,35,,1140816,14,,,1,71,,1140829,14,,,1,30,,1140818,14,,,1,99,,1140822,14,,,1,100,,1140831,14,,,1,99,,1140815,14,,,1,101,,1140823,14,,,1,100,,1140826,14,,,1,100,,1140824,14,,,1,106,,1140827,14,,,1,269,,1140832,14,,,1,25,,1140828,14,,,1,98,,1140819,14,,,1,100,,1140817,14,,,1,100,,948041,14,,,1,95,,1140825,14,,,1,100,,1140830,14,,,1
4301,'11',611,,1140839,14,,,1,95,,1140838,14,,,1,35,,1140834,14,,,1,71,,1140847,14,,,1,30,,1140836,14,,,1,99,,1140840,14,,,1,100,,1140849,14,,,1,99,,1140833,14,,,1,101,,1140841,14,,,1,100,,1140844,14,,,1,100,,1140842,14,,,1,106,,1140845,14,,,1,269,,1140850,14,,,1,25,,1140846,14,,,1,98,,1140837,14,,,1,100,,1140835,14,,,1,100,,948256,14,,,1,95,,1140843,14,,,1,100,,1140848,14,,,1
4301,'12',611,,1140857,14,,,1,95,,1140869,14,,,1,35,,1140854,14,,,1,71,,1140864,14,,,1,30,,1140855,14,,,1,99,,1140862,14,,,1,100,,1140858,14,,,1,99,,1140852,14,,,1,101,,1140851,14,,,1,100,,1140853,14,,,1,100,,1140860,14,,,1,106,,1140859,14,,,1,269,,1140866,14,,,1,25,,1140861,14,,,1,98,,1140868,14,,,1,100,,1140865,14,,,1,100,,1140863,14,,,1,95,,1140856,14,,,1,100,,1140867,14,,,1
4301,'14',611,,1140877,14,,,1,95,,1140876,14,,,1,35,,1140872,14,,,1,71,,1140885,14,,,1,30,,1140874,14,,,1,99,,1140878,14,,,1,100,,1140887,14,,,1,99,,1140870,14,,,1,101,,1140879,14,,,1,100,,1140882,14,,,1,100,,1140880,14,,,1,106,,1140883,14,,,1,269,,1140888,14,,,1,25,,1140884,14,,,1,98,,1140875,14,,,1,100,,1140873,14,,,1,100,,1140871,14,,,1,95,,1140881,14,,,1,100,,1140886,14,,,1
4301,'15',611,,1140897,14,,,1,95,,1140893,14,,,1,35,,1140904,14,,,1,71,,1140907,14,,,1,30,,1140900,14,,,1,99,,1140894,14,,,1,100,,1140903,14,,,1,99,,1140895,14,,,1,101,,1140892,14,,,1,100,,1140896,14,,,1,100,,1140890,14,,,1,106,,1140901,14,,,1,269,,1140898,14,,,1,25,,1140889,14,,,1,98,,1140891,14,,,1,100,,1140905,14,,,1,100,,1140899,14,,,1,95,,1140906,14,,,1,100,,1140902,14,,,1
4301,'16',611,,1140913,14,,,1,95,,1140925,14,,,1,35,,1140910,14,,,1,71,,1140920,14,,,1,30,,1140911,14,,,1,99,,1140918,14,,,1,100,,1140914,14,,,1,99,,1140909,14,,,1,101,,1140908,14,,,1,100,,1057172,14,,,1,100,,1140916,14,,,1,106,,1140915,14,,,1,269,,1140922,14,,,1,25,,1140917,14,,,1,98,,1140924,14,,,1,100,,1140921,14,,,1,100,,1140919,14,,,1,95,,1140912,14,,,1,100,,1140923,14,,,1
4301,'5',611,,1140932,14,,,1,95,,1140931,14,,,1,35,,1140927,14,,,1,71,,1140940,14,,,1,30,,1140929,14,,,1,99,,1140933,14,,,1,100,,1140942,14,,,1,99,,1140926,14,,,1,101,,1140934,14,,,1,100,,1140937,14,,,1,100,,1140935,14,,,1,106,,1140938,14,,,1,269,,1140943,14,,,1,25,,1140939,14,,,1,98,,1140930,14,,,1,100,,1140928,14,,,1,100,,948464,14,,,1,95,,1140936,14,,,1,100,,1140941,14,,,1
4301,'6',611,,1140949,14,,,1,95,,1011556,14,,,1,35,,1140946,14,,,1,71,,1140955,14,,,1,30,,1140947,14,,,1,99,,1140953,14,,,1,100,,1140950,14,,,1,99,,1140944,14,,,1,101,,1062240,14,,,1,100,,1140945,14,,,1,100,,1013616,14,,,1,106,,1140951,14,,,1,269,,1068107,14,,,1,25,,1140952,14,,,1,98,,1140958,14,,,1,100,,1140956,14,,,1,100,,1140954,14,,,1,95,,1140948,14,,,1,100,,1140957,14,,,1
4301,'8',611,,1140965,14,,,1,95,,1140977,14,,,1,35,,1140962,14,,,1,71,,1140972,14,,,1,30,,1140963,14,,,1,99,,1140970,14,,,1,100,,1140966,14,,,1,99,,1140960,14,,,1,101,,1140959,14,,,1,100,,1140961,14,,,1,100,,1140968,14,,,1,106,,1140967,14,,,1,269,,1140974,14,,,1,25,,1140969,14,,,1,98,,1140976,14,,,1,100,,1140973,14,,,1,100,,1140971,14,,,1,95,,1140964,14,,,1,100,,1140975,14,,,1
4301,'9',611,,1140984,14,,,1,95,,1140983,14,,,1,35,,1140979,14,,,1,71,,1140992,14,,,1,30,,1140981,14,,,1,99,,1140985,14,,,1,100,,1140994,14,,,1,99,,1140978,14,,,1,101,,1140986,14,,,1,100,,1140989,14,,,1,100,,1140987,14,,,1,106,,1140990,14,,,1,269,,1140995,14,,,1,25,,1140991,14,,,1,98,,1140982,14,,,1,100,,1140980,14,,,1,100,,948412,14,,,1,95,,1140988,14,,,1,100,,1140993,14,,,1
