11700,'1',645,,1188876,30,,,1,69,,1188877,30,,,1,27,,1188875,30,,,1,73,,1099309,30,,,1
11700,'10',645,,1188879,30,,,1,69,,1188880,30,,,1,27,,1188878,30,,,1,73,,1099197,30,,,1
11700,'11',645,,1188882,30,,,1,69,,1188883,30,,,1,27,,1188881,30,,,1,73,,1099347,30,,,1
11700,'12',645,,1188885,30,,,1,69,,1188884,30,,,1,27,,1070880,30,,,1,73,,1188886,30,,,1
11700,'14',645,,1188889,30,,,1,69,,1188890,30,,,1,27,,1188888,30,,,1,73,,1188887,30,,,1
11700,'15',645,,1188894,30,,,1,69,,1188891,30,,,1,27,,1188892,30,,,1,73,,1188893,30,,,1
11700,'16',645,,1188896,30,,,1,69,,1188895,30,,,1,27,,1188897,30,,,1,73,,1086728,30,,,1
11700,'5',645,,1188899,30,,,1,69,,1188900,30,,,1,27,,1188898,30,,,1,73,,1099286,30,,,1
11700,'6',645,,1188902,30,,,1,69,,1188901,30,,,1,27,,1188904,30,,,1,73,,1188903,30,,,1
11700,'8',645,,1188906,30,,,1,69,,1188905,30,,,1,27,,1188908,30,,,1,73,,1188907,30,,,1
11700,'9',645,,1188910,30,,,1,69,,1188911,30,,,1,27,,1188909,30,,,1,73,,1099232,30,,,1
67001,'1',1524,,950271,52,,,1
67001,'10',1524,,950105,52,,,1
67001,'11',1524,,950245,52,,,1
67001,'12',1524,,1200073,52,,,1
67001,'14',1524,,1200074,52,,,1
67001,'15',1524,,1200075,52,,,1
67001,'16',1524,,1063652,52,,,1
67001,'5',1524,,950355,52,,,1
67001,'6',1524,,1200076,52,,,1
67001,'8',1524,,1200077,52,,,1
67001,'9',1524,,950329,52,,,1
68701,'1',1506,,1200543,50,,,1
68701,'10',1506,,1200544,50,,,1
68701,'11',1506,,1200545,50,,,1
68701,'12',1506,,1200546,50,,,1
68701,'14',1506,,1200547,50,,,1
68701,'15',1506,,1200548,50,,,1
68701,'16',1506,,1200549,50,,,1
68701,'5',1506,,1200550,50,,,1
68701,'6',1506,,1200551,50,,,1
68701,'8',1506,,1200552,50,,,1
68701,'9',1506,,1200553,50,,,1
