1900,'1',538,,1121416,6,,,1,68,,891824,17,,,1,30,,1061735,17,,,1,15,,1121395,17,,,1,66,,1047258,17,,,1,28,,1088783,17,,,1,70,,1121415,17,,,1,35,,1121410,26,,,1,66,,1121403,26,,,1,28,,1121399,26,,,1,70,,1121409,26,,,1,30,,1121398,26,,,1,70,,1121400,26,,,1,30,,1121421,26,,,1,72,,1121411,26,,,1,29,,1121414,26,,,1,70,,1121402,26,,,1,31,,1102254,26,,,1,71,,1121406,26,,,1,30,,1094839,26,,,1,74,,1121419,26,,,1,26,,1121417,26,,,1,70,,1121397,26,,,1,30,,1077491,26,,,1,71,,1121401,26,,,1,32,,1121412,26,,,1,68,,1121413,26,,,1,32,,1087560,26,,,1,67,,1121420,26,,,1,28,,1121408,26,,,1,71,,1121407,26,,,1,31,,1121396,26,,,1,70,,948816,26,,,1,34,,1121418,26,,,1,69,,1121404,17,,,1,29,,1033803,26,,,1,109,,1121405,17,,,1
1900,'10',538,,1121443,6,,,1,68,,891853,17,,,1,30,,1061510,17,,,1,15,,1121422,17,,,1,66,,1047439,17,,,1,28,,1088378,17,,,1,70,,1121442,17,,,1,35,,1121437,26,,,1,66,,1121430,26,,,1,28,,1121426,26,,,1,70,,1121436,26,,,1,30,,1121425,26,,,1,70,,1121427,26,,,1,30,,1121448,26,,,1,72,,1121438,26,,,1,29,,1121441,26,,,1,70,,1121429,26,,,1,31,,1102236,26,,,1,71,,1121433,26,,,1,30,,1094699,26,,,1,74,,1121446,26,,,1,26,,1121444,26,,,1,70,,1121424,26,,,1,30,,1077378,26,,,1,71,,1121428,26,,,1,32,,1121439,26,,,1,68,,1121440,26,,,1,32,,1087350,26,,,1,67,,1121447,26,,,1,28,,1121435,26,,,1,71,,1121434,26,,,1,31,,1121423,26,,,1,70,,948567,26,,,1,34,,1121445,26,,,1,69,,1121431,17,,,1,29,,1033922,26,,,1,109,,1121432,17,,,1
1900,'11',538,,1121470,6,,,1,68,,891747,17,,,1,30,,1061802,17,,,1,15,,1121449,17,,,1,66,,1047206,17,,,1,28,,1088904,17,,,1,70,,1121469,17,,,1,35,,1121464,26,,,1,66,,1121457,26,,,1,28,,1121453,26,,,1,70,,1121463,26,,,1,30,,1121452,26,,,1,70,,1121454,26,,,1,30,,1121475,26,,,1,72,,1121465,26,,,1,29,,1121468,26,,,1,70,,1121456,26,,,1,31,,1102260,26,,,1,71,,1121460,26,,,1,30,,1094881,26,,,1,74,,1121473,26,,,1,26,,1121471,26,,,1,70,,1121451,26,,,1,30,,1077524,26,,,1,71,,1121455,26,,,1,32,,1121466,26,,,1,68,,1121467,26,,,1,32,,1087624,26,,,1,67,,1121474,26,,,1,28,,1121462,26,,,1,71,,1121461,26,,,1,31,,1121450,26,,,1,70,,948775,26,,,1,34,,1121472,26,,,1,69,,1121458,17,,,1,29,,1033768,26,,,1,109,,1121459,17,,,1
1900,'12',538,,1121502,6,,,1,68,,1121493,17,,,1,30,,996267,17,,,1,15,,1121500,17,,,1,66,,1121486,17,,,1,28,,1121492,17,,,1,70,,958592,17,,,1,35,,1121479,26,,,1,66,,1121480,26,,,1,28,,1121477,26,,,1,70,,1121488,26,,,1,30,,1121476,26,,,1,70,,1121499,26,,,1,30,,1090196,26,,,1,72,,1121497,26,,,1,29,,1121490,26,,,1,70,,1121482,26,,,1,31,,1121483,26,,,1,71,,1072305,26,,,1,30,,1121503,26,,,1,74,,1121484,26,,,1,26,,1121495,26,,,1,70,,1121491,26,,,1,30,,1121481,26,,,1,71,,1121498,26,,,1,32,,1121504,26,,,1,68,,1121485,26,,,1,32,,1121506,26,,,1,67,,1004596,26,,,1,28,,1121501,26,,,1,71,,1121487,26,,,1,31,,1121494,26,,,1,70,,1091220,26,,,1,34,,1121505,26,,,1,69,,1121478,17,,,1,29,,1121489,26,,,1,109,,1121496,17,,,1
1900,'13',924,,1121512,26,,,1,30,,1121519,26,,,1,70,,1121523,26,,,1,30,,1121524,26,,,1,70,,1121528,26,,,1,30,,1121518,26,,,1,70,,1121532,26,,,1,32,,1121529,26,,,1,70,,1121509,26,,,1,30,,1121510,26,,,1,70,,1121508,26,,,1,30,,1121515,26,,,1,70,,1121513,26,,,1,30,,1121520,26,,,1,70,,1121527,26,,,1,30,,1121531,26,,,1,70,,1121530,26,,,1,30,,1121533,26,,,1,70,,1121507,26,,,1,29,,1121525,26,,,1,70,,1121521,26,,,1,30,,1121511,26,,,1,69,,1121514,17,,,1,30,,1121526,17,,,1,70,,1121517,17,,,1,30,,1121516,17,,,1,100,,1121522,17,,,1
1900,'14',538,,1121561,6,,,1,68,,1121535,17,,,1,30,,1121538,17,,,1,15,,1121536,17,,,1,66,,1121540,17,,,1,28,,1121545,17,,,1,70,,1121560,17,,,1,35,,1121555,26,,,1,66,,1121548,26,,,1,28,,1121543,26,,,1,70,,1121554,26,,,1,30,,1121542,26,,,1,70,,1121544,26,,,1,30,,1121568,26,,,1,72,,1121556,26,,,1,29,,1121559,26,,,1,70,,1121547,26,,,1,31,,1121564,26,,,1,71,,1121551,26,,,1,30,,1121569,26,,,1,74,,1121565,26,,,1,26,,1121562,26,,,1,70,,1121541,26,,,1,30,,1121534,26,,,1,71,,1121546,26,,,1,32,,1121557,26,,,1,68,,1121558,26,,,1,32,,1121539,26,,,1,67,,1121567,26,,,1,28,,1121553,26,,,1,71,,1121552,26,,,1,31,,1121537,26,,,1,70,,1121570,26,,,1,34,,1121563,26,,,1,69,,1121549,17,,,1,29,,1121566,26,,,1,109,,1121550,17,,,1
1900,'15',538,,1121590,6,,,1,68,,1121601,17,,,1,30,,1121607,17,,,1,15,,1121578,17,,,1,66,,1121596,17,,,1,28,,1121603,17,,,1,70,,1121579,17,,,1,35,,1121575,26,,,1,66,,1121592,26,,,1,28,,1121604,26,,,1,70,,1121602,26,,,1,30,,1121573,26,,,1,70,,1121593,26,,,1,30,,1121591,26,,,1,72,,1121581,26,,,1,29,,1121595,26,,,1,70,,1121577,26,,,1,31,,1121571,26,,,1,71,,1121576,26,,,1,30,,1121585,26,,,1,74,,1121597,26,,,1,26,,1121594,26,,,1,70,,1121583,26,,,1,30,,1121606,26,,,1,71,,1121572,26,,,1,32,,1121588,26,,,1,68,,1121582,26,,,1,32,,1121589,26,,,1,67,,1121587,26,,,1,28,,1121584,26,,,1,71,,1121599,26,,,1,31,,1121598,26,,,1,70,,1121574,26,,,1,34,,1121605,26,,,1,69,,1121600,17,,,1,29,,1121586,26,,,1,109,,1121580,17,,,1
1900,'16',538,,1121635,6,,,1,68,,1121626,17,,,1,30,,1121608,17,,,1,15,,1121633,17,,,1,66,,1121620,17,,,1,28,,1121625,17,,,1,70,,1121610,17,,,1,35,,1121612,26,,,1,66,,1121613,26,,,1,28,,1093433,26,,,1,70,,1011807,26,,,1,30,,970525,26,,,1,70,,1121632,26,,,1,30,,1121611,26,,,1,72,,1121630,26,,,1,29,,1121623,26,,,1,70,,1121616,26,,,1,31,,1121617,26,,,1,71,,1121614,26,,,1,30,,1092933,26,,,1,74,,1121618,26,,,1,26,,1121628,26,,,1,70,,1121624,26,,,1,30,,1121615,26,,,1,71,,1121631,26,,,1,32,,1121638,26,,,1,68,,1121619,26,,,1,32,,1121640,26,,,1,67,,1121636,26,,,1,28,,1121634,26,,,1,71,,1121621,26,,,1,31,,1121627,26,,,1,70,,1121637,26,,,1,34,,1121639,26,,,1,69,,1121609,17,,,1,29,,1121622,26,,,1,109,,1121629,17,,,1
1900,'17',924,,1121646,26,,,1,30,,1121653,26,,,1,70,,1121657,26,,,1,30,,1121658,26,,,1,70,,1121662,26,,,1,30,,1121652,26,,,1,70,,1121666,26,,,1,32,,1121663,26,,,1,70,,1121643,26,,,1,30,,1121644,26,,,1,70,,1121642,26,,,1,30,,1121649,26,,,1,70,,1121647,26,,,1,30,,1121654,26,,,1,70,,1121661,26,,,1,30,,1121665,26,,,1,70,,1121664,26,,,1,30,,1121667,26,,,1,70,,1121641,26,,,1,29,,1121659,26,,,1,70,,1121655,26,,,1,30,,1121645,26,,,1,69,,1121648,17,,,1,30,,1121660,17,,,1,70,,1121651,17,,,1,30,,1121650,17,,,1,100,,1121656,17,,,1
1900,'2',651,,1121685,17,,,1,100,,1062833,17,,,1,70,,1121695,17,,,1,30,,1121690,26,,,1,70,,1121679,26,,,1,30,,1121677,26,,,1,70,,1121683,26,,,1,30,,1121686,26,,,1,70,,1076818,26,,,1,30,,1121691,26,,,1,70,,1121670,26,,,1,32,,1121682,26,,,1,70,,1121680,26,,,1,30,,1121672,26,,,1,70,,1121676,26,,,1,30,,1121689,26,,,1,70,,1121684,26,,,1,30,,1121678,26,,,1,70,,1121673,26,,,1,30,,1121681,26,,,1,70,,1121696,26,,,1,30,,1121669,26,,,1,70,,1121692,26,,,1,29,,1092644,26,,,1,70,,1121688,26,,,1,30,,1121671,26,,,1,70,,1121687,26,,,1,29,,1121694,26,,,1,70,,1121668,26,,,1,30,,1121675,17,,,1,70,,1121674,17,,,1,30,,1100341,17,,,1,100,,1121693,17,,,1
1900,'3',924,,1121702,26,,,1,30,,1121709,26,,,1,70,,1121713,26,,,1,30,,1121714,26,,,1,70,,1121718,26,,,1,30,,1121708,26,,,1,70,,1121722,26,,,1,32,,1121719,26,,,1,70,,1121699,26,,,1,30,,1121700,26,,,1,70,,1121698,26,,,1,30,,1121705,26,,,1,70,,1121703,26,,,1,30,,1121710,26,,,1,70,,1121717,26,,,1,30,,1121721,26,,,1,70,,1121720,26,,,1,30,,1121723,26,,,1,70,,1121697,26,,,1,29,,1121715,26,,,1,70,,1121711,26,,,1,30,,1121701,26,,,1,69,,1121704,17,,,1,30,,1121716,17,,,1,70,,1121707,17,,,1,30,,1121706,17,,,1,100,,1121712,17,,,1
1900,'4',924,,1121730,26,,,1,30,,1121745,26,,,1,70,,1121726,26,,,1,30,,1121738,26,,,1,70,,1121725,26,,,1,30,,1121737,26,,,1,70,,994478,26,,,1,32,,1121740,26,,,1,70,,1121733,26,,,1,30,,1121736,26,,,1,70,,1121727,26,,,1,30,,1121742,26,,,1,70,,1121729,26,,,1,30,,1121732,26,,,1,70,,1121724,26,,,1,30,,1121735,26,,,1,70,,1121743,26,,,1,30,,1084381,26,,,1,70,,1121734,26,,,1,29,,1121731,26,,,1,70,,1071204,26,,,1,30,,1121741,26,,,1,69,,1121728,17,,,1,30,,1121744,17,,,1,70,,1121746,17,,,1,30,,1121739,17,,,1,100,,1064366,17,,,1
1900,'5',538,,1121768,6,,,1,68,,891953,17,,,1,30,,1061693,17,,,1,15,,1121747,17,,,1,66,,1046954,17,,,1,28,,1088719,17,,,1,70,,1121767,17,,,1,35,,1121762,26,,,1,66,,1121755,26,,,1,28,,1121751,26,,,1,70,,1121761,26,,,1,30,,1121750,26,,,1,70,,1121752,26,,,1,30,,1121773,26,,,1,72,,1121763,26,,,1,29,,1121766,26,,,1,70,,1121754,26,,,1,31,,1102248,26,,,1,71,,1121758,26,,,1,30,,1094821,26,,,1,74,,1121771,26,,,1,26,,1121769,26,,,1,70,,1121749,26,,,1,30,,1077473,26,,,1,71,,1121753,26,,,1,32,,1121764,26,,,1,68,,1121765,26,,,1,32,,1087517,26,,,1,67,,1121772,26,,,1,28,,1121760,26,,,1,71,,1121759,26,,,1,31,,1121748,26,,,1,70,,948953,26,,,1,34,,1121770,26,,,1,69,,1121756,17,,,1,29,,1033603,26,,,1,109,,1121757,17,,,1
1900,'6',538,,1121801,6,,,1,68,,1121793,17,,,1,30,,1121776,17,,,1,15,,1121799,17,,,1,66,,1121786,17,,,1,28,,1121792,17,,,1,70,,1121778,17,,,1,35,,953237,26,,,1,66,,1091407,26,,,1,28,,1121775,26,,,1,70,,1121788,26,,,1,30,,1121774,26,,,1,70,,1121798,26,,,1,30,,1121779,26,,,1,72,,1102061,26,,,1,29,,1121790,26,,,1,70,,1121782,26,,,1,31,,1121783,26,,,1,71,,1121780,26,,,1,30,,1121802,26,,,1,74,,1121784,26,,,1,26,,1121795,26,,,1,70,,1121791,26,,,1,30,,1121781,26,,,1,71,,1121797,26,,,1,32,,1121805,26,,,1,68,,1121785,26,,,1,32,,998251,26,,,1,67,,1121803,26,,,1,28,,1121800,26,,,1,71,,1121787,26,,,1,31,,1121794,26,,,1,70,,1121804,26,,,1,34,,1121806,26,,,1,69,,1121777,17,,,1,29,,1121789,26,,,1,109,,1121796,17,,,1
1900,'7',651,,1121838,17,,,1,100,,1121817,17,,,1,70,,1121815,17,,,1,30,,1121811,26,,,1,70,,1121834,26,,,1,30,,1121809,26,,,1,70,,1121830,26,,,1,30,,1121839,26,,,1,70,,1121810,26,,,1,30,,1121831,26,,,1,70,,1121826,26,,,1,32,,1121812,26,,,1,70,,1121819,26,,,1,30,,1121837,26,,,1,70,,1121828,26,,,1,30,,1121836,26,,,1,70,,1121825,26,,,1,30,,1121822,26,,,1,70,,1121818,26,,,1,30,,1121835,26,,,1,70,,1121821,26,,,1,30,,1121813,26,,,1,70,,1121833,26,,,1,29,,1121824,26,,,1,70,,1121808,26,,,1,30,,1121814,26,,,1,70,,1121829,26,,,1,29,,1121807,26,,,1,70,,1121820,26,,,1,30,,1121816,17,,,1,70,,1121823,17,,,1,30,,1121827,17,,,1,100,,1121832,17,,,1
1900,'8',538,,1121870,6,,,1,68,,1121861,17,,,1,30,,1121842,17,,,1,15,,1121868,17,,,1,66,,1121854,17,,,1,28,,1121860,17,,,1,70,,1121844,17,,,1,35,,1121846,26,,,1,66,,1121847,26,,,1,28,,1121841,26,,,1,70,,1121856,26,,,1,30,,1121840,26,,,1,70,,1121867,26,,,1,30,,1121845,26,,,1,72,,1121865,26,,,1,29,,1121858,26,,,1,70,,1121850,26,,,1,31,,1121851,26,,,1,71,,1121848,26,,,1,30,,1121871,26,,,1,74,,1121852,26,,,1,26,,1121863,26,,,1,70,,1121859,26,,,1,30,,1121849,26,,,1,71,,1121866,26,,,1,32,,1121874,26,,,1,68,,1121853,26,,,1,32,,1121876,26,,,1,67,,1121872,26,,,1,28,,1121869,26,,,1,71,,1121855,26,,,1,31,,1121862,26,,,1,70,,1121873,26,,,1,34,,1121875,26,,,1,69,,1121843,17,,,1,29,,1121857,26,,,1,109,,1121864,17,,,1
1900,'9',538,,1121898,6,,,1,68,,891882,17,,,1,30,,1061578,17,,,1,15,,1121877,17,,,1,66,,1047310,17,,,1,28,,1088504,17,,,1,70,,1121897,17,,,1,35,,1121892,26,,,1,66,,1121885,26,,,1,28,,1121881,26,,,1,70,,1121891,26,,,1,30,,1121880,26,,,1,70,,1121882,26,,,1,30,,1121903,26,,,1,72,,1121893,26,,,1,29,,1121896,26,,,1,70,,1121884,26,,,1,31,,1102242,26,,,1,71,,1121888,26,,,1,30,,1094740,26,,,1,74,,1121901,26,,,1,26,,1121899,26,,,1,70,,1121879,26,,,1,30,,1077411,26,,,1,71,,1121883,26,,,1,32,,1121894,26,,,1,68,,1121895,26,,,1,32,,1087417,26,,,1,67,,1121902,26,,,1,28,,1121890,26,,,1,71,,1121889,26,,,1,31,,1121878,26,,,1,70,,948912,26,,,1,34,,1121900,26,,,1,69,,1121886,17,,,1,29,,1033838,26,,,1,109,,1121887,17,,,1
2000,'1',545,,1028013,42,,,1,100,,1122430,42,,,1,73,,1122435,42,,,1,31,,1122432,42,,,1,72,,1122421,42,,,1,30,,1122437,42,,,1,69,,1078716,42,,,1,31,,1122419,42,,,1,70,,1122439,42,,,1,30,,1122433,42,,,1,70,,1122425,42,,,1,30,,1122441,42,,,1,71,,1122429,42,,,1,30,,1071278,42,,,1,70,,1122424,42,,,1,30,,1054364,42,,,1,70,,1122426,42,,,1,31,,1122445,42,,,1,103,,1122438,42,,,1,74,,1122418,42,,,1,29,,1122428,42,,,1,67,,1122427,42,,,1,95,,1122440,42,,,1,29,,1122434,42,,,1,68,,1122431,42,,,1,28,,1100547,42,,,1,70,,1122422,42,,,1,30,,1122436,42,,,1,70,,1122443,42,,,1,29,,1122420,42,,,1,73,,1122444,42,,,1,28,,934022,42,,,1,68,,1122423,42,,,1,96,,1122442,42,,,1
2000,'10',545,,1028100,42,,,1,100,,1122458,42,,,1,73,,1122463,42,,,1,31,,1122460,42,,,1,72,,1122449,42,,,1,30,,1122465,42,,,1,69,,1078452,42,,,1,31,,1122447,42,,,1,70,,1122467,42,,,1,30,,1122461,42,,,1,70,,1122453,42,,,1,30,,1122469,42,,,1,71,,1122457,42,,,1,30,,1071081,42,,,1,70,,1122452,42,,,1,30,,1054421,42,,,1,70,,1122454,42,,,1,31,,1122473,42,,,1,103,,1122466,42,,,1,74,,1122446,42,,,1,29,,1122456,42,,,1,67,,1122455,42,,,1,95,,1122468,42,,,1,29,,1122462,42,,,1,68,,1122459,42,,,1,28,,1100469,42,,,1,70,,1122450,42,,,1,30,,1122464,42,,,1,70,,1122471,42,,,1,29,,1122448,42,,,1,73,,1122472,42,,,1,28,,934028,42,,,1,68,,1122451,42,,,1,96,,1122470,42,,,1
2000,'11',545,,1027987,42,,,1,100,,1122486,42,,,1,73,,1122491,42,,,1,31,,1122488,42,,,1,72,,1122477,42,,,1,30,,1122493,42,,,1,69,,1078796,42,,,1,31,,1122475,42,,,1,70,,1122495,42,,,1,30,,1122489,42,,,1,70,,1122481,42,,,1,30,,1122497,42,,,1,71,,1122485,42,,,1,30,,1071340,42,,,1,70,,1122480,42,,,1,30,,1054347,42,,,1,70,,1122482,42,,,1,31,,1122501,42,,,1,103,,1122494,42,,,1,74,,1122474,42,,,1,29,,1122484,42,,,1,67,,1122483,42,,,1,95,,1122496,42,,,1,29,,1122490,42,,,1,68,,1122487,42,,,1,28,,1100568,42,,,1,70,,1122478,42,,,1,30,,1122492,42,,,1,70,,1122499,42,,,1,29,,1122476,42,,,1,73,,1122500,42,,,1,28,,934016,42,,,1,68,,1122479,42,,,1,96,,1122498,42,,,1
2000,'12',545,,1122518,42,,,1,100,,1122513,42,,,1,73,,1122508,42,,,1,31,,1122524,42,,,1,72,,1122530,42,,,1,30,,1122514,42,,,1,69,,1122526,42,,,1,31,,1122528,42,,,1,70,,1122516,42,,,1,30,,1122531,42,,,1,70,,1071885,42,,,1,30,,1122525,42,,,1,71,,1122521,42,,,1,30,,1122523,42,,,1,70,,1098330,42,,,1,30,,1122522,42,,,1,70,,1122509,42,,,1,31,,1122502,42,,,1,103,,1122533,42,,,1,74,,1122529,42,,,1,29,,1122520,42,,,1,67,,1122504,42,,,1,95,,1122511,42,,,1,29,,1122515,42,,,1,68,,1122527,42,,,1,28,,1122506,42,,,1,70,,1122507,42,,,1,30,,1122517,42,,,1,70,,1122505,42,,,1,29,,1122512,42,,,1,73,,1122510,42,,,1,28,,1122503,42,,,1,68,,1122519,42,,,1,96,,1122532,42,,,1
2000,'13',941,,1122536,42,,,1,70,,1069980,42,,,1,32,,1122558,42,,,1,70,,1122546,42,,,1,30,,1122540,42,,,1,70,,1122537,42,,,1,30,,1122557,42,,,1,70,,1122547,42,,,1,30,,1122556,42,,,1,70,,1122555,42,,,1,31,,1122553,42,,,1,70,,1122550,42,,,1,30,,1122539,42,,,1,70,,1122534,42,,,1,30,,1122551,42,,,1,70,,1122542,42,,,1,30,,1122548,42,,,1,70,,1122544,42,,,1,29,,1122538,42,,,1,70,,1122545,42,,,1,30,,1122549,42,,,1,70,,1122552,42,,,1,28,,1122535,42,,,1,70,,1122554,42,,,1,99,,1122543,42,,,1,100,,1122541,42,,,1
2000,'14',545,,1122591,42,,,1,100,,1122575,42,,,1,73,,1122581,42,,,1,31,,1122578,42,,,1,72,,1122565,42,,,1,30,,1122583,42,,,1,69,,1122576,42,,,1,31,,1122562,42,,,1,70,,1122585,42,,,1,30,,1122579,42,,,1,70,,1122569,42,,,1,30,,1122587,42,,,1,71,,1122574,42,,,1,30,,1122573,42,,,1,70,,1122568,42,,,1,30,,1122560,42,,,1,70,,1122570,42,,,1,31,,1122592,42,,,1,103,,1122584,42,,,1,74,,1122559,42,,,1,29,,1122572,42,,,1,67,,1122571,42,,,1,95,,1122586,42,,,1,29,,1122580,42,,,1,68,,1122577,42,,,1,28,,1122563,42,,,1,70,,1122566,42,,,1,30,,1122582,42,,,1,70,,1122589,42,,,1,29,,1122564,42,,,1,73,,1122590,42,,,1,28,,1122561,42,,,1,68,,1122567,42,,,1,96,,1122588,42,,,1
2000,'15',545,,1122614,42,,,1,100,,1122613,42,,,1,73,,1122617,42,,,1,31,,1122606,42,,,1,72,,1122618,42,,,1,30,,1122619,42,,,1,69,,1122611,42,,,1,31,,1122622,42,,,1,70,,1122603,42,,,1,30,,1122593,42,,,1,70,,1122596,42,,,1,30,,1122612,42,,,1,71,,1122625,42,,,1,30,,1122594,42,,,1,70,,1122624,42,,,1,30,,1122609,42,,,1,70,,1122607,42,,,1,31,,1122600,42,,,1,103,,1122605,42,,,1,74,,1122608,42,,,1,29,,1122602,42,,,1,67,,1122601,42,,,1,95,,1122620,42,,,1,29,,1122626,42,,,1,68,,1122610,42,,,1,28,,1122597,42,,,1,70,,1122615,42,,,1,30,,1122621,42,,,1,70,,1122623,42,,,1,29,,1122598,42,,,1,73,,1122599,42,,,1,28,,1122604,42,,,1,68,,1122595,42,,,1,96,,1122616,42,,,1
2000,'16',545,,1122643,42,,,1,100,,1122638,42,,,1,73,,1122633,42,,,1,31,,1122649,42,,,1,72,,1122655,42,,,1,30,,1122639,42,,,1,69,,1122651,42,,,1,31,,1122653,42,,,1,70,,1122641,42,,,1,30,,1122656,42,,,1,70,,1122629,42,,,1,30,,1122650,42,,,1,71,,1122646,42,,,1,30,,1122648,42,,,1,70,,1122627,42,,,1,30,,1122647,42,,,1,70,,1122634,42,,,1,31,,1122628,42,,,1,103,,1097890,42,,,1,74,,1122654,42,,,1,29,,1122645,42,,,1,67,,1122631,42,,,1,95,,1122636,42,,,1,29,,1122640,42,,,1,68,,1122652,42,,,1,28,,1122632,42,,,1,70,,1091337,42,,,1,30,,1122642,42,,,1,70,,1066988,42,,,1,29,,1122637,42,,,1,73,,1122635,42,,,1,28,,1122630,42,,,1,68,,1122644,42,,,1,96,,1122657,42,,,1
2000,'17',941,,1122660,42,,,1,70,,1122683,42,,,1,32,,1122682,42,,,1,70,,1122670,42,,,1,30,,1122664,42,,,1,70,,1122661,42,,,1,30,,1122681,42,,,1,70,,1122671,42,,,1,30,,1122680,42,,,1,70,,1122679,42,,,1,31,,1122677,42,,,1,70,,1122674,42,,,1,30,,1122663,42,,,1,70,,1122658,42,,,1,30,,1122675,42,,,1,70,,1122666,42,,,1,30,,1122672,42,,,1,70,,1122668,42,,,1,29,,1122662,42,,,1,70,,1122669,42,,,1,30,,1122673,42,,,1,70,,1122676,42,,,1,28,,1122659,42,,,1,70,,1122678,42,,,1,99,,1122667,42,,,1,100,,1122665,42,,,1
2000,'2',712,,1122685,42,,,1,100,,1122684,42,,,1,30,,1122688,42,,,1,70,,1122691,42,,,1,31,,1122687,42,,,1,70,,1122699,42,,,1,32,,1122693,42,,,1,70,,1122692,42,,,1,30,,1122698,42,,,1,70,,1122705,42,,,1,30,,1122703,42,,,1,70,,1122686,42,,,1,30,,1087069,42,,,1,70,,1122690,42,,,1,31,,1122709,42,,,1,70,,1122700,42,,,1,30,,1122707,42,,,1,70,,1122701,42,,,1,30,,1065008,42,,,1,70,,1122689,42,,,1,30,,1122695,42,,,1,70,,1122694,42,,,1,29,,1122706,42,,,1,70,,1122704,42,,,1,30,,1122696,42,,,1,80,,1122697,42,,,1,98,,1020377,42,,,1,99,,1122702,42,,,1,100,,1122710,42,,,1,100,,1122708,42,,,1
2000,'3',941,,1122713,42,,,1,70,,1122736,42,,,1,32,,1122735,42,,,1,70,,1122723,42,,,1,30,,1122717,42,,,1,70,,1122714,42,,,1,30,,1122734,42,,,1,70,,1122724,42,,,1,30,,1122733,42,,,1,70,,1122732,42,,,1,31,,1122730,42,,,1,70,,1122727,42,,,1,30,,1122716,42,,,1,70,,1122711,42,,,1,30,,1122728,42,,,1,70,,1122719,42,,,1,30,,1122725,42,,,1,70,,1122721,42,,,1,29,,1122715,42,,,1,70,,1122722,42,,,1,30,,1122726,42,,,1,70,,1122729,42,,,1,28,,1122712,42,,,1,70,,1122731,42,,,1,99,,1122720,42,,,1,100,,1122718,42,,,1
2000,'4',941,,1025262,42,,,1,70,,1122756,42,,,1,32,,1122746,42,,,1,70,,1122743,42,,,1,30,,1122745,42,,,1,70,,1122751,42,,,1,30,,1122752,42,,,1,70,,1122739,42,,,1,30,,1122757,42,,,1,70,,1059699,42,,,1,31,,1066850,42,,,1,70,,1122748,42,,,1,30,,1122753,42,,,1,70,,1000607,42,,,1,30,,1122750,42,,,1,70,,1122744,42,,,1,30,,1122737,42,,,1,70,,1122738,42,,,1,29,,1122749,42,,,1,70,,1122754,42,,,1,30,,1122758,42,,,1,70,,1122741,42,,,1,28,,1122747,42,,,1,70,,1122740,42,,,1,99,,1122755,42,,,1,100,,1122742,42,,,1
2000,'5',545,,1027909,42,,,1,100,,1122771,42,,,1,73,,1122776,42,,,1,31,,1122773,42,,,1,72,,1122762,42,,,1,30,,1122778,42,,,1,69,,1078668,42,,,1,31,,1122760,42,,,1,70,,1122780,42,,,1,30,,1122774,42,,,1,70,,1122766,42,,,1,30,,1122782,42,,,1,71,,1122770,42,,,1,30,,1071244,42,,,1,70,,1122765,42,,,1,30,,1054266,42,,,1,70,,1122767,42,,,1,31,,1122786,42,,,1,103,,1122779,42,,,1,74,,1122759,42,,,1,29,,1122769,42,,,1,67,,1122768,42,,,1,95,,1122781,42,,,1,29,,1122775,42,,,1,68,,1122772,42,,,1,28,,1100534,42,,,1,70,,1122763,42,,,1,30,,1122777,42,,,1,70,,1122784,42,,,1,29,,1122761,42,,,1,73,,1122785,42,,,1,28,,934040,42,,,1,68,,1122764,42,,,1,96,,1122783,42,,,1
2000,'6',545,,1122798,42,,,1,100,,1122793,42,,,1,73,,1096880,42,,,1,31,,1122804,42,,,1,72,,1122810,42,,,1,30,,1122794,42,,,1,69,,1122806,42,,,1,31,,1122808,42,,,1,70,,1122796,42,,,1,30,,1122811,42,,,1,70,,1122788,42,,,1,30,,1122805,42,,,1,71,,1122801,42,,,1,30,,1122803,42,,,1,70,,1122787,42,,,1,30,,1122802,42,,,1,70,,1122791,42,,,1,31,,1064234,42,,,1,103,,1122812,42,,,1,74,,1122809,42,,,1,29,,1122800,42,,,1,67,,1046498,42,,,1,95,,1122792,42,,,1,29,,1122795,42,,,1,68,,1122807,42,,,1,28,,1087007,42,,,1,70,,1122790,42,,,1,30,,1122797,42,,,1,70,,1122789,42,,,1,29,,1065894,42,,,1,73,,1090079,42,,,1,28,,1088948,42,,,1,68,,1122799,42,,,1,96,,1050627,42,,,1
2000,'7',712,,1122826,42,,,1,100,,1122813,42,,,1,30,,1122842,42,,,1,70,,1122829,42,,,1,31,,1122838,42,,,1,70,,1122825,42,,,1,32,,1122817,42,,,1,70,,1122822,42,,,1,30,,1122824,42,,,1,70,,1122815,42,,,1,30,,1122840,42,,,1,70,,1122823,42,,,1,30,,1122827,42,,,1,70,,1122831,42,,,1,31,,1122830,42,,,1,70,,1122832,42,,,1,30,,1122841,42,,,1,70,,1122835,42,,,1,30,,1122820,42,,,1,70,,1122819,42,,,1,30,,1122836,42,,,1,70,,1122833,42,,,1,29,,1122839,42,,,1,70,,1122818,42,,,1,30,,1122837,42,,,1,80,,1122816,42,,,1,98,,1122821,42,,,1,99,,1122834,42,,,1,100,,1122814,42,,,1,100,,1122828,42,,,1
2000,'8',545,,1122861,42,,,1,100,,1122856,42,,,1,73,,1122851,42,,,1,31,,1122867,42,,,1,72,,1122873,42,,,1,30,,1122857,42,,,1,69,,1122869,42,,,1,31,,1122871,42,,,1,70,,1122859,42,,,1,30,,1122874,42,,,1,70,,1122845,42,,,1,30,,1122868,42,,,1,71,,1122864,42,,,1,30,,1122866,42,,,1,70,,1122843,42,,,1,30,,1122865,42,,,1,70,,1122852,42,,,1,31,,1122844,42,,,1,103,,1122876,42,,,1,74,,1122872,42,,,1,29,,1122863,42,,,1,67,,1122847,42,,,1,95,,1122854,42,,,1,29,,1122858,42,,,1,68,,1122870,42,,,1,28,,1122849,42,,,1,70,,1122850,42,,,1,30,,1122860,42,,,1,70,,1122848,42,,,1,29,,1122855,42,,,1,73,,1122853,42,,,1,28,,1122846,42,,,1,68,,1122862,42,,,1,96,,1122875,42,,,1
2000,'9',545,,1028039,42,,,1,100,,1122889,42,,,1,73,,1122894,42,,,1,31,,1122891,42,,,1,72,,1122880,42,,,1,30,,1122896,42,,,1,69,,1078533,42,,,1,31,,1122878,42,,,1,70,,1122898,42,,,1,30,,1122892,42,,,1,70,,1122884,42,,,1,30,,1122900,42,,,1,71,,1122888,42,,,1,30,,1071143,42,,,1,70,,1122883,42,,,1,30,,1054381,42,,,1,70,,1122885,42,,,1,31,,1122904,42,,,1,103,,1122897,42,,,1,74,,1122877,42,,,1,29,,1122887,42,,,1,67,,1122886,42,,,1,95,,1122899,42,,,1,29,,1122893,42,,,1,68,,1122890,42,,,1,28,,1100497,42,,,1,70,,1122881,42,,,1,30,,1122895,42,,,1,70,,1122902,42,,,1,29,,1122879,42,,,1,73,,1122903,42,,,1,28,,934034,42,,,1,68,,1122882,42,,,1,96,,1122901,42,,,1
