9201,'1',626,,1052870,27,,,1,30,,1075009,27,,,1,71,,1178872,27,,,1,21,,1178876,27,,,1,80,,1178867,27,,,1,30,,1100418,27,,,1,101,,1178877,27,0,91,1,100,,1178875,27,0,91,1,100,,1178866,27,0,91,1,141,,1178870,27,0,91,1,100,,1178865,27,0,91,1,100,,1178873,27,0,91,1,21,,1178869,37,0,91,1,279,,1062128,27,0,91,1,100,,1178874,27,0,91,1,55,,1052362,27,0,91,1,100,,1178868,27,0,91,1,100,,1178864,27,0,91,1,99,,1178871,27,0,91,1
9201,'10',626,,1052916,27,,,1,30,,1074637,27,,,1,71,,1178886,27,,,1,21,,1178890,27,,,1,80,,1178881,27,,,1,30,,1100333,27,,,1,101,,1178891,27,0,91,1,100,,1178889,27,0,91,1,100,,1178880,27,0,91,1,141,,1178884,27,0,91,1,100,,1178879,27,0,91,1,100,,1178887,27,0,91,1,21,,1178883,37,0,91,1,279,,1061895,27,0,91,1,100,,1178888,27,0,91,1,55,,1052442,27,0,91,1,100,,1178882,27,0,91,1,100,,1178878,27,0,91,1,99,,1178885,27,0,91,1
9201,'11',626,,1052857,27,,,1,30,,1075115,27,,,1,71,,1178900,27,,,1,21,,1178904,27,,,1,80,,1178895,27,,,1,30,,1100442,27,,,1,101,,1178905,27,0,91,1,100,,1178903,27,0,91,1,100,,1178894,27,0,91,1,141,,1178898,27,0,91,1,100,,1178893,27,0,91,1,100,,1178901,27,0,91,1,21,,1178897,37,0,91,1,279,,1062203,27,0,91,1,100,,1178902,27,0,91,1,55,,1052340,27,0,91,1,100,,1178896,27,0,91,1,100,,1178892,27,0,91,1,99,,1178899,27,0,91,1
9201,'12',626,,1178922,27,,,1,30,,1178910,27,,,1,71,,1178906,27,,,1,21,,1178917,27,,,1,80,,1178907,27,,,1,30,,1178920,27,,,1,101,,1178916,27,0,91,1,100,,1178912,27,0,91,1,100,,1178919,27,0,91,1,141,,1178913,27,0,91,1,100,,1178918,27,0,91,1,100,,1026483,27,0,91,1,21,,1178911,37,0,91,1,279,,1178915,27,0,91,1,100,,1178908,27,0,91,1,55,,1178909,27,0,91,1,100,,1178914,27,0,91,1,100,,1178921,27,0,91,1,99,,1082605,27,0,91,1
9201,'14',626,,1178932,27,,,1,30,,1178936,27,,,1,71,,1178934,27,,,1,21,,1178940,27,,,1,80,,1178927,27,,,1,30,,1178933,27,,,1,101,,1178941,27,0,91,1,100,,1178939,27,0,91,1,100,,1178926,27,0,91,1,141,,1178930,27,0,91,1,100,,1178924,27,0,91,1,100,,1178935,27,0,91,1,21,,1178929,37,0,91,1,279,,1178925,27,0,91,1,100,,1178937,27,0,91,1,55,,1178938,27,0,91,1,100,,1178928,27,0,91,1,100,,1178923,27,0,91,1,99,,1178931,27,0,91,1
9201,'15',626,,1178949,27,,,1,30,,1178952,27,,,1,71,,1178944,27,,,1,21,,1178957,27,,,1,80,,1178958,27,,,1,30,,1178946,27,,,1,101,,1178956,27,0,91,1,100,,1178954,27,0,91,1,100,,1178960,27,0,91,1,141,,1178943,27,0,91,1,100,,1178948,27,0,91,1,100,,1178947,27,0,91,1,21,,1178950,37,0,91,1,279,,1178959,27,0,91,1,100,,1178953,27,0,91,1,55,,1178942,27,0,91,1,100,,1178945,27,0,91,1,100,,1178955,27,0,91,1,99,,1178951,27,0,91,1
9201,'16',626,,1034985,27,,,1,30,,1178965,27,,,1,71,,1178961,27,,,1,21,,1178974,27,,,1,80,,1178962,27,,,1,30,,1178976,27,,,1,101,,1178973,27,0,91,1,100,,1178967,27,0,91,1,100,,1092469,27,0,91,1,141,,1178970,27,0,91,1,100,,1178975,27,0,91,1,100,,1178969,27,0,91,1,21,,1178966,37,0,91,1,279,,1178972,27,0,91,1,100,,1178963,27,0,91,1,55,,1178964,27,0,91,1,100,,1178971,27,0,91,1,100,,1178977,27,0,91,1,99,,1178968,27,0,91,1
9201,'5',626,,1052769,27,,,1,30,,1074957,27,,,1,71,,1178986,27,,,1,21,,1178990,27,,,1,80,,1178981,27,,,1,30,,1100402,27,,,1,101,,1178991,27,0,91,1,100,,1178989,27,0,91,1,100,,1178980,27,0,91,1,141,,1178984,27,0,91,1,100,,1178979,27,0,91,1,100,,1178987,27,0,91,1,21,,1178983,37,0,91,1,279,,1062080,27,0,91,1,100,,1178988,27,0,91,1,55,,1052210,27,0,91,1,100,,1178982,27,0,91,1,100,,1178978,27,0,91,1,99,,1178985,27,0,91,1
9201,'6',626,,1179005,27,,,1,30,,1102298,27,,,1,71,,1178992,27,,,1,21,,1179000,27,,,1,80,,1178993,27,,,1,30,,1179003,27,,,1,101,,1178999,27,0,91,1,100,,1090547,27,0,91,1,100,,1179002,27,0,91,1,141,,1178996,27,0,91,1,100,,1179001,27,0,91,1,100,,1178995,27,0,91,1,21,,1085691,37,0,91,1,279,,1178998,27,0,91,1,100,,1077543,27,0,91,1,55,,1011031,27,0,91,1,100,,1178997,27,0,91,1,100,,1179004,27,0,91,1,99,,1178994,27,0,91,1
9201,'8',626,,1179024,27,,,1,30,,1179010,27,,,1,71,,1179006,27,,,1,21,,1179019,27,,,1,80,,1179007,27,,,1,30,,1179022,27,,,1,101,,1179018,27,0,91,1,100,,1179012,27,0,91,1,100,,1179021,27,0,91,1,141,,1179015,27,0,91,1,100,,1179020,27,0,91,1,100,,1179014,27,0,91,1,21,,1179011,37,0,91,1,279,,1179017,27,0,91,1,100,,1179008,27,0,91,1,55,,1179009,27,0,91,1,100,,1179016,27,0,91,1,100,,1179023,27,0,91,1,99,,1179013,27,0,91,1
9201,'9',626,,1052883,27,,,1,30,,1074751,27,,,1,71,,1179033,27,,,1,21,,1179037,27,,,1,80,,1179028,27,,,1,30,,1100361,27,,,1,101,,1179038,27,0,91,1,100,,1179036,27,0,91,1,100,,1179027,27,0,91,1,141,,1179031,27,0,91,1,100,,1179026,27,0,91,1,100,,1179034,27,0,91,1,21,,1179030,37,0,91,1,279,,1061969,27,0,91,1,100,,1179035,27,0,91,1,55,,1052384,27,0,91,1,100,,1179029,27,0,91,1,100,,1179025,27,0,91,1,99,,1179032,27,0,91,1
64000,'1',838,,1199389,27,,,1
64000,'10',838,,1199390,27,,,1
64000,'11',838,,1199391,27,,,1
64000,'12',838,,1199392,27,,,1
64000,'14',838,,1199393,27,,,1
64000,'15',838,,1199394,27,,,1
64000,'16',838,,1199395,27,,,1
64000,'5',838,,1199396,27,,,1
64000,'6',838,,1199397,27,,,1
64000,'8',838,,1199398,27,,,1
64000,'9',838,,1199399,27,,,1
