27500,'1',549,,1197595,13,,,1,66,,1197596,13,,,1,30,,1197594,13,,,1,65,,999104,13,,,1,33,,1197597,13,,,1,85,,1197593,13,,,1
27500,'10',549,,1197600,13,,,1,66,,1197601,13,,,1,30,,1197599,13,,,1,65,,999184,13,,,1,33,,1197602,13,,,1,85,,1197598,13,,,1
27500,'11',549,,1197605,13,,,1,66,,1197606,13,,,1,30,,1197604,13,,,1,65,,999082,13,,,1,33,,1197607,13,,,1,85,,1197603,13,,,1
27500,'12',549,,1197609,13,,,1,66,,1197608,13,,,1,30,,1197611,13,,,1,65,,1197610,13,,,1,33,,1197613,13,,,1,85,,1197612,13,,,1
27500,'14',549,,1197617,13,,,1,66,,1197618,13,,,1,30,,1197616,13,,,1,65,,1197615,13,,,1,33,,1197619,13,,,1,85,,1197614,13,,,1
27500,'15',549,,1197621,13,,,1,66,,1197623,13,,,1,30,,1197620,13,,,1,65,,1197624,13,,,1,33,,1197625,13,,,1,85,,1197622,13,,,1
27500,'16',549,,1197627,13,,,1,66,,1197626,13,,,1,30,,1197629,13,,,1,65,,1197628,13,,,1,33,,1197631,13,,,1,85,,1197630,13,,,1
27500,'5',549,,1197634,13,,,1,66,,1197635,13,,,1,30,,1197633,13,,,1,65,,998945,13,,,1,33,,1197636,13,,,1,85,,1197632,13,,,1
27500,'6',549,,1035674,13,,,1,66,,1050602,13,,,1,30,,1197638,13,,,1,65,,1197637,13,,,1,33,,1197640,13,,,1,85,,1197639,13,,,1
27500,'8',549,,1197642,13,,,1,66,,1197641,13,,,1,30,,1197644,13,,,1,65,,1197643,13,,,1,33,,1197646,13,,,1,85,,1197645,13,,,1
27500,'9',549,,1197649,13,,,1,66,,1197650,13,,,1,30,,1197648,13,,,1,65,,999126,13,,,1,33,,1197651,13,,,1,85,,1197647,13,,,1
68401,'1',821,,1200511,3,,,1
68401,'10',821,,1200512,3,,,1
68401,'11',821,,1200513,3,,,1
68401,'12',821,,1200514,3,,,1
68401,'14',821,,1200515,3,,,1
68401,'15',821,,1200516,3,,,1
68401,'16',821,,1075969,3,,,1
68401,'5',821,,1200517,3,,,1
68401,'6',821,,1200518,3,,,1
68401,'8',821,,1200519,3,,,1
68401,'9',821,,1200520,3,,,1
