6301,'1',1456,,1052872,24,,,1,70,,1156550,4,,,1,3,,1156543,24,,,1,72,,1156560,24,,,1,23,,1156572,4,,,1,10,,1156562,24,,,1,15,,1156534,24,,,1,56,,1156546,24,,,1,10,,1156563,4,,,1,5,,1156536,24,,,1,15,,1156539,24,,,1,15,,1156558,24,,,1,55,,1156553,24,,,1,11,,1156566,24,,,1,16,,1076651,24,,,1,13,,948346,24,,,1,14,,1156542,24,,,1,53,,1156564,24,,,1,16,,1156567,24,,,1,16,,1156535,24,,,1,69,,1156531,24,,,1,30,,1050837,24,,,1,70,,1156545,24,,,1,30,,1156540,24,,,1,69,,1156529,24,,,1,29,,1156561,24,,,1,69,,1156530,24,,,1,28,,1156548,24,,,1,80,,1156557,4,,,1
6301,'10',1456,,1052918,24,,,1,70,,1156595,4,,,1,3,,1156588,24,,,1,72,,1156605,24,,,1,23,,1156617,4,,,1,10,,1156607,24,,,1,15,,1156579,24,,,1,56,,1156591,24,,,1,10,,1156608,4,,,1,5,,1156581,24,,,1,15,,1156584,24,,,1,15,,1156603,24,,,1,55,,1156598,24,,,1,11,,1156611,24,,,1,16,,1076445,24,,,1,13,,948079,24,,,1,14,,1156587,24,,,1,53,,1156609,24,,,1,16,,1156612,24,,,1,16,,1156580,24,,,1,69,,1156576,24,,,1,30,,1051013,24,,,1,70,,1156590,24,,,1,30,,1156585,24,,,1,69,,1156574,24,,,1,29,,1156606,24,,,1,69,,1156575,24,,,1,28,,1156593,24,,,1,80,,1156602,4,,,1
6301,'11',1456,,1052859,24,,,1,70,,1156640,4,,,1,3,,1156633,24,,,1,72,,1156650,24,,,1,23,,1156662,4,,,1,10,,1156652,24,,,1,15,,1156624,24,,,1,56,,1156636,24,,,1,10,,1156653,4,,,1,5,,1156626,24,,,1,15,,1156629,24,,,1,15,,1156648,24,,,1,55,,1156643,24,,,1,11,,1156656,24,,,1,16,,1076715,24,,,1,13,,948294,24,,,1,14,,1156632,24,,,1,53,,1156654,24,,,1,16,,1156657,24,,,1,16,,1156625,24,,,1,69,,1156621,24,,,1,30,,1050785,24,,,1,70,,1156635,24,,,1,30,,1156630,24,,,1,69,,1156619,24,,,1,29,,1156651,24,,,1,69,,1156620,24,,,1,28,,1156638,24,,,1,80,,1156647,4,,,1
6301,'12',1456,,1156688,24,,,1,70,,1156705,4,,,1,3,,1156675,24,,,1,72,,1156664,24,,,1,23,,1156686,4,,,1,10,,1156689,24,,,1,15,,1156676,24,,,1,56,,1061671,24,,,1,10,,1156666,4,,,1,5,,1080070,24,,,1,15,,1156698,24,,,1,15,,1156707,24,,,1,55,,1156704,24,,,1,11,,1156677,24,,,1,16,,1075462,24,,,1,13,,1156691,24,,,1,14,,1085949,24,,,1,53,,1074485,24,,,1,16,,1156696,24,,,1,16,,1156674,24,,,1,69,,1156672,24,,,1,30,,1156673,24,,,1,70,,1156669,24,,,1,30,,1156690,24,,,1,69,,1156695,24,,,1,29,,1156667,24,,,1,69,,1156709,24,,,1,28,,1156685,24,,,1,80,,1156710,4,,,1
6301,'14',1456,,1156787,24,,,1,70,,1156763,4,,,1,3,,1156756,24,,,1,72,,1156773,24,,,1,23,,1156788,4,,,1,10,,1156775,24,,,1,15,,1156747,24,,,1,56,,1156759,24,,,1,10,,1156776,4,,,1,5,,1156749,24,,,1,15,,1156752,24,,,1,15,,1156771,24,,,1,55,,1156766,24,,,1,11,,1156780,24,,,1,16,,1156785,24,,,1,13,,1156791,24,,,1,14,,1156755,24,,,1,53,,1156778,24,,,1,16,,1156781,24,,,1,16,,1156748,24,,,1,69,,1156742,24,,,1,30,,1156741,24,,,1,70,,1156758,24,,,1,30,,1156753,24,,,1,69,,1156739,24,,,1,29,,1156774,24,,,1,69,,1156740,24,,,1,28,,1156761,24,,,1,80,,1156770,4,,,1
6301,'15',1456,,1156834,24,,,1,70,,1156827,4,,,1,3,,1156816,24,,,1,72,,1156826,24,,,1,23,,1156825,4,,,1,10,,1156801,24,,,1,15,,1156807,24,,,1,56,,1156800,24,,,1,10,,1156798,4,,,1,5,,1156828,24,,,1,15,,1156829,24,,,1,15,,1156808,24,,,1,55,,1156832,24,,,1,11,,1156840,24,,,1,16,,1156814,24,,,1,13,,1156797,24,,,1,14,,1156796,24,,,1,53,,1156794,24,,,1,16,,1156804,24,,,1,16,,1156799,24,,,1,69,,1156842,24,,,1,30,,1156838,24,,,1,70,,1156835,24,,,1,30,,1156820,24,,,1,69,,1156831,24,,,1,29,,1156809,24,,,1,69,,1156823,24,,,1,28,,1156806,24,,,1,80,,1156833,4,,,1
6301,'16',1456,,1156871,24,,,1,70,,1156890,4,,,1,3,,1156858,24,,,1,72,,1156846,24,,,1,23,,1156869,4,,,1,10,,1156872,24,,,1,15,,1156859,24,,,1,56,,1156882,24,,,1,10,,1156850,4,,,1,5,,1156889,24,,,1,15,,1156883,24,,,1,15,,1156893,24,,,1,55,,1070066,24,,,1,11,,1156860,24,,,1,16,,1156877,24,,,1,13,,1156874,24,,,1,14,,1156891,24,,,1,53,,1156878,24,,,1,16,,1156880,24,,,1,16,,1156857,24,,,1,69,,1156855,24,,,1,30,,1156856,24,,,1,70,,1000385,24,,,1,30,,1156873,24,,,1,69,,1156879,24,,,1,29,,1156851,24,,,1,69,,1156895,24,,,1,28,,1156868,24,,,1,80,,1020207,4,,,1
6301,'5',1456,,1052771,24,,,1,70,,1157030,4,,,1,3,,1157023,24,,,1,72,,1157040,24,,,1,23,,1157052,4,,,1,10,,1157042,24,,,1,15,,1157014,24,,,1,56,,1157026,24,,,1,10,,1157043,4,,,1,5,,1157016,24,,,1,15,,1157019,24,,,1,15,,1157038,24,,,1,55,,1157033,24,,,1,11,,1157046,24,,,1,16,,1076611,24,,,1,13,,948502,24,,,1,14,,1157022,24,,,1,53,,1157044,24,,,1,16,,1157047,24,,,1,16,,1157015,24,,,1,69,,1157011,24,,,1,30,,1050548,24,,,1,70,,1157025,24,,,1,30,,1157020,24,,,1,69,,1157009,24,,,1,29,,1157041,24,,,1,69,,1157010,24,,,1,28,,1157028,24,,,1,80,,1157037,4,,,1
6301,'6',1456,,1157075,24,,,1,70,,1049613,4,,,1,3,,1157062,24,,,1,72,,1157054,24,,,1,23,,1157073,4,,,1,10,,1157076,24,,,1,15,,1157063,24,,,1,56,,1157086,24,,,1,10,,1088950,4,,,1,5,,1157093,24,,,1,15,,1102202,24,,,1,15,,1068951,24,,,1,55,,1157092,24,,,1,11,,1157064,24,,,1,16,,1157081,24,,,1,13,,1157078,24,,,1,14,,1157094,24,,,1,53,,1157082,24,,,1,16,,1157084,24,,,1,16,,1157061,24,,,1,69,,1157059,24,,,1,30,,1157060,24,,,1,70,,1157057,24,,,1,30,,1157077,24,,,1,69,,1157083,24,,,1,29,,1081119,24,,,1,69,,1084556,24,,,1,28,,1157072,24,,,1,80,,1157096,4,,,1
6301,'8',1456,,1157157,24,,,1,70,,1157178,4,,,1,3,,1157144,24,,,1,72,,1157131,24,,,1,23,,1157155,4,,,1,10,,1157158,24,,,1,15,,1157145,24,,,1,56,,1157169,24,,,1,10,,1157135,4,,,1,5,,1157177,24,,,1,15,,1157170,24,,,1,15,,1157181,24,,,1,55,,1157176,24,,,1,11,,1157146,24,,,1,16,,1157164,24,,,1,13,,1157160,24,,,1,14,,1157179,24,,,1,53,,1157165,24,,,1,16,,1157167,24,,,1,16,,1157143,24,,,1,69,,1157141,24,,,1,30,,1157142,24,,,1,70,,1157138,24,,,1,30,,1157159,24,,,1,69,,1157166,24,,,1,29,,1157136,24,,,1,69,,1157183,24,,,1,28,,1157154,24,,,1,80,,1157184,4,,,1
6301,'9',1456,,1052885,24,,,1,70,,1157206,4,,,1,3,,1157199,24,,,1,72,,1157216,24,,,1,23,,1157228,4,,,1,10,,1157218,24,,,1,15,,1157190,24,,,1,56,,1157202,24,,,1,10,,1157219,4,,,1,5,,1157192,24,,,1,15,,1157195,24,,,1,15,,1157214,24,,,1,55,,1157209,24,,,1,11,,1157222,24,,,1,16,,1076511,24,,,1,13,,948450,24,,,1,14,,1157198,24,,,1,53,,1157220,24,,,1,16,,1157223,24,,,1,16,,1157191,24,,,1,69,,1157187,24,,,1,30,,1050889,24,,,1,70,,1157201,24,,,1,30,,1157196,24,,,1,69,,1157185,24,,,1,29,,1157217,24,,,1,69,,1157186,24,,,1,28,,1157204,24,,,1,80,,1157213,4,,,1
