16100,'1',542,,1189841,20,0,44,1,74,,1189846,20,0,44,1,15,,1189852,20,0,44,1,70,,1189847,20,0,44,1,30,,1189848,20,0,44,1,70,,941636,20,0,44,1,31,,1189831,20,0,44,1,69,,1189829,20,0,44,1,28,,1189826,20,0,44,1,30,,1189827,20,0,44,1,70,,1189833,20,0,44,1,30,,1189834,20,0,44,1,70,,1189849,20,0,44,1,30,,1189840,20,0,44,1,70,,1189830,20,0,44,1,30,,1050835,20,0,44,1,70,,1189837,20,0,44,1,30,,1189851,20,0,44,1,70,,1005998,20,0,44,1,30,,1189843,20,0,44,1,73,,1189850,20,0,44,1,72,,1189844,20,,,1,28,,1069825,20,,,1,70,,1063611,20,,,1,30,,1189836,20,,,1,70,,1189845,20,,,1,27,,1189832,20,,,1,30,,1189835,20,,,1,70,,1036010,20,0,44,1,30,,1007270,20,0,44,1,68,,1189839,20,0,44,1,30,,1189853,20,0,44,1,70,,1189828,20,0,44,1,30,,1098875,20,0,44,1,100,,1069814,20,0,44,1
16100,'10',542,,1189869,20,0,44,1,74,,1189874,20,0,44,1,15,,1189880,20,0,44,1,70,,1189875,20,0,44,1,30,,1189876,20,0,44,1,70,,941363,20,0,44,1,31,,1189859,20,0,44,1,69,,1189857,20,0,44,1,28,,1189854,20,0,44,1,30,,1189855,20,0,44,1,70,,1189861,20,0,44,1,30,,1189862,20,0,44,1,70,,1189877,20,0,44,1,30,,1189868,20,0,44,1,70,,1189858,20,0,44,1,30,,1051011,20,0,44,1,70,,1189865,20,0,44,1,30,,1189879,20,0,44,1,70,,1006095,20,0,44,1,30,,1189871,20,0,44,1,73,,1189878,20,0,44,1,72,,1189872,20,,,1,28,,1069680,20,,,1,70,,1063307,20,,,1,30,,1189864,20,,,1,70,,1189873,20,,,1,27,,1189860,20,,,1,30,,1189863,20,,,1,70,,1036228,20,0,44,1,30,,1007279,20,0,44,1,68,,1189867,20,0,44,1,30,,1189881,20,0,44,1,70,,1189856,20,0,44,1,30,,1098784,20,0,44,1,100,,1069669,20,0,44,1
16100,'11',542,,1189897,20,0,44,1,74,,1189902,20,0,44,1,15,,1189908,20,0,44,1,70,,1189903,20,0,44,1,30,,1189904,20,0,44,1,70,,941586,20,0,44,1,31,,1189887,20,0,44,1,69,,1189885,20,0,44,1,28,,1189882,20,0,44,1,30,,1189883,20,0,44,1,70,,1189889,20,0,44,1,30,,1189890,20,0,44,1,70,,1189905,20,0,44,1,30,,1189896,20,0,44,1,70,,1189886,20,0,44,1,30,,1050783,20,0,44,1,70,,1189893,20,0,44,1,30,,1189907,20,0,44,1,70,,1005968,20,0,44,1,30,,1189899,20,0,44,1,73,,1189906,20,0,44,1,72,,1189900,20,,,1,28,,1069869,20,,,1,70,,1063703,20,,,1,30,,1189892,20,,,1,70,,1189901,20,,,1,27,,1189888,20,,,1,30,,1189891,20,,,1,70,,1035947,20,0,44,1,30,,1007267,20,0,44,1,68,,1189895,20,0,44,1,30,,1189909,20,0,44,1,70,,1189884,20,0,44,1,30,,1098903,20,0,44,1,100,,1069858,20,0,44,1
16100,'12',542,,1189916,20,0,44,1,74,,1091851,20,0,44,1,15,,1189911,20,0,44,1,70,,1097767,20,0,44,1,30,,1189914,20,0,44,1,70,,1189936,20,0,44,1,31,,1189931,20,0,44,1,69,,1189910,20,0,44,1,28,,1189928,20,0,44,1,30,,1189923,20,0,44,1,70,,1189940,20,0,44,1,30,,1189915,20,0,44,1,70,,1189933,20,0,44,1,30,,1189932,20,0,44,1,70,,1081296,20,0,44,1,30,,975741,20,0,44,1,70,,1189913,20,0,44,1,30,,1189922,20,0,44,1,70,,983286,20,0,44,1,30,,1096374,20,0,44,1,73,,1189938,20,0,44,1,72,,1189934,20,,,1,28,,1189930,20,,,1,70,,1189924,20,,,1,30,,1189920,20,,,1,70,,1189925,20,,,1,27,,1189917,20,,,1,30,,1189919,20,,,1,70,,1189929,20,0,44,1,30,,1189918,20,0,44,1,68,,1189937,20,0,44,1,30,,1189912,20,0,44,1,70,,1189927,20,0,44,1,30,,1189935,20,0,44,1,100,,1189921,20,0,44,1
16100,'13',720,,1189944,20,0,44,1,100,,1189947,20,0,44,1,100,,1085156,20,0,44,1,100,,1069259,20,0,44,1,100,,1189943,20,0,44,1,101,,1189948,20,0,44,1,100,,1189941,20,0,44,1,100,,1189953,20,0,44,1,100,,1189951,20,0,44,1,100,,1189955,20,0,44,1,100,,1189949,20,0,44,1,99,,1189945,20,0,44,1,100,,1189946,20,0,44,1,100,,1189942,20,0,44,1,100,,1189952,20,0,44,1,100,,1189954,20,0,44,1,100,,1189950,20,0,44,1
16100,'14',542,,1189980,20,0,44,1,74,,1189985,20,0,44,1,15,,1189991,20,0,44,1,70,,1189986,20,0,44,1,30,,1189987,20,0,44,1,70,,1189956,20,0,44,1,31,,1189969,20,0,44,1,69,,1189966,20,0,44,1,28,,1189957,20,0,44,1,30,,1189961,20,0,44,1,70,,1189971,20,0,44,1,30,,1189972,20,0,44,1,70,,1189988,20,0,44,1,30,,1189979,20,0,44,1,70,,1189968,20,0,44,1,30,,1189959,20,0,44,1,70,,1189975,20,0,44,1,30,,1189990,20,0,44,1,70,,1189965,20,0,44,1,30,,1189982,20,0,44,1,73,,1189989,20,0,44,1,72,,1189983,20,,,1,28,,1189976,20,,,1,70,,1189963,20,,,1,30,,1189974,20,,,1,70,,1189984,20,,,1,27,,1189970,20,,,1,30,,1189973,20,,,1,70,,1189964,20,0,44,1,30,,1189960,20,0,44,1,68,,1189978,20,0,44,1,30,,1189992,20,0,44,1,70,,1189962,20,0,44,1,30,,1189967,20,0,44,1,100,,1189958,20,0,44,1
16100,'15',542,,1190017,20,0,44,1,74,,1189994,20,0,44,1,15,,1190022,20,0,44,1,70,,1189993,20,0,44,1,30,,1190011,20,0,44,1,70,,1190016,20,0,44,1,31,,1190023,20,0,44,1,69,,1190010,20,0,44,1,28,,1190003,20,0,44,1,30,,1190018,20,0,44,1,70,,1190012,20,0,44,1,30,,1190025,20,0,44,1,70,,1190019,20,0,44,1,30,,1190027,20,0,44,1,70,,1190007,20,0,44,1,30,,1189997,20,0,44,1,70,,1190005,20,0,44,1,30,,1190014,20,0,44,1,70,,1190001,20,0,44,1,30,,1190026,20,0,44,1,73,,1190029,20,0,44,1,72,,1189995,20,,,1,28,,1190004,20,,,1,70,,1190021,20,,,1,30,,1190020,20,,,1,70,,1190000,20,,,1,27,,1190015,20,,,1,30,,1190009,20,,,1,70,,1190013,20,0,44,1,30,,1190006,20,0,44,1,68,,1189999,20,0,44,1,30,,1189998,20,0,44,1,70,,1190024,20,0,44,1,30,,1190008,20,0,44,1,100,,1189996,20,0,44,1
16100,'16',542,,1190037,20,0,44,1,74,,1190060,20,0,44,1,15,,1086708,20,0,44,1,70,,1190032,20,0,44,1,30,,1190033,20,0,44,1,70,,1190056,20,0,44,1,31,,1190051,20,0,44,1,69,,1089230,20,0,44,1,28,,1190049,20,0,44,1,30,,1190044,20,0,44,1,70,,1022127,20,0,44,1,30,,1013538,20,0,44,1,70,,1190053,20,0,44,1,30,,1190052,20,0,44,1,70,,1190035,20,0,44,1,30,,1190036,20,0,44,1,70,,922163,20,0,44,1,30,,1190043,20,0,44,1,70,,1190030,20,0,44,1,30,,1190034,20,0,44,1,73,,1190058,20,0,44,1,72,,1190054,20,,,1,28,,1190050,20,,,1,70,,1190045,20,,,1,30,,1190041,20,,,1,70,,1190046,20,,,1,27,,1190038,20,,,1,30,,1190040,20,,,1,70,,1078754,20,0,44,1,30,,1190039,20,0,44,1,68,,1190057,20,0,44,1,30,,1190031,20,0,44,1,70,,1190048,20,0,44,1,30,,1190055,20,0,44,1,100,,1190042,20,0,44,1
16100,'17',720,,1190066,20,0,44,1,100,,1190069,20,0,44,1,100,,1190061,20,0,44,1,100,,1190064,20,0,44,1,100,,1190065,20,0,44,1,101,,1190070,20,0,44,1,100,,1190062,20,0,44,1,100,,1190075,20,0,44,1,100,,1190073,20,0,44,1,100,,1190077,20,0,44,1,100,,1190071,20,0,44,1,99,,1190067,20,0,44,1,100,,1190068,20,0,44,1,100,,1190063,20,0,44,1,100,,1190074,20,0,44,1,100,,1190076,20,0,44,1,100,,1190072,20,0,44,1
16100,'2',715,,1190084,20,0,44,1,100,,1190085,20,0,44,1,100,,1190088,20,0,44,1,100,,1190082,20,0,44,1,100,,1190089,20,0,44,1,101,,1190081,20,0,44,1,100,,1190091,20,0,44,1,100,,1190086,20,0,44,1,100,,1190083,20,0,44,1,100,,1094709,20,0,44,1,100,,1190078,20,0,44,1,99,,1190079,20,0,44,1,100,,1098264,20,0,44,1,100,,1190087,20,0,44,1,100,,1190080,20,0,44,1,100,,1190090,20,0,44,1
16100,'3',720,,1190097,20,0,44,1,100,,1190100,20,0,44,1,100,,1190092,20,0,44,1,100,,1190095,20,0,44,1,100,,1190096,20,0,44,1,101,,1190101,20,0,44,1,100,,1190093,20,0,44,1,100,,1190106,20,0,44,1,100,,1190104,20,0,44,1,100,,1190108,20,0,44,1,100,,1190102,20,0,44,1,99,,1190098,20,0,44,1,100,,1190099,20,0,44,1,100,,1190094,20,0,44,1,100,,1190105,20,0,44,1,100,,1190107,20,0,44,1,100,,1190103,20,0,44,1
16100,'4',720,,1190111,20,0,44,1,100,,1190116,20,0,44,1,100,,1190120,20,0,44,1,100,,1190119,20,0,44,1,100,,1190122,20,0,44,1,101,,1190112,20,0,44,1,100,,1190113,20,0,44,1,100,,1190123,20,0,44,1,100,,1190110,20,0,44,1,100,,1190117,20,0,44,1,100,,1190118,20,0,44,1,99,,1190115,20,0,44,1,100,,1190114,20,0,44,1,100,,1190109,20,0,44,1,100,,1190124,20,0,44,1,100,,1070852,20,0,44,1,100,,1190121,20,0,44,1
16100,'5',542,,1190140,20,0,44,1,74,,1190145,20,0,44,1,15,,1190151,20,0,44,1,70,,1190146,20,0,44,1,30,,1190147,20,0,44,1,70,,941788,20,0,44,1,31,,1190130,20,0,44,1,69,,1190128,20,0,44,1,28,,1190125,20,0,44,1,30,,1190126,20,0,44,1,70,,1190132,20,0,44,1,30,,1190133,20,0,44,1,70,,1190148,20,0,44,1,30,,1190139,20,0,44,1,70,,1190129,20,0,44,1,30,,1050546,20,0,44,1,70,,1190136,20,0,44,1,30,,1190150,20,0,44,1,70,,1005827,20,0,44,1,30,,1190142,20,0,44,1,73,,1190149,20,0,44,1,72,,1190143,20,,,1,28,,1069802,20,,,1,70,,1063571,20,,,1,30,,1190135,20,,,1,70,,1190144,20,,,1,27,,1190131,20,,,1,30,,1190134,20,,,1,70,,1035603,20,0,44,1,30,,1007258,20,0,44,1,68,,1190138,20,0,44,1,30,,1190152,20,0,44,1,70,,1190127,20,0,44,1,30,,1098858,20,0,44,1,100,,1069791,20,0,44,1
16100,'6',542,,1190163,20,0,44,1,74,,1190187,20,0,44,1,15,,1190154,20,0,44,1,70,,1190157,20,0,44,1,30,,1190158,20,0,44,1,70,,1190183,20,0,44,1,31,,1190178,20,0,44,1,69,,1190153,20,0,44,1,28,,1190175,20,0,44,1,30,,1190170,20,0,44,1,70,,1190188,20,0,44,1,30,,1190159,20,0,44,1,70,,1190180,20,0,44,1,30,,1190179,20,0,44,1,70,,1190161,20,0,44,1,30,,1190162,20,0,44,1,70,,1190156,20,0,44,1,30,,1190169,20,0,44,1,70,,1190155,20,0,44,1,30,,1190160,20,0,44,1,73,,1190185,20,0,44,1,72,,1190181,20,,,1,28,,1190177,20,,,1,70,,1190171,20,,,1,30,,1190167,20,,,1,70,,1190172,20,,,1,27,,1190164,20,,,1,30,,1190166,20,,,1,70,,1190176,20,0,44,1,30,,1190165,20,0,44,1,68,,1190184,20,0,44,1,30,,1081118,20,0,44,1,70,,1190174,20,0,44,1,30,,1190182,20,0,44,1,100,,1190168,20,0,44,1
16100,'7',715,,1190190,20,0,44,1,100,,1190198,20,0,44,1,100,,1190191,20,0,44,1,100,,1190193,20,0,44,1,100,,1190204,20,0,44,1,101,,1190192,20,0,44,1,100,,1190196,20,0,44,1,100,,1190202,20,0,44,1,100,,1190194,20,0,44,1,100,,1190200,20,0,44,1,100,,1190201,20,0,44,1,99,,1190189,20,0,44,1,100,,1190199,20,0,44,1,100,,1190195,20,0,44,1,100,,1190197,20,0,44,1,100,,1190203,20,0,44,1
16100,'8',542,,1190216,20,0,44,1,74,,1190240,20,0,44,1,15,,1190206,20,0,44,1,70,,1190210,20,0,44,1,30,,1190211,20,0,44,1,70,,1190236,20,0,44,1,31,,1190231,20,0,44,1,69,,1190205,20,0,44,1,28,,1190228,20,0,44,1,30,,1190223,20,0,44,1,70,,1190241,20,0,44,1,30,,1190212,20,0,44,1,70,,1190233,20,0,44,1,30,,1190232,20,0,44,1,70,,1190214,20,0,44,1,30,,1190215,20,0,44,1,70,,1190209,20,0,44,1,30,,1190222,20,0,44,1,70,,1190207,20,0,44,1,30,,1190213,20,0,44,1,73,,1190238,20,0,44,1,72,,1190234,20,,,1,28,,1190230,20,,,1,70,,1190224,20,,,1,30,,1190220,20,,,1,70,,1190225,20,,,1,27,,1190217,20,,,1,30,,1190219,20,,,1,70,,1190229,20,0,44,1,30,,1190218,20,0,44,1,68,,1190237,20,0,44,1,30,,1190208,20,0,44,1,70,,1190227,20,0,44,1,30,,1190235,20,0,44,1,100,,1190221,20,0,44,1
16100,'9',542,,1190257,20,0,44,1,74,,1190262,20,0,44,1,15,,1190268,20,0,44,1,70,,1190263,20,0,44,1,30,,1190264,20,0,44,1,70,,941738,20,0,44,1,31,,1190247,20,0,44,1,69,,1190245,20,0,44,1,28,,1190242,20,0,44,1,30,,1190243,20,0,44,1,70,,1190249,20,0,44,1,30,,1190250,20,0,44,1,70,,1190265,20,0,44,1,30,,1190256,20,0,44,1,70,,1190246,20,0,44,1,30,,1050887,20,0,44,1,70,,1190253,20,0,44,1,30,,1190267,20,0,44,1,70,,1006028,20,0,44,1,30,,1190259,20,0,44,1,73,,1190266,20,0,44,1,72,,1190260,20,,,1,28,,1069726,20,,,1,70,,1063400,20,,,1,30,,1190252,20,,,1,70,,1190261,20,,,1,27,,1190248,20,,,1,30,,1190251,20,,,1,70,,1036073,20,0,44,1,30,,1007273,20,0,44,1,68,,1190255,20,0,44,1,30,,1190269,20,0,44,1,70,,1190244,20,0,44,1,30,,1098814,20,0,44,1,100,,1069715,20,0,44,1
26501,'1',1618,,1197442,32,,,1,32,,1197443,32,,,1,70,,1197444,32,,,1,30,,1197441,32,,,1,71,,1197445,32,,,1,29,,1066958,32,,,1,67,,1197446,32,,,1
26501,'10',1618,,1197448,32,,,1,32,,1197449,32,,,1,70,,1197450,32,,,1,30,,1197447,32,,,1,71,,1197451,32,,,1,29,,1066675,32,,,1,67,,1197452,32,,,1
26501,'11',1618,,1197454,32,,,1,32,,1197455,32,,,1,70,,1197456,32,,,1,30,,1197453,32,,,1,71,,1197457,32,,,1,29,,1067034,32,,,1,67,,1197458,32,,,1
26501,'12',1618,,1197462,32,,,1,32,,1197465,32,,,1,70,,1197459,32,,,1,30,,1197461,32,,,1,71,,1197460,32,,,1,29,,1197464,32,,,1,67,,1197463,32,,,1
26501,'14',1618,,1197467,32,,,1,32,,1197468,32,,,1,70,,1197469,32,,,1,30,,1197466,32,,,1,71,,1197470,32,,,1,29,,1197472,32,,,1,67,,1197471,32,,,1
26501,'15',1618,,1197477,32,,,1,32,,1197473,32,,,1,70,,1197479,32,,,1,30,,1197475,32,,,1,71,,1197474,32,,,1,29,,1197478,32,,,1,67,,1197476,32,,,1
26501,'16',1618,,1197483,32,,,1,32,,1197486,32,,,1,70,,1197480,32,,,1,30,,1197482,32,,,1,71,,1197481,32,,,1,29,,1197485,32,,,1,67,,1197484,32,,,1
26501,'5',1618,,1197488,32,,,1,32,,1197489,32,,,1,70,,1197490,32,,,1,30,,1197487,32,,,1,71,,1197491,32,,,1,29,,1066922,32,,,1,67,,1197492,32,,,1
26501,'6',1618,,1197496,32,,,1,32,,1097198,32,,,1,70,,1197493,32,,,1,30,,1197495,32,,,1,71,,1197494,32,,,1,29,,1197498,32,,,1,67,,1197497,32,,,1
26501,'8',1618,,1197502,32,,,1,32,,1197505,32,,,1,70,,1197499,32,,,1,30,,1197501,32,,,1,71,,1197500,32,,,1,29,,1197504,32,,,1,67,,1197503,32,,,1
26501,'9',1618,,1197507,32,,,1,32,,1197508,32,,,1,70,,1197509,32,,,1,30,,1197506,32,,,1,71,,1197510,32,,,1,29,,1066761,32,,,1,67,,1197511,32,,,1
66400,'1',802,,1199858,10,,,1,15,,1199856,10,,,1,2,,1199857,10,,,1
66400,'10',802,,1199861,10,,,1,15,,1199859,10,,,1,2,,1199860,10,,,1
66400,'11',802,,1199864,10,,,1,15,,1199862,10,,,1,2,,1199863,10,,,1
66400,'12',802,,1199865,10,,,1,15,,1199866,10,,,1,2,,1199867,10,,,1
66400,'14',802,,1199870,10,,,1,15,,1199868,10,,,1,2,,1199869,10,,,1
66400,'15',802,,1199872,10,,,1,15,,1199871,10,,,1,2,,1199873,10,,,1
66400,'16',802,,1199874,10,,,1,15,,1199875,10,,,1,2,,1199876,10,,,1
66400,'5',802,,1199879,10,,,1,15,,1199877,10,,,1,2,,1199878,10,,,1
66400,'6',802,,1199880,10,,,1,15,,1199881,10,,,1,2,,1199882,10,,,1
66400,'8',802,,1199883,10,,,1,15,,1199884,10,,,1,2,,1199885,10,,,1
66400,'9',802,,1199888,10,,,1,15,,1199886,10,,,1,2,,1199887,10,,,1
67401,'1',1438,,1200197,3,,,1,2,,1200199,3,,,1
67401,'10',1438,,1200203,3,,,1,2,,1200205,3,,,1
67401,'11',1438,,1200209,3,,,1,2,,1200211,3,,,1
67401,'12',1438,,1200217,3,,,1,2,,1200218,3,,,1
67401,'14',1438,,1200223,3,,,1,2,,1200225,3,,,1
67401,'15',1438,,1200230,3,,,1,2,,1200232,3,,,1
67401,'16',1438,,1200237,3,,,1,2,,1200238,3,,,1
67401,'5',1438,,1200242,3,,,1,2,,1200244,3,,,1
67401,'6',1438,,1200250,3,,,1,2,,1062268,3,,,1
67401,'8',1438,,1200256,3,,,1,2,,1200257,3,,,1
67401,'9',1438,,1200261,3,,,1,2,,1200263,3,,,1
