16800,'1',556,,1192869,61,,,1,70,,1192863,61,,,1,28,,1192874,61,,,1,72,,1017304,61,,,1,30,,1192881,61,,,1,70,,1083600,61,,,1,30,,1012320,61,,,1,69,,1192859,61,,,1,31,,1192883,61,,,1,70,,942790,61,,,1,30,,1192867,61,,,1,70,,1192871,61,,,1,30,,1192861,61,,,1,70,,1192878,61,,,1,30,,1192860,61,,,1,70,,1192884,61,,,1,32,,1031308,61,,,1,70,,1192879,61,,,1,72,,1192864,61,,,1,33,,1192882,61,,,1,73,,1192872,61,,,1,29,,1192868,61,,,1,68,,1192862,61,,,1,30,,1192877,61,,,1,69,,1078721,61,,,1,27,,1192866,61,,,1,29,,1022454,61,,,1,68,,1012322,61,,,1,29,,1192875,61,,,1,69,,1090236,61,,,1,28,,1192870,61,,,1,69,,1192873,61,,,1,30,,1192865,61,,,1,104,,1192880,61,,,1,158,,1192876,61,,,1
16800,'10',556,,1192895,61,,,1,70,,1192889,61,,,1,28,,1192900,61,,,1,72,,1017472,61,,,1,30,,1192907,61,,,1,70,,1083361,61,,,1,30,,1012403,61,,,1,69,,1192885,61,,,1,31,,1192909,61,,,1,70,,942427,61,,,1,30,,1192893,61,,,1,70,,1192897,61,,,1,30,,1192887,61,,,1,70,,1192904,61,,,1,30,,1192886,61,,,1,70,,1192910,61,,,1,32,,1031392,61,,,1,70,,1192905,61,,,1,72,,1192890,61,,,1,33,,1192908,61,,,1,73,,1192898,61,,,1,29,,1192894,61,,,1,68,,1192888,61,,,1,30,,1192903,61,,,1,69,,1078457,61,,,1,27,,1192892,61,,,1,29,,1022581,61,,,1,68,,1012405,61,,,1,29,,1192901,61,,,1,69,,1090092,61,,,1,28,,1192896,61,,,1,69,,1192899,61,,,1,30,,1192891,61,,,1,104,,1192906,61,,,1,158,,1192902,61,,,1
16800,'11',556,,1192921,61,,,1,70,,1192915,61,,,1,28,,1192926,61,,,1,72,,1017253,61,,,1,30,,1192933,61,,,1,70,,1083670,61,,,1,30,,1012297,61,,,1,69,,1192911,61,,,1,31,,1192935,61,,,1,70,,942734,61,,,1,30,,1192919,61,,,1,70,,1192923,61,,,1,30,,1192913,61,,,1,70,,1192930,61,,,1,30,,1192912,61,,,1,70,,1192936,61,,,1,32,,1031282,61,,,1,70,,1192931,61,,,1,72,,1192916,61,,,1,33,,1192934,61,,,1,73,,1192924,61,,,1,29,,1192920,61,,,1,68,,1192914,61,,,1,30,,1192929,61,,,1,69,,1078801,61,,,1,27,,1192918,61,,,1,29,,1022415,61,,,1,68,,1012299,61,,,1,29,,1192927,61,,,1,69,,1090280,61,,,1,28,,1192922,61,,,1,69,,1192925,61,,,1,30,,1192917,61,,,1,104,,1192932,61,,,1,158,,1192928,61,,,1
16800,'12',556,,1192960,61,,,1,70,,1192942,61,,,1,28,,1192948,61,,,1,72,,1192954,61,,,1,30,,1192953,61,,,1,70,,1192963,61,,,1,30,,1192941,61,,,1,69,,1192951,61,,,1,31,,1192943,61,,,1,70,,1192959,61,,,1,30,,1037950,61,,,1,70,,1192961,61,,,1,30,,1192945,61,,,1,70,,1192947,61,,,1,30,,1192955,61,,,1,70,,1192938,61,,,1,32,,1192952,61,,,1,70,,1192962,61,,,1,72,,1192946,61,,,1,33,,1192950,61,,,1,73,,1052122,61,,,1,29,,1101373,61,,,1,68,,1192964,61,,,1,30,,942200,61,,,1,69,,1192944,61,,,1,27,,1192937,61,,,1,29,,1192958,61,,,1,68,,1192940,61,,,1,29,,1192957,61,,,1,69,,1192939,61,,,1,28,,1060551,61,,,1,69,,1192956,61,,,1,30,,1068847,61,,,1,104,,1192949,61,,,1,158,,1192965,61,,,1
16800,'13',708,,1080180,61,,,1,100,,1192969,61,,,1,100,,1192982,61,,,1,30,,1192966,61,,,1,71,,1192973,61,,,1,34,,1192987,61,,,1,70,,1192984,61,,,1,30,,1192970,61,,,1,70,,1192975,61,,,1,31,,1192983,61,,,1,70,,1192980,61,,,1,30,,1192985,61,,,1,70,,1192981,61,,,1,30,,1084963,61,,,1,70,,1192967,61,,,1,30,,1192971,61,,,1,70,,1192990,61,,,1,30,,1192979,61,,,1,70,,1192976,61,,,1,30,,1192974,61,,,1,70,,1192988,61,,,1,29,,1192972,61,,,1,70,,1192986,61,,,1,100,,1192968,61,,,1,95,,1064338,61,,,1,100,,1192989,61,,,1,100,,1192978,61,,,1,113,,1192977,61,,,1
16800,'14',556,,1193008,61,,,1,70,,1193002,61,,,1,28,,1193013,61,,,1,72,,1192992,61,,,1,30,,1193020,61,,,1,70,,1192999,61,,,1,30,,1192996,61,,,1,69,,1192991,61,,,1,31,,1193024,61,,,1,70,,1193022,61,,,1,30,,1193006,61,,,1,70,,1193010,61,,,1,30,,1192998,61,,,1,70,,1193017,61,,,1,30,,1192994,61,,,1,70,,1193025,61,,,1,32,,1193001,61,,,1,70,,1193018,61,,,1,72,,1193003,61,,,1,33,,1193023,61,,,1,73,,1193011,61,,,1,29,,1193007,61,,,1,68,,1193000,61,,,1,30,,1193016,61,,,1,69,,1193021,61,,,1,27,,1193005,61,,,1,29,,1192993,61,,,1,68,,1192997,61,,,1,29,,1193014,61,,,1,69,,1192995,61,,,1,28,,1193009,61,,,1,69,,1193012,61,,,1,30,,1193004,61,,,1,104,,1193019,61,,,1,158,,1193015,61,,,1
16800,'15',556,,1193033,61,,,1,70,,1193037,61,,,1,28,,1193046,61,,,1,72,,1193041,61,,,1,30,,1193047,61,,,1,70,,1193048,61,,,1,30,,1193032,61,,,1,69,,1193028,61,,,1,31,,1193038,61,,,1,70,,1193058,61,,,1,30,,1193060,61,,,1,70,,1193055,61,,,1,30,,1193059,61,,,1,70,,1193031,61,,,1,30,,1193036,61,,,1,70,,1193029,61,,,1,32,,1193030,61,,,1,70,,1193054,61,,,1,72,,1193045,61,,,1,33,,1193057,61,,,1,73,,1193052,61,,,1,29,,1193039,61,,,1,68,,1193027,61,,,1,30,,1193056,61,,,1,69,,1193050,61,,,1,27,,1193051,61,,,1,29,,1193053,61,,,1,68,,1193044,61,,,1,29,,1193043,61,,,1,69,,1193040,61,,,1,28,,1193042,61,,,1,69,,1193049,61,,,1,30,,1193034,61,,,1,104,,1193026,61,,,1,158,,1193035,61,,,1
16800,'16',556,,1090270,61,,,1,70,,1193070,61,,,1,28,,1193076,61,,,1,72,,1193082,61,,,1,30,,1193081,61,,,1,70,,1193092,61,,,1,30,,1193069,61,,,1,69,,1193079,61,,,1,31,,1193071,61,,,1,70,,1193087,61,,,1,30,,1193068,61,,,1,70,,1193088,61,,,1,30,,1193073,61,,,1,70,,1193075,61,,,1,30,,1193083,61,,,1,70,,1193064,61,,,1,32,,1193080,61,,,1,70,,1193089,61,,,1,72,,1193074,61,,,1,33,,1193078,61,,,1,73,,1193062,61,,,1,29,,1193090,61,,,1,68,,1083927,61,,,1,30,,1193061,61,,,1,69,,1193072,61,,,1,27,,1193063,61,,,1,29,,1193086,61,,,1,68,,1193067,61,,,1,29,,1193085,61,,,1,69,,1193066,61,,,1,28,,1193065,61,,,1,69,,1193084,61,,,1,30,,1193091,61,,,1,104,,1193077,61,,,1,158,,1193093,61,,,1
16800,'17',708,,1193097,61,,,1,100,,1193099,61,,,1,100,,1193112,61,,,1,30,,1193095,61,,,1,71,,1193103,61,,,1,34,,1193118,61,,,1,70,,1193115,61,,,1,30,,1193100,61,,,1,70,,1193105,61,,,1,31,,1193113,61,,,1,70,,1193110,61,,,1,30,,1193116,61,,,1,70,,1193111,61,,,1,30,,1193114,61,,,1,70,,1193096,61,,,1,30,,1193101,61,,,1,70,,1193121,61,,,1,30,,1193109,61,,,1,70,,1193106,61,,,1,30,,1193104,61,,,1,70,,1193119,61,,,1,29,,1193102,61,,,1,70,,1193117,61,,,1,100,,1193098,61,,,1,95,,1193094,61,,,1,100,,1193120,61,,,1,100,,1193108,61,,,1,113,,1193107,61,,,1
16800,'2',710,,1193127,61,,,1,100,,1193141,61,,,1,30,,1193132,61,,,1,70,,1193147,61,,,1,30,,1193142,61,,,1,70,,1193136,61,,,1,35,,1193124,61,,,1,70,,1193123,61,,,1,30,,1193149,61,,,1,70,,1193139,61,,,1,31,,1037542,61,,,1,70,,1193130,61,,,1,30,,1193126,61,,,1,70,,1193143,61,,,1,30,,1193145,61,,,1,70,,1193128,61,,,1,30,,1193144,61,,,1,70,,1193125,61,,,1,30,,1193133,61,,,1,70,,1193135,61,,,1,30,,1193140,61,,,1,70,,1193134,61,,,1,29,,1193131,61,,,1,70,,1090115,61,,,1,30,,1193129,61,,,1,70,,1086560,61,,,1,25,,1193137,61,,,1,70,,1193146,61,,,1,30,,1193150,61,,,1,70,,1193138,61,,,1,100,,1193122,61,,,1,120,,1193148,61,,,1
16800,'3',708,,1193154,61,,,1,100,,1193156,61,,,1,100,,1193169,61,,,1,30,,1193152,61,,,1,71,,1193160,61,,,1,34,,1193175,61,,,1,70,,1193172,61,,,1,30,,1193157,61,,,1,70,,1193162,61,,,1,31,,1193170,61,,,1,70,,1193167,61,,,1,30,,1193173,61,,,1,70,,1193168,61,,,1,30,,1193171,61,,,1,70,,1193153,61,,,1,30,,1193158,61,,,1,70,,1193178,61,,,1,30,,1193166,61,,,1,70,,1193163,61,,,1,30,,1193161,61,,,1,70,,1193176,61,,,1,29,,1193159,61,,,1,70,,1193174,61,,,1,100,,1193155,61,,,1,95,,1193151,61,,,1,100,,1193177,61,,,1,100,,1193165,61,,,1,113,,1193164,61,,,1
16800,'4',708,,1193184,61,,,1,100,,1193187,61,,,1,100,,1193192,61,,,1,30,,1193189,61,,,1,71,,1193198,61,,,1,34,,1193199,61,,,1,70,,1193190,61,,,1,30,,1193204,61,,,1,70,,1193201,61,,,1,31,,1193182,61,,,1,70,,1193203,61,,,1,30,,1193205,61,,,1,70,,1193194,61,,,1,30,,1193186,61,,,1,70,,1193181,61,,,1,30,,1193179,61,,,1,70,,1193193,61,,,1,30,,1193185,61,,,1,70,,1193180,61,,,1,30,,1193183,61,,,1,70,,1193196,61,,,1,29,,1193188,61,,,1,70,,1076211,61,,,1,100,,1193197,61,,,1,95,,1193200,61,,,1,100,,1193202,61,,,1,100,,1193195,61,,,1,113,,1193191,61,,,1
16800,'5',556,,1193216,61,,,1,70,,1193210,61,,,1,28,,1193221,61,,,1,72,,1017037,61,,,1,30,,1193228,61,,,1,70,,1083561,61,,,1,30,,1012176,61,,,1,69,,1193206,61,,,1,31,,1193230,61,,,1,70,,942962,61,,,1,30,,1193214,61,,,1,70,,1193218,61,,,1,30,,1193208,61,,,1,70,,1193225,61,,,1,30,,1193207,61,,,1,70,,1193231,61,,,1,32,,1031178,61,,,1,70,,1193226,61,,,1,72,,1193211,61,,,1,33,,1193229,61,,,1,73,,1193219,61,,,1,29,,1193215,61,,,1,68,,1193209,61,,,1,30,,1193224,61,,,1,69,,1078673,61,,,1,27,,1193213,61,,,1,29,,1022251,61,,,1,68,,1012178,61,,,1,29,,1193222,61,,,1,69,,1090213,61,,,1,28,,1193217,61,,,1,69,,1193220,61,,,1,30,,1193212,61,,,1,104,,1193227,61,,,1,158,,1193223,61,,,1
16800,'6',556,,1193255,61,,,1,70,,1193239,61,,,1,28,,1193243,61,,,1,72,,1193249,61,,,1,30,,1193248,61,,,1,70,,1102563,61,,,1,30,,1193238,61,,,1,69,,1193246,61,,,1,31,,1193240,61,,,1,70,,1193254,61,,,1,30,,1193237,61,,,1,70,,1041385,61,,,1,30,,1193241,61,,,1,70,,1193242,61,,,1,30,,1193250,61,,,1,70,,1193234,61,,,1,32,,1193247,61,,,1,70,,1020954,61,,,1,72,,972494,61,,,1,33,,1193245,61,,,1,73,,1193233,61,,,1,29,,1193256,61,,,1,68,,1193258,61,,,1,30,,1193232,61,,,1,69,,1092252,61,,,1,27,,1071758,61,,,1,29,,1193253,61,,,1,68,,1193236,61,,,1,29,,1193252,61,,,1,69,,1039604,61,,,1,28,,1193235,61,,,1,69,,1193251,61,,,1,30,,1193257,61,,,1,104,,1193244,61,,,1,158,,1042741,61,,,1
16800,'7',710,,1193277,61,,,1,100,,1193283,61,,,1,30,,1193270,61,,,1,70,,1193273,61,,,1,30,,1193271,61,,,1,70,,1193287,61,,,1,35,,1193265,61,,,1,70,,1193268,61,,,1,30,,1193286,61,,,1,70,,1193260,61,,,1,31,,1193282,61,,,1,70,,1193288,61,,,1,30,,1193272,61,,,1,70,,1193261,61,,,1,30,,1193259,61,,,1,70,,1193290,61,,,1,30,,1193285,61,,,1,70,,1193262,61,,,1,30,,1193267,61,,,1,70,,1193275,61,,,1,30,,1193280,61,,,1,70,,1193281,61,,,1,29,,1193289,61,,,1,70,,1193263,61,,,1,30,,1193266,61,,,1,70,,1193269,61,,,1,25,,1193284,61,,,1,70,,1193274,61,,,1,30,,1193264,61,,,1,70,,1193276,61,,,1,100,,1193279,61,,,1,120,,1193278,61,,,1
16800,'8',556,,1193318,61,,,1,70,,1193300,61,,,1,28,,1193306,61,,,1,72,,1193312,61,,,1,30,,1193311,61,,,1,70,,1193323,61,,,1,30,,1193299,61,,,1,69,,1193309,61,,,1,31,,1193301,61,,,1,70,,1193317,61,,,1,30,,1193298,61,,,1,70,,1193319,61,,,1,30,,1193303,61,,,1,70,,1193305,61,,,1,30,,1193313,61,,,1,70,,1193294,61,,,1,32,,1193310,61,,,1,70,,1193320,61,,,1,72,,1193304,61,,,1,33,,1193308,61,,,1,73,,1193292,61,,,1,29,,1193321,61,,,1,68,,1193324,61,,,1,30,,1193291,61,,,1,69,,1193302,61,,,1,27,,1193293,61,,,1,29,,1193316,61,,,1,68,,1193297,61,,,1,29,,1193315,61,,,1,69,,1193296,61,,,1,28,,1193295,61,,,1,69,,1193314,61,,,1,30,,1193322,61,,,1,104,,1193307,61,,,1,158,,1193325,61,,,1
16800,'9',556,,1193336,61,,,1,70,,1193330,61,,,1,28,,1193341,61,,,1,72,,1017355,61,,,1,30,,1193348,61,,,1,70,,1083432,61,,,1,30,,1012343,61,,,1,69,,1193326,61,,,1,31,,1193350,61,,,1,70,,942906,61,,,1,30,,1193334,61,,,1,70,,1193338,61,,,1,30,,1193328,61,,,1,70,,1193345,61,,,1,30,,1193327,61,,,1,70,,1193351,61,,,1,32,,1031334,61,,,1,70,,1193346,61,,,1,72,,1193331,61,,,1,33,,1193349,61,,,1,73,,1193339,61,,,1,29,,1193335,61,,,1,68,,1193329,61,,,1,30,,1193344,61,,,1,69,,1078538,61,,,1,27,,1193333,61,,,1,29,,1022493,61,,,1,68,,1012345,61,,,1,29,,1193342,61,,,1,69,,1090140,61,,,1,28,,1193337,61,,,1,69,,1193340,61,,,1,30,,1193332,61,,,1,104,,1193347,61,,,1,158,,1193343,61,,,1
66701,'1',1452,,1084459,36,,,1,7,,1199965,36,,,1
66701,'10',1452,,1084275,36,,,1,7,,1199967,36,,,1
66701,'11',1452,,1084515,36,,,1,7,,1199969,36,,,1
66701,'12',1452,,1199973,36,,,1,7,,1036341,36,,,1
66701,'14',1452,,1199977,36,,,1,7,,1199974,36,,,1
66701,'15',1452,,1199981,36,,,1,7,,1199979,36,,,1
66701,'16',1452,,1199985,36,,,1,7,,1199982,36,,,1
66701,'5',1452,,1084426,36,,,1,7,,1199986,36,,,1
66701,'6',1452,,1199991,36,,,1,7,,1199988,36,,,1
66701,'8',1452,,1199995,36,,,1,7,,1199992,36,,,1
66701,'9',1452,,1084336,36,,,1,7,,1199996,36,,,1
