16500,'1',609,,1192239,14,,,1,30,,1192246,14,,,1,70,,1102147,14,,,1,30,,1192252,14,,,1,70,,1192255,14,,,1,30,,1192242,14,,,1,70,,1192256,14,,,1,30,,1041542,14,,,1,101,,1029474,14,,,1,100,,1192247,14,,,1,100,,1192257,14,,,1,100,,1192241,14,,,1,100,,1192251,14,,,1,70,,1192253,14,,,1,32,,1192254,14,,,1,68,,1077300,14,,,1,30,,1192250,14,,,1,70,,1192249,14,,,1,30,,1192245,14,,,1,70,,1192248,14,,,1,100,,1192243,14,,,1,100,,1192238,14,,,1,100,,1192244,14,,,1,99,,1192240,14,,,1
16500,'10',609,,1192259,14,,,1,30,,1192266,14,,,1,70,,1102144,14,,,1,30,,1192272,14,,,1,70,,1192275,14,,,1,30,,1192262,14,,,1,70,,1192276,14,,,1,30,,1041665,14,,,1,101,,1029568,14,,,1,100,,1192267,14,,,1,100,,1192277,14,,,1,100,,1192261,14,,,1,100,,1192271,14,,,1,70,,1192273,14,,,1,32,,1192274,14,,,1,68,,1077162,14,,,1,30,,1192270,14,,,1,70,,1192269,14,,,1,30,,1192265,14,,,1,70,,1192268,14,,,1,100,,1192263,14,,,1,100,,1192258,14,,,1,100,,1192264,14,,,1,99,,1192260,14,,,1
16500,'11',609,,1192279,14,,,1,30,,1192286,14,,,1,70,,1102148,14,,,1,30,,1192292,14,,,1,70,,1192295,14,,,1,30,,1192282,14,,,1,70,,1192296,14,,,1,30,,1041505,14,,,1,101,,1029445,14,,,1,100,,1192287,14,,,1,100,,1192297,14,,,1,100,,1192281,14,,,1,100,,1192291,14,,,1,70,,1192293,14,,,1,32,,1192294,14,,,1,68,,1077340,14,,,1,30,,1192290,14,,,1,70,,1192289,14,,,1,30,,1192285,14,,,1,70,,1192288,14,,,1,100,,1192283,14,,,1,100,,1192278,14,,,1,100,,1192284,14,,,1,99,,1192280,14,,,1
16500,'12',609,,1192309,14,,,1,30,,1192306,14,,,1,70,,1192319,14,,,1,30,,1192304,14,,,1,70,,1192311,14,,,1,30,,1192302,14,,,1,70,,1192303,14,,,1,30,,1192310,14,,,1,101,,1192321,14,,,1,100,,1192308,14,,,1,100,,1192318,14,,,1,100,,1192312,14,,,1,100,,1192301,14,,,1,70,,1192314,14,,,1,32,,1192320,14,,,1,68,,1192316,14,,,1,30,,1192300,14,,,1,70,,1192317,14,,,1,30,,1192313,14,,,1,70,,1192299,14,,,1,100,,1192307,14,,,1,100,,1192298,14,,,1,100,,1192315,14,,,1,99,,1192305,14,,,1
16500,'13',906,,1192331,14,,,1,100,,1192324,14,,,1,101,,1192325,14,,,1,100,,1192327,14,,,1,100,,1192323,14,,,1,100,,1192322,14,,,1,100,,1192329,14,,,1,100,,1192330,14,,,1,100,,1065344,14,,,1,100,,1192328,14,,,1,99,,1192326,14,,,1
16500,'14',609,,1192334,14,,,1,30,,1192342,14,,,1,70,,1192332,14,,,1,30,,1192349,14,,,1,70,,1192352,14,,,1,30,,1192338,14,,,1,70,,1192353,14,,,1,30,,1192336,14,,,1,101,,1192355,14,,,1,100,,1192343,14,,,1,100,,1192354,14,,,1,100,,1192337,14,,,1,100,,1192347,14,,,1,70,,1192350,14,,,1,32,,1192351,14,,,1,68,,1192348,14,,,1,30,,1192346,14,,,1,70,,1192345,14,,,1,30,,1192341,14,,,1,70,,1192344,14,,,1,100,,1192339,14,,,1,100,,1192333,14,,,1,100,,1192340,14,,,1,99,,1192335,14,,,1
16500,'15',609,,1192368,14,,,1,30,,1192357,14,,,1,70,,1192376,14,,,1,30,,1192377,14,,,1,70,,1192363,14,,,1,30,,1192379,14,,,1,70,,1192378,14,,,1,30,,1192359,14,,,1,101,,1192362,14,,,1,100,,1192358,14,,,1,100,,1192369,14,,,1,100,,1192372,14,,,1,100,,1192360,14,,,1,70,,1192370,14,,,1,32,,1192371,14,,,1,68,,1192374,14,,,1,30,,1192365,14,,,1,70,,1192361,14,,,1,30,,1192356,14,,,1,70,,1192373,14,,,1,100,,1192367,14,,,1,100,,1192375,14,,,1,100,,1192364,14,,,1,99,,1192366,14,,,1
16500,'16',609,,1192388,14,,,1,30,,1192385,14,,,1,70,,1192397,14,,,1,30,,1192383,14,,,1,70,,1192390,14,,,1,30,,1098566,14,,,1,70,,1192382,14,,,1,30,,1192389,14,,,1,101,,1192399,14,,,1,100,,1192387,14,,,1,100,,1192396,14,,,1,100,,1192391,14,,,1,100,,1073448,14,,,1,70,,1192392,14,,,1,32,,1192398,14,,,1,68,,1192394,14,,,1,30,,1192381,14,,,1,70,,1192395,14,,,1,30,,997056,14,,,1,70,,1192380,14,,,1,100,,1192386,14,,,1,100,,1096446,14,,,1,100,,1192393,14,,,1,99,,1192384,14,,,1
16500,'17',906,,1192410,14,,,1,100,,1192402,14,,,1,101,,1192404,14,,,1,100,,1192406,14,,,1,100,,1192401,14,,,1,100,,1192400,14,,,1,100,,1192408,14,,,1,100,,1192409,14,,,1,100,,1192403,14,,,1,100,,1192407,14,,,1,99,,1192405,14,,,1
16500,'2',719,,1192420,14,,,1,100,,1192413,14,,,1,100,,1192417,14,,,1,101,,1192425,14,,,1,100,,1192415,14,,,1,100,,1192414,14,,,1,100,,1192421,14,,,1,100,,1031917,14,,,1,100,,1192416,14,,,1,100,,1192411,14,,,1,100,,1192412,14,,,1,100,,1192422,14,,,1,99,,1192419,14,,,1,100,,1192423,14,,,1,100,,1192424,14,,,1,100,,1192418,14,,,1
16500,'3',906,,1192436,14,,,1,100,,1192428,14,,,1,101,,1192430,14,,,1,100,,1192432,14,,,1,100,,1192427,14,,,1,100,,1192426,14,,,1,100,,1192434,14,,,1,100,,1192435,14,,,1,100,,1192429,14,,,1,100,,1192433,14,,,1,99,,1192431,14,,,1
16500,'4',906,,1192441,14,,,1,100,,1192444,14,,,1,101,,1192442,14,,,1,100,,994468,14,,,1,100,,1192440,14,,,1,100,,1192443,14,,,1,100,,1062979,14,,,1,100,,1192439,14,,,1,100,,1192445,14,,,1,100,,1192438,14,,,1,99,,1192437,14,,,1
16500,'5',609,,1192447,14,,,1,30,,1192454,14,,,1,70,,1102146,14,,,1,30,,1192460,14,,,1,70,,1192463,14,,,1,30,,1192450,14,,,1,70,,1192464,14,,,1,30,,1041339,14,,,1,101,,1029300,14,,,1,100,,1192455,14,,,1,100,,1192465,14,,,1,100,,1192449,14,,,1,100,,1192459,14,,,1,70,,1192461,14,,,1,32,,1192462,14,,,1,68,,1077275,14,,,1,30,,1192458,14,,,1,70,,1192457,14,,,1,30,,1192453,14,,,1,70,,1192456,14,,,1,100,,1192451,14,,,1,100,,1192446,14,,,1,100,,1192452,14,,,1,99,,1192448,14,,,1
16500,'6',609,,1192475,14,,,1,30,,1192472,14,,,1,70,,1077636,14,,,1,30,,1192470,14,,,1,70,,1192477,14,,,1,30,,1192468,14,,,1,70,,1192469,14,,,1,30,,1192476,14,,,1,101,,1192484,14,,,1,100,,1192474,14,,,1,100,,1192483,14,,,1,100,,1029728,14,,,1,100,,1192467,14,,,1,70,,1192479,14,,,1,32,,1101927,14,,,1,68,,1192481,14,,,1,30,,1090066,14,,,1,70,,1192482,14,,,1,30,,1192478,14,,,1,70,,1064967,14,,,1,100,,1192473,14,,,1,100,,1192466,14,,,1,100,,1192480,14,,,1,99,,1192471,14,,,1
16500,'7',719,,1192499,14,,,1,100,,1192492,14,,,1,100,,1192496,14,,,1,101,,1192490,14,,,1,100,,1192489,14,,,1,100,,1192497,14,,,1,100,,1192491,14,,,1,100,,1192485,14,,,1,100,,1192494,14,,,1,100,,1192488,14,,,1,100,,1192498,14,,,1,100,,1192487,14,,,1,99,,1192495,14,,,1,100,,1192486,14,,,1,100,,1192500,14,,,1,100,,1192493,14,,,1
16500,'8',609,,1192512,14,,,1,30,,1192509,14,,,1,70,,1192522,14,,,1,30,,1192507,14,,,1,70,,1192514,14,,,1,30,,1192505,14,,,1,70,,1192506,14,,,1,30,,1192513,14,,,1,101,,1192524,14,,,1,100,,1192511,14,,,1,100,,1192521,14,,,1,100,,1192515,14,,,1,100,,1192504,14,,,1,70,,1192517,14,,,1,32,,1192523,14,,,1,68,,1192519,14,,,1,30,,1192503,14,,,1,70,,1192520,14,,,1,30,,1192516,14,,,1,70,,1192502,14,,,1,100,,1192510,14,,,1,100,,1192501,14,,,1,100,,1192518,14,,,1,99,,1192508,14,,,1
16500,'9',609,,1192526,14,,,1,30,,1192533,14,,,1,70,,1102145,14,,,1,30,,1192539,14,,,1,70,,1192542,14,,,1,30,,1192529,14,,,1,70,,1192543,14,,,1,30,,1041579,14,,,1,101,,1029503,14,,,1,100,,1192534,14,,,1,100,,1192544,14,,,1,100,,1192528,14,,,1,100,,1192538,14,,,1,70,,1192540,14,,,1,32,,1192541,14,,,1,68,,1077204,14,,,1,30,,1192537,14,,,1,70,,1192536,14,,,1,30,,1192532,14,,,1,70,,1192535,14,,,1,100,,1192530,14,,,1,100,,1192525,14,,,1,100,,1192531,14,,,1,99,,1192527,14,,,1
66401,'1',1523,,1199891,19,,,1
66401,'10',1523,,1199894,19,,,1
66401,'11',1523,,1199897,19,,,1
66401,'12',1523,,1199900,19,,,1
66401,'14',1523,,1199903,19,,,1
66401,'15',1523,,1199906,19,,,1
66401,'16',1523,,1199909,19,,,1
66401,'5',1523,,1199912,19,,,1
66401,'6',1523,,1199915,19,,,1
66401,'8',1523,,1199918,19,,,1
66401,'9',1523,,1199921,19,,,1
