2300,'1',724,,1123450,37,,,1,30,,1123445,37,,,1,70,,1123451,37,,,1,722,,1123448,37,,,1,70,,1123449,37,,,1,30,,1123452,37,,,1,69,,1123446,37,,,1,30,,1123447,37,,,1
2300,'10',724,,1123458,37,,,1,30,,1123453,37,,,1,70,,1123459,37,,,1,722,,1123456,37,,,1,70,,1123457,37,,,1,30,,1123460,37,,,1,69,,1123454,37,,,1,30,,1123455,37,,,1
2300,'11',724,,1123466,37,,,1,30,,1123461,37,,,1,70,,1123467,37,,,1,722,,1123464,37,,,1,70,,1123465,37,,,1,30,,1123468,37,,,1,69,,1123462,37,,,1,30,,1123463,37,,,1
2300,'12',724,,1123473,37,,,1,30,,1123475,37,,,1,70,,1123469,37,,,1,722,,1123470,37,,,1,70,,1047540,37,,,1,30,,1123472,37,,,1,69,,1123474,37,,,1,30,,1123471,37,,,1
2300,'14',724,,1123481,37,,,1,30,,1123476,37,,,1,70,,1123482,37,,,1,722,,1123479,37,,,1,70,,1123480,37,,,1,30,,1123483,37,,,1,69,,1123477,37,,,1,30,,1123478,37,,,1
2300,'15',724,,1123490,37,,,1,30,,1123487,37,,,1,70,,1123489,37,,,1,722,,1123484,37,,,1,70,,1123491,37,,,1,30,,1123486,37,,,1,69,,1123488,37,,,1,30,,1123485,37,,,1
2300,'16',724,,1123496,37,,,1,30,,1123498,37,,,1,70,,1123492,37,,,1,722,,1123493,37,,,1,70,,1123499,37,,,1,30,,1123495,37,,,1,69,,1123497,37,,,1,30,,1123494,37,,,1
2300,'5',724,,1123505,37,,,1,30,,1123500,37,,,1,70,,1123506,37,,,1,722,,1123503,37,,,1,70,,1123504,37,,,1,30,,1123507,37,,,1,69,,1123501,37,,,1,30,,1123502,37,,,1
2300,'6',724,,1123512,37,,,1,30,,1123514,37,,,1,70,,1123508,37,,,1,722,,1123509,37,,,1,70,,1123515,37,,,1,30,,1123511,37,,,1,69,,1123513,37,,,1,30,,1123510,37,,,1
2300,'8',724,,1123520,37,,,1,30,,1123522,37,,,1,70,,1123516,37,,,1,722,,1123517,37,,,1,70,,1123523,37,,,1,30,,1123519,37,,,1,69,,1123521,37,,,1,30,,1123518,37,,,1
2300,'9',724,,1123529,37,,,1,30,,1123524,37,,,1,70,,1123530,37,,,1,722,,1123527,37,,,1,70,,1123528,37,,,1,30,,1123531,37,,,1,69,,1123525,37,,,1,30,,1123526,37,,,1
