17301,'1',448,,1066523,8,,,1,70,,1041557,8,,,1,24,,1194423,8,,,1,80,,1194420,8,,,1,32,,1008502,8,,,1,70,,1194413,8,,,1,30,,1083221,8,,,1,70,,1194430,8,,,1,31,,1194435,8,,,1,70,,1194440,8,,,1,30,,1194425,8,,,1,69,,1194428,8,,,1,30,,1194427,8,,,1,70,,1194410,8,,,1,30,,1194431,8,,,1,70,,1095194,8,,,1,30,,1194411,8,,,1,70,,1194432,8,,,1,30,,1194436,8,,,1,71,,1194416,8,,,1,28,,1194424,8,,,1,74,,1194419,8,,,1,30,,1194433,8,,,1,70,,1194418,8,,,1,30,,1194412,8,,,1,70,,1194439,8,,,1,30,,1194434,8,,,1,69,,1194421,8,,,1,29,,1194438,8,,,1,69,,1194422,8,,,1,30,,1194414,8,,,1,70,,1194415,8,,,1,30,,1194426,8,,,1,70,,1194429,8,,,1,29,,1194417,8,,,1,96,,1194437,8,,,1
17301,'10',448,,1066301,8,,,1,70,,1041680,8,,,1,24,,1194454,8,,,1,80,,1194451,8,,,1,32,,1008644,8,,,1,70,,1194444,8,,,1,30,,1082988,8,,,1,70,,1194461,8,,,1,31,,1194466,8,,,1,70,,1194471,8,,,1,30,,1194456,8,,,1,69,,1194459,8,,,1,30,,1194458,8,,,1,70,,1194441,8,,,1,30,,1194462,8,,,1,70,,1094948,8,,,1,30,,1194442,8,,,1,70,,1194463,8,,,1,30,,1194467,8,,,1,71,,1194447,8,,,1,28,,1194455,8,,,1,74,,1194450,8,,,1,30,,1194464,8,,,1,70,,1194449,8,,,1,30,,1194443,8,,,1,70,,1194470,8,,,1,30,,1194465,8,,,1,69,,1194452,8,,,1,29,,1194469,8,,,1,69,,1194453,8,,,1,30,,1194445,8,,,1,70,,1194446,8,,,1,30,,1194457,8,,,1,70,,1194460,8,,,1,29,,1194448,8,,,1,96,,1194468,8,,,1
17301,'11',448,,1066590,8,,,1,70,,1041520,8,,,1,24,,1194485,8,,,1,80,,1194482,8,,,1,32,,1008463,8,,,1,70,,1194475,8,,,1,30,,1083296,8,,,1,70,,1194492,8,,,1,31,,1194497,8,,,1,70,,1194502,8,,,1,30,,1194487,8,,,1,69,,1194490,8,,,1,30,,1194489,8,,,1,70,,1194472,8,,,1,30,,1194493,8,,,1,70,,1095268,8,,,1,30,,1194473,8,,,1,70,,1194494,8,,,1,30,,1194498,8,,,1,71,,1194478,8,,,1,28,,1194486,8,,,1,74,,1194481,8,,,1,30,,1194495,8,,,1,70,,1194480,8,,,1,30,,1194474,8,,,1,70,,1194501,8,,,1,30,,1194496,8,,,1,69,,1194483,8,,,1,29,,1194500,8,,,1,69,,1194484,8,,,1,30,,1194476,8,,,1,70,,1194477,8,,,1,30,,1194488,8,,,1,70,,1194491,8,,,1,29,,1194479,8,,,1,96,,1194499,8,,,1
17301,'12',448,,1194509,8,,,1,70,,1194512,8,,,1,24,,1070274,8,,,1,80,,1070266,8,,,1,32,,1194508,8,,,1,70,,1194515,8,,,1,30,,1194534,8,,,1,70,,1194524,8,,,1,31,,1194519,8,,,1,70,,1194505,8,,,1,30,,1194510,8,,,1,69,,1194529,8,,,1,30,,1194516,8,,,1,70,,1194527,8,,,1,30,,1194503,8,,,1,70,,1194507,8,,,1,30,,1194533,8,,,1,70,,1194535,8,,,1,30,,1194530,8,,,1,71,,1194531,8,,,1,28,,1194506,8,,,1,74,,1194521,8,,,1,30,,1194522,8,,,1,70,,1194525,8,,,1,30,,1194518,8,,,1,70,,1194523,8,,,1,30,,1194514,8,,,1,69,,1089145,8,,,1,29,,1194528,8,,,1,69,,1194532,8,,,1,30,,1194526,8,,,1,70,,1194511,8,,,1,30,,1194504,8,,,1,70,,1194517,8,,,1,29,,1194520,8,,,1,96,,1194513,8,,,1
17301,'13',447,,1194545,8,,,1,70,,1087933,8,,,1,200,,1194541,8,,,1,140,,1194557,8,,,1,100,,1194543,8,,,1,70,,1194536,8,,,1,30,,1098308,8,,,1,70,,1194556,8,,,1,30,,1194546,8,,,1,70,,1072067,8,,,1,30,,1194537,8,,,1,70,,1194544,8,,,1,30,,1194547,8,,,1,70,,1194549,8,,,1,30,,1194559,8,,,1,70,,1194551,8,,,1,30,,1194548,8,,,1,70,,1194550,8,,,1,30,,1194554,8,,,1,70,,1194540,8,,,1,30,,1194538,8,,,1,70,,1097721,8,,,1,30,,1194558,8,,,1,70,,1194555,8,,,1,30,,1194552,8,,,1,100,,1194553,8,,,1,100,,1194542,8,,,1,100,,1194539,8,,,1
17301,'14',448,,1194567,8,,,1,70,,1194593,8,,,1,24,,1194576,8,,,1,80,,1194573,8,,,1,32,,1194562,8,,,1,70,,1194564,8,,,1,30,,1194592,8,,,1,70,,1194583,8,,,1,31,,1194588,8,,,1,70,,1194595,8,,,1,30,,1194578,8,,,1,69,,1194581,8,,,1,30,,1194580,8,,,1,70,,1194560,8,,,1,30,,1194584,8,,,1,70,,1194566,8,,,1,30,,1194561,8,,,1,70,,1194585,8,,,1,30,,1194589,8,,,1,71,,1194569,8,,,1,28,,1194577,8,,,1,74,,1194572,8,,,1,30,,1194586,8,,,1,70,,1194571,8,,,1,30,,1194563,8,,,1,70,,1194594,8,,,1,30,,1194587,8,,,1,69,,1194574,8,,,1,29,,1194591,8,,,1,69,,1194575,8,,,1,30,,1194565,8,,,1,70,,1194568,8,,,1,30,,1194579,8,,,1,70,,1194582,8,,,1,29,,1194570,8,,,1,96,,1194590,8,,,1
17301,'15',448,,1194616,8,,,1,70,,1194600,8,,,1,24,,1194606,8,,,1,80,,1194620,8,,,1,32,,1194610,8,,,1,70,,1194619,8,,,1,30,,1194598,8,,,1,70,,1194614,8,,,1,31,,1194627,8,,,1,70,,1194624,8,,,1,30,,1194603,8,,,1,69,,1194611,8,,,1,30,,1194599,8,,,1,70,,1194596,8,,,1,30,,1194617,8,,,1,70,,1194622,8,,,1,30,,1194623,8,,,1,70,,1194630,8,,,1,30,,1194609,8,,,1,71,,1194621,8,,,1,28,,1194602,8,,,1,74,,1194628,8,,,1,30,,1194618,8,,,1,70,,1194605,8,,,1,30,,1194597,8,,,1,70,,1194615,8,,,1,30,,1194629,8,,,1,69,,1194608,8,,,1,29,,1194607,8,,,1,69,,1194604,8,,,1,30,,1194613,8,,,1,70,,1194612,8,,,1,30,,1194625,8,,,1,70,,1194631,8,,,1,29,,1194626,8,,,1,96,,1194601,8,,,1
17301,'16',448,,1063658,8,,,1,70,,1194640,8,,,1,24,,1194637,8,,,1,80,,1194633,8,,,1,32,,1194636,8,,,1,70,,1194643,8,,,1,30,,1194663,8,,,1,70,,1194652,8,,,1,31,,1194647,8,,,1,70,,1194634,8,,,1,30,,1194638,8,,,1,69,,1194657,8,,,1,30,,1194644,8,,,1,70,,1194655,8,,,1,30,,1101192,8,,,1,70,,1194635,8,,,1,30,,1194661,8,,,1,70,,1194664,8,,,1,30,,1194658,8,,,1,71,,1194659,8,,,1,28,,1079868,8,,,1,74,,1194649,8,,,1,30,,1194650,8,,,1,70,,1194653,8,,,1,30,,1194646,8,,,1,70,,1194651,8,,,1,30,,1194642,8,,,1,69,,1194662,8,,,1,29,,1194656,8,,,1,69,,1194660,8,,,1,30,,1194654,8,,,1,70,,1194639,8,,,1,30,,1194632,8,,,1,70,,1194645,8,,,1,29,,1194648,8,,,1,96,,1194641,8,,,1
17301,'17',447,,1194676,8,,,1,70,,1194689,8,,,1,200,,1194672,8,,,1,140,,1194688,8,,,1,100,,1194674,8,,,1,70,,1194665,8,,,1,30,,1194692,8,,,1,70,,1194687,8,,,1,30,,1194677,8,,,1,70,,1194669,8,,,1,30,,1194666,8,,,1,70,,1194675,8,,,1,30,,1194678,8,,,1,70,,1194680,8,,,1,30,,1194691,8,,,1,70,,1194682,8,,,1,30,,1194679,8,,,1,70,,1194681,8,,,1,30,,1194685,8,,,1,70,,1194671,8,,,1,30,,1194668,8,,,1,70,,1194667,8,,,1,30,,1194690,8,,,1,70,,1194686,8,,,1,30,,1194683,8,,,1,100,,1194684,8,,,1,100,,1194673,8,,,1,100,,1194670,8,,,1
17301,'2',442,,1194711,8,,,1,70,,1194707,8,,,1,205,,1194701,8,,,1,101,,1194708,8,,,1,33,,1194719,8,,,1,70,,1194696,8,,,1,30,,1194704,8,,,1,70,,1194709,8,,,1,30,,1086538,8,,,1,70,,1194702,8,,,1,30,,1194700,8,,,1,70,,1194715,8,,,1,30,,1194710,8,,,1,70,,1194695,8,,,1,30,,1194698,8,,,1,70,,1194712,8,,,1,30,,1194697,8,,,1,70,,1194714,8,,,1,30,,1194705,8,,,1,70,,953792,8,,,1,30,,1194717,8,,,1,70,,1194720,8,,,1,30,,1194721,8,,,1,70,,1194694,8,,,1,30,,1096572,8,,,1,70,,1194693,8,,,1,30,,1194703,8,,,1,70,,1194718,8,,,1,30,,1194699,8,,,1,70,,1064570,8,,,1,30,,1194713,8,,,1,100,,1194706,8,,,1,100,,1194716,8,,,1
17301,'3',447,,1194733,8,,,1,70,,1194746,8,,,1,200,,1194729,8,,,1,140,,1194745,8,,,1,100,,1194731,8,,,1,70,,1194722,8,,,1,30,,1194749,8,,,1,70,,1194744,8,,,1,30,,1194734,8,,,1,70,,1194726,8,,,1,30,,1194723,8,,,1,70,,1194732,8,,,1,30,,1194735,8,,,1,70,,1194737,8,,,1,30,,1194748,8,,,1,70,,1194739,8,,,1,30,,1194736,8,,,1,70,,1194738,8,,,1,30,,1194742,8,,,1,70,,1194728,8,,,1,30,,1194725,8,,,1,70,,1194724,8,,,1,30,,1194747,8,,,1,70,,1194743,8,,,1,30,,1194740,8,,,1,100,,1194741,8,,,1,100,,1194730,8,,,1,100,,1194727,8,,,1
17301,'4',447,,1194762,8,,,1,70,,1194751,8,,,1,200,,1194772,8,,,1,140,,1194760,8,,,1,100,,1042775,8,,,1,70,,1194761,8,,,1,30,,1194767,8,,,1,70,,1194753,8,,,1,30,,1194758,8,,,1,70,,1194769,8,,,1,30,,1194757,8,,,1,70,,1194775,8,,,1,30,,1194766,8,,,1,70,,1194765,8,,,1,30,,1194756,8,,,1,70,,1194770,8,,,1,30,,1194763,8,,,1,70,,1194771,8,,,1,30,,1194759,8,,,1,70,,1194750,8,,,1,30,,1194752,8,,,1,70,,1194755,8,,,1,30,,1194768,8,,,1,70,,1194773,8,,,1,30,,1194776,8,,,1,100,,1194774,8,,,1,100,,1194764,8,,,1,100,,1194754,8,,,1
17301,'5',448,,1066484,8,,,1,70,,1041354,8,,,1,24,,1194790,8,,,1,80,,1194787,8,,,1,32,,1008258,8,,,1,70,,1194780,8,,,1,30,,1083181,8,,,1,70,,1194797,8,,,1,31,,1194802,8,,,1,70,,1194807,8,,,1,30,,1194792,8,,,1,69,,1194795,8,,,1,30,,1194794,8,,,1,70,,1194777,8,,,1,30,,1194798,8,,,1,70,,1095146,8,,,1,30,,1194778,8,,,1,70,,1194799,8,,,1,30,,1194803,8,,,1,71,,1194783,8,,,1,28,,1194791,8,,,1,74,,1194786,8,,,1,30,,1194800,8,,,1,70,,1194785,8,,,1,30,,1194779,8,,,1,70,,1194806,8,,,1,30,,1194801,8,,,1,69,,1194788,8,,,1,29,,1194805,8,,,1,69,,1194789,8,,,1,30,,1194781,8,,,1,70,,1194782,8,,,1,30,,1194793,8,,,1,70,,1194796,8,,,1,29,,1194784,8,,,1,96,,1194804,8,,,1
17301,'6',448,,1194814,8,,,1,70,,1194817,8,,,1,24,,1194813,8,,,1,80,,1194810,8,,,1,32,,960492,8,,,1,70,,1194820,8,,,1,30,,1084251,8,,,1,70,,1194829,8,,,1,31,,1194824,8,,,1,70,,1089595,8,,,1,30,,1194815,8,,,1,69,,1194834,8,,,1,30,,1194821,8,,,1,70,,1194832,8,,,1,30,,1194808,8,,,1,70,,1194812,8,,,1,30,,1194837,8,,,1,70,,1031518,8,,,1,30,,1194835,8,,,1,71,,1078847,8,,,1,28,,1194811,8,,,1,74,,1194826,8,,,1,30,,1194827,8,,,1,70,,1194830,8,,,1,30,,1194823,8,,,1,70,,1194828,8,,,1,30,,1194819,8,,,1,69,,1194838,8,,,1,29,,1194833,8,,,1,69,,1194836,8,,,1,30,,1194831,8,,,1,70,,1194816,8,,,1,30,,1194809,8,,,1,70,,1194822,8,,,1,29,,1194825,8,,,1,96,,1194818,8,,,1
17301,'7',442,,1194847,8,,,1,70,,1194853,8,,,1,205,,1194864,8,,,1,101,,1194850,8,,,1,33,,1194840,8,,,1,70,,1194846,8,,,1,30,,1194839,8,,,1,70,,1194861,8,,,1,30,,1194843,8,,,1,70,,1194851,8,,,1,30,,1194856,8,,,1,70,,1194844,8,,,1,30,,1194866,8,,,1,70,,1194869,8,,,1,30,,1194863,8,,,1,70,,1194849,8,,,1,30,,1194871,8,,,1,70,,1194865,8,,,1,30,,1194868,8,,,1,70,,1194842,8,,,1,30,,1194860,8,,,1,70,,1194858,8,,,1,30,,1194870,8,,,1,70,,1194845,8,,,1,30,,1194854,8,,,1,70,,1194859,8,,,1,30,,1194867,8,,,1,70,,1194848,8,,,1,30,,1194862,8,,,1,70,,1194841,8,,,1,30,,1194852,8,,,1,100,,1194855,8,,,1,100,,1194857,8,,,1
17301,'8',448,,1194880,8,,,1,70,,1194883,8,,,1,24,,1194879,8,,,1,80,,1194874,8,,,1,32,,1194878,8,,,1,70,,1194886,8,,,1,30,,1194906,8,,,1,70,,1194895,8,,,1,31,,1194890,8,,,1,70,,1194875,8,,,1,30,,1194881,8,,,1,69,,1194900,8,,,1,30,,1194887,8,,,1,70,,1194898,8,,,1,30,,1194872,8,,,1,70,,1194877,8,,,1,30,,1194904,8,,,1,70,,1194907,8,,,1,30,,1194901,8,,,1,71,,1194902,8,,,1,28,,1194876,8,,,1,74,,1194892,8,,,1,30,,1194893,8,,,1,70,,1194896,8,,,1,30,,1194889,8,,,1,70,,1194894,8,,,1,30,,1194885,8,,,1,69,,1194905,8,,,1,29,,1194899,8,,,1,69,,1194903,8,,,1,30,,1194897,8,,,1,70,,1194882,8,,,1,30,,1194873,8,,,1,70,,1194888,8,,,1,29,,1194891,8,,,1,96,,1194884,8,,,1
17301,'9',448,,1066368,8,,,1,70,,1041594,8,,,1,24,,1194921,8,,,1,80,,1194918,8,,,1,32,,1008541,8,,,1,70,,1194911,8,,,1,30,,1083057,8,,,1,70,,1194928,8,,,1,31,,1194933,8,,,1,70,,1194938,8,,,1,30,,1194923,8,,,1,69,,1194926,8,,,1,30,,1194925,8,,,1,70,,1194908,8,,,1,30,,1194929,8,,,1,70,,1095022,8,,,1,30,,1194909,8,,,1,70,,1194930,8,,,1,30,,1194934,8,,,1,71,,1194914,8,,,1,28,,1194922,8,,,1,74,,1194917,8,,,1,30,,1194931,8,,,1,70,,1194916,8,,,1,30,,1194910,8,,,1,70,,1194937,8,,,1,30,,1194932,8,,,1,69,,1194919,8,,,1,29,,1194936,8,,,1,69,,1194920,8,,,1,30,,1194912,8,,,1,70,,1194913,8,,,1,30,,1194924,8,,,1,70,,1194927,8,,,1,29,,1194915,8,,,1,96,,1194935,8,,,1
67900,'1',716,,1093800,8,,,1,5,,1200368,8,,,1,5,,1072340,8,,,1
67900,'10',716,,1093600,8,,,1,5,,1200369,8,,,1,5,,1072194,8,,,1
67900,'11',716,,1093860,8,,,1,5,,1200370,8,,,1,5,,1072376,8,,,1
67900,'12',716,,1200372,8,,,1,5,,1200371,8,,,1,5,,1200373,8,,,1
67900,'14',716,,1200375,8,,,1,5,,1200376,8,,,1,5,,1200374,8,,,1
67900,'15',716,,1200377,8,,,1,5,,1200378,8,,,1,5,,1200379,8,,,1
67900,'16',716,,1200381,8,,,1,5,,1200380,8,,,1,5,,1200382,8,,,1
67900,'5',716,,1093765,8,,,1,5,,1200383,8,,,1,5,,1072319,8,,,1
67900,'6',716,,1200384,8,,,1,5,,1103688,8,,,1,5,,1200385,8,,,1
67900,'8',716,,1200387,8,,,1,5,,1200386,8,,,1,5,,1200388,8,,,1
67900,'9',716,,1093656,8,,,1,5,,1200389,8,,,1,5,,1072241,8,,,1
69600,'1',813,,1200708,14,,,1,3,,1068021,14,,,1,4,,952737,14,,,1
69600,'10',813,,1200709,14,,,1,3,,1067805,14,,,1,4,,952570,14,,,1
69600,'11',813,,1200710,14,,,1,3,,1068075,14,,,1,4,,952711,14,,,1
69600,'12',813,,1200713,14,,,1,3,,1200711,14,,,1,4,,1200712,14,,,1
69600,'14',813,,1200715,14,,,1,3,,1200716,14,,,1,4,,1200714,14,,,1
69600,'15',813,,1200718,14,,,1,3,,1200719,14,,,1,4,,1200717,14,,,1
69600,'16',813,,1200722,14,,,1,3,,1200720,14,,,1,4,,1200721,14,,,1
69600,'5',813,,1200723,14,,,1,3,,1067988,14,,,1,4,,952817,14,,,1
69600,'6',813,,1200726,14,,,1,3,,1200724,14,,,1,4,,1200725,14,,,1
69600,'8',813,,1200729,14,,,1,3,,1200727,14,,,1,4,,1200728,14,,,1
69600,'9',813,,1200730,14,,,1,3,,1067877,14,,,1,4,,952791,14,,,1
