1201,'1',414,,1116410,27,0,68,1,20,,1116366,27,0,68,1,72,,1116392,27,0,68,1,31,,1116404,27,0,68,1,67,,1090007,27,,,1,21,,1116377,27,,,1,16,,1116407,27,,,1,16,,1116397,27,,,1,55,,976291,27,,,1,16,,1116374,27,,,1,16,,1116381,27,,,1,14,,1116413,27,,,1,55,,1116387,27,,,1,16,,1116408,27,,,1,14,,893678,27,,,1,14,,1116382,27,,,1,55,,1042447,27,,,1,14,,1076304,27,,,1,14,,1081667,27,,,1,15,,1054849,27,,,1,55,,1116390,27,,,1,14,,1116412,27,,,1,14,,1116394,27,,,1,14,,1116368,27,,,1,54,,1116369,27,,,1,15,,1116395,27,,,1,15,,1057410,27,,,1,17,,1116358,27,,,1,56,,1116352,27,,,1,16,,1116398,27,,,1,16,,1116384,27,,,1,16,,1116406,27,,,1,56,,1116375,27,,,1,14,,1116376,27,,,1,15,,1116414,27,,,1,15,,989764,27,,,1,55,,954769,27,,,1,15,,1116356,27,,,1,16,,1116405,27,,,1,15,,1116402,27,,,1,70,,1116378,27,,,1,19,,1116389,27,,,1,57,,1116399,27,,,1,15,,1071432,27,,,1,15,,1116386,27,,,1,15,,1116367,27,,,1,55,,1116362,27,,,1,14,,1116360,27,,,1,13,,975108,27,,,1,15,,1116400,27,,,1,55,,1116372,27,0,68,1,15,,1116361,27,,,1,14,,1116370,27,0,68,1,14,,1116380,27,,,1,12,,1116411,27,0,68,1,55,,1116393,27,,,1,14,,1116359,27,0,68,1,14,,1070595,27,,,1,15,,1116385,27,0,68,1,54,,1116391,27,,,1,15,,1116355,27,0,68,1,14,,1116379,27,,,1,15,,1116403,27,0,68,1,55,,1116388,27,,,1,15,,1116354,27,0,68,1,15,,1116401,27,,,1,15,,1116396,27,0,68,1,54,,1116365,27,,,1,15,,1116371,27,0,68,1,15,,1116383,27,,,1,19,,1116363,27,0,68,1,59,,1116364,27,0,68,1,29,,1116409,27,0,68,1,70,,1116357,27,0,68,1,30,,1116373,27,0,68,1,80,,1116353,27,0,68,1
1201,'10',414,,1116473,27,0,68,1,20,,1116429,27,0,68,1,72,,1116455,27,0,68,1,31,,1116467,27,0,68,1,67,,1089865,27,,,1,21,,1116440,27,,,1,16,,1116470,27,,,1,16,,1116460,27,,,1,55,,975964,27,,,1,16,,1116437,27,,,1,16,,1116444,27,,,1,14,,1116476,27,,,1,55,,1116450,27,,,1,16,,1116471,27,,,1,14,,893718,27,,,1,14,,1116445,27,,,1,55,,1042572,27,,,1,14,,1076093,27,,,1,14,,1081475,27,,,1,15,,1054915,27,,,1,55,,1116453,27,,,1,14,,1116475,27,,,1,14,,1116457,27,,,1,14,,1116431,27,,,1,54,,1116432,27,,,1,15,,1116458,27,,,1,15,,1057501,27,,,1,17,,1116421,27,,,1,56,,1116415,27,,,1,16,,1116461,27,,,1,16,,1116447,27,,,1,16,,1116469,27,,,1,56,,1116438,27,,,1,14,,1116439,27,,,1,15,,1116477,27,,,1,15,,989584,27,,,1,55,,954326,27,,,1,15,,1116419,27,,,1,16,,1116468,27,,,1,15,,1116465,27,,,1,70,,1116441,27,,,1,19,,1116452,27,,,1,57,,1116462,27,,,1,15,,1071396,27,,,1,15,,1116449,27,,,1,15,,1116430,27,,,1,55,,1116425,27,,,1,14,,1116423,27,,,1,13,,974918,27,,,1,15,,1116463,27,,,1,55,,1116435,27,0,68,1,15,,1116424,27,,,1,14,,1116433,27,0,68,1,14,,1116443,27,,,1,12,,1116474,27,0,68,1,55,,1116456,27,,,1,14,,1116422,27,0,68,1,14,,1070409,27,,,1,15,,1116448,27,0,68,1,54,,1116454,27,,,1,15,,1116418,27,0,68,1,14,,1116442,27,,,1,15,,1116466,27,0,68,1,55,,1116451,27,,,1,15,,1116417,27,0,68,1,15,,1116464,27,,,1,15,,1116459,27,0,68,1,54,,1116428,27,,,1,15,,1116434,27,0,68,1,15,,1116446,27,,,1,19,,1116426,27,0,68,1,59,,1116427,27,0,68,1,29,,1116472,27,0,68,1,70,,1116420,27,0,68,1,30,,1116436,27,0,68,1,80,,1116416,27,0,68,1
1201,'11',414,,1116536,27,0,68,1,20,,1116492,27,0,68,1,72,,1116518,27,0,68,1,31,,1116530,27,0,68,1,67,,1090050,27,,,1,21,,1116503,27,,,1,16,,1116533,27,,,1,16,,1116523,27,,,1,55,,976243,27,,,1,16,,1116500,27,,,1,16,,1116507,27,,,1,14,,1116539,27,,,1,55,,1116513,27,,,1,16,,1116534,27,,,1,14,,893606,27,,,1,14,,1116508,27,,,1,55,,1042411,27,,,1,14,,1076369,27,,,1,14,,1081724,27,,,1,15,,1054832,27,,,1,55,,1116516,27,,,1,14,,1116538,27,,,1,14,,1116520,27,,,1,14,,1116494,27,,,1,54,,1116495,27,,,1,15,,1116521,27,,,1,15,,1057383,27,,,1,17,,1116484,27,,,1,56,,1116478,27,,,1,16,,1116524,27,,,1,16,,1116510,27,,,1,16,,1116532,27,,,1,56,,1116501,27,,,1,14,,1116502,27,,,1,15,,1116540,27,,,1,15,,989739,27,,,1,55,,954706,27,,,1,15,,1116482,27,,,1,16,,1116531,27,,,1,15,,1116528,27,,,1,70,,1116504,27,,,1,19,,1116515,27,,,1,57,,1116525,27,,,1,15,,1071444,27,,,1,15,,1116512,27,,,1,15,,1116493,27,,,1,55,,1116488,27,,,1,14,,1116486,27,,,1,13,,975080,27,,,1,15,,1116526,27,,,1,55,,1116498,27,0,68,1,15,,1116487,27,,,1,14,,1116496,27,0,68,1,14,,1116506,27,,,1,12,,1116537,27,0,68,1,55,,1116519,27,,,1,14,,1116485,27,0,68,1,14,,1070649,27,,,1,15,,1116511,27,0,68,1,54,,1116517,27,,,1,15,,1116481,27,0,68,1,14,,1116505,27,,,1,15,,1116529,27,0,68,1,55,,1116514,27,,,1,15,,1116480,27,0,68,1,15,,1116527,27,,,1,15,,1116522,27,0,68,1,54,,1116491,27,,,1,15,,1116497,27,0,68,1,15,,1116509,27,,,1,19,,1116489,27,0,68,1,59,,1116490,27,0,68,1,29,,1116535,27,0,68,1,70,,1116483,27,0,68,1,30,,1116499,27,0,68,1,80,,1116479,27,0,68,1
1201,'12',414,,1116571,27,0,68,1,20,,1116584,27,0,68,1,72,,1075864,27,0,68,1,31,,1116557,27,0,68,1,67,,1116608,27,,,1,21,,1116560,27,,,1,16,,1116543,27,,,1,16,,1116582,27,,,1,55,,1116549,27,,,1,16,,1116585,27,,,1,16,,1116554,27,,,1,14,,1116576,27,,,1,55,,1116555,27,,,1,16,,1116594,27,,,1,14,,1116607,27,,,1,14,,1116597,27,,,1,55,,1116598,27,,,1,14,,1116573,27,,,1,14,,1116567,27,,,1,15,,1116559,27,,,1,55,,1116605,27,,,1,14,,1088671,27,,,1,14,,1116591,27,,,1,14,,1116587,27,,,1,54,,1116564,27,,,1,15,,1116583,27,,,1,15,,1116606,27,,,1,17,,1091570,27,,,1,56,,1116604,27,,,1,16,,1116572,27,,,1,16,,1116589,27,,,1,16,,1116596,27,,,1,56,,1116558,27,,,1,14,,1116602,27,,,1,15,,1073605,27,,,1,15,,1116541,27,,,1,55,,1116588,27,,,1,15,,1116579,27,,,1,16,,1116599,27,,,1,15,,1116600,27,,,1,70,,1072586,27,,,1,19,,1025522,27,,,1,57,,1116578,27,,,1,15,,1116556,27,,,1,15,,1116601,27,,,1,15,,1116593,27,,,1,55,,1116581,27,,,1,14,,1116580,27,,,1,13,,1116551,27,,,1,15,,1116609,27,,,1,55,,1116553,27,0,68,1,15,,1116544,27,,,1,14,,1116566,27,0,68,1,14,,1116590,27,,,1,12,,1116561,27,0,68,1,55,,1116548,27,,,1,14,,1116586,27,0,68,1,14,,1116542,27,,,1,15,,1116565,27,0,68,1,54,,1116574,27,,,1,15,,1116547,27,0,68,1,14,,1116570,27,,,1,15,,1116577,27,0,68,1,55,,1116550,27,,,1,15,,1116603,27,0,68,1,15,,1116545,27,,,1,15,,1116568,27,0,68,1,54,,1116569,27,,,1,15,,1116552,27,0,68,1,15,,1116595,27,,,1,19,,1116563,27,0,68,1,59,,1116610,27,0,68,1,29,,1116592,27,0,68,1,70,,1116546,27,0,68,1,30,,1116562,27,0,68,1,80,,1116575,27,0,68,1
1201,'13',607,,1116656,27,0,68,1,31,,1075374,27,0,68,1,70,,1116622,27,0,68,1,30,,1039695,27,0,68,1,70,,1073168,27,,,1,31,,1116652,27,,,1,63,,1116651,27,,,1,15,,1067911,27,0,68,1,15,,1116639,27,,,1,15,,1116653,27,0,68,1,55,,1116659,27,,,1,15,,1116632,27,0,68,1,15,,1116643,27,,,1,15,,1116658,27,0,68,1,55,,1116634,27,,,1,15,,1116646,27,0,68,1,15,,1116633,27,,,1,15,,1116619,27,0,68,1,55,,1116635,27,,,1,16,,1116618,27,0,68,1,15,,1116614,27,,,1,15,,1116611,27,0,68,1,55,,1116616,27,,,1,15,,1116625,27,0,68,1,15,,1116657,27,,,1,15,,1116648,27,0,68,1,55,,1116629,27,,,1,15,,1116654,27,0,68,1,15,,1116647,27,,,1,15,,1116644,27,0,68,1,55,,1116623,27,,,1,15,,1116615,27,0,68,1,15,,1116655,27,,,1,15,,1066416,27,0,68,1,55,,1116638,27,,,1,15,,1116612,27,0,68,1,15,,1116630,27,,,1,15,,1116627,27,0,68,1,55,,1116640,27,,,1,15,,1116624,27,0,68,1,15,,1116636,27,,,1,15,,1116649,27,0,68,1,70,,1116645,27,,,1,30,,1116641,27,0,68,1,70,,1116628,27,0,68,1,30,,1116621,27,0,68,1,69,,1116613,27,0,68,1,30,,1095842,27,0,68,1,70,,1116637,27,0,68,1,30,,1116620,27,0,68,1,69,,1116617,27,0,68,1,30,,1116642,27,0,68,1,70,,1116650,27,0,68,1,30,,1116626,27,0,68,1,80,,1116631,27,0,68,1
1201,'14',414,,1116728,27,0,68,1,20,,1116684,27,0,68,1,72,,1116710,27,0,68,1,31,,1116722,27,0,68,1,67,,1116665,27,,,1,21,,1116695,27,,,1,16,,1116725,27,,,1,16,,1116715,27,,,1,55,,1116735,27,,,1,16,,1116692,27,,,1,16,,1116699,27,,,1,14,,1116731,27,,,1,55,,1116705,27,,,1,16,,1116726,27,,,1,14,,1116670,27,,,1,14,,1116700,27,,,1,55,,1116733,27,,,1,14,,1116676,27,,,1,14,,1116663,27,,,1,15,,1116732,27,,,1,55,,1116708,27,,,1,14,,1116730,27,,,1,14,,1116712,27,,,1,14,,1116686,27,,,1,54,,1116687,27,,,1,15,,1116713,27,,,1,15,,1116664,27,,,1,17,,1116674,27,,,1,56,,1116660,27,,,1,16,,1116716,27,,,1,16,,1116702,27,,,1,16,,1116724,27,,,1,56,,1116693,27,,,1,14,,1116694,27,,,1,15,,1116734,27,,,1,15,,1116668,27,,,1,55,,1116671,27,,,1,15,,1116667,27,,,1,16,,1116723,27,,,1,15,,1116720,27,,,1,70,,1116696,27,,,1,19,,1116707,27,,,1,57,,1116717,27,,,1,15,,1116675,27,,,1,15,,1116704,27,,,1,15,,1116685,27,,,1,55,,1116680,27,,,1,14,,1116678,27,,,1,13,,1116669,27,,,1,15,,1116718,27,,,1,55,,1116690,27,0,68,1,15,,1116679,27,,,1,14,,1116688,27,0,68,1,14,,1116698,27,,,1,12,,1116729,27,0,68,1,55,,1116711,27,,,1,14,,1116677,27,0,68,1,14,,1116672,27,,,1,15,,1116703,27,0,68,1,54,,1116709,27,,,1,15,,1116666,27,0,68,1,14,,1116697,27,,,1,15,,1116721,27,0,68,1,55,,1116706,27,,,1,15,,1116662,27,0,68,1,15,,1116719,27,,,1,15,,1116714,27,0,68,1,54,,1116683,27,,,1,15,,1116689,27,0,68,1,15,,1116701,27,,,1,19,,1116681,27,0,68,1,59,,1116682,27,0,68,1,29,,1116727,27,0,68,1,70,,1116673,27,0,68,1,30,,1116691,27,0,68,1,80,,1116661,27,0,68,1
1201,'15',414,,1116740,27,0,68,1,20,,1116807,27,0,68,1,72,,1116788,27,0,68,1,31,,1116802,27,0,68,1,67,,1116760,27,,,1,21,,1116781,27,,,1,16,,1116751,27,,,1,16,,1116800,27,,,1,55,,1116757,27,,,1,16,,1116741,27,,,1,16,,1116749,27,,,1,14,,1116773,27,,,1,55,,1116803,27,,,1,16,,1116748,27,,,1,14,,1116780,27,,,1,14,,1116776,27,,,1,55,,1116810,27,,,1,14,,1116801,27,,,1,14,,1116805,27,,,1,15,,1116797,27,,,1,55,,1116786,27,,,1,14,,1116743,27,,,1,14,,1116755,27,,,1,14,,1116753,27,,,1,54,,1116758,27,,,1,15,,1116738,27,,,1,15,,1116795,27,,,1,17,,1116746,27,,,1,56,,1116787,27,,,1,16,,1116762,27,,,1,16,,1116771,27,,,1,16,,1116792,27,,,1,56,,1116784,27,,,1,14,,1116747,27,,,1,15,,1116782,27,,,1,15,,1116763,27,,,1,55,,1116794,27,,,1,15,,1116806,27,,,1,16,,1116811,27,,,1,15,,1116791,27,,,1,70,,1116774,27,,,1,19,,1116775,27,,,1,57,,1116737,27,,,1,15,,1116777,27,,,1,15,,1116766,27,,,1,15,,1116789,27,,,1,55,,1116790,27,,,1,14,,1116793,27,,,1,13,,1116756,27,,,1,15,,1116804,27,,,1,55,,1116772,27,0,68,1,15,,1116799,27,,,1,14,,1116796,27,0,68,1,14,,1116739,27,,,1,12,,1116750,27,0,68,1,55,,1116768,27,,,1,14,,1116765,27,0,68,1,14,,1116759,27,,,1,15,,1116764,27,0,68,1,54,,1116779,27,,,1,15,,1116783,27,0,68,1,14,,1116761,27,,,1,15,,1116785,27,0,68,1,55,,1116744,27,,,1,15,,1116809,27,0,68,1,15,,1116752,27,,,1,15,,1116745,27,0,68,1,54,,1116778,27,,,1,15,,1116736,27,0,68,1,15,,1116767,27,,,1,19,,1116742,27,0,68,1,59,,1116770,27,0,68,1,29,,1116808,27,0,68,1,70,,1116769,27,0,68,1,30,,1116754,27,0,68,1,80,,1116798,27,0,68,1
1201,'16',414,,1116839,27,0,68,1,20,,1116852,27,0,68,1,72,,1116820,27,0,68,1,31,,1116825,27,0,68,1,67,,1101440,27,,,1,21,,1116828,27,,,1,16,,1116813,27,,,1,16,,1116850,27,,,1,55,,1084479,27,,,1,16,,1116853,27,,,1,16,,1116822,27,,,1,14,,1116844,27,,,1,55,,1116823,27,,,1,16,,1116862,27,,,1,14,,1116876,27,,,1,14,,1116865,27,,,1,55,,1116866,27,,,1,14,,1116841,27,,,1,14,,1116835,27,,,1,15,,1116827,27,,,1,55,,1116874,27,,,1,14,,1116878,27,,,1,14,,1116859,27,,,1,14,,1116855,27,,,1,54,,1116832,27,,,1,15,,1116851,27,,,1,15,,1116875,27,,,1,17,,1116879,27,,,1,56,,1116873,27,,,1,16,,1116840,27,,,1,16,,1116857,27,,,1,16,,1116864,27,,,1,56,,1116826,27,,,1,14,,1116871,27,,,1,15,,1116877,27,,,1,15,,1116812,27,,,1,55,,1116856,27,,,1,15,,1116847,27,,,1,16,,1116867,27,,,1,15,,1116868,27,,,1,70,,1116870,27,,,1,19,,1116816,27,,,1,57,,1116846,27,,,1,15,,1116824,27,,,1,15,,1116869,27,,,1,15,,1116861,27,,,1,55,,1116849,27,,,1,14,,1116848,27,,,1,13,,999253,27,,,1,15,,1098579,27,,,1,55,,1116821,27,0,68,1,15,,1116814,27,,,1,14,,1116834,27,0,68,1,14,,1116858,27,,,1,12,,1116829,27,0,68,1,55,,1053943,27,,,1,14,,1116854,27,0,68,1,14,,1082663,27,,,1,15,,1116833,27,0,68,1,54,,1116842,27,,,1,15,,1116817,27,0,68,1,14,,1116838,27,,,1,15,,1116845,27,0,68,1,55,,1116818,27,,,1,15,,1116872,27,0,68,1,15,,1116815,27,,,1,15,,1116836,27,0,68,1,54,,1116837,27,,,1,15,,1116819,27,0,68,1,15,,1116863,27,,,1,19,,1116831,27,0,68,1,59,,1070070,27,0,68,1,29,,1116860,27,0,68,1,70,,1071303,27,0,68,1,30,,1116830,27,0,68,1,80,,1116843,27,0,68,1
1201,'17',607,,1116926,27,0,68,1,31,,1116929,27,0,68,1,70,,1116891,27,0,68,1,30,,1116930,27,0,68,1,70,,1116900,27,,,1,31,,1116922,27,,,1,63,,1116921,27,,,1,15,,1116933,27,0,68,1,15,,1116909,27,,,1,15,,1116923,27,0,68,1,55,,1116931,27,,,1,15,,1116902,27,0,68,1,15,,1116913,27,,,1,15,,1116928,27,0,68,1,55,,1116904,27,,,1,15,,1116916,27,0,68,1,15,,1116903,27,,,1,15,,1116888,27,0,68,1,55,,1116905,27,,,1,16,,1116887,27,0,68,1,15,,1116883,27,,,1,15,,1116880,27,0,68,1,55,,1116885,27,,,1,15,,1116894,27,0,68,1,15,,1116927,27,,,1,15,,1116918,27,0,68,1,55,,1116898,27,,,1,15,,1116924,27,0,68,1,15,,1116917,27,,,1,15,,1116914,27,0,68,1,55,,1116892,27,,,1,15,,1116884,27,0,68,1,15,,1116925,27,,,1,15,,1116934,27,0,68,1,55,,1116908,27,,,1,15,,1116881,27,0,68,1,15,,1116899,27,,,1,15,,1116896,27,0,68,1,55,,1116910,27,,,1,15,,1116893,27,0,68,1,15,,1116906,27,,,1,15,,1116919,27,0,68,1,70,,1116915,27,,,1,30,,1116911,27,0,68,1,70,,1116897,27,0,68,1,30,,1116890,27,0,68,1,69,,1116882,27,0,68,1,30,,1116932,27,0,68,1,70,,1116907,27,0,68,1,30,,1116889,27,0,68,1,69,,1116886,27,0,68,1,30,,1116912,27,0,68,1,70,,1116920,27,0,68,1,30,,1116895,27,0,68,1,80,,1116901,27,0,68,1
1201,'2',455,,1116936,27,0,68,1,70,,1116971,27,0,68,1,31,,1116962,27,0,68,1,71,,1116960,27,0,68,1,30,,1116959,27,0,68,1,70,,1116991,27,,,1,30,,1116976,27,,,1,54,,1116988,27,0,68,1,15,,1072226,27,,,1,14,,1116957,27,0,68,1,15,,1116964,27,,,1,55,,1116956,27,0,68,1,15,,1116958,27,,,1,15,,1093949,27,0,68,1,15,,1116967,27,,,1,55,,1116978,27,0,68,1,15,,1116947,27,,,1,15,,1116963,27,0,68,1,15,,1116985,27,,,1,55,,1116990,27,0,68,1,15,,1116973,27,,,1,15,,1116982,27,0,68,1,15,,1116993,27,,,1,55,,1116987,27,0,68,1,16,,1116951,27,,,1,15,,1116997,27,0,68,1,15,,1116972,27,,,1,55,,1116986,27,0,68,1,15,,1116977,27,,,1,15,,1116950,27,0,68,1,15,,1116955,27,,,1,55,,1116938,27,0,68,1,15,,1116965,27,,,1,15,,1116974,27,0,68,1,15,,1116940,27,,,1,55,,1116966,27,0,68,1,15,,1116949,27,,,1,15,,1116981,27,0,68,1,15,,1116942,27,,,1,55,,1116953,27,0,68,1,12,,1116970,27,,,1,18,,1116946,27,0,68,1,15,,1116996,27,,,1,55,,1116995,27,0,68,1,15,,1116992,27,,,1,15,,1116975,27,0,68,1,15,,1116979,27,,,1,55,,1116944,27,0,68,1,15,,1116948,27,,,1,15,,1116939,27,0,68,1,15,,1116935,27,,,1,55,,1116969,27,0,68,1,15,,1116980,27,,,1,15,,1116937,27,0,68,1,15,,1094454,27,,,1,55,,1116954,27,0,68,1,14,,1116941,27,,,1,15,,1116994,27,0,68,1,18,,1116945,27,,,1,70,,1116943,27,0,68,1,30,,1116989,27,,,1,69,,1116984,27,0,68,1,30,,1116952,27,,,1,70,,1116983,27,0,68,1,30,,1116961,27,0,68,1,70,,1095783,27,0,68,1,30,,1116968,27,0,68,1
1201,'3',607,,1117044,27,0,68,1,31,,1117047,27,0,68,1,70,,1117009,27,0,68,1,30,,1117048,27,0,68,1,70,,1117018,27,,,1,31,,1117040,27,,,1,63,,1117039,27,,,1,15,,1117051,27,0,68,1,15,,1117027,27,,,1,15,,1117041,27,0,68,1,55,,1117049,27,,,1,15,,1117020,27,0,68,1,15,,1117031,27,,,1,15,,1117046,27,0,68,1,55,,1117022,27,,,1,15,,1117034,27,0,68,1,15,,1117021,27,,,1,15,,1117006,27,0,68,1,55,,1117023,27,,,1,16,,1117005,27,0,68,1,15,,1117001,27,,,1,15,,1116998,27,0,68,1,55,,1117003,27,,,1,15,,1117012,27,0,68,1,15,,1117045,27,,,1,15,,1117036,27,0,68,1,55,,1117016,27,,,1,15,,1117042,27,0,68,1,15,,1117035,27,,,1,15,,1117032,27,0,68,1,55,,1117010,27,,,1,15,,1117002,27,0,68,1,15,,1117043,27,,,1,15,,1117052,27,0,68,1,55,,1117026,27,,,1,15,,1116999,27,0,68,1,15,,1117017,27,,,1,15,,1117014,27,0,68,1,55,,1117028,27,,,1,15,,1117011,27,0,68,1,15,,1117024,27,,,1,15,,1117037,27,0,68,1,70,,1117033,27,,,1,30,,1117029,27,0,68,1,70,,1117015,27,0,68,1,30,,1117008,27,0,68,1,69,,1117000,27,0,68,1,30,,1117050,27,0,68,1,70,,1117025,27,0,68,1,30,,1117007,27,0,68,1,69,,1117004,27,0,68,1,30,,1117030,27,0,68,1,70,,1117038,27,0,68,1,30,,1117013,27,0,68,1,80,,1117019,27,0,68,1
1201,'4',607,,1117062,27,0,68,1,31,,1117073,27,0,68,1,70,,1117097,27,0,68,1,30,,1117089,27,0,68,1,70,,1094044,27,,,1,31,,1117098,27,,,1,63,,1117099,27,,,1,15,,1117090,27,0,68,1,15,,1117094,27,,,1,15,,1117060,27,0,68,1,55,,1117058,27,,,1,15,,1117057,27,0,68,1,15,,1117093,27,,,1,15,,1117065,27,0,68,1,55,,1117080,27,,,1,15,,1065378,27,0,68,1,15,,1117054,27,,,1,15,,1092374,27,0,68,1,55,,1117053,27,,,1,16,,1117103,27,0,68,1,15,,1117087,27,,,1,15,,1117074,27,0,68,1,55,,1117102,27,,,1,15,,1117061,27,0,68,1,15,,1117082,27,,,1,15,,1117100,27,0,68,1,55,,1117086,27,,,1,15,,1117072,27,0,68,1,15,,1117064,27,,,1,15,,1117095,27,0,68,1,55,,1117077,27,,,1,15,,1117078,27,0,68,1,15,,999048,27,,,1,15,,1117059,27,0,68,1,55,,1117085,27,,,1,15,,1117096,27,0,68,1,15,,1117071,27,,,1,15,,1117088,27,0,68,1,55,,1117084,27,,,1,15,,1117091,27,0,68,1,15,,1117079,27,,,1,15,,1117101,27,0,68,1,70,,1117055,27,,,1,30,,1117067,27,0,68,1,70,,1117069,27,0,68,1,30,,1117056,27,0,68,1,69,,1117081,27,0,68,1,30,,1117070,27,0,68,1,70,,1117076,27,0,68,1,30,,1117068,27,0,68,1,69,,1117083,27,0,68,1,30,,1117066,27,0,68,1,70,,1117092,27,0,68,1,30,,1117063,27,0,68,1,80,,1117075,27,0,68,1
1201,'5',414,,1117162,27,0,68,1,20,,1117118,27,0,68,1,72,,1117144,27,0,68,1,31,,1117156,27,0,68,1,67,,1089985,27,,,1,21,,1117129,27,,,1,16,,1117159,27,,,1,16,,1117149,27,,,1,55,,976446,27,,,1,16,,1117126,27,,,1,16,,1117133,27,,,1,14,,1117165,27,,,1,55,,1117139,27,,,1,16,,1117160,27,,,1,14,,893840,27,,,1,14,,1117134,27,,,1,55,,1042260,27,,,1,14,,1076268,27,,,1,14,,1081634,27,,,1,15,,1054716,27,,,1,55,,1117142,27,,,1,14,,1117164,27,,,1,14,,1117146,27,,,1,14,,1117120,27,,,1,54,,1117121,27,,,1,15,,1117147,27,,,1,15,,1057275,27,,,1,17,,1117110,27,,,1,56,,1117104,27,,,1,16,,1117150,27,,,1,16,,1117136,27,,,1,16,,1117158,27,,,1,56,,1117127,27,,,1,14,,1117128,27,,,1,15,,1117166,27,,,1,15,,989843,27,,,1,55,,954964,27,,,1,15,,1117108,27,,,1,16,,1117157,27,,,1,15,,1117154,27,,,1,70,,1117130,27,,,1,19,,1117141,27,,,1,57,,1117151,27,,,1,15,,1071420,27,,,1,15,,1117138,27,,,1,15,,1117119,27,,,1,55,,1117114,27,,,1,14,,1117112,27,,,1,13,,975199,27,,,1,15,,1117152,27,,,1,55,,1117124,27,0,68,1,15,,1117113,27,,,1,14,,1117122,27,0,68,1,14,,1117132,27,,,1,12,,1117163,27,0,68,1,55,,1117145,27,,,1,14,,1117111,27,0,68,1,14,,1070559,27,,,1,15,,1117137,27,0,68,1,54,,1117143,27,,,1,15,,1117107,27,0,68,1,14,,1117131,27,,,1,15,,1117155,27,0,68,1,55,,1117140,27,,,1,15,,1117106,27,0,68,1,15,,1117153,27,,,1,15,,1117148,27,0,68,1,54,,1117117,27,,,1,15,,1117123,27,0,68,1,15,,1117135,27,,,1,19,,1117115,27,0,68,1,59,,1117116,27,0,68,1,29,,1117161,27,0,68,1,70,,1117109,27,0,68,1,30,,1117125,27,0,68,1,80,,1117105,27,0,68,1
1201,'6',414,,1117193,27,0,68,1,20,,1117206,27,0,68,1,72,,1117174,27,0,68,1,31,,1117179,27,0,68,1,67,,1117232,27,,,1,21,,1117182,27,,,1,16,,1093016,27,,,1,16,,1117204,27,,,1,55,,1117172,27,,,1,16,,1117207,27,,,1,16,,1117176,27,,,1,14,,1117198,27,,,1,55,,1117177,27,,,1,16,,1117216,27,,,1,14,,1083967,27,,,1,14,,1117219,27,,,1,55,,1117220,27,,,1,14,,1117195,27,,,1,14,,1117189,27,,,1,15,,1117181,27,,,1,55,,1117228,27,,,1,14,,1117230,27,,,1,14,,1117213,27,,,1,14,,1117209,27,,,1,54,,1117186,27,,,1,15,,1117205,27,,,1,15,,1005092,27,,,1,17,,1117231,27,,,1,56,,1117227,27,,,1,16,,1117194,27,,,1,16,,1117211,27,,,1,16,,1117218,27,,,1,56,,1117180,27,,,1,14,,1117225,27,,,1,15,,1117229,27,,,1,15,,1102121,27,,,1,55,,1117210,27,,,1,15,,1117201,27,,,1,16,,1117221,27,,,1,15,,1117222,27,,,1,70,,1117224,27,,,1,19,,1117169,27,,,1,57,,1117200,27,,,1,15,,1117178,27,,,1,15,,1117223,27,,,1,15,,1117215,27,,,1,55,,1117203,27,,,1,14,,1117202,27,,,1,13,,1117173,27,,,1,15,,1117233,27,,,1,55,,1117175,27,0,68,1,15,,1117168,27,,,1,14,,1117188,27,0,68,1,14,,1117212,27,,,1,12,,1117183,27,0,68,1,55,,1117171,27,,,1,14,,1117208,27,0,68,1,14,,1117167,27,,,1,15,,1117187,27,0,68,1,54,,1117196,27,,,1,15,,1057626,27,0,68,1,14,,1117192,27,,,1,15,,1117199,27,0,68,1,55,,1025649,27,,,1,15,,1117226,27,0,68,1,15,,1086762,27,,,1,15,,1117190,27,0,68,1,54,,1117191,27,,,1,15,,1103346,27,0,68,1,15,,1117217,27,,,1,19,,1117185,27,0,68,1,59,,1117234,27,0,68,1,29,,1117214,27,0,68,1,70,,1117170,27,0,68,1,30,,1117184,27,0,68,1,80,,1117197,27,0,68,1
1201,'7',455,,1117248,27,0,68,1,70,,1117285,27,0,68,1,31,,1117258,27,0,68,1,71,,1117296,27,0,68,1,30,,1117251,27,0,68,1,70,,1117286,27,,,1,30,,1117255,27,,,1,54,,1117294,27,0,68,1,15,,1117242,27,,,1,14,,1117290,27,0,68,1,15,,1117282,27,,,1,55,,1117295,27,0,68,1,15,,1117284,27,,,1,15,,1117276,27,0,68,1,15,,1117254,27,,,1,55,,1117292,27,0,68,1,15,,1117238,27,,,1,15,,1117235,27,0,68,1,15,,1117261,27,,,1,55,,1117241,27,0,68,1,15,,1117278,27,,,1,15,,1117297,27,0,68,1,15,,1117273,27,,,1,55,,1117264,27,0,68,1,16,,1117236,27,,,1,15,,1117281,27,0,68,1,15,,1117245,27,,,1,55,,1117263,27,0,68,1,15,,1117291,27,,,1,15,,1117269,27,0,68,1,15,,1117287,27,,,1,55,,1117244,27,0,68,1,15,,1117288,27,,,1,15,,1117289,27,0,68,1,15,,1117250,27,,,1,55,,1117275,27,0,68,1,15,,1117299,27,,,1,15,,1117240,27,0,68,1,15,,1117277,27,,,1,55,,1117270,27,0,68,1,12,,1117300,27,,,1,18,,1117246,27,0,68,1,15,,1117301,27,,,1,55,,1117272,27,0,68,1,15,,1117247,27,,,1,15,,1117267,27,0,68,1,15,,1117274,27,,,1,55,,1117262,27,0,68,1,15,,1117266,27,,,1,15,,1117256,27,0,68,1,15,,1117257,27,,,1,55,,1117279,27,0,68,1,15,,1117237,27,,,1,15,,1117243,27,0,68,1,15,,1117271,27,,,1,55,,1117280,27,0,68,1,14,,1117249,27,,,1,15,,1117268,27,0,68,1,18,,1117283,27,,,1,70,,1117253,27,0,68,1,30,,1117293,27,,,1,69,,1117259,27,0,68,1,30,,1117239,27,,,1,70,,1117252,27,0,68,1,30,,1117265,27,0,68,1,70,,1117260,27,0,68,1,30,,1117298,27,0,68,1
1201,'8',414,,1117334,27,0,68,1,20,,1117347,27,0,68,1,72,,1117315,27,0,68,1,31,,1117320,27,0,68,1,67,,1117375,27,,,1,21,,1117323,27,,,1,16,,1117304,27,,,1,16,,1117345,27,,,1,55,,1117311,27,,,1,16,,1117348,27,,,1,16,,1117317,27,,,1,14,,1117339,27,,,1,55,,1117318,27,,,1,16,,1117357,27,,,1,14,,1117371,27,,,1,14,,1117360,27,,,1,55,,1117361,27,,,1,14,,1117336,27,,,1,14,,1117330,27,,,1,15,,1117322,27,,,1,55,,1117369,27,,,1,14,,1117373,27,,,1,14,,1117354,27,,,1,14,,1117350,27,,,1,54,,1117327,27,,,1,15,,1117346,27,,,1,15,,1117370,27,,,1,17,,1117374,27,,,1,56,,1117368,27,,,1,16,,1117335,27,,,1,16,,1117352,27,,,1,16,,1117359,27,,,1,56,,1117321,27,,,1,14,,1117366,27,,,1,15,,1117372,27,,,1,15,,1117302,27,,,1,55,,1117351,27,,,1,15,,1117342,27,,,1,16,,1117362,27,,,1,15,,1117363,27,,,1,70,,1117365,27,,,1,19,,1117307,27,,,1,57,,1117341,27,,,1,15,,1117319,27,,,1,15,,1117364,27,,,1,15,,1117356,27,,,1,55,,1117344,27,,,1,14,,1117343,27,,,1,13,,1117313,27,,,1,15,,1117376,27,,,1,55,,1117316,27,0,68,1,15,,1117305,27,,,1,14,,1117329,27,0,68,1,14,,1117353,27,,,1,12,,1117324,27,0,68,1,55,,1117310,27,,,1,14,,1117349,27,0,68,1,14,,1117303,27,,,1,15,,1117328,27,0,68,1,54,,1117337,27,,,1,15,,1117309,27,0,68,1,14,,1117333,27,,,1,15,,1117340,27,0,68,1,55,,1117312,27,,,1,15,,1117367,27,0,68,1,15,,1117306,27,,,1,15,,1117331,27,0,68,1,54,,1117332,27,,,1,15,,1117314,27,0,68,1,15,,1117358,27,,,1,19,,1117326,27,0,68,1,59,,1117377,27,0,68,1,29,,1117355,27,0,68,1,70,,1117308,27,0,68,1,30,,1117325,27,0,68,1,80,,1117338,27,0,68,1
1201,'9',414,,1117436,27,0,68,1,20,,1117392,27,0,68,1,72,,1117418,27,0,68,1,31,,1117430,27,0,68,1,67,,1089910,27,,,1,21,,1117403,27,,,1,16,,1117433,27,,,1,16,,1117423,27,,,1,55,,976398,27,,,1,16,,1117400,27,,,1,16,,1117407,27,,,1,14,,1117439,27,,,1,55,,1117413,27,,,1,16,,1117434,27,,,1,14,,893758,27,,,1,14,,1117408,27,,,1,55,,1042483,27,,,1,14,,1076157,27,,,1,14,,1081532,27,,,1,15,,1054866,27,,,1,55,,1117416,27,,,1,14,,1117438,27,,,1,14,,1117420,27,,,1,14,,1117394,27,,,1,54,,1117395,27,,,1,15,,1117421,27,,,1,15,,1057437,27,,,1,17,,1117384,27,,,1,56,,1117378,27,,,1,16,,1117424,27,,,1,16,,1117410,27,,,1,16,,1117432,27,,,1,56,,1117401,27,,,1,14,,1117402,27,,,1,15,,1117440,27,,,1,15,,989818,27,,,1,55,,954901,27,,,1,15,,1117382,27,,,1,16,,1117431,27,,,1,15,,1117428,27,,,1,70,,1117404,27,,,1,19,,1117415,27,,,1,57,,1117425,27,,,1,15,,1071408,27,,,1,15,,1117412,27,,,1,15,,1117393,27,,,1,55,,1117388,27,,,1,14,,1117386,27,,,1,13,,975171,27,,,1,15,,1117426,27,,,1,55,,1117398,27,0,68,1,15,,1117387,27,,,1,14,,1117396,27,0,68,1,14,,1117406,27,,,1,12,,1117437,27,0,68,1,55,,1117419,27,,,1,14,,1117385,27,0,68,1,14,,1070468,27,,,1,15,,1117411,27,0,68,1,54,,1117417,27,,,1,15,,1117381,27,0,68,1,14,,1117405,27,,,1,15,,1117429,27,0,68,1,55,,1117414,27,,,1,15,,1117380,27,0,68,1,15,,1117427,27,,,1,15,,1117422,27,0,68,1,54,,1117391,27,,,1,15,,1117397,27,0,68,1,15,,1117409,27,,,1,19,,1117389,27,0,68,1,59,,1117390,27,0,68,1,29,,1117435,27,0,68,1,70,,1117383,27,0,68,1,30,,1117399,27,0,68,1,80,,1117379,27,0,68,1
1501,'1',1440,,1119965,3,,,1
1501,'10',1440,,1119985,3,,,1
1501,'11',1440,,1120005,3,,,1
1501,'12',1440,,1120035,3,,,1
1501,'14',1440,,1120052,3,,,1
1501,'15',1440,,1120079,3,,,1
1501,'16',1440,,1062664,3,,,1
1501,'5',1440,,1120117,3,,,1
1501,'6',1440,,1120143,3,,,1
1501,'8',1440,,1120167,3,,,1
1501,'9',1440,,1120181,3,,,1
1701,'1',604,,1120260,6,,,1,30,,1120259,6,,,1,70,,1071504,6,,,1,28,,1120257,6,,,1,72,,1120258,6,,,1,30,,1120261,6,,,1
1701,'10',604,,1120265,6,,,1,30,,1120264,6,,,1,70,,1071468,6,,,1,28,,1120262,6,,,1,72,,1120263,6,,,1,30,,1120266,6,,,1
1701,'11',604,,1120270,6,,,1,30,,1120269,6,,,1,70,,1071516,6,,,1,28,,1120267,6,,,1,72,,1120268,6,,,1,30,,1120271,6,,,1
1701,'12',604,,1120274,6,,,1,30,,1120276,6,,,1,70,,1120273,6,,,1,28,,1120277,6,,,1,72,,1120275,6,,,1,30,,1120272,6,,,1
1701,'14',604,,1120282,6,,,1,30,,1120281,6,,,1,70,,1120280,6,,,1,28,,1120278,6,,,1,72,,1120279,6,,,1,30,,1120283,6,,,1
1701,'15',604,,1120286,6,,,1,30,,1120285,6,,,1,70,,1120287,6,,,1,28,,1120288,6,,,1,72,,1120284,6,,,1,30,,1120289,6,,,1
1701,'16',604,,1120292,6,,,1,30,,1120294,6,,,1,70,,1120291,6,,,1,28,,1120295,6,,,1,72,,1120293,6,,,1,30,,1120290,6,,,1
1701,'5',604,,1120299,6,,,1,30,,1120298,6,,,1,70,,1071492,6,,,1,28,,1120296,6,,,1,72,,1120297,6,,,1,30,,1120300,6,,,1
1701,'6',604,,1120301,6,,,1,30,,1120303,6,,,1,70,,1021587,6,,,1,28,,1120304,6,,,1,72,,1120302,6,,,1,30,,1020304,6,,,1
1701,'8',604,,1120307,6,,,1,30,,1120309,6,,,1,70,,1120306,6,,,1,28,,1120310,6,,,1,72,,1120308,6,,,1,30,,1120305,6,,,1
1701,'9',604,,1120314,6,,,1,30,,1120313,6,,,1,70,,1071480,6,,,1,28,,1120311,6,,,1,72,,1120312,6,,,1,30,,1120315,6,,,1
61501,'1',1515,,1198962,17,,,1
61501,'10',1515,,1198963,17,,,1
61501,'11',1515,,1198964,17,,,1
61501,'12',1515,,1198965,17,,,1
61501,'14',1515,,1198966,17,,,1
61501,'15',1515,,1198967,17,,,1
61501,'16',1515,,1198968,17,,,1
61501,'5',1515,,1198969,17,,,1
61501,'6',1515,,1198970,17,,,1
61501,'8',1515,,1198971,17,,,1
61501,'9',1515,,1198972,17,,,1
61601,'1',1553,,1198983,21,,,1,4,,1198984,21,,,1
61601,'10',1553,,1198985,21,,,1,4,,1198986,21,,,1
61601,'11',1553,,1198987,21,,,1,4,,1198988,21,,,1
61601,'12',1553,,1198989,21,,,1,4,,1198990,21,,,1
61601,'14',1553,,1198991,21,,,1,4,,1198992,21,,,1
61601,'15',1553,,1198993,21,,,1,4,,1198994,21,,,1
61601,'16',1553,,1198995,21,,,1,4,,1198996,21,,,1
61601,'5',1553,,1198997,21,,,1,4,,1198998,21,,,1
61601,'6',1553,,1198999,21,,,1,4,,1199000,21,,,1
61601,'8',1553,,1199001,21,,,1,4,,1199002,21,,,1
61601,'9',1553,,1199003,21,,,1,4,,1199004,21,,,1
