6801,'1',503,,1095222,33,,,1,30,,1159245,33,,,1,72,,1159280,33,,,1,33,,1159287,28,,,1,62,,1159268,28,,,1,16,,1021166,28,,,1,15,,1159264,28,,,1,19,,1159249,28,,,1,66,,1159296,28,,,1,17,,1159246,28,,,1,21,,1159257,28,,,1,60,,1159288,28,,,1,20,,1159293,28,,,1,15,,1159275,28,,,1,56,,1063602,28,,,1,14,,1159299,28,,,1,15,,1159281,28,,,1,15,,1159294,28,,,1,55,,1159290,28,,,1,15,,1159284,28,,,1,15,,1159269,28,,,1,17,,1159250,28,,,1,55,,1159297,28,,,1,15,,1159258,28,,,1,15,,1159260,28,,,1,16,,1071505,28,,,1,56,,1159283,28,,,1,15,,1100248,28,,,1,15,,1159253,28,,,1,15,,1159276,28,,,1,55,,1159292,28,,,1,18,,1159286,28,,,1,15,,1067410,28,,,1,13,,1159256,28,,,1,57,,1159259,28,,,1,15,,1081056,28,,,1,13,,1159303,28,,,1,76,,1159302,28,,,1,23,,1159270,28,,,1,64,,1159277,28,,,1,24,,1159301,28,,,1,20,,1159291,28,,,1,65,,1101608,28,,,1,23,,1159266,28,,,1,12,,1159248,28,,,1,12,,1159282,28,,,1,59,,1159279,28,,,1,19,,1159289,28,,,1,19,,1159285,28,,,1,60,,1086696,28,,,1,20,,1159261,28,,,1,20,,1070933,28,,,1,60,,1159295,28,,,1,20,,1159254,28,,,1,20,,1159262,28,,,1,59,,1159267,28,,,1,18,,1159263,28,,,1,20,,1159271,28,,,1,60,,1093432,28,,,1,17,,1159247,28,,,1,24,,1159273,28,,,1,64,,1159265,28,,,1,30,,1159274,28,,,1,71,,1159251,28,,,1,29,,1159252,28,,,1
6801,'10',503,,1094976,33,,,1,30,,1159307,33,,,1,72,,1159342,33,,,1,33,,1159349,28,,,1,62,,1159330,28,,,1,16,,1021335,28,,,1,15,,1159326,28,,,1,19,,1159311,28,,,1,66,,1159358,28,,,1,17,,1159308,28,,,1,21,,1159319,28,,,1,60,,1159350,28,,,1,20,,1159355,28,,,1,15,,1159337,28,,,1,56,,1063298,28,,,1,14,,1159361,28,,,1,15,,1159343,28,,,1,15,,1159356,28,,,1,55,,1159352,28,,,1,15,,1159346,28,,,1,15,,1159331,28,,,1,17,,1159312,28,,,1,55,,1159359,28,,,1,15,,1159320,28,,,1,15,,1159322,28,,,1,16,,1071469,28,,,1,56,,1159345,28,,,1,15,,1100122,28,,,1,15,,1159315,28,,,1,15,,1159338,28,,,1,55,,1159354,28,,,1,18,,1159348,28,,,1,15,,1067118,28,,,1,13,,1159318,28,,,1,57,,1159321,28,,,1,15,,1080874,28,,,1,13,,1159365,28,,,1,76,,1159364,28,,,1,23,,1159332,28,,,1,64,,1159339,28,,,1,24,,1159363,28,,,1,20,,1159353,28,,,1,65,,1101516,28,,,1,23,,1159328,28,,,1,12,,1159310,28,,,1,12,,1159344,28,,,1,59,,1159341,28,,,1,19,,1159351,28,,,1,19,,1159347,28,,,1,60,,1086526,28,,,1,20,,1159323,28,,,1,20,,1070719,28,,,1,60,,1159357,28,,,1,20,,1159316,28,,,1,20,,1159324,28,,,1,59,,1159329,28,,,1,18,,1159325,28,,,1,20,,1159333,28,,,1,60,,1093116,28,,,1,17,,1159309,28,,,1,24,,1159335,28,,,1,64,,1159327,28,,,1,30,,1159336,28,,,1,71,,1159313,28,,,1,29,,1159314,28,,,1
6801,'11',503,,1095296,33,,,1,30,,1159369,33,,,1,72,,1159404,33,,,1,33,,1159411,28,,,1,62,,1159392,28,,,1,16,,1021118,28,,,1,15,,1159388,28,,,1,19,,1159373,28,,,1,66,,1159420,28,,,1,17,,1159370,28,,,1,21,,1159381,28,,,1,60,,1159412,28,,,1,20,,1159417,28,,,1,15,,1159399,28,,,1,56,,1063694,28,,,1,14,,1159423,28,,,1,15,,1159405,28,,,1,15,,1159418,28,,,1,55,,1159414,28,,,1,15,,1159408,28,,,1,15,,1159393,28,,,1,17,,1159374,28,,,1,55,,1159421,28,,,1,15,,1159382,28,,,1,15,,1159384,28,,,1,16,,1071517,28,,,1,56,,1159407,28,,,1,15,,1100285,28,,,1,15,,1159377,28,,,1,15,,1159400,28,,,1,55,,1159416,28,,,1,18,,1159410,28,,,1,15,,1067492,28,,,1,13,,1159380,28,,,1,57,,1159383,28,,,1,15,,1081110,28,,,1,13,,1159427,28,,,1,76,,1159426,28,,,1,23,,1159394,28,,,1,64,,1159401,28,,,1,24,,1159425,28,,,1,20,,1159415,28,,,1,65,,1101636,28,,,1,23,,1159390,28,,,1,12,,1159372,28,,,1,12,,1159406,28,,,1,59,,1159403,28,,,1,19,,1159413,28,,,1,19,,1159409,28,,,1,60,,1086751,28,,,1,20,,1159385,28,,,1,20,,1070998,28,,,1,60,,1159419,28,,,1,20,,1159378,28,,,1,20,,1159386,28,,,1,59,,1159391,28,,,1,18,,1159387,28,,,1,20,,1159395,28,,,1,60,,1093523,28,,,1,17,,1159371,28,,,1,24,,1159397,28,,,1,64,,1159389,28,,,1,30,,1159398,28,,,1,71,,1159375,28,,,1,29,,1159376,28,,,1
6801,'12',503,,1064022,33,,,1,30,,1074899,33,,,1,72,,1159431,33,,,1,33,,1159482,28,,,1,62,,1159458,28,,,1,16,,1159456,28,,,1,15,,1159489,28,,,1,19,,1159450,28,,,1,66,,1159464,28,,,1,17,,1159442,28,,,1,21,,1159479,28,,,1,60,,1098848,28,,,1,20,,1159452,28,,,1,15,,1159461,28,,,1,56,,1159444,28,,,1,14,,1159474,28,,,1,15,,1159447,28,,,1,15,,1159449,28,,,1,55,,1159481,28,,,1,15,,1159443,28,,,1,15,,1159451,28,,,1,17,,1159438,28,,,1,55,,1159457,28,,,1,15,,1159448,28,,,1,15,,1087164,28,,,1,16,,1159468,28,,,1,56,,1159434,28,,,1,15,,1159466,28,,,1,15,,1159490,28,,,1,15,,1159439,28,,,1,55,,1159454,28,,,1,18,,1159484,28,,,1,15,,1159436,28,,,1,13,,1159433,28,,,1,57,,1159477,28,,,1,15,,1159470,28,,,1,13,,1071220,28,,,1,76,,1159472,28,,,1,23,,1159485,28,,,1,64,,1159446,28,,,1,24,,1014591,28,,,1,20,,1092377,28,,,1,65,,1159478,28,,,1,23,,1159483,28,,,1,12,,1011785,28,,,1,12,,1159441,28,,,1,59,,1159463,28,,,1,19,,1159460,28,,,1,19,,1159475,28,,,1,60,,1159465,28,,,1,20,,1159480,28,,,1,20,,1159453,28,,,1,60,,1159471,28,,,1,20,,1159459,28,,,1,20,,1030951,28,,,1,59,,1159473,28,,,1,18,,1159455,28,,,1,20,,1159437,28,,,1,60,,1159440,28,,,1,17,,1159445,28,,,1,24,,1159469,28,,,1,64,,1159435,28,,,1,30,,1159432,28,,,1,71,,1159467,28,,,1,29,,938901,28,,,1
6801,'13',659,,1159508,28,,,1,70,,1085435,28,,,1,30,,1159518,28,,,1,72,,1159525,28,,,1,70,,1159521,28,,,1,30,,1159502,28,,,1,70,,1159528,28,,,1,30,,1159527,28,,,1,70,,1159498,28,,,1,30,,1159501,28,,,1,21,,1090414,28,,,1,60,,1159524,28,,,1,20,,1159493,28,,,1,20,,1077834,28,,,1,60,,1159516,28,,,1,20,,1159500,28,,,1,20,,1159520,28,,,1,60,,1159496,28,,,1,20,,1159522,28,,,1,20,,1159529,28,,,1,60,,1159504,28,,,1,20,,1159506,28,,,1,20,,1159511,28,,,1,60,,1159515,28,,,1,20,,1159495,28,,,1,20,,1159494,28,,,1,60,,1159507,28,,,1,20,,1159499,28,,,1,20,,1159517,28,,,1,67,,1159510,28,,,1,30,,1159509,28,,,1,70,,1159526,28,,,1,30,,1159492,28,,,1,70,,1159519,28,,,1,29,,1159514,28,,,1,70,,1159497,28,,,1,30,,1087925,28,,,1,70,,1159503,28,,,1,29,,1159523,28,,,1,70,,1159512,28,,,1,30,,1159513,28,,,1,70,,1159505,28,,,1
6801,'14',503,,1159595,33,,,1,30,,1159530,33,,,1,72,,1159571,33,,,1,33,,1159578,28,,,1,62,,1159559,28,,,1,16,,1159543,28,,,1,15,,1159555,28,,,1,19,,1159537,28,,,1,66,,1159587,28,,,1,17,,1159532,28,,,1,21,,1159548,28,,,1,60,,1159579,28,,,1,20,,1159584,28,,,1,15,,1159566,28,,,1,56,,1159533,28,,,1,14,,1159590,28,,,1,15,,1159572,28,,,1,15,,1159585,28,,,1,55,,1159581,28,,,1,15,,1159575,28,,,1,15,,1159560,28,,,1,17,,1159539,28,,,1,55,,1159588,28,,,1,15,,1159549,28,,,1,15,,1159551,28,,,1,16,,1159544,28,,,1,56,,1159574,28,,,1,15,,1159535,28,,,1,15,,1159542,28,,,1,15,,1159567,28,,,1,55,,1159583,28,,,1,18,,1159577,28,,,1,15,,1159593,28,,,1,13,,1159547,28,,,1,57,,1159550,28,,,1,15,,1159601,28,,,1,13,,1159597,28,,,1,76,,1159596,28,,,1,23,,1159561,28,,,1,64,,1159568,28,,,1,24,,1159592,28,,,1,20,,1159582,28,,,1,65,,1159531,28,,,1,23,,1159557,28,,,1,12,,1159536,28,,,1,12,,1159573,28,,,1,59,,1159570,28,,,1,19,,1159580,28,,,1,19,,1159576,28,,,1,60,,1159594,28,,,1,20,,1159552,28,,,1,20,,1159538,28,,,1,60,,1159586,28,,,1,20,,1159545,28,,,1,20,,1159553,28,,,1,59,,1159558,28,,,1,18,,1159554,28,,,1,20,,1159562,28,,,1,60,,1159602,28,,,1,17,,1159534,28,,,1,24,,1159564,28,,,1,64,,1159556,28,,,1,30,,1159565,28,,,1,71,,1159540,28,,,1,29,,1159541,28,,,1
6801,'15',503,,1159645,33,,,1,30,,1159604,33,,,1,72,,1159668,33,,,1,33,,1159652,28,,,1,62,,1159616,28,,,1,16,,1159650,28,,,1,15,,1159658,28,,,1,19,,1159673,28,,,1,66,,1159640,28,,,1,17,,1159624,28,,,1,21,,1159637,28,,,1,60,,1159605,28,,,1,20,,1159622,28,,,1,15,,1159655,28,,,1,56,,1159663,28,,,1,14,,1159618,28,,,1,15,,1159660,28,,,1,15,,1159607,28,,,1,55,,1159647,28,,,1,15,,1159625,28,,,1,15,,1159621,28,,,1,17,,1159666,28,,,1,55,,1159661,28,,,1,15,,1159629,28,,,1,15,,1159646,28,,,1,16,,1159611,28,,,1,56,,1159644,28,,,1,15,,1159631,28,,,1,15,,1159669,28,,,1,15,,1159608,28,,,1,55,,1159619,28,,,1,18,,1159649,28,,,1,15,,1159632,28,,,1,13,,1159653,28,,,1,57,,1159664,28,,,1,15,,1159617,28,,,1,13,,1159636,28,,,1,76,,1159612,28,,,1,23,,1159657,28,,,1,64,,1159633,28,,,1,24,,1159670,28,,,1,20,,1159667,28,,,1,65,,1159648,28,,,1,23,,1159659,28,,,1,12,,1159626,28,,,1,12,,1159613,28,,,1,59,,1159665,28,,,1,19,,1159639,28,,,1,19,,1159609,28,,,1,60,,1159623,28,,,1,20,,1159662,28,,,1,20,,1159628,28,,,1,60,,1159651,28,,,1,20,,1159615,28,,,1,20,,1159642,28,,,1,59,,1159635,28,,,1,18,,1159675,28,,,1,20,,1159643,28,,,1,60,,1159674,28,,,1,17,,1159620,28,,,1,24,,1159614,28,,,1,64,,1159606,28,,,1,30,,1159610,28,,,1,71,,1159603,28,,,1,29,,1159634,28,,,1
6801,'16',503,,1159719,33,,,1,30,,1159687,33,,,1,72,,1075027,33,,,1,33,,1159728,28,,,1,62,,1159705,28,,,1,16,,1159703,28,,,1,15,,1159735,28,,,1,19,,1159695,28,,,1,66,,1159711,28,,,1,17,,1091332,28,,,1,21,,1159725,28,,,1,60,,1159738,28,,,1,20,,1159698,28,,,1,15,,1159708,28,,,1,56,,1159689,28,,,1,14,,1091340,28,,,1,15,,1159692,28,,,1,15,,1159694,28,,,1,55,,1159727,28,,,1,15,,1073876,28,,,1,15,,1159697,28,,,1,17,,1159682,28,,,1,55,,1159704,28,,,1,15,,1159693,28,,,1,15,,1159736,28,,,1,16,,1159715,28,,,1,56,,1159679,28,,,1,15,,1159713,28,,,1,15,,1091656,28,,,1,15,,1088180,28,,,1,55,,1159700,28,,,1,18,,1159731,28,,,1,15,,1065487,28,,,1,13,,1159678,28,,,1,57,,978188,28,,,1,15,,1159717,28,,,1,13,,1159729,28,,,1,76,,1159720,28,,,1,23,,1159732,28,,,1,64,,1159691,28,,,1,24,,1159688,28,,,1,20,,1159686,28,,,1,65,,1159724,28,,,1,23,,1159730,28,,,1,12,,1159702,28,,,1,12,,1159685,28,,,1,59,,1159710,28,,,1,19,,1159707,28,,,1,19,,1159722,28,,,1,60,,1159712,28,,,1,20,,1159726,28,,,1,20,,1159699,28,,,1,60,,1159718,28,,,1,20,,1159706,28,,,1,20,,1159676,28,,,1,59,,1159721,28,,,1,18,,1159701,28,,,1,20,,1159681,28,,,1,60,,1159684,28,,,1,17,,1159690,28,,,1,24,,1159716,28,,,1,64,,1159680,28,,,1,30,,1159677,28,,,1,71,,1159714,28,,,1,29,,1159683,28,,,1
6801,'17',659,,1159758,28,,,1,70,,1159741,28,,,1,30,,1159768,28,,,1,72,,1159775,28,,,1,70,,1159771,28,,,1,30,,1159752,28,,,1,70,,1159779,28,,,1,30,,1159777,28,,,1,70,,1159748,28,,,1,30,,1159751,28,,,1,21,,1159778,28,,,1,60,,1159774,28,,,1,20,,1159742,28,,,1,20,,1159740,28,,,1,60,,1159766,28,,,1,20,,1159750,28,,,1,20,,1159770,28,,,1,60,,1159746,28,,,1,20,,1159772,28,,,1,20,,1159780,28,,,1,60,,1159754,28,,,1,20,,1159756,28,,,1,20,,1159761,28,,,1,60,,1159765,28,,,1,20,,1159745,28,,,1,20,,1159743,28,,,1,60,,1159757,28,,,1,20,,1159749,28,,,1,20,,1159767,28,,,1,67,,1159760,28,,,1,30,,1159759,28,,,1,70,,1159776,28,,,1,30,,1159739,28,,,1,70,,1159769,28,,,1,29,,1159764,28,,,1,70,,1159747,28,,,1,30,,1159744,28,,,1,70,,1159753,28,,,1,29,,1159773,28,,,1,70,,1159762,28,,,1,30,,1159763,28,,,1,70,,1159755,28,,,1
6801,'2',702,,1159792,28,,,1,30,,1159824,28,,,1,70,,1159820,28,,,1,32,,1159825,28,,,1,71,,1159815,28,,,1,30,,1159811,28,,,1,70,,1159800,28,,,1,30,,1159822,28,,,1,71,,1159814,28,,,1,31,,1159812,28,,,1,70,,1159810,28,,,1,15,,1159781,28,,,1,15,,1159802,28,,,1,15,,1159786,28,,,1,55,,1159799,28,,,1,15,,1159793,28,,,1,15,,1019764,28,,,1,15,,1159809,28,,,1,55,,1159805,28,,,1,15,,1159808,28,,,1,15,,1159794,28,,,1,15,,1159803,28,,,1,55,,1159804,28,,,1,15,,1067144,28,,,1,15,,1159813,28,,,1,15,,1159823,28,,,1,55,,1159796,28,,,1,15,,1159818,28,,,1,15,,1159783,28,,,1,15,,1159782,28,,,1,55,,1036726,28,,,1,15,,1159821,28,,,1,15,,1073325,28,,,1,15,,1159798,28,,,1,55,,1159787,28,,,1,15,,1159788,28,,,1,15,,1159785,28,,,1,15,,1159797,28,,,1,55,,1159817,28,,,1,30,,1159791,28,,,1,70,,1159806,28,,,1,29,,1076125,28,,,1,70,,1159789,28,,,1,30,,1159819,28,,,1,70,,1159807,28,,,1,29,,1159801,28,,,1,70,,1159816,28,,,1,30,,1159790,28,,,1,70,,1068747,28,,,1,30,,1159784,28,,,1,70,,1159795,28,,,1
6801,'3',659,,1159845,28,,,1,70,,1159828,28,,,1,30,,1159855,28,,,1,72,,1159862,28,,,1,70,,1159858,28,,,1,30,,1159839,28,,,1,70,,1159866,28,,,1,30,,1159864,28,,,1,70,,1159835,28,,,1,30,,1159838,28,,,1,21,,1159865,28,,,1,60,,1159861,28,,,1,20,,1159829,28,,,1,20,,1159827,28,,,1,60,,1159853,28,,,1,20,,1159837,28,,,1,20,,1159857,28,,,1,60,,1159833,28,,,1,20,,1159859,28,,,1,20,,1159867,28,,,1,60,,1159841,28,,,1,20,,1159843,28,,,1,20,,1159848,28,,,1,60,,1159852,28,,,1,20,,1159832,28,,,1,20,,1159830,28,,,1,60,,1159844,28,,,1,20,,1159836,28,,,1,20,,1159854,28,,,1,67,,1159847,28,,,1,30,,1159846,28,,,1,70,,1159863,28,,,1,30,,1159826,28,,,1,70,,1159856,28,,,1,29,,1159851,28,,,1,70,,1159834,28,,,1,30,,1159831,28,,,1,70,,1159840,28,,,1,29,,1159860,28,,,1,70,,1159849,28,,,1,30,,1159850,28,,,1,70,,1159842,28,,,1
6801,'4',659,,1060793,28,,,1,70,,1159876,28,,,1,30,,1088617,28,,,1,72,,1063969,28,,,1,70,,1159880,28,,,1,30,,1159897,28,,,1,70,,1159883,28,,,1,30,,1159882,28,,,1,70,,1159873,28,,,1,30,,1159879,28,,,1,21,,1159885,28,,,1,60,,1159881,28,,,1,20,,1159896,28,,,1,20,,1047805,28,,,1,60,,1159893,28,,,1,20,,1159878,28,,,1,20,,1159892,28,,,1,60,,1159877,28,,,1,20,,1159887,28,,,1,20,,1159870,28,,,1,60,,1159898,28,,,1,20,,1159884,28,,,1,20,,1159888,28,,,1,60,,1159868,28,,,1,20,,1159875,28,,,1,20,,1159872,28,,,1,60,,1057682,28,,,1,20,,1159900,28,,,1,20,,1159894,28,,,1,67,,1159902,28,,,1,30,,1159874,28,,,1,70,,1159899,28,,,1,30,,1159889,28,,,1,70,,1159890,28,,,1,29,,1159901,28,,,1,70,,1069759,28,,,1,30,,1159871,28,,,1,70,,1159869,28,,,1,29,,1159886,28,,,1,70,,1159895,28,,,1,30,,1159891,28,,,1,70,,1059060,28,,,1
6801,'5',503,,1095174,33,,,1,30,,1159903,33,,,1,72,,1159938,33,,,1,33,,1159945,28,,,1,62,,1159926,28,,,1,16,,1020882,28,,,1,15,,1159922,28,,,1,19,,1159907,28,,,1,66,,1159954,28,,,1,17,,1159904,28,,,1,21,,1159915,28,,,1,60,,1159946,28,,,1,20,,1159951,28,,,1,15,,1159933,28,,,1,56,,1063562,28,,,1,14,,1159957,28,,,1,15,,1159939,28,,,1,15,,1159952,28,,,1,55,,1159948,28,,,1,15,,1159942,28,,,1,15,,1159927,28,,,1,17,,1159908,28,,,1,55,,1159955,28,,,1,15,,1159916,28,,,1,15,,1159918,28,,,1,16,,1071493,28,,,1,56,,1159941,28,,,1,15,,1100228,28,,,1,15,,1159911,28,,,1,15,,1159934,28,,,1,55,,1159950,28,,,1,18,,1159944,28,,,1,15,,1067368,28,,,1,13,,1159914,28,,,1,57,,1159917,28,,,1,15,,1081027,28,,,1,13,,1159961,28,,,1,76,,1159960,28,,,1,23,,1159928,28,,,1,64,,1159935,28,,,1,24,,1159959,28,,,1,20,,1159949,28,,,1,65,,1101591,28,,,1,23,,1159924,28,,,1,12,,1159906,28,,,1,12,,1159940,28,,,1,59,,1159937,28,,,1,19,,1159947,28,,,1,19,,1159943,28,,,1,60,,1086670,28,,,1,20,,1159919,28,,,1,20,,1070894,28,,,1,60,,1159953,28,,,1,20,,1159912,28,,,1,20,,1159920,28,,,1,59,,1159925,28,,,1,18,,1159921,28,,,1,20,,1159929,28,,,1,60,,1093377,28,,,1,17,,1159905,28,,,1,24,,1159931,28,,,1,64,,1159923,28,,,1,30,,1159932,28,,,1,71,,1159909,28,,,1,29,,1159910,28,,,1
6801,'6',503,,1160006,33,,,1,30,,1159974,33,,,1,72,,1159965,33,,,1,33,,1160017,28,,,1,62,,1159992,28,,,1,16,,1159990,28,,,1,15,,1088983,28,,,1,19,,1159982,28,,,1,66,,1159998,28,,,1,17,,1159971,28,,,1,21,,1160014,28,,,1,60,,1160025,28,,,1,20,,1159985,28,,,1,15,,1159995,28,,,1,56,,1159976,28,,,1,14,,1160009,28,,,1,15,,1159979,28,,,1,15,,1159981,28,,,1,55,,1160016,28,,,1,15,,1159973,28,,,1,15,,1159984,28,,,1,17,,1038908,28,,,1,55,,1159991,28,,,1,15,,1159980,28,,,1,15,,1160023,28,,,1,16,,1160002,28,,,1,56,,1071751,28,,,1,15,,1160000,28,,,1,15,,1160026,28,,,1,15,,1159969,28,,,1,55,,1159987,28,,,1,18,,1160020,28,,,1,15,,1159968,28,,,1,13,,1043190,28,,,1,57,,1160012,28,,,1,15,,1160004,28,,,1,13,,1160018,28,,,1,76,,1160007,28,,,1,23,,1160021,28,,,1,64,,1159978,28,,,1,24,,1159975,28,,,1,20,,1159972,28,,,1,65,,1160013,28,,,1,23,,1160019,28,,,1,12,,1159989,28,,,1,12,,1026125,28,,,1,59,,1159997,28,,,1,19,,1159994,28,,,1,19,,1160010,28,,,1,60,,1159999,28,,,1,20,,1160015,28,,,1,20,,1159986,28,,,1,60,,1160005,28,,,1,20,,1159993,28,,,1,20,,1159966,28,,,1,59,,1160008,28,,,1,18,,1159988,28,,,1,20,,1073682,28,,,1,60,,1101657,28,,,1,17,,1159977,28,,,1,24,,1160003,28,,,1,64,,988787,28,,,1,30,,1159967,28,,,1,71,,1160001,28,,,1,29,,1159970,28,,,1
6801,'7',702,,1160048,28,,,1,30,,1160044,28,,,1,70,,1160057,28,,,1,32,,1160046,28,,,1,71,,1160028,28,,,1,30,,1160069,28,,,1,70,,1160040,28,,,1,30,,1160042,28,,,1,71,,1160039,28,,,1,31,,1160060,28,,,1,70,,1160054,28,,,1,15,,1160050,28,,,1,15,,1160032,28,,,1,15,,1160062,28,,,1,55,,1160077,28,,,1,15,,1160053,28,,,1,15,,1160056,28,,,1,15,,1160068,28,,,1,55,,1160038,28,,,1,15,,1160078,28,,,1,15,,1160058,28,,,1,15,,1160041,28,,,1,55,,1160067,28,,,1,15,,1160035,28,,,1,15,,1160037,28,,,1,15,,1160073,28,,,1,55,,1160031,28,,,1,15,,1160047,28,,,1,15,,1160034,28,,,1,15,,1160071,28,,,1,55,,1160049,28,,,1,15,,1160064,28,,,1,15,,1160075,28,,,1,15,,1160076,28,,,1,55,,1160059,28,,,1,15,,1160065,28,,,1,15,,1160029,28,,,1,15,,1160036,28,,,1,55,,1160070,28,,,1,30,,1160072,28,,,1,70,,1160066,28,,,1,29,,1160061,28,,,1,70,,1160055,28,,,1,30,,1160030,28,,,1,70,,1160074,28,,,1,29,,1160051,28,,,1,70,,1160063,28,,,1,30,,1160052,28,,,1,70,,1160033,28,,,1,30,,1160043,28,,,1,70,,1160045,28,,,1
6801,'8',503,,1160127,33,,,1,30,,1160095,33,,,1,72,,1160079,33,,,1,33,,1160138,28,,,1,62,,1160113,28,,,1,16,,1160111,28,,,1,15,,1160146,28,,,1,19,,1160103,28,,,1,66,,1160119,28,,,1,17,,1160092,28,,,1,21,,1160135,28,,,1,60,,1160149,28,,,1,20,,1160106,28,,,1,15,,1160116,28,,,1,56,,1160097,28,,,1,14,,1160130,28,,,1,15,,1160100,28,,,1,15,,1160102,28,,,1,55,,1160137,28,,,1,15,,1160094,28,,,1,15,,1160105,28,,,1,17,,1160087,28,,,1,55,,1160112,28,,,1,15,,1160101,28,,,1,15,,1160147,28,,,1,16,,1160123,28,,,1,56,,1160083,28,,,1,15,,1160121,28,,,1,15,,1160150,28,,,1,15,,1160088,28,,,1,55,,1160108,28,,,1,18,,1160141,28,,,1,15,,1160085,28,,,1,13,,1160082,28,,,1,57,,1160133,28,,,1,15,,1160125,28,,,1,13,,1160139,28,,,1,76,,1160128,28,,,1,23,,1160142,28,,,1,64,,1160099,28,,,1,24,,1160096,28,,,1,20,,1160093,28,,,1,65,,1160134,28,,,1,23,,1160140,28,,,1,12,,1160110,28,,,1,12,,1160091,28,,,1,59,,1160118,28,,,1,19,,1160115,28,,,1,19,,1160131,28,,,1,60,,1160120,28,,,1,20,,1160136,28,,,1,20,,1160107,28,,,1,60,,1160126,28,,,1,20,,1160114,28,,,1,20,,1160080,28,,,1,59,,1160129,28,,,1,18,,1160109,28,,,1,20,,1160086,28,,,1,60,,1160090,28,,,1,17,,1160098,28,,,1,24,,1160124,28,,,1,64,,1160084,28,,,1,30,,1160081,28,,,1,71,,1160122,28,,,1,29,,1160089,28,,,1
6801,'9',503,,1095050,33,,,1,30,,1160152,33,,,1,72,,1160187,33,,,1,33,,1160194,28,,,1,62,,1160175,28,,,1,16,,1021214,28,,,1,15,,1160171,28,,,1,19,,1160156,28,,,1,66,,1160203,28,,,1,17,,1160153,28,,,1,21,,1160164,28,,,1,60,,1160195,28,,,1,20,,1160200,28,,,1,15,,1160182,28,,,1,56,,1063391,28,,,1,14,,1160206,28,,,1,15,,1160188,28,,,1,15,,1160201,28,,,1,55,,1160197,28,,,1,15,,1160191,28,,,1,15,,1160176,28,,,1,17,,1160157,28,,,1,55,,1160204,28,,,1,15,,1160165,28,,,1,15,,1160167,28,,,1,16,,1071481,28,,,1,56,,1160190,28,,,1,15,,1100160,28,,,1,15,,1160160,28,,,1,15,,1160183,28,,,1,55,,1160199,28,,,1,18,,1160193,28,,,1,15,,1067210,28,,,1,13,,1160163,28,,,1,57,,1160166,28,,,1,15,,1080935,28,,,1,13,,1160210,28,,,1,76,,1160209,28,,,1,23,,1160177,28,,,1,64,,1160184,28,,,1,24,,1160208,28,,,1,20,,1160198,28,,,1,65,,1101543,28,,,1,23,,1160173,28,,,1,12,,1160155,28,,,1,12,,1160189,28,,,1,59,,1160186,28,,,1,19,,1160196,28,,,1,19,,1160192,28,,,1,60,,1086582,28,,,1,20,,1160168,28,,,1,20,,1070786,28,,,1,60,,1160202,28,,,1,20,,1160161,28,,,1,20,,1160169,28,,,1,59,,1160174,28,,,1,18,,1160170,28,,,1,20,,1160178,28,,,1,60,,1093221,28,,,1,17,,1160154,28,,,1,24,,1160180,28,,,1,64,,1160172,28,,,1,30,,1160181,28,,,1,71,,1160158,28,,,1,29,,1160159,28,,,1
64601,'1',1633,,1199525,76,,,1
64601,'10',1633,,1199527,76,,,1
64601,'11',1633,,1199529,76,,,1
64601,'12',1633,,1199530,76,,,1
64601,'14',1633,,1199532,76,,,1
64601,'15',1633,,1199534,76,,,1
64601,'16',1633,,1199536,76,,,1
64601,'5',1633,,1199538,76,,,1
64601,'6',1633,,1199540,76,,,1
64601,'8',1633,,1199542,76,,,1
64601,'9',1633,,1199544,76,,,1
68801,'1',1457,,1200571,43,,,1
68801,'10',1457,,1200573,43,,,1
68801,'11',1457,,1200575,43,,,1
68801,'12',1457,,1200578,43,,,1
68801,'14',1457,,1200581,43,,,1
68801,'15',1457,,1200584,43,,,1
68801,'16',1457,,1200587,43,,,1
68801,'5',1457,,1200589,43,,,1
68801,'6',1457,,1200592,43,,,1
68801,'8',1457,,1200595,43,,,1
68801,'9',1457,,1200597,43,,,1
