5600,'1',602,,1148860,6,,,1,26,,1148874,6,,,1,19,,1148877,6,0,81,1,58,,1148865,6,,,1,13,,1148867,6,0,81,1,19,,1148866,6,,,1,14,,1148859,6,0,81,1,58,,1148881,6,,,1,15,,1148871,6,0,81,1,15,,1148879,6,,,1,13,,1148891,6,0,81,1,57,,1148885,6,,,1,26,,1148887,6,,,1,70,,1148878,6,,,1,28,,1148857,6,0,81,1,70,,1148868,6,0,81,1,30,,1148876,6,0,81,1,71,,1148873,6,0,81,1,30,,1148869,6,0,81,1,70,,1148890,6,0,81,1,30,,1148852,6,0,81,1,70,,1148894,6,0,81,1,31,,1148855,6,,,1,15,,1076656,6,,,1,55,,1148892,6,0,81,1,17,,1148863,6,,,1,15,,1086390,6,,,1,15,,1103623,6,,,1,53,,1148853,6,,,1,17,,1148886,6,,,1,13,,1148864,6,,,1,15,,1148889,6,,,1,53,,1148882,6,0,81,1,17,,1148870,6,,,1,20,,1148854,6,,,1,14,,999106,6,0,81,1,56,,1148856,6,,,1,30,,1148884,6,,,1,67,,1088163,6,0,81,1,30,,1148888,6,0,81,1,70,,1148872,6,0,81,1,30,,1148895,6,0,81,1,70,,1148880,6,0,81,1,30,,1148858,6,0,81,1,70,,1148883,6,0,81,1,30,,1148875,6,0,81,1,70,,1000153,6,0,81,1,30,,1057228,6,0,81,1,70,,1148862,6,0,81,1,30,,1148893,6,0,81,1,70,,1148861,6,0,81,1
5600,'10',602,,1148904,6,,,1,26,,1148918,6,,,1,19,,1148921,6,0,81,1,58,,1148909,6,,,1,13,,1148911,6,0,81,1,19,,1148910,6,,,1,14,,1148903,6,0,81,1,58,,1148925,6,,,1,15,,1148915,6,0,81,1,15,,1148923,6,,,1,13,,1148935,6,0,81,1,57,,1148929,6,,,1,26,,1148931,6,,,1,70,,1148922,6,,,1,28,,1148901,6,0,81,1,70,,1148912,6,0,81,1,30,,1148920,6,0,81,1,71,,1148917,6,0,81,1,30,,1148913,6,0,81,1,70,,1148934,6,0,81,1,30,,1148896,6,0,81,1,70,,1148938,6,0,81,1,31,,1148899,6,,,1,15,,1076450,6,,,1,55,,1148936,6,0,81,1,17,,1148907,6,,,1,15,,1086203,6,,,1,15,,1103617,6,,,1,53,,1148897,6,,,1,17,,1148930,6,,,1,13,,1148908,6,,,1,15,,1148933,6,,,1,53,,1148926,6,0,81,1,17,,1148914,6,,,1,20,,1148898,6,,,1,14,,999186,6,0,81,1,56,,1148900,6,,,1,30,,1148928,6,,,1,67,,1087755,6,0,81,1,30,,1148932,6,0,81,1,70,,1148916,6,0,81,1,30,,1148939,6,0,81,1,70,,1148924,6,0,81,1,30,,1148902,6,0,81,1,70,,1148927,6,0,81,1,30,,1148919,6,0,81,1,70,,1000284,6,0,81,1,30,,1057246,6,0,81,1,70,,1148906,6,0,81,1,30,,1148937,6,0,81,1,70,,1148905,6,0,81,1
5600,'11',602,,1148948,6,,,1,26,,1148962,6,,,1,19,,1148965,6,0,81,1,58,,1148953,6,,,1,13,,1148955,6,0,81,1,19,,1148954,6,,,1,14,,1148947,6,0,81,1,58,,1148969,6,,,1,15,,1148959,6,0,81,1,15,,1148967,6,,,1,13,,1148979,6,0,81,1,57,,1148973,6,,,1,26,,1148975,6,,,1,70,,1148966,6,,,1,28,,1148945,6,0,81,1,70,,1148956,6,0,81,1,30,,1148964,6,0,81,1,71,,1148961,6,0,81,1,30,,1148957,6,0,81,1,70,,1148978,6,0,81,1,30,,1148940,6,0,81,1,70,,1148982,6,0,81,1,31,,1148943,6,,,1,15,,1076720,6,,,1,55,,1148980,6,0,81,1,17,,1148951,6,,,1,15,,1086448,6,,,1,15,,1103625,6,,,1,53,,1148941,6,,,1,17,,1148974,6,,,1,13,,1148952,6,,,1,15,,1148977,6,,,1,53,,1148970,6,0,81,1,17,,1148958,6,,,1,20,,1148942,6,,,1,14,,999084,6,0,81,1,56,,1148944,6,,,1,30,,1148972,6,,,1,67,,1088275,6,0,81,1,30,,1148976,6,0,81,1,70,,1148960,6,0,81,1,30,,1148983,6,0,81,1,70,,1148968,6,0,81,1,30,,1148946,6,0,81,1,70,,1148971,6,0,81,1,30,,1148963,6,0,81,1,70,,1000117,6,0,81,1,30,,1057222,6,0,81,1,70,,1148950,6,0,81,1,30,,1148981,6,0,81,1,70,,1148949,6,0,81,1
5600,'12',602,,1149017,6,,,1,26,,1069077,6,,,1,19,,1149008,6,0,81,1,58,,1148999,6,,,1,13,,1148998,6,0,81,1,19,,1149006,6,,,1,14,,1148985,6,0,81,1,58,,1149013,6,,,1,15,,1149014,6,0,81,1,15,,1149007,6,,,1,13,,1149012,6,0,81,1,57,,1092112,6,,,1,26,,1148994,6,,,1,70,,1149023,6,,,1,28,,1148988,6,0,81,1,70,,1148995,6,0,81,1,30,,1149026,6,0,81,1,71,,1149000,6,0,81,1,30,,1149005,6,0,81,1,70,,1149001,6,0,81,1,30,,1149028,6,0,81,1,70,,1149027,6,0,81,1,31,,1149018,6,,,1,15,,1148986,6,,,1,55,,1148991,6,0,81,1,17,,1149003,6,,,1,15,,1148997,6,,,1,15,,1148987,6,,,1,53,,1149022,6,,,1,17,,1149009,6,,,1,13,,1149021,6,,,1,15,,1148993,6,,,1,53,,1149004,6,0,81,1,17,,1148989,6,,,1,20,,1148996,6,,,1,14,,1149019,6,0,81,1,56,,1149025,6,,,1,30,,1149024,6,,,1,67,,1016298,6,0,81,1,30,,1149016,6,0,81,1,70,,1149015,6,0,81,1,30,,1148984,6,0,81,1,70,,1149002,6,0,81,1,30,,1149020,6,0,81,1,70,,1148990,6,0,81,1,30,,949408,6,0,81,1,70,,1100211,6,0,81,1,30,,1148992,6,0,81,1,70,,1100689,6,0,81,1,30,,1149011,6,0,81,1,70,,1149010,6,0,81,1
5600,'13',719,,1149031,6,,,1,31,,1149036,6,0,81,1,69,,1149054,6,,,1,31,,1149046,6,0,81,1,69,,1149055,6,,,1,32,,1149034,6,0,81,1,69,,1149050,6,,,1,31,,1149057,6,0,81,1,69,,983181,6,,,1,31,,1149044,6,0,81,1,69,,1149032,6,,,1,31,,1072273,6,0,81,1,69,,1149037,6,,,1,31,,1149040,6,0,81,1,69,,1149029,6,,,1,31,,1149052,6,0,81,1,70,,1149041,6,,,1,30,,1149048,6,0,81,1,70,,1149053,6,,,1,30,,1149058,6,0,81,1,69,,1149047,6,,,1,31,,1149051,6,0,81,1,69,,1149038,6,,,1,31,,1149045,6,0,81,1,68,,1149039,6,,,1,32,,1149030,6,0,81,1,68,,1149043,6,,,1,31,,1149056,6,0,81,1,69,,1149049,6,,,1,84,,1149035,6,,,1,101,,1149042,6,0,81,1,45,,1149033,6,0,81,1
5600,'14',602,,1149072,6,,,1,26,,1149086,6,,,1,19,,1149089,6,0,81,1,58,,1149077,6,,,1,13,,1149079,6,0,81,1,19,,1149078,6,,,1,14,,1149071,6,0,81,1,58,,1149093,6,,,1,15,,1149083,6,0,81,1,15,,1149091,6,,,1,13,,1149103,6,0,81,1,57,,1149097,6,,,1,26,,1149099,6,,,1,70,,1149090,6,,,1,28,,1149067,6,0,81,1,70,,1149080,6,0,81,1,30,,1149088,6,0,81,1,71,,1149085,6,0,81,1,30,,1149081,6,0,81,1,70,,1149102,6,0,81,1,30,,1149059,6,0,81,1,70,,1149107,6,0,81,1,31,,1149064,6,,,1,15,,1149106,6,,,1,55,,1149104,6,0,81,1,17,,1149075,6,,,1,15,,1149063,6,,,1,15,,1149061,6,,,1,53,,1149060,6,,,1,17,,1149098,6,,,1,13,,1149076,6,,,1,15,,1149101,6,,,1,53,,1149094,6,0,81,1,17,,1149082,6,,,1,20,,1149062,6,,,1,14,,1149069,6,0,81,1,56,,1149066,6,,,1,30,,1149096,6,,,1,67,,1149109,6,0,81,1,30,,1149100,6,0,81,1,70,,1149084,6,0,81,1,30,,1149108,6,0,81,1,70,,1149092,6,0,81,1,30,,1149070,6,0,81,1,70,,1149095,6,0,81,1,30,,1149087,6,0,81,1,70,,1149065,6,0,81,1,30,,1149068,6,0,81,1,70,,1149074,6,0,81,1,30,,1149105,6,0,81,1,70,,1149073,6,0,81,1
5600,'15',602,,1149135,6,,,1,26,,1149118,6,,,1,19,,1149148,6,0,81,1,58,,1149117,6,,,1,13,,1149127,6,0,81,1,19,,1149124,6,,,1,14,,1149156,6,0,81,1,58,,1149122,6,,,1,15,,1149114,6,0,81,1,15,,1149143,6,,,1,13,,1149119,6,0,81,1,57,,1149125,6,,,1,26,,1149128,6,,,1,70,,1149120,6,,,1,28,,1149145,6,0,81,1,70,,1149142,6,0,81,1,30,,1149140,6,0,81,1,71,,1149150,6,0,81,1,30,,1149154,6,0,81,1,70,,1149151,6,0,81,1,30,,1149133,6,0,81,1,70,,1149158,6,0,81,1,31,,1149123,6,,,1,15,,1149155,6,,,1,55,,1149110,6,0,81,1,17,,1149139,6,,,1,15,,1149153,6,,,1,15,,1149111,6,,,1,53,,1149115,6,,,1,17,,1149160,6,,,1,13,,1149130,6,,,1,15,,1149112,6,,,1,53,,1149129,6,0,81,1,17,,1149116,6,,,1,20,,1149134,6,,,1,14,,1149157,6,0,81,1,56,,1149137,6,,,1,30,,1149159,6,,,1,67,,1149121,6,0,81,1,30,,1149113,6,0,81,1,70,,1149146,6,0,81,1,30,,1149138,6,0,81,1,70,,1149132,6,0,81,1,30,,1149152,6,0,81,1,70,,1149147,6,0,81,1,30,,1149136,6,0,81,1,70,,1149144,6,0,81,1,30,,1149131,6,0,81,1,70,,1149126,6,0,81,1,30,,1149141,6,0,81,1,70,,1149149,6,0,81,1
5600,'16',602,,1149195,6,,,1,26,,1149207,6,,,1,19,,1149187,6,0,81,1,58,,1149178,6,,,1,13,,1149177,6,0,81,1,19,,1149185,6,,,1,14,,1149162,6,0,81,1,58,,1094852,6,,,1,15,,1149192,6,0,81,1,15,,1149186,6,,,1,13,,1149191,6,0,81,1,57,,1149163,6,,,1,26,,1149173,6,,,1,70,,1149201,6,,,1,28,,1149166,6,0,81,1,70,,1149174,6,0,81,1,30,,1149204,6,0,81,1,71,,1149179,6,0,81,1,30,,1149184,6,0,81,1,70,,1149180,6,0,81,1,30,,1149206,6,0,81,1,70,,1149205,6,0,81,1,31,,1149196,6,,,1,15,,1090894,6,,,1,55,,1149170,6,0,81,1,17,,1149182,6,,,1,15,,1149176,6,,,1,15,,1063647,6,,,1,53,,1149200,6,,,1,17,,1149188,6,,,1,13,,1149199,6,,,1,15,,1149172,6,,,1,53,,1149183,6,0,81,1,17,,1149167,6,,,1,20,,1149175,6,,,1,14,,1149197,6,0,81,1,56,,1149203,6,,,1,30,,1149202,6,,,1,67,,1149169,6,0,81,1,30,,1149194,6,0,81,1,70,,1149193,6,0,81,1,30,,1149161,6,0,81,1,70,,1149181,6,0,81,1,30,,1149198,6,0,81,1,70,,1099121,6,0,81,1,30,,1149168,6,0,81,1,70,,1149165,6,0,81,1,30,,1149171,6,0,81,1,70,,1149164,6,0,81,1,30,,1149190,6,0,81,1,70,,1149189,6,0,81,1
5600,'17',719,,1149210,6,,,1,31,,1149216,6,0,81,1,69,,1149235,6,,,1,31,,1149227,6,0,81,1,69,,1149236,6,,,1,32,,1149213,6,0,81,1,69,,1149231,6,,,1,31,,1149238,6,0,81,1,69,,1149214,6,,,1,31,,1149225,6,0,81,1,69,,1149211,6,,,1,31,,1149223,6,0,81,1,69,,1149217,6,,,1,31,,1149220,6,0,81,1,69,,1149208,6,,,1,31,,1149233,6,0,81,1,70,,1149221,6,,,1,30,,1149229,6,0,81,1,70,,1149234,6,,,1,30,,1149239,6,0,81,1,69,,1149228,6,,,1,31,,1149232,6,0,81,1,69,,1149218,6,,,1,31,,1149226,6,0,81,1,68,,1149219,6,,,1,32,,1149209,6,0,81,1,68,,1149224,6,,,1,31,,1149237,6,0,81,1,69,,1149230,6,,,1,84,,1149215,6,,,1,101,,1149222,6,0,81,1,45,,1149212,6,0,81,1
5600,'2',707,,1149254,6,,,1,31,,1149241,6,0,81,1,69,,1149268,6,,,1,31,,1149247,6,0,81,1,69,,1149267,6,,,1,32,,1149258,6,0,81,1,69,,1149259,6,,,1,31,,1149269,6,0,81,1,69,,1149262,6,,,1,31,,1149253,6,0,81,1,69,,1149240,6,,,1,31,,1149252,6,0,81,1,69,,1149243,6,,,1,31,,1149255,6,0,81,1,69,,1149266,6,,,1,31,,1149270,6,0,81,1,70,,1149256,6,,,1,30,,1149271,6,0,81,1,70,,1149245,6,,,1,30,,998256,6,0,81,1,70,,1149264,6,,,1,30,,1149251,6,0,81,1,69,,1149248,6,,,1,31,,1149244,6,0,81,1,68,,1149263,6,,,1,32,,1149261,6,0,81,1,68,,1149250,6,,,1,31,,1149265,6,0,81,1,69,,1149242,6,,,1,31,,1149260,6,0,81,1,69,,1149249,6,,,1,101,,1149257,6,0,81,1,100,,1149246,6,0,81,1
5600,'3',719,,1149274,6,,,1,31,,1149280,6,0,81,1,69,,1149299,6,,,1,31,,1149291,6,0,81,1,69,,1149300,6,,,1,32,,1149277,6,0,81,1,69,,1149295,6,,,1,31,,1149302,6,0,81,1,69,,1149278,6,,,1,31,,1149289,6,0,81,1,69,,1149275,6,,,1,31,,1149287,6,0,81,1,69,,1149281,6,,,1,31,,1149284,6,0,81,1,69,,1149272,6,,,1,31,,1149297,6,0,81,1,70,,1149285,6,,,1,30,,1149293,6,0,81,1,70,,1149298,6,,,1,30,,1149303,6,0,81,1,69,,1149292,6,,,1,31,,1149296,6,0,81,1,69,,1149282,6,,,1,31,,1149290,6,0,81,1,68,,1149283,6,,,1,32,,1149273,6,0,81,1,68,,1149288,6,,,1,31,,1149301,6,0,81,1,69,,1149294,6,,,1,84,,1149279,6,,,1,101,,1149286,6,0,81,1,45,,1149276,6,0,81,1
5600,'4',719,,1149327,6,,,1,31,,1149306,6,0,81,1,69,,1149309,6,,,1,31,,1002550,6,0,81,1,69,,1149321,6,,,1,32,,1149315,6,0,81,1,69,,1149310,6,,,1,31,,1062500,6,0,81,1,69,,1149316,6,,,1,31,,1149319,6,0,81,1,69,,1149312,6,,,1,31,,1149314,6,0,81,1,69,,1149323,6,,,1,31,,1045403,6,0,81,1,69,,1149304,6,,,1,31,,1149308,6,0,81,1,70,,1149322,6,,,1,30,,1149329,6,0,81,1,70,,1149320,6,,,1,30,,1062978,6,0,81,1,69,,1149311,6,,,1,31,,1149326,6,0,81,1,69,,1149317,6,,,1,31,,1149318,6,0,81,1,68,,1149307,6,,,1,32,,1149324,6,0,81,1,68,,1149313,6,,,1,31,,1149325,6,0,81,1,69,,1066055,6,,,1,84,,1149330,6,,,1,101,,1149328,6,0,81,1,45,,1149305,6,0,81,1
5600,'5',602,,1149339,6,,,1,26,,1149353,6,,,1,19,,1149356,6,0,81,1,58,,1149344,6,,,1,13,,1149346,6,0,81,1,19,,1149345,6,,,1,14,,1149338,6,0,81,1,58,,1149360,6,,,1,15,,1149350,6,0,81,1,15,,1149358,6,,,1,13,,1149370,6,0,81,1,57,,1149364,6,,,1,26,,1149366,6,,,1,70,,1149357,6,,,1,28,,1149336,6,0,81,1,70,,1149347,6,0,81,1,30,,1149355,6,0,81,1,71,,1149352,6,0,81,1,30,,1149348,6,0,81,1,70,,1149369,6,0,81,1,30,,1149331,6,0,81,1,70,,1149373,6,0,81,1,31,,1149334,6,,,1,15,,1076616,6,,,1,55,,1149371,6,0,81,1,17,,1149342,6,,,1,15,,1086357,6,,,1,15,,1103621,6,,,1,53,,1149332,6,,,1,17,,1149365,6,,,1,13,,1149343,6,,,1,15,,1149368,6,,,1,53,,1149361,6,0,81,1,17,,1149349,6,,,1,20,,1149333,6,,,1,14,,998947,6,0,81,1,56,,1149335,6,,,1,30,,1149363,6,,,1,67,,1088102,6,0,81,1,30,,1149367,6,0,81,1,70,,1149351,6,0,81,1,30,,1149374,6,0,81,1,70,,1149359,6,0,81,1,30,,1149337,6,0,81,1,70,,1149362,6,0,81,1,30,,1149354,6,0,81,1,70,,999926,6,0,81,1,30,,1057208,6,0,81,1,70,,1149341,6,0,81,1,30,,1149372,6,0,81,1,70,,1149340,6,0,81,1
5600,'6',602,,1149410,6,,,1,26,,1149421,6,,,1,19,,1149401,6,0,81,1,58,,1149392,6,,,1,13,,1149391,6,0,81,1,19,,1149399,6,,,1,14,,1071029,6,0,81,1,58,,1149406,6,,,1,15,,1149407,6,0,81,1,15,,1149400,6,,,1,13,,1149405,6,0,81,1,57,,1149376,6,,,1,26,,1149387,6,,,1,70,,1149416,6,,,1,28,,1097955,6,0,81,1,70,,1149388,6,0,81,1,30,,1149419,6,0,81,1,71,,1149393,6,0,81,1,30,,1149398,6,0,81,1,70,,1149394,6,0,81,1,30,,1087016,6,0,81,1,70,,1149420,6,0,81,1,31,,1149411,6,,,1,15,,1149375,6,,,1,55,,1149384,6,0,81,1,17,,1149396,6,,,1,15,,1149390,6,,,1,15,,1149377,6,,,1,53,,1149415,6,,,1,17,,1149402,6,,,1,13,,1149414,6,,,1,15,,1149386,6,,,1,53,,1149397,6,0,81,1,17,,1149380,6,,,1,20,,1149389,6,,,1,14,,1149412,6,0,81,1,56,,1149418,6,,,1,30,,1149417,6,,,1,67,,1149382,6,0,81,1,30,,1149409,6,0,81,1,70,,1149408,6,0,81,1,30,,1051241,6,0,81,1,70,,1149395,6,0,81,1,30,,1149413,6,0,81,1,70,,1149383,6,0,81,1,30,,1149381,6,0,81,1,70,,1149379,6,0,81,1,30,,1149385,6,0,81,1,70,,1149378,6,0,81,1,30,,1149404,6,0,81,1,70,,1149403,6,0,81,1
5600,'7',707,,1149431,6,,,1,31,,1149448,6,0,81,1,69,,1149424,6,,,1,31,,1149437,6,0,81,1,69,,1149435,6,,,1,32,,1149434,6,0,81,1,69,,1149438,6,,,1,31,,1149440,6,0,81,1,69,,1149454,6,,,1,31,,1149430,6,0,81,1,69,,1149429,6,,,1,31,,1149442,6,0,81,1,69,,1149444,6,,,1,31,,1149423,6,0,81,1,69,,1149452,6,,,1,31,,1149425,6,0,81,1,70,,1149445,6,,,1,30,,1149446,6,0,81,1,70,,1149439,6,,,1,30,,1149451,6,0,81,1,70,,1149428,6,,,1,30,,1149447,6,0,81,1,69,,1149441,6,,,1,31,,1149432,6,0,81,1,68,,1149427,6,,,1,32,,1149450,6,0,81,1,68,,1149436,6,,,1,31,,1149422,6,0,81,1,69,,1149449,6,,,1,31,,1149443,6,0,81,1,69,,1149433,6,,,1,101,,1149453,6,0,81,1,100,,1149426,6,0,81,1
5600,'8',602,,1149493,6,,,1,26,,1149505,6,,,1,19,,1149484,6,0,81,1,58,,1149475,6,,,1,13,,1149474,6,0,81,1,19,,1149482,6,,,1,14,,1149456,6,0,81,1,58,,1149489,6,,,1,15,,1149490,6,0,81,1,15,,1149483,6,,,1,13,,1149488,6,0,81,1,57,,1149458,6,,,1,26,,1149470,6,,,1,70,,1149499,6,,,1,28,,1149462,6,0,81,1,70,,1149471,6,0,81,1,30,,1149502,6,0,81,1,71,,1149476,6,0,81,1,30,,1149481,6,0,81,1,70,,1149477,6,0,81,1,30,,1149504,6,0,81,1,70,,1149503,6,0,81,1,31,,1149494,6,,,1,15,,1149457,6,,,1,55,,1149467,6,0,81,1,17,,1149479,6,,,1,15,,1149473,6,,,1,15,,1149459,6,,,1,53,,1149498,6,,,1,17,,1149485,6,,,1,13,,1149497,6,,,1,15,,1149469,6,,,1,53,,1149480,6,0,81,1,17,,1149463,6,,,1,20,,1149472,6,,,1,14,,1149495,6,0,81,1,56,,1149501,6,,,1,30,,1149500,6,,,1,67,,1149465,6,0,81,1,30,,1149492,6,0,81,1,70,,1149491,6,0,81,1,30,,1149455,6,0,81,1,70,,1149478,6,0,81,1,30,,1149496,6,0,81,1,70,,1149466,6,0,81,1,30,,1149464,6,0,81,1,70,,1149461,6,0,81,1,30,,1149468,6,0,81,1,70,,1149460,6,0,81,1,30,,1149487,6,0,81,1,70,,1149486,6,0,81,1
5600,'9',602,,1149514,6,,,1,26,,1149528,6,,,1,19,,1149531,6,0,81,1,58,,1149519,6,,,1,13,,1149521,6,0,81,1,19,,1149520,6,,,1,14,,1149513,6,0,81,1,58,,1149535,6,,,1,15,,1149525,6,0,81,1,15,,1149533,6,,,1,13,,1149545,6,0,81,1,57,,1149539,6,,,1,26,,1149541,6,,,1,70,,1149532,6,,,1,28,,1149511,6,0,81,1,70,,1149522,6,0,81,1,30,,1149530,6,0,81,1,71,,1149527,6,0,81,1,30,,1149523,6,0,81,1,70,,1149544,6,0,81,1,30,,1149506,6,0,81,1,70,,1149548,6,0,81,1,31,,1149509,6,,,1,15,,1076516,6,,,1,55,,1149546,6,0,81,1,17,,1149517,6,,,1,15,,1086264,6,,,1,15,,1103619,6,,,1,53,,1149507,6,,,1,17,,1149540,6,,,1,13,,1149518,6,,,1,15,,1149543,6,,,1,53,,1149536,6,0,81,1,17,,1149524,6,,,1,20,,1149508,6,,,1,14,,999128,6,0,81,1,56,,1149510,6,,,1,30,,1149538,6,,,1,67,,1087885,6,0,81,1,30,,1149542,6,0,81,1,70,,1149526,6,0,81,1,30,,1149549,6,0,81,1,70,,1149534,6,0,81,1,30,,1149512,6,0,81,1,70,,1149537,6,0,81,1,30,,1149529,6,0,81,1,70,,1000189,6,0,81,1,30,,1057234,6,0,81,1,70,,1149516,6,0,81,1,30,,1149547,6,0,81,1,70,,1149515,6,0,81,1
