8000,'1',508,,1092428,47,0,138,1,30,,1166507,47,0,138,1
8000,'10',508,,1092272,47,0,138,1,30,,1166563,47,0,138,1
8000,'11',508,,1092475,47,0,138,1,30,,1166619,47,0,138,1
8000,'12',508,,1166640,47,0,138,1,30,,1166692,47,0,138,1
8000,'14',508,,1166724,47,0,138,1,30,,1166767,47,0,138,1
8000,'15',508,,1166817,47,0,138,1,30,,1166794,47,0,138,1
8000,'16',508,,1166859,47,0,138,1,30,,1098400,47,0,138,1
8000,'5',508,,1092395,47,0,138,1,30,,1167057,47,0,138,1
8000,'6',508,,1093536,47,0,138,1,30,,1167122,47,0,138,1
8000,'8',508,,1167169,47,0,138,1,30,,1167222,47,0,138,1
8000,'9',508,,1092321,47,0,138,1,30,,1167270,47,0,138,1
18901,'1',510,,1195484,12,,,1,43,,1195483,12,,,1,71,,1195472,12,,,1,30,,1195471,12,,,1,70,,1195489,12,,,1,76,,1195488,12,,,1,30,,1024462,12,,,1,29,,1195482,12,,,1,65,,1195494,12,,,1,30,,1195468,12,,,1,70,,1195474,12,,,1,31,,1195477,12,,,1,70,,1095217,12,,,1,30,,1195487,12,,,1,70,,1092164,12,,,1,30,,1195496,12,,,1,70,,1195490,12,,,1,30,,1195493,12,,,1,72,,1195476,12,,,1,104,,1195469,12,,,1,70,,1195491,12,,,1,30,,1195480,12,,,1,70,,1195470,12,,,1,30,,1195479,12,,,1,70,,1195465,12,,,1,29,,1195473,12,,,1,25,,1004375,12,,,1,70,,1195495,12,,,1,30,,1195467,12,,,1,70,,1195475,12,,,1,30,,1195481,12,,,1,70,,1195478,12,,,1,31,,1029461,12,,,1,69,,1195486,12,,,1,30,,1195485,12,,,1,70,,1195497,12,,,1,25,,1195466,12,,,1,95,,1195492,12,,,1
18901,'10',510,,1195517,12,,,1,43,,1195516,12,,,1,71,,1195505,12,,,1,30,,1195504,12,,,1,70,,1195522,12,,,1,76,,1195521,12,,,1,30,,1024570,12,,,1,29,,1195515,12,,,1,65,,1195527,12,,,1,30,,1195501,12,,,1,70,,1195507,12,,,1,31,,1195510,12,,,1,70,,1094971,12,,,1,30,,1195520,12,,,1,70,,1092003,12,,,1,30,,1195529,12,,,1,70,,1195523,12,,,1,30,,1195526,12,,,1,72,,1195509,12,,,1,104,,1195502,12,,,1,70,,1195524,12,,,1,30,,1195513,12,,,1,70,,1195503,12,,,1,30,,1195512,12,,,1,70,,1195498,12,,,1,29,,1195506,12,,,1,25,,1004511,12,,,1,70,,1195528,12,,,1,30,,1195500,12,,,1,70,,1195508,12,,,1,30,,1195514,12,,,1,70,,1195511,12,,,1,31,,1029555,12,,,1,69,,1195519,12,,,1,30,,1195518,12,,,1,70,,1195530,12,,,1,25,,1195499,12,,,1,95,,1195525,12,,,1
18901,'11',510,,1195550,12,,,1,43,,1195549,12,,,1,71,,1195538,12,,,1,30,,1195537,12,,,1,70,,1195555,12,,,1,76,,1195554,12,,,1,30,,1024433,12,,,1,29,,1195548,12,,,1,65,,1195560,12,,,1,30,,1195534,12,,,1,70,,1195540,12,,,1,31,,1195543,12,,,1,70,,1095291,12,,,1,30,,1195553,12,,,1,70,,1092209,12,,,1,30,,1195562,12,,,1,70,,1195556,12,,,1,30,,1195559,12,,,1,72,,1195542,12,,,1,104,,1195535,12,,,1,70,,1195557,12,,,1,30,,1195546,12,,,1,70,,1195536,12,,,1,30,,1195545,12,,,1,70,,1195531,12,,,1,29,,1195539,12,,,1,25,,1004337,12,,,1,70,,1195561,12,,,1,30,,1195533,12,,,1,70,,1195541,12,,,1,30,,1195547,12,,,1,70,,1195544,12,,,1,31,,1029432,12,,,1,69,,1195552,12,,,1,30,,1195551,12,,,1,70,,1195563,12,,,1,25,,1195532,12,,,1,95,,1195558,12,,,1
18901,'12',510,,1195592,12,,,1,43,,1195594,12,,,1,71,,1195587,12,,,1,30,,1195585,12,,,1,70,,1195568,12,,,1,76,,1195588,12,,,1,30,,1195567,12,,,1,29,,1195583,12,,,1,65,,1195569,12,,,1,30,,1195570,12,,,1,70,,1195574,12,,,1,31,,924444,12,,,1,70,,1195589,12,,,1,30,,1062504,12,,,1,70,,1195578,12,,,1,30,,1195590,12,,,1,70,,1195576,12,,,1,30,,1195571,12,,,1,72,,1195579,12,,,1,104,,1195565,12,,,1,70,,962799,12,,,1,30,,1195564,12,,,1,70,,1195581,12,,,1,30,,1195591,12,,,1,70,,1195597,12,,,1,29,,1195586,12,,,1,25,,1195593,12,,,1,70,,1195584,12,,,1,30,,1195573,12,,,1,70,,1033051,12,,,1,30,,1195596,12,,,1,70,,1195595,12,,,1,31,,1195575,12,,,1,69,,1195572,12,,,1,30,,1195577,12,,,1,70,,1195566,12,,,1,25,,1195580,12,,,1,95,,1195582,12,,,1
18901,'13',636,,1195601,12,,,1,100,,1195610,12,,,1,100,,1195608,12,,,1,100,,1195598,12,,,1,100,,1195600,12,,,1,100,,1195609,12,,,1,100,,1195599,12,,,1,100,,1195602,12,,,1,100,,1195611,12,,,1,100,,1195603,12,,,1,100,,1195607,12,,,1,100,,1195605,12,,,1,100,,1195606,12,,,1,100,,1195604,12,,,1
18901,'14',510,,1195636,12,,,1,43,,1195635,12,,,1,71,,1195623,12,,,1,30,,1195622,12,,,1,70,,1195641,12,,,1,76,,1195640,12,,,1,30,,1195620,12,,,1,29,,1195633,12,,,1,65,,1195646,12,,,1,30,,1195618,12,,,1,70,,1195625,12,,,1,31,,1195628,12,,,1,70,,1195634,12,,,1,30,,1195639,12,,,1,70,,1195615,12,,,1,30,,1195648,12,,,1,70,,1195642,12,,,1,30,,1195645,12,,,1,72,,1195627,12,,,1,104,,1195619,12,,,1,70,,1195643,12,,,1,30,,1195631,12,,,1,70,,1195621,12,,,1,30,,1195630,12,,,1,70,,1195612,12,,,1,29,,1195624,12,,,1,25,,1195613,12,,,1,70,,1195647,12,,,1,30,,1195617,12,,,1,70,,1195626,12,,,1,30,,1195632,12,,,1,70,,1195629,12,,,1,31,,1195616,12,,,1,69,,1195638,12,,,1,30,,1195637,12,,,1,70,,1195649,12,,,1,25,,1195614,12,,,1,95,,1195644,12,,,1
18901,'15',510,,1195669,12,,,1,43,,1195671,12,,,1,71,,1195681,12,,,1,30,,1195684,12,,,1,70,,1195650,12,,,1,76,,1195672,12,,,1,30,,1195682,12,,,1,29,,1195673,12,,,1,65,,1195683,12,,,1,30,,1195662,12,,,1,70,,1195654,12,,,1,31,,1195680,12,,,1,70,,1195668,12,,,1,30,,1195679,12,,,1,70,,1195678,12,,,1,30,,1195674,12,,,1,70,,1195656,12,,,1,30,,1195661,12,,,1,72,,1195657,12,,,1,104,,1195660,12,,,1,70,,1195685,12,,,1,30,,1195651,12,,,1,70,,1195666,12,,,1,30,,1195664,12,,,1,70,,1195655,12,,,1,29,,1195675,12,,,1,25,,1195670,12,,,1,70,,1195653,12,,,1,30,,1195663,12,,,1,70,,1195687,12,,,1,30,,1195652,12,,,1,70,,1195665,12,,,1,31,,1195676,12,,,1,69,,1195667,12,,,1,30,,1195677,12,,,1,70,,1195686,12,,,1,25,,1195658,12,,,1,95,,1195659,12,,,1
18901,'16',510,,1195717,12,,,1,43,,1097886,12,,,1,71,,1195712,12,,,1,30,,1195710,12,,,1,70,,1195694,12,,,1,76,,1195713,12,,,1,30,,1195693,12,,,1,29,,1195708,12,,,1,65,,1195695,12,,,1,30,,1077979,12,,,1,70,,1195699,12,,,1,31,,1195718,12,,,1,70,,1195714,12,,,1,30,,1195690,12,,,1,70,,1195703,12,,,1,30,,1195715,12,,,1,70,,1195701,12,,,1,30,,1195696,12,,,1,72,,1195704,12,,,1,104,,1195691,12,,,1,70,,1195688,12,,,1,30,,1099531,12,,,1,70,,1195706,12,,,1,30,,1195716,12,,,1,70,,1195720,12,,,1,29,,1195711,12,,,1,25,,1077516,12,,,1,70,,1195709,12,,,1,30,,1195698,12,,,1,70,,1195689,12,,,1,30,,1195719,12,,,1,70,,1045806,12,,,1,31,,1195700,12,,,1,69,,1195697,12,,,1,30,,1195702,12,,,1,70,,1195692,12,,,1,25,,1195705,12,,,1,95,,1195707,12,,,1
18901,'17',636,,1195724,12,,,1,100,,1195733,12,,,1,100,,1195731,12,,,1,100,,1195721,12,,,1,100,,1195723,12,,,1,100,,1195732,12,,,1,100,,1195722,12,,,1,100,,1195725,12,,,1,100,,1195734,12,,,1,100,,1195726,12,,,1,100,,1195730,12,,,1,100,,1195728,12,,,1,100,,1195729,12,,,1,100,,1195727,12,,,1
18901,'2',636,,967671,12,,,1,100,,1195736,12,,,1,100,,1195735,12,,,1,100,,1195744,12,,,1,100,,1195738,12,,,1,100,,1195745,12,,,1,100,,1195737,12,,,1,100,,1195746,12,,,1,100,,1195739,12,,,1,100,,1195740,12,,,1,100,,1195743,12,,,1,100,,1195742,12,,,1,100,,1195741,12,,,1
18901,'3',636,,1195750,12,,,1,100,,1195759,12,,,1,100,,1195757,12,,,1,100,,1195747,12,,,1,100,,1195749,12,,,1,100,,1195758,12,,,1,100,,1195748,12,,,1,100,,1195751,12,,,1,100,,1195760,12,,,1,100,,1195752,12,,,1,100,,1195756,12,,,1,100,,1195754,12,,,1,100,,1195755,12,,,1,100,,1195753,12,,,1
18901,'4',636,,1195771,12,,,1,100,,1093277,12,,,1,100,,1075402,12,,,1,100,,1195769,12,,,1,100,,1195766,12,,,1,100,,1195761,12,,,1,100,,1195765,12,,,1,100,,1195762,12,,,1,100,,1195767,12,,,1,100,,1195770,12,,,1,100,,1195764,12,,,1,100,,1195768,12,,,1,100,,1195763,12,,,1,100,,1195772,12,,,1
18901,'5',510,,1195792,12,,,1,43,,1195791,12,,,1,71,,1195780,12,,,1,30,,1195779,12,,,1,70,,1195797,12,,,1,76,,1195796,12,,,1,30,,1024269,12,,,1,29,,1195790,12,,,1,65,,1195802,12,,,1,30,,1195776,12,,,1,70,,1195782,12,,,1,31,,1195785,12,,,1,70,,1095169,12,,,1,30,,1195795,12,,,1,70,,1092131,12,,,1,30,,1195804,12,,,1,70,,1195798,12,,,1,30,,1195801,12,,,1,72,,1195784,12,,,1,104,,1195777,12,,,1,70,,1195799,12,,,1,30,,1195788,12,,,1,70,,1195778,12,,,1,30,,1195787,12,,,1,70,,1195773,12,,,1,29,,1195781,12,,,1,25,,1004133,12,,,1,70,,1195803,12,,,1,30,,1195775,12,,,1,70,,1195783,12,,,1,30,,1195789,12,,,1,70,,1195786,12,,,1,31,,1029287,12,,,1,69,,1195794,12,,,1,30,,1195793,12,,,1,70,,1195805,12,,,1,25,,1195774,12,,,1,95,,1195800,12,,,1
18901,'6',510,,1195831,12,,,1,43,,1195834,12,,,1,71,,1195826,12,,,1,30,,1195824,12,,,1,70,,1195810,12,,,1,76,,1195827,12,,,1,30,,1035058,12,,,1,29,,1195822,12,,,1,65,,1023188,12,,,1,30,,1195811,12,,,1,70,,1195813,12,,,1,31,,1195833,12,,,1,70,,1195828,12,,,1,30,,1195809,12,,,1,70,,1195817,12,,,1,30,,1195829,12,,,1,70,,1195815,12,,,1,30,,1084821,12,,,1,72,,1195818,12,,,1,104,,1062709,12,,,1,70,,1195806,12,,,1,30,,1195808,12,,,1,70,,1195820,12,,,1,30,,1195830,12,,,1,70,,1027714,12,,,1,29,,1195825,12,,,1,25,,1195832,12,,,1,70,,1195823,12,,,1,30,,1083707,12,,,1,70,,1195807,12,,,1,30,,1195836,12,,,1,70,,1195835,12,,,1,31,,1195814,12,,,1,69,,1195812,12,,,1,30,,1195816,12,,,1,70,,1096867,12,,,1,25,,1195819,12,,,1,95,,1195821,12,,,1
18901,'7',636,,1195843,12,,,1,100,,1195842,12,,,1,100,,1195847,12,,,1,100,,1195845,12,,,1,100,,1195838,12,,,1,100,,1195837,12,,,1,100,,1195848,12,,,1,100,,1195841,12,,,1,100,,1195839,12,,,1,100,,1195849,12,,,1,100,,1195840,12,,,1,100,,1195846,12,,,1,100,,1195844,12,,,1
18901,'8',510,,1195881,12,,,1,43,,1195884,12,,,1,71,,1195876,12,,,1,30,,1195874,12,,,1,70,,1195857,12,,,1,76,,1195877,12,,,1,30,,1195856,12,,,1,29,,1195872,12,,,1,65,,1195858,12,,,1,30,,1195859,12,,,1,70,,1195863,12,,,1,31,,1195883,12,,,1,70,,1195878,12,,,1,30,,1195853,12,,,1,70,,1195867,12,,,1,30,,1195879,12,,,1,70,,1195865,12,,,1,30,,1195860,12,,,1,72,,1195868,12,,,1,104,,1195854,12,,,1,70,,1195850,12,,,1,30,,1195852,12,,,1,70,,1195870,12,,,1,30,,1195880,12,,,1,70,,1195887,12,,,1,29,,1195875,12,,,1,25,,1195882,12,,,1,70,,1195873,12,,,1,30,,1195862,12,,,1,70,,1195851,12,,,1,30,,1195886,12,,,1,70,,1195885,12,,,1,31,,1195864,12,,,1,69,,1195861,12,,,1,30,,1195866,12,,,1,70,,1195855,12,,,1,25,,1195869,12,,,1,95,,1195871,12,,,1
18901,'9',510,,1195907,12,,,1,43,,1195906,12,,,1,71,,1195895,12,,,1,30,,1195894,12,,,1,70,,1195912,12,,,1,76,,1195911,12,,,1,30,,1024491,12,,,1,29,,1195905,12,,,1,65,,1195917,12,,,1,30,,1195891,12,,,1,70,,1195897,12,,,1,31,,1195900,12,,,1,70,,1095045,12,,,1,30,,1195910,12,,,1,70,,1092057,12,,,1,30,,1195919,12,,,1,70,,1195913,12,,,1,30,,1195916,12,,,1,72,,1195899,12,,,1,104,,1195892,12,,,1,70,,1195914,12,,,1,30,,1195903,12,,,1,70,,1195893,12,,,1,30,,1195902,12,,,1,70,,1195888,12,,,1,29,,1195896,12,,,1,25,,1004413,12,,,1,70,,1195918,12,,,1,30,,1195890,12,,,1,70,,1195898,12,,,1,30,,1195904,12,,,1,70,,1195901,12,,,1,31,,1029490,12,,,1,69,,1195909,12,,,1,30,,1195908,12,,,1,70,,1195920,12,,,1,25,,1195889,12,,,1,95,,1195915,12,,,1
