5300,'1',552,,1075543,34,,,1,70,,1147537,34,,,1,15,,1147514,34,,,1,16,,1147507,34,,,1,55,,1095636,34,,,1,15,,1147517,34,,,1,15,,1147528,34,,,1,19,,1147542,34,,,1,54,,1147545,34,,,1,17,,1147520,34,,,1,15,,1147508,34,,,1,16,,1147526,34,,,1,51,,1147510,34,,,1,20,,1147546,34,,,1,26,,1147509,34,,,1,70,,1147530,34,,,1,32,,1147535,34,,,1,71,,1147544,34,,,1,30,,1147523,34,,,1,70,,1147515,34,,,1,29,,1054571,34,,,1,71,,1055890,34,,,1,30,,1147506,34,,,1,72,,1147534,34,,,1,69,,1147513,34,,,1,28,,1147518,34,,,1,15,,1147527,34,,,1,16,,1147540,34,,,1,56,,1147539,34,,,1,16,,1147512,34,,,1,12,,1147541,34,,,1,15,,1147529,34,,,1,54,,1147543,34,,,1,20,,1147516,34,,,1,14,,1092160,34,,,1,55,,1147532,34,,,1,13,,1076659,34,,,1,14,,1147505,34,,,1,19,,1147521,34,,,1,60,,1084468,34,,,1,28,,1147522,34,,,1,71,,1147511,34,,,1,28,,1147525,34,,,1,70,,1062600,34,,,1,26,,1147519,34,,,1,29,,1147531,34,,,1,70,,1147524,34,,,1,100,,1147536,34,,,1,97,,1147533,34,,,1
5300,'10',552,,1075207,34,,,1,70,,1147579,34,,,1,15,,1147556,34,,,1,16,,1147549,34,,,1,55,,1095402,34,,,1,15,,1147559,34,,,1,15,,1147570,34,,,1,19,,1147584,34,,,1,54,,1147587,34,,,1,17,,1147562,34,,,1,15,,1147550,34,,,1,16,,1147568,34,,,1,51,,1147552,34,,,1,20,,1147588,34,,,1,26,,1147551,34,,,1,70,,1147572,34,,,1,32,,1147577,34,,,1,71,,1147586,34,,,1,30,,1147565,34,,,1,70,,1147557,34,,,1,29,,1054623,34,,,1,71,,1055983,34,,,1,30,,1147548,34,,,1,72,,1147576,34,,,1,69,,1147555,34,,,1,28,,1147560,34,,,1,15,,1147569,34,,,1,16,,1147582,34,,,1,56,,1147581,34,,,1,16,,1147554,34,,,1,12,,1147583,34,,,1,15,,1147571,34,,,1,54,,1147585,34,,,1,20,,1147558,34,,,1,14,,1091999,34,,,1,55,,1147574,34,,,1,13,,1076453,34,,,1,14,,1147547,34,,,1,19,,1147563,34,,,1,60,,1084284,34,,,1,28,,1147564,34,,,1,71,,1147553,34,,,1,28,,1147567,34,,,1,70,,1062290,34,,,1,26,,1147561,34,,,1,29,,1147573,34,,,1,70,,1147566,34,,,1,100,,1147578,34,,,1,97,,1147575,34,,,1
5300,'11',552,,1075635,34,,,1,70,,1147621,34,,,1,15,,1147598,34,,,1,16,,1147591,34,,,1,55,,1095709,34,,,1,15,,1147601,34,,,1,15,,1147612,34,,,1,19,,1147626,34,,,1,54,,1147629,34,,,1,17,,1147604,34,,,1,15,,1147592,34,,,1,16,,1147610,34,,,1,51,,1147594,34,,,1,20,,1147630,34,,,1,26,,1147593,34,,,1,70,,1147614,34,,,1,32,,1147619,34,,,1,71,,1147628,34,,,1,30,,1147607,34,,,1,70,,1147599,34,,,1,29,,1054556,34,,,1,71,,1055861,34,,,1,30,,1147590,34,,,1,72,,1147618,34,,,1,69,,1147597,34,,,1,28,,1147602,34,,,1,15,,1147611,34,,,1,16,,1147624,34,,,1,56,,1147623,34,,,1,16,,1147596,34,,,1,12,,1147625,34,,,1,15,,1147613,34,,,1,54,,1147627,34,,,1,20,,1147600,34,,,1,14,,1092205,34,,,1,55,,1147616,34,,,1,13,,1076723,34,,,1,14,,1147589,34,,,1,19,,1147605,34,,,1,60,,1084524,34,,,1,28,,1147606,34,,,1,71,,1147595,34,,,1,28,,1147609,34,,,1,70,,1062678,34,,,1,26,,1147603,34,,,1,29,,1147615,34,,,1,70,,1147608,34,,,1,100,,1147620,34,,,1,97,,1147617,34,,,1
5300,'12',552,,1147647,34,,,1,70,,1147658,34,,,1,15,,1147671,34,,,1,16,,1096729,34,,,1,55,,1147649,34,,,1,15,,1147674,34,,,1,15,,1147673,34,,,1,19,,1147664,34,,,1,54,,1147667,34,,,1,17,,1147653,34,,,1,15,,1147645,34,,,1,16,,1147638,34,,,1,51,,1147640,34,,,1,20,,1147642,34,,,1,26,,1147665,34,,,1,70,,1147661,34,,,1,32,,1070870,34,,,1,71,,1147669,34,,,1,30,,1147662,34,,,1,70,,1147632,34,,,1,29,,1147648,34,,,1,71,,1038818,34,,,1,30,,938929,34,,,1,72,,1147652,34,,,1,69,,1147633,34,,,1,28,,1147644,34,,,1,15,,1147637,34,,,1,16,,1147639,34,,,1,56,,1147654,34,,,1,16,,1147655,34,,,1,12,,1147668,34,,,1,15,,1147631,34,,,1,54,,1147672,34,,,1,20,,1147656,34,,,1,14,,1147676,34,,,1,55,,1147636,34,,,1,13,,1147635,34,,,1,14,,1147641,34,,,1,19,,1147651,34,,,1,60,,1147675,34,,,1,28,,1147663,34,,,1,71,,1147634,34,,,1,28,,1147660,34,,,1,70,,1147670,34,,,1,26,,1147643,34,,,1,29,,1147650,34,,,1,70,,1147657,34,,,1,100,,1147646,34,,,1,97,,1147659,34,,,1
5300,'13',645,,1147698,34,,,1,100,,1147693,34,,,1,100,,1147700,34,,,1,70,,1088534,34,,,1,30,,1147692,34,,,1,68,,1147701,34,,,1,31,,1147684,34,,,1,70,,1147703,34,,,1,30,,1147696,34,,,1,70,,1147699,34,,,1,31,,1147704,34,,,1,70,,1147682,34,,,1,30,,1094030,34,,,1,70,,1147689,34,,,1,30,,1147702,34,,,1,70,,1147686,34,,,1,30,,1072542,34,,,1,70,,1147679,34,,,1,29,,1147695,34,,,1,70,,1147685,34,,,1,30,,1147677,34,,,1,70,,1147680,34,,,1,30,,1147678,34,,,1,70,,1147683,34,,,1,29,,1147687,34,,,1,70,,1147705,34,,,1,30,,1147691,34,,,1,70,,1147690,34,,,1,30,,1147697,34,,,1,70,,1147681,34,,,1,39,,1147694,34,,,1
5300,'14',552,,1147718,34,,,1,70,,1147743,34,,,1,15,,1147719,34,,,1,16,,1147709,34,,,1,55,,1147749,34,,,1,15,,1147722,34,,,1,15,,1147734,34,,,1,19,,1147748,34,,,1,54,,1147752,34,,,1,17,,1147726,34,,,1,15,,1147711,34,,,1,16,,1147732,34,,,1,51,,1147713,34,,,1,20,,1147755,34,,,1,26,,1147712,34,,,1,70,,1147736,34,,,1,32,,1147741,34,,,1,71,,1147751,34,,,1,30,,1147729,34,,,1,70,,1147720,34,,,1,29,,1147707,34,,,1,71,,1147723,34,,,1,30,,1147708,34,,,1,72,,1147740,34,,,1,69,,1147717,34,,,1,28,,1147724,34,,,1,15,,1147733,34,,,1,16,,1147746,34,,,1,56,,1147745,34,,,1,16,,1147716,34,,,1,12,,1147747,34,,,1,15,,1147735,34,,,1,54,,1147750,34,,,1,20,,1147721,34,,,1,14,,1147710,34,,,1,55,,1147738,34,,,1,13,,1147754,34,,,1,14,,1147706,34,,,1,19,,1147727,34,,,1,60,,1147753,34,,,1,28,,1147728,34,,,1,71,,1147715,34,,,1,28,,1147731,34,,,1,70,,1147714,34,,,1,26,,1147725,34,,,1,29,,1147737,34,,,1,70,,1147730,34,,,1,100,,1147742,34,,,1,97,,1147739,34,,,1
5300,'15',552,,1147779,34,,,1,70,,1147793,34,,,1,15,,1147801,34,,,1,16,,1147776,34,,,1,55,,1147757,34,,,1,15,,1147791,34,,,1,15,,1147758,34,,,1,19,,1147775,34,,,1,54,,1147763,34,,,1,17,,1147770,34,,,1,15,,1147797,34,,,1,16,,1147762,34,,,1,51,,1147786,34,,,1,20,,1147794,34,,,1,26,,1147788,34,,,1,70,,1147781,34,,,1,32,,1147772,34,,,1,71,,1147798,34,,,1,30,,1147783,34,,,1,70,,1147759,34,,,1,29,,1147768,34,,,1,71,,1147765,34,,,1,30,,1147764,34,,,1,72,,1147796,34,,,1,69,,1147785,34,,,1,28,,1147767,34,,,1,15,,1147773,34,,,1,16,,1147766,34,,,1,56,,1147804,34,,,1,16,,1147803,34,,,1,12,,1147777,34,,,1,15,,1147787,34,,,1,54,,1147778,34,,,1,20,,1147784,34,,,1,14,,1147780,34,,,1,55,,1147756,34,,,1,13,,1147760,34,,,1,14,,1147800,34,,,1,19,,1147771,34,,,1,60,,1147769,34,,,1,28,,1147782,34,,,1,71,,1147792,34,,,1,28,,1147789,34,,,1,70,,1147795,34,,,1,26,,1147790,34,,,1,29,,1147799,34,,,1,70,,1147774,34,,,1,100,,1147761,34,,,1,97,,1147805,34,,,1
5300,'16',552,,1147821,34,,,1,70,,1147833,34,,,1,15,,1147845,34,,,1,16,,1147844,34,,,1,55,,1147823,34,,,1,15,,1147847,34,,,1,15,,1147846,34,,,1,19,,1147839,34,,,1,54,,1028682,34,,,1,17,,1147828,34,,,1,15,,1147819,34,,,1,16,,944949,34,,,1,51,,1147813,34,,,1,20,,1147815,34,,,1,26,,1147840,34,,,1,70,,1147836,34,,,1,32,,1147826,34,,,1,71,,1147843,34,,,1,30,,1147837,34,,,1,70,,1091319,34,,,1,29,,1147822,34,,,1,71,,1147816,34,,,1,30,,1147842,34,,,1,72,,1147827,34,,,1,69,,1147807,34,,,1,28,,1147818,34,,,1,15,,1147811,34,,,1,16,,1147812,34,,,1,56,,1147829,34,,,1,16,,1147830,34,,,1,12,,1029645,34,,,1,15,,1147806,34,,,1,54,,1064946,34,,,1,20,,1147831,34,,,1,14,,1100998,34,,,1,55,,1147810,34,,,1,13,,1147809,34,,,1,14,,1147814,34,,,1,19,,1147825,34,,,1,60,,1147848,34,,,1,28,,1147838,34,,,1,71,,1147808,34,,,1,28,,1147835,34,,,1,70,,1065170,34,,,1,26,,1147817,34,,,1,29,,1147824,34,,,1,70,,1147832,34,,,1,100,,1147820,34,,,1,97,,1147834,34,,,1
5300,'17',645,,1147873,34,,,1,100,,1147868,34,,,1,100,,1147875,34,,,1,70,,1147849,34,,,1,30,,1147867,34,,,1,68,,1147876,34,,,1,31,,1147859,34,,,1,70,,1147878,34,,,1,30,,1147871,34,,,1,70,,1147874,34,,,1,31,,1147879,34,,,1,70,,1147857,34,,,1,30,,1147856,34,,,1,70,,1147864,34,,,1,30,,1147877,34,,,1,70,,1147861,34,,,1,30,,1147853,34,,,1,70,,1147852,34,,,1,29,,1147870,34,,,1,70,,1147860,34,,,1,30,,1147850,34,,,1,70,,1147854,34,,,1,30,,1147851,34,,,1,70,,1147858,34,,,1,29,,1147862,34,,,1,70,,1147880,34,,,1,30,,1147866,34,,,1,70,,1147865,34,,,1,30,,1147872,34,,,1,70,,1147855,34,,,1,39,,1147869,34,,,1
5300,'2',559,,1147896,34,,,1,80,,1147897,34,,,1,70,,1147909,34,,,1,30,,1147892,34,,,1,70,,1147894,34,,,1,30,,1147904,34,,,1,70,,1147890,34,,,1,30,,1147895,34,,,1,70,,1147908,34,,,1,31,,1147902,34,,,1,70,,1147899,34,,,1,30,,1147886,34,,,1,70,,1147900,34,,,1,31,,1147881,34,,,1,70,,1147887,34,,,1,30,,1147910,34,,,1,70,,1147888,34,,,1,30,,1147907,34,,,1,70,,1068975,34,,,1,30,,1147891,34,,,1,70,,1147906,34,,,1,29,,1147903,34,,,1,70,,1096586,34,,,1,30,,1147893,34,,,1,70,,1147884,34,,,1,30,,1147901,34,,,1,70,,1147889,34,,,1,29,,1080905,34,,,1,70,,1091747,34,,,1,30,,1147905,34,,,1,76,,1147898,34,,,1,30,,1011584,34,,,1,70,,1147883,34,,,1,30,,1147885,34,,,1,100,,1147882,34,,,1
5300,'3',645,,1147935,34,,,1,100,,1147930,34,,,1,100,,1147937,34,,,1,70,,1147911,34,,,1,30,,1147929,34,,,1,68,,1147938,34,,,1,31,,1147921,34,,,1,70,,1147940,34,,,1,30,,1147933,34,,,1,70,,1147936,34,,,1,31,,1147941,34,,,1,70,,1147919,34,,,1,30,,1147918,34,,,1,70,,1147926,34,,,1,30,,1147939,34,,,1,70,,1147923,34,,,1,30,,1147915,34,,,1,70,,1147914,34,,,1,29,,1147932,34,,,1,70,,1147922,34,,,1,30,,1147912,34,,,1,70,,1147916,34,,,1,30,,1147913,34,,,1,70,,1147920,34,,,1,29,,1147924,34,,,1,70,,1147942,34,,,1,30,,1147928,34,,,1,70,,1147927,34,,,1,30,,1147934,34,,,1,70,,1147917,34,,,1,39,,1147931,34,,,1
5300,'4',645,,1147953,34,,,1,100,,1147959,34,,,1,100,,1147954,34,,,1,70,,1147951,34,,,1,30,,1098664,34,,,1,68,,1147950,34,,,1,31,,1147969,34,,,1,70,,1147967,34,,,1,30,,1147949,34,,,1,70,,1076925,34,,,1,31,,1147957,34,,,1,70,,1147965,34,,,1,30,,1076214,34,,,1,70,,1147964,34,,,1,30,,1147947,34,,,1,70,,1147956,34,,,1,30,,1147955,34,,,1,70,,1147946,34,,,1,29,,1012580,34,,,1,70,,1147952,34,,,1,30,,1147943,34,,,1,70,,1147961,34,,,1,30,,1147960,34,,,1,70,,1147968,34,,,1,29,,1147944,34,,,1,70,,1147945,34,,,1,30,,1147963,34,,,1,70,,1063487,34,,,1,30,,1147958,34,,,1,70,,1147948,34,,,1,39,,1147966,34,,,1
5300,'5',552,,1075501,34,,,1,70,,1148002,34,,,1,15,,1147979,34,,,1,16,,1147972,34,,,1,55,,1095589,34,,,1,15,,1147982,34,,,1,15,,1147993,34,,,1,19,,1148007,34,,,1,54,,1148010,34,,,1,17,,1147985,34,,,1,15,,1147973,34,,,1,16,,1147991,34,,,1,51,,1147975,34,,,1,20,,1148011,34,,,1,26,,1147974,34,,,1,70,,1147995,34,,,1,32,,1148000,34,,,1,71,,1148009,34,,,1,30,,1147988,34,,,1,70,,1147980,34,,,1,29,,1054487,34,,,1,71,,1055719,34,,,1,30,,1147971,34,,,1,72,,1147999,34,,,1,69,,1147978,34,,,1,28,,1147983,34,,,1,15,,1147992,34,,,1,16,,1148005,34,,,1,56,,1148004,34,,,1,16,,1147977,34,,,1,12,,1148006,34,,,1,15,,1147994,34,,,1,54,,1148008,34,,,1,20,,1147981,34,,,1,14,,1092127,34,,,1,55,,1147997,34,,,1,13,,1076619,34,,,1,14,,1147970,34,,,1,19,,1147986,34,,,1,60,,1084435,34,,,1,28,,1147987,34,,,1,71,,1147976,34,,,1,28,,1147990,34,,,1,70,,1062561,34,,,1,26,,1147984,34,,,1,29,,1147996,34,,,1,70,,1147989,34,,,1,100,,1148001,34,,,1,97,,1147998,34,,,1
5300,'6',552,,1148023,34,,,1,70,,1148035,34,,,1,15,,1082040,34,,,1,16,,1148048,34,,,1,55,,1148025,34,,,1,15,,1148051,34,,,1,15,,1148050,34,,,1,19,,1148041,34,,,1,54,,1148045,34,,,1,17,,1148030,34,,,1,15,,1148021,34,,,1,16,,1148016,34,,,1,51,,1088300,34,,,1,20,,1088951,34,,,1,26,,1148042,34,,,1,70,,1148038,34,,,1,32,,1148028,34,,,1,71,,1010398,34,,,1,30,,1148039,34,,,1,70,,1148012,34,,,1,29,,1148024,34,,,1,71,,1148018,34,,,1,30,,1148044,34,,,1,72,,1148029,34,,,1,69,,1023555,34,,,1,28,,1148020,34,,,1,15,,1148015,34,,,1,16,,1148017,34,,,1,56,,1148031,34,,,1,16,,1148032,34,,,1,12,,1148046,34,,,1,15,,1103283,34,,,1,54,,1148049,34,,,1,20,,1148033,34,,,1,14,,1148052,34,,,1,55,,1148014,34,,,1,13,,1094669,34,,,1,14,,1092515,34,,,1,19,,1148027,34,,,1,60,,1090567,34,,,1,28,,1148040,34,,,1,71,,1148013,34,,,1,28,,1148037,34,,,1,70,,1148047,34,,,1,26,,1148019,34,,,1,29,,1148026,34,,,1,70,,1148034,34,,,1,100,,1148022,34,,,1,97,,1148036,34,,,1
5300,'7',559,,1148085,34,,,1,80,,1148087,34,,,1,70,,1148081,34,,,1,30,,1148057,34,,,1,70,,1148078,34,,,1,30,,1148071,34,,,1,70,,1148065,34,,,1,30,,1148059,34,,,1,70,,1148076,34,,,1,31,,1148083,34,,,1,70,,1148075,34,,,1,30,,1148073,34,,,1,70,,1148070,34,,,1,31,,1148061,34,,,1,70,,1148054,34,,,1,30,,1148080,34,,,1,70,,1148069,34,,,1,30,,1148055,34,,,1,70,,1148056,34,,,1,30,,1148062,34,,,1,70,,1148077,34,,,1,29,,1148082,34,,,1,70,,1148068,34,,,1,30,,1148072,34,,,1,70,,1148086,34,,,1,30,,1148063,34,,,1,70,,1148074,34,,,1,29,,1148064,34,,,1,70,,1148084,34,,,1,30,,1148060,34,,,1,76,,1148053,34,,,1,30,,1148079,34,,,1,70,,1148066,34,,,1,30,,1148058,34,,,1,100,,1148067,34,,,1
5300,'8',552,,1148105,34,,,1,70,,1148117,34,,,1,15,,1148132,34,,,1,16,,1148131,34,,,1,55,,1148107,34,,,1,15,,1148135,34,,,1,15,,1148134,34,,,1,19,,1148123,34,,,1,54,,1148127,34,,,1,17,,1148112,34,,,1,15,,1148103,34,,,1,16,,1148095,34,,,1,51,,1148097,34,,,1,20,,1148099,34,,,1,26,,1148124,34,,,1,70,,1148120,34,,,1,32,,1148110,34,,,1,71,,1148129,34,,,1,30,,1148121,34,,,1,70,,1148089,34,,,1,29,,1148106,34,,,1,71,,1148100,34,,,1,30,,1148126,34,,,1,72,,1148111,34,,,1,69,,1148090,34,,,1,28,,1148102,34,,,1,15,,1148094,34,,,1,16,,1148096,34,,,1,56,,1148113,34,,,1,16,,1148114,34,,,1,12,,1148128,34,,,1,15,,1148088,34,,,1,54,,1148133,34,,,1,20,,1148115,34,,,1,14,,1148137,34,,,1,55,,1148093,34,,,1,13,,1148092,34,,,1,14,,1148098,34,,,1,19,,1148109,34,,,1,60,,1148136,34,,,1,28,,1148122,34,,,1,71,,1148091,34,,,1,28,,1148119,34,,,1,70,,1148130,34,,,1,26,,1148101,34,,,1,29,,1148108,34,,,1,70,,1148116,34,,,1,100,,1148104,34,,,1,97,,1148118,34,,,1
5300,'9',552,,1075305,34,,,1,70,,1148170,34,,,1,15,,1148147,34,,,1,16,,1148140,34,,,1,55,,1095477,34,,,1,15,,1148150,34,,,1,15,,1148161,34,,,1,19,,1148175,34,,,1,54,,1148178,34,,,1,17,,1148153,34,,,1,15,,1148141,34,,,1,16,,1148159,34,,,1,51,,1148143,34,,,1,20,,1148179,34,,,1,26,,1148142,34,,,1,70,,1148163,34,,,1,32,,1148168,34,,,1,71,,1148177,34,,,1,30,,1148156,34,,,1,70,,1148148,34,,,1,29,,1054586,34,,,1,71,,1055919,34,,,1,30,,1148139,34,,,1,72,,1148167,34,,,1,69,,1148146,34,,,1,28,,1148151,34,,,1,15,,1148160,34,,,1,16,,1148173,34,,,1,56,,1148172,34,,,1,16,,1148145,34,,,1,12,,1148174,34,,,1,15,,1148162,34,,,1,54,,1148176,34,,,1,20,,1148149,34,,,1,14,,1092053,34,,,1,55,,1148165,34,,,1,13,,1076519,34,,,1,14,,1148138,34,,,1,19,,1148154,34,,,1,60,,1084345,34,,,1,28,,1148155,34,,,1,71,,1148144,34,,,1,28,,1148158,34,,,1,70,,1062389,34,,,1,26,,1148152,34,,,1,29,,1148164,34,,,1,70,,1148157,34,,,1,100,,1148169,34,,,1,97,,1148166,34,,,1
