3301,'1',635,,1129569,5,,,1,70,,1103468,5,,,1,18,,1129567,2,0,23 30,1,5,,1129573,5,,,1,30,,1129560,5,,,1,71,,1045531,5,,,1,30,,1129553,5,,,1,75,,1129561,2,,,1,70,,1094396,2,,,1,30,,1129554,2,,,1,70,,1129558,2,,,1,30,,1129574,2,,,1,70,,1129571,2,,,1,30,,1129566,2,,,1,70,,1129568,2,,,1,30,,1129559,2,,,1,70,,1129576,2,,,1,34,,1129577,2,,,1,66,,1129575,2,,,1,30,,1129570,2,,,1,66,,1129580,5,,,1,30,,1129564,5,,,1,70,,1129556,5,,,1,31,,1129555,5,,,1,77,,1129562,5,,,1,30,,1129578,5,,,1,70,,1129557,5,,,1,29,,1129565,5,,,1,70,,1129563,5,,,1,30,,1075932,5,,,1,76,,1086045,5,,,1,30,,1129552,5,,,1,100,,1129579,5,,,1,101,,1129572,5,,,1
3301,'10',635,,1129598,5,,,1,70,,1103456,5,,,1,18,,1129596,2,0,23 30,1,5,,1129602,5,,,1,30,,1129589,5,,,1,71,,1045694,5,,,1,30,,1129582,5,,,1,75,,1129590,2,,,1,70,,1094360,2,,,1,30,,1129583,2,,,1,70,,1129587,2,,,1,30,,1129603,2,,,1,70,,1129600,2,,,1,30,,1129595,2,,,1,70,,1129597,2,,,1,30,,1129588,2,,,1,70,,1129605,2,,,1,34,,1129606,2,,,1,66,,1129604,2,,,1,30,,1129599,2,,,1,66,,1129609,5,,,1,30,,1129593,5,,,1,70,,1129585,5,,,1,31,,1129584,5,,,1,77,,1129591,5,,,1,30,,1129607,5,,,1,70,,1129586,5,,,1,29,,1129594,5,,,1,70,,1129592,5,,,1,30,,1075707,5,,,1,76,,1085761,5,,,1,30,,1129581,5,,,1,100,,1129608,5,,,1,101,,1129601,5,,,1
3301,'11',635,,1129627,5,,,1,70,,1103472,5,,,1,18,,1129625,2,0,23 30,1,5,,1129631,5,,,1,30,,1129618,5,,,1,71,,1045482,5,,,1,30,,1129611,5,,,1,75,,1129619,2,,,1,70,,1094408,2,,,1,30,,1129612,2,,,1,70,,1129616,2,,,1,30,,1129632,2,,,1,70,,1129629,2,,,1,30,,1129624,2,,,1,70,,1129626,2,,,1,30,,1129617,2,,,1,70,,1129634,2,,,1,34,,1129635,2,,,1,66,,1129633,2,,,1,30,,1129628,2,,,1,66,,1129638,5,,,1,30,,1129622,5,,,1,70,,1129614,5,,,1,31,,1129613,5,,,1,77,,1129620,5,,,1,30,,1129636,5,,,1,70,,1129615,5,,,1,29,,1129623,5,,,1,70,,1129621,5,,,1,30,,1076002,5,,,1,76,,1086127,5,,,1,30,,1129610,5,,,1,100,,1129637,5,,,1,101,,1129630,5,,,1
3301,'12',635,,1129652,5,,,1,70,,1129662,5,,,1,18,,1067314,2,0,23 30,1,5,,1129665,5,,,1,30,,1129648,5,,,1,71,,1129649,5,,,1,30,,1129660,5,,,1,75,,1129669,2,,,1,70,,1129658,2,,,1,30,,1129645,2,,,1,70,,1016290,2,,,1,30,,1129657,2,,,1,70,,1129670,2,,,1,30,,1129661,2,,,1,70,,1097778,2,,,1,30,,1129659,2,,,1,70,,1129639,2,,,1,34,,1129651,2,,,1,66,,1129667,2,,,1,30,,1129646,2,,,1,66,,1129650,5,,,1,30,,1129656,5,,,1,70,,1129643,5,,,1,31,,1129664,5,,,1,77,,1129653,5,,,1,30,,1129654,5,,,1,70,,1129644,5,,,1,29,,1129642,5,,,1,70,,1129647,5,,,1,30,,1129666,5,,,1,76,,1129640,5,,,1,30,,1129641,5,,,1,100,,1129655,5,,,1,101,,1129668,5,,,1
3301,'13',806,,1129682,2,,,1,100,,1129685,2,,,1,100,,1129691,2,,,1,30,,1095091,2,,,1,70,,1129675,2,,,1,30,,1129686,2,,,1,70,,1129688,2,,,1,30,,1129679,2,,,1,70,,1129677,2,,,1,30,,1129673,2,,,1,70,,1129680,2,,,1,30,,1129672,2,,,1,70,,1097335,2,,,1,30,,1129684,2,,,1,70,,1129678,2,,,1,30,,1129690,2,,,1,70,,1129676,2,,,1,30,,1129687,2,,,1,70,,1129671,2,,,1,30,,1129692,2,,,1,70,,1129674,2,,,1,30,,1129681,2,,,1,100,,1129689,2,,,1,100,,1129683,2,,,1
3301,'14',635,,1129713,5,,,1,70,,1129727,5,,,1,18,,1129711,2,0,23 30,1,5,,1129718,5,,,1,30,,1129704,5,,,1,71,,1129717,5,,,1,30,,1129695,5,,,1,75,,1129705,2,,,1,70,,1129702,2,,,1,30,,1129696,2,,,1,70,,1129701,2,,,1,30,,1129719,2,,,1,70,,1129715,2,,,1,30,,1129710,2,,,1,70,,1129712,2,,,1,30,,1129703,2,,,1,70,,1129721,2,,,1,34,,1129723,2,,,1,66,,1129720,2,,,1,30,,1129714,2,,,1,66,,1129726,5,,,1,30,,1129708,5,,,1,70,,1129698,5,,,1,31,,1129697,5,,,1,77,,1129706,5,,,1,30,,1129724,5,,,1,70,,1129700,5,,,1,29,,1129709,5,,,1,70,,1129707,5,,,1,30,,1129699,5,,,1,76,,1129722,5,,,1,30,,1129694,5,,,1,100,,1129725,5,,,1,101,,1129716,5,,,1
3301,'15',635,,1129742,5,,,1,70,,1129736,5,,,1,18,,1129733,2,0,23 30,1,5,,1129752,5,,,1,30,,1129735,5,,,1,71,,1129734,5,,,1,30,,1129731,5,,,1,75,,1129737,2,,,1,70,,1129757,2,,,1,30,,1129729,2,,,1,70,,1129728,2,,,1,30,,1129741,2,,,1,70,,1129748,2,,,1,30,,1129756,2,,,1,70,,1129730,2,,,1,30,,1129747,2,,,1,70,,1129745,2,,,1,34,,1129762,2,,,1,66,,1129755,2,,,1,30,,1129738,2,,,1,66,,1129749,5,,,1,30,,1129740,5,,,1,70,,1129754,5,,,1,31,,1129739,5,,,1,77,,1129760,5,,,1,30,,1129758,5,,,1,70,,1129746,5,,,1,29,,1129759,5,,,1,70,,1129751,5,,,1,30,,1129732,5,,,1,76,,1129753,5,,,1,30,,1129744,5,,,1,100,,1129761,5,,,1,101,,1129743,5,,,1
3301,'16',635,,1129778,5,,,1,70,,1129788,5,,,1,18,,1129766,2,0,23 30,1,5,,1129791,5,,,1,30,,1129774,5,,,1,71,,1129775,5,,,1,30,,1129786,5,,,1,75,,1129793,2,,,1,70,,1129784,2,,,1,30,,1129771,2,,,1,70,,1129767,2,,,1,30,,1129783,2,,,1,70,,1087611,2,,,1,30,,1129787,2,,,1,70,,1129794,2,,,1,30,,1129785,2,,,1,70,,1129763,2,,,1,34,,1129777,2,,,1,66,,1090918,2,,,1,30,,1129772,2,,,1,66,,1129776,5,,,1,30,,1129782,5,,,1,70,,1129769,5,,,1,31,,1129790,5,,,1,77,,1129779,5,,,1,30,,1129780,5,,,1,70,,1129770,5,,,1,29,,1129768,5,,,1,70,,1129773,5,,,1,30,,1129792,5,,,1,76,,1129764,5,,,1,30,,1129765,5,,,1,100,,1129781,5,,,1,101,,1091651,5,,,1
3301,'17',806,,1129807,2,,,1,100,,1129810,2,,,1,100,,1129816,2,,,1,30,,1129817,2,,,1,70,,1129799,2,,,1,30,,1129811,2,,,1,70,,1129813,2,,,1,30,,1129804,2,,,1,70,,1129802,2,,,1,30,,1129797,2,,,1,70,,1129805,2,,,1,30,,1129796,2,,,1,70,,1129801,2,,,1,30,,1129809,2,,,1,70,,1129803,2,,,1,30,,1129815,2,,,1,70,,1129800,2,,,1,30,,1129812,2,,,1,70,,1129795,2,,,1,30,,1129818,2,,,1,70,,1129798,2,,,1,30,,1129806,2,,,1,100,,1129814,2,,,1,100,,1129808,2,,,1
3301,'2',632,,1129843,2,,,1,100,,1129821,2,,,1,70,,1129832,2,,,1,30,,1129845,2,,,1,70,,1129842,2,,,1,30,,1129829,2,,,1,70,,1093626,2,,,1,30,,1129824,2,,,1,70,,1129841,2,,,1,30,,1129820,2,,,1,70,,1129835,2,,,1,30,,1129840,2,,,1,70,,1129839,2,,,1,30,,1129828,2,,,1,70,,1129833,2,,,1,30,,1129844,2,,,1,70,,1098797,2,,,1,30,,1129826,2,,,1,70,,1129834,2,,,1,30,,1129819,2,,,1,70,,1129837,2,,,1,30,,1129830,2,,,1,70,,1129825,2,,,1,30,,1129836,2,,,1,70,,1129831,2,,,1,30,,1129838,2,,,1,70,,1014858,2,,,1,30,,1129822,2,,,1,70,,1129846,2,,,1,100,,1129823,2,,,1,100,,1129827,2,,,1
3301,'3',806,,1129859,2,,,1,100,,1129862,2,,,1,100,,1129868,2,,,1,30,,1129869,2,,,1,70,,1129851,2,,,1,30,,1129863,2,,,1,70,,1129865,2,,,1,30,,1129856,2,,,1,70,,1129854,2,,,1,30,,1129849,2,,,1,70,,1129857,2,,,1,30,,1129848,2,,,1,70,,1129853,2,,,1,30,,1129861,2,,,1,70,,1129855,2,,,1,30,,1129867,2,,,1,70,,1129852,2,,,1,30,,1129864,2,,,1,70,,1129847,2,,,1,30,,1129870,2,,,1,70,,1129850,2,,,1,30,,1129858,2,,,1,100,,1129866,2,,,1,100,,1129860,2,,,1
3301,'4',806,,1026195,2,,,1,100,,1129885,2,,,1,100,,1129872,2,,,1,30,,1129888,2,,,1,70,,1129874,2,,,1,30,,1129887,2,,,1,70,,1129880,2,,,1,30,,1129875,2,,,1,70,,1129884,2,,,1,30,,1129871,2,,,1,70,,1129890,2,,,1,30,,1129879,2,,,1,70,,1129876,2,,,1,30,,1129891,2,,,1,70,,1129882,2,,,1,30,,1129892,2,,,1,70,,1129878,2,,,1,30,,1129881,2,,,1,70,,1129886,2,,,1,30,,1129873,2,,,1,70,,1129877,2,,,1,30,,1129893,2,,,1,100,,1129889,2,,,1,100,,1129883,2,,,1
3301,'5',635,,1129911,5,,,1,70,,1103464,5,,,1,18,,1129909,2,0,23 30,1,5,,1129915,5,,,1,30,,1129902,5,,,1,71,,1045265,5,,,1,30,,1129895,5,,,1,75,,1129903,2,,,1,70,,1094384,2,,,1,30,,1129896,2,,,1,70,,1129900,2,,,1,30,,1129916,2,,,1,70,,1129913,2,,,1,30,,1129908,2,,,1,70,,1129910,2,,,1,30,,1129901,2,,,1,70,,1129918,2,,,1,34,,1129919,2,,,1,66,,1129917,2,,,1,30,,1129912,2,,,1,66,,1129922,5,,,1,30,,1129906,5,,,1,70,,1129898,5,,,1,31,,1129897,5,,,1,77,,1129904,5,,,1,30,,1129920,5,,,1,70,,1129899,5,,,1,29,,1129907,5,,,1,70,,1129905,5,,,1,30,,1075893,5,,,1,76,,1085994,5,,,1,30,,1129894,5,,,1,100,,1129921,5,,,1,101,,1129914,5,,,1
3301,'6',635,,1129933,5,,,1,70,,1129943,5,,,1,18,,1129923,2,0,23 30,1,5,,1129945,5,,,1,30,,1129929,5,,,1,71,,1129930,5,,,1,30,,1129941,5,,,1,75,,1129949,2,,,1,70,,1129939,2,,,1,30,,1129927,2,,,1,70,,1129924,2,,,1,30,,1129938,2,,,1,70,,1129951,2,,,1,30,,1129942,2,,,1,70,,1129950,2,,,1,30,,1129940,2,,,1,70,,1086474,2,,,1,34,,1129932,2,,,1,66,,1129947,2,,,1,30,,1090595,2,,,1,66,,1129931,5,,,1,30,,1129937,5,,,1,70,,1129925,5,,,1,31,,1092525,5,,,1,77,,1129934,5,,,1,30,,1129935,5,,,1,70,,1129926,5,,,1,29,,1036631,5,,,1,70,,1129928,5,,,1,30,,1129946,5,,,1,76,,1064225,5,,,1,30,,1082942,5,,,1,100,,1129936,5,,,1,101,,1129948,5,,,1
3301,'7',632,,1129973,2,,,1,100,,1129978,2,,,1,70,,1129974,2,,,1,30,,1129957,2,,,1,70,,1129956,2,,,1,30,,1129971,2,,,1,70,,1129972,2,,,1,30,,1129966,2,,,1,70,,1129953,2,,,1,30,,1129959,2,,,1,70,,1129976,2,,,1,30,,1129964,2,,,1,70,,1129962,2,,,1,30,,1129963,2,,,1,70,,1129979,2,,,1,30,,1129970,2,,,1,70,,1129965,2,,,1,30,,1129977,2,,,1,70,,1129981,2,,,1,30,,1129960,2,,,1,70,,1129980,2,,,1,30,,1129954,2,,,1,70,,1129952,2,,,1,30,,1129968,2,,,1,70,,1129958,2,,,1,30,,1129982,2,,,1,70,,1129955,2,,,1,30,,1129969,2,,,1,70,,1129975,2,,,1,100,,1129967,2,,,1,100,,1129961,2,,,1
3301,'8',635,,1129998,5,,,1,70,,1130008,5,,,1,18,,1129986,2,0,23 30,1,5,,1130011,5,,,1,30,,1129994,5,,,1,71,,1129995,5,,,1,30,,1130006,5,,,1,75,,1130015,2,,,1,70,,1130004,2,,,1,30,,1129991,2,,,1,70,,1129987,2,,,1,30,,1130003,2,,,1,70,,1130017,2,,,1,30,,1130007,2,,,1,70,,1130016,2,,,1,30,,1130005,2,,,1,70,,1129983,2,,,1,34,,1129997,2,,,1,66,,1130013,2,,,1,30,,1129992,2,,,1,66,,1129996,5,,,1,30,,1130002,5,,,1,70,,1129989,5,,,1,31,,1130010,5,,,1,77,,1129999,5,,,1,30,,1130000,5,,,1,70,,1129990,5,,,1,29,,1129988,5,,,1,70,,1129993,5,,,1,30,,1130012,5,,,1,76,,1129984,5,,,1,30,,1129985,5,,,1,100,,1130001,5,,,1,101,,1130014,5,,,1
3301,'9',635,,1130035,5,,,1,70,,1103460,5,,,1,18,,1130033,2,0,23 30,1,5,,1130039,5,,,1,30,,1130026,5,,,1,71,,1045580,5,,,1,30,,1130019,5,,,1,75,,1130027,2,,,1,70,,1094372,2,,,1,30,,1130020,2,,,1,70,,1130024,2,,,1,30,,1130040,2,,,1,70,,1130037,2,,,1,30,,1130032,2,,,1,70,,1130034,2,,,1,30,,1130025,2,,,1,70,,1130042,2,,,1,34,,1130043,2,,,1,66,,1130041,2,,,1,30,,1130036,2,,,1,66,,1130046,5,,,1,30,,1130030,5,,,1,70,,1130022,5,,,1,31,,1130021,5,,,1,77,,1130028,5,,,1,30,,1130044,5,,,1,70,,1130023,5,,,1,29,,1130031,5,,,1,70,,1130029,5,,,1,30,,1075774,5,,,1,76,,1085848,5,,,1,30,,1130018,5,,,1,100,,1130045,5,,,1,101,,1130038,5,,,1
23401,'1',1544,,1196814,4,,,1,70,,1196815,4,,,1,30,,1055878,4,,,1,69,,1196812,4,,,1,29,,1041995,4,,,1,70,,1196813,4,,,1,31,,1196811,4,,,1
23401,'10',1544,,1196819,4,,,1,70,,1196820,4,,,1,30,,1055971,4,,,1,69,,1196817,4,,,1,29,,1042107,4,,,1,70,,1196818,4,,,1,31,,1196816,4,,,1
23401,'11',1544,,1196824,4,,,1,70,,1196825,4,,,1,30,,1055849,4,,,1,69,,1196822,4,,,1,29,,1041964,4,,,1,70,,1196823,4,,,1,31,,1196821,4,,,1
23401,'12',1544,,1196828,4,,,1,70,,1196830,4,,,1,30,,1196829,4,,,1,69,,1196827,4,,,1,29,,1196832,4,,,1,70,,1196831,4,,,1,31,,1196826,4,,,1
23401,'14',1544,,1196838,4,,,1,70,,1196839,4,,,1,30,,1196834,4,,,1,69,,1196836,4,,,1,29,,1196833,4,,,1,70,,1196837,4,,,1,31,,1196835,4,,,1
23401,'15',1544,,1196846,4,,,1,70,,1196841,4,,,1,30,,1196840,4,,,1,69,,1196844,4,,,1,29,,1196843,4,,,1,70,,1196845,4,,,1,31,,1196842,4,,,1
23401,'16',1544,,1196848,4,,,1,70,,1196850,4,,,1,30,,1196849,4,,,1,69,,1072366,4,,,1,29,,1196852,4,,,1,70,,1196851,4,,,1,31,,1196847,4,,,1
23401,'5',1544,,1196856,4,,,1,70,,1196857,4,,,1,30,,1055707,4,,,1,69,,1196854,4,,,1,29,,1041795,4,,,1,70,,1196855,4,,,1,31,,1196853,4,,,1
23401,'6',1544,,1196859,4,,,1,70,,1196861,4,,,1,30,,1196860,4,,,1,69,,1196858,4,,,1,29,,1196863,4,,,1,70,,1196862,4,,,1,31,,1093011,4,,,1
23401,'8',1544,,1196866,4,,,1,70,,1196868,4,,,1,30,,1196867,4,,,1,69,,1196865,4,,,1,29,,1196870,4,,,1,70,,1196869,4,,,1,31,,1196864,4,,,1
23401,'9',1544,,1196874,4,,,1,70,,1196875,4,,,1,30,,1055907,4,,,1,69,,1196872,4,,,1,29,,1042026,4,,,1,70,,1196873,4,,,1,31,,1196871,4,,,1
