2600,'1',1529,,1126470,23,,,1
2600,'10',1529,,1126485,23,,,1
2600,'11',1529,,1126500,23,,,1
2600,'12',1529,,1126516,23,,,1
2600,'14',1529,,1126536,23,,,1
2600,'15',1529,,1126547,23,,,1
2600,'16',1529,,1126573,23,,,1
2600,'5',1529,,1126588,23,,,1
2600,'6',1529,,1126605,23,,,1
2600,'8',1529,,1126624,23,,,1
2600,'9',1529,,1126640,23,,,1
2601,'1',602,,1126655,5,0,29,1,102,,1126644,5,0,29,1,31,,1042430,5,0,29,1,71,,1126641,5,0,29,1,9,,1126642,14,,,1,21,,1126648,5,0,29,1,70,,1126650,5,0,29,1,51,,1126646,5,0,29,1,102,,1126643,5,0,29,1,141,,1126654,5,0,29,1,102,,1126645,5,0,29,1,212,,1094162,5,0,29,1,30,,1126652,5,0,29,1,70,,994582,5,0,29,1,30,,1126649,5,0,29,1,70,,1126653,5,0,29,1,29,,1126647,5,0,29,1,70,,1126651,5,0,29,1
2601,'10',602,,1126670,5,0,29,1,102,,1126659,5,0,29,1,31,,1042555,5,0,29,1,71,,1126656,5,0,29,1,9,,1126657,14,,,1,21,,1126663,5,0,29,1,70,,1126665,5,0,29,1,51,,1126661,5,0,29,1,102,,1126658,5,0,29,1,141,,1126669,5,0,29,1,102,,1126660,5,0,29,1,212,,1093942,5,0,29,1,30,,1126667,5,0,29,1,70,,994723,5,0,29,1,30,,1126664,5,0,29,1,70,,1126668,5,0,29,1,29,,1126662,5,0,29,1,70,,1126666,5,0,29,1
2601,'11',602,,1126685,5,0,29,1,102,,1126674,5,0,29,1,31,,1042394,5,0,29,1,71,,1126671,5,0,29,1,9,,1126672,14,,,1,21,,1126678,5,0,29,1,70,,1126680,5,0,29,1,51,,1126676,5,0,29,1,102,,1126673,5,0,29,1,141,,1126684,5,0,29,1,102,,1126675,5,0,29,1,212,,1094225,5,0,29,1,30,,1126682,5,0,29,1,70,,994546,5,0,29,1,30,,1126679,5,0,29,1,70,,1126683,5,0,29,1,29,,1126677,5,0,29,1,70,,1126681,5,0,29,1
2601,'12',602,,1126690,5,0,29,1,102,,1126696,5,0,29,1,31,,1126695,5,0,29,1,71,,1126689,5,0,29,1,9,,1126688,14,,,1,21,,1126692,5,0,29,1,70,,1126694,5,0,29,1,51,,1126691,5,0,29,1,102,,1126687,5,0,29,1,141,,1126700,5,0,29,1,102,,1126698,5,0,29,1,212,,1126699,5,0,29,1,30,,1126686,5,0,29,1,70,,1081912,5,0,29,1,30,,1126701,5,0,29,1,70,,1126693,5,0,29,1,29,,1126697,5,0,29,1,70,,951859,5,0,29,1
2601,'14',602,,1126718,5,0,29,1,102,,1126706,5,0,29,1,31,,1126708,5,0,29,1,71,,1126703,5,0,29,1,9,,1126704,14,,,1,21,,1126711,5,0,29,1,70,,1126713,5,0,29,1,51,,1126709,5,0,29,1,102,,1126705,5,0,29,1,141,,1126717,5,0,29,1,102,,1126707,5,0,29,1,212,,1126719,5,0,29,1,30,,1126715,5,0,29,1,70,,1126702,5,0,29,1,30,,1126712,5,0,29,1,70,,1126716,5,0,29,1,29,,1126710,5,0,29,1,70,,1126714,5,0,29,1
2601,'15',602,,1126733,5,0,29,1,102,,1126722,5,0,29,1,31,,1126724,5,0,29,1,71,,1126721,5,0,29,1,9,,1126734,14,,,1,21,,1126732,5,0,29,1,70,,1126736,5,0,29,1,51,,1126725,5,0,29,1,102,,1126720,5,0,29,1,141,,1126731,5,0,29,1,102,,1126735,5,0,29,1,212,,1126727,5,0,29,1,30,,1126737,5,0,29,1,70,,1126730,5,0,29,1,30,,1126726,5,0,29,1,70,,1126728,5,0,29,1,29,,1126729,5,0,29,1,70,,1126723,5,0,29,1
2601,'16',602,,1126742,5,0,29,1,102,,1126748,5,0,29,1,31,,1126747,5,0,29,1,71,,1126741,5,0,29,1,9,,1126740,14,,,1,21,,1126744,5,0,29,1,70,,1126746,5,0,29,1,51,,1126743,5,0,29,1,102,,1063148,5,0,29,1,141,,1126752,5,0,29,1,102,,1126750,5,0,29,1,212,,1126751,5,0,29,1,30,,1126738,5,0,29,1,70,,1126754,5,0,29,1,30,,1126753,5,0,29,1,70,,1126745,5,0,29,1,29,,1126749,5,0,29,1,70,,1126739,5,0,29,1
2601,'5',602,,1126769,5,0,29,1,102,,1126758,5,0,29,1,31,,1042243,5,0,29,1,71,,1126755,5,0,29,1,9,,1126756,14,,,1,21,,1126762,5,0,29,1,70,,1126764,5,0,29,1,51,,1126760,5,0,29,1,102,,1126757,5,0,29,1,141,,1126768,5,0,29,1,102,,1126759,5,0,29,1,212,,1094123,5,0,29,1,30,,1126766,5,0,29,1,70,,994345,5,0,29,1,30,,1126763,5,0,29,1,70,,1126767,5,0,29,1,29,,1126761,5,0,29,1,70,,1126765,5,0,29,1
2601,'6',602,,1126773,5,0,29,1,102,,1126778,5,0,29,1,31,,1126777,5,0,29,1,71,,1126772,5,0,29,1,9,,1062723,14,,,1,21,,1126775,5,0,29,1,70,,1048282,5,0,29,1,51,,1126774,5,0,29,1,102,,1126770,5,0,29,1,141,,1071459,5,0,29,1,102,,1126780,5,0,29,1,212,,1045319,5,0,29,1,30,,1101651,5,0,29,1,70,,1126781,5,0,29,1,30,,1006655,5,0,29,1,70,,1126776,5,0,29,1,29,,1126779,5,0,29,1,70,,1126771,5,0,29,1
2601,'8',602,,1126787,5,0,29,1,102,,1126793,5,0,29,1,31,,1126792,5,0,29,1,71,,1126786,5,0,29,1,9,,1126785,14,,,1,21,,1126789,5,0,29,1,70,,1126791,5,0,29,1,51,,1126788,5,0,29,1,102,,1126783,5,0,29,1,141,,1126797,5,0,29,1,102,,1126795,5,0,29,1,212,,1126796,5,0,29,1,30,,1126782,5,0,29,1,70,,1126799,5,0,29,1,30,,1126798,5,0,29,1,70,,1126790,5,0,29,1,29,,1126794,5,0,29,1,70,,1126784,5,0,29,1
2601,'9',602,,1126814,5,0,29,1,102,,1126803,5,0,29,1,31,,1042466,5,0,29,1,71,,1126800,5,0,29,1,9,,1126801,14,,,1,21,,1126807,5,0,29,1,70,,1126809,5,0,29,1,51,,1126805,5,0,29,1,102,,1126802,5,0,29,1,141,,1126813,5,0,29,1,102,,1126804,5,0,29,1,212,,1094012,5,0,29,1,30,,1126811,5,0,29,1,70,,994618,5,0,29,1,30,,1126808,5,0,29,1,70,,1126812,5,0,29,1,29,,1126806,5,0,29,1,70,,1126810,5,0,29,1
