27701,'1',1543,,1067383,16,,,1,71,,1068872,16,,,1,31,,1197789,16,,,1,69,,1197788,16,,,1,30,,1197791,16,,,1,69,,1197787,16,,,1,30,,1197790,16,,,1
27701,'10',1543,,1067091,16,,,1,71,,1068727,16,,,1,31,,1197794,16,,,1,69,,1197793,16,,,1,30,,1197796,16,,,1,69,,1197792,16,,,1,30,,1197795,16,,,1
27701,'11',1543,,1067465,16,,,1,71,,1068914,16,,,1,31,,1197799,16,,,1,69,,1197798,16,,,1,30,,1197801,16,,,1,69,,1197797,16,,,1,30,,1197800,16,,,1
27701,'12',1543,,1197804,16,,,1,71,,1197803,16,,,1,31,,1197806,16,,,1,69,,1197802,16,,,1,30,,1027628,16,,,1,69,,1197807,16,,,1,30,,1197805,16,,,1
27701,'14',1543,,1197809,16,,,1,71,,1197808,16,,,1,31,,1197812,16,,,1,69,,1197811,16,,,1,30,,1197814,16,,,1,69,,1197810,16,,,1,30,,1197813,16,,,1
27701,'15',1543,,1197816,16,,,1,71,,1197817,16,,,1,31,,1197818,16,,,1,69,,1197819,16,,,1,30,,1197821,16,,,1,69,,1197815,16,,,1,30,,1197820,16,,,1
27701,'16',1543,,1197825,16,,,1,71,,1197824,16,,,1,31,,1197827,16,,,1,69,,1197823,16,,,1,30,,1197822,16,,,1,69,,1197828,16,,,1,30,,1197826,16,,,1
27701,'5',1543,,1067342,16,,,1,71,,1068852,16,,,1,31,,1197831,16,,,1,69,,1197830,16,,,1,30,,1197833,16,,,1,69,,1197829,16,,,1,30,,1197832,16,,,1
27701,'6',1543,,1197837,16,,,1,71,,1197836,16,,,1,31,,1197839,16,,,1,69,,1197835,16,,,1,30,,1197834,16,,,1,69,,1197840,16,,,1,30,,1197838,16,,,1
27701,'8',1543,,1197844,16,,,1,71,,1197843,16,,,1,31,,1197846,16,,,1,69,,1197842,16,,,1,30,,1197841,16,,,1,69,,1197847,16,,,1,30,,1197845,16,,,1
27701,'9',1543,,1067183,16,,,1,71,,1068770,16,,,1,31,,1197850,16,,,1,69,,1197849,16,,,1,30,,1197852,16,,,1,69,,1197848,16,,,1,30,,1197851,16,,,1
65901,'1',1528,,1199690,14,,,1,7,,1199692,14,,,1,6,,1199689,14,,,1
65901,'10',1528,,1199694,14,,,1,7,,1199696,14,,,1,6,,1199693,14,,,1
65901,'11',1528,,1199698,14,,,1,7,,1199700,14,,,1,6,,1199697,14,,,1
65901,'12',1528,,1199704,14,,,1,7,,1199703,14,,,1,6,,1199705,14,,,1
65901,'14',1528,,1199708,14,,,1,7,,1199710,14,,,1,6,,1199707,14,,,1
65901,'15',1528,,1199714,14,,,1,7,,1199715,14,,,1,6,,1199712,14,,,1
65901,'16',1528,,1199719,14,,,1,7,,1199718,14,,,1,6,,1199720,14,,,1
65901,'5',1528,,1199722,14,,,1,7,,1199724,14,,,1,6,,1199721,14,,,1
65901,'6',1528,,1199727,14,,,1,7,,1199726,14,,,1,6,,1091995,14,,,1
65901,'8',1528,,1199731,14,,,1,7,,1199730,14,,,1,6,,1199732,14,,,1
65901,'9',1528,,1199734,14,,,1,7,,1199736,14,,,1,6,,1199733,14,,,1
