67300,'1',1538,,1200081,23,,,1,8,,1200078,23,,,1,68,,1200080,23,,,1
67300,'10',1538,,1200085,23,,,1,8,,1200082,23,,,1,68,,1200084,23,,,1
67300,'11',1538,,1200089,23,,,1,8,,1200086,23,,,1,68,,1200088,23,,,1
67300,'12',1538,,999238,23,,,1,8,,1200092,23,,,1,68,,1200091,23,,,1
67300,'14',1538,,1200096,23,,,1,8,,1200093,23,,,1,68,,1200095,23,,,1
67300,'15',1538,,1200098,23,,,1,8,,1200100,23,,,1,68,,1200099,23,,,1
67300,'16',1538,,1200104,23,,,1,8,,1200103,23,,,1,68,,1200102,23,,,1
67300,'5',1538,,1200108,23,,,1,8,,1200105,23,,,1,68,,1200107,23,,,1
67300,'6',1538,,1200112,23,,,1,8,,1200111,23,,,1,68,,1200110,23,,,1
67300,'8',1538,,1200116,23,,,1,8,,1200115,23,,,1,68,,1200114,23,,,1
67300,'9',1538,,1200120,23,,,1,8,,1200117,23,,,1,68,,1200119,23,,,1
