4300,'1',912,,1140637,20,,,1,100,,1086682,20,,,1,101,,1140630,20,,,1,100,,999593,20,,,1,102,,1140635,20,,,1,100,,1140629,20,,,1,101,,1140636,20,,,1,33,,1140631,20,,,1,68,,1140640,20,,,1,30,,1140633,20,,,1,70,,1140628,20,,,1,30,,1088799,20,,,1,68,,1091301,20,,,1,100,,1140627,20,,,1,97,,1140638,20,,,1,100,,1140639,20,,,1,98,,1140632,20,,,1,100,,1140634,20,,,1
4300,'10',912,,1140651,20,,,1,100,,1086512,20,,,1,101,,1140644,20,,,1,100,,999753,20,,,1,102,,1140649,20,,,1,100,,1140643,20,,,1,101,,1140650,20,,,1,33,,1140645,20,,,1,68,,1140654,20,,,1,30,,1140647,20,,,1,70,,1140642,20,,,1,30,,1088394,20,,,1,68,,1091024,20,,,1,100,,1140641,20,,,1,97,,1140652,20,,,1,100,,1140653,20,,,1,98,,1140646,20,,,1,100,,1140648,20,,,1
4300,'11',912,,1140665,20,,,1,100,,1086737,20,,,1,101,,1140658,20,,,1,100,,999544,20,,,1,102,,1140663,20,,,1,100,,1140657,20,,,1,101,,1140664,20,,,1,33,,1140659,20,,,1,68,,1140668,20,,,1,30,,1140661,20,,,1,70,,1140656,20,,,1,30,,1088920,20,,,1,68,,1091375,20,,,1,100,,1140655,20,,,1,97,,1140666,20,,,1,100,,1140667,20,,,1,98,,1140660,20,,,1,100,,1140662,20,,,1
4300,'12',912,,1140683,20,,,1,100,,1140677,20,,,1,101,,1140680,20,,,1,100,,1069302,20,,,1,102,,1140682,20,,,1,100,,1140670,20,,,1,101,,1140669,20,,,1,33,,1140679,20,,,1,68,,1140671,20,,,1,30,,1102710,20,,,1,70,,1140672,20,,,1,30,,1140674,20,,,1,68,,1140675,20,,,1,100,,1140676,20,,,1,97,,1084683,20,,,1,100,,1140681,20,,,1,98,,1140678,20,,,1,100,,1140673,20,,,1
4300,'14',912,,1140695,20,,,1,100,,1140687,20,,,1,101,,1140688,20,,,1,100,,1140696,20,,,1,102,,1140693,20,,,1,100,,1140686,20,,,1,101,,1140694,20,,,1,33,,1140689,20,,,1,68,,1140699,20,,,1,30,,1140691,20,,,1,70,,1140685,20,,,1,30,,1140701,20,,,1,68,,1140700,20,,,1,100,,1140684,20,,,1,97,,1140697,20,,,1,100,,1140698,20,,,1,98,,1140690,20,,,1,100,,1140692,20,,,1
4300,'15',912,,1140708,20,,,1,100,,1140712,20,,,1,101,,1140715,20,,,1,100,,1140709,20,,,1,102,,1140710,20,,,1,100,,1140703,20,,,1,101,,1140711,20,,,1,33,,1140714,20,,,1,68,,1140706,20,,,1,30,,1140702,20,,,1,70,,1140713,20,,,1,30,,1140704,20,,,1,68,,1140718,20,,,1,100,,1140717,20,,,1,97,,1140716,20,,,1,100,,1140719,20,,,1,98,,1140705,20,,,1,100,,1140707,20,,,1
4300,'16',912,,1140734,20,,,1,100,,1140728,20,,,1,101,,1140731,20,,,1,100,,1140724,20,,,1,102,,1140733,20,,,1,100,,1140722,20,,,1,101,,1140720,20,,,1,33,,1140730,20,,,1,68,,1140723,20,,,1,30,,1140735,20,,,1,70,,1140725,20,,,1,30,,1140726,20,,,1,68,,1140727,20,,,1,100,,1032427,20,,,1,97,,1140721,20,,,1,100,,1140732,20,,,1,98,,1140729,20,,,1,100,,1098570,20,,,1
4300,'5',912,,1140746,20,,,1,100,,1086656,20,,,1,101,,1140739,20,,,1,100,,999333,20,,,1,102,,1140744,20,,,1,100,,1140738,20,,,1,101,,1140745,20,,,1,33,,1140740,20,,,1,68,,1140749,20,,,1,30,,1140742,20,,,1,70,,1140737,20,,,1,30,,1088735,20,,,1,68,,1091258,20,,,1,100,,1140736,20,,,1,97,,1140747,20,,,1,100,,1140748,20,,,1,98,,1140741,20,,,1,100,,1140743,20,,,1
4300,'6',912,,1140763,20,,,1,100,,1140758,20,,,1,101,,1086177,20,,,1,100,,1140752,20,,,1,102,,1140762,20,,,1,100,,1002450,20,,,1,101,,1045288,20,,,1,33,,1140760,20,,,1,68,,1140751,20,,,1,30,,1140764,20,,,1,70,,1140753,20,,,1,30,,1140755,20,,,1,68,,1140756,20,,,1,100,,1140757,20,,,1,97,,1140750,20,,,1,100,,1140761,20,,,1,98,,1140759,20,,,1,100,,1140754,20,,,1
4300,'8',912,,1140781,20,,,1,100,,1140775,20,,,1,101,,1140778,20,,,1,100,,1140769,20,,,1,102,,1140780,20,,,1,100,,1140767,20,,,1,101,,1140765,20,,,1,33,,1140777,20,,,1,68,,1140768,20,,,1,30,,1140782,20,,,1,70,,1140770,20,,,1,30,,1140772,20,,,1,68,,1140773,20,,,1,100,,1140774,20,,,1,97,,1140766,20,,,1,100,,1140779,20,,,1,98,,1140776,20,,,1,100,,1140771,20,,,1
4300,'9',912,,1140793,20,,,1,100,,1086568,20,,,1,101,,1140786,20,,,1,100,,999642,20,,,1,102,,1140791,20,,,1,100,,1140785,20,,,1,101,,1140792,20,,,1,33,,1140787,20,,,1,68,,1140796,20,,,1,30,,1140789,20,,,1,70,,1140784,20,,,1,30,,1088520,20,,,1,68,,1091108,20,,,1,100,,1140783,20,,,1,97,,1140794,20,,,1,100,,1140795,20,,,1,98,,1140788,20,,,1,100,,1140790,20,,,1
