1101,'1',453,,1114478,10,0,56 57,1,68,,1114464,10,0,56 57,1,33,,1090499,10,0,56 57,1,68,,1114434,10,0,56 57,1,15,,1114458,10,0,56 57,1,19,,1037703,10,0,56 57,1,56,,1114444,10,0,56 57,1,18,,1114449,10,0,56 57,1,17,,1114433,10,,,1,60,,1074518,10,0,56 57,1,20,,1114439,10,,,1,16,,1114459,10,0,56 57,1,61,,1114448,10,,,1,15,,1114461,10,0,56 57,1,15,,1114475,10,,,1,11,,1114428,10,0,56 57,1,55,,1079127,10,,,1,8,,1114460,10,,,1,14,,1114432,10,0,56 57,1,14,,1102945,10,0,56 57,1,15,,1114469,10,,,1,54,,1114470,10,0,56 57,1,17,,1114465,10,,,1,15,,1114454,10,0,56 57,1,16,,1114447,10,,,1,58,,1114477,10,0,56 57,1,15,,1114430,10,,,1,17,,1114438,10,0,56 57,1,13,,1114435,10,,,1,54,,1114474,10,0,56 57,1,14,,1114441,10,,,1,15,,1095223,10,0,56 57,1,15,,1073857,10,,,1,56,,1114457,10,0,56 57,1,14,,1027522,10,,,1,16,,1114468,10,0,56 57,1,15,,1114453,10,,,1,58,,1114451,10,0,56 57,1,14,,1114429,10,,,1,15,,1114455,10,0,56 57,1,75,,1114437,10,0,56 57,1,10,,867169,10,,,1,20,,1114436,10,0,56 57,1,54,,1114471,10,,,1,13,,1079572,10,0,56 57,1,16,,1114452,10,,,1,11,,1114463,10,0,56 57,1,15,,1114466,10,,,1,54,,1114462,10,0,56 57,1,15,,1114456,10,0,56 57,1,11,,1114467,10,,,1,16,,1114442,10,,,1,64,,956790,10,,,1,28,,1114440,10,,,1,64,,1114443,10,,,1,26,,1114473,10,0,56 57,1,70,,1114472,10,0,56 57,1,26,,1114431,10,0,56 57,1,26,,1114450,10,0,56 57,1,70,,1114476,10,0,56 57,1,31,,1073225,10,0,56 57,1,70,,1114446,10,0,56 57,1,29,,1114445,10,0,56 57,1,70,,1114427,10,0,56 57,1,31,,1081966,10,0,56 57,1
1101,'10',453,,1114530,10,0,56 57,1,68,,1114516,10,0,56 57,1,33,,1090342,10,0,56 57,1,68,,1114486,10,0,56 57,1,15,,1114510,10,0,56 57,1,19,,1037868,10,0,56 57,1,56,,1114496,10,0,56 57,1,18,,1114501,10,0,56 57,1,17,,1114485,10,,,1,60,,1074371,10,0,56 57,1,20,,1114491,10,,,1,16,,1114511,10,0,56 57,1,61,,1114500,10,,,1,15,,1114513,10,0,56 57,1,15,,1114527,10,,,1,11,,1114480,10,0,56 57,1,55,,1078873,10,,,1,8,,1114512,10,,,1,14,,1114484,10,0,56 57,1,14,,1102939,10,0,56 57,1,15,,1114521,10,,,1,54,,1114522,10,0,56 57,1,17,,1114517,10,,,1,15,,1114506,10,0,56 57,1,16,,1114499,10,,,1,58,,1114529,10,0,56 57,1,15,,1114482,10,,,1,17,,1114490,10,0,56 57,1,13,,1114487,10,,,1,54,,1114526,10,0,56 57,1,14,,1114493,10,,,1,15,,1094977,10,0,56 57,1,15,,1073716,10,,,1,56,,1114509,10,0,56 57,1,14,,1027604,10,,,1,16,,1114520,10,0,56 57,1,15,,1114505,10,,,1,58,,1114503,10,0,56 57,1,14,,1114481,10,,,1,15,,1114507,10,0,56 57,1,75,,1114489,10,0,56 57,1,10,,867234,10,,,1,20,,1114488,10,0,56 57,1,54,,1114523,10,,,1,13,,1079380,10,0,56 57,1,16,,1114504,10,,,1,11,,1114515,10,0,56 57,1,15,,1114518,10,,,1,54,,1114514,10,0,56 57,1,15,,1114508,10,0,56 57,1,11,,1114519,10,,,1,16,,1114494,10,,,1,64,,956527,10,,,1,28,,1114492,10,,,1,64,,1114495,10,,,1,26,,1114525,10,0,56 57,1,70,,1114524,10,0,56 57,1,26,,1114483,10,0,56 57,1,26,,1114502,10,0,56 57,1,70,,1114528,10,0,56 57,1,31,,1073097,10,0,56 57,1,70,,1114498,10,0,56 57,1,29,,1114497,10,0,56 57,1,70,,1114479,10,0,56 57,1,31,,1081806,10,0,56 57,1
1101,'11',453,,1114582,10,0,56 57,1,68,,1114568,10,0,56 57,1,33,,1090542,10,0,56 57,1,68,,1114538,10,0,56 57,1,15,,1114562,10,0,56 57,1,19,,1037654,10,0,56 57,1,56,,1114548,10,0,56 57,1,18,,1114553,10,0,56 57,1,17,,1114537,10,,,1,60,,1074561,10,0,56 57,1,20,,1114543,10,,,1,16,,1114563,10,0,56 57,1,61,,1114552,10,,,1,15,,1114565,10,0,56 57,1,15,,1114579,10,,,1,11,,1114532,10,0,56 57,1,55,,1079207,10,,,1,8,,1114564,10,,,1,14,,1114536,10,0,56 57,1,14,,1102947,10,0,56 57,1,15,,1114573,10,,,1,54,,1114574,10,0,56 57,1,17,,1114569,10,,,1,15,,1114558,10,0,56 57,1,16,,1114551,10,,,1,58,,1114581,10,0,56 57,1,15,,1114534,10,,,1,17,,1114542,10,0,56 57,1,13,,1114539,10,,,1,54,,1114578,10,0,56 57,1,14,,1114545,10,,,1,15,,1095297,10,0,56 57,1,15,,1073906,10,,,1,56,,1114561,10,0,56 57,1,14,,1027498,10,,,1,16,,1114572,10,0,56 57,1,15,,1114557,10,,,1,58,,1114555,10,0,56 57,1,14,,1114533,10,,,1,15,,1114559,10,0,56 57,1,75,,1114541,10,0,56 57,1,10,,867038,10,,,1,20,,1114540,10,0,56 57,1,54,,1114575,10,,,1,13,,1079631,10,0,56 57,1,16,,1114556,10,,,1,11,,1114567,10,0,56 57,1,15,,1114570,10,,,1,54,,1114566,10,0,56 57,1,15,,1114560,10,0,56 57,1,11,,1114571,10,,,1,16,,1114546,10,,,1,64,,956741,10,,,1,28,,1114544,10,,,1,64,,1114547,10,,,1,26,,1114577,10,0,56 57,1,70,,1114576,10,0,56 57,1,26,,1114535,10,0,56 57,1,26,,1114554,10,0,56 57,1,70,,1114580,10,0,56 57,1,31,,1073261,10,0,56 57,1,70,,1114550,10,0,56 57,1,29,,1114549,10,0,56 57,1,70,,1114531,10,0,56 57,1,31,,1082011,10,0,56 57,1
1101,'12',453,,1114635,10,0,56 57,1,68,,1114599,10,0,56 57,1,33,,1114616,10,0,56 57,1,68,,1114623,10,0,56 57,1,15,,1114620,10,0,56 57,1,19,,1114600,10,0,56 57,1,56,,938904,10,0,56 57,1,18,,1114603,10,0,56 57,1,17,,1114613,10,,,1,60,,1114585,10,0,56 57,1,20,,915086,10,,,1,16,,1114612,10,0,56 57,1,61,,1114633,10,,,1,15,,1114588,10,0,56 57,1,15,,1114617,10,,,1,11,,1114596,10,0,56 57,1,55,,1114601,10,,,1,8,,1114619,10,,,1,14,,1114592,10,0,56 57,1,14,,1114608,10,0,56 57,1,15,,1114597,10,,,1,54,,1018120,10,0,56 57,1,17,,1114587,10,,,1,15,,1114593,10,0,56 57,1,16,,1114624,10,,,1,58,,1114605,10,0,56 57,1,15,,1114606,10,,,1,17,,1114625,10,0,56 57,1,13,,1114590,10,,,1,54,,1114638,10,0,56 57,1,14,,1114589,10,,,1,15,,1114584,10,0,56 57,1,15,,1114604,10,,,1,56,,1114598,10,0,56 57,1,14,,1114609,10,,,1,16,,1114607,10,0,56 57,1,15,,1074025,10,,,1,58,,1114618,10,0,56 57,1,14,,1114611,10,,,1,15,,1114627,10,0,56 57,1,75,,1114631,10,0,56 57,1,10,,1114595,10,,,1,20,,1114641,10,0,56 57,1,54,,1114614,10,,,1,13,,1114636,10,0,56 57,1,16,,1052710,10,,,1,11,,1114628,10,0,56 57,1,15,,1114583,10,,,1,54,,1114634,10,0,56 57,1,15,,1114621,10,0,56 57,1,11,,1114602,10,,,1,16,,1114610,10,,,1,64,,1114591,10,,,1,28,,1114637,10,,,1,64,,1114629,10,,,1,26,,1114622,10,0,56 57,1,70,,1114630,10,0,56 57,1,26,,1114632,10,0,56 57,1,26,,1114615,10,0,56 57,1,70,,1114626,10,0,56 57,1,31,,1114586,10,0,56 57,1,70,,1087502,10,0,56 57,1,29,,1114594,10,0,56 57,1,70,,1114639,10,0,56 57,1,31,,1114640,10,0,56 57,1
1101,'13',659,,1114670,10,0,56 57,1,70,,1003737,10,0,56 57,1,30,,1114650,10,0,56 57,1,70,,1114652,10,,,1,30,,1114659,10,,,1,70,,1055334,10,,,1,30,,1114663,10,,,1,71,,1114644,10,,,1,70,,1114651,10,,,1,30,,1114643,10,,,1,70,,1114667,10,,,1,30,,1114661,10,,,1,70,,1069261,10,,,1,30,,1114664,10,,,1,70,,1114653,10,,,1,30,,1114662,10,,,1,70,,1114671,10,,,1,30,,1114656,10,,,1,70,,1114672,10,,,1,30,,1114673,10,,,1,70,,1114657,10,,,1,30,,1114649,10,,,1,70,,1114669,10,0,56 57,1,30,,1114647,10,0,56 57,1,70,,1114674,10,0,56 57,1,30,,1114665,10,0,56 57,1,27,,1114655,10,0,56 57,1,72,,1114642,10,0,56 57,1,30,,1114668,10,0,56 57,1,70,,1114645,10,0,56 57,1,30,,1114646,10,0,56 57,1,70,,1114658,10,0,56 57,1,30,,1114654,10,0,56 57,1,70,,1114660,10,0,56 57,1,30,,1114666,10,0,56 57,1,70,,1114648,10,0,56 57,1
1101,'14',453,,1114737,10,0,56 57,1,68,,1114719,10,0,56 57,1,33,,1114739,10,0,56 57,1,68,,1114687,10,0,56 57,1,15,,1114713,10,0,56 57,1,19,,1114690,10,0,56 57,1,56,,1114699,10,0,56 57,1,18,,1114704,10,0,56 57,1,17,,1114686,10,,,1,60,,1114679,10,0,56 57,1,20,,1114694,10,,,1,16,,1114714,10,0,56 57,1,61,,1114703,10,,,1,15,,1114716,10,0,56 57,1,15,,1114730,10,,,1,11,,1114676,10,0,56 57,1,55,,1114683,10,,,1,8,,1114715,10,,,1,14,,1114685,10,0,56 57,1,14,,1114692,10,0,56 57,1,15,,1114724,10,,,1,54,,1114725,10,0,56 57,1,17,,1114720,10,,,1,15,,1114709,10,0,56 57,1,16,,1114702,10,,,1,58,,1114735,10,0,56 57,1,15,,1114681,10,,,1,17,,1114693,10,0,56 57,1,13,,1114688,10,,,1,54,,1114729,10,0,56 57,1,14,,1114696,10,,,1,15,,1114733,10,0,56 57,1,15,,1114732,10,,,1,56,,1114712,10,0,56 57,1,14,,1114736,10,,,1,16,,1114723,10,0,56 57,1,15,,1114708,10,,,1,58,,1114706,10,0,56 57,1,14,,1114677,10,,,1,15,,1114710,10,0,56 57,1,75,,1114691,10,0,56 57,1,10,,1114678,10,,,1,20,,1114689,10,0,56 57,1,54,,1114726,10,,,1,13,,1114731,10,0,56 57,1,16,,1114707,10,,,1,11,,1114718,10,0,56 57,1,15,,1114721,10,,,1,54,,1114717,10,0,56 57,1,15,,1114711,10,0,56 57,1,11,,1114722,10,,,1,16,,1114697,10,,,1,64,,1114682,10,,,1,28,,1114695,10,,,1,64,,1114698,10,,,1,26,,1114728,10,0,56 57,1,70,,1114727,10,0,56 57,1,26,,1114684,10,0,56 57,1,26,,1114705,10,0,56 57,1,70,,1114734,10,0,56 57,1,31,,1114680,10,0,56 57,1,70,,1114701,10,0,56 57,1,29,,1114700,10,0,56 57,1,70,,1114675,10,0,56 57,1,31,,1114738,10,0,56 57,1
1101,'15',453,,1114796,10,0,56 57,1,68,,1114743,10,0,56 57,1,33,,1114790,10,0,56 57,1,68,,1114792,10,0,56 57,1,15,,1114789,10,0,56 57,1,19,,1114763,10,0,56 57,1,56,,1114793,10,0,56 57,1,18,,1114767,10,0,56 57,1,17,,1114769,10,,,1,60,,1114778,10,0,56 57,1,20,,1114756,10,,,1,16,,1114780,10,0,56 57,1,61,,1114750,10,,,1,15,,1114758,10,0,56 57,1,15,,1114741,10,,,1,11,,1114786,10,0,56 57,1,55,,1114751,10,,,1,8,,1114784,10,,,1,14,,1114766,10,0,56 57,1,14,,1114779,10,0,56 57,1,15,,1114745,10,,,1,54,,1114770,10,0,56 57,1,17,,1114798,10,,,1,15,,1114783,10,0,56 57,1,16,,1114801,10,,,1,58,,1114740,10,0,56 57,1,15,,1114800,10,,,1,17,,1114744,10,0,56 57,1,13,,1114754,10,,,1,54,,1114785,10,0,56 57,1,14,,1114762,10,,,1,15,,1114777,10,0,56 57,1,15,,1114753,10,,,1,56,,1114794,10,0,56 57,1,14,,1114803,10,,,1,16,,1114755,10,0,56 57,1,15,,1114765,10,,,1,58,,1114782,10,0,56 57,1,14,,1114746,10,,,1,15,,1114781,10,0,56 57,1,75,,1114775,10,0,56 57,1,10,,1114791,10,,,1,20,,1114774,10,0,56 57,1,54,,1114771,10,,,1,13,,1114776,10,0,56 57,1,16,,1114752,10,,,1,11,,1114747,10,0,56 57,1,15,,1114772,10,,,1,54,,1114757,10,0,56 57,1,15,,1114797,10,0,56 57,1,11,,1114764,10,,,1,16,,1114748,10,,,1,64,,1114799,10,,,1,28,,1114804,10,,,1,64,,1114749,10,,,1,26,,1114759,10,0,56 57,1,70,,1114795,10,0,56 57,1,26,,1114787,10,0,56 57,1,26,,1114788,10,0,56 57,1,70,,1114760,10,0,56 57,1,31,,1114761,10,0,56 57,1,70,,1114742,10,0,56 57,1,29,,1114768,10,0,56 57,1,70,,1114773,10,0,56 57,1,31,,1114802,10,0,56 57,1
1101,'16',453,,1114856,10,0,56 57,1,68,,1114820,10,0,56 57,1,33,,1114837,10,0,56 57,1,68,,1114844,10,0,56 57,1,15,,1114841,10,0,56 57,1,19,,1114821,10,0,56 57,1,56,,1114813,10,0,56 57,1,18,,1114825,10,0,56 57,1,17,,1006572,10,,,1,60,,1114809,10,0,56 57,1,20,,1114863,10,,,1,16,,1114834,10,0,56 57,1,61,,1114854,10,,,1,15,,1114811,10,0,56 57,1,15,,1114838,10,,,1,11,,1114817,10,0,56 57,1,55,,1114823,10,,,1,8,,1114840,10,,,1,14,,1114814,10,0,56 57,1,14,,1114830,10,0,56 57,1,15,,1114818,10,,,1,54,,1114822,10,0,56 57,1,17,,1114810,10,,,1,15,,1114815,10,0,56 57,1,16,,1114845,10,,,1,58,,1114827,10,0,56 57,1,15,,1114828,10,,,1,17,,1114846,10,0,56 57,1,13,,1097882,10,,,1,54,,1114859,10,0,56 57,1,14,,1092919,10,,,1,15,,1114808,10,0,56 57,1,15,,1114826,10,,,1,56,,1114819,10,0,56 57,1,14,,1114831,10,,,1,16,,1114829,10,0,56 57,1,15,,1114807,10,,,1,58,,1114839,10,0,56 57,1,14,,1114833,10,,,1,15,,1114848,10,0,56 57,1,75,,1114852,10,0,56 57,1,10,,1114816,10,,,1,20,,1071316,10,0,56 57,1,54,,1114835,10,,,1,13,,1114857,10,0,56 57,1,16,,1114806,10,,,1,11,,1114849,10,0,56 57,1,15,,1114805,10,,,1,54,,1114855,10,0,56 57,1,15,,1114842,10,0,56 57,1,11,,1114824,10,,,1,16,,1114832,10,,,1,64,,1114812,10,,,1,28,,1114858,10,,,1,64,,1114850,10,,,1,26,,1114843,10,0,56 57,1,70,,1114851,10,0,56 57,1,26,,1114853,10,0,56 57,1,26,,1114836,10,0,56 57,1,70,,1114847,10,0,56 57,1,31,,1094174,10,0,56 57,1,70,,1114862,10,0,56 57,1,29,,1075060,10,0,56 57,1,70,,1114860,10,0,56 57,1,31,,1114861,10,0,56 57,1
1101,'17',659,,1114893,10,0,56 57,1,70,,1114899,10,0,56 57,1,30,,1114873,10,0,56 57,1,70,,1114875,10,,,1,30,,1114882,10,,,1,70,,1114898,10,,,1,30,,1114886,10,,,1,71,,1114866,10,,,1,70,,1114874,10,,,1,30,,1114865,10,,,1,70,,1114890,10,,,1,30,,1114884,10,,,1,70,,1114871,10,,,1,30,,1114887,10,,,1,70,,1114876,10,,,1,30,,1114885,10,,,1,70,,1114894,10,,,1,30,,1114879,10,,,1,70,,1114895,10,,,1,30,,1114896,10,,,1,70,,1114880,10,,,1,30,,1114872,10,,,1,70,,1114892,10,0,56 57,1,30,,1114869,10,0,56 57,1,70,,1114897,10,0,56 57,1,30,,1114888,10,0,56 57,1,27,,1114878,10,0,56 57,1,72,,1114864,10,0,56 57,1,30,,1114891,10,0,56 57,1,70,,1114867,10,0,56 57,1,30,,1114868,10,0,56 57,1,70,,1114881,10,0,56 57,1,30,,1114877,10,0,56 57,1,70,,1114883,10,0,56 57,1,30,,1114889,10,0,56 57,1,70,,1114870,10,0,56 57,1
1101,'2',530,,1114927,10,0,56 57,1,70,,1114916,10,0,56 57,1,30,,1114906,10,0,56 57,1,70,,1024798,10,0,56 57,1,30,,1114910,10,0,56 57,1,70,,1114902,10,,,1,30,,1114908,10,,,1,70,,1114923,10,,,1,30,,1114920,10,,,1,70,,1114917,10,,,1,31,,1114912,10,,,1,71,,1114918,10,,,1,31,,1114911,10,,,1,70,,1114931,10,,,1,30,,1114913,10,,,1,70,,1114907,10,,,1,30,,1114929,10,,,1,70,,1114903,10,,,1,30,,997854,10,,,1,70,,1114905,10,,,1,30,,1114901,10,,,1,70,,1098457,10,,,1,30,,1114904,10,,,1,70,,1114926,10,,,1,30,,1114928,10,,,1,70,,1114922,10,,,1,30,,1114924,10,,,1,70,,1114914,10,,,1,30,,1114930,10,,,1,75,,1068981,10,0,56 57,1,29,,1114900,10,0,56 57,1,72,,1114915,10,0,56 57,1,31,,1114932,10,0,56 57,1,71,,1046150,10,0,56 57,1,31,,1081513,10,0,56 57,1,71,,1114925,10,0,56 57,1,31,,1114909,10,0,56 57,1,71,,1114921,10,0,56 57,1,31,,1114919,10,0,56 57,1,70,,935590,10,0,56 57,1
1101,'3',659,,1114962,10,0,56 57,1,70,,1114968,10,0,56 57,1,30,,1114942,10,0,56 57,1,70,,1114944,10,,,1,30,,1114951,10,,,1,70,,1114967,10,,,1,30,,1114955,10,,,1,71,,1114935,10,,,1,70,,1114943,10,,,1,30,,1114934,10,,,1,70,,1114959,10,,,1,30,,1114953,10,,,1,70,,1114940,10,,,1,30,,1114956,10,,,1,70,,1114945,10,,,1,30,,1114954,10,,,1,70,,1114963,10,,,1,30,,1114948,10,,,1,70,,1114964,10,,,1,30,,1114965,10,,,1,70,,1114949,10,,,1,30,,1114941,10,,,1,70,,1114961,10,0,56 57,1,30,,1114938,10,0,56 57,1,70,,1114966,10,0,56 57,1,30,,1114957,10,0,56 57,1,27,,1114947,10,0,56 57,1,72,,1114933,10,0,56 57,1,30,,1114960,10,0,56 57,1,70,,1114936,10,0,56 57,1,30,,1114937,10,0,56 57,1,70,,1114950,10,0,56 57,1,30,,1114946,10,0,56 57,1,70,,1114952,10,0,56 57,1,30,,1114958,10,0,56 57,1,70,,1114939,10,0,56 57,1
1101,'4',659,,1115002,10,0,56 57,1,70,,1114985,10,0,56 57,1,30,,1114971,10,0,56 57,1,70,,1114993,10,,,1,30,,1114989,10,,,1,70,,1114995,10,,,1,30,,1114975,10,,,1,71,,1114969,10,,,1,70,,1114972,10,,,1,30,,1114997,10,,,1,70,,1114992,10,,,1,30,,1114999,10,,,1,70,,1114978,10,,,1,30,,1114987,10,,,1,70,,1115003,10,,,1,30,,1114996,10,,,1,70,,1114974,10,,,1,30,,1114984,10,,,1,70,,1114998,10,,,1,30,,1115004,10,,,1,70,,1114976,10,,,1,30,,1114988,10,,,1,70,,1114983,10,0,56 57,1,30,,1114986,10,0,56 57,1,70,,1114979,10,0,56 57,1,30,,1115001,10,0,56 57,1,27,,1114982,10,0,56 57,1,72,,1114977,10,0,56 57,1,30,,1114970,10,0,56 57,1,70,,1114973,10,0,56 57,1,30,,1114991,10,0,56 57,1,70,,1114990,10,0,56 57,1,30,,1114994,10,0,56 57,1,70,,1115000,10,0,56 57,1,30,,1114980,10,0,56 57,1,70,,1114981,10,0,56 57,1
1101,'5',453,,1115056,10,0,56 57,1,68,,1115042,10,0,56 57,1,33,,1090475,10,0,56 57,1,68,,1115012,10,0,56 57,1,15,,1115036,10,0,56 57,1,19,,1037452,10,0,56 57,1,56,,1115022,10,0,56 57,1,18,,1115027,10,0,56 57,1,17,,1115011,10,,,1,60,,1074496,10,0,56 57,1,20,,1115017,10,,,1,16,,1115037,10,0,56 57,1,61,,1115026,10,,,1,15,,1115039,10,0,56 57,1,15,,1115053,10,,,1,11,,1115006,10,0,56 57,1,55,,1079082,10,,,1,8,,1115038,10,,,1,14,,1115010,10,0,56 57,1,14,,1102943,10,0,56 57,1,15,,1115047,10,,,1,54,,1115048,10,0,56 57,1,17,,1115043,10,,,1,15,,1115032,10,0,56 57,1,16,,1115025,10,,,1,58,,1115055,10,0,56 57,1,15,,1115008,10,,,1,17,,1115016,10,0,56 57,1,13,,1115013,10,,,1,54,,1115052,10,0,56 57,1,14,,1115019,10,,,1,15,,1095175,10,0,56 57,1,15,,1073833,10,,,1,56,,1115035,10,0,56 57,1,14,,1027379,10,,,1,16,,1115046,10,0,56 57,1,15,,1115031,10,,,1,58,,1115029,10,0,56 57,1,14,,1115007,10,,,1,15,,1115033,10,0,56 57,1,75,,1115015,10,0,56 57,1,10,,867430,10,,,1,20,,1115014,10,0,56 57,1,54,,1115049,10,,,1,13,,1079538,10,0,56 57,1,16,,1115030,10,,,1,11,,1115041,10,0,56 57,1,15,,1115044,10,,,1,54,,1115040,10,0,56 57,1,15,,1115034,10,0,56 57,1,11,,1115045,10,,,1,16,,1115020,10,,,1,64,,956943,10,,,1,28,,1115018,10,,,1,64,,1115021,10,,,1,26,,1115051,10,0,56 57,1,70,,1115050,10,0,56 57,1,26,,1115009,10,0,56 57,1,26,,1115028,10,0,56 57,1,70,,1115054,10,0,56 57,1,31,,1073205,10,0,56 57,1,70,,1115024,10,0,56 57,1,29,,1115023,10,0,56 57,1,70,,1115005,10,0,56 57,1,31,,1081936,10,0,56 57,1
1101,'6',453,,1115104,10,0,56 57,1,68,,1115070,10,0,56 57,1,33,,1115087,10,0,56 57,1,68,,1115093,10,0,56 57,1,15,,1115091,10,0,56 57,1,19,,1115071,10,0,56 57,1,56,,1115064,10,0,56 57,1,18,,1115074,10,0,56 57,1,17,,1115084,10,,,1,60,,1043208,10,0,56 57,1,20,,1115112,10,,,1,16,,1115083,10,0,56 57,1,61,,1115102,10,,,1,15,,1080541,10,0,56 57,1,15,,1115088,10,,,1,11,,1115067,10,0,56 57,1,55,,1115073,10,,,1,8,,1115090,10,,,1,14,,1102220,10,0,56 57,1,14,,1115079,10,0,56 57,1,15,,1115068,10,,,1,54,,1115072,10,0,56 57,1,17,,1115061,10,,,1,15,,1077119,10,0,56 57,1,16,,1115094,10,,,1,58,,1115076,10,0,56 57,1,15,,1115077,10,,,1,17,,1115095,10,0,56 57,1,13,,1115063,10,,,1,54,,1115107,10,0,56 57,1,14,,1115062,10,,,1,15,,1115059,10,0,56 57,1,15,,1115075,10,,,1,56,,1115069,10,0,56 57,1,14,,1115080,10,,,1,16,,1115078,10,0,56 57,1,15,,1115058,10,,,1,58,,1115089,10,0,56 57,1,14,,1115082,10,,,1,15,,1115097,10,0,56 57,1,75,,1115101,10,0,56 57,1,10,,1115066,10,,,1,20,,1115110,10,0,56 57,1,54,,1115085,10,,,1,13,,1115105,10,0,56 57,1,16,,1115057,10,,,1,11,,1115098,10,0,56 57,1,15,,1073680,10,,,1,54,,1115103,10,0,56 57,1,15,,1028235,10,0,56 57,1,11,,1052230,10,,,1,16,,1115081,10,,,1,64,,1022774,10,,,1,28,,1115106,10,,,1,64,,1115099,10,,,1,26,,1115092,10,0,56 57,1,70,,1115100,10,0,56 57,1,26,,1001096,10,0,56 57,1,26,,1115086,10,0,56 57,1,70,,1115096,10,0,56 57,1,31,,1115060,10,0,56 57,1,70,,1115111,10,0,56 57,1,29,,1115065,10,0,56 57,1,70,,1115108,10,0,56 57,1,31,,1115109,10,0,56 57,1
1101,'7',530,,1115139,10,0,56 57,1,70,,1115113,10,0,56 57,1,30,,1115152,10,0,56 57,1,70,,1115148,10,0,56 57,1,30,,1115142,10,0,56 57,1,70,,1115130,10,,,1,30,,1115140,10,,,1,70,,1115129,10,,,1,30,,1115141,10,,,1,70,,1115121,10,,,1,31,,1115146,10,,,1,71,,1115143,10,,,1,31,,1115132,10,,,1,70,,1115117,10,,,1,30,,1115149,10,,,1,70,,1115124,10,,,1,30,,1115123,10,,,1,70,,1115122,10,,,1,30,,1115138,10,,,1,70,,1115128,10,,,1,30,,1115119,10,,,1,70,,1115125,10,,,1,30,,1115114,10,,,1,70,,1115134,10,,,1,30,,1115137,10,,,1,70,,1115127,10,,,1,30,,1115120,10,,,1,70,,1115115,10,,,1,30,,1115126,10,,,1,75,,1115147,10,0,56 57,1,29,,1115133,10,0,56 57,1,72,,1115131,10,0,56 57,1,31,,1115116,10,0,56 57,1,71,,1115145,10,0,56 57,1,31,,1115151,10,0,56 57,1,71,,1115150,10,0,56 57,1,31,,1115144,10,0,56 57,1,71,,1115135,10,0,56 57,1,31,,1115118,10,0,56 57,1,70,,1115136,10,0,56 57,1
1101,'8',453,,1115209,10,0,56 57,1,68,,1115172,10,0,56 57,1,33,,1115190,10,0,56 57,1,68,,1115197,10,0,56 57,1,15,,1115194,10,0,56 57,1,19,,1115173,10,0,56 57,1,56,,1115164,10,0,56 57,1,18,,1115177,10,0,56 57,1,17,,1115187,10,,,1,60,,1115157,10,0,56 57,1,20,,1115217,10,,,1,16,,1115186,10,0,56 57,1,61,,1115207,10,,,1,15,,1115160,10,0,56 57,1,15,,1115191,10,,,1,11,,1115169,10,0,56 57,1,55,,1115175,10,,,1,8,,1115193,10,,,1,14,,1115165,10,0,56 57,1,14,,1115182,10,0,56 57,1,15,,1115170,10,,,1,54,,1115174,10,0,56 57,1,17,,1115159,10,,,1,15,,1115166,10,0,56 57,1,16,,1115198,10,,,1,58,,1115179,10,0,56 57,1,15,,1115180,10,,,1,17,,1115199,10,0,56 57,1,13,,1115162,10,,,1,54,,1115212,10,0,56 57,1,14,,1115161,10,,,1,15,,1115156,10,0,56 57,1,15,,1115178,10,,,1,56,,1115171,10,0,56 57,1,14,,1115183,10,,,1,16,,1115181,10,0,56 57,1,15,,1115155,10,,,1,58,,1115192,10,0,56 57,1,14,,1115185,10,,,1,15,,1115201,10,0,56 57,1,75,,1115205,10,0,56 57,1,10,,1115168,10,,,1,20,,1115215,10,0,56 57,1,54,,1115188,10,,,1,13,,1115210,10,0,56 57,1,16,,1115154,10,,,1,11,,1115202,10,0,56 57,1,15,,1115153,10,,,1,54,,1115208,10,0,56 57,1,15,,1115195,10,0,56 57,1,11,,1115176,10,,,1,16,,1115184,10,,,1,64,,1115163,10,,,1,28,,1115211,10,,,1,64,,1115203,10,,,1,26,,1115196,10,0,56 57,1,70,,1115204,10,0,56 57,1,26,,1115206,10,0,56 57,1,26,,1115189,10,0,56 57,1,70,,1115200,10,0,56 57,1,31,,1115158,10,0,56 57,1,70,,1115216,10,0,56 57,1,29,,1115167,10,0,56 57,1,70,,1115213,10,0,56 57,1,31,,1115214,10,0,56 57,1
1101,'9',453,,1115269,10,0,56 57,1,68,,1115255,10,0,56 57,1,33,,1090393,10,0,56 57,1,68,,1115225,10,0,56 57,1,15,,1115249,10,0,56 57,1,19,,1037752,10,0,56 57,1,56,,1115235,10,0,56 57,1,18,,1115240,10,0,56 57,1,17,,1115224,10,,,1,60,,1074415,10,0,56 57,1,20,,1115230,10,,,1,16,,1115250,10,0,56 57,1,61,,1115239,10,,,1,15,,1115252,10,0,56 57,1,15,,1115266,10,,,1,11,,1115219,10,0,56 57,1,55,,1078949,10,,,1,8,,1115251,10,,,1,14,,1115223,10,0,56 57,1,14,,1102941,10,0,56 57,1,15,,1115260,10,,,1,54,,1115261,10,0,56 57,1,17,,1115256,10,,,1,15,,1115245,10,0,56 57,1,16,,1115238,10,,,1,58,,1115268,10,0,56 57,1,15,,1115221,10,,,1,17,,1115229,10,0,56 57,1,13,,1115226,10,,,1,54,,1115265,10,0,56 57,1,14,,1115232,10,,,1,15,,1095051,10,0,56 57,1,15,,1073760,10,,,1,56,,1115248,10,0,56 57,1,14,,1027546,10,,,1,16,,1115259,10,0,56 57,1,15,,1115244,10,,,1,58,,1115242,10,0,56 57,1,14,,1115220,10,,,1,15,,1115246,10,0,56 57,1,75,,1115228,10,0,56 57,1,10,,867299,10,,,1,20,,1115227,10,0,56 57,1,54,,1115262,10,,,1,13,,1079439,10,0,56 57,1,16,,1115243,10,,,1,11,,1115254,10,0,56 57,1,15,,1115257,10,,,1,54,,1115253,10,0,56 57,1,15,,1115247,10,0,56 57,1,11,,1115258,10,,,1,16,,1115233,10,,,1,64,,956894,10,,,1,28,,1115231,10,,,1,64,,1115234,10,,,1,26,,1115264,10,0,56 57,1,70,,1115263,10,0,56 57,1,26,,1115222,10,0,56 57,1,26,,1115241,10,0,56 57,1,70,,1115267,10,0,56 57,1,31,,1073136,10,0,56 57,1,70,,1115237,10,0,56 57,1,29,,1115236,10,0,56 57,1,70,,1115218,10,0,56 57,1,31,,1081855,10,0,56 57,1
