500000100,'1',650,,1200913,5,4,,1,50,,1200909,5,4,,1,10,,1079568,5,4,,1,10,,1200922,5,4,,1,10,,1200914,5,4,,1,10,,1200920,5,4,,1,10,,1200908,5,4,,1,50,,1200919,5,4,,1,10,,1200918,5,4,,1,10,,883224,5,4,,1,5,,1200916,5,4,,1,5,,1200911,5,4,,1,10,,1200912,5,4,,1,10,,1200915,5,4,,1,50,,1200910,5,4,,1,10,,1200921,5,4,,1,10,,1200917,5,4,,1
500000100,'10',650,,1200928,5,4,,1,50,,1200924,5,4,,1,10,,1079376,5,4,,1,10,,1200937,5,4,,1,10,,1200929,5,4,,1,10,,1200935,5,4,,1,10,,1200923,5,4,,1,50,,1200934,5,4,,1,10,,1200933,5,4,,1,10,,883276,5,4,,1,5,,1200931,5,4,,1,5,,1200926,5,4,,1,10,,1200927,5,4,,1,10,,1200930,5,4,,1,50,,1200925,5,4,,1,10,,1200936,5,4,,1,10,,1200932,5,4,,1
500000100,'11',650,,1200943,5,4,,1,50,,1200939,5,4,,1,10,,1079627,5,4,,1,10,,1200952,5,4,,1,10,,1200944,5,4,,1,10,,1200950,5,4,,1,10,,1200938,5,4,,1,50,,1200949,5,4,,1,10,,1200948,5,4,,1,10,,883116,5,4,,1,5,,1200946,5,4,,1,5,,1200941,5,4,,1,10,,1200942,5,4,,1,10,,1200945,5,4,,1,50,,1200940,5,4,,1,10,,1200951,5,4,,1,10,,1200947,5,4,,1
500000100,'12',650,,1200957,5,4,,1,50,,1200956,5,4,,1,10,,1200958,5,4,,1,10,,1200966,5,4,,1,10,,1200967,5,4,,1,10,,1200962,5,4,,1,10,,1200965,5,4,,1,50,,1026468,5,4,,1,10,,1200955,5,4,,1,10,,1200963,5,4,,1,5,,1099994,5,4,,1,5,,1200954,5,4,,1,10,,1200960,5,4,,1,10,,1200959,5,4,,1,50,,1200964,5,4,,1,10,,1200953,5,4,,1,10,,1200961,5,4,,1
500000100,'14',650,,1200974,5,4,,1,50,,1200970,5,4,,1,10,,1200975,5,4,,1,10,,1200984,5,4,,1,10,,1200976,5,4,,1,10,,1200982,5,4,,1,10,,1200968,5,4,,1,50,,1200981,5,4,,1,10,,1200980,5,4,,1,10,,1200969,5,4,,1,5,,1200978,5,4,,1,5,,1200972,5,4,,1,10,,1200973,5,4,,1,10,,1200977,5,4,,1,50,,1200971,5,4,,1,10,,1200983,5,4,,1,10,,1200979,5,4,,1
500000100,'15',650,,1200987,5,4,,1,50,,1200986,5,4,,1,10,,1200994,5,4,,1,10,,1201000,5,4,,1,10,,1200997,5,4,,1,10,,1200993,5,4,,1,10,,1200985,5,4,,1,50,,1200995,5,4,,1,10,,1200989,5,4,,1,10,,1200991,5,4,,1,5,,1200998,5,4,,1,5,,1200996,5,4,,1,10,,1200990,5,4,,1,10,,1200988,5,4,,1,50,,1201001,5,4,,1,10,,1200999,5,4,,1,10,,1200992,5,4,,1
500000100,'16',650,,1201007,5,4,,1,50,,1201006,5,4,,1,10,,1201008,5,4,,1,10,,1201017,5,4,,1,10,,1201018,5,4,,1,10,,1201012,5,4,,1,10,,1201016,5,4,,1,50,,1201002,5,4,,1,10,,1201005,5,4,,1,10,,1201013,5,4,,1,5,,1201015,5,4,,1,5,,1201004,5,4,,1,10,,1201010,5,4,,1,10,,1201009,5,4,,1,50,,1201014,5,4,,1,10,,1201003,5,4,,1,10,,1201011,5,4,,1
500000100,'5',650,,1201024,5,4,,1,50,,1201020,5,4,,1,10,,1079534,5,4,,1,10,,1201033,5,4,,1,10,,1201025,5,4,,1,10,,1201031,5,4,,1,10,,1201019,5,4,,1,50,,1201030,5,4,,1,10,,1201029,5,4,,1,10,,883434,5,4,,1,5,,1201027,5,4,,1,5,,1201022,5,4,,1,10,,1201023,5,4,,1,10,,1201026,5,4,,1,50,,1201021,5,4,,1,10,,1201032,5,4,,1,10,,1201028,5,4,,1
500000100,'6',650,,1201038,5,4,,1,50,,1201037,5,4,,1,10,,1201039,5,4,,1,10,,1201048,5,4,,1,10,,1073297,5,4,,1,10,,1201043,5,4,,1,10,,1201047,5,4,,1,50,,1201034,5,4,,1,10,,1201036,5,4,,1,10,,1201044,5,4,,1,5,,1201046,5,4,,1,5,,1073689,5,4,,1,10,,1201041,5,4,,1,10,,1201040,5,4,,1,50,,1201045,5,4,,1,10,,1201035,5,4,,1,10,,1201042,5,4,,1
500000100,'8',650,,1201054,5,4,,1,50,,1201053,5,4,,1,10,,1201055,5,4,,1,10,,1201064,5,4,,1,10,,1201065,5,4,,1,10,,1201059,5,4,,1,10,,1201063,5,4,,1,50,,1201049,5,4,,1,10,,1201052,5,4,,1,10,,1201060,5,4,,1,5,,1201062,5,4,,1,5,,1201051,5,4,,1,10,,1201057,5,4,,1,10,,1201056,5,4,,1,50,,1201061,5,4,,1,10,,1201050,5,4,,1,10,,1201058,5,4,,1
500000100,'9',650,,1201071,5,4,,1,50,,1201067,5,4,,1,10,,1079435,5,4,,1,10,,1201080,5,4,,1,10,,1201072,5,4,,1,10,,1201078,5,4,,1,10,,1201066,5,4,,1,50,,1201077,5,4,,1,10,,1201076,5,4,,1,10,,883328,5,4,,1,5,,1201074,5,4,,1,5,,1201069,5,4,,1,10,,1201070,5,4,,1,10,,1201073,5,4,,1,50,,1201068,5,4,,1,10,,1201079,5,4,,1,10,,1201075,5,4,,1
