2601,'1',830,,1126642,29,,,1
2601,'10',830,,1126657,29,,,1
2601,'11',830,,1126672,29,,,1
2601,'12',830,,1126688,29,,,1
2601,'14',830,,1126704,29,,,1
2601,'15',830,,1126734,29,,,1
2601,'16',830,,1126740,29,,,1
2601,'5',830,,1126756,29,,,1
2601,'6',830,,1062723,29,,,1
2601,'8',830,,1126785,29,,,1
2601,'9',830,,1126801,29,,,1
3500,'1',852,,1131003,44,,,1
3500,'10',852,,1131031,44,,,1
3500,'11',852,,1131059,44,,,1
3500,'12',852,,1131107,44,,,1
3500,'14',852,,1131144,44,,,1
3500,'15',852,,1131172,44,,,1
3500,'16',852,,1131232,44,,,1
3500,'5',852,,1131341,44,,,1
3500,'6',852,,1131384,44,,,1
3500,'8',852,,1131447,44,,,1
3500,'9',852,,1131462,44,,,1
61900,'1',810,,1084855,10,,,1,5,,1199063,10,,,1
61900,'10',810,,1084843,10,,,1,5,,1199064,10,,,1
61900,'11',810,,1084859,10,,,1,5,,1199065,10,,,1
61900,'12',810,,1199067,10,,,1,5,,1199066,10,,,1
61900,'14',810,,1199069,10,,,1,5,,1199068,10,,,1
61900,'15',810,,1199070,10,,,1,5,,1199071,10,,,1
61900,'16',810,,1199073,10,,,1,5,,1199072,10,,,1
61900,'5',810,,1084851,10,,,1,5,,1199074,10,,,1
61900,'6',810,,1199076,10,,,1,5,,1199075,10,,,1
61900,'8',810,,1199078,10,,,1,5,,1199077,10,,,1
61900,'9',810,,1084847,10,,,1,5,,1199079,10,,,1
62200,'1',813,,1077035,46,0,83 84 85,1,41,,1199100,46,,,1
62200,'10',813,,1076811,46,0,83 84 85,1,41,,1199101,46,,,1
62200,'11',813,,1077101,46,0,83 84 85,1,41,,1199102,46,,,1
62200,'12',813,,1199104,46,0,83 84 85,1,41,,1199103,46,,,1
62200,'14',813,,1199106,46,0,83 84 85,1,41,,1199105,46,,,1
62200,'15',813,,1199108,46,0,83 84 85,1,41,,1199107,46,,,1
62200,'16',813,,1199110,46,0,83 84 85,1,41,,1199109,46,,,1
62200,'5',813,,1076991,46,0,83 84 85,1,41,,1199111,46,,,1
62200,'6',813,,1077124,46,0,83 84 85,1,41,,1092519,46,,,1
62200,'8',813,,1199113,46,0,83 84 85,1,41,,1199112,46,,,1
62200,'9',813,,1076886,46,0,83 84 85,1,41,,1199114,46,,,1
63000,'1',851,,1199276,44,,,1
63000,'10',851,,1199278,44,,,1
63000,'11',851,,1199280,44,,,1
63000,'12',851,,1199282,44,,,1
63000,'14',851,,1199284,44,,,1
63000,'15',851,,1199286,44,,,1
63000,'16',851,,1199288,44,,,1
63000,'5',851,,1199290,44,,,1
63000,'6',851,,1199292,44,,,1
63000,'8',851,,1199294,44,,,1
63000,'9',851,,1199296,44,,,1
63100,'1',858,,1199308,37,,,1
63100,'10',858,,1199309,37,,,1
63100,'11',858,,1199310,37,,,1
63100,'12',858,,1199311,37,,,1
63100,'14',858,,1199312,37,,,1
63100,'15',858,,1199313,37,,,1
63100,'16',858,,1199314,37,,,1
63100,'5',858,,1199315,37,,,1
63100,'6',858,,1199316,37,,,1
63100,'8',858,,1199317,37,,,1
63100,'9',858,,1199318,37,,,1
63300,'1',829,,1199330,27,,,1
63300,'10',829,,1199331,27,,,1
63300,'11',829,,1199332,27,,,1
63300,'12',829,,1199333,27,,,1
63300,'14',829,,1199334,27,,,1
63300,'15',829,,1199335,27,,,1
63300,'16',829,,1199336,27,,,1
63300,'5',829,,1199337,27,,,1
63300,'6',829,,1199338,27,,,1
63300,'8',829,,1199339,27,,,1
63300,'9',829,,1199340,27,,,1
