3100,'1',645,,1127903,17,,,1,70,,1127880,17,,,1,30,,1127879,17,,,1,70,,1127887,17,,,1,30,,1127901,17,,,1,70,,1127900,17,,,1,30,,1127889,17,,,1,70,,1127899,17,,,1,30,,1127885,17,,,1,70,,1127904,17,,,1,30,,1127883,17,,,1,70,,1127898,17,,,1,30,,1127902,17,,,1,70,,1127891,17,,,1,30,,1127878,17,,,1,70,,1054841,17,,,1,43,,1127897,10,,,1,47,,1127892,10,,,1,10,,1127888,17,,,1,30,,1127886,17,,,1,101,,1127895,17,,,1,70,,1127893,17,,,1,30,,1127890,17,,,1,70,,1127884,17,,,1,29,,1086857,17,,,1,70,,1075016,17,,,1,30,,950269,17,,,1,70,,1127894,17,,,1,29,,1127881,17,,,1,70,,991385,17,,,1,29,,1127896,17,,,1,100,,1127882,17,,,1
3100,'10',645,,1127930,17,,,1,70,,1127907,17,,,1,30,,1127906,17,,,1,70,,1127914,17,,,1,30,,1127928,17,,,1,70,,1127927,17,,,1,30,,1127916,17,,,1,70,,1127926,17,,,1,30,,1127912,17,,,1,70,,1127931,17,,,1,30,,1127910,17,,,1,70,,1127925,17,,,1,30,,1127929,17,,,1,70,,1127918,17,,,1,30,,1127905,17,,,1,70,,1054907,17,,,1,43,,1127924,10,,,1,47,,1127919,10,,,1,10,,1127915,17,,,1,30,,1127913,17,,,1,101,,1127922,17,,,1,70,,1127920,17,,,1,30,,1127917,17,,,1,70,,1127911,17,,,1,29,,1086797,17,,,1,70,,1074644,17,,,1,30,,950103,17,,,1,70,,1127921,17,,,1,29,,1127908,17,,,1,70,,991360,17,,,1,29,,1127923,17,,,1,100,,1127909,17,,,1
3100,'11',645,,1127957,17,,,1,70,,1127934,17,,,1,30,,1127933,17,,,1,70,,1127941,17,,,1,30,,1127955,17,,,1,70,,1127954,17,,,1,30,,1127943,17,,,1,70,,1127953,17,,,1,30,,1127939,17,,,1,70,,1127958,17,,,1,30,,1127937,17,,,1,70,,1127952,17,,,1,30,,1127956,17,,,1,70,,1127945,17,,,1,30,,1127932,17,,,1,70,,1054824,17,,,1,43,,1127951,10,,,1,47,,1127946,10,,,1,10,,1127942,17,,,1,30,,1127940,17,,,1,101,,1127949,17,,,1,70,,1127947,17,,,1,30,,1127944,17,,,1,70,,1127938,17,,,1,29,,1086877,17,,,1,70,,1075122,17,,,1,30,,950243,17,,,1,70,,1127948,17,,,1,29,,1127935,17,,,1,70,,991376,17,,,1,29,,1127950,17,,,1,100,,1127936,17,,,1
3100,'12',645,,1127971,17,,,1,70,,1127978,17,,,1,30,,1127964,17,,,1,70,,1127967,17,,,1,30,,1127969,17,,,1,70,,1127972,17,,,1,30,,1127983,17,,,1,70,,1127981,17,,,1,30,,1127966,17,,,1,70,,1127980,17,,,1,30,,1101379,17,,,1,70,,1127961,17,,,1,30,,1127977,17,,,1,70,,1127962,17,,,1,30,,1127959,17,,,1,70,,1098101,17,,,1,43,,1127976,10,,,1,47,,1127982,10,,,1,10,,1073401,17,,,1,30,,948394,17,,,1,101,,1127986,17,,,1,70,,1127968,17,,,1,30,,1127975,17,,,1,70,,1127970,17,,,1,29,,1127979,17,,,1,70,,1127973,17,,,1,30,,1127963,17,,,1,70,,1127965,17,,,1,29,,1127960,17,,,1,70,,1127985,17,,,1,29,,1127974,17,,,1,100,,1127984,17,,,1
3100,'13',747,,1127991,17,,,1,100,,1127987,17,,,1,100,,1127994,17,,,1,70,,1128001,17,,,1,30,,1127999,17,,,1,70,,1127993,17,,,1,30,,1128002,17,,,1,71,,1127998,17,,,1,30,,1128008,17,,,1,70,,1128007,17,,,1,30,,1127989,17,,,1,70,,1127995,17,,,1,30,,1127996,17,,,1,70,,1128003,17,,,1,30,,1127997,17,,,1,70,,1128004,17,,,1,30,,1127992,17,,,1,70,,1127990,17,,,1,30,,1128006,17,,,1,100,,1128000,17,,,1,100,,1128005,17,,,1,99,,1127988,17,,,1,100,,1128009,17,,,1,100,,1005548,17,,,1
3100,'14',645,,1128038,17,,,1,70,,1128013,17,,,1,30,,1128011,17,,,1,70,,1128021,17,,,1,30,,1128036,17,,,1,70,,1128035,17,,,1,30,,1128023,17,,,1,70,,1128034,17,,,1,30,,1128019,17,,,1,70,,1128039,17,,,1,30,,1128016,17,,,1,70,,1128033,17,,,1,30,,1128037,17,,,1,70,,1128025,17,,,1,30,,1128010,17,,,1,70,,1128017,17,,,1,43,,1128031,10,,,1,47,,1128026,10,,,1,10,,1128022,17,,,1,30,,1128020,17,,,1,101,,1128029,17,,,1,70,,1128027,17,,,1,30,,1128024,17,,,1,70,,1128018,17,,,1,29,,1128041,17,,,1,70,,1128040,17,,,1,30,,1128032,17,,,1,70,,1128028,17,,,1,29,,1128014,17,,,1,70,,1128012,17,,,1,29,,1128030,17,,,1,100,,1128015,17,,,1
3100,'15',645,,1128058,17,,,1,70,,1128069,17,,,1,30,,1128050,17,,,1,70,,1128042,17,,,1,30,,1128044,17,,,1,70,,1128056,17,,,1,30,,1128062,17,,,1,70,,1128047,17,,,1,30,,1128046,17,,,1,70,,1128052,17,,,1,30,,1128068,17,,,1,70,,1128061,17,,,1,30,,1128065,17,,,1,70,,1128071,17,,,1,30,,1128060,17,,,1,70,,1128057,17,,,1,43,,1128072,10,,,1,47,,1128054,10,,,1,10,,1128055,17,,,1,30,,1128059,17,,,1,101,,1128045,17,,,1,70,,1128049,17,,,1,30,,1128053,17,,,1,70,,1128043,17,,,1,29,,1128073,17,,,1,70,,1128064,17,,,1,30,,1128051,17,,,1,70,,1128066,17,,,1,29,,1128067,17,,,1,70,,1128063,17,,,1,29,,1128048,17,,,1,100,,1128070,17,,,1
3100,'16',645,,1128084,17,,,1,70,,1128090,17,,,1,30,,1128078,17,,,1,70,,1128080,17,,,1,30,,1128082,17,,,1,70,,1128085,17,,,1,30,,1128096,17,,,1,70,,1128094,17,,,1,30,,1064463,17,,,1,70,,1128093,17,,,1,30,,1128102,17,,,1,70,,1128075,17,,,1,30,,1128089,17,,,1,70,,1128076,17,,,1,30,,1128074,17,,,1,70,,1128099,17,,,1,43,,1128088,10,,,1,47,,1128095,10,,,1,10,,1128092,17,,,1,30,,1128101,17,,,1,101,,1128100,17,,,1,70,,1128081,17,,,1,30,,1128087,17,,,1,70,,1128083,17,,,1,29,,1128091,17,,,1,70,,1087260,17,,,1,30,,1128077,17,,,1,70,,1128079,17,,,1,29,,1086066,17,,,1,70,,1128098,17,,,1,29,,1128086,17,,,1,100,,1128097,17,,,1
3100,'17',747,,1128108,17,,,1,100,,1128103,17,,,1,100,,1128111,17,,,1,70,,1128118,17,,,1,30,,1128116,17,,,1,70,,1128110,17,,,1,30,,1128119,17,,,1,71,,1128115,17,,,1,30,,1128125,17,,,1,70,,1128124,17,,,1,30,,1128105,17,,,1,70,,1128112,17,,,1,30,,1128113,17,,,1,70,,1128120,17,,,1,30,,1128114,17,,,1,70,,1128121,17,,,1,30,,1128109,17,,,1,70,,1128107,17,,,1,30,,1128123,17,,,1,100,,1128117,17,,,1,100,,1128122,17,,,1,99,,1128104,17,,,1,100,,1128126,17,,,1,100,,1128106,17,,,1
3100,'2',714,,1128150,17,,,1,30,,1096004,17,,,1,70,,1128151,17,,,1,30,,1128145,17,,,1,70,,1128127,17,,,1,30,,1128152,17,,,1,70,,1128148,17,,,1,30,,1055039,17,,,1,70,,1128128,17,,,1,30,,1087793,17,,,1,71,,1128147,17,,,1,30,,1128136,17,,,1,70,,1128140,17,,,1,30,,1128129,17,,,1,70,,1128155,17,,,1,30,,1128154,17,,,1,70,,1128149,17,,,1,30,,1128135,17,,,1,70,,1128143,17,,,1,30,,1128134,17,,,1,70,,1128131,17,,,1,30,,1128144,17,,,1,70,,1128130,17,,,1,30,,1064560,17,,,1,70,,1128138,17,,,1,30,,1128137,17,,,1,69,,1128132,17,,,1,30,,1128139,17,,,1,70,,1128142,17,,,1,30,,1128133,17,,,1,70,,1128141,17,,,1,30,,1128146,17,,,1,70,,1128153,17,,,1
3100,'3',747,,1128161,17,,,1,100,,1128156,17,,,1,100,,1128164,17,,,1,70,,1128171,17,,,1,30,,1128169,17,,,1,70,,1128163,17,,,1,30,,1128172,17,,,1,71,,1128168,17,,,1,30,,1128178,17,,,1,70,,1128177,17,,,1,30,,1128158,17,,,1,70,,1128165,17,,,1,30,,1128166,17,,,1,70,,1128173,17,,,1,30,,1128167,17,,,1,70,,1128174,17,,,1,30,,1128162,17,,,1,70,,1128160,17,,,1,30,,1128176,17,,,1,100,,1128170,17,,,1,100,,1128175,17,,,1,99,,1128157,17,,,1,100,,1128179,17,,,1,100,,1128159,17,,,1
3100,'4',747,,1128200,17,,,1,100,,1128196,17,,,1,100,,1100898,17,,,1,70,,1128183,17,,,1,30,,1128190,17,,,1,70,,1071205,17,,,1,30,,1128192,17,,,1,71,,1128201,17,,,1,30,,1128198,17,,,1,70,,1128197,17,,,1,30,,1128187,17,,,1,70,,1128195,17,,,1,30,,1128182,17,,,1,70,,1128191,17,,,1,30,,1128189,17,,,1,70,,1128184,17,,,1,30,,1128199,17,,,1,70,,1128181,17,,,1,30,,1128194,17,,,1,100,,1128188,17,,,1,100,,1128186,17,,,1,99,,1128180,17,,,1,100,,1128185,17,,,1,100,,1128193,17,,,1
3100,'5',645,,1128227,17,,,1,70,,1128204,17,,,1,30,,1128203,17,,,1,70,,1128211,17,,,1,30,,1128225,17,,,1,70,,1128224,17,,,1,30,,1128213,17,,,1,70,,1128223,17,,,1,30,,1128209,17,,,1,70,,1128228,17,,,1,30,,1128207,17,,,1,70,,1128222,17,,,1,30,,1128226,17,,,1,70,,1128215,17,,,1,30,,1128202,17,,,1,70,,1054708,17,,,1,43,,1128221,10,,,1,47,,1128216,10,,,1,10,,1128212,17,,,1,30,,1128210,17,,,1,101,,1128219,17,,,1,70,,1128217,17,,,1,30,,1128214,17,,,1,70,,1128208,17,,,1,29,,1086837,17,,,1,70,,1074964,17,,,1,30,,950353,17,,,1,70,,1128218,17,,,1,29,,1128205,17,,,1,70,,991410,17,,,1,29,,1128220,17,,,1,100,,1128206,17,,,1
3100,'6',645,,1128238,17,,,1,70,,1128245,17,,,1,30,,1128231,17,,,1,70,,1128234,17,,,1,30,,1128236,17,,,1,70,,1128239,17,,,1,30,,1128251,17,,,1,70,,1128249,17,,,1,30,,1128233,17,,,1,70,,1128248,17,,,1,30,,1128257,17,,,1,70,,1094344,17,,,1,30,,1128244,17,,,1,70,,1049056,17,,,1,30,,1095724,17,,,1,70,,1128254,17,,,1,43,,1128243,10,,,1,47,,1128250,10,,,1,10,,1128247,17,,,1,30,,1128256,17,,,1,101,,1128255,17,,,1,70,,1128235,17,,,1,30,,1128242,17,,,1,70,,1128237,17,,,1,29,,1128246,17,,,1,70,,1128240,17,,,1,30,,1128230,17,,,1,70,,1128232,17,,,1,29,,1128229,17,,,1,70,,1128253,17,,,1,29,,1128241,17,,,1,100,,1128252,17,,,1
3100,'7',714,,1128280,17,,,1,30,,1128278,17,,,1,70,,1128268,17,,,1,30,,1128281,17,,,1,70,,1128271,17,,,1,30,,1128269,17,,,1,70,,1128274,17,,,1,30,,1128276,17,,,1,70,,1128282,17,,,1,30,,1128286,17,,,1,71,,1128277,17,,,1,30,,1128285,17,,,1,70,,1128275,17,,,1,30,,1128284,17,,,1,70,,1128262,17,,,1,30,,1128258,17,,,1,70,,1128289,17,,,1,30,,1128290,17,,,1,70,,1128272,17,,,1,30,,1128273,17,,,1,70,,1128267,17,,,1,30,,1128266,17,,,1,70,,1128283,17,,,1,30,,1128279,17,,,1,70,,1128287,17,,,1,30,,1128288,17,,,1,69,,1128270,17,,,1,30,,1128261,17,,,1,70,,1128265,17,,,1,30,,1128260,17,,,1,70,,1128263,17,,,1,30,,1128259,17,,,1,70,,1128264,17,,,1
3100,'8',645,,1128303,17,,,1,70,,1128310,17,,,1,30,,1128296,17,,,1,70,,1128299,17,,,1,30,,1128301,17,,,1,70,,1128304,17,,,1,30,,1128316,17,,,1,70,,1128314,17,,,1,30,,1128298,17,,,1,70,,1128313,17,,,1,30,,1128322,17,,,1,70,,1128293,17,,,1,30,,1128309,17,,,1,70,,1128294,17,,,1,30,,1128291,17,,,1,70,,1128319,17,,,1,43,,1128308,10,,,1,47,,1128315,10,,,1,10,,1128312,17,,,1,30,,1128321,17,,,1,101,,1128320,17,,,1,70,,1128300,17,,,1,30,,1128307,17,,,1,70,,1128302,17,,,1,29,,1128311,17,,,1,70,,1128305,17,,,1,30,,1128295,17,,,1,70,,1128297,17,,,1,29,,1128292,17,,,1,70,,1128318,17,,,1,29,,1128306,17,,,1,100,,1128317,17,,,1
3100,'9',645,,1128348,17,,,1,70,,1128325,17,,,1,30,,1128324,17,,,1,70,,1128332,17,,,1,30,,1128346,17,,,1,70,,1128345,17,,,1,30,,1128334,17,,,1,70,,1128344,17,,,1,30,,1128330,17,,,1,70,,1128349,17,,,1,30,,1128328,17,,,1,70,,1128343,17,,,1,30,,1128347,17,,,1,70,,1128336,17,,,1,30,,1128323,17,,,1,70,,1054858,17,,,1,43,,1128342,10,,,1,47,,1128337,10,,,1,10,,1128333,17,,,1,30,,1128331,17,,,1,101,,1128340,17,,,1,70,,1128338,17,,,1,30,,1128335,17,,,1,70,,1128329,17,,,1,29,,1086817,17,,,1,70,,1074758,17,,,1,30,,950327,17,,,1,70,,1128339,17,,,1,29,,1128326,17,,,1,70,,991401,17,,,1,29,,1128341,17,,,1,100,,1128327,17,,,1
3400,'1',554,,1130061,43,,,1,75,,1130064,40,,,1,71,,1130065,40,,,1,31,,1130066,40,,,1,28,,1130059,40,,,1,72,,1130048,40,,,1,69,,1130049,40,,,1,30,,1130074,40,,,1,28,,1130063,40,,,1,69,,1130062,40,,,1,30,,1130054,40,,,1,70,,1080266,40,,,1,30,,1130073,40,,,1,70,,1130053,40,,,1,31,,1130057,40,,,1,70,,1130058,40,,,1,30,,1130071,40,,,1,70,,1130060,40,,,1,30,,1130055,40,,,1,74,,1130069,40,,,1,70,,1130052,40,,,1,30,,1130070,40,,,1,27,,995245,40,,,1,70,,1130072,40,,,1,29,,1130047,40,,,1,70,,905184,40,,,1,30,,1130068,40,,,1,70,,1130056,40,,,1,30,,1103692,40,,,1,70,,1130050,40,,,1,30,,1130067,40,,,1,70,,905552,40,,,1,30,,983272,40,,,1
3400,'10',554,,1130089,43,,,1,75,,1130092,40,,,1,71,,1130093,40,,,1,31,,1130094,40,,,1,28,,1130087,40,,,1,72,,1130076,40,,,1,69,,1130077,40,,,1,30,,1130102,40,,,1,28,,1130091,40,,,1,69,,1130090,40,,,1,30,,1130082,40,,,1,70,,1080131,40,,,1,30,,1130101,40,,,1,70,,1130081,40,,,1,31,,1130085,40,,,1,70,,1130086,40,,,1,30,,1130099,40,,,1,70,,1130088,40,,,1,30,,1130083,40,,,1,74,,1130097,40,,,1,70,,1130080,40,,,1,30,,1130098,40,,,1,27,,995414,40,,,1,70,,1130100,40,,,1,29,,1130075,40,,,1,70,,905223,40,,,1,30,,1130096,40,,,1,70,,1130084,40,,,1,30,,1103689,40,,,1,70,,1130078,40,,,1,30,,1130095,40,,,1,70,,905585,40,,,1,30,,982996,40,,,1
3400,'11',554,,1130117,43,,,1,75,,1130120,40,,,1,71,,1130121,40,,,1,31,,1130122,40,,,1,28,,1130115,40,,,1,72,,1130104,40,,,1,69,,1130105,40,,,1,30,,1130130,40,,,1,28,,1130119,40,,,1,69,,1130118,40,,,1,30,,1130110,40,,,1,70,,1080303,40,,,1,30,,1130129,40,,,1,70,,1130109,40,,,1,31,,1130113,40,,,1,70,,1130114,40,,,1,30,,1130127,40,,,1,70,,1130116,40,,,1,30,,1130111,40,,,1,74,,1130125,40,,,1,70,,1130108,40,,,1,30,,1130126,40,,,1,27,,995197,40,,,1,70,,1130128,40,,,1,29,,1130103,40,,,1,70,,905103,40,,,1,30,,1130124,40,,,1,70,,1130112,40,,,1,30,,1103693,40,,,1,70,,1130106,40,,,1,30,,1130123,40,,,1,70,,905467,40,,,1,30,,983237,40,,,1
3400,'12',554,,1130161,43,,,1,75,,1130145,40,,,1,71,,1130132,40,,,1,31,,1130159,40,,,1,28,,1130133,40,,,1,72,,1130143,40,,,1,69,,957586,40,,,1,30,,1130158,40,,,1,28,,1130157,40,,,1,69,,1013160,40,,,1,30,,1072590,40,,,1,70,,1130138,40,,,1,30,,1130149,40,,,1,70,,1130147,40,,,1,31,,1130144,40,,,1,70,,1130141,40,,,1,30,,1130148,40,,,1,70,,1130156,40,,,1,30,,1130150,40,,,1,74,,1130140,40,,,1,70,,1130137,40,,,1,30,,1130134,40,,,1,27,,1130142,40,,,1,70,,1130135,40,,,1,29,,1130154,40,,,1,70,,1130136,40,,,1,30,,1130155,40,,,1,70,,1130146,40,,,1,30,,1130160,40,,,1,70,,1130131,40,,,1,30,,1025090,40,,,1,70,,1130152,40,,,1,30,,1130151,40,,,1
3400,'13',800,,1130171,40,,,1,100,,1130173,40,,,1,56,,1130163,40,,,1,70,,1130181,40,,,1,30,,1130170,40,,,1,70,,1130169,40,,,1,30,,1018865,40,,,1,70,,1130172,40,,,1,30,,1130180,40,,,1,70,,1130162,40,,,1,30,,1130175,40,,,1,70,,1130179,40,,,1,30,,1130167,40,,,1,70,,1130165,40,,,1,82,,1130166,40,,,1,18,,1130177,40,,,1,30,,1130168,40,,,1,70,,1130176,40,,,1,30,,1130164,40,,,1,70,,1130178,40,,,1,83,,1130174,40,,,1
3400,'14',554,,1130198,43,,,1,75,,1130201,40,,,1,71,,1130202,40,,,1,31,,1130203,40,,,1,28,,1130196,40,,,1,72,,1130184,40,,,1,69,,1130185,40,,,1,30,,1130212,40,,,1,28,,1130200,40,,,1,69,,1130199,40,,,1,30,,1130190,40,,,1,70,,1130215,40,,,1,30,,1130211,40,,,1,70,,1130189,40,,,1,31,,1130193,40,,,1,70,,1130195,40,,,1,30,,1130209,40,,,1,70,,1130197,40,,,1,30,,1130191,40,,,1,74,,1130207,40,,,1,70,,1130188,40,,,1,30,,1130208,40,,,1,27,,1130216,40,,,1,70,,1130210,40,,,1,29,,1130182,40,,,1,70,,1130213,40,,,1,30,,1130205,40,,,1,70,,1130192,40,,,1,30,,1130214,40,,,1,70,,1130186,40,,,1,30,,1130204,40,,,1,70,,1130194,40,,,1,30,,1130206,40,,,1
3400,'15',554,,1130242,43,,,1,75,,1130218,40,,,1,71,,1130247,40,,,1,31,,1130232,40,,,1,28,,1130228,40,,,1,72,,1130227,40,,,1,69,,1130248,40,,,1,30,,1130235,40,,,1,28,,1130243,40,,,1,69,,1130251,40,,,1,30,,1130233,40,,,1,70,,1130250,40,,,1,30,,1130230,40,,,1,70,,1130221,40,,,1,31,,1130225,40,,,1,70,,1130241,40,,,1,30,,1130245,40,,,1,70,,1130224,40,,,1,30,,1130237,40,,,1,74,,1130249,40,,,1,70,,1130236,40,,,1,30,,1130220,40,,,1,27,,1130239,40,,,1,70,,1130231,40,,,1,29,,1130226,40,,,1,70,,1130223,40,,,1,30,,1130217,40,,,1,70,,1130240,40,,,1,30,,1130219,40,,,1,70,,1130246,40,,,1,30,,1130234,40,,,1,70,,1130238,40,,,1,30,,1130244,40,,,1
3400,'16',554,,1130284,43,,,1,75,,1130266,40,,,1,71,,1130252,40,,,1,31,,1130280,40,,,1,28,,1130253,40,,,1,72,,1130264,40,,,1,69,,1130281,40,,,1,30,,1130279,40,,,1,28,,1130278,40,,,1,69,,1130254,40,,,1,30,,1130283,40,,,1,70,,1130258,40,,,1,30,,1130270,40,,,1,70,,1130268,40,,,1,31,,1130265,40,,,1,70,,1130262,40,,,1,30,,1130269,40,,,1,70,,1130277,40,,,1,30,,1130271,40,,,1,74,,1130261,40,,,1,70,,1130257,40,,,1,30,,1095245,40,,,1,27,,1130263,40,,,1,70,,1130255,40,,,1,29,,1130275,40,,,1,70,,1130256,40,,,1,30,,1130276,40,,,1,70,,1130267,40,,,1,30,,1130282,40,,,1,70,,1074540,40,,,1,30,,1130259,40,,,1,70,,1130273,40,,,1,30,,1130272,40,,,1
3400,'17',800,,1130294,40,,,1,100,,1130296,40,,,1,56,,1130286,40,,,1,70,,1130305,40,,,1,30,,1130292,40,,,1,70,,1130293,40,,,1,30,,1130304,40,,,1,70,,1130295,40,,,1,30,,1130303,40,,,1,70,,1130285,40,,,1,30,,1130298,40,,,1,70,,1130302,40,,,1,30,,1130290,40,,,1,70,,1130288,40,,,1,82,,1130289,40,,,1,18,,1130300,40,,,1,30,,1130291,40,,,1,70,,1130299,40,,,1,30,,1130287,40,,,1,70,,1130301,40,,,1,83,,1130297,40,,,1
3400,'2',710,,1130314,40,,,1,100,,1130319,40,,,1,30,,1130324,40,,,1,70,,1130308,40,,,1,30,,1130310,40,,,1,70,,1130325,40,,,1,30,,1130320,40,,,1,70,,1130317,40,,,1,30,,1130322,40,,,1,70,,1130311,40,,,1,30,,1130312,40,,,1,70,,957097,40,,,1,30,,1130309,40,,,1,70,,1130313,40,,,1,30,,1130307,40,,,1,70,,1130316,40,,,1,30,,1130329,40,,,1,70,,1069941,40,,,1,30,,1130315,40,,,1,70,,1130327,40,,,1,30,,1130326,40,,,1,70,,1130323,40,,,1,30,,1130328,40,,,1,70,,1130321,40,,,1,30,,1130318,40,,,1,75,,1130306,40,,,1
3400,'3',800,,1130339,40,,,1,100,,1130341,40,,,1,56,,1130331,40,,,1,70,,1130350,40,,,1,30,,1130337,40,,,1,70,,1130338,40,,,1,30,,1130349,40,,,1,70,,1130340,40,,,1,30,,1130348,40,,,1,70,,1130330,40,,,1,30,,1130343,40,,,1,70,,1130347,40,,,1,30,,1130335,40,,,1,70,,1130333,40,,,1,82,,1130334,40,,,1,18,,1130345,40,,,1,30,,1130336,40,,,1,70,,1130344,40,,,1,30,,1130332,40,,,1,70,,1130346,40,,,1,83,,1130342,40,,,1
3400,'4',800,,1090773,40,,,1,100,,1130356,40,,,1,56,,1130361,40,,,1,70,,1130353,40,,,1,30,,1057673,40,,,1,70,,1089954,40,,,1,30,,1130359,40,,,1,70,,1130357,40,,,1,30,,1130358,40,,,1,70,,1130362,40,,,1,30,,1130363,40,,,1,70,,1130352,40,,,1,30,,1130366,40,,,1,70,,1068826,40,,,1,82,,1130351,40,,,1,18,,1130354,40,,,1,30,,1066433,40,,,1,70,,1130365,40,,,1,30,,1130355,40,,,1,70,,1130364,40,,,1,83,,1130360,40,,,1
3400,'5',554,,1130381,43,,,1,75,,1130384,40,,,1,71,,1130385,40,,,1,31,,1130386,40,,,1,28,,1130379,40,,,1,72,,1130368,40,,,1,69,,1130369,40,,,1,30,,1130394,40,,,1,28,,1130383,40,,,1,69,,1130382,40,,,1,30,,1130374,40,,,1,70,,1080249,40,,,1,30,,1130393,40,,,1,70,,1130373,40,,,1,31,,1130377,40,,,1,70,,1130378,40,,,1,30,,1130391,40,,,1,70,,1130380,40,,,1,30,,1130375,40,,,1,74,,1130389,40,,,1,70,,1130372,40,,,1,30,,1130390,40,,,1,27,,994940,40,,,1,70,,1130392,40,,,1,29,,1130367,40,,,1,70,,905355,40,,,1,30,,1130388,40,,,1,70,,1130376,40,,,1,30,,1103691,40,,,1,70,,1130370,40,,,1,30,,1130387,40,,,1,70,,905701,40,,,1,30,,983383,40,,,1
3400,'6',554,,1013277,43,,,1,75,,1130410,40,,,1,71,,1088934,40,,,1,31,,1005093,40,,,1,28,,1130396,40,,,1,72,,1130408,40,,,1,69,,1130424,40,,,1,30,,1130423,40,,,1,28,,1130422,40,,,1,69,,1130397,40,,,1,30,,1130426,40,,,1,70,,1130402,40,,,1,30,,1130414,40,,,1,70,,1130412,40,,,1,31,,1130409,40,,,1,70,,1130406,40,,,1,30,,1130413,40,,,1,70,,1130421,40,,,1,30,,1130415,40,,,1,74,,1130405,40,,,1,70,,1130401,40,,,1,30,,1130398,40,,,1,27,,1130407,40,,,1,70,,1130399,40,,,1,29,,1130419,40,,,1,70,,1130400,40,,,1,30,,1130420,40,,,1,70,,1130411,40,,,1,30,,1130425,40,,,1,70,,1130395,40,,,1,30,,1130403,40,,,1,70,,1130417,40,,,1,30,,1130416,40,,,1
3400,'7',710,,1130447,40,,,1,100,,1130444,40,,,1,30,,1130442,40,,,1,70,,1130439,40,,,1,30,,1130450,40,,,1,70,,1130443,40,,,1,30,,1130440,40,,,1,70,,1130431,40,,,1,30,,1130448,40,,,1,70,,1130429,40,,,1,30,,1130438,40,,,1,70,,1130427,40,,,1,30,,1130436,40,,,1,70,,1130445,40,,,1,30,,1130434,40,,,1,70,,1130437,40,,,1,30,,1130446,40,,,1,70,,1130430,40,,,1,30,,1130449,40,,,1,70,,1130428,40,,,1,30,,1130432,40,,,1,70,,1130441,40,,,1,30,,1130433,40,,,1,70,,1130452,40,,,1,30,,1130435,40,,,1,75,,1130451,40,,,1
3400,'8',554,,1130487,43,,,1,75,,1130469,40,,,1,71,,1130454,40,,,1,31,,1130483,40,,,1,28,,1130455,40,,,1,72,,1130467,40,,,1,69,,1130484,40,,,1,30,,1130482,40,,,1,28,,1130481,40,,,1,69,,1130456,40,,,1,30,,1130486,40,,,1,70,,1130461,40,,,1,30,,1130473,40,,,1,70,,1130471,40,,,1,31,,1130468,40,,,1,70,,1130465,40,,,1,30,,1130472,40,,,1,70,,1130480,40,,,1,30,,1130474,40,,,1,74,,1130464,40,,,1,70,,1130460,40,,,1,30,,1130457,40,,,1,27,,1130466,40,,,1,70,,1130458,40,,,1,29,,1130478,40,,,1,70,,1130459,40,,,1,30,,1130479,40,,,1,70,,1130470,40,,,1,30,,1130485,40,,,1,70,,1130453,40,,,1,30,,1130462,40,,,1,70,,1130476,40,,,1,30,,1130475,40,,,1
3400,'9',554,,1130502,43,,,1,75,,1130505,40,,,1,71,,1130506,40,,,1,31,,1130507,40,,,1,28,,1130500,40,,,1,72,,1130489,40,,,1,69,,1130490,40,,,1,30,,1130515,40,,,1,28,,1130504,40,,,1,69,,1130503,40,,,1,30,,1130495,40,,,1,70,,1080174,40,,,1,30,,1130514,40,,,1,70,,1130494,40,,,1,31,,1130498,40,,,1,70,,1130499,40,,,1,30,,1130512,40,,,1,70,,1130501,40,,,1,30,,1130496,40,,,1,74,,1130510,40,,,1,70,,1130493,40,,,1,30,,1130511,40,,,1,27,,995293,40,,,1,70,,1130513,40,,,1,29,,1130488,40,,,1,70,,905262,40,,,1,30,,1130509,40,,,1,70,,1130497,40,,,1,30,,1103690,40,,,1,70,,1130491,40,,,1,30,,1130508,40,,,1,70,,905618,40,,,1,30,,983348,40,,,1
