67300,'1',1540,,1200081,25,,,1,8,,1200078,25,,,1,68,,1200080,25,,,1
67300,'10',1540,,1200085,25,,,1,8,,1200082,25,,,1,68,,1200084,25,,,1
67300,'11',1540,,1200089,25,,,1,8,,1200086,25,,,1,68,,1200088,25,,,1
67300,'12',1540,,999238,25,,,1,8,,1200092,25,,,1,68,,1200091,25,,,1
67300,'14',1540,,1200096,25,,,1,8,,1200093,25,,,1,68,,1200095,25,,,1
67300,'15',1540,,1200098,25,,,1,8,,1200100,25,,,1,68,,1200099,25,,,1
67300,'16',1540,,1200104,25,,,1,8,,1200103,25,,,1,68,,1200102,25,,,1
67300,'5',1540,,1200108,25,,,1,8,,1200105,25,,,1,68,,1200107,25,,,1
67300,'6',1540,,1200112,25,,,1,8,,1200111,25,,,1,68,,1200110,25,,,1
67300,'8',1540,,1200116,25,,,1,8,,1200115,25,,,1,68,,1200114,25,,,1
67300,'9',1540,,1200120,25,,,1,8,,1200117,25,,,1,68,,1200119,25,,,1
