7400,'1',553,,1162228,5,,,1,83,,1162249,19,,,1,76,,1162254,19,,,1,35,,1162251,19,,,1,70,,1162250,19,,,1,17,,1087214,19,,,1,15,,1162260,19,,,1,53,,1162227,19,,,1,15,,1162259,19,,,1,15,,1162234,19,,,1,14,,1162253,19,,,1,55,,1162212,19,,,1,15,,1162233,19,,,1,15,,1071704,19,,,1,15,,1162264,19,,,1,55,,1162240,19,,,1,15,,1162231,19,,,1,15,,1162248,19,,,1,16,,1162229,19,,,1,55,,1162216,19,,,1,15,,1100549,19,,,1,15,,1162263,19,,,1,15,,1162235,19,,,1,55,,1162237,19,,,1,15,,1162213,19,,,1,15,,1092176,19,,,1,15,,1162222,19,,,1,55,,1162218,19,,,1,15,,1162225,19,,,1,15,,1162219,19,,,1,15,,1003799,19,,,1,55,,1162215,19,,,1,15,,1162245,19,,,1,17,,1162221,19,,,1,15,,952146,19,,,1,57,,1162232,19,,,1,17,,1162217,19,,,1,12,,1162241,19,,,1,16,,1162252,19,,,1,5,,1162220,32,0,19 20,1,50,,1162261,19,,,1,15,,1162214,19,,,1,15,,1162238,19,,,1,16,,1162223,19,,,1,55,,1162230,19,,,1,15,,1162247,19,,,1,25,,1162243,19,,,1,70,,1162242,19,,,1,85,,1162244,19,,,1,98,,1162255,19,,,1,100,,1162262,19,,,1,104,,1162258,20,,,1,121,,1162246,5,,,1
7400,'10',553,,1162281,5,,,1,83,,1162302,19,,,1,76,,1162307,19,,,1,35,,1162304,19,,,1,70,,1162303,19,,,1,17,,1087023,19,,,1,15,,1162313,19,,,1,53,,1162280,19,,,1,15,,1162312,19,,,1,15,,1162287,19,,,1,14,,1162306,19,,,1,55,,1162265,19,,,1,15,,1162286,19,,,1,15,,1071555,19,,,1,15,,1162317,19,,,1,55,,1162293,19,,,1,15,,1162284,19,,,1,15,,1162301,19,,,1,16,,1162282,19,,,1,55,,1162269,19,,,1,15,,1100471,19,,,1,15,,1162316,19,,,1,15,,1162288,19,,,1,55,,1162290,19,,,1,15,,1162266,19,,,1,15,,1092015,19,,,1,15,,1162275,19,,,1,55,,1162271,19,,,1,15,,1162278,19,,,1,15,,1162272,19,,,1,15,,1003956,19,,,1,55,,1162268,19,,,1,15,,1162298,19,,,1,17,,1162274,19,,,1,15,,951977,19,,,1,57,,1162285,19,,,1,17,,1162270,19,,,1,12,,1162294,19,,,1,16,,1162305,19,,,1,5,,1162273,32,0,19 20,1,50,,1162314,19,,,1,15,,1162267,19,,,1,15,,1162291,19,,,1,16,,1162276,19,,,1,55,,1162283,19,,,1,15,,1162300,19,,,1,25,,1162296,19,,,1,70,,1162295,19,,,1,85,,1162297,19,,,1,98,,1162308,19,,,1,100,,1162315,19,,,1,104,,1162311,20,,,1,121,,1162299,5,,,1
7400,'11',553,,1162334,5,,,1,83,,1162355,19,,,1,76,,1162360,19,,,1,35,,1162357,19,,,1,70,,1162356,19,,,1,17,,1087269,19,,,1,15,,1162366,19,,,1,53,,1162333,19,,,1,15,,1162365,19,,,1,15,,1162340,19,,,1,14,,1162359,19,,,1,55,,1162318,19,,,1,15,,1162339,19,,,1,15,,1071746,19,,,1,15,,1162370,19,,,1,55,,1162346,19,,,1,15,,1162337,19,,,1,15,,1162354,19,,,1,16,,1162335,19,,,1,55,,1162322,19,,,1,15,,1100570,19,,,1,15,,1162369,19,,,1,15,,1162341,19,,,1,55,,1162343,19,,,1,15,,1162319,19,,,1,15,,1092221,19,,,1,15,,1162328,19,,,1,55,,1162324,19,,,1,15,,1162331,19,,,1,15,,1162325,19,,,1,15,,1003751,19,,,1,55,,1162321,19,,,1,15,,1162351,19,,,1,17,,1162327,19,,,1,15,,952118,19,,,1,57,,1162338,19,,,1,17,,1162323,19,,,1,12,,1162347,19,,,1,16,,1162358,19,,,1,5,,1162326,32,0,19 20,1,50,,1162367,19,,,1,15,,1162320,19,,,1,15,,1162344,19,,,1,16,,1162329,19,,,1,55,,1162336,19,,,1,15,,1162353,19,,,1,25,,1162349,19,,,1,70,,1162348,19,,,1,85,,1162350,19,,,1,98,,1162361,19,,,1,100,,1162368,19,,,1,104,,1162364,20,,,1,121,,1162352,5,,,1
7400,'12',553,,1162396,5,,,1,83,,1162397,19,,,1,76,,1162379,19,,,1,35,,1162384,19,,,1,70,,1034236,19,,,1,17,,1162401,19,,,1,15,,1162394,19,,,1,53,,1088681,19,,,1,15,,1162371,19,,,1,15,,1162388,19,,,1,14,,1162387,19,,,1,55,,1162398,19,,,1,15,,1162404,19,,,1,15,,1162402,19,,,1,15,,1162408,19,,,1,55,,1162393,19,,,1,15,,1162405,19,,,1,15,,1162414,19,,,1,16,,1162410,19,,,1,55,,1162378,19,,,1,15,,1162399,19,,,1,15,,1162412,19,,,1,15,,1162400,19,,,1,55,,1162374,19,,,1,15,,1162418,19,,,1,15,,1162415,19,,,1,15,,1162411,19,,,1,55,,1162403,19,,,1,15,,1162421,19,,,1,15,,1162377,19,,,1,15,,927274,19,,,1,55,,1162390,19,,,1,15,,999848,19,,,1,17,,1162380,19,,,1,15,,1087169,19,,,1,57,,1032373,19,,,1,17,,1162385,19,,,1,12,,1162373,19,,,1,16,,1162381,19,,,1,5,,1079796,32,0,19 20,1,50,,1162406,19,,,1,15,,1162417,19,,,1,15,,1162386,19,,,1,16,,1162382,19,,,1,55,,1162372,19,,,1,15,,1162391,19,,,1,25,,1162375,19,,,1,70,,1162416,19,,,1,85,,1162383,19,,,1,98,,1065100,19,,,1,100,,1162376,19,,,1,104,,1162392,20,,,1,121,,1162420,5,,,1
7400,'13',739,,1162429,5,,,1,100,,1162434,5,,,1,100,,1162437,5,,,1,102,,1162430,20,,,1,70,,1162439,20,,,1,30,,1162426,20,,,1,70,,1162432,20,,,1,30,,1162440,20,,,1,70,,1162427,20,,,1,30,,1162422,20,,,1,70,,1162444,20,,,1,30,,1162423,20,,,1,70,,1162443,20,,,1,30,,1162424,20,,,1,70,,1162435,20,,,1,30,,1162428,20,,,1,70,,1162442,20,,,1,30,,1162425,20,,,1,70,,1162438,20,,,1,30,,1162433,20,,,1,98,,1162431,5,,,1,100,,1162445,5,,,1,100,,1162436,5,,,1,100,,1162441,5,,,1
7400,'14',553,,1162464,5,,,1,83,,1162487,19,,,1,76,,1162492,19,,,1,35,,1162489,19,,,1,70,,1162488,19,,,1,17,,1162449,19,,,1,15,,1162499,19,,,1,53,,1162463,19,,,1,15,,1162497,19,,,1,15,,1162470,19,,,1,14,,1162491,19,,,1,55,,1162446,19,,,1,15,,1162469,19,,,1,15,,1162498,19,,,1,15,,1162504,19,,,1,55,,1162477,19,,,1,15,,1162467,19,,,1,15,,1162486,19,,,1,16,,1162465,19,,,1,55,,1162451,19,,,1,15,,1162478,19,,,1,15,,1162502,19,,,1,15,,1162471,19,,,1,55,,1162473,19,,,1,15,,1162447,19,,,1,15,,1162476,19,,,1,15,,1162458,19,,,1,55,,1162453,19,,,1,15,,1162461,19,,,1,15,,1162454,19,,,1,15,,1162456,19,,,1,55,,1162450,19,,,1,15,,1162483,19,,,1,17,,1162457,19,,,1,15,,1162503,19,,,1,57,,1162468,19,,,1,17,,1162452,19,,,1,12,,1162479,19,,,1,16,,1162490,19,,,1,5,,1162455,32,0,19 20,1,50,,1162500,19,,,1,15,,1162448,19,,,1,15,,1162474,19,,,1,16,,1162459,19,,,1,55,,1162466,19,,,1,15,,1162485,19,,,1,25,,1162481,19,,,1,70,,1162480,19,,,1,85,,1162482,19,,,1,98,,1162493,19,,,1,100,,1162501,19,,,1,104,,1162496,20,,,1,121,,1162484,5,,,1
7400,'15',553,,1162510,5,,,1,83,,1162558,19,,,1,76,,1162555,19,,,1,35,,1162551,19,,,1,70,,1162541,19,,,1,17,,1162556,19,,,1,15,,1162530,19,,,1,53,,1162512,19,,,1,15,,1162562,19,,,1,15,,1162515,19,,,1,14,,1162526,19,,,1,55,,1162517,19,,,1,15,,1162542,19,,,1,15,,1162557,19,,,1,15,,1162521,19,,,1,55,,1162520,19,,,1,15,,1162509,19,,,1,15,,1162506,19,,,1,16,,1162540,19,,,1,55,,1162535,19,,,1,15,,1162524,19,,,1,15,,1162545,19,,,1,15,,1162527,19,,,1,55,,1162563,19,,,1,15,,1162561,19,,,1,15,,1162544,19,,,1,15,,1162513,19,,,1,55,,1162532,19,,,1,15,,1162528,19,,,1,15,,1162523,19,,,1,15,,1162549,19,,,1,55,,1162538,19,,,1,15,,1162537,19,,,1,17,,1162550,19,,,1,15,,1162507,19,,,1,57,,1162514,19,,,1,17,,1162522,19,,,1,12,,1162519,19,,,1,16,,1162533,19,,,1,5,,1162552,32,0,19 20,1,50,,1162553,19,,,1,15,,1162516,19,,,1,15,,1162546,19,,,1,16,,1162536,19,,,1,55,,1162560,19,,,1,15,,1162543,19,,,1,25,,1162518,19,,,1,70,,1162525,19,,,1,85,,1162534,19,,,1,98,,1162554,19,,,1,100,,1162529,19,,,1,104,,1162539,20,,,1,121,,1162559,5,,,1
7400,'16',553,,1162585,5,,,1,83,,1162586,19,,,1,76,,1162569,19,,,1,35,,1162574,19,,,1,70,,1162608,19,,,1,17,,1162590,19,,,1,15,,1162583,19,,,1,53,,1162615,19,,,1,15,,1162564,19,,,1,15,,1162578,19,,,1,14,,1162577,19,,,1,55,,1162587,19,,,1,15,,1162593,19,,,1,15,,1162591,19,,,1,15,,1162597,19,,,1,55,,1162582,19,,,1,15,,1162594,19,,,1,15,,1162603,19,,,1,16,,1162599,19,,,1,55,,1162568,19,,,1,15,,1162588,19,,,1,15,,1162601,19,,,1,15,,1162589,19,,,1,55,,1092914,19,,,1,15,,1162607,19,,,1,15,,1162604,19,,,1,15,,1162600,19,,,1,55,,1162592,19,,,1,15,,1162613,19,,,1,15,,1088814,19,,,1,15,,1162610,19,,,1,55,,1101207,19,,,1,15,,1162612,19,,,1,17,,1162570,19,,,1,15,,1162614,19,,,1,57,,1162571,19,,,1,17,,1162575,19,,,1,12,,1094170,19,,,1,16,,1162572,19,,,1,5,,1162573,32,0,19 20,1,50,,1162595,19,,,1,15,,1162606,19,,,1,15,,1162576,19,,,1,16,,1026026,19,,,1,55,,1162565,19,,,1,15,,1162580,19,,,1,25,,1066181,19,,,1,70,,1162605,19,,,1,85,,1046809,19,,,1,98,,1162566,19,,,1,100,,1162567,19,,,1,104,,1162581,20,,,1,121,,1162611,5,,,1
7400,'17',739,,1162623,5,,,1,100,,1162628,5,,,1,100,,1162631,5,,,1,102,,1162624,20,,,1,70,,1162633,20,,,1,30,,1162620,20,,,1,70,,1162626,20,,,1,30,,1162634,20,,,1,70,,1162621,20,,,1,30,,1162616,20,,,1,70,,1162638,20,,,1,30,,1162617,20,,,1,70,,1162637,20,,,1,30,,1162618,20,,,1,70,,1162629,20,,,1,30,,1162622,20,,,1,70,,1162636,20,,,1,30,,1162619,20,,,1,70,,1162632,20,,,1,30,,1162627,20,,,1,98,,1162625,5,,,1,100,,1162639,5,,,1,100,,1162630,5,,,1,100,,1162635,5,,,1
7400,'2',703,,1162651,5,,,1,31,,1162665,5,,,1,70,,1162658,5,,,1,30,,1162656,5,,,1,70,,1162659,5,,,1,30,,1162669,20,,,1,70,,1162661,20,,,1,30,,1162646,20,,,1,70,,1162664,20,,,1,30,,1162652,20,,,1,70,,1162654,20,,,1,30,,1162640,20,,,1,70,,1162647,20,,,1,30,,1162670,20,,,1,70,,1162641,20,,,1,30,,1162663,20,,,1,70,,1096258,20,,,1,30,,1162643,20,,,1,70,,1162666,20,,,1,30,,1162642,20,,,1,70,,1162653,20,,,1,30,,1162668,20,,,1,70,,1088406,20,,,1,30,,1162657,20,,,1,70,,1162645,20,,,1,30,,1162655,20,,,1,70,,1162667,20,,,1,30,,1162650,20,,,1,70,,1162660,20,,,1,30,,1162644,20,,,1,70,,1162662,20,,,1,99,,1162649,5,,,1,102,,1162648,5,,,1
7400,'3',739,,1162678,5,,,1,100,,1162683,5,,,1,100,,1162686,5,,,1,102,,1162679,20,,,1,70,,1162688,20,,,1,30,,1162675,20,,,1,70,,1162681,20,,,1,30,,1162689,20,,,1,70,,1162676,20,,,1,30,,1162671,20,,,1,70,,1162693,20,,,1,30,,1162672,20,,,1,70,,1162692,20,,,1,30,,1162673,20,,,1,70,,1162684,20,,,1,30,,1162677,20,,,1,70,,1162691,20,,,1,30,,1162674,20,,,1,70,,1162687,20,,,1,30,,1162682,20,,,1,98,,1162680,5,,,1,100,,1162694,5,,,1,100,,1162685,5,,,1,100,,1162690,5,,,1
7400,'4',739,,1162708,5,,,1,100,,1162703,5,,,1,100,,1162710,5,,,1,102,,1162697,20,,,1,70,,1162699,20,,,1,30,,1162702,20,,,1,70,,1162696,20,,,1,30,,1162715,20,,,1,70,,1010083,20,,,1,30,,1162712,20,,,1,70,,1162704,20,,,1,30,,1162695,20,,,1,70,,1162713,20,,,1,30,,1162706,20,,,1,70,,1162711,20,,,1,30,,1162716,20,,,1,70,,1162717,20,,,1,30,,1162700,20,,,1,70,,1162714,20,,,1,30,,1162709,20,,,1,98,,1162707,5,,,1,100,,1162701,5,,,1,100,,1162705,5,,,1,100,,1162698,5,,,1
7400,'5',553,,1162734,5,,,1,83,,1162755,19,,,1,76,,1162760,19,,,1,35,,1162757,19,,,1,70,,1162756,19,,,1,17,,1087176,19,,,1,15,,1162766,19,,,1,53,,1162733,19,,,1,15,,1162765,19,,,1,15,,1162740,19,,,1,14,,1162759,19,,,1,55,,1162718,19,,,1,15,,1162739,19,,,1,15,,1071680,19,,,1,15,,1162770,19,,,1,55,,1162746,19,,,1,15,,1162737,19,,,1,15,,1162754,19,,,1,16,,1162735,19,,,1,55,,1162722,19,,,1,15,,1100536,19,,,1,15,,1162769,19,,,1,15,,1162741,19,,,1,55,,1162743,19,,,1,15,,1162719,19,,,1,15,,1092143,19,,,1,15,,1162728,19,,,1,55,,1162724,19,,,1,15,,1162731,19,,,1,15,,1162725,19,,,1,15,,1003531,19,,,1,55,,1162721,19,,,1,15,,1162751,19,,,1,17,,1162727,19,,,1,15,,952234,19,,,1,57,,1162738,19,,,1,17,,1162723,19,,,1,12,,1162747,19,,,1,16,,1162758,19,,,1,5,,1162726,32,0,19 20,1,50,,1162767,19,,,1,15,,1162720,19,,,1,15,,1162744,19,,,1,16,,1162729,19,,,1,55,,1162736,19,,,1,15,,1162753,19,,,1,25,,1162749,19,,,1,70,,1162748,19,,,1,85,,1162750,19,,,1,98,,1162761,19,,,1,100,,1162768,19,,,1,104,,1162764,20,,,1,121,,1162752,5,,,1
7400,'6',553,,1162793,5,,,1,83,,1162794,19,,,1,76,,1036605,19,,,1,35,,1162781,19,,,1,70,,1162813,19,,,1,17,,1162797,19,,,1,15,,1162791,19,,,1,53,,1162817,19,,,1,15,,1046489,19,,,1,15,,1162785,19,,,1,14,,1162784,19,,,1,55,,1162795,19,,,1,15,,1162800,19,,,1,15,,1162798,19,,,1,15,,1162803,19,,,1,55,,1162790,19,,,1,15,,1162801,19,,,1,15,,1162808,19,,,1,16,,1072409,19,,,1,55,,1101655,19,,,1,15,,1066268,19,,,1,15,,1162806,19,,,1,15,,1162796,19,,,1,55,,1162772,19,,,1,15,,1162812,19,,,1,15,,1162809,19,,,1,15,,1162805,19,,,1,55,,1162799,19,,,1,15,,1083342,19,,,1,15,,1162775,19,,,1,15,,1162814,19,,,1,55,,1162787,19,,,1,15,,1162815,19,,,1,17,,1162776,19,,,1,15,,1162816,19,,,1,57,,1162777,19,,,1,17,,1162782,19,,,1,12,,1162771,19,,,1,16,,1079657,19,,,1,5,,1162779,32,0,19 20,1,50,,1079269,19,,,1,15,,1162811,19,,,1,15,,1162783,19,,,1,16,,1162778,19,,,1,55,,962634,19,,,1,15,,1162788,19,,,1,25,,1162773,19,,,1,70,,1162810,19,,,1,85,,1162780,19,,,1,98,,1162774,19,,,1,100,,1073913,19,,,1,104,,1162789,20,,,1,121,,954552,5,,,1
7400,'7',703,,1162843,5,,,1,31,,1162846,5,,,1,70,,1162836,5,,,1,30,,1162838,5,,,1,70,,1162829,5,,,1,30,,1162818,20,,,1,70,,1162819,20,,,1,30,,1162841,20,,,1,70,,1162839,20,,,1,30,,1162834,20,,,1,70,,1162828,20,,,1,30,,1162842,20,,,1,70,,1162840,20,,,1,30,,1162832,20,,,1,70,,1162825,20,,,1,30,,1162822,20,,,1,70,,1162848,20,,,1,30,,1162823,20,,,1,70,,1162833,20,,,1,30,,1162844,20,,,1,70,,1162849,20,,,1,30,,1162821,20,,,1,70,,1162831,20,,,1,30,,1162820,20,,,1,70,,1162850,20,,,1,30,,1162835,20,,,1,70,,1162827,20,,,1,30,,1162845,20,,,1,70,,1162824,20,,,1,30,,1162826,20,,,1,70,,1162830,20,,,1,99,,1162837,5,,,1,102,,1162847,5,,,1
7400,'8',553,,1162879,5,,,1,83,,1162880,19,,,1,76,,1162860,19,,,1,35,,1162867,19,,,1,70,,1162902,19,,,1,17,,1162884,19,,,1,15,,1162877,19,,,1,53,,1162909,19,,,1,15,,1162851,19,,,1,15,,1162871,19,,,1,14,,1162870,19,,,1,55,,1162881,19,,,1,15,,1162887,19,,,1,15,,1162885,19,,,1,15,,1162891,19,,,1,55,,1162876,19,,,1,15,,1162888,19,,,1,15,,1162897,19,,,1,16,,1162893,19,,,1,55,,1162859,19,,,1,15,,1162882,19,,,1,15,,1162895,19,,,1,15,,1162883,19,,,1,55,,1162854,19,,,1,15,,1162901,19,,,1,15,,1162898,19,,,1,15,,1162894,19,,,1,55,,1162886,19,,,1,15,,1162907,19,,,1,15,,1162858,19,,,1,15,,1162904,19,,,1,55,,1162873,19,,,1,15,,1162906,19,,,1,17,,1162861,19,,,1,15,,1162908,19,,,1,57,,1162862,19,,,1,17,,1162868,19,,,1,12,,1162853,19,,,1,16,,1162863,19,,,1,5,,1162865,32,0,19 20,1,50,,1162889,19,,,1,15,,1162900,19,,,1,15,,1162869,19,,,1,16,,1162864,19,,,1,55,,1162852,19,,,1,15,,1162874,19,,,1,25,,1162855,19,,,1,70,,1162899,19,,,1,85,,1162866,19,,,1,98,,1162856,19,,,1,100,,1162857,19,,,1,104,,1162875,20,,,1,121,,1162905,5,,,1
7400,'9',553,,1162926,5,,,1,83,,1162947,19,,,1,76,,1162952,19,,,1,35,,1162949,19,,,1,70,,1162948,19,,,1,17,,1087085,19,,,1,15,,1162958,19,,,1,53,,1162925,19,,,1,15,,1162957,19,,,1,15,,1162932,19,,,1,14,,1162951,19,,,1,55,,1162910,19,,,1,15,,1162931,19,,,1,15,,1071603,19,,,1,15,,1162962,19,,,1,55,,1162938,19,,,1,15,,1162929,19,,,1,15,,1162946,19,,,1,16,,1162927,19,,,1,55,,1162914,19,,,1,15,,1100499,19,,,1,15,,1162961,19,,,1,15,,1162933,19,,,1,55,,1162935,19,,,1,15,,1162911,19,,,1,15,,1092069,19,,,1,15,,1162920,19,,,1,55,,1162916,19,,,1,15,,1162923,19,,,1,15,,1162917,19,,,1,15,,1003847,19,,,1,55,,1162913,19,,,1,15,,1162943,19,,,1,17,,1162919,19,,,1,15,,952206,19,,,1,57,,1162930,19,,,1,17,,1162915,19,,,1,12,,1162939,19,,,1,16,,1162950,19,,,1,5,,1162918,32,0,19 20,1,50,,1162959,19,,,1,15,,1162912,19,,,1,15,,1162936,19,,,1,16,,1162921,19,,,1,55,,1162928,19,,,1,15,,1162945,19,,,1,25,,1162941,19,,,1,70,,1162940,19,,,1,85,,1162942,19,,,1,98,,1162953,19,,,1,100,,1162960,19,,,1,104,,1162956,20,,,1,121,,1162944,5,,,1
