26501,'1',1602,,1197442,12,,,1,32,,1197443,12,,,1,70,,1197444,12,,,1,30,,1197441,12,,,1,71,,1197445,12,,,1,29,,1066958,12,,,1,68,,1197446,12,,,1
26501,'10',1602,,1197448,12,,,1,32,,1197449,12,,,1,70,,1197450,12,,,1,30,,1197447,12,,,1,71,,1197451,12,,,1,29,,1066675,12,,,1,68,,1197452,12,,,1
26501,'11',1602,,1197454,12,,,1,32,,1197455,12,,,1,70,,1197456,12,,,1,30,,1197453,12,,,1,71,,1197457,12,,,1,29,,1067034,12,,,1,68,,1197458,12,,,1
26501,'12',1602,,1197462,12,,,1,32,,1197465,12,,,1,70,,1197459,12,,,1,30,,1197461,12,,,1,71,,1197460,12,,,1,29,,1197464,12,,,1,68,,1197463,12,,,1
26501,'14',1602,,1197467,12,,,1,32,,1197468,12,,,1,70,,1197469,12,,,1,30,,1197466,12,,,1,71,,1197470,12,,,1,29,,1197472,12,,,1,68,,1197471,12,,,1
26501,'15',1602,,1197477,12,,,1,32,,1197473,12,,,1,70,,1197479,12,,,1,30,,1197475,12,,,1,71,,1197474,12,,,1,29,,1197478,12,,,1,68,,1197476,12,,,1
26501,'16',1602,,1197483,12,,,1,32,,1197486,12,,,1,70,,1197480,12,,,1,30,,1197482,12,,,1,71,,1197481,12,,,1,29,,1197485,12,,,1,68,,1197484,12,,,1
26501,'5',1602,,1197488,12,,,1,32,,1197489,12,,,1,70,,1197490,12,,,1,30,,1197487,12,,,1,71,,1197491,12,,,1,29,,1066922,12,,,1,68,,1197492,12,,,1
26501,'6',1602,,1197496,12,,,1,32,,1097198,12,,,1,70,,1197493,12,,,1,30,,1197495,12,,,1,71,,1197494,12,,,1,29,,1197498,12,,,1,68,,1197497,12,,,1
26501,'8',1602,,1197502,12,,,1,32,,1197505,12,,,1,70,,1197499,12,,,1,30,,1197501,12,,,1,71,,1197500,12,,,1,29,,1197504,12,,,1,68,,1197503,12,,,1
26501,'9',1602,,1197507,12,,,1,32,,1197508,12,,,1,70,,1197509,12,,,1,30,,1197506,12,,,1,71,,1197510,12,,,1,29,,1066761,12,,,1,68,,1197511,12,,,1
