11201,'1',557,,1187748,33,,,1,70,,1187733,33,,,1,32,,979075,33,,,1,70,,1187744,33,,,1,76,,1187747,33,,,1,30,,1187740,33,,,1,67,,1187734,33,,,1,30,,1187745,33,,,1,70,,1071699,33,,,1,29,,1187743,33,,,1,70,,1089196,33,,,1,30,,1187735,33,,,1,70,,1187738,33,,,1,32,,1187729,33,,,1,70,,1187731,33,,,1,29,,1187737,33,,,1,70,,1187739,33,,,1,32,,1187727,33,,,1,71,,1035994,33,,,1,30,,1187728,33,,,1,70,,1041011,33,,,1,32,,1187726,33,,,1,70,,1187742,33,,,1,30,,1187750,33,,,1,70,,1187732,33,,,1,27,,1187752,33,,,1,70,,1187730,33,,,1,27,,1187749,33,,,1,70,,1187746,33,,,1,25,,1187725,33,,,1,30,,1039389,33,,,1,70,,1187751,33,,,1,27,,1187741,33,,,1,68,,1057230,33,,,1,30,,1187736,33,,,1,100,,996026,33,,,1
11201,'10',557,,1187776,33,,,1,70,,1187761,33,,,1,32,,978733,33,,,1,70,,1187772,33,,,1,76,,1187775,33,,,1,30,,1187768,33,,,1,67,,1187762,33,,,1,30,,1187773,33,,,1,70,,1071550,33,,,1,29,,1187771,33,,,1,70,,1089001,33,,,1,30,,1187763,33,,,1,70,,1187766,33,,,1,32,,1187757,33,,,1,70,,1187759,33,,,1,29,,1187765,33,,,1,70,,1187767,33,,,1,32,,1187755,33,,,1,71,,1036212,33,,,1,30,,1187756,33,,,1,70,,1041158,33,,,1,32,,1187754,33,,,1,70,,1187770,33,,,1,30,,1187778,33,,,1,70,,1187760,33,,,1,27,,1187780,33,,,1,70,,1187758,33,,,1,27,,1187777,33,,,1,70,,1187774,33,,,1,25,,1187753,33,,,1,30,,1039473,33,,,1,70,,1187779,33,,,1,27,,1187769,33,,,1,68,,1057248,33,,,1,30,,1187764,33,,,1,100,,996203,33,,,1
11201,'11',557,,1187804,33,,,1,70,,1187789,33,,,1,32,,979018,33,,,1,70,,1187800,33,,,1,76,,1187803,33,,,1,30,,1187796,33,,,1,67,,1187790,33,,,1,30,,1187801,33,,,1,70,,1071741,33,,,1,29,,1187799,33,,,1,70,,1089251,33,,,1,30,,1187791,33,,,1,70,,1187794,33,,,1,32,,1187785,33,,,1,70,,1187787,33,,,1,29,,1187793,33,,,1,70,,1187795,33,,,1,32,,1187783,33,,,1,71,,1035931,33,,,1,30,,1187784,33,,,1,70,,1040972,33,,,1,32,,1187782,33,,,1,70,,1187798,33,,,1,30,,1187806,33,,,1,70,,1187788,33,,,1,27,,1187808,33,,,1,70,,1187786,33,,,1,27,,1187805,33,,,1,70,,1187802,33,,,1,25,,1187781,33,,,1,30,,1039365,33,,,1,70,,1187807,33,,,1,27,,1187797,33,,,1,68,,1057224,33,,,1,30,,1187792,33,,,1,100,,995975,33,,,1
11201,'12',557,,1187813,33,,,1,70,,1187836,33,,,1,32,,947893,33,,,1,70,,1187837,33,,,1,76,,1187818,33,,,1,30,,1082420,33,,,1,67,,1187821,33,,,1,30,,1187810,33,,,1,70,,1187819,33,,,1,29,,1187839,33,,,1,70,,1187830,33,,,1,30,,1068836,33,,,1,70,,1187815,33,,,1,32,,1187832,33,,,1,70,,1187828,33,,,1,29,,886394,33,,,1,70,,1187820,33,,,1,32,,1187829,33,,,1,71,,1187811,33,,,1,30,,1187831,33,,,1,70,,1187835,33,,,1,32,,1187834,33,,,1,70,,1187838,33,,,1,30,,1187827,33,,,1,70,,1187833,33,,,1,27,,1187816,33,,,1,70,,1187814,33,,,1,27,,1187809,33,,,1,70,,1187826,33,,,1,25,,1187824,33,,,1,30,,1187825,33,,,1,70,,1187812,33,,,1,27,,1187823,33,,,1,68,,1187822,33,,,1,30,,1187840,33,,,1,100,,1187817,33,,,1
11201,'13',824,,1187855,33,,,1,102,,1187863,33,,,1,30,,1187851,33,,,1,70,,1187852,33,,,1,30,,1187843,33,,,1,72,,1006712,33,,,1,30,,1187864,33,,,1,70,,1187844,33,,,1,30,,1187845,33,,,1,70,,1187862,33,,,1,30,,1080415,33,,,1,70,,1004321,33,,,1,30,,1187842,33,,,1,70,,1187861,33,,,1,30,,1187850,33,,,1,70,,1187846,33,,,1,30,,1187854,33,,,1,70,,1187859,33,,,1,30,,1187856,33,,,1,70,,1097330,33,,,1,30,,1187858,33,,,1,69,,1187849,33,,,1,30,,1187857,33,,,1,68,,1187865,33,,,1,30,,1187860,33,,,1,70,,1187853,33,,,1,30,,1187848,33,,,1,70,,1187847,33,,,1,110,,1187841,33,,,1
11201,'14',557,,1187894,33,,,1,70,,1187876,33,,,1,32,,1187895,33,,,1,70,,1187889,33,,,1,76,,1187892,33,,,1,30,,1187884,33,,,1,67,,1187877,33,,,1,30,,1187890,33,,,1,70,,1187882,33,,,1,29,,1187888,33,,,1,70,,1187867,33,,,1,30,,1187878,33,,,1,70,,1187881,33,,,1,32,,1187872,33,,,1,70,,1187874,33,,,1,29,,1187880,33,,,1,70,,1187883,33,,,1,32,,1187870,33,,,1,71,,1187868,33,,,1,30,,1187871,33,,,1,70,,1187887,33,,,1,32,,1187869,33,,,1,70,,1187886,33,,,1,30,,1187898,33,,,1,70,,1187875,33,,,1,27,,1187901,33,,,1,70,,1187873,33,,,1,27,,1187897,33,,,1,70,,1187891,33,,,1,25,,1187866,33,,,1,30,,1187896,33,,,1,70,,1187899,33,,,1,27,,1187885,33,,,1,68,,1187893,33,,,1,30,,1187879,33,,,1,100,,1187900,33,,,1
11201,'15',557,,1187914,33,,,1,70,,1187902,33,,,1,32,,1187912,33,,,1,70,,1187932,33,,,1,76,,1187910,33,,,1,30,,1187913,33,,,1,67,,1187920,33,,,1,30,,1187928,33,,,1,70,,1187911,33,,,1,29,,1187917,33,,,1,70,,1187915,33,,,1,30,,1187937,33,,,1,70,,1187929,33,,,1,32,,1187903,33,,,1,70,,1187906,33,,,1,29,,1187933,33,,,1,70,,1187921,33,,,1,32,,1187927,33,,,1,71,,1187904,33,,,1,30,,1187916,33,,,1,70,,1187918,33,,,1,32,,1187908,33,,,1,70,,1187907,33,,,1,30,,1187934,33,,,1,70,,1187905,33,,,1,27,,1187936,33,,,1,70,,1187931,33,,,1,27,,1187922,33,,,1,70,,1187923,33,,,1,25,,1187926,33,,,1,30,,1187925,33,,,1,70,,1187909,33,,,1,27,,1187930,33,,,1,68,,1187935,33,,,1,30,,1187924,33,,,1,100,,1187919,33,,,1
11201,'16',557,,1187945,33,,,1,70,,1187968,33,,,1,32,,1187944,33,,,1,70,,1187969,33,,,1,76,,1187950,33,,,1,30,,1187943,33,,,1,67,,1187953,33,,,1,30,,1187939,33,,,1,70,,1187951,33,,,1,29,,1187971,33,,,1,70,,1187962,33,,,1,30,,1187940,33,,,1,70,,1187947,33,,,1,32,,1187964,33,,,1,70,,1187960,33,,,1,29,,1187942,33,,,1,70,,1187952,33,,,1,32,,1187961,33,,,1,71,,1083913,33,,,1,30,,1187963,33,,,1,70,,1187967,33,,,1,32,,1187966,33,,,1,70,,1187970,33,,,1,30,,1187959,33,,,1,70,,1187965,33,,,1,27,,1187948,33,,,1,70,,1187946,33,,,1,27,,1187938,33,,,1,70,,1187958,33,,,1,25,,1187956,33,,,1,30,,1187957,33,,,1,70,,1187941,33,,,1,27,,1187955,33,,,1,68,,1187954,33,,,1,30,,1187972,33,,,1,100,,1187949,33,,,1
11201,'17',824,,1187990,33,,,1,102,,1187998,33,,,1,30,,1187986,33,,,1,70,,1187987,33,,,1,30,,1187977,33,,,1,72,,1187973,33,,,1,30,,1187999,33,,,1,70,,1187978,33,,,1,30,,1187980,33,,,1,70,,1187997,33,,,1,30,,1188001,33,,,1,70,,1187979,33,,,1,30,,1187976,33,,,1,70,,1187996,33,,,1,30,,1187985,33,,,1,70,,1187981,33,,,1,30,,1187989,33,,,1,70,,1187994,33,,,1,30,,1187991,33,,,1,70,,1187975,33,,,1,30,,1187993,33,,,1,69,,1187984,33,,,1,30,,1187992,33,,,1,68,,1188000,33,,,1,30,,1187995,33,,,1,70,,1187988,33,,,1,30,,1187983,33,,,1,70,,1187982,33,,,1,110,,1187974,33,,,1
11201,'2',544,,1188028,33,,,1,90,,1188026,33,,,1,100,,1188017,33,,,1,70,,1188009,33,,,1,30,,1188023,33,,,1,70,,1188006,33,,,1,32,,1188013,33,,,1,70,,1188004,33,,,1,30,,1188003,33,,,1,70,,1188016,33,,,1,32,,1188018,33,,,1,70,,1188011,33,,,1,30,,1188035,33,,,1,70,,1188010,33,,,1,30,,1188031,33,,,1,70,,1188012,33,,,1,30,,1188014,33,,,1,70,,1188025,33,,,1,30,,1188021,33,,,1,70,,1188032,33,,,1,30,,1188029,33,,,1,70,,1188005,33,,,1,30,,1188002,33,,,1,70,,1188024,33,,,1,30,,1188027,33,,,1,70,,1188030,33,,,1,29,,1188034,33,,,1,70,,1188007,33,,,1,28,,1188019,33,,,1,70,,1188022,33,,,1,30,,1188008,33,,,1,70,,1188036,33,,,1,30,,1188015,33,,,1,70,,1188020,33,,,1,110,,1188033,33,,,1
11201,'3',824,,1188054,33,,,1,102,,1188062,33,,,1,30,,1188050,33,,,1,70,,1188051,33,,,1,30,,1188041,33,,,1,72,,1188037,33,,,1,30,,1188063,33,,,1,70,,1188042,33,,,1,30,,1188044,33,,,1,70,,1188061,33,,,1,30,,1188065,33,,,1,70,,1188043,33,,,1,30,,1188040,33,,,1,70,,1188060,33,,,1,30,,1188049,33,,,1,70,,1188045,33,,,1,30,,1188053,33,,,1,70,,1188058,33,,,1,30,,1188055,33,,,1,70,,1188039,33,,,1,30,,1188057,33,,,1,69,,1188048,33,,,1,30,,1188056,33,,,1,68,,1188064,33,,,1,30,,1188059,33,,,1,70,,1188052,33,,,1,30,,1188047,33,,,1,70,,1188046,33,,,1,110,,1188038,33,,,1
11201,'4',824,,1188088,33,,,1,102,,1188068,33,,,1,30,,1188069,33,,,1,70,,1188080,33,,,1,30,,1188067,33,,,1,72,,940943,33,,,1,30,,1188066,33,,,1,70,,1188078,33,,,1,30,,1188091,33,,,1,70,,1188071,33,,,1,30,,1188084,33,,,1,70,,1188081,33,,,1,30,,1188077,33,,,1,70,,1188092,33,,,1,30,,1188087,33,,,1,70,,1188089,33,,,1,30,,1188082,33,,,1,70,,1053287,33,,,1,30,,1188086,33,,,1,70,,1188075,33,,,1,30,,1188073,33,,,1,69,,1188070,33,,,1,30,,1188079,33,,,1,68,,1188072,33,,,1,30,,1188074,33,,,1,70,,1188090,33,,,1,30,,1188085,33,,,1,70,,1188076,33,,,1,110,,1188083,33,,,1
11201,'5',557,,1188116,33,,,1,70,,1188101,33,,,1,32,,979259,33,,,1,70,,1188112,33,,,1,76,,1188115,33,,,1,30,,1188108,33,,,1,67,,1188102,33,,,1,30,,1188113,33,,,1,70,,1071675,33,,,1,29,,1188111,33,,,1,70,,1089158,33,,,1,30,,1188103,33,,,1,70,,1188106,33,,,1,32,,1188097,33,,,1,70,,1188099,33,,,1,29,,1188105,33,,,1,70,,1188107,33,,,1,32,,1188095,33,,,1,71,,1035587,33,,,1,30,,1188096,33,,,1,70,,1040735,33,,,1,32,,1188094,33,,,1,70,,1188110,33,,,1,30,,1188118,33,,,1,70,,1188100,33,,,1,27,,1188120,33,,,1,70,,1188098,33,,,1,27,,1188117,33,,,1,70,,1188114,33,,,1,25,,1188093,33,,,1,30,,1039240,33,,,1,70,,1188119,33,,,1,27,,1188109,33,,,1,68,,1057210,33,,,1,30,,1188104,33,,,1,100,,995683,33,,,1
11201,'6',557,,1188126,33,,,1,70,,1188149,33,,,1,32,,1188125,33,,,1,70,,1101243,33,,,1,76,,1188131,33,,,1,30,,1188124,33,,,1,67,,1188134,33,,,1,30,,1017692,33,,,1,70,,1188132,33,,,1,29,,1100113,33,,,1,70,,1188143,33,,,1,30,,1188121,33,,,1,70,,1188128,33,,,1,32,,1188145,33,,,1,70,,1188141,33,,,1,29,,1188123,33,,,1,70,,1188133,33,,,1,32,,1188142,33,,,1,71,,1188122,33,,,1,30,,1188144,33,,,1,70,,1188148,33,,,1,32,,1188147,33,,,1,70,,1188150,33,,,1,30,,1188140,33,,,1,70,,1188146,33,,,1,27,,1188129,33,,,1,70,,1188127,33,,,1,27,,1084813,33,,,1,70,,1188139,33,,,1,25,,1188137,33,,,1,30,,1188138,33,,,1,70,,1102998,33,,,1,27,,1188136,33,,,1,68,,1188135,33,,,1,30,,1188151,33,,,1,100,,1188130,33,,,1
11201,'7',544,,1188170,33,,,1,90,,1188174,33,,,1,100,,1188153,33,,,1,70,,1188178,33,,,1,30,,1188165,33,,,1,70,,1188181,33,,,1,32,,1188162,33,,,1,70,,1188173,33,,,1,30,,1188180,33,,,1,70,,1188158,33,,,1,32,,1188161,33,,,1,70,,1188177,33,,,1,30,,1188172,33,,,1,70,,1188155,33,,,1,30,,1188175,33,,,1,70,,1188163,33,,,1,30,,1188186,33,,,1,70,,1188185,33,,,1,30,,1188184,33,,,1,70,,1188152,33,,,1,30,,1188159,33,,,1,70,,1188169,33,,,1,30,,1188154,33,,,1,70,,1188164,33,,,1,30,,1188156,33,,,1,70,,1188166,33,,,1,29,,1188171,33,,,1,70,,1188179,33,,,1,28,,1188167,33,,,1,70,,1188160,33,,,1,30,,1188183,33,,,1,70,,1188157,33,,,1,30,,1188168,33,,,1,70,,1188182,33,,,1,110,,1188176,33,,,1
11201,'8',557,,1188195,33,,,1,70,,1188218,33,,,1,32,,1188194,33,,,1,70,,1188219,33,,,1,76,,1188200,33,,,1,30,,1188193,33,,,1,67,,1188203,33,,,1,30,,1188188,33,,,1,70,,1188201,33,,,1,29,,1188221,33,,,1,70,,1188212,33,,,1,30,,1188189,33,,,1,70,,1188197,33,,,1,32,,1188214,33,,,1,70,,1188210,33,,,1,29,,1188192,33,,,1,70,,1188202,33,,,1,32,,1188211,33,,,1,71,,1188190,33,,,1,30,,1188213,33,,,1,70,,1188217,33,,,1,32,,1188216,33,,,1,70,,1188220,33,,,1,30,,1188209,33,,,1,70,,1188215,33,,,1,27,,1188198,33,,,1,70,,1188196,33,,,1,27,,1188187,33,,,1,70,,1188208,33,,,1,25,,1188206,33,,,1,30,,1188207,33,,,1,70,,1188191,33,,,1,27,,1188205,33,,,1,68,,1188204,33,,,1,30,,1188222,33,,,1,100,,1188199,33,,,1
11201,'9',557,,1188246,33,,,1,70,,1188231,33,,,1,32,,979202,33,,,1,70,,1188242,33,,,1,76,,1188245,33,,,1,30,,1188238,33,,,1,67,,1188232,33,,,1,30,,1188243,33,,,1,70,,1071598,33,,,1,29,,1188241,33,,,1,70,,1089064,33,,,1,30,,1188233,33,,,1,70,,1188236,33,,,1,32,,1188227,33,,,1,70,,1188229,33,,,1,29,,1188235,33,,,1,70,,1188237,33,,,1,32,,1188225,33,,,1,71,,1036057,33,,,1,30,,1188226,33,,,1,70,,1041050,33,,,1,32,,1188224,33,,,1,70,,1188240,33,,,1,30,,1188248,33,,,1,70,,1188230,33,,,1,27,,1188250,33,,,1,70,,1188228,33,,,1,27,,1188247,33,,,1,70,,1188244,33,,,1,25,,1188223,33,,,1,30,,1039413,33,,,1,70,,1188249,33,,,1,27,,1188239,33,,,1,68,,1057236,33,,,1,30,,1188234,33,,,1,100,,996077,33,,,1
61001,'1',1518,,1198921,35,,,1
61001,'10',1518,,1198922,35,,,1
61001,'11',1518,,1198923,35,,,1
61001,'12',1518,,1198924,35,,,1
61001,'14',1518,,1198925,35,,,1
61001,'15',1518,,1198926,35,,,1
61001,'16',1518,,1198927,35,,,1
61001,'5',1518,,1198928,35,,,1
61001,'6',1518,,1198929,35,,,1
61001,'8',1518,,1198930,35,,,1
61001,'9',1518,,1198931,35,,,1
68801,'1',1433,,950644,8,0,13,1,0,,1200571,8,,,1
68801,'10',1433,,950466,8,0,13,1,0,,1200573,8,,,1
68801,'11',1433,,950617,8,0,13,1,0,,1200575,8,,,1
68801,'12',1433,,1200576,8,0,13,1,0,,1200578,8,,,1
68801,'14',1433,,1200579,8,0,13,1,0,,1200581,8,,,1
68801,'15',1433,,1200582,8,0,13,1,0,,1200584,8,,,1
68801,'16',1433,,1200585,8,0,13,1,0,,1200587,8,,,1
68801,'5',1433,,950729,8,0,13,1,0,,1200589,8,,,1
68801,'6',1433,,1200590,8,0,13,1,0,,1200592,8,,,1
68801,'8',1433,,1200593,8,0,13,1,0,,1200595,8,,,1
68801,'9',1433,,950702,8,0,13,1,0,,1200597,8,,,1
