3600,'1',517,,1132001,28,,,1,100,,1131995,28,,,1,31,,1131996,28,,,1,73,,1132004,28,,,1,29,,1132018,28,,,1,70,,1089227,28,,,1,28,,1131994,28,,,1,67,,1132013,28,,,1,30,,1132003,28,,,1,70,,1065138,28,,,1,30,,1039939,28,,,1,70,,1132014,28,,,1,30,,990971,28,,,1,70,,1131993,28,,,1,30,,1086853,28,,,1,70,,1132017,28,,,1,30,,1132007,28,,,1,70,,1132002,28,,,1,34,,1132015,28,,,1,70,,1132011,28,,,1,30,,1132016,28,,,1,72,,1131997,28,,,1,30,,1131992,28,,,1,70,,972778,28,,,1,28,,985108,28,,,1,69,,1132010,28,,,1,30,,1132008,28,,,1,70,,1084458,28,,,1,27,,1131998,28,,,1,70,,1132000,28,,,1,30,,1132006,28,,,1,69,,1132009,28,,,1,30,,1132012,28,,,1,68,,1132005,28,,,1,97,,1131999,28,,,1
3600,'10',517,,1132028,28,,,1,100,,1132022,28,,,1,31,,1132023,28,,,1,73,,1132031,28,,,1,29,,1132045,28,,,1,70,,1089032,28,,,1,28,,1132021,28,,,1,67,,1132040,28,,,1,30,,1132030,28,,,1,70,,1064988,28,,,1,30,,1039953,28,,,1,70,,1132041,28,,,1,30,,990959,28,,,1,70,,1132020,28,,,1,30,,1086793,28,,,1,70,,1132044,28,,,1,30,,1132034,28,,,1,70,,1132029,28,,,1,34,,1132042,28,,,1,70,,1132038,28,,,1,30,,1132043,28,,,1,72,,1132024,28,,,1,30,,1132019,28,,,1,70,,972285,28,,,1,28,,984835,28,,,1,69,,1132037,28,,,1,30,,1132035,28,,,1,70,,1084274,28,,,1,27,,1132025,28,,,1,70,,1132027,28,,,1,30,,1132033,28,,,1,69,,1132036,28,,,1,30,,1132039,28,,,1,68,,1132032,28,,,1,97,,1132026,28,,,1
3600,'11',517,,1132055,28,,,1,100,,1132049,28,,,1,31,,1132050,28,,,1,73,,1132058,28,,,1,29,,1132072,28,,,1,70,,1089282,28,,,1,28,,1132048,28,,,1,67,,1132067,28,,,1,30,,1132057,28,,,1,70,,1065177,28,,,1,30,,1039935,28,,,1,70,,1132068,28,,,1,30,,990968,28,,,1,70,,1132047,28,,,1,30,,1086873,28,,,1,70,,1132071,28,,,1,30,,1132061,28,,,1,70,,1132056,28,,,1,34,,1132069,28,,,1,70,,1132065,28,,,1,30,,1132070,28,,,1,72,,1132051,28,,,1,30,,1132046,28,,,1,70,,972710,28,,,1,28,,985052,28,,,1,69,,1132064,28,,,1,30,,1132062,28,,,1,70,,1084514,28,,,1,27,,1132052,28,,,1,70,,1132054,28,,,1,30,,1132060,28,,,1,69,,1132063,28,,,1,30,,1132066,28,,,1,68,,1132059,28,,,1,97,,1132053,28,,,1
3600,'12',517,,1064008,28,,,1,100,,1132102,28,,,1,31,,1132089,28,,,1,73,,1132098,28,,,1,29,,1132093,28,,,1,70,,1132087,28,,,1,28,,1132075,28,,,1,67,,1132076,28,,,1,30,,1132080,28,,,1,70,,1132097,28,,,1,30,,1132095,28,,,1,70,,1132085,28,,,1,30,,1132103,28,,,1,70,,1132090,28,,,1,30,,1132082,28,,,1,70,,1132096,28,,,1,30,,1132101,28,,,1,70,,1132073,28,,,1,34,,1096723,28,,,1,70,,1132099,28,,,1,30,,1132078,28,,,1,72,,1132100,28,,,1,30,,1132084,28,,,1,70,,1132092,28,,,1,28,,1089743,28,,,1,69,,1132077,28,,,1,30,,1132081,28,,,1,70,,1132086,28,,,1,27,,1032360,28,,,1,70,,1132091,28,,,1,30,,1132088,28,,,1,69,,1132074,28,,,1,30,,1132079,28,,,1,68,,1132094,28,,,1,97,,1132083,28,,,1
3600,'13',746,,1132106,28,,,1,103,,1132115,28,,,1,100,,1132113,28,,,1,70,,1087892,28,,,1,30,,1132121,28,,,1,70,,1132118,28,,,1,30,,1132105,28,,,1,70,,1132120,28,,,1,30,,1132108,28,,,1,70,,1132114,28,,,1,30,,1132122,28,,,1,70,,1132110,28,,,1,30,,1132123,28,,,1,70,,1132119,28,,,1,30,,1132116,28,,,1,70,,1132124,28,,,1,30,,1132125,28,,,1,70,,1098981,28,,,1,30,,1132112,28,,,1,70,,1132126,28,,,1,30,,1132117,28,,,1,70,,1132111,28,,,1,100,,1132109,28,,,1,100,,1132104,28,,,1,97,,1132107,28,,,1,100,,1132127,28,,,1
3600,'14',517,,1132141,28,,,1,100,,1132134,28,,,1,31,,1132135,28,,,1,73,,1132144,28,,,1,29,,1132161,28,,,1,70,,1132162,28,,,1,28,,1132132,28,,,1,67,,1132154,28,,,1,30,,1132143,28,,,1,70,,1132130,28,,,1,30,,1132128,28,,,1,70,,1132155,28,,,1,30,,1132133,28,,,1,70,,1132131,28,,,1,30,,1132147,28,,,1,70,,1132159,28,,,1,30,,1132148,28,,,1,70,,1132142,28,,,1,34,,1132156,28,,,1,70,,1132152,28,,,1,30,,1132158,28,,,1,72,,1132137,28,,,1,30,,1132129,28,,,1,70,,1132157,28,,,1,28,,1132136,28,,,1,69,,1132151,28,,,1,30,,1132149,28,,,1,70,,1132160,28,,,1,27,,1132138,28,,,1,70,,1132140,28,,,1,30,,1132146,28,,,1,69,,1132150,28,,,1,30,,1132153,28,,,1,68,,1132145,28,,,1,97,,1132139,28,,,1
3600,'15',517,,1132185,28,,,1,100,,1132167,28,,,1,31,,1132194,28,,,1,73,,1132191,28,,,1,29,,1132190,28,,,1,70,,1132174,28,,,1,28,,1132169,28,,,1,67,,1132188,28,,,1,30,,1132193,28,,,1,70,,1132182,28,,,1,30,,1132172,28,,,1,70,,1132163,28,,,1,30,,1132179,28,,,1,70,,1132189,28,,,1,30,,1132184,28,,,1,70,,1132175,28,,,1,30,,1132176,28,,,1,70,,1132180,28,,,1,34,,1132166,28,,,1,70,,1132196,28,,,1,30,,1132181,28,,,1,72,,1132165,28,,,1,30,,1132177,28,,,1,70,,1132186,28,,,1,28,,1132195,28,,,1,69,,1132164,28,,,1,30,,1132178,28,,,1,70,,1132168,28,,,1,27,,1132192,28,,,1,70,,1132171,28,,,1,30,,1132187,28,,,1,69,,1132173,28,,,1,30,,1132197,28,,,1,68,,1132170,28,,,1,97,,1132183,28,,,1
3600,'16',517,,1132208,28,,,1,100,,1132228,28,,,1,31,,1132215,28,,,1,73,,1132224,28,,,1,29,,1132219,28,,,1,70,,1132213,28,,,1,28,,1132201,28,,,1,67,,1132202,28,,,1,30,,1132206,28,,,1,70,,1132223,28,,,1,30,,1132221,28,,,1,70,,1132211,28,,,1,30,,1132229,28,,,1,70,,1132216,28,,,1,30,,1132209,28,,,1,70,,1132222,28,,,1,30,,1132227,28,,,1,70,,1132198,28,,,1,34,,1132230,28,,,1,70,,1132225,28,,,1,30,,1132204,28,,,1,72,,1132226,28,,,1,30,,1011804,28,,,1,70,,1132218,28,,,1,28,,1132231,28,,,1,69,,1132203,28,,,1,30,,1132207,28,,,1,70,,1132212,28,,,1,27,,1132200,28,,,1,70,,1132217,28,,,1,30,,1132214,28,,,1,69,,1132199,28,,,1,30,,1132205,28,,,1,68,,1132220,28,,,1,97,,1132210,28,,,1
3600,'17',746,,1132235,28,,,1,103,,1132244,28,,,1,100,,1132242,28,,,1,70,,1132232,28,,,1,30,,1132250,28,,,1,70,,1132247,28,,,1,30,,1132234,28,,,1,70,,1132249,28,,,1,30,,1132237,28,,,1,70,,1132243,28,,,1,30,,1132252,28,,,1,70,,1132239,28,,,1,30,,1132253,28,,,1,70,,1132248,28,,,1,30,,1132245,28,,,1,70,,1132254,28,,,1,30,,1132255,28,,,1,70,,1132251,28,,,1,30,,1132241,28,,,1,70,,1132256,28,,,1,30,,1132246,28,,,1,70,,1132240,28,,,1,100,,1132238,28,,,1,100,,1132233,28,,,1,97,,1132236,28,,,1,100,,1132257,28,,,1
3600,'2',741,,1132258,28,,,1,103,,1132275,28,,,1,70,,1132283,28,,,1,30,,1132277,28,,,1,70,,1132262,28,,,1,30,,1132278,28,,,1,70,,1132260,28,,,1,30,,1132281,28,,,1,70,,1132259,28,,,1,30,,1132280,28,,,1,70,,1132276,28,,,1,30,,1132265,28,,,1,70,,1132271,28,,,1,30,,1132261,28,,,1,70,,1132284,28,,,1,30,,1132273,28,,,1,70,,1132264,28,,,1,30,,1132285,28,,,1,70,,1132270,28,,,1,30,,1132266,28,,,1,70,,1132272,28,,,1,30,,1132286,28,,,1,70,,1132279,28,,,1,30,,1132267,28,,,1,70,,1132274,28,,,1,30,,1076458,28,,,1,70,,1132268,28,,,1,30,,1132282,28,,,1,97,,1132269,28,,,1,100,,1132263,28,,,1
3600,'3',746,,1132290,28,,,1,103,,1132299,28,,,1,100,,1132297,28,,,1,70,,1132287,28,,,1,30,,1132305,28,,,1,70,,1132302,28,,,1,30,,1132289,28,,,1,70,,1132304,28,,,1,30,,1132292,28,,,1,70,,1132298,28,,,1,30,,1132307,28,,,1,70,,1132294,28,,,1,30,,1132308,28,,,1,70,,1132303,28,,,1,30,,1132300,28,,,1,70,,1132309,28,,,1,30,,1132310,28,,,1,70,,1132306,28,,,1,30,,1132296,28,,,1,70,,1132311,28,,,1,30,,1132301,28,,,1,70,,1132295,28,,,1,100,,1132293,28,,,1,100,,1132288,28,,,1,97,,1132291,28,,,1,100,,1132312,28,,,1
3600,'4',746,,1132315,28,,,1,103,,1132335,28,,,1,100,,1132334,28,,,1,70,,1132330,28,,,1,30,,1132325,28,,,1,70,,1132318,28,,,1,30,,1132313,28,,,1,70,,1132332,28,,,1,30,,1132317,28,,,1,70,,1132324,28,,,1,30,,1132329,28,,,1,70,,1074867,28,,,1,30,,1010081,28,,,1,70,,1132316,28,,,1,30,,1132314,28,,,1,70,,1132333,28,,,1,30,,1132321,28,,,1,70,,1132322,28,,,1,30,,1132327,28,,,1,70,,1132326,28,,,1,30,,1036760,28,,,1,70,,1132323,28,,,1,100,,1132328,28,,,1,100,,1132319,28,,,1,97,,1132331,28,,,1,100,,1132320,28,,,1
3600,'5',517,,1132345,28,,,1,100,,1132339,28,,,1,31,,1132340,28,,,1,73,,1132348,28,,,1,29,,1132362,28,,,1,70,,1089189,28,,,1,28,,1132338,28,,,1,67,,1132357,28,,,1,30,,1132347,28,,,1,70,,1065116,28,,,1,30,,1039921,28,,,1,70,,1132358,28,,,1,30,,990983,28,,,1,70,,1132337,28,,,1,30,,1086833,28,,,1,70,,1132361,28,,,1,30,,1132351,28,,,1,70,,1132346,28,,,1,34,,1132359,28,,,1,70,,1132355,28,,,1,30,,1132360,28,,,1,72,,1132341,28,,,1,30,,1132336,28,,,1,70,,973000,28,,,1,28,,985278,28,,,1,69,,1132354,28,,,1,30,,1132352,28,,,1,70,,1084425,28,,,1,27,,1132342,28,,,1,70,,1132344,28,,,1,30,,1132350,28,,,1,69,,1132353,28,,,1,30,,1132356,28,,,1,68,,1132349,28,,,1,97,,1132343,28,,,1
3600,'6',517,,1132367,28,,,1,100,,1132387,28,,,1,31,,1132374,28,,,1,73,,1132383,28,,,1,29,,1132378,28,,,1,70,,1132372,28,,,1,28,,1037501,28,,,1,67,,1071997,28,,,1,30,,1098598,28,,,1,70,,1132382,28,,,1,30,,1132380,28,,,1,70,,1132370,28,,,1,30,,1132388,28,,,1,70,,1132375,28,,,1,30,,986215,28,,,1,70,,1132381,28,,,1,30,,1132386,28,,,1,70,,1054503,28,,,1,34,,1132389,28,,,1,70,,1132384,28,,,1,30,,1091700,28,,,1,72,,1132385,28,,,1,30,,1132369,28,,,1,70,,1132377,28,,,1,28,,1132390,28,,,1,69,,1132364,28,,,1,30,,1132366,28,,,1,70,,1132371,28,,,1,27,,1132363,28,,,1,70,,1132376,28,,,1,30,,1132373,28,,,1,69,,1060278,28,,,1,30,,1132365,28,,,1,68,,1132379,28,,,1,97,,1132368,28,,,1
3600,'7',741,,1132419,28,,,1,103,,1132417,28,,,1,70,,1132393,28,,,1,30,,1132397,28,,,1,70,,1132392,28,,,1,30,,1132403,28,,,1,70,,1132402,28,,,1,30,,1132412,28,,,1,70,,1132410,28,,,1,30,,1132416,28,,,1,70,,1132396,28,,,1,30,,1132407,28,,,1,70,,1132395,28,,,1,30,,1132391,28,,,1,70,,1132405,28,,,1,30,,1132398,28,,,1,70,,1132401,28,,,1,30,,1132406,28,,,1,70,,1132399,28,,,1,30,,1132418,28,,,1,70,,1132413,28,,,1,30,,1132409,28,,,1,70,,1132408,28,,,1,30,,1132415,28,,,1,70,,1132420,28,,,1,30,,1132400,28,,,1,70,,1132394,28,,,1,30,,1132404,28,,,1,97,,1132414,28,,,1,100,,1132411,28,,,1
3600,'8',517,,1132431,28,,,1,100,,1132452,28,,,1,31,,1132439,28,,,1,73,,1132448,28,,,1,29,,1132443,28,,,1,70,,1132437,28,,,1,28,,1132424,28,,,1,67,,1132425,28,,,1,30,,1132429,28,,,1,70,,1132447,28,,,1,30,,1132445,28,,,1,70,,1132435,28,,,1,30,,1132453,28,,,1,70,,1132440,28,,,1,30,,1132432,28,,,1,70,,1132446,28,,,1,30,,1132451,28,,,1,70,,1132421,28,,,1,34,,1132454,28,,,1,70,,1132449,28,,,1,30,,1132427,28,,,1,72,,1132450,28,,,1,30,,1132434,28,,,1,70,,1132442,28,,,1,28,,1132455,28,,,1,69,,1132426,28,,,1,30,,1132430,28,,,1,70,,1132436,28,,,1,27,,1132423,28,,,1,70,,1132441,28,,,1,30,,1132438,28,,,1,69,,1132422,28,,,1,30,,1132428,28,,,1,68,,1132444,28,,,1,97,,1132433,28,,,1
3600,'9',517,,1132465,28,,,1,100,,1132459,28,,,1,31,,1132460,28,,,1,73,,1132468,28,,,1,29,,1132482,28,,,1,70,,1089095,28,,,1,28,,1132458,28,,,1,67,,1132477,28,,,1,30,,1132467,28,,,1,70,,1065037,28,,,1,30,,1039943,28,,,1,70,,1132478,28,,,1,30,,990980,28,,,1,70,,1132457,28,,,1,30,,1086813,28,,,1,70,,1132481,28,,,1,30,,1132471,28,,,1,70,,1132466,28,,,1,34,,1132479,28,,,1,70,,1132475,28,,,1,30,,1132480,28,,,1,72,,1132461,28,,,1,30,,1132456,28,,,1,70,,972932,28,,,1,28,,985222,28,,,1,69,,1132474,28,,,1,30,,1132472,28,,,1,70,,1084335,28,,,1,27,,1132462,28,,,1,70,,1132464,28,,,1,30,,1132470,28,,,1,69,,1132473,28,,,1,30,,1132476,28,,,1,68,,1132469,28,,,1,97,,1132463,28,,,1
30200,'12',938,,1011075,55,,,1
30200,'5',938,,1198184,55,,,1
