11701,'1',1547,,1188914,10,,,1,70,,1093378,10,,,1,30,,1188912,10,,,1,70,,1188913,10,,,1,30,,1062138,10,,,1
11701,'10',1547,,1188917,10,,,1,70,,1093062,10,,,1,30,,1188915,10,,,1,70,,1188916,10,,,1,30,,1061905,10,,,1
11701,'11',1547,,1188920,10,,,1,70,,1093469,10,,,1,30,,1188918,10,,,1,70,,1188919,10,,,1,30,,1062213,10,,,1
11701,'12',1547,,1188921,10,,,1,70,,1188924,10,,,1,30,,1188922,10,,,1,70,,1188925,10,,,1,30,,1188923,10,,,1
11701,'14',1547,,1188930,10,,,1,70,,1188926,10,,,1,30,,1188927,10,,,1,70,,1188929,10,,,1,30,,1188928,10,,,1
11701,'15',1547,,1188934,10,,,1,70,,1188931,10,,,1,30,,1188933,10,,,1,70,,1188935,10,,,1,30,,1188932,10,,,1
11701,'16',1547,,1188936,10,,,1,70,,1188939,10,,,1,30,,1188937,10,,,1,70,,1188940,10,,,1,30,,1188938,10,,,1
11701,'5',1547,,1188943,10,,,1,70,,1093323,10,,,1,30,,1188941,10,,,1,70,,1188942,10,,,1,30,,1062090,10,,,1
11701,'6',1547,,1188944,10,,,1,70,,1188947,10,,,1,30,,1188945,10,,,1,70,,1068952,10,,,1,30,,1188946,10,,,1
11701,'8',1547,,1188948,10,,,1,70,,1188951,10,,,1,30,,1188949,10,,,1,70,,1188952,10,,,1,30,,1188950,10,,,1
11701,'9',1547,,1188955,10,,,1,70,,1093167,10,,,1,30,,1188953,10,,,1,70,,1188954,10,,,1,30,,1061979,10,,,1
67000,'1',719,,1200062,2,,,1
67000,'10',719,,1200063,2,,,1
67000,'11',719,,1200064,2,,,1
67000,'12',719,,1200065,2,,,1
67000,'14',719,,1200066,2,,,1
67000,'15',719,,1200067,2,,,1
67000,'16',719,,1200068,2,,,1
67000,'5',719,,1200069,2,,,1
67000,'6',719,,1200070,2,,,1
67000,'8',719,,1200071,2,,,1
67000,'9',719,,1200072,2,,,1
68700,'1',717,,1200532,2,,,1
68700,'10',717,,1200533,2,,,1
68700,'11',717,,1200534,2,,,1
68700,'12',717,,1200535,2,,,1
68700,'14',717,,1200536,2,,,1
68700,'15',717,,1200537,2,,,1
68700,'16',717,,1200538,2,,,1
68700,'5',717,,1200539,2,,,1
68700,'6',717,,1200540,2,,,1
68700,'8',717,,1200541,2,,,1
68700,'9',717,,1200542,2,,,1
