26200,'1',545,,1088155,20,,,1,98,,1197222,20,,,1,67,,1068384,20,,,1,90,,1197221,20,,,1
26200,'10',545,,1087747,20,,,1,98,,1197224,20,,,1,67,,1068143,20,,,1,90,,1197223,20,,,1
26200,'11',545,,1088267,20,,,1,98,,1197226,20,,,1,67,,1068448,20,,,1,90,,1197225,20,,,1
26200,'12',545,,1100923,20,,,1,98,,1197227,20,,,1,67,,1197228,20,,,1,90,,1197229,20,,,1
26200,'14',545,,1197233,20,,,1,98,,1197232,20,,,1,67,,1197230,20,,,1,90,,1197231,20,,,1
26200,'15',545,,1197234,20,,,1,98,,1197237,20,,,1,67,,1197236,20,,,1,90,,1197235,20,,,1
26200,'16',545,,1197238,20,,,1,98,,1197239,20,,,1,67,,1197240,20,,,1,90,,1197241,20,,,1
26200,'5',545,,1088094,20,,,1,98,,1197243,20,,,1,67,,1068341,20,,,1,90,,1197242,20,,,1
26200,'6',545,,1197244,20,,,1,98,,1197245,20,,,1,67,,1197246,20,,,1,90,,1065570,20,,,1
26200,'8',545,,1197247,20,,,1,98,,1197248,20,,,1,67,,1197249,20,,,1,90,,1197250,20,,,1
26200,'9',545,,1087877,20,,,1,98,,1197252,20,,,1,67,,1068220,20,,,1,90,,1197251,20,,,1
30301,'16',1512,,1198189,46,,,1
30301,'9',1512,,1198190,46,,,1
