23400,'1',552,,1196752,23,,,1,73,,1196750,23,,,1,29,,1196748,23,,,1,71,,1196751,23,,,1,26,,1196749,23,,,1,77,,1196747,23,,,1
23400,'10',552,,1196758,23,,,1,73,,1196756,23,,,1,29,,1196754,23,,,1,71,,1196757,23,,,1,26,,1196755,23,,,1,77,,1196753,23,,,1
23400,'11',552,,1196764,23,,,1,73,,1196762,23,,,1,29,,1196760,23,,,1,71,,1196763,23,,,1,26,,1196761,23,,,1,77,,1196759,23,,,1
23400,'12',552,,1196767,23,,,1,73,,1196768,23,,,1,29,,1196769,23,,,1,71,,1196766,23,,,1,26,,1196770,23,,,1,77,,1196765,23,,,1
23400,'14',552,,1196776,23,,,1,73,,1196774,23,,,1,29,,1196772,23,,,1,71,,1196775,23,,,1,26,,1196773,23,,,1,77,,1196771,23,,,1
23400,'15',552,,1196777,23,,,1,73,,1196778,23,,,1,29,,1196781,23,,,1,71,,1196782,23,,,1,26,,1196780,23,,,1,77,,1196779,23,,,1
23400,'16',552,,1196784,23,,,1,73,,1196785,23,,,1,29,,1196786,23,,,1,71,,1196783,23,,,1,26,,1097508,23,,,1,77,,1090024,23,,,1
23400,'5',552,,1196792,23,,,1,73,,1196790,23,,,1,29,,1196788,23,,,1,71,,1196791,23,,,1,26,,1196789,23,,,1,77,,1196787,23,,,1
23400,'6',552,,1196795,23,,,1,73,,1196796,23,,,1,29,,1196797,23,,,1,71,,1196794,23,,,1,26,,1196798,23,,,1,77,,1196793,23,,,1
23400,'8',552,,1196801,23,,,1,73,,1196802,23,,,1,29,,1196803,23,,,1,71,,1196800,23,,,1,26,,1196804,23,,,1,77,,1196799,23,,,1
23400,'9',552,,1196810,23,,,1,73,,1196808,23,,,1,29,,1196806,23,,,1,71,,1196809,23,,,1,26,,1196807,23,,,1,77,,1196805,23,,,1
