22100,'1',639,,1196315,5,,,1,70,,1086684,5,,,1
22100,'10',639,,1196316,5,,,1,70,,1086514,5,,,1
22100,'11',639,,1196317,5,,,1,70,,1086739,5,,,1
22100,'12',639,,1196318,5,,,1,70,,1196320,5,,,1
22100,'14',639,,1196322,5,,,1,70,,1196321,5,,,1
22100,'15',639,,1196327,5,,,1,70,,1196325,5,,,1
22100,'16',639,,1038841,5,,,1,70,,1196331,5,,,1
22100,'5',639,,1196332,5,,,1,70,,1086658,5,,,1
22100,'6',639,,1196334,5,,,1,70,,1196336,5,,,1
22100,'8',639,,1196338,5,,,1,70,,1196340,5,,,1
22100,'9',639,,1196341,5,,,1,70,,1086570,5,,,1
22101,'1',1704,,1196343,42,,,1,101,,1196344,42,,,1
22101,'10',1704,,1196347,42,,,1,101,,1196348,42,,,1
22101,'11',1704,,1196351,42,,,1,101,,1196352,42,,,1
22101,'12',1704,,1196356,42,,,1,101,,1196357,42,,,1
22101,'14',1704,,1196359,42,,,1,101,,1196360,42,,,1
22101,'15',1704,,1196364,42,,,1,101,,1196365,42,,,1
22101,'16',1704,,1196368,42,,,1,101,,1196369,42,,,1
22101,'5',1704,,1196371,42,,,1,101,,1196372,42,,,1
22101,'6',1704,,1196375,42,,,1,101,,1196376,42,,,1
22101,'8',1704,,1196379,42,,,1,101,,1196380,42,,,1
22101,'9',1704,,1196382,42,,,1,101,,1196383,42,,,1
