23401,'1',1604,,1196814,32,,,1,30,,1196815,32,,,1,70,,1055878,32,,,1,29,,1196812,32,,,1,69,,1041995,32,,,1,28,,1196813,32,,,1,71,,1196811,32,,,1
23401,'10',1604,,1196819,32,,,1,30,,1196820,32,,,1,70,,1055971,32,,,1,29,,1196817,32,,,1,69,,1042107,32,,,1,28,,1196818,32,,,1,71,,1196816,32,,,1
23401,'11',1604,,1196824,32,,,1,30,,1196825,32,,,1,70,,1055849,32,,,1,29,,1196822,32,,,1,69,,1041964,32,,,1,28,,1196823,32,,,1,71,,1196821,32,,,1
23401,'12',1604,,1196828,32,,,1,30,,1196830,32,,,1,70,,1196829,32,,,1,29,,1196827,32,,,1,69,,1196832,32,,,1,28,,1196831,32,,,1,71,,1196826,32,,,1
23401,'14',1604,,1196838,32,,,1,30,,1196839,32,,,1,70,,1196834,32,,,1,29,,1196836,32,,,1,69,,1196833,32,,,1,28,,1196837,32,,,1,71,,1196835,32,,,1
23401,'15',1604,,1196846,32,,,1,30,,1196841,32,,,1,70,,1196840,32,,,1,29,,1196844,32,,,1,69,,1196843,32,,,1,28,,1196845,32,,,1,71,,1196842,32,,,1
23401,'16',1604,,1196848,32,,,1,30,,1196850,32,,,1,70,,1196849,32,,,1,29,,1072366,32,,,1,69,,1196852,32,,,1,28,,1196851,32,,,1,71,,1196847,32,,,1
23401,'5',1604,,1196856,32,,,1,30,,1196857,32,,,1,70,,1055707,32,,,1,29,,1196854,32,,,1,69,,1041795,32,,,1,28,,1196855,32,,,1,71,,1196853,32,,,1
23401,'6',1604,,1196859,32,,,1,30,,1196861,32,,,1,70,,1196860,32,,,1,29,,1196858,32,,,1,69,,1196863,32,,,1,28,,1196862,32,,,1,71,,1093011,32,,,1
23401,'8',1604,,1196866,32,,,1,30,,1196868,32,,,1,70,,1196867,32,,,1,29,,1196865,32,,,1,69,,1196870,32,,,1,28,,1196869,32,,,1,71,,1196864,32,,,1
23401,'9',1604,,1196874,32,,,1,30,,1196875,32,,,1,70,,1055907,32,,,1,29,,1196872,32,,,1,69,,1042026,32,,,1,28,,1196873,32,,,1,71,,1196871,32,,,1
