26200,'1',546,,1088155,21,,,1,98,,1197222,21,,,1,67,,1068384,21,,,1,90,,1197221,21,,,1
26200,'10',546,,1087747,21,,,1,98,,1197224,21,,,1,67,,1068143,21,,,1,90,,1197223,21,,,1
26200,'11',546,,1088267,21,,,1,98,,1197226,21,,,1,67,,1068448,21,,,1,90,,1197225,21,,,1
26200,'12',546,,1100923,21,,,1,98,,1197227,21,,,1,67,,1197228,21,,,1,90,,1197229,21,,,1
26200,'14',546,,1197233,21,,,1,98,,1197232,21,,,1,67,,1197230,21,,,1,90,,1197231,21,,,1
26200,'15',546,,1197234,21,,,1,98,,1197237,21,,,1,67,,1197236,21,,,1,90,,1197235,21,,,1
26200,'16',546,,1197238,21,,,1,98,,1197239,21,,,1,67,,1197240,21,,,1,90,,1197241,21,,,1
26200,'5',546,,1088094,21,,,1,98,,1197243,21,,,1,67,,1068341,21,,,1,90,,1197242,21,,,1
26200,'6',546,,1197244,21,,,1,98,,1197245,21,,,1,67,,1197246,21,,,1,90,,1065570,21,,,1
26200,'8',546,,1197247,21,,,1,98,,1197248,21,,,1,67,,1197249,21,,,1,90,,1197250,21,,,1
26200,'9',546,,1087877,21,,,1,98,,1197252,21,,,1,67,,1068220,21,,,1,90,,1197251,21,,,1
30301,'16',1512,,1198189,47,,,1
30301,'9',1512,,1198190,47,,,1
