4200,'1',529,,1139749,24,,,1,96,,1139747,24,,,1,30,,1139748,24,,,1,68,,1077948,24,,,1,24,,1139746,24,,,1,73,,1139764,24,,,1,34,,1139762,24,,,1,73,,1139767,24,,,1,30,,1139758,24,,,1,70,,1139757,24,,,1,30,,1062106,24,,,1,70,,1139751,24,,,1,28,,1062139,24,,,1,70,,1139742,24,,,1,29,,1139743,24,,,1,70,,1139753,24,,,1,30,,1139754,24,,,1,70,,1139760,24,,,1,27,,1139750,24,,,1,70,,1139741,24,,,1,34,,1139744,24,,,1,70,,1139765,24,,,1,30,,1139745,24,,,1,68,,1090484,24,,,1,30,,1139755,24,,,1,68,,1100049,24,,,1,30,,1139759,24,,,1,68,,1139766,24,,,1,30,,1100727,24,,,1,69,,1139761,24,,,1,30,,1139756,24,,,1,60,,1139752,24,,,1,15,,1139763,24,,,1
4200,'10',529,,1139776,24,,,1,96,,1139774,24,,,1,30,,1139775,24,,,1,68,,1077739,24,,,1,24,,1139773,24,,,1,73,,1139791,24,,,1,34,,1139789,24,,,1,73,,1139794,24,,,1,30,,1139785,24,,,1,70,,1139784,24,,,1,30,,1061873,24,,,1,70,,1139778,24,,,1,28,,1061906,24,,,1,70,,1139769,24,,,1,29,,1139770,24,,,1,70,,1139780,24,,,1,30,,1139781,24,,,1,70,,1139787,24,,,1,27,,1139777,24,,,1,70,,1139768,24,,,1,34,,1139771,24,,,1,70,,1139792,24,,,1,30,,1139772,24,,,1,68,,1090327,24,,,1,30,,1139782,24,,,1,68,,1099905,24,,,1,30,,1139786,24,,,1,68,,1139793,24,,,1,30,,1100591,24,,,1,69,,1139788,24,,,1,30,,1139783,24,,,1,60,,1139779,24,,,1,15,,1139790,24,,,1
4200,'11',529,,1139803,24,,,1,96,,1139801,24,,,1,30,,1139802,24,,,1,68,,1078011,24,,,1,24,,1139800,24,,,1,73,,1139818,24,,,1,34,,1139816,24,,,1,73,,1139821,24,,,1,30,,1139812,24,,,1,70,,1139811,24,,,1,30,,1062181,24,,,1,70,,1139805,24,,,1,28,,1062214,24,,,1,70,,1139796,24,,,1,29,,1139797,24,,,1,70,,1139807,24,,,1,30,,1139808,24,,,1,70,,1139814,24,,,1,27,,1139804,24,,,1,70,,1139795,24,,,1,34,,1139798,24,,,1,70,,1139819,24,,,1,30,,1139799,24,,,1,68,,1090527,24,,,1,30,,1139809,24,,,1,68,,1100093,24,,,1,30,,1139813,24,,,1,68,,1139820,24,,,1,30,,1100765,24,,,1,69,,1139815,24,,,1,30,,1139810,24,,,1,60,,1139806,24,,,1,15,,1139817,24,,,1
4200,'12',529,,1139833,24,,,1,96,,1139827,24,,,1,30,,1139849,24,,,1,68,,1139846,24,,,1,24,,1139826,24,,,1,73,,1139844,24,,,1,34,,1139841,24,,,1,73,,1139822,24,,,1,30,,1139834,24,,,1,70,,1139840,24,,,1,30,,1139847,24,,,1,70,,1139845,24,,,1,28,,1139842,24,,,1,70,,1139843,24,,,1,29,,1139835,24,,,1,70,,1139823,24,,,1,30,,1139838,24,,,1,70,,1139828,24,,,1,27,,1139829,24,,,1,70,,1139831,24,,,1,34,,1139832,24,,,1,70,,1139839,24,,,1,30,,1139836,24,,,1,68,,1139825,24,,,1,30,,1085933,24,,,1,68,,1139852,24,,,1,30,,1139837,24,,,1,68,,1139853,24,,,1,30,,1139848,24,,,1,69,,1139851,24,,,1,30,,1139830,24,,,1,60,,1139850,24,,,1,15,,1139824,24,,,1
4200,'13',719,,1139869,24,,,1,99,,1139858,24,,,1,100,,1139854,24,,,1,30,,1139862,24,,,1,70,,995876,24,,,1,30,,1139866,24,,,1,70,,1139868,24,,,1,30,,1139867,24,,,1,70,,1139865,24,,,1,30,,1139863,24,,,1,70,,1092087,24,,,1,30,,1139864,24,,,1,70,,1139859,24,,,1,30,,1139856,24,,,1,70,,1139857,24,,,1,30,,1139870,24,,,1,70,,1139855,24,,,1,30,,1139860,24,,,1,70,,1139861,24,,,1,100,,1139871,24,,,1
4200,'14',529,,1139884,24,,,1,96,,1139882,24,,,1,30,,1139883,24,,,1,68,,1139879,24,,,1,24,,1139881,24,,,1,73,,1139899,24,,,1,34,,1139897,24,,,1,73,,1139903,24,,,1,30,,1139893,24,,,1,70,,1139892,24,,,1,30,,1139872,24,,,1,70,,1139886,24,,,1,28,,1139901,24,,,1,70,,1139875,24,,,1,29,,1139877,24,,,1,70,,1139888,24,,,1,30,,1139889,24,,,1,70,,1139895,24,,,1,27,,1139885,24,,,1,70,,1139874,24,,,1,34,,1139878,24,,,1,70,,1139900,24,,,1,30,,1139880,24,,,1,68,,1139876,24,,,1,30,,1139890,24,,,1,68,,1139904,24,,,1,30,,1139894,24,,,1,68,,1139902,24,,,1,30,,1139873,24,,,1,69,,1139896,24,,,1,30,,1139891,24,,,1,60,,1139887,24,,,1,15,,1139898,24,,,1
4200,'15',529,,1139927,24,,,1,96,,1139923,24,,,1,30,,1139930,24,,,1,68,,1139915,24,,,1,24,,1139908,24,,,1,73,,1139906,24,,,1,34,,1139931,24,,,1,73,,1139933,24,,,1,30,,1139911,24,,,1,70,,1139913,24,,,1,30,,1139920,24,,,1,70,,1139917,24,,,1,28,,1139928,24,,,1,70,,1139905,24,,,1,29,,1139919,24,,,1,70,,1139914,24,,,1,30,,1139910,24,,,1,70,,1139925,24,,,1,27,,1139907,24,,,1,70,,1139936,24,,,1,34,,1139918,24,,,1,70,,1139932,24,,,1,30,,1139937,24,,,1,68,,1139935,24,,,1,30,,1139922,24,,,1,68,,1139929,24,,,1,30,,1139921,24,,,1,68,,1139924,24,,,1,30,,1139916,24,,,1,69,,1139909,24,,,1,30,,1139912,24,,,1,60,,1139934,24,,,1,15,,1139926,24,,,1
4200,'16',529,,1139948,24,,,1,96,,1139944,24,,,1,30,,1139964,24,,,1,68,,1139961,24,,,1,24,,1139943,24,,,1,73,,1139959,24,,,1,34,,1139956,24,,,1,73,,1139938,24,,,1,30,,1139949,24,,,1,70,,1139955,24,,,1,30,,1139962,24,,,1,70,,1139960,24,,,1,28,,1139957,24,,,1,70,,1139958,24,,,1,29,,1139950,24,,,1,70,,1139939,24,,,1,30,,1139953,24,,,1,70,,1139945,24,,,1,27,,1098168,24,,,1,70,,1139947,24,,,1,34,,1073655,24,,,1,70,,1139954,24,,,1,30,,1139951,24,,,1,68,,1139941,24,,,1,30,,1139942,24,,,1,68,,1139967,24,,,1,30,,1139952,24,,,1,68,,1139968,24,,,1,30,,1139963,24,,,1,69,,1139966,24,,,1,30,,1139946,24,,,1,60,,1139965,24,,,1,15,,1139940,24,,,1
4200,'17',719,,1139986,24,,,1,99,,1139975,24,,,1,100,,1139971,24,,,1,30,,1139979,24,,,1,70,,1139969,24,,,1,30,,1139983,24,,,1,70,,1139985,24,,,1,30,,1139984,24,,,1,70,,1139982,24,,,1,30,,1139980,24,,,1,70,,1139970,24,,,1,30,,1139981,24,,,1,70,,1139976,24,,,1,30,,1139973,24,,,1,70,,1139974,24,,,1,30,,1139987,24,,,1,70,,1139972,24,,,1,30,,1139977,24,,,1,70,,1139978,24,,,1,100,,1139988,24,,,1
4200,'2',553,,1139996,24,,,1,100,,1077178,24,,,1,101,,1139993,24,,,1,70,,1140007,24,,,1,30,,1140009,24,,,1,70,,1139994,24,,,1,30,,1139999,24,,,1,70,,1140011,24,,,1,30,,1140010,24,,,1,70,,1140000,24,,,1,30,,1140005,24,,,1,70,,1139990,24,,,1,27,,1139992,24,,,1,73,,1140002,24,,,1,30,,1139995,24,,,1,70,,1139998,24,,,1,30,,1139991,24,,,1,70,,1140008,24,,,1,30,,1140001,24,,,1,70,,1140004,24,,,1,30,,1140012,24,,,1,67,,1140003,24,,,1,33,,1139989,24,,,1,70,,1140006,24,,,1,30,,1139997,24,,,1
4200,'3',719,,1140030,24,,,1,99,,1140019,24,,,1,100,,1140015,24,,,1,30,,1140023,24,,,1,70,,1140013,24,,,1,30,,1140027,24,,,1,70,,1140029,24,,,1,30,,1140028,24,,,1,70,,1140026,24,,,1,30,,1140024,24,,,1,70,,1140014,24,,,1,30,,1140025,24,,,1,70,,1140020,24,,,1,30,,1140017,24,,,1,70,,1140018,24,,,1,30,,1140031,24,,,1,70,,1140016,24,,,1,30,,1140021,24,,,1,70,,1140022,24,,,1,100,,1140032,24,,,1
4200,'4',719,,1140037,24,,,1,99,,1140045,24,,,1,100,,1140034,24,,,1,30,,1140043,24,,,1,70,,1140042,24,,,1,30,,1095861,24,,,1,70,,1140048,24,,,1,30,,1140035,24,,,1,70,,1140039,24,,,1,30,,1031985,24,,,1,70,,1140046,24,,,1,30,,1140044,24,,,1,70,,1140033,24,,,1,30,,1140038,24,,,1,70,,1140047,24,,,1,30,,1140041,24,,,1,70,,1140036,24,,,1,30,,1075843,24,,,1,70,,1055820,24,,,1,100,,1140040,24,,,1
4200,'5',529,,1140057,24,,,1,96,,1140055,24,,,1,30,,1140056,24,,,1,68,,1077909,24,,,1,24,,1140054,24,,,1,73,,1140072,24,,,1,34,,1140070,24,,,1,73,,1140075,24,,,1,30,,1140066,24,,,1,70,,1140065,24,,,1,30,,1062058,24,,,1,70,,1140059,24,,,1,28,,1062091,24,,,1,70,,1140050,24,,,1,29,,1140051,24,,,1,70,,1140061,24,,,1,30,,1140062,24,,,1,70,,1140068,24,,,1,27,,1140058,24,,,1,70,,1140049,24,,,1,34,,1140052,24,,,1,70,,1140073,24,,,1,30,,1140053,24,,,1,68,,1090460,24,,,1,30,,1140063,24,,,1,68,,1100023,24,,,1,30,,1140067,24,,,1,68,,1140074,24,,,1,30,,1100708,24,,,1,69,,1140069,24,,,1,30,,1140064,24,,,1,60,,1140060,24,,,1,15,,1140071,24,,,1
4200,'6',529,,1140085,24,,,1,96,,1072186,24,,,1,30,,1140100,24,,,1,68,,1140097,24,,,1,24,,1088954,24,,,1,73,,1140095,24,,,1,34,,1140092,24,,,1,73,,987660,24,,,1,30,,1140086,24,,,1,70,,1071375,24,,,1,30,,1140098,24,,,1,70,,1140096,24,,,1,28,,1140093,24,,,1,70,,1140094,24,,,1,29,,1140087,24,,,1,70,,1140076,24,,,1,30,,1140090,24,,,1,70,,1140080,24,,,1,27,,1140081,24,,,1,70,,1140083,24,,,1,34,,1140084,24,,,1,70,,1140091,24,,,1,30,,1140088,24,,,1,68,,1140078,24,,,1,30,,1140079,24,,,1,68,,1140103,24,,,1,30,,1140089,24,,,1,68,,1062266,24,,,1,30,,1140099,24,,,1,69,,1140102,24,,,1,30,,1140082,24,,,1,60,,1140101,24,,,1,15,,1140077,24,,,1
4200,'7',553,,1140123,24,,,1,100,,1140127,24,,,1,101,,1140112,24,,,1,70,,1140109,24,,,1,30,,1140114,24,,,1,70,,1140113,24,,,1,30,,1140125,24,,,1,70,,1140111,24,,,1,30,,1140108,24,,,1,70,,1140117,24,,,1,30,,1140105,24,,,1,70,,1140104,24,,,1,27,,1140107,24,,,1,73,,1140116,24,,,1,30,,1140126,24,,,1,70,,1140119,24,,,1,30,,1140122,24,,,1,70,,1140121,24,,,1,30,,1140124,24,,,1,70,,1140128,24,,,1,30,,1140106,24,,,1,67,,1140118,24,,,1,33,,1140120,24,,,1,70,,1140110,24,,,1,30,,1140115,24,,,1
4200,'8',529,,1140141,24,,,1,96,,1140135,24,,,1,30,,1140157,24,,,1,68,,1140154,24,,,1,24,,1140134,24,,,1,73,,1140152,24,,,1,34,,1140149,24,,,1,73,,1140129,24,,,1,30,,1140142,24,,,1,70,,1140148,24,,,1,30,,1140155,24,,,1,70,,1140153,24,,,1,28,,1140150,24,,,1,70,,1140151,24,,,1,29,,1140143,24,,,1,70,,1140130,24,,,1,30,,1140146,24,,,1,70,,1140136,24,,,1,27,,1140137,24,,,1,70,,1140139,24,,,1,34,,1140140,24,,,1,70,,1140147,24,,,1,30,,1140144,24,,,1,68,,1140132,24,,,1,30,,1140133,24,,,1,68,,1140160,24,,,1,30,,1140145,24,,,1,68,,1140161,24,,,1,30,,1140156,24,,,1,69,,1140159,24,,,1,30,,1140138,24,,,1,60,,1140158,24,,,1,15,,1140131,24,,,1
4200,'9',529,,1140170,24,,,1,96,,1140168,24,,,1,30,,1140169,24,,,1,68,,1077808,24,,,1,24,,1140167,24,,,1,73,,1140185,24,,,1,34,,1140183,24,,,1,73,,1140188,24,,,1,30,,1140179,24,,,1,70,,1140178,24,,,1,30,,1061947,24,,,1,70,,1140172,24,,,1,28,,1061980,24,,,1,70,,1140163,24,,,1,29,,1140164,24,,,1,70,,1140174,24,,,1,30,,1140175,24,,,1,70,,1140181,24,,,1,27,,1140171,24,,,1,70,,1140162,24,,,1,34,,1140165,24,,,1,70,,1140186,24,,,1,30,,1140166,24,,,1,68,,1090378,24,,,1,30,,1140176,24,,,1,68,,1099953,24,,,1,30,,1140180,24,,,1,68,,1140187,24,,,1,30,,1100633,24,,,1,69,,1140182,24,,,1,30,,1140177,24,,,1,60,,1140173,24,,,1,15,,1140184,24,,,1
