27900,'1',611,,1100962,1,,,1,102,,1197853,1,,,1,101,,1197854,1,,,1
27900,'10',611,,1100801,1,,,1,102,,1197855,1,,,1,101,,1197856,1,,,1
27900,'11',611,,1100999,1,,,1,102,,1197857,1,,,1,101,,1197858,1,,,1
27900,'12',611,,1197861,1,,,1,102,,1197860,1,,,1,101,,1197859,1,,,1
27900,'14',611,,1197862,1,,,1,102,,1197863,1,,,1,101,,1197864,1,,,1
27900,'15',611,,1197865,1,,,1,102,,1197866,1,,,1,101,,1197867,1,,,1
27900,'16',611,,1197869,1,,,1,102,,1197868,1,,,1,101,,1078738,1,,,1
27900,'5',611,,1100940,1,,,1,102,,1197870,1,,,1,101,,1197871,1,,,1
27900,'6',611,,1197874,1,,,1,102,,1197873,1,,,1,101,,1197872,1,,,1
27900,'8',611,,1197877,1,,,1,102,,1197876,1,,,1,101,,1197875,1,,,1
27900,'9',611,,1100849,1,,,1,102,,1197878,1,,,1,101,,1197879,1,,,1
29900,'1',619,,1198080,1,0,35,1,93,,1198079,1,0,35,1
29900,'10',619,,1198085,1,0,35,1,93,,1198084,1,0,35,1
29900,'11',619,,1198090,1,0,35,1,93,,1198089,1,0,35,1
29900,'12',619,,1198093,1,0,35,1,93,,1019343,1,0,35,1
29900,'14',619,,1198098,1,0,35,1,93,,1198097,1,0,35,1
29900,'15',619,,1198101,1,0,35,1,93,,1198104,1,0,35,1
29900,'16',619,,1198107,1,0,35,1,93,,1198110,1,0,35,1
29900,'5',619,,1198113,1,0,35,1,93,,1198112,1,0,35,1
29900,'6',619,,1198117,1,0,35,1,93,,1198120,1,0,35,1
29900,'8',619,,1198122,1,0,35,1,93,,1198125,1,0,35,1
29900,'9',619,,1198128,1,0,35,1,93,,1198127,1,0,35,1
