5300,'1',554,,1075543,37,,,1,70,,1147537,37,,,1,15,,1147514,37,,,1,16,,1147507,37,,,1,55,,1095636,37,,,1,15,,1147517,37,,,1,16,,1147528,37,,,1,59,,1147542,37,,,1,14,,1147545,37,,,1,17,,1147520,37,,,1,15,,1147508,37,,,1,55,,1147526,37,,,1,11,,1147510,37,,,1,20,,1147546,37,,,1,26,,1147509,37,,,1,70,,1147530,37,,,1,72,,1147535,37,,,1,32,,1147544,37,,,1,70,,1147523,37,,,1,30,,1147515,37,,,1,69,,1054571,37,,,1,31,,1055890,37,,,1,70,,1147506,37,,,1,31,,1147534,37,,,1,69,,1147513,37,,,1,29,,1147518,37,,,1,15,,1147527,37,,,1,56,,1147540,37,,,1,16,,1147539,37,,,1,16,,1147512,37,,,1,12,,1147541,37,,,1,55,,1147529,37,,,1,14,,1147543,37,,,1,19,,1147516,37,,,1,14,,1092160,37,,,1,56,,1147532,37,,,1,13,,1076659,37,,,1,13,,1147505,37,,,1,19,,1147521,37,,,1,60,,1084468,37,,,1,28,,1147522,37,,,1,71,,1147511,37,,,1,28,,1147525,37,,,1,70,,1062600,37,,,1,26,,1147519,37,,,1,69,,1147531,37,,,1,29,,1147524,37,,,1,100,,1147536,37,,,1,98,,1147533,37,,,1
5300,'10',554,,1075207,37,,,1,70,,1147579,37,,,1,15,,1147556,37,,,1,16,,1147549,37,,,1,55,,1095402,37,,,1,15,,1147559,37,,,1,16,,1147570,37,,,1,59,,1147584,37,,,1,14,,1147587,37,,,1,17,,1147562,37,,,1,15,,1147550,37,,,1,55,,1147568,37,,,1,11,,1147552,37,,,1,20,,1147588,37,,,1,26,,1147551,37,,,1,70,,1147572,37,,,1,72,,1147577,37,,,1,32,,1147586,37,,,1,70,,1147565,37,,,1,30,,1147557,37,,,1,69,,1054623,37,,,1,31,,1055983,37,,,1,70,,1147548,37,,,1,31,,1147576,37,,,1,69,,1147555,37,,,1,29,,1147560,37,,,1,15,,1147569,37,,,1,56,,1147582,37,,,1,16,,1147581,37,,,1,16,,1147554,37,,,1,12,,1147583,37,,,1,55,,1147571,37,,,1,14,,1147585,37,,,1,19,,1147558,37,,,1,14,,1091999,37,,,1,56,,1147574,37,,,1,13,,1076453,37,,,1,13,,1147547,37,,,1,19,,1147563,37,,,1,60,,1084284,37,,,1,28,,1147564,37,,,1,71,,1147553,37,,,1,28,,1147567,37,,,1,70,,1062290,37,,,1,26,,1147561,37,,,1,69,,1147573,37,,,1,29,,1147566,37,,,1,100,,1147578,37,,,1,98,,1147575,37,,,1
5300,'11',554,,1075635,37,,,1,70,,1147621,37,,,1,15,,1147598,37,,,1,16,,1147591,37,,,1,55,,1095709,37,,,1,15,,1147601,37,,,1,16,,1147612,37,,,1,59,,1147626,37,,,1,14,,1147629,37,,,1,17,,1147604,37,,,1,15,,1147592,37,,,1,55,,1147610,37,,,1,11,,1147594,37,,,1,20,,1147630,37,,,1,26,,1147593,37,,,1,70,,1147614,37,,,1,72,,1147619,37,,,1,32,,1147628,37,,,1,70,,1147607,37,,,1,30,,1147599,37,,,1,69,,1054556,37,,,1,31,,1055861,37,,,1,70,,1147590,37,,,1,31,,1147618,37,,,1,69,,1147597,37,,,1,29,,1147602,37,,,1,15,,1147611,37,,,1,56,,1147624,37,,,1,16,,1147623,37,,,1,16,,1147596,37,,,1,12,,1147625,37,,,1,55,,1147613,37,,,1,14,,1147627,37,,,1,19,,1147600,37,,,1,14,,1092205,37,,,1,56,,1147616,37,,,1,13,,1076723,37,,,1,13,,1147589,37,,,1,19,,1147605,37,,,1,60,,1084524,37,,,1,28,,1147606,37,,,1,71,,1147595,37,,,1,28,,1147609,37,,,1,70,,1062678,37,,,1,26,,1147603,37,,,1,69,,1147615,37,,,1,29,,1147608,37,,,1,100,,1147620,37,,,1,98,,1147617,37,,,1
5300,'12',554,,1147647,37,,,1,70,,1147658,37,,,1,15,,1147671,37,,,1,16,,1096729,37,,,1,55,,1147649,37,,,1,15,,1147674,37,,,1,16,,1147673,37,,,1,59,,1147664,37,,,1,14,,1147667,37,,,1,17,,1147653,37,,,1,15,,1147645,37,,,1,55,,1147638,37,,,1,11,,1147640,37,,,1,20,,1147642,37,,,1,26,,1147665,37,,,1,70,,1147661,37,,,1,72,,1070870,37,,,1,32,,1147669,37,,,1,70,,1147662,37,,,1,30,,1147632,37,,,1,69,,1147648,37,,,1,31,,1038818,37,,,1,70,,938929,37,,,1,31,,1147652,37,,,1,69,,1147633,37,,,1,29,,1147644,37,,,1,15,,1147637,37,,,1,56,,1147639,37,,,1,16,,1147654,37,,,1,16,,1147655,37,,,1,12,,1147668,37,,,1,55,,1147631,37,,,1,14,,1147672,37,,,1,19,,1147656,37,,,1,14,,1147676,37,,,1,56,,1147636,37,,,1,13,,1147635,37,,,1,13,,1147641,37,,,1,19,,1147651,37,,,1,60,,1147675,37,,,1,28,,1147663,37,,,1,71,,1147634,37,,,1,28,,1147660,37,,,1,70,,1147670,37,,,1,26,,1147643,37,,,1,69,,1147650,37,,,1,29,,1147657,37,,,1,100,,1147646,37,,,1,98,,1147659,37,,,1
5300,'13',646,,1147698,37,,,1,100,,1147693,37,,,1,100,,1147700,37,,,1,70,,1088534,37,,,1,30,,1147692,37,,,1,68,,1147701,37,,,1,32,,1147684,37,,,1,70,,1147703,37,,,1,30,,1147696,37,,,1,70,,1147699,37,,,1,31,,1147704,37,,,1,70,,1147682,37,,,1,30,,1094030,37,,,1,70,,1147689,37,,,1,30,,1147702,37,,,1,70,,1147686,37,,,1,30,,1072542,37,,,1,70,,1147679,37,,,1,29,,1147695,37,,,1,70,,1147685,37,,,1,30,,1147677,37,,,1,70,,1147680,37,,,1,30,,1147678,37,,,1,70,,1147683,37,,,1,29,,1147687,37,,,1,70,,1147705,37,,,1,30,,1147691,37,,,1,70,,1147690,37,,,1,29,,1147697,37,,,1,70,,1147681,37,,,1,39,,1147694,37,,,1
5300,'14',554,,1147718,37,,,1,70,,1147743,37,,,1,15,,1147719,37,,,1,16,,1147709,37,,,1,55,,1147749,37,,,1,15,,1147722,37,,,1,16,,1147734,37,,,1,59,,1147748,37,,,1,14,,1147752,37,,,1,17,,1147726,37,,,1,15,,1147711,37,,,1,55,,1147732,37,,,1,11,,1147713,37,,,1,20,,1147755,37,,,1,26,,1147712,37,,,1,70,,1147736,37,,,1,72,,1147741,37,,,1,32,,1147751,37,,,1,70,,1147729,37,,,1,30,,1147720,37,,,1,69,,1147707,37,,,1,31,,1147723,37,,,1,70,,1147708,37,,,1,31,,1147740,37,,,1,69,,1147717,37,,,1,29,,1147724,37,,,1,15,,1147733,37,,,1,56,,1147746,37,,,1,16,,1147745,37,,,1,16,,1147716,37,,,1,12,,1147747,37,,,1,55,,1147735,37,,,1,14,,1147750,37,,,1,19,,1147721,37,,,1,14,,1147710,37,,,1,56,,1147738,37,,,1,13,,1147754,37,,,1,13,,1147706,37,,,1,19,,1147727,37,,,1,60,,1147753,37,,,1,28,,1147728,37,,,1,71,,1147715,37,,,1,28,,1147731,37,,,1,70,,1147714,37,,,1,26,,1147725,37,,,1,69,,1147737,37,,,1,29,,1147730,37,,,1,100,,1147742,37,,,1,98,,1147739,37,,,1
5300,'15',554,,1147779,37,,,1,70,,1147793,37,,,1,15,,1147801,37,,,1,16,,1147776,37,,,1,55,,1147757,37,,,1,15,,1147791,37,,,1,16,,1147758,37,,,1,59,,1147775,37,,,1,14,,1147763,37,,,1,17,,1147770,37,,,1,15,,1147797,37,,,1,55,,1147762,37,,,1,11,,1147786,37,,,1,20,,1147794,37,,,1,26,,1147788,37,,,1,70,,1147781,37,,,1,72,,1147772,37,,,1,32,,1147798,37,,,1,70,,1147783,37,,,1,30,,1147759,37,,,1,69,,1147768,37,,,1,31,,1147765,37,,,1,70,,1147764,37,,,1,31,,1147796,37,,,1,69,,1147785,37,,,1,29,,1147767,37,,,1,15,,1147773,37,,,1,56,,1147766,37,,,1,16,,1147804,37,,,1,16,,1147803,37,,,1,12,,1147777,37,,,1,55,,1147787,37,,,1,14,,1147778,37,,,1,19,,1147784,37,,,1,14,,1147780,37,,,1,56,,1147756,37,,,1,13,,1147760,37,,,1,13,,1147800,37,,,1,19,,1147771,37,,,1,60,,1147769,37,,,1,28,,1147782,37,,,1,71,,1147792,37,,,1,28,,1147789,37,,,1,70,,1147795,37,,,1,26,,1147790,37,,,1,69,,1147799,37,,,1,29,,1147774,37,,,1,100,,1147761,37,,,1,98,,1147805,37,,,1
5300,'16',554,,1147821,37,,,1,70,,1147833,37,,,1,15,,1147845,37,,,1,16,,1147844,37,,,1,55,,1147823,37,,,1,15,,1147847,37,,,1,16,,1147846,37,,,1,59,,1147839,37,,,1,14,,1028682,37,,,1,17,,1147828,37,,,1,15,,1147819,37,,,1,55,,944949,37,,,1,11,,1147813,37,,,1,20,,1147815,37,,,1,26,,1147840,37,,,1,70,,1147836,37,,,1,72,,1147826,37,,,1,32,,1147843,37,,,1,70,,1147837,37,,,1,30,,1091319,37,,,1,69,,1147822,37,,,1,31,,1147816,37,,,1,70,,1147842,37,,,1,31,,1147827,37,,,1,69,,1147807,37,,,1,29,,1147818,37,,,1,15,,1147811,37,,,1,56,,1147812,37,,,1,16,,1147829,37,,,1,16,,1147830,37,,,1,12,,1029645,37,,,1,55,,1147806,37,,,1,14,,1064946,37,,,1,19,,1147831,37,,,1,14,,1100998,37,,,1,56,,1147810,37,,,1,13,,1147809,37,,,1,13,,1147814,37,,,1,19,,1147825,37,,,1,60,,1147848,37,,,1,28,,1147838,37,,,1,71,,1147808,37,,,1,28,,1147835,37,,,1,70,,1065170,37,,,1,26,,1147817,37,,,1,69,,1147824,37,,,1,29,,1147832,37,,,1,100,,1147820,37,,,1,98,,1147834,37,,,1
5300,'17',646,,1147873,37,,,1,100,,1147868,37,,,1,100,,1147875,37,,,1,70,,1147849,37,,,1,30,,1147867,37,,,1,68,,1147876,37,,,1,32,,1147859,37,,,1,70,,1147878,37,,,1,30,,1147871,37,,,1,70,,1147874,37,,,1,31,,1147879,37,,,1,70,,1147857,37,,,1,30,,1147856,37,,,1,70,,1147864,37,,,1,30,,1147877,37,,,1,70,,1147861,37,,,1,30,,1147853,37,,,1,70,,1147852,37,,,1,29,,1147870,37,,,1,70,,1147860,37,,,1,30,,1147850,37,,,1,70,,1147854,37,,,1,30,,1147851,37,,,1,70,,1147858,37,,,1,29,,1147862,37,,,1,70,,1147880,37,,,1,30,,1147866,37,,,1,70,,1147865,37,,,1,29,,1147872,37,,,1,70,,1147855,37,,,1,39,,1147869,37,,,1
5300,'2',600,,1147896,37,,,1,40,,1147897,37,,,1,70,,1147909,37,,,1,30,,1147892,37,,,1,70,,1147894,37,,,1,30,,1147904,37,,,1,70,,1147890,37,,,1,30,,1147895,37,,,1,70,,1147908,37,,,1,32,,1147902,37,,,1,70,,1147899,37,,,1,30,,1147886,37,,,1,70,,1147900,37,,,1,31,,1147881,37,,,1,70,,1147887,37,,,1,30,,1147910,37,,,1,70,,1147888,37,,,1,30,,1147907,37,,,1,70,,1068975,37,,,1,30,,1147891,37,,,1,70,,1147906,37,,,1,29,,1147903,37,,,1,70,,1096586,37,,,1,30,,1147893,37,,,1,70,,1147884,37,,,1,30,,1147901,37,,,1,70,,1147889,37,,,1,29,,1080905,37,,,1,70,,1091747,37,,,1,30,,1147905,37,,,1,76,,1147898,37,,,1,29,,1011584,37,,,1,70,,1147883,37,,,1,30,,1147885,37,,,1,100,,1147882,37,,,1
5300,'3',646,,1147935,37,,,1,100,,1147930,37,,,1,100,,1147937,37,,,1,70,,1147911,37,,,1,30,,1147929,37,,,1,68,,1147938,37,,,1,32,,1147921,37,,,1,70,,1147940,37,,,1,30,,1147933,37,,,1,70,,1147936,37,,,1,31,,1147941,37,,,1,70,,1147919,37,,,1,30,,1147918,37,,,1,70,,1147926,37,,,1,30,,1147939,37,,,1,70,,1147923,37,,,1,30,,1147915,37,,,1,70,,1147914,37,,,1,29,,1147932,37,,,1,70,,1147922,37,,,1,30,,1147912,37,,,1,70,,1147916,37,,,1,30,,1147913,37,,,1,70,,1147920,37,,,1,29,,1147924,37,,,1,70,,1147942,37,,,1,30,,1147928,37,,,1,70,,1147927,37,,,1,29,,1147934,37,,,1,70,,1147917,37,,,1,39,,1147931,37,,,1
5300,'4',646,,1147953,37,,,1,100,,1147959,37,,,1,100,,1147954,37,,,1,70,,1147951,37,,,1,30,,1098664,37,,,1,68,,1147950,37,,,1,32,,1147969,37,,,1,70,,1147967,37,,,1,30,,1147949,37,,,1,70,,1076925,37,,,1,31,,1147957,37,,,1,70,,1147965,37,,,1,30,,1076214,37,,,1,70,,1147964,37,,,1,30,,1147947,37,,,1,70,,1147956,37,,,1,30,,1147955,37,,,1,70,,1147946,37,,,1,29,,1012580,37,,,1,70,,1147952,37,,,1,30,,1147943,37,,,1,70,,1147961,37,,,1,30,,1147960,37,,,1,70,,1147968,37,,,1,29,,1147944,37,,,1,70,,1147945,37,,,1,30,,1147963,37,,,1,70,,1063487,37,,,1,29,,1147958,37,,,1,70,,1147948,37,,,1,39,,1147966,37,,,1
5300,'5',554,,1075501,37,,,1,70,,1148002,37,,,1,15,,1147979,37,,,1,16,,1147972,37,,,1,55,,1095589,37,,,1,15,,1147982,37,,,1,16,,1147993,37,,,1,59,,1148007,37,,,1,14,,1148010,37,,,1,17,,1147985,37,,,1,15,,1147973,37,,,1,55,,1147991,37,,,1,11,,1147975,37,,,1,20,,1148011,37,,,1,26,,1147974,37,,,1,70,,1147995,37,,,1,72,,1148000,37,,,1,32,,1148009,37,,,1,70,,1147988,37,,,1,30,,1147980,37,,,1,69,,1054487,37,,,1,31,,1055719,37,,,1,70,,1147971,37,,,1,31,,1147999,37,,,1,69,,1147978,37,,,1,29,,1147983,37,,,1,15,,1147992,37,,,1,56,,1148005,37,,,1,16,,1148004,37,,,1,16,,1147977,37,,,1,12,,1148006,37,,,1,55,,1147994,37,,,1,14,,1148008,37,,,1,19,,1147981,37,,,1,14,,1092127,37,,,1,56,,1147997,37,,,1,13,,1076619,37,,,1,13,,1147970,37,,,1,19,,1147986,37,,,1,60,,1084435,37,,,1,28,,1147987,37,,,1,71,,1147976,37,,,1,28,,1147990,37,,,1,70,,1062561,37,,,1,26,,1147984,37,,,1,69,,1147996,37,,,1,29,,1147989,37,,,1,100,,1148001,37,,,1,98,,1147998,37,,,1
5300,'6',554,,1148023,37,,,1,70,,1148035,37,,,1,15,,1082040,37,,,1,16,,1148048,37,,,1,55,,1148025,37,,,1,15,,1148051,37,,,1,16,,1148050,37,,,1,59,,1148041,37,,,1,14,,1148045,37,,,1,17,,1148030,37,,,1,15,,1148021,37,,,1,55,,1148016,37,,,1,11,,1088300,37,,,1,20,,1088951,37,,,1,26,,1148042,37,,,1,70,,1148038,37,,,1,72,,1148028,37,,,1,32,,1010398,37,,,1,70,,1148039,37,,,1,30,,1148012,37,,,1,69,,1148024,37,,,1,31,,1148018,37,,,1,70,,1148044,37,,,1,31,,1148029,37,,,1,69,,1023555,37,,,1,29,,1148020,37,,,1,15,,1148015,37,,,1,56,,1148017,37,,,1,16,,1148031,37,,,1,16,,1148032,37,,,1,12,,1148046,37,,,1,55,,1103283,37,,,1,14,,1148049,37,,,1,19,,1148033,37,,,1,14,,1148052,37,,,1,56,,1148014,37,,,1,13,,1094669,37,,,1,13,,1092515,37,,,1,19,,1148027,37,,,1,60,,1090567,37,,,1,28,,1148040,37,,,1,71,,1148013,37,,,1,28,,1148037,37,,,1,70,,1148047,37,,,1,26,,1148019,37,,,1,69,,1148026,37,,,1,29,,1148034,37,,,1,100,,1148022,37,,,1,98,,1148036,37,,,1
5300,'7',600,,1148085,37,,,1,40,,1148087,37,,,1,70,,1148081,37,,,1,30,,1148057,37,,,1,70,,1148078,37,,,1,30,,1148071,37,,,1,70,,1148065,37,,,1,30,,1148059,37,,,1,70,,1148076,37,,,1,32,,1148083,37,,,1,70,,1148075,37,,,1,30,,1148073,37,,,1,70,,1148070,37,,,1,31,,1148061,37,,,1,70,,1148054,37,,,1,30,,1148080,37,,,1,70,,1148069,37,,,1,30,,1148055,37,,,1,70,,1148056,37,,,1,30,,1148062,37,,,1,70,,1148077,37,,,1,29,,1148082,37,,,1,70,,1148068,37,,,1,30,,1148072,37,,,1,70,,1148086,37,,,1,30,,1148063,37,,,1,70,,1148074,37,,,1,29,,1148064,37,,,1,70,,1148084,37,,,1,30,,1148060,37,,,1,76,,1148053,37,,,1,29,,1148079,37,,,1,70,,1148066,37,,,1,30,,1148058,37,,,1,100,,1148067,37,,,1
5300,'8',554,,1148105,37,,,1,70,,1148117,37,,,1,15,,1148132,37,,,1,16,,1148131,37,,,1,55,,1148107,37,,,1,15,,1148135,37,,,1,16,,1148134,37,,,1,59,,1148123,37,,,1,14,,1148127,37,,,1,17,,1148112,37,,,1,15,,1148103,37,,,1,55,,1148095,37,,,1,11,,1148097,37,,,1,20,,1148099,37,,,1,26,,1148124,37,,,1,70,,1148120,37,,,1,72,,1148110,37,,,1,32,,1148129,37,,,1,70,,1148121,37,,,1,30,,1148089,37,,,1,69,,1148106,37,,,1,31,,1148100,37,,,1,70,,1148126,37,,,1,31,,1148111,37,,,1,69,,1148090,37,,,1,29,,1148102,37,,,1,15,,1148094,37,,,1,56,,1148096,37,,,1,16,,1148113,37,,,1,16,,1148114,37,,,1,12,,1148128,37,,,1,55,,1148088,37,,,1,14,,1148133,37,,,1,19,,1148115,37,,,1,14,,1148137,37,,,1,56,,1148093,37,,,1,13,,1148092,37,,,1,13,,1148098,37,,,1,19,,1148109,37,,,1,60,,1148136,37,,,1,28,,1148122,37,,,1,71,,1148091,37,,,1,28,,1148119,37,,,1,70,,1148130,37,,,1,26,,1148101,37,,,1,69,,1148108,37,,,1,29,,1148116,37,,,1,100,,1148104,37,,,1,98,,1148118,37,,,1
5300,'9',554,,1075305,37,,,1,70,,1148170,37,,,1,15,,1148147,37,,,1,16,,1148140,37,,,1,55,,1095477,37,,,1,15,,1148150,37,,,1,16,,1148161,37,,,1,59,,1148175,37,,,1,14,,1148178,37,,,1,17,,1148153,37,,,1,15,,1148141,37,,,1,55,,1148159,37,,,1,11,,1148143,37,,,1,20,,1148179,37,,,1,26,,1148142,37,,,1,70,,1148163,37,,,1,72,,1148168,37,,,1,32,,1148177,37,,,1,70,,1148156,37,,,1,30,,1148148,37,,,1,69,,1054586,37,,,1,31,,1055919,37,,,1,70,,1148139,37,,,1,31,,1148167,37,,,1,69,,1148146,37,,,1,29,,1148151,37,,,1,15,,1148160,37,,,1,56,,1148173,37,,,1,16,,1148172,37,,,1,16,,1148145,37,,,1,12,,1148174,37,,,1,55,,1148162,37,,,1,14,,1148176,37,,,1,19,,1148149,37,,,1,14,,1092053,37,,,1,56,,1148165,37,,,1,13,,1076519,37,,,1,13,,1148138,37,,,1,19,,1148154,37,,,1,60,,1084345,37,,,1,28,,1148155,37,,,1,71,,1148144,37,,,1,28,,1148158,37,,,1,70,,1062389,37,,,1,26,,1148152,37,,,1,69,,1148164,37,,,1,29,,1148157,37,,,1,100,,1148169,37,,,1,98,,1148166,37,,,1
8100,'1',606,,1168098,56,,,1,37,,1168121,56,,,1,72,,1168128,56,,,1,31,,1168120,56,,,1,69,,1168107,56,,,1,36,,1168113,56,,,1,66,,1168109,56,,,1,29,,1168104,56,,,1,68,,1071436,56,,,1,31,,1168100,56,,,1,69,,1019926,56,,,1,30,,1168122,56,,,1,70,,1168118,56,,,1,31,,1168124,56,,,1,70,,1168105,56,,,1,30,,1168114,56,,,1,71,,1168117,56,,,1,32,,1068647,56,,,1,73,,1168103,56,,,1,33,,1168108,56,,,1,74,,1168102,56,,,1,30,,1168099,56,,,1,68,,1168116,56,,,1,28,,1168106,56,,,1,67,,1168111,56,,,1,25,,1168112,56,,,1,65,,1001951,56,,,1,28,,1168125,56,,,1,70,,1168127,56,,,1,30,,1096123,56,,,1,68,,1168123,56,,,1,30,,1168126,56,,,1,69,,1168115,56,,,1,30,,1168119,56,,,1,100,,1168110,56,,,1,89,,1168101,56,,,1
8100,'10',606,,1168129,56,,,1,37,,1168152,56,,,1,72,,1168159,56,,,1,31,,1168151,56,,,1,69,,1168138,56,,,1,36,,1168144,56,,,1,66,,1168140,56,,,1,29,,1168135,56,,,1,68,,1071400,56,,,1,31,,1168131,56,,,1,69,,1020090,56,,,1,30,,1168153,56,,,1,70,,1168149,56,,,1,31,,1168155,56,,,1,70,,1168136,56,,,1,30,,1168145,56,,,1,71,,1168148,56,,,1,32,,1068602,56,,,1,73,,1168134,56,,,1,33,,1168139,56,,,1,74,,1168133,56,,,1,30,,1168130,56,,,1,68,,1168147,56,,,1,28,,1168137,56,,,1,67,,1168142,56,,,1,25,,1168143,56,,,1,65,,1002132,56,,,1,28,,1168156,56,,,1,70,,1168158,56,,,1,30,,1095980,56,,,1,68,,1168154,56,,,1,30,,1168157,56,,,1,69,,1168146,56,,,1,30,,1168150,56,,,1,100,,1168141,56,,,1,89,,1168132,56,,,1
8100,'11',606,,1168160,56,,,1,37,,1168183,56,,,1,72,,1168190,56,,,1,31,,1168182,56,,,1,69,,1168169,56,,,1,36,,1168175,56,,,1,66,,1168171,56,,,1,29,,1168166,56,,,1,68,,1071448,56,,,1,31,,1168162,56,,,1,69,,1019877,56,,,1,30,,1168184,56,,,1,70,,1168180,56,,,1,31,,1168186,56,,,1,70,,1168167,56,,,1,30,,1168176,56,,,1,71,,1168179,56,,,1,32,,1068662,56,,,1,73,,1168165,56,,,1,33,,1168170,56,,,1,74,,1168164,56,,,1,30,,1168161,56,,,1,68,,1168178,56,,,1,28,,1168168,56,,,1,67,,1168173,56,,,1,25,,1168174,56,,,1,65,,1001898,56,,,1,28,,1168187,56,,,1,70,,1168189,56,,,1,30,,1096166,56,,,1,68,,1168185,56,,,1,30,,1168188,56,,,1,69,,1168177,56,,,1,30,,1168181,56,,,1,100,,1168172,56,,,1,89,,1168163,56,,,1
8100,'12',606,,1168218,56,,,1,37,,1168200,56,,,1,72,,1009563,56,,,1,31,,1168202,56,,,1,69,,1168209,56,,,1,36,,1092792,56,,,1,66,,1168221,56,,,1,29,,1168191,56,,,1,68,,1168220,56,,,1,31,,1168192,56,,,1,69,,1168215,56,,,1,30,,1168213,56,,,1,70,,1168194,56,,,1,31,,1168199,56,,,1,70,,1168210,56,,,1,30,,1168219,56,,,1,71,,1168195,56,,,1,32,,1168197,56,,,1,73,,1168207,56,,,1,33,,1168201,56,,,1,74,,1168222,56,,,1,30,,1168205,56,,,1,68,,1168208,56,,,1,28,,1168211,56,,,1,67,,1074892,56,,,1,25,,1168206,56,,,1,65,,1168203,56,,,1,28,,1168193,56,,,1,70,,1168204,56,,,1,30,,1168223,56,,,1,68,,1168198,56,,,1,30,,1168217,56,,,1,69,,1168216,56,,,1,30,,1168196,56,,,1,100,,1168214,56,,,1,89,,1168212,56,,,1
8100,'13',758,,1168232,55,,,1,70,,1065343,55,,,1,30,,1168234,55,,,1,70,,1168246,55,,,1,30,,1168226,55,,,1,70,,1168236,55,,,1,72,,1168231,55,,,1,30,,1168241,55,,,1,70,,1168228,55,,,1,30,,1168227,55,,,1,71,,1168244,55,,,1,30,,1168235,55,,,1,70,,1168229,55,,,1,30,,1168242,55,,,1,70,,1168245,55,,,1,30,,1168239,55,,,1,70,,1168240,55,,,1,30,,1168224,55,,,1,70,,1091807,55,,,1,30,,1168230,55,,,1,70,,1168238,55,,,1,30,,1168237,55,,,1,69,,1168233,55,,,1,100,,1091517,55,,,1,100,,1168243,55,,,1,58,,1168247,55,,,1,100,,1168225,55,,,1
8100,'14',606,,1168248,56,,,1,37,,1168274,56,,,1,72,,1168282,56,,,1,31,,1168273,56,,,1,69,,1168259,56,,,1,36,,1168265,56,,,1,66,,1168261,56,,,1,29,,1168256,56,,,1,68,,1168280,56,,,1,31,,1168252,56,,,1,69,,1168269,56,,,1,30,,1168275,56,,,1,70,,1168271,56,,,1,31,,1168277,56,,,1,70,,1168257,56,,,1,30,,1168266,56,,,1,71,,1168270,56,,,1,32,,1168283,56,,,1,73,,1168255,56,,,1,33,,1168260,56,,,1,74,,1168254,56,,,1,30,,1168251,56,,,1,68,,1168268,56,,,1,28,,1168258,56,,,1,67,,1168263,56,,,1,25,,1168264,56,,,1,65,,1168250,56,,,1,28,,1168278,56,,,1,70,,1168281,56,,,1,30,,1168249,56,,,1,68,,1168276,56,,,1,30,,1168279,56,,,1,69,,1168267,56,,,1,30,,1168272,56,,,1,100,,1168262,56,,,1,89,,1168253,56,,,1
8100,'15',606,,1168297,56,,,1,37,,1168300,56,,,1,72,,1168306,56,,,1,31,,1168301,56,,,1,69,,1168299,56,,,1,36,,1168303,56,,,1,66,,1168314,56,,,1,29,,1168291,56,,,1,68,,1168286,56,,,1,31,,1168284,56,,,1,69,,1168295,56,,,1,30,,1168290,56,,,1,70,,1168304,56,,,1,31,,1168313,56,,,1,70,,1168296,56,,,1,30,,1168289,56,,,1,71,,1168294,56,,,1,32,,1168317,56,,,1,73,,1168298,56,,,1,33,,1168293,56,,,1,74,,1168292,56,,,1,30,,1168307,56,,,1,68,,1168287,56,,,1,28,,1168319,56,,,1,67,,1168302,56,,,1,25,,1168312,56,,,1,65,,1168308,56,,,1,28,,1168310,56,,,1,70,,1168315,56,,,1,30,,1168285,56,,,1,68,,1168311,56,,,1,30,,1168288,56,,,1,69,,1168305,56,,,1,30,,1168318,56,,,1,100,,1168316,56,,,1,89,,1168309,56,,,1
8100,'16',606,,1168347,56,,,1,37,,1168329,56,,,1,72,,1168352,56,,,1,31,,1168331,56,,,1,69,,1168338,56,,,1,36,,1168348,56,,,1,66,,1168349,56,,,1,29,,1097491,56,,,1,68,,1093830,56,,,1,31,,1168320,56,,,1,69,,1168344,56,,,1,30,,1168342,56,,,1,70,,1168323,56,,,1,31,,1168328,56,,,1,70,,1168339,56,,,1,30,,1084777,56,,,1,71,,1168324,56,,,1,32,,1168326,56,,,1,73,,1168336,56,,,1,33,,1168330,56,,,1,74,,1168350,56,,,1,30,,1168334,56,,,1,68,,1168337,56,,,1,28,,1168340,56,,,1,67,,1168322,56,,,1,25,,1168335,56,,,1,65,,1168332,56,,,1,28,,1168321,56,,,1,70,,1168333,56,,,1,30,,1168351,56,,,1,68,,1168327,56,,,1,30,,1168346,56,,,1,69,,1168345,56,,,1,30,,1168325,56,,,1,100,,1168343,56,,,1,89,,1168341,56,,,1
8100,'17',758,,1168363,55,,,1,70,,1168371,55,,,1,30,,1168365,55,,,1,70,,1168378,55,,,1,30,,1168357,55,,,1,70,,1168367,55,,,1,72,,1168362,55,,,1,30,,1168373,55,,,1,70,,1168359,55,,,1,30,,1168358,55,,,1,71,,1168376,55,,,1,30,,1168366,55,,,1,70,,1168360,55,,,1,30,,1168374,55,,,1,70,,1168377,55,,,1,30,,1168370,55,,,1,70,,1168372,55,,,1,30,,1168353,55,,,1,70,,1168356,55,,,1,30,,1168361,55,,,1,70,,1168369,55,,,1,30,,1168368,55,,,1,69,,1168364,55,,,1,100,,1168355,55,,,1,100,,1168375,55,,,1,58,,1168379,55,,,1,100,,1168354,55,,,1
8100,'2',801,,1096574,55,,,1,30,,1168403,55,,,1,70,,1168393,55,,,1,30,,1168380,55,,,1,70,,1096022,55,,,1,30,,1168400,55,,,1,72,,1168384,55,,,1,30,,1168405,55,,,1,70,,1168389,55,,,1,30,,1168395,55,,,1,71,,1168392,55,,,1,30,,1168383,55,,,1,70,,1168385,55,,,1,30,,1168394,55,,,1,70,,1168381,55,,,1,30,,1168401,55,,,1,70,,1168397,55,,,1,30,,1168382,55,,,1,70,,1168387,55,,,1,30,,1168404,55,,,1,70,,1168396,55,,,1,30,,1168391,55,,,1,69,,1168390,55,,,1,30,,1168399,55,,,1,70,,1168386,55,,,1,100,,1055301,55,,,1,98,,1168398,55,,,1,100,,1168402,55,,,1,100,,1168388,55,,,1
8100,'3',758,,1168416,55,,,1,70,,1168424,55,,,1,30,,1168418,55,,,1,70,,1168431,55,,,1,30,,1168410,55,,,1,70,,1168420,55,,,1,72,,1168415,55,,,1,30,,1168426,55,,,1,70,,1168412,55,,,1,30,,1168411,55,,,1,71,,1168429,55,,,1,30,,1168419,55,,,1,70,,1168413,55,,,1,30,,1168427,55,,,1,70,,1168430,55,,,1,30,,1168423,55,,,1,70,,1168425,55,,,1,30,,1168406,55,,,1,70,,1168409,55,,,1,30,,1168414,55,,,1,70,,1168422,55,,,1,30,,1168421,55,,,1,69,,1168417,55,,,1,100,,1168408,55,,,1,100,,1168428,55,,,1,58,,1168432,55,,,1,100,,1168407,55,,,1
8100,'4',758,,1168454,55,,,1,70,,1168448,55,,,1,30,,1168440,55,,,1,70,,1168452,55,,,1,30,,1168444,55,,,1,70,,1101134,55,,,1,72,,1168445,55,,,1,30,,1168433,55,,,1,70,,1168449,55,,,1,30,,1168450,55,,,1,71,,1168443,55,,,1,30,,1168442,55,,,1,70,,1168447,55,,,1,30,,1168435,55,,,1,70,,1168453,55,,,1,30,,1168438,55,,,1,70,,1168439,55,,,1,30,,1168436,55,,,1,70,,1083106,55,,,1,30,,1168441,55,,,1,70,,1168456,55,,,1,30,,1168455,55,,,1,69,,1168446,55,,,1,100,,1074230,55,,,1,100,,1168434,55,,,1,58,,1168451,55,,,1,100,,1168437,55,,,1
8100,'5',606,,1168457,56,,,1,37,,1168480,56,,,1,72,,1168487,56,,,1,31,,1168479,56,,,1,69,,1168466,56,,,1,36,,1168472,56,,,1,66,,1168468,56,,,1,29,,1168463,56,,,1,68,,1071424,56,,,1,31,,1168459,56,,,1,69,,1019655,56,,,1,30,,1168481,56,,,1,70,,1168477,56,,,1,31,,1168483,56,,,1,70,,1168464,56,,,1,30,,1168473,56,,,1,71,,1168476,56,,,1,32,,1068632,56,,,1,73,,1168462,56,,,1,33,,1168467,56,,,1,74,,1168461,56,,,1,30,,1168458,56,,,1,68,,1168475,56,,,1,28,,1168465,56,,,1,67,,1168470,56,,,1,25,,1168471,56,,,1,65,,1001624,56,,,1,28,,1168484,56,,,1,70,,1168486,56,,,1,30,,1096103,56,,,1,68,,1168482,56,,,1,30,,1168485,56,,,1,69,,1168474,56,,,1,30,,1168478,56,,,1,100,,1168469,56,,,1,89,,1168460,56,,,1
8100,'6',606,,1168512,56,,,1,37,,1168495,56,,,1,72,,1168517,56,,,1,31,,1168497,56,,,1,69,,1168503,56,,,1,36,,1168513,56,,,1,66,,1168516,56,,,1,29,,1168488,56,,,1,68,,1168515,56,,,1,31,,1075142,56,,,1,69,,1168509,56,,,1,30,,1168507,56,,,1,70,,1048642,56,,,1,31,,1168494,56,,,1,70,,1168504,56,,,1,30,,1168514,56,,,1,71,,1168491,56,,,1,32,,1077363,56,,,1,73,,1168501,56,,,1,33,,1168496,56,,,1,74,,1082958,56,,,1,30,,1168499,56,,,1,68,,1168502,56,,,1,28,,1168505,56,,,1,67,,1168490,56,,,1,25,,1168500,56,,,1,65,,1168498,56,,,1,28,,1168489,56,,,1,70,,1091981,56,,,1,30,,1094683,56,,,1,68,,1168493,56,,,1,30,,1168511,56,,,1,69,,1168510,56,,,1,30,,1168492,56,,,1,100,,1168508,56,,,1,89,,1168506,56,,,1
8100,'7',801,,1168525,55,,,1,30,,1168524,55,,,1,70,,1168545,55,,,1,30,,1168534,55,,,1,70,,1168533,55,,,1,30,,1168521,55,,,1,72,,1168527,55,,,1,30,,1168526,55,,,1,70,,1168542,55,,,1,30,,1168541,55,,,1,71,,1168531,55,,,1,30,,1168540,55,,,1,70,,1168530,55,,,1,30,,1168523,55,,,1,70,,1168529,55,,,1,30,,1168518,55,,,1,70,,1168535,55,,,1,30,,1168539,55,,,1,70,,1168537,55,,,1,30,,1168519,55,,,1,70,,1168522,55,,,1,30,,1168532,55,,,1,69,,1168528,55,,,1,30,,1168520,55,,,1,70,,1168546,55,,,1,100,,1168536,55,,,1,98,,1168544,55,,,1,100,,1168538,55,,,1,100,,1168543,55,,,1
8100,'8',606,,1168575,56,,,1,37,,1168557,56,,,1,72,,1168582,56,,,1,31,,1168559,56,,,1,69,,1168566,56,,,1,36,,1168576,56,,,1,66,,1168579,56,,,1,29,,1168547,56,,,1,68,,1168578,56,,,1,31,,1168548,56,,,1,69,,1168572,56,,,1,30,,1168570,56,,,1,70,,1168551,56,,,1,31,,1168556,56,,,1,70,,1168567,56,,,1,30,,1168577,56,,,1,71,,1168552,56,,,1,32,,1168554,56,,,1,73,,1168564,56,,,1,33,,1168558,56,,,1,74,,1168580,56,,,1,30,,1168562,56,,,1,68,,1168565,56,,,1,28,,1168568,56,,,1,67,,1168550,56,,,1,25,,1168563,56,,,1,65,,1168560,56,,,1,28,,1168549,56,,,1,70,,1168561,56,,,1,30,,1168581,56,,,1,68,,1168555,56,,,1,30,,1168574,56,,,1,69,,1168573,56,,,1,30,,1168553,56,,,1,100,,1168571,56,,,1,89,,1168569,56,,,1
8100,'9',606,,1168583,56,,,1,37,,1168606,56,,,1,72,,1168613,56,,,1,31,,1168605,56,,,1,69,,1168592,56,,,1,36,,1168598,56,,,1,66,,1168594,56,,,1,29,,1168589,56,,,1,68,,1071412,56,,,1,31,,1168585,56,,,1,69,,1019975,56,,,1,30,,1168607,56,,,1,70,,1168603,56,,,1,31,,1168609,56,,,1,70,,1168590,56,,,1,30,,1168599,56,,,1,71,,1168602,56,,,1,32,,1068617,56,,,1,73,,1168588,56,,,1,33,,1168593,56,,,1,74,,1168587,56,,,1,30,,1168584,56,,,1,68,,1168601,56,,,1,28,,1168591,56,,,1,67,,1168596,56,,,1,25,,1168597,56,,,1,65,,1002004,56,,,1,28,,1168610,56,,,1,70,,1168612,56,,,1,30,,1096026,56,,,1,68,,1168608,56,,,1,30,,1168611,56,,,1,69,,1168600,56,,,1,30,,1168604,56,,,1,100,,1168595,56,,,1,89,,1168586,56,,,1
