67701,'1',1423,,1200328,7,,,1
67701,'10',1423,,1200330,7,,,1
67701,'11',1423,,1200332,7,,,1
67701,'12',1423,,1200333,7,,,1
67701,'14',1423,,1200335,7,,,1
67701,'15',1423,,1200337,7,,,1
67701,'16',1423,,1200339,7,,,1
67701,'5',1423,,1200341,7,,,1
67701,'6',1423,,1200343,7,,,1
67701,'8',1423,,1200345,7,,,1
67701,'9',1423,,1200347,7,,,1
69601,'1',1500,,1200732,6,,,1
69601,'10',1500,,1200734,6,,,1
69601,'11',1500,,1200736,6,,,1
69601,'12',1500,,1200738,6,,,1
69601,'14',1500,,1200741,6,,,1
69601,'15',1500,,1200744,6,,,1
69601,'16',1500,,1200747,6,,,1
69601,'5',1500,,1200749,6,,,1
69601,'6',1500,,1200752,6,,,1
69601,'8',1500,,1200755,6,,,1
69601,'9',1500,,1200757,6,,,1
