5301,'1',652,,1148202,7,,,1,56,,1148216,7,,,1,17,,1103236,7,,,1,17,,1148217,7,,,1,59,,1148213,7,,,1,17,,1148201,7,,,1,20,,1148219,7,,,1,15,,1148209,7,,,1,55,,1148195,7,,,1,14,,1148190,7,,,1,20,,1148210,7,,,1,60,,1148208,7,,,1,30,,1148212,7,,,1,70,,1148194,7,,,1,30,,1148204,7,,,1,72,,1148211,7,,,1,30,,1148200,7,,,1,70,,1093779,7,,,1,30,,1099192,7,,,1,70,,1148181,7,,,1,30,,1005979,7,,,1,15,,1018480,7,,,1,55,,1148185,7,,,1,17,,1148215,7,,,1,15,,1148205,7,,,1,15,,1148191,7,,,1,54,,1148198,7,,,1,17,,1148182,7,,,1,14,,1086687,7,,,1,16,,1148197,7,,,1,55,,1148218,7,,,1,15,,1148186,7,,,1,14,,1148192,7,,,1,13,,1148203,7,,,1,59,,1148180,7,,,1,28,,1148196,7,,,1,70,,1148214,7,,,1,32,,1148184,7,,,1,67,,1148188,7,,,1,30,,1091894,7,,,1,70,,1148199,7,,,1,30,,1102376,7,,,1,70,,1148193,7,,,1,100,,1030777,7,,,1,100,,1148183,7,,,1,99,,1148189,7,,,1
5301,'10',652,,1148242,7,,,1,56,,1148256,7,,,1,17,,1103233,7,,,1,17,,1148257,7,,,1,59,,1148253,7,,,1,17,,1148241,7,,,1,20,,1148259,7,,,1,15,,1148249,7,,,1,55,,1148235,7,,,1,14,,1148230,7,,,1,20,,1148250,7,,,1,60,,1148248,7,,,1,30,,1148252,7,,,1,70,,1148234,7,,,1,30,,1148244,7,,,1,72,,1148251,7,,,1,30,,1148240,7,,,1,70,,1093579,7,,,1,30,,1099186,7,,,1,70,,1148221,7,,,1,30,,1006076,7,,,1,15,,1018635,7,,,1,55,,1148225,7,,,1,17,,1148255,7,,,1,15,,1148245,7,,,1,15,,1148231,7,,,1,54,,1148238,7,,,1,17,,1148222,7,,,1,14,,1086517,7,,,1,16,,1148237,7,,,1,55,,1148258,7,,,1,15,,1148226,7,,,1,14,,1148232,7,,,1,13,,1148243,7,,,1,59,,1148220,7,,,1,28,,1148236,7,,,1,70,,1148254,7,,,1,32,,1148224,7,,,1,67,,1148228,7,,,1,30,,1091725,7,,,1,70,,1148239,7,,,1,30,,1102367,7,,,1,70,,1148233,7,,,1,100,,1030917,7,,,1,100,,1148223,7,,,1,99,,1148229,7,,,1
5301,'11',652,,1148282,7,,,1,56,,1148296,7,,,1,17,,1103237,7,,,1,17,,1148297,7,,,1,59,,1148293,7,,,1,17,,1148281,7,,,1,20,,1148299,7,,,1,15,,1148289,7,,,1,55,,1148275,7,,,1,14,,1148270,7,,,1,20,,1148290,7,,,1,60,,1148288,7,,,1,30,,1148292,7,,,1,70,,1148274,7,,,1,30,,1148284,7,,,1,72,,1148291,7,,,1,30,,1148280,7,,,1,70,,1093839,7,,,1,30,,1099194,7,,,1,70,,1148261,7,,,1,30,,1005949,7,,,1,15,,1018435,7,,,1,55,,1148265,7,,,1,17,,1148295,7,,,1,15,,1148285,7,,,1,15,,1148271,7,,,1,54,,1148278,7,,,1,17,,1148262,7,,,1,14,,1086742,7,,,1,16,,1148277,7,,,1,55,,1148298,7,,,1,15,,1148266,7,,,1,14,,1148272,7,,,1,13,,1148283,7,,,1,59,,1148260,7,,,1,28,,1148276,7,,,1,70,,1148294,7,,,1,32,,1148264,7,,,1,67,,1148268,7,,,1,30,,1091946,7,,,1,70,,1148279,7,,,1,30,,1102379,7,,,1,70,,1148273,7,,,1,100,,1030734,7,,,1,100,,1148263,7,,,1,99,,1148269,7,,,1
5301,'12',652,,1148330,7,,,1,56,,1148326,7,,,1,17,,1148329,7,,,1,17,,1148338,7,,,1,59,,1148340,7,,,1,17,,1148342,7,,,1,20,,1148332,7,,,1,15,,1148306,7,,,1,55,,1148331,7,,,1,14,,1148309,7,,,1,20,,1148322,7,,,1,60,,1148328,7,,,1,30,,1148325,7,,,1,70,,1148323,7,,,1,30,,1053926,7,,,1,72,,1148315,7,,,1,30,,1148301,7,,,1,70,,1148317,7,,,1,30,,1148302,7,,,1,70,,1148337,7,,,1,30,,1148316,7,,,1,15,,1148336,7,,,1,55,,1148327,7,,,1,17,,1085943,7,,,1,15,,1148339,7,,,1,15,,1148312,7,,,1,54,,1148324,7,,,1,17,,1018141,7,,,1,14,,1080435,7,,,1,16,,1148319,7,,,1,55,,1148304,7,,,1,15,,1148333,7,,,1,14,,1148321,7,,,1,13,,1148341,7,,,1,59,,1148314,7,,,1,28,,1148303,7,,,1,70,,1078234,7,,,1,32,,1148343,7,,,1,67,,1148308,7,,,1,30,,1148334,7,,,1,70,,1148307,7,,,1,30,,1148305,7,,,1,70,,1148335,7,,,1,100,,1148318,7,,,1,100,,1148311,7,,,1,99,,1148320,7,,,1
5301,'13',814,,1148348,7,,,1,100,,1069032,7,,,1,30,,1148366,7,,,1,71,,1148361,7,,,1,30,,1087899,7,,,1,70,,1148345,7,,,1,30,,1148351,7,,,1,71,,1148362,7,,,1,30,,1148354,7,,,1,70,,1148363,7,,,1,30,,1148360,7,,,1,70,,1148368,7,,,1,30,,1148349,7,,,1,70,,1005550,7,,,1,30,,1148367,7,,,1,69,,1148359,7,,,1,30,,1096063,7,,,1,70,,1148344,7,,,1,30,,1148357,7,,,1,69,,1064837,7,,,1,30,,1148370,7,,,1,70,,1148369,7,,,1,30,,1148371,7,,,1,70,,1148350,7,,,1,30,,1148353,7,,,1,70,,1148352,7,,,1,30,,1148347,7,,,1,70,,1148364,7,,,1,30,,1148346,7,,,1,70,,1148356,7,,,1,30,,1148355,7,,,1,70,,1148358,7,,,1
5301,'14',652,,1148400,7,,,1,56,,1148416,7,,,1,17,,1148376,7,,,1,17,,1148417,7,,,1,59,,1148412,7,,,1,17,,1148399,7,,,1,20,,1148421,7,,,1,15,,1148407,7,,,1,55,,1148392,7,,,1,14,,1148387,7,,,1,20,,1148408,7,,,1,60,,1148406,7,,,1,30,,1148410,7,,,1,70,,1148391,7,,,1,30,,1148402,7,,,1,72,,1148409,7,,,1,30,,1148398,7,,,1,70,,1148372,7,,,1,30,,1148395,7,,,1,70,,1148375,7,,,1,30,,1148373,7,,,1,15,,1148420,7,,,1,55,,1148382,7,,,1,17,,1148414,7,,,1,15,,1148403,7,,,1,15,,1148388,7,,,1,54,,1148396,7,,,1,17,,1148377,7,,,1,14,,1148380,7,,,1,16,,1148394,7,,,1,55,,1148419,7,,,1,15,,1148383,7,,,1,14,,1148389,7,,,1,13,,1148401,7,,,1,59,,1148374,7,,,1,28,,1148393,7,,,1,70,,1148413,7,,,1,32,,1148381,7,,,1,67,,1148385,7,,,1,30,,1148378,7,,,1,70,,1148397,7,,,1,30,,1148415,7,,,1,70,,1148390,7,,,1,100,,1148418,7,,,1,100,,1148379,7,,,1,99,,1148386,7,,,1
5301,'15',652,,1148453,7,,,1,56,,1148468,7,,,1,17,,1148431,7,,,1,17,,1148452,7,,,1,59,,1148426,7,,,1,17,,1148430,7,,,1,20,,1148437,7,,,1,15,,1148444,7,,,1,55,,1148446,7,,,1,14,,1148461,7,,,1,20,,1148457,7,,,1,60,,1148451,7,,,1,30,,1148455,7,,,1,70,,1148449,7,,,1,30,,1148450,7,,,1,72,,1148433,7,,,1,30,,1148436,7,,,1,70,,1148438,7,,,1,30,,1148448,7,,,1,70,,1148434,7,,,1,30,,1148422,7,,,1,15,,1148439,7,,,1,55,,1148423,7,,,1,17,,1148454,7,,,1,15,,1148460,7,,,1,15,,1148427,7,,,1,54,,1148429,7,,,1,17,,1148465,7,,,1,14,,1148459,7,,,1,16,,1148464,7,,,1,55,,1148458,7,,,1,15,,1148463,7,,,1,14,,1148443,7,,,1,13,,1148470,7,,,1,59,,1148428,7,,,1,28,,1148467,7,,,1,70,,1148471,7,,,1,32,,1148456,7,,,1,67,,1148462,7,,,1,30,,1148447,7,,,1,70,,1148445,7,,,1,30,,1148425,7,,,1,70,,1148435,7,,,1,100,,1148424,7,,,1,100,,1148466,7,,,1,99,,1148432,7,,,1
5301,'16',652,,1148504,7,,,1,56,,1148500,7,,,1,17,,1148503,7,,,1,17,,1148512,7,,,1,59,,1148514,7,,,1,17,,1148516,7,,,1,20,,1148506,7,,,1,15,,1148477,7,,,1,55,,1148505,7,,,1,14,,1148482,7,,,1,20,,1148496,7,,,1,60,,1148502,7,,,1,30,,1148499,7,,,1,70,,1148497,7,,,1,30,,1148479,7,,,1,72,,1148488,7,,,1,30,,1148473,7,,,1,70,,1148491,7,,,1,30,,1090025,7,,,1,70,,1148511,7,,,1,30,,1148489,7,,,1,15,,1148510,7,,,1,55,,1148501,7,,,1,17,,1148490,7,,,1,15,,1148513,7,,,1,15,,1148485,7,,,1,54,,1148498,7,,,1,17,,1148517,7,,,1,14,,1148475,7,,,1,16,,1148493,7,,,1,55,,1062163,7,,,1,15,,1148507,7,,,1,14,,1148495,7,,,1,13,,1148515,7,,,1,59,,1148487,7,,,1,28,,1064134,7,,,1,70,,1148474,7,,,1,32,,1148518,7,,,1,67,,1148481,7,,,1,30,,1148508,7,,,1,70,,1148480,7,,,1,30,,1148476,7,,,1,70,,1148509,7,,,1,100,,1148492,7,,,1,100,,1148484,7,,,1,99,,1148494,7,,,1
5301,'17',814,,1148526,7,,,1,100,,1148547,7,,,1,30,,1148544,7,,,1,71,,1148539,7,,,1,30,,1148520,7,,,1,70,,1148521,7,,,1,30,,1148529,7,,,1,71,,1148540,7,,,1,30,,1148532,7,,,1,70,,1148541,7,,,1,30,,1148538,7,,,1,70,,1148546,7,,,1,30,,1148527,7,,,1,70,,1148522,7,,,1,30,,1148545,7,,,1,69,,1148537,7,,,1,30,,1148550,7,,,1,70,,1148519,7,,,1,30,,1148535,7,,,1,69,,1148525,7,,,1,30,,1148549,7,,,1,70,,1148548,7,,,1,30,,1148551,7,,,1,70,,1148528,7,,,1,30,,1148531,7,,,1,70,,1148530,7,,,1,30,,1148524,7,,,1,70,,1148542,7,,,1,30,,1148523,7,,,1,70,,1148534,7,,,1,30,,1148533,7,,,1,70,,1148536,7,,,1
5301,'2',709,,1090353,7,,,1,30,,1148558,7,,,1,70,,1148581,7,,,1,30,,1148579,7,,,1,70,,1148556,7,,,1,30,,1148575,7,,,1,71,,1148554,7,,,1,30,,1148566,7,,,1,70,,1148573,7,,,1,30,,1148555,7,,,1,71,,1148562,7,,,1,30,,1148568,7,,,1,70,,1148560,7,,,1,30,,1148578,7,,,1,70,,1148557,7,,,1,30,,1148582,7,,,1,70,,1148565,7,,,1,30,,1148570,7,,,1,69,,1148567,7,,,1,30,,1148569,7,,,1,70,,1148552,7,,,1,30,,1148574,7,,,1,69,,1148576,7,,,1,30,,1148580,7,,,1,70,,1148584,7,,,1,30,,1148577,7,,,1,70,,1099923,7,,,1,30,,1148563,7,,,1,70,,1148559,7,,,1,30,,1148571,7,,,1,70,,1148553,7,,,1,100,,1148561,7,,,1,100,,1148583,7,,,1,100,,1148572,7,,,1
5301,'3',814,,1148592,7,,,1,100,,1148613,7,,,1,30,,1148610,7,,,1,71,,1148605,7,,,1,30,,1148586,7,,,1,70,,1148587,7,,,1,30,,1148595,7,,,1,71,,1148606,7,,,1,30,,1148598,7,,,1,70,,1148607,7,,,1,30,,1148604,7,,,1,70,,1148612,7,,,1,30,,1148593,7,,,1,70,,1148588,7,,,1,30,,1148611,7,,,1,69,,1148603,7,,,1,30,,1148616,7,,,1,70,,1148585,7,,,1,30,,1148601,7,,,1,69,,1148591,7,,,1,30,,1148615,7,,,1,70,,1148614,7,,,1,30,,1148617,7,,,1,70,,1148594,7,,,1,30,,1148597,7,,,1,70,,1148596,7,,,1,30,,1148590,7,,,1,70,,1148608,7,,,1,30,,1148589,7,,,1,70,,1148600,7,,,1,30,,1148599,7,,,1,70,,1148602,7,,,1
5301,'4',814,,1148627,7,,,1,100,,1079783,7,,,1,30,,1148621,7,,,1,71,,1148623,7,,,1,30,,1148620,7,,,1,70,,1148622,7,,,1,30,,1148642,7,,,1,71,,1148634,7,,,1,30,,1148625,7,,,1,70,,1148619,7,,,1,30,,1148639,7,,,1,70,,1148633,7,,,1,30,,1148635,7,,,1,70,,1148624,7,,,1,30,,1148629,7,,,1,69,,1148637,7,,,1,30,,1148632,7,,,1,70,,1148643,7,,,1,30,,1148630,7,,,1,69,,1148631,7,,,1,30,,1148636,7,,,1,70,,1013328,7,,,1,30,,1148645,7,,,1,70,,1148618,7,,,1,30,,1089450,7,,,1,70,,995059,7,,,1,30,,1148628,7,,,1,70,,1148641,7,,,1,30,,1148644,7,,,1,70,,1148640,7,,,1,30,,1029379,7,,,1,70,,1148638,7,,,1
5301,'5',652,,1148668,7,,,1,56,,1148682,7,,,1,17,,1103235,7,,,1,17,,1148683,7,,,1,59,,1148679,7,,,1,17,,1148667,7,,,1,20,,1148685,7,,,1,15,,1148675,7,,,1,55,,1148661,7,,,1,14,,1148656,7,,,1,20,,1148676,7,,,1,60,,1148674,7,,,1,30,,1148678,7,,,1,70,,1148660,7,,,1,30,,1148670,7,,,1,72,,1148677,7,,,1,30,,1148666,7,,,1,70,,1093744,7,,,1,30,,1099190,7,,,1,70,,1148647,7,,,1,30,,1005808,7,,,1,15,,1018248,7,,,1,55,,1148651,7,,,1,17,,1148681,7,,,1,15,,1148671,7,,,1,15,,1148657,7,,,1,54,,1148664,7,,,1,17,,1148648,7,,,1,14,,1086661,7,,,1,16,,1148663,7,,,1,55,,1148684,7,,,1,15,,1148652,7,,,1,14,,1148658,7,,,1,13,,1148669,7,,,1,59,,1148646,7,,,1,28,,1148662,7,,,1,70,,1148680,7,,,1,32,,1148650,7,,,1,67,,1148654,7,,,1,30,,1091864,7,,,1,70,,1148665,7,,,1,30,,1102373,7,,,1,70,,1148659,7,,,1,100,,1030547,7,,,1,100,,1148649,7,,,1,99,,1148655,7,,,1
5301,'6',652,,1148718,7,,,1,56,,1148714,7,,,1,17,,1148717,7,,,1,17,,1148723,7,,,1,59,,1059105,7,,,1,17,,1148724,7,,,1,20,,1148720,7,,,1,15,,1079257,7,,,1,55,,1148719,7,,,1,14,,1148697,7,,,1,20,,1148710,7,,,1,60,,1148716,7,,,1,30,,1148713,7,,,1,70,,1148711,7,,,1,30,,1148694,7,,,1,72,,1148702,7,,,1,30,,1084527,7,,,1,70,,1148705,7,,,1,30,,1148687,7,,,1,70,,1080838,7,,,1,30,,1148703,7,,,1,15,,1101037,7,,,1,55,,1148715,7,,,1,17,,1148704,7,,,1,15,,997838,7,,,1,15,,1148700,7,,,1,54,,1148712,7,,,1,17,,1148725,7,,,1,14,,1148690,7,,,1,16,,1148707,7,,,1,55,,1148691,7,,,1,15,,1148721,7,,,1,14,,1148709,7,,,1,13,,1090988,7,,,1,59,,1062254,7,,,1,28,,1148689,7,,,1,70,,1148688,7,,,1,32,,1148726,7,,,1,67,,1148696,7,,,1,30,,1148722,7,,,1,70,,1148695,7,,,1,30,,1148692,7,,,1,70,,1100459,7,,,1,100,,1148706,7,,,1,100,,1148699,7,,,1,99,,1148708,7,,,1
5301,'7',709,,1148745,7,,,1,30,,1148755,7,,,1,70,,1148734,7,,,1,30,,1148753,7,,,1,70,,1148746,7,,,1,30,,1148735,7,,,1,71,,1148729,7,,,1,30,,1148758,7,,,1,70,,1148727,7,,,1,30,,1148751,7,,,1,71,,1148749,7,,,1,30,,1148731,7,,,1,70,,1148750,7,,,1,30,,1148732,7,,,1,70,,1148728,7,,,1,30,,1148739,7,,,1,70,,1148754,7,,,1,30,,1148743,7,,,1,69,,1148740,7,,,1,30,,1148738,7,,,1,70,,1148742,7,,,1,30,,1148733,7,,,1,69,,1148761,7,,,1,30,,1148747,7,,,1,70,,1148730,7,,,1,30,,1148748,7,,,1,70,,1148741,7,,,1,30,,1148736,7,,,1,70,,1148757,7,,,1,30,,1148744,7,,,1,70,,1148759,7,,,1,100,,1148752,7,,,1,100,,1148756,7,,,1,100,,1148760,7,,,1
5301,'8',652,,1148797,7,,,1,56,,1148793,7,,,1,17,,1148796,7,,,1,17,,1148805,7,,,1,59,,1148807,7,,,1,17,,1148809,7,,,1,20,,1148799,7,,,1,15,,1148770,7,,,1,55,,1148798,7,,,1,14,,1148775,7,,,1,20,,1148789,7,,,1,60,,1148795,7,,,1,30,,1148792,7,,,1,70,,1148790,7,,,1,30,,1148772,7,,,1,72,,1148781,7,,,1,30,,1148763,7,,,1,70,,1148784,7,,,1,30,,1148764,7,,,1,70,,1148804,7,,,1,30,,1148782,7,,,1,15,,1148803,7,,,1,55,,1148794,7,,,1,17,,1148783,7,,,1,15,,1148806,7,,,1,15,,1148778,7,,,1,54,,1148791,7,,,1,17,,1148810,7,,,1,14,,1148767,7,,,1,16,,1148786,7,,,1,55,,1148768,7,,,1,15,,1148800,7,,,1,14,,1148788,7,,,1,13,,1148808,7,,,1,59,,1148780,7,,,1,28,,1148766,7,,,1,70,,1148765,7,,,1,32,,1148811,7,,,1,67,,1148774,7,,,1,30,,1148801,7,,,1,70,,1148773,7,,,1,30,,1148769,7,,,1,70,,1148802,7,,,1,100,,1148785,7,,,1,100,,1148777,7,,,1,99,,1148787,7,,,1
5301,'9',652,,1148834,7,,,1,56,,1148848,7,,,1,17,,1103234,7,,,1,17,,1148849,7,,,1,59,,1148845,7,,,1,17,,1148833,7,,,1,20,,1148851,7,,,1,15,,1148841,7,,,1,55,,1148827,7,,,1,14,,1148822,7,,,1,20,,1148842,7,,,1,60,,1148840,7,,,1,30,,1148844,7,,,1,70,,1148826,7,,,1,30,,1148836,7,,,1,72,,1148843,7,,,1,30,,1148832,7,,,1,70,,1093635,7,,,1,30,,1099188,7,,,1,70,,1148813,7,,,1,30,,1006009,7,,,1,15,,1018525,7,,,1,55,,1148817,7,,,1,17,,1148847,7,,,1,15,,1148837,7,,,1,15,,1148823,7,,,1,54,,1148830,7,,,1,17,,1148814,7,,,1,14,,1086573,7,,,1,16,,1148829,7,,,1,55,,1148850,7,,,1,15,,1148818,7,,,1,14,,1148824,7,,,1,13,,1148835,7,,,1,59,,1148812,7,,,1,28,,1148828,7,,,1,70,,1148846,7,,,1,32,,1148816,7,,,1,67,,1148820,7,,,1,30,,1091781,7,,,1,70,,1148831,7,,,1,30,,1102370,7,,,1,70,,1148825,7,,,1,100,,1030820,7,,,1,100,,1148815,7,,,1,99,,1148821,7,,,1
8000,'1',447,,1092428,7,0,138,1,70,,1166507,7,0,138,1,32,,1166512,7,,,1,55,,1078717,7,0,19 20,1,15,,1166523,7,,,1,15,,1166477,7,0,19 20,1,17,,1166524,7,,,1,55,,1166475,7,0,19 20,1,15,,1166513,7,,,1,13,,1166476,7,0,19 20,1,17,,1166514,7,,,1,55,,1166479,7,0,19 20,1,16,,1166501,7,,,1,14,,1166504,7,0,19 20,1,16,,1023692,7,,,1,56,,1166496,7,0,19 20,1,16,,1166515,7,,,1,16,,1166490,7,0,19 20,1,15,,1166497,7,,,1,54,,1166511,7,0,19 20,1,14,,1166498,7,,,1,14,,1166494,7,0,19 20,1,14,,1166483,7,,,1,55,,1166505,7,0,19 20,1,15,,1166469,7,,,1,15,,1166480,7,0,19 20,1,15,,1166474,7,,,1,55,,1166482,7,0,19 20,1,16,,1166472,7,,,1,16,,1083895,7,0,19 20,1,15,,1166481,7,,,1,54,,1166516,7,0,19 20,1,14,,1166489,7,,,1,15,,1166510,7,0,19 20,1,15,,1096986,7,,,1,55,,1166509,7,0,19 20,1,15,,1011661,7,,,1,13,,1166520,7,0,19 20,1,17,,1166517,7,,,1,56,,1166502,7,0,19 20,1,33,,1166491,7,0,19 20,1,15,,1166487,7,,,1,54,,1166518,7,0,19 20,1,15,,1166521,7,,,1,14,,1166508,7,0,19 20,1,16,,1166495,7,,,1,55,,1166500,7,0,19 20,1,15,,1166473,7,,,1,15,,872404,7,0,19 20,1,16,,1166486,7,,,1,54,,1166492,7,0,19 20,1,16,,1166484,7,,,1,16,,1166471,7,0,19 20,1,15,,1166470,7,,,1,70,,1166488,7,,,1,30,,1166519,7,,,1,70,,1166506,7,,,1,30,,1166493,7,,,1,70,,1074521,7,,,1,30,,1000726,7,,,1,70,,1166522,7,,,1,30,,996780,7,,,1,70,,1166499,7,,,1,29,,1166485,7,,,1,70,,1166503,7,,,1
8000,'10',447,,1092272,7,0,138,1,70,,1166563,7,0,138,1,32,,1166568,7,,,1,55,,1078453,7,0,19 20,1,15,,1166579,7,,,1,15,,1166533,7,0,19 20,1,17,,1166580,7,,,1,55,,1166531,7,0,19 20,1,15,,1166569,7,,,1,13,,1166532,7,0,19 20,1,17,,1166570,7,,,1,55,,1166535,7,0,19 20,1,16,,1166557,7,,,1,14,,1166560,7,0,19 20,1,16,,1023778,7,,,1,56,,1166552,7,0,19 20,1,16,,1166571,7,,,1,16,,1166546,7,0,19 20,1,15,,1166553,7,,,1,54,,1166567,7,0,19 20,1,14,,1166554,7,,,1,14,,1166550,7,0,19 20,1,14,,1166539,7,,,1,55,,1166561,7,0,19 20,1,15,,1166525,7,,,1,15,,1166536,7,0,19 20,1,15,,1166530,7,,,1,55,,1166538,7,0,19 20,1,16,,1166528,7,,,1,16,,1083743,7,0,19 20,1,15,,1166537,7,,,1,54,,1166572,7,0,19 20,1,14,,1166545,7,,,1,15,,1166566,7,0,19 20,1,15,,1096903,7,,,1,55,,1166565,7,0,19 20,1,15,,1011738,7,,,1,13,,1166576,7,0,19 20,1,17,,1166573,7,,,1,56,,1166558,7,0,19 20,1,33,,1166547,7,0,19 20,1,15,,1166543,7,,,1,54,,1166574,7,0,19 20,1,15,,1166577,7,,,1,14,,1166564,7,0,19 20,1,16,,1166551,7,,,1,55,,1166556,7,0,19 20,1,15,,1166529,7,,,1,15,,872476,7,0,19 20,1,16,,1166542,7,,,1,54,,1166548,7,0,19 20,1,16,,1166540,7,,,1,16,,1166527,7,0,19 20,1,15,,1166526,7,,,1,70,,1166544,7,,,1,30,,1166575,7,,,1,70,,1166562,7,,,1,30,,1166549,7,,,1,70,,1074374,7,,,1,30,,1000874,7,,,1,70,,1166578,7,,,1,30,,996929,7,,,1,70,,1166555,7,,,1,29,,1166541,7,,,1,70,,1166559,7,,,1
8000,'11',447,,1092475,7,0,138,1,70,,1166619,7,0,138,1,32,,1166624,7,,,1,55,,1078797,7,0,19 20,1,15,,1166635,7,,,1,15,,1166589,7,0,19 20,1,17,,1166636,7,,,1,55,,1166587,7,0,19 20,1,15,,1166625,7,,,1,13,,1166588,7,0,19 20,1,17,,1166626,7,,,1,55,,1166591,7,0,19 20,1,16,,1166613,7,,,1,14,,1166616,7,0,19 20,1,16,,1023666,7,,,1,56,,1166608,7,0,19 20,1,16,,1166627,7,,,1,16,,1166602,7,0,19 20,1,15,,1166609,7,,,1,54,,1166623,7,0,19 20,1,14,,1166610,7,,,1,14,,1166606,7,0,19 20,1,14,,1166595,7,,,1,55,,1166617,7,0,19 20,1,15,,1166581,7,,,1,15,,1166592,7,0,19 20,1,15,,1166586,7,,,1,55,,1166594,7,0,19 20,1,16,,1166584,7,,,1,16,,1083938,7,0,19 20,1,15,,1166593,7,,,1,54,,1166628,7,0,19 20,1,14,,1166601,7,,,1,15,,1166622,7,0,19 20,1,15,,1097013,7,,,1,55,,1166621,7,0,19 20,1,15,,1011640,7,,,1,13,,1166632,7,0,19 20,1,17,,1166629,7,,,1,56,,1166614,7,0,19 20,1,33,,1166603,7,0,19 20,1,15,,1166599,7,,,1,54,,1166630,7,0,19 20,1,15,,1166633,7,,,1,14,,1166620,7,0,19 20,1,16,,1166607,7,,,1,55,,1166612,7,0,19 20,1,15,,1166585,7,,,1,15,,872268,7,0,19 20,1,16,,1166598,7,,,1,54,,1166604,7,0,19 20,1,16,,1166596,7,,,1,16,,1166583,7,0,19 20,1,15,,1166582,7,,,1,70,,1166600,7,,,1,30,,1166631,7,,,1,70,,1166618,7,,,1,30,,1166605,7,,,1,70,,1074564,7,,,1,30,,1000684,7,,,1,70,,1166634,7,,,1,30,,996738,7,,,1,70,,1166611,7,,,1,29,,1166597,7,,,1,70,,1166615,7,,,1
8000,'12',447,,1166640,7,0,138,1,70,,1166692,7,0,138,1,32,,1166686,7,,,1,55,,1166655,7,0,19 20,1,15,,1166676,7,,,1,15,,1166681,7,0,19 20,1,17,,1166689,7,,,1,55,,1166672,7,0,19 20,1,15,,1166698,7,,,1,13,,1166683,7,0,19 20,1,17,,1087159,7,,,1,55,,1166673,7,0,19 20,1,16,,1166680,7,,,1,14,,1166646,7,0,19 20,1,16,,1166688,7,,,1,56,,1166679,7,0,19 20,1,16,,1166642,7,,,1,16,,1166638,7,0,19 20,1,15,,1166671,7,,,1,54,,1166661,7,0,19 20,1,14,,1166685,7,,,1,14,,1166690,7,0,19 20,1,14,,1166697,7,,,1,55,,1166687,7,0,19 20,1,15,,1166667,7,,,1,15,,1166660,7,0,19 20,1,15,,1089973,7,,,1,55,,1166658,7,0,19 20,1,16,,1166645,7,,,1,16,,1166647,7,0,19 20,1,15,,1166648,7,,,1,54,,1166643,7,0,19 20,1,14,,1166653,7,,,1,15,,1166649,7,0,19 20,1,15,,1166668,7,,,1,55,,1026009,7,0,19 20,1,15,,1166691,7,,,1,13,,1002217,7,0,19 20,1,17,,1166637,7,,,1,56,,1166659,7,0,19 20,1,33,,1166644,7,0,19 20,1,15,,1166657,7,,,1,54,,1166639,7,0,19 20,1,15,,1166651,7,,,1,14,,1166670,7,0,19 20,1,16,,1166695,7,,,1,55,,1166678,7,0,19 20,1,15,,1166694,7,,,1,15,,1166656,7,0,19 20,1,16,,1166684,7,,,1,54,,1166696,7,0,19 20,1,16,,1166693,7,,,1,16,,1166662,7,0,19 20,1,15,,1166641,7,,,1,70,,1166669,7,,,1,30,,1166664,7,,,1,70,,1166665,7,,,1,30,,1166677,7,,,1,70,,1166663,7,,,1,30,,1166674,7,,,1,70,,1166654,7,,,1,30,,1166666,7,,,1,70,,1166675,7,,,1,29,,1166652,7,,,1,70,,1166682,7,,,1
8000,'13',713,,1166703,7,,,1,101,,1166708,7,,,1,100,,1166705,7,,,1,100,,1166706,7,,,1,30,,1166713,7,,,1,70,,1166704,7,,,1,30,,1166721,7,,,1,71,,1166712,7,,,1,30,,1166701,7,,,1,70,,1166719,7,,,1,30,,1166709,7,,,1,70,,1166707,7,,,1,30,,1166716,7,,,1,70,,1166715,7,,,1,30,,1166700,7,,,1,70,,1096667,7,,,1,30,,1166702,7,,,1,100,,1166720,7,,,1,99,,1166718,7,,,1,100,,1166717,7,,,1,100,,1166711,7,,,1,100,,1166710,7,,,1,104,,1166714,7,,,1
8000,'14',447,,1166724,7,0,138,1,70,,1166767,7,0,138,1,32,,1166773,7,,,1,55,,1166772,7,0,19 20,1,15,,1166787,7,,,1,15,,1166736,7,0,19 20,1,17,,1166788,7,,,1,55,,1166734,7,0,19 20,1,15,,1166774,7,,,1,13,,1166735,7,0,19 20,1,17,,1166775,7,,,1,55,,1166738,7,0,19 20,1,16,,1166760,7,,,1,14,,1166763,7,0,19 20,1,16,,1166725,7,,,1,56,,1166755,7,0,19 20,1,16,,1166776,7,,,1,16,,1166749,7,0,19 20,1,15,,1166756,7,,,1,54,,1166771,7,0,19 20,1,14,,1166757,7,,,1,14,,1166753,7,0,19 20,1,14,,1166742,7,,,1,55,,1166765,7,0,19 20,1,15,,1166722,7,,,1,15,,1166739,7,0,19 20,1,15,,1166733,7,,,1,55,,1166741,7,0,19 20,1,16,,1166729,7,,,1,16,,1166730,7,0,19 20,1,15,,1166740,7,,,1,54,,1166777,7,0,19 20,1,14,,1166748,7,,,1,15,,1166770,7,0,19 20,1,15,,1166764,7,,,1,55,,1166769,7,0,19 20,1,15,,1166727,7,,,1,13,,1166782,7,0,19 20,1,17,,1166778,7,,,1,56,,1166761,7,0,19 20,1,33,,1166750,7,0,19 20,1,15,,1166746,7,,,1,54,,1166780,7,0,19 20,1,15,,1166785,7,,,1,14,,1166768,7,0,19 20,1,16,,1166754,7,,,1,55,,1166759,7,0,19 20,1,15,,1166732,7,,,1,15,,1166731,7,0,19 20,1,16,,1166745,7,,,1,54,,1166751,7,0,19 20,1,16,,1166743,7,,,1,16,,1166726,7,0,19 20,1,15,,1166723,7,,,1,70,,1166747,7,,,1,30,,1166781,7,,,1,70,,1166766,7,,,1,30,,1166752,7,,,1,70,,1166728,7,,,1,30,,1166784,7,,,1,70,,1166786,7,,,1,30,,1166783,7,,,1,70,,1166758,7,,,1,29,,1166744,7,,,1,70,,1166762,7,,,1
8000,'15',447,,1166817,7,0,138,1,70,,1166794,7,0,138,1,32,,1166806,7,,,1,55,,1166811,7,0,19 20,1,15,,1166819,7,,,1,15,,1166836,7,0,19 20,1,17,,1166851,7,,,1,55,,1166818,7,0,19 20,1,15,,1166816,7,,,1,13,,1166813,7,0,19 20,1,17,,1166841,7,,,1,55,,1166828,7,0,19 20,1,16,,1166846,7,,,1,14,,1166800,7,0,19 20,1,16,,1166825,7,,,1,56,,1166815,7,0,19 20,1,16,,1166844,7,,,1,16,,1166830,7,0,19 20,1,15,,1166850,7,,,1,54,,1166814,7,0,19 20,1,14,,1166847,7,,,1,14,,1166796,7,0,19 20,1,14,,1166803,7,,,1,55,,1166852,7,0,19 20,1,15,,1166804,7,,,1,15,,1166823,7,0,19 20,1,15,,1166848,7,,,1,55,,1166829,7,0,19 20,1,16,,1166805,7,,,1,16,,1166843,7,0,19 20,1,15,,1166849,7,,,1,54,,1166802,7,0,19 20,1,14,,1166834,7,,,1,15,,1166789,7,0,19 20,1,15,,1166798,7,,,1,55,,1166795,7,0,19 20,1,15,,1166791,7,,,1,13,,1166822,7,0,19 20,1,17,,1166801,7,,,1,56,,1166808,7,0,19 20,1,33,,1166835,7,0,19 20,1,15,,1166809,7,,,1,54,,1166820,7,0,19 20,1,15,,1166837,7,,,1,14,,1166845,7,0,19 20,1,16,,1166855,7,,,1,55,,1166832,7,0,19 20,1,15,,1166827,7,,,1,15,,1166792,7,0,19 20,1,16,,1166799,7,,,1,54,,1166812,7,0,19 20,1,16,,1166793,7,,,1,16,,1166839,7,0,19 20,1,15,,1166840,7,,,1,70,,1166831,7,,,1,30,,1166790,7,,,1,70,,1166824,7,,,1,30,,1166853,7,,,1,70,,1166821,7,,,1,30,,1166826,7,,,1,70,,1166833,7,,,1,30,,1166797,7,,,1,70,,1166842,7,,,1,29,,1166807,7,,,1,70,,1166810,7,,,1
8000,'16',447,,1166859,7,0,138,1,70,,1098400,7,0,138,1,32,,1166905,7,,,1,55,,1166874,7,0,19 20,1,15,,1166895,7,,,1,15,,1166900,7,0,19 20,1,17,,1166908,7,,,1,55,,1166891,7,0,19 20,1,15,,1166918,7,,,1,13,,1166902,7,0,19 20,1,17,,1166866,7,,,1,55,,1166892,7,0,19 20,1,16,,1166899,7,,,1,14,,1166865,7,0,19 20,1,16,,1166907,7,,,1,56,,1166898,7,0,19 20,1,16,,1166861,7,,,1,16,,1166857,7,0,19 20,1,15,,1166890,7,,,1,54,,1166880,7,0,19 20,1,14,,1166904,7,,,1,14,,1166909,7,0,19 20,1,14,,1166915,7,,,1,55,,1166906,7,0,19 20,1,15,,1166886,7,,,1,15,,1166879,7,0,19 20,1,15,,1166917,7,,,1,55,,1166877,7,0,19 20,1,16,,1166864,7,,,1,16,,1081070,7,0,19 20,1,15,,1166867,7,,,1,54,,1166862,7,0,19 20,1,14,,1166872,7,,,1,15,,1166868,7,0,19 20,1,15,,1166887,7,,,1,55,,1166916,7,0,19 20,1,15,,1166910,7,,,1,13,,1166856,7,0,19 20,1,17,,1097870,7,,,1,56,,1166878,7,0,19 20,1,33,,1166863,7,0,19 20,1,15,,1166876,7,,,1,54,,1166858,7,0,19 20,1,15,,1166870,7,,,1,14,,1166889,7,0,19 20,1,16,,1166913,7,,,1,55,,1166897,7,0,19 20,1,15,,1166912,7,,,1,15,,1166875,7,0,19 20,1,16,,1166903,7,,,1,54,,1166914,7,0,19 20,1,16,,1166911,7,,,1,16,,1166881,7,0,19 20,1,15,,1166860,7,,,1,70,,1166888,7,,,1,30,,1166883,7,,,1,70,,1166884,7,,,1,30,,1166896,7,,,1,70,,1166882,7,,,1,30,,1166893,7,,,1,70,,1166873,7,,,1,30,,1166885,7,,,1,70,,1166894,7,,,1,29,,1166871,7,,,1,70,,1166901,7,,,1
8000,'17',713,,1166923,7,,,1,101,,1166928,7,,,1,100,,1166925,7,,,1,100,,1166926,7,,,1,30,,1166933,7,,,1,70,,1166924,7,,,1,30,,1166941,7,,,1,71,,1166932,7,,,1,30,,1166921,7,,,1,70,,1166939,7,,,1,30,,1166929,7,,,1,70,,1166927,7,,,1,30,,1166936,7,,,1,70,,1166934,7,,,1,30,,1166920,7,,,1,70,,1166942,7,,,1,30,,1166922,7,,,1,100,,1166940,7,,,1,99,,1166938,7,,,1,100,,1166937,7,,,1,100,,1166931,7,,,1,100,,1166930,7,,,1,104,,1166935,7,,,1
8000,'2',605,,1166958,7,,,1,100,,1166947,7,,,1,35,,1166959,7,,,1,71,,1166972,7,,,1,30,,1166952,7,,,1,70,,1166956,7,,,1,30,,1166969,7,,,1,70,,1166954,7,,,1,30,,1166965,7,,,1,70,,1023594,7,,,1,30,,1166960,7,,,1,71,,1166953,7,,,1,30,,1166973,7,,,1,70,,1166955,7,,,1,30,,1166950,7,,,1,70,,1166968,7,,,1,30,,1166945,7,,,1,70,,1166967,7,,,1,30,,1166970,7,,,1,70,,1166948,7,,,1,30,,1166944,7,,,1,70,,1166951,7,,,1,30,,1166943,7,,,1,70,,1166946,7,,,1,29,,1166971,7,,,1,68,,1029742,7,,,1,32,,1166957,7,,,1,70,,1072220,7,,,1,25,,1166962,7,,,1,70,,1166949,7,,,1,30,,1166961,7,,,1,70,,1166966,7,,,1,29,,1166964,7,,,1,70,,1065637,7,,,1,30,,1166963,7,,,1,70,,1166974,7,,,1
8000,'3',713,,1166978,7,,,1,101,,1166983,7,,,1,100,,1166980,7,,,1,100,,1166981,7,,,1,30,,1166988,7,,,1,70,,1166979,7,,,1,30,,1166996,7,,,1,71,,1166987,7,,,1,30,,1166976,7,,,1,70,,1166994,7,,,1,30,,1166984,7,,,1,70,,1166982,7,,,1,30,,1166991,7,,,1,70,,1166989,7,,,1,30,,1166975,7,,,1,70,,1166997,7,,,1,30,,1166977,7,,,1,100,,1166995,7,,,1,99,,1166993,7,,,1,100,,1166992,7,,,1,100,,1166986,7,,,1,100,,1166985,7,,,1,104,,1166990,7,,,1
8000,'4',713,,1167006,7,,,1,101,,1167000,7,,,1,100,,1166999,7,,,1,100,,1167018,7,,,1,30,,1167005,7,,,1,70,,1167001,7,,,1,30,,1167017,7,,,1,71,,1167010,7,,,1,30,,1167002,7,,,1,70,,1167012,7,,,1,30,,1167014,7,,,1,70,,1167008,7,,,1,30,,1167016,7,,,1,70,,1051935,7,,,1,30,,1076546,7,,,1,70,,1167003,7,,,1,30,,1167013,7,,,1,100,,1167015,7,,,1,99,,1167009,7,,,1,100,,1166998,7,,,1,100,,1167007,7,,,1,100,,1167011,7,,,1,104,,1167004,7,,,1
8000,'5',447,,1092395,7,0,138,1,70,,1167057,7,0,138,1,32,,1167062,7,,,1,55,,1078669,7,0,19 20,1,15,,1167073,7,,,1,15,,1167027,7,0,19 20,1,17,,1167074,7,,,1,55,,1167025,7,0,19 20,1,15,,1167063,7,,,1,13,,1167026,7,0,19 20,1,17,,1167064,7,,,1,55,,1167029,7,0,19 20,1,16,,1167051,7,,,1,14,,1167054,7,0,19 20,1,16,,1023532,7,,,1,56,,1167046,7,0,19 20,1,16,,1167065,7,,,1,16,,1167040,7,0,19 20,1,15,,1167047,7,,,1,54,,1167061,7,0,19 20,1,14,,1167048,7,,,1,14,,1167044,7,0,19 20,1,14,,1167033,7,,,1,55,,1167055,7,0,19 20,1,15,,1167019,7,,,1,15,,1167030,7,0,19 20,1,15,,1167024,7,,,1,55,,1167032,7,0,19 20,1,16,,1167022,7,,,1,16,,1083873,7,0,19 20,1,15,,1167031,7,,,1,54,,1167066,7,0,19 20,1,14,,1167039,7,,,1,15,,1167060,7,0,19 20,1,15,,1096964,7,,,1,55,,1167059,7,0,19 20,1,15,,1011510,7,,,1,13,,1167070,7,0,19 20,1,17,,1167067,7,,,1,56,,1167052,7,0,19 20,1,33,,1167041,7,0,19 20,1,15,,1167037,7,,,1,54,,1167068,7,0,19 20,1,15,,1167071,7,,,1,14,,1167058,7,0,19 20,1,16,,1167045,7,,,1,55,,1167050,7,0,19 20,1,15,,1167023,7,,,1,15,,872684,7,0,19 20,1,16,,1167036,7,,,1,54,,1167042,7,0,19 20,1,16,,1167034,7,,,1,16,,1167021,7,0,19 20,1,15,,1167020,7,,,1,70,,1167038,7,,,1,30,,1167069,7,,,1,70,,1167056,7,,,1,30,,1167043,7,,,1,70,,1074499,7,,,1,30,,1000478,7,,,1,70,,1167072,7,,,1,30,,996472,7,,,1,70,,1167049,7,,,1,29,,1167035,7,,,1,70,,1167053,7,,,1
8000,'6',447,,1093536,7,0,138,1,70,,1167122,7,0,138,1,32,,1167116,7,,,1,55,,1167088,7,0,19 20,1,15,,1167107,7,,,1,15,,1167111,7,0,19 20,1,17,,1167119,7,,,1,55,,1167103,7,0,19 20,1,15,,1078064,7,,,1,13,,1167113,7,0,19 20,1,17,,1167079,7,,,1,55,,1167104,7,0,19 20,1,16,,1167110,7,,,1,14,,1034284,7,0,19 20,1,16,,1167118,7,,,1,56,,1167109,7,0,19 20,1,16,,1167078,7,,,1,16,,1015636,7,0,19 20,1,15,,1167102,7,,,1,54,,1167093,7,0,19 20,1,14,,1167115,7,,,1,14,,1167120,7,0,19 20,1,14,,1167126,7,,,1,55,,1167117,7,0,19 20,1,15,,1167099,7,,,1,15,,1167092,7,0,19 20,1,15,,1167128,7,,,1,55,,1167091,7,0,19 20,1,16,,1100311,7,,,1,16,,1167080,7,0,19 20,1,15,,1167081,7,,,1,54,,1081759,7,0,19 20,1,14,,1167086,7,,,1,15,,1167082,7,0,19 20,1,15,,1167100,7,,,1,55,,1167127,7,0,19 20,1,15,,1167121,7,,,1,13,,1167076,7,0,19 20,1,17,,1167075,7,,,1,56,,1004670,7,0,19 20,1,33,,994965,7,0,19 20,1,15,,1167090,7,,,1,54,,1167077,7,0,19 20,1,15,,1167084,7,,,1,14,,968929,7,0,19 20,1,16,,1167124,7,,,1,55,,1167108,7,0,19 20,1,15,,1167123,7,,,1,15,,1167089,7,0,19 20,1,16,,1167114,7,,,1,54,,1167125,7,0,19 20,1,16,,1031205,7,,,1,16,,1167094,7,0,19 20,1,15,,1100454,7,,,1,70,,1167101,7,,,1,30,,1167096,7,,,1,70,,1167097,7,,,1,30,,1038087,7,,,1,70,,1167095,7,,,1,30,,1167105,7,,,1,70,,1167087,7,,,1,30,,1167098,7,,,1,70,,1167106,7,,,1,29,,1167085,7,,,1,70,,1167112,7,,,1
8000,'7',605,,1167152,7,,,1,100,,1167158,7,,,1,35,,1167144,7,,,1,71,,1167160,7,,,1,30,,1167141,7,,,1,70,,1167143,7,,,1,30,,1167137,7,,,1,70,,1167138,7,,,1,30,,1167155,7,,,1,70,,1167163,7,,,1,30,,1167134,7,,,1,71,,1167154,7,,,1,30,,1167145,7,,,1,70,,1167147,7,,,1,30,,1167135,7,,,1,70,,1167153,7,,,1,30,,1167157,7,,,1,70,,1167149,7,,,1,30,,1167162,7,,,1,70,,1167156,7,,,1,30,,1167139,7,,,1,70,,1167136,7,,,1,30,,1167142,7,,,1,70,,1167150,7,,,1,29,,1167164,7,,,1,68,,1167140,7,,,1,32,,1167131,7,,,1,70,,1167129,7,,,1,25,,1167146,7,,,1,70,,1167159,7,,,1,30,,1167151,7,,,1,70,,1167132,7,,,1,29,,1167133,7,,,1,70,,1167130,7,,,1,30,,1167148,7,,,1,70,,1167161,7,,,1
8000,'8',447,,1167169,7,0,138,1,70,,1167222,7,0,138,1,32,,1167216,7,,,1,55,,1167185,7,0,19 20,1,15,,1167206,7,,,1,15,,1167211,7,0,19 20,1,17,,1167219,7,,,1,55,,1167202,7,0,19 20,1,15,,1167230,7,,,1,13,,1167213,7,0,19 20,1,17,,1167176,7,,,1,55,,1167203,7,0,19 20,1,16,,1167210,7,,,1,14,,1167175,7,0,19 20,1,16,,1167218,7,,,1,56,,1167209,7,0,19 20,1,16,,1167171,7,,,1,16,,1167167,7,0,19 20,1,15,,1167201,7,,,1,54,,1167191,7,0,19 20,1,14,,1167215,7,,,1,14,,1167220,7,0,19 20,1,14,,1167227,7,,,1,55,,1167217,7,0,19 20,1,15,,1167197,7,,,1,15,,1167190,7,0,19 20,1,15,,1167229,7,,,1,55,,1167188,7,0,19 20,1,16,,1167174,7,,,1,16,,1167177,7,0,19 20,1,15,,1167178,7,,,1,54,,1167172,7,0,19 20,1,14,,1167183,7,,,1,15,,1167179,7,0,19 20,1,15,,1167198,7,,,1,55,,1167228,7,0,19 20,1,15,,1167221,7,,,1,13,,1167166,7,0,19 20,1,17,,1167165,7,,,1,56,,1167189,7,0,19 20,1,33,,1167173,7,0,19 20,1,15,,1167187,7,,,1,54,,1167168,7,0,19 20,1,15,,1167181,7,,,1,14,,1167200,7,0,19 20,1,16,,1167225,7,,,1,55,,1167208,7,0,19 20,1,15,,1167224,7,,,1,15,,1167186,7,0,19 20,1,16,,1167214,7,,,1,54,,1167226,7,0,19 20,1,16,,1167223,7,,,1,16,,1167192,7,0,19 20,1,15,,1167170,7,,,1,70,,1167199,7,,,1,30,,1167194,7,,,1,70,,1167195,7,,,1,30,,1167207,7,,,1,70,,1167193,7,,,1,30,,1167204,7,,,1,70,,1167184,7,,,1,30,,1167196,7,,,1,70,,1167205,7,,,1,29,,1167182,7,,,1,70,,1167212,7,,,1
8000,'9',447,,1092321,7,0,138,1,70,,1167270,7,0,138,1,32,,1167275,7,,,1,55,,1078534,7,0,19 20,1,15,,1167286,7,,,1,15,,1167240,7,0,19 20,1,17,,1167287,7,,,1,55,,1167238,7,0,19 20,1,15,,1167276,7,,,1,13,,1167239,7,0,19 20,1,17,,1167277,7,,,1,55,,1167242,7,0,19 20,1,16,,1167264,7,,,1,14,,1167267,7,0,19 20,1,16,,1023718,7,,,1,56,,1167259,7,0,19 20,1,16,,1167278,7,,,1,16,,1167253,7,0,19 20,1,15,,1167260,7,,,1,54,,1167274,7,0,19 20,1,14,,1167261,7,,,1,14,,1167257,7,0,19 20,1,14,,1167246,7,,,1,55,,1167268,7,0,19 20,1,15,,1167232,7,,,1,15,,1167243,7,0,19 20,1,15,,1167237,7,,,1,55,,1167245,7,0,19 20,1,16,,1167235,7,,,1,16,,1083788,7,0,19 20,1,15,,1167244,7,,,1,54,,1167279,7,0,19 20,1,14,,1167252,7,,,1,15,,1167273,7,0,19 20,1,15,,1096929,7,,,1,55,,1167272,7,0,19 20,1,15,,1011682,7,,,1,13,,1167283,7,0,19 20,1,17,,1167280,7,,,1,56,,1167265,7,0,19 20,1,33,,1167254,7,0,19 20,1,15,,1167250,7,,,1,54,,1167281,7,0,19 20,1,15,,1167284,7,,,1,14,,1167271,7,0,19 20,1,16,,1167258,7,,,1,55,,1167263,7,0,19 20,1,15,,1167236,7,,,1,15,,872548,7,0,19 20,1,16,,1167249,7,,,1,54,,1167255,7,0,19 20,1,16,,1167247,7,,,1,16,,1167234,7,0,19 20,1,15,,1167233,7,,,1,70,,1167251,7,,,1,30,,1167282,7,,,1,70,,1167269,7,,,1,30,,1167256,7,,,1,70,,1074418,7,,,1,30,,1000768,7,,,1,70,,1167285,7,,,1,30,,996822,7,,,1,70,,1167262,7,,,1,29,,1167248,7,,,1,70,,1167266,7,,,1
8601,'1',530,,1172936,7,0,21 2 22,1,29,,1172934,7,0,21 2 22,1,55,,1172912,7,0,21 2 22,1,15,,1085244,7,0,11 2 12,1,15,,1172933,7,0,21 2 22,1,56,,1172904,7,0,11 2 12,1,15,,1172919,7,0,21 2 22,1,14,,1172901,7,0,11 2 12,1,15,,1039039,7,0,21 2 22,1,58,,1172938,7,0,11 2 12,1,14,,1172913,7,0,21 2 22,1,16,,1172927,7,0,11 2 12,1,14,,1172926,7,0,21 2 22,1,55,,1172906,7,0,11 2 12,1,30,,1172910,7,0,21 2 22,1,70,,1172931,7,0,21 2 22,1,30,,1172908,7,0,21 2 22,1,70,,1172923,7,0,21 2 22,1,30,,1172909,7,0,21 2 22,1,70,,1172915,7,0,21 2 22,1,30,,1172903,7,0,21 2 22,1,70,,1172922,7,0,21 2 22,1,30,,1172911,7,0,21 2 22,1,70,,1074066,7,0,21 2 22,1,30,,1172918,7,0,21 2 22,1,72,,1172930,7,0,21 2 22,1,15,,1081948,7,0,11 2 12,1,14,,1172902,7,0,21 2 22,1,18,,1172925,7,0,11 2 12,1,53,,1172932,7,0,21 2 22,1,17,,1102673,7,0,11 2 12,1,14,,1172937,7,0,21 2 22,1,17,,1172916,7,0,11 2 12,1,52,,1172928,7,0,21 2 22,1,15,,1010149,7,0,11 2 12,1,15,,1172917,7,0,21 2 22,1,15,,1172921,7,0,11 2 12,1,53,,1172905,7,0,21 2 22,1,29,,1046241,7,0,21 2 22,1,70,,1084743,7,0,21 2 22,1,30,,1172914,7,0,21 2 22,1,70,,1172920,7,0,21 2 22,1,30,,1172900,7,0,21 2 22,1,70,,1172907,7,0,21 2 22,1,30,,1100968,7,0,21 2 22,1,70,,1172939,7,0,21 2 22,1,30,,1092902,7,0,21 2 22,1,70,,1172935,7,0,21 2 22,1,30,,1172929,7,0,21 2 22,1,110,,1172924,7,0,21 2 22,1
8601,'10',530,,1172976,7,0,21 2 22,1,29,,1172974,7,0,21 2 22,1,55,,1172952,7,0,21 2 22,1,15,,1085115,7,0,11 2 12,1,15,,1172973,7,0,21 2 22,1,56,,1172944,7,0,11 2 12,1,15,,1172959,7,0,21 2 22,1,14,,1172941,7,0,11 2 12,1,15,,1039120,7,0,21 2 22,1,58,,1172978,7,0,11 2 12,1,14,,1172953,7,0,21 2 22,1,16,,1172967,7,0,11 2 12,1,14,,1172966,7,0,21 2 22,1,55,,1172946,7,0,11 2 12,1,30,,1172950,7,0,21 2 22,1,70,,1172971,7,0,21 2 22,1,30,,1172948,7,0,21 2 22,1,70,,1172963,7,0,21 2 22,1,30,,1172949,7,0,21 2 22,1,70,,1172955,7,0,21 2 22,1,30,,1172943,7,0,21 2 22,1,70,,1172962,7,0,21 2 22,1,30,,1172951,7,0,21 2 22,1,70,,1073936,7,0,21 2 22,1,30,,1172958,7,0,21 2 22,1,72,,1172970,7,0,21 2 22,1,15,,1081788,7,0,11 2 12,1,14,,1172942,7,0,21 2 22,1,18,,1172965,7,0,11 2 12,1,53,,1172972,7,0,21 2 22,1,17,,1102661,7,0,11 2 12,1,14,,1172977,7,0,21 2 22,1,17,,1172956,7,0,11 2 12,1,52,,1172968,7,0,21 2 22,1,15,,1010248,7,0,11 2 12,1,15,,1172957,7,0,21 2 22,1,15,,1172961,7,0,11 2 12,1,53,,1172945,7,0,21 2 22,1,29,,1046329,7,0,21 2 22,1,70,,1084572,7,0,21 2 22,1,30,,1172954,7,0,21 2 22,1,70,,1172960,7,0,21 2 22,1,30,,1172940,7,0,21 2 22,1,70,,1172947,7,0,21 2 22,1,30,,1100807,7,0,21 2 22,1,70,,1172979,7,0,21 2 22,1,30,,1092584,7,0,21 2 22,1,70,,1172975,7,0,21 2 22,1,30,,1172969,7,0,21 2 22,1,110,,1172964,7,0,21 2 22,1
8601,'11',530,,1173016,7,0,21 2 22,1,29,,1173014,7,0,21 2 22,1,55,,1172992,7,0,21 2 22,1,15,,1085279,7,0,11 2 12,1,15,,1173013,7,0,21 2 22,1,56,,1172984,7,0,11 2 12,1,15,,1172999,7,0,21 2 22,1,14,,1172981,7,0,11 2 12,1,15,,1039016,7,0,21 2 22,1,58,,1173018,7,0,11 2 12,1,14,,1172993,7,0,21 2 22,1,16,,1173007,7,0,11 2 12,1,14,,1173006,7,0,21 2 22,1,55,,1172986,7,0,11 2 12,1,30,,1172990,7,0,21 2 22,1,70,,1173011,7,0,21 2 22,1,30,,1172988,7,0,21 2 22,1,70,,1173003,7,0,21 2 22,1,30,,1172989,7,0,21 2 22,1,70,,1172995,7,0,21 2 22,1,30,,1172983,7,0,21 2 22,1,70,,1173002,7,0,21 2 22,1,30,,1172991,7,0,21 2 22,1,70,,1074101,7,0,21 2 22,1,30,,1172998,7,0,21 2 22,1,72,,1173010,7,0,21 2 22,1,15,,1081993,7,0,11 2 12,1,14,,1172982,7,0,21 2 22,1,18,,1173005,7,0,11 2 12,1,53,,1173012,7,0,21 2 22,1,17,,1102677,7,0,11 2 12,1,14,,1173017,7,0,21 2 22,1,17,,1172996,7,0,11 2 12,1,52,,1173008,7,0,21 2 22,1,15,,1010120,7,0,11 2 12,1,15,,1172997,7,0,21 2 22,1,15,,1173001,7,0,11 2 12,1,53,,1172985,7,0,21 2 22,1,29,,1046215,7,0,21 2 22,1,70,,1084796,7,0,21 2 22,1,30,,1172994,7,0,21 2 22,1,70,,1173000,7,0,21 2 22,1,30,,1172980,7,0,21 2 22,1,70,,1172987,7,0,21 2 22,1,30,,1101005,7,0,21 2 22,1,70,,1173019,7,0,21 2 22,1,30,,1092992,7,0,21 2 22,1,70,,1173015,7,0,21 2 22,1,30,,1173009,7,0,21 2 22,1,110,,1173004,7,0,21 2 22,1
8601,'12',530,,1074251,7,0,21 2 22,1,29,,1088680,7,0,21 2 22,1,55,,1173059,7,0,21 2 22,1,15,,1173046,7,0,11 2 12,1,15,,1173030,7,0,21 2 22,1,56,,1173027,7,0,11 2 12,1,15,,1173024,7,0,21 2 22,1,14,,1173048,7,0,11 2 12,1,15,,1173043,7,0,21 2 22,1,58,,1173052,7,0,11 2 12,1,14,,1173047,7,0,21 2 22,1,16,,1173034,7,0,11 2 12,1,14,,1173040,7,0,21 2 22,1,55,,1173053,7,0,11 2 12,1,30,,1173031,7,0,21 2 22,1,70,,1173061,7,0,21 2 22,1,30,,1173060,7,0,21 2 22,1,70,,1173050,7,0,21 2 22,1,30,,1173025,7,0,21 2 22,1,70,,1173057,7,0,21 2 22,1,30,,1173041,7,0,21 2 22,1,70,,1173035,7,0,21 2 22,1,30,,1076939,7,0,21 2 22,1,70,,1173055,7,0,21 2 22,1,30,,1091848,7,0,21 2 22,1,72,,1173033,7,0,21 2 22,1,15,,1173022,7,0,11 2 12,1,14,,1173021,7,0,21 2 22,1,18,,1173026,7,0,11 2 12,1,53,,1173042,7,0,21 2 22,1,17,,1173038,7,0,11 2 12,1,14,,1083533,7,0,21 2 22,1,17,,1173023,7,0,11 2 12,1,52,,1173054,7,0,21 2 22,1,15,,1173045,7,0,11 2 12,1,15,,1173058,7,0,21 2 22,1,15,,1173056,7,0,11 2 12,1,53,,1085507,7,0,21 2 22,1,29,,1173028,7,0,21 2 22,1,70,,999841,7,0,21 2 22,1,30,,1173044,7,0,21 2 22,1,70,,1173032,7,0,21 2 22,1,30,,1173036,7,0,21 2 22,1,70,,1173049,7,0,21 2 22,1,30,,1173037,7,0,21 2 22,1,70,,1173039,7,0,21 2 22,1,30,,1173051,7,0,21 2 22,1,70,,1173020,7,0,21 2 22,1,30,,1173029,7,0,21 2 22,1,110,,1093299,7,0,21 2 22,1
8601,'13',756,,1173068,7,0,21 2 22,1,100,,1096320,7,0,21 2 22,1,70,,1173075,7,0,21 2 22,1,30,,1173062,7,0,21 2 22,1,70,,1173083,7,0,21 2 22,1,30,,1173080,7,0,21 2 22,1,70,,1173085,7,0,21 2 22,1,30,,1173070,7,0,21 2 22,1,70,,1173078,7,0,21 2 22,1,30,,1173064,7,0,21 2 22,1,70,,1173071,7,0,21 2 22,1,30,,1173084,7,0,21 2 22,1,70,,1173077,7,0,21 2 22,1,30,,1173079,7,0,21 2 22,1,70,,1173081,7,0,21 2 22,1,30,,1173074,7,0,21 2 22,1,70,,1173086,7,0,21 2 22,1,30,,1012281,7,0,21 2 22,1,70,,1173072,7,0,21 2 22,1,30,,1173069,7,0,21 2 22,1,70,,1173088,7,0,21 2 22,1,30,,1173065,7,0,21 2 22,1,70,,1015827,7,0,21 2 22,1,30,,1173063,7,0,21 2 22,1,70,,1173067,7,0,21 2 22,1,30,,1173076,7,0,21 2 22,1,70,,1173073,7,0,21 2 22,1,30,,1173066,7,0,21 2 22,1,100,,1173087,7,0,21 2 22,1,100,,1173082,7,0,21 2 22,1
8601,'14',530,,1173133,7,0,21 2 22,1,29,,1173131,7,0,21 2 22,1,55,,1173109,7,0,21 2 22,1,15,,1173138,7,0,11 2 12,1,15,,1173130,7,0,21 2 22,1,56,,1173098,7,0,11 2 12,1,15,,1173116,7,0,21 2 22,1,14,,1173091,7,0,11 2 12,1,15,,1173103,7,0,21 2 22,1,58,,1173136,7,0,11 2 12,1,14,,1173110,7,0,21 2 22,1,16,,1173124,7,0,11 2 12,1,14,,1173123,7,0,21 2 22,1,55,,1173101,7,0,11 2 12,1,30,,1173107,7,0,21 2 22,1,70,,1173128,7,0,21 2 22,1,30,,1173105,7,0,21 2 22,1,70,,1173120,7,0,21 2 22,1,30,,1173106,7,0,21 2 22,1,70,,1173112,7,0,21 2 22,1,30,,1173097,7,0,21 2 22,1,70,,1173119,7,0,21 2 22,1,30,,1173108,7,0,21 2 22,1,70,,1173093,7,0,21 2 22,1,30,,1173115,7,0,21 2 22,1,72,,1173127,7,0,21 2 22,1,15,,1173090,7,0,11 2 12,1,14,,1173096,7,0,21 2 22,1,18,,1173122,7,0,11 2 12,1,53,,1173129,7,0,21 2 22,1,17,,1173092,7,0,11 2 12,1,14,,1173134,7,0,21 2 22,1,17,,1173113,7,0,11 2 12,1,52,,1173125,7,0,21 2 22,1,15,,1173102,7,0,11 2 12,1,15,,1173114,7,0,21 2 22,1,15,,1173118,7,0,11 2 12,1,53,,1173100,7,0,21 2 22,1,29,,1173095,7,0,21 2 22,1,70,,1173099,7,0,21 2 22,1,30,,1173111,7,0,21 2 22,1,70,,1173117,7,0,21 2 22,1,30,,1173089,7,0,21 2 22,1,70,,1173104,7,0,21 2 22,1,30,,1173094,7,0,21 2 22,1,70,,1173137,7,0,21 2 22,1,30,,1173135,7,0,21 2 22,1,70,,1173132,7,0,21 2 22,1,30,,1173126,7,0,21 2 22,1,110,,1173121,7,0,21 2 22,1
8601,'15',530,,1173183,7,0,21 2 22,1,29,,1173181,7,0,21 2 22,1,55,,1173164,7,0,21 2 22,1,15,,1173159,7,0,11 2 12,1,15,,1173167,7,0,21 2 22,1,56,,1173177,7,0,11 2 12,1,15,,1173144,7,0,21 2 22,1,14,,1173169,7,0,11 2 12,1,15,,1173160,7,0,21 2 22,1,58,,1173145,7,0,11 2 12,1,14,,1173151,7,0,21 2 22,1,16,,1173179,7,0,11 2 12,1,14,,1173139,7,0,21 2 22,1,55,,1173154,7,0,11 2 12,1,30,,1173173,7,0,21 2 22,1,70,,1173188,7,0,21 2 22,1,30,,1173182,7,0,21 2 22,1,70,,1173150,7,0,21 2 22,1,30,,1173155,7,0,21 2 22,1,70,,1173171,7,0,21 2 22,1,30,,1173184,7,0,21 2 22,1,70,,1173148,7,0,21 2 22,1,30,,1173170,7,0,21 2 22,1,70,,1173174,7,0,21 2 22,1,30,,1173176,7,0,21 2 22,1,72,,1173143,7,0,21 2 22,1,15,,1173141,7,0,11 2 12,1,14,,1173172,7,0,21 2 22,1,18,,1173166,7,0,11 2 12,1,53,,1173153,7,0,21 2 22,1,17,,1173165,7,0,11 2 12,1,14,,1173161,7,0,21 2 22,1,17,,1173146,7,0,11 2 12,1,52,,1173140,7,0,21 2 22,1,15,,1173156,7,0,11 2 12,1,15,,1173180,7,0,21 2 22,1,15,,1173186,7,0,11 2 12,1,53,,1173178,7,0,21 2 22,1,29,,1173158,7,0,21 2 22,1,70,,1173152,7,0,21 2 22,1,30,,1173142,7,0,21 2 22,1,70,,1173163,7,0,21 2 22,1,30,,1173147,7,0,21 2 22,1,70,,1173185,7,0,21 2 22,1,30,,1173149,7,0,21 2 22,1,70,,1173187,7,0,21 2 22,1,30,,1173157,7,0,21 2 22,1,70,,1173162,7,0,21 2 22,1,30,,1173175,7,0,21 2 22,1,110,,1173168,7,0,21 2 22,1
8601,'16',530,,1173225,7,0,21 2 22,1,29,,1173232,7,0,21 2 22,1,55,,1071317,7,0,21 2 22,1,15,,1173215,7,0,11 2 12,1,15,,1173199,7,0,21 2 22,1,56,,1173195,7,0,11 2 12,1,15,,1173192,7,0,21 2 22,1,14,,1173217,7,0,11 2 12,1,15,,1173212,7,0,21 2 22,1,58,,1173221,7,0,11 2 12,1,14,,1173216,7,0,21 2 22,1,16,,1173203,7,0,11 2 12,1,14,,1173209,7,0,21 2 22,1,55,,1173222,7,0,11 2 12,1,30,,1173200,7,0,21 2 22,1,70,,1173233,7,0,21 2 22,1,30,,1073661,7,0,21 2 22,1,70,,1173219,7,0,21 2 22,1,30,,1014610,7,0,21 2 22,1,70,,1173230,7,0,21 2 22,1,30,,1173210,7,0,21 2 22,1,70,,1089801,7,0,21 2 22,1,30,,1173197,7,0,21 2 22,1,70,,1173224,7,0,21 2 22,1,30,,1173228,7,0,21 2 22,1,72,,1173202,7,0,21 2 22,1,15,,1173190,7,0,11 2 12,1,14,,1016970,7,0,21 2 22,1,18,,1173194,7,0,11 2 12,1,53,,1173211,7,0,21 2 22,1,17,,1173207,7,0,11 2 12,1,14,,1173204,7,0,21 2 22,1,17,,1173191,7,0,11 2 12,1,52,,1173223,7,0,21 2 22,1,15,,1173214,7,0,11 2 12,1,15,,1173231,7,0,21 2 22,1,15,,1173227,7,0,11 2 12,1,53,,1173229,7,0,21 2 22,1,29,,1173196,7,0,21 2 22,1,70,,1173226,7,0,21 2 22,1,30,,1173213,7,0,21 2 22,1,70,,1173201,7,0,21 2 22,1,30,,1173205,7,0,21 2 22,1,70,,1173218,7,0,21 2 22,1,30,,1173206,7,0,21 2 22,1,70,,1173208,7,0,21 2 22,1,30,,1173220,7,0,21 2 22,1,70,,1173189,7,0,21 2 22,1,30,,1173198,7,0,21 2 22,1,110,,1173193,7,0,21 2 22,1
8601,'17',756,,1173243,7,0,21 2 22,1,100,,1173242,7,0,21 2 22,1,70,,1173250,7,0,21 2 22,1,30,,1173234,7,0,21 2 22,1,70,,1173258,7,0,21 2 22,1,30,,1173255,7,0,21 2 22,1,70,,1173260,7,0,21 2 22,1,30,,1173245,7,0,21 2 22,1,70,,1173253,7,0,21 2 22,1,30,,1173236,7,0,21 2 22,1,70,,1173246,7,0,21 2 22,1,30,,1173259,7,0,21 2 22,1,70,,1173252,7,0,21 2 22,1,30,,1173254,7,0,21 2 22,1,70,,1173256,7,0,21 2 22,1,30,,1173249,7,0,21 2 22,1,70,,1173261,7,0,21 2 22,1,30,,1173241,7,0,21 2 22,1,70,,1173247,7,0,21 2 22,1,30,,1173244,7,0,21 2 22,1,70,,1173263,7,0,21 2 22,1,30,,1173237,7,0,21 2 22,1,70,,1173239,7,0,21 2 22,1,30,,1173235,7,0,21 2 22,1,70,,1173240,7,0,21 2 22,1,30,,1173251,7,0,21 2 22,1,70,,1173248,7,0,21 2 22,1,30,,1173238,7,0,21 2 22,1,100,,1173262,7,0,21 2 22,1,100,,1173257,7,0,21 2 22,1
8601,'2',654,,1173276,7,0,21 2 22,1,70,,1173289,7,0,21 2 22,1,100,,1173271,7,0,21 2 22,1,100,,1078483,7,0,21 2 22,1,30,,1173281,7,0,21 2 22,1,70,,1173291,7,0,21 2 22,1,30,,1173275,7,0,21 2 22,1,70,,1173283,7,0,21 2 22,1,30,,1173290,7,0,21 2 22,1,70,,1173274,7,0,21 2 22,1,30,,1173282,7,0,21 2 22,1,70,,1173272,7,0,21 2 22,1,30,,1173277,7,0,21 2 22,1,70,,1173267,7,0,21 2 22,1,30,,1173265,7,0,21 2 22,1,70,,1173268,7,0,21 2 22,1,30,,1075275,7,0,21 2 22,1,70,,1173273,7,0,21 2 22,1,30,,1173280,7,0,21 2 22,1,70,,1173266,7,0,21 2 22,1,30,,1173264,7,0,21 2 22,1,70,,1173278,7,0,21 2 22,1,30,,1173287,7,0,21 2 22,1,70,,1077183,7,0,21 2 22,1,30,,1173285,7,0,21 2 22,1,70,,1173284,7,0,21 2 22,1,30,,1173288,7,0,21 2 22,1,70,,1173279,7,0,21 2 22,1,30,,1173269,7,0,21 2 22,1,100,,1173270,7,0,21 2 22,1,100,,1173286,7,0,21 2 22,1
8601,'3',756,,1173301,7,0,21 2 22,1,100,,1173300,7,0,21 2 22,1,70,,1173308,7,0,21 2 22,1,30,,1173292,7,0,21 2 22,1,70,,1173316,7,0,21 2 22,1,30,,1173313,7,0,21 2 22,1,70,,1173318,7,0,21 2 22,1,30,,1173303,7,0,21 2 22,1,70,,1173311,7,0,21 2 22,1,30,,1173294,7,0,21 2 22,1,70,,1173304,7,0,21 2 22,1,30,,1173317,7,0,21 2 22,1,70,,1173310,7,0,21 2 22,1,30,,1173312,7,0,21 2 22,1,70,,1173314,7,0,21 2 22,1,30,,1173307,7,0,21 2 22,1,70,,1173319,7,0,21 2 22,1,30,,1173299,7,0,21 2 22,1,70,,1173305,7,0,21 2 22,1,30,,1173302,7,0,21 2 22,1,70,,1173321,7,0,21 2 22,1,30,,1173295,7,0,21 2 22,1,70,,1173297,7,0,21 2 22,1,30,,1173293,7,0,21 2 22,1,70,,1173298,7,0,21 2 22,1,30,,1173309,7,0,21 2 22,1,70,,1173306,7,0,21 2 22,1,30,,1173296,7,0,21 2 22,1,100,,1173320,7,0,21 2 22,1,100,,1173315,7,0,21 2 22,1
8601,'4',756,,1173328,7,0,21 2 22,1,100,,1173325,7,0,21 2 22,1,70,,1173342,7,0,21 2 22,1,30,,1173332,7,0,21 2 22,1,70,,1173336,7,0,21 2 22,1,30,,1173335,7,0,21 2 22,1,70,,1173337,7,0,21 2 22,1,30,,964403,7,0,21 2 22,1,70,,1173334,7,0,21 2 22,1,30,,1173343,7,0,21 2 22,1,70,,1173345,7,0,21 2 22,1,30,,1173324,7,0,21 2 22,1,70,,1092107,7,0,21 2 22,1,30,,1173338,7,0,21 2 22,1,70,,1173327,7,0,21 2 22,1,30,,1173346,7,0,21 2 22,1,70,,1173326,7,0,21 2 22,1,30,,1072289,7,0,21 2 22,1,70,,1173340,7,0,21 2 22,1,30,,1173333,7,0,21 2 22,1,70,,1173331,7,0,21 2 22,1,30,,1173339,7,0,21 2 22,1,70,,1084984,7,0,21 2 22,1,30,,1173322,7,0,21 2 22,1,70,,1173341,7,0,21 2 22,1,30,,1173323,7,0,21 2 22,1,70,,1006683,7,0,21 2 22,1,30,,1173329,7,0,21 2 22,1,100,,1173344,7,0,21 2 22,1,100,,1173330,7,0,21 2 22,1
8601,'5',530,,1173383,7,0,21 2 22,1,29,,1173381,7,0,21 2 22,1,55,,1173359,7,0,21 2 22,1,15,,1085222,7,0,11 2 12,1,15,,1173380,7,0,21 2 22,1,56,,1173351,7,0,11 2 12,1,15,,1173366,7,0,21 2 22,1,14,,1173348,7,0,11 2 12,1,15,,1038888,7,0,21 2 22,1,58,,1173385,7,0,11 2 12,1,14,,1173360,7,0,21 2 22,1,16,,1173374,7,0,11 2 12,1,14,,1173373,7,0,21 2 22,1,55,,1173353,7,0,11 2 12,1,30,,1173357,7,0,21 2 22,1,70,,1173378,7,0,21 2 22,1,30,,1173355,7,0,21 2 22,1,70,,1173370,7,0,21 2 22,1,30,,1173356,7,0,21 2 22,1,70,,1173362,7,0,21 2 22,1,30,,1173350,7,0,21 2 22,1,70,,1173369,7,0,21 2 22,1,30,,1173358,7,0,21 2 22,1,70,,1074047,7,0,21 2 22,1,30,,1173365,7,0,21 2 22,1,72,,1173377,7,0,21 2 22,1,15,,1081918,7,0,11 2 12,1,14,,1173349,7,0,21 2 22,1,18,,1173372,7,0,11 2 12,1,53,,1173379,7,0,21 2 22,1,17,,1102669,7,0,11 2 12,1,14,,1173384,7,0,21 2 22,1,17,,1173363,7,0,11 2 12,1,52,,1173375,7,0,21 2 22,1,15,,1009977,7,0,11 2 12,1,15,,1173364,7,0,21 2 22,1,15,,1173368,7,0,11 2 12,1,53,,1173352,7,0,21 2 22,1,29,,1046087,7,0,21 2 22,1,70,,1084714,7,0,21 2 22,1,30,,1173361,7,0,21 2 22,1,70,,1173367,7,0,21 2 22,1,30,,1173347,7,0,21 2 22,1,70,,1173354,7,0,21 2 22,1,30,,1100946,7,0,21 2 22,1,70,,1173386,7,0,21 2 22,1,30,,1092844,7,0,21 2 22,1,70,,1173382,7,0,21 2 22,1,30,,1173376,7,0,21 2 22,1,110,,1173371,7,0,21 2 22,1
8601,'6',530,,1173422,7,0,21 2 22,1,29,,1173427,7,0,21 2 22,1,55,,1173426,7,0,21 2 22,1,15,,1173412,7,0,11 2 12,1,15,,1072687,7,0,21 2 22,1,56,,1173393,7,0,11 2 12,1,15,,1173390,7,0,21 2 22,1,14,,1173414,7,0,11 2 12,1,15,,1173409,7,0,21 2 22,1,58,,1173418,7,0,11 2 12,1,14,,1173413,7,0,21 2 22,1,16,,1173399,7,0,11 2 12,1,14,,1173406,7,0,21 2 22,1,55,,1173419,7,0,11 2 12,1,30,,1173396,7,0,21 2 22,1,70,,1173429,7,0,21 2 22,1,30,,1173428,7,0,21 2 22,1,70,,1173416,7,0,21 2 22,1,30,,1173392,7,0,21 2 22,1,70,,1080553,7,0,21 2 22,1,30,,1173407,7,0,21 2 22,1,70,,1173401,7,0,21 2 22,1,30,,1173394,7,0,21 2 22,1,70,,1173421,7,0,21 2 22,1,30,,1173424,7,0,21 2 22,1,72,,1173398,7,0,21 2 22,1,15,,1009626,7,0,11 2 12,1,14,,1173388,7,0,21 2 22,1,18,,1006257,7,0,11 2 12,1,53,,1173408,7,0,21 2 22,1,17,,1173404,7,0,11 2 12,1,14,,1173400,7,0,21 2 22,1,17,,1173389,7,0,11 2 12,1,52,,1173420,7,0,21 2 22,1,15,,1173411,7,0,11 2 12,1,15,,1066283,7,0,21 2 22,1,15,,1078063,7,0,11 2 12,1,53,,1173425,7,0,21 2 22,1,29,,1065206,7,0,21 2 22,1,70,,1173423,7,0,21 2 22,1,30,,1173410,7,0,21 2 22,1,70,,1173397,7,0,21 2 22,1,30,,1173402,7,0,21 2 22,1,70,,1173415,7,0,21 2 22,1,30,,1173403,7,0,21 2 22,1,70,,1173405,7,0,21 2 22,1,30,,1173417,7,0,21 2 22,1,70,,1173387,7,0,21 2 22,1,30,,1173395,7,0,21 2 22,1,110,,1173391,7,0,21 2 22,1
8601,'7',654,,1173431,7,0,21 2 22,1,70,,1173446,7,0,21 2 22,1,100,,1173444,7,0,21 2 22,1,100,,1173435,7,0,21 2 22,1,30,,1173459,7,0,21 2 22,1,70,,1173450,7,0,21 2 22,1,30,,1173456,7,0,21 2 22,1,70,,1173447,7,0,21 2 22,1,30,,1173457,7,0,21 2 22,1,70,,1173440,7,0,21 2 22,1,30,,1173438,7,0,21 2 22,1,70,,1173433,7,0,21 2 22,1,30,,1173430,7,0,21 2 22,1,70,,1173451,7,0,21 2 22,1,30,,1173434,7,0,21 2 22,1,70,,1173458,7,0,21 2 22,1,30,,1173445,7,0,21 2 22,1,70,,1173449,7,0,21 2 22,1,30,,1173454,7,0,21 2 22,1,70,,1173455,7,0,21 2 22,1,30,,1173443,7,0,21 2 22,1,70,,1173439,7,0,21 2 22,1,30,,1173432,7,0,21 2 22,1,70,,1173452,7,0,21 2 22,1,30,,1173448,7,0,21 2 22,1,70,,1173453,7,0,21 2 22,1,30,,1173460,7,0,21 2 22,1,70,,1173437,7,0,21 2 22,1,30,,1173436,7,0,21 2 22,1,100,,1173441,7,0,21 2 22,1,100,,1173442,7,0,21 2 22,1
8601,'8',530,,1173500,7,0,21 2 22,1,29,,1173508,7,0,21 2 22,1,55,,1173507,7,0,21 2 22,1,15,,1173490,7,0,11 2 12,1,15,,1173473,7,0,21 2 22,1,56,,1173469,7,0,11 2 12,1,15,,1173465,7,0,21 2 22,1,14,,1173492,7,0,11 2 12,1,15,,1173487,7,0,21 2 22,1,58,,1173496,7,0,11 2 12,1,14,,1173491,7,0,21 2 22,1,16,,1173477,7,0,11 2 12,1,14,,1173484,7,0,21 2 22,1,55,,1173497,7,0,11 2 12,1,30,,1173474,7,0,21 2 22,1,70,,1173510,7,0,21 2 22,1,30,,1173509,7,0,21 2 22,1,70,,1173494,7,0,21 2 22,1,30,,1173467,7,0,21 2 22,1,70,,1173505,7,0,21 2 22,1,30,,1173485,7,0,21 2 22,1,70,,1173479,7,0,21 2 22,1,30,,1173471,7,0,21 2 22,1,70,,1173499,7,0,21 2 22,1,30,,1173503,7,0,21 2 22,1,72,,1173476,7,0,21 2 22,1,15,,1173463,7,0,11 2 12,1,14,,1173462,7,0,21 2 22,1,18,,1173468,7,0,11 2 12,1,53,,1173486,7,0,21 2 22,1,17,,1173482,7,0,11 2 12,1,14,,1173478,7,0,21 2 22,1,17,,1173464,7,0,11 2 12,1,52,,1173498,7,0,21 2 22,1,15,,1173489,7,0,11 2 12,1,15,,1173506,7,0,21 2 22,1,15,,1173502,7,0,11 2 12,1,53,,1173504,7,0,21 2 22,1,29,,1173470,7,0,21 2 22,1,70,,1173501,7,0,21 2 22,1,30,,1173488,7,0,21 2 22,1,70,,1173475,7,0,21 2 22,1,30,,1173480,7,0,21 2 22,1,70,,1173493,7,0,21 2 22,1,30,,1173481,7,0,21 2 22,1,70,,1173483,7,0,21 2 22,1,30,,1173495,7,0,21 2 22,1,70,,1173461,7,0,21 2 22,1,30,,1173472,7,0,21 2 22,1,110,,1173466,7,0,21 2 22,1
8601,'9',530,,1173547,7,0,21 2 22,1,29,,1173545,7,0,21 2 22,1,55,,1173523,7,0,21 2 22,1,15,,1085155,7,0,11 2 12,1,15,,1173544,7,0,21 2 22,1,56,,1173515,7,0,11 2 12,1,15,,1173530,7,0,21 2 22,1,14,,1173512,7,0,11 2 12,1,15,,1039062,7,0,21 2 22,1,58,,1173549,7,0,11 2 12,1,14,,1173524,7,0,21 2 22,1,16,,1173538,7,0,11 2 12,1,14,,1173537,7,0,21 2 22,1,55,,1173517,7,0,11 2 12,1,30,,1173521,7,0,21 2 22,1,70,,1173542,7,0,21 2 22,1,30,,1173519,7,0,21 2 22,1,70,,1173534,7,0,21 2 22,1,30,,1173520,7,0,21 2 22,1,70,,1173526,7,0,21 2 22,1,30,,1173514,7,0,21 2 22,1,70,,1173533,7,0,21 2 22,1,30,,1173522,7,0,21 2 22,1,70,,1073970,7,0,21 2 22,1,30,,1173529,7,0,21 2 22,1,72,,1173541,7,0,21 2 22,1,15,,1081837,7,0,11 2 12,1,14,,1173513,7,0,21 2 22,1,18,,1173536,7,0,11 2 12,1,53,,1173543,7,0,21 2 22,1,17,,1102665,7,0,11 2 12,1,14,,1173548,7,0,21 2 22,1,17,,1173527,7,0,11 2 12,1,52,,1173539,7,0,21 2 22,1,15,,1010178,7,0,11 2 12,1,15,,1173528,7,0,21 2 22,1,15,,1173532,7,0,11 2 12,1,53,,1173516,7,0,21 2 22,1,29,,1046267,7,0,21 2 22,1,70,,1084626,7,0,21 2 22,1,30,,1173525,7,0,21 2 22,1,70,,1173531,7,0,21 2 22,1,30,,1173511,7,0,21 2 22,1,70,,1173518,7,0,21 2 22,1,30,,1100855,7,0,21 2 22,1,70,,1173550,7,0,21 2 22,1,30,,1092691,7,0,21 2 22,1,70,,1173546,7,0,21 2 22,1,30,,1173540,7,0,21 2 22,1,110,,1173535,7,0,21 2 22,1
