4400,'1',508,,1141039,16,,,1,30,,1141015,16,,,1,70,,1141002,16,,,1,21,,1141033,16,,,1,16,,1141028,16,,,1,56,,1079562,16,,,1,15,,1141027,16,,,1,16,,1141030,16,,,1,16,,1141011,16,,,1,56,,1141025,16,,,1,17,,1141029,16,,,1,13,,1141043,16,,,1,15,,1081665,16,,,1,55,,1141035,16,,,1,13,,1141014,16,,,1,16,,1141007,16,,,1,13,,1141022,16,,,1,55,,1080486,16,,,1,15,,1141000,16,,,1,15,,1141038,16,,,1,15,,1141044,16,,,1,55,,1141023,16,,,1,15,,1141020,16,,,1,15,,1141037,16,,,1,15,,1141045,16,,,1,55,,1141009,16,,,1,15,,1141032,16,,,1,15,,1089507,16,,,1,15,,1141012,16,,,1,55,,1141016,16,,,1,15,,1093392,16,,,1,15,,1082224,16,,,1,15,,1141017,16,,,1,55,,1141031,16,,,1,15,,1141006,16,,,1,15,,1141040,16,,,1,17,,1141048,16,,,1,54,,1141034,16,,,1,9,,1141013,16,,,1,20,,1141024,16,,,1,15,,1141010,16,,,1,57,,1141018,16,,,1,13,,1141004,16,,,1,15,,1140996,16,,,1,15,,1141042,16,,,1,54,,1053333,16,,,1,14,,1079548,16,,,1,15,,1141041,16,,,1,15,,1141003,16,,,1,14,,1141021,16,,,1,54,,1141026,16,,,1,15,,1141005,16,,,1,13,,1141008,16,,,1,18,,1140998,16,,,1,55,,1088166,16,,,1,30,,1003816,16,,,1,70,,1098765,16,,,1,30,,1088796,16,,,1,70,,1082228,16,,,1,30,,1141046,16,,,1,70,,1141036,16,,,1,30,,1141019,16,,,1,70,,1141001,16,,,1,30,,1140997,16,,,1,70,,1141047,16,,,1,35,,1140999,16,,,1
4400,'10',508,,1141092,16,,,1,30,,1141068,16,,,1,70,,1141055,16,,,1,21,,1141086,16,,,1,16,,1141081,16,,,1,56,,1079370,16,,,1,15,,1141080,16,,,1,16,,1141083,16,,,1,16,,1141064,16,,,1,56,,1141078,16,,,1,17,,1141082,16,,,1,13,,1141096,16,,,1,15,,1081473,16,,,1,55,,1141088,16,,,1,13,,1141067,16,,,1,16,,1141060,16,,,1,13,,1141075,16,,,1,55,,1080340,16,,,1,15,,1141053,16,,,1,15,,1141091,16,,,1,15,,1141097,16,,,1,55,,1141076,16,,,1,15,,1141073,16,,,1,15,,1141090,16,,,1,15,,1141098,16,,,1,55,,1141062,16,,,1,15,,1141085,16,,,1,15,,1089323,16,,,1,15,,1141065,16,,,1,55,,1141069,16,,,1,15,,1093076,16,,,1,15,,1082061,16,,,1,15,,1141070,16,,,1,55,,1141084,16,,,1,15,,1141059,16,,,1,15,,1141093,16,,,1,17,,1141101,16,,,1,54,,1141087,16,,,1,9,,1141066,16,,,1,20,,1141077,16,,,1,15,,1141063,16,,,1,57,,1141071,16,,,1,13,,1141057,16,,,1,15,,1141049,16,,,1,15,,1141095,16,,,1,54,,1053391,16,,,1,14,,1079356,16,,,1,15,,1141094,16,,,1,15,,1141056,16,,,1,14,,1141074,16,,,1,54,,1141079,16,,,1,15,,1141058,16,,,1,13,,1141061,16,,,1,18,,1141051,16,,,1,55,,1087758,16,,,1,30,,1003973,16,,,1,70,,1098753,16,,,1,30,,1088391,16,,,1,70,,1082065,16,,,1,30,,1141099,16,,,1,70,,1141089,16,,,1,30,,1141072,16,,,1,70,,1141054,16,,,1,30,,1141050,16,,,1,70,,1141100,16,,,1,35,,1141052,16,,,1
4400,'11',508,,1141145,16,,,1,30,,1141121,16,,,1,70,,1141108,16,,,1,21,,1141139,16,,,1,16,,1141134,16,,,1,56,,1079621,16,,,1,15,,1141133,16,,,1,16,,1141136,16,,,1,16,,1141117,16,,,1,56,,1141131,16,,,1,17,,1141135,16,,,1,13,,1141149,16,,,1,15,,1081722,16,,,1,55,,1141141,16,,,1,13,,1141120,16,,,1,16,,1141113,16,,,1,13,,1141128,16,,,1,55,,1080530,16,,,1,15,,1141106,16,,,1,15,,1141144,16,,,1,15,,1141150,16,,,1,55,,1141129,16,,,1,15,,1141126,16,,,1,15,,1141143,16,,,1,15,,1141151,16,,,1,55,,1141115,16,,,1,15,,1141138,16,,,1,15,,1089558,16,,,1,15,,1141118,16,,,1,55,,1141122,16,,,1,15,,1093483,16,,,1,15,,1082277,16,,,1,15,,1141123,16,,,1,55,,1141137,16,,,1,15,,1141112,16,,,1,15,,1141146,16,,,1,17,,1141154,16,,,1,54,,1141140,16,,,1,9,,1141119,16,,,1,20,,1141130,16,,,1,15,,1141116,16,,,1,57,,1141124,16,,,1,13,,1141110,16,,,1,15,,1141102,16,,,1,15,,1141148,16,,,1,54,,1053316,16,,,1,14,,1079607,16,,,1,15,,1141147,16,,,1,15,,1141109,16,,,1,14,,1141127,16,,,1,54,,1141132,16,,,1,15,,1141111,16,,,1,13,,1141114,16,,,1,18,,1141104,16,,,1,55,,1088278,16,,,1,30,,1003768,16,,,1,70,,1098769,16,,,1,30,,1088917,16,,,1,70,,1082281,16,,,1,30,,1141152,16,,,1,70,,1141142,16,,,1,30,,1141125,16,,,1,70,,1141107,16,,,1,30,,1141103,16,,,1,70,,1141153,16,,,1,35,,1141105,16,,,1
4400,'12',508,,1141159,16,,,1,30,,1141187,16,,,1,70,,1141211,16,,,1,21,,1141174,16,,,1,16,,1141175,16,,,1,56,,1141209,16,,,1,15,,1141156,16,,,1,16,,1086338,16,,,1,16,,1141206,16,,,1,56,,1141195,16,,,1,17,,1141193,16,,,1,13,,1141213,16,,,1,15,,1141201,16,,,1,55,,1141158,16,,,1,13,,1141214,16,,,1,16,,1141199,16,,,1,13,,1141162,16,,,1,55,,1141188,16,,,1,15,,1141197,16,,,1,15,,1141196,16,,,1,15,,1073198,16,,,1,55,,1141176,16,,,1,15,,1141184,16,,,1,15,,1141207,16,,,1,15,,1141185,16,,,1,55,,1141171,16,,,1,15,,1141180,16,,,1,15,,1141173,16,,,1,15,,1141178,16,,,1,55,,1141155,16,,,1,15,,1048925,16,,,1,15,,1141191,16,,,1,15,,1141166,16,,,1,55,,1141186,16,,,1,15,,1141170,16,,,1,15,,1141183,16,,,1,17,,1141208,16,,,1,54,,1141182,16,,,1,9,,1141203,16,,,1,20,,1141190,16,,,1,15,,1141177,16,,,1,57,,1141194,16,,,1,13,,1141179,16,,,1,15,,1141205,16,,,1,15,,1141161,16,,,1,54,,1141198,16,,,1,14,,1141164,16,,,1,15,,1141168,16,,,1,15,,1141204,16,,,1,14,,1141181,16,,,1,54,,1141172,16,,,1,15,,1061234,16,,,1,13,,1141189,16,,,1,18,,1141215,16,,,1,55,,1141169,16,,,1,30,,1141212,16,,,1,70,,1141165,16,,,1,30,,1141167,16,,,1,70,,1141192,16,,,1,30,,1141210,16,,,1,70,,1141200,16,,,1,30,,1141202,16,,,1,70,,1141163,16,,,1,30,,1063016,16,,,1,70,,1141157,16,,,1,35,,1141160,16,,,1
4400,'13',740,,1141235,16,,,1,100,,1141217,16,,,1,70,,1141229,16,,,1,30,,1141231,16,,,1,71,,1141233,16,,,1,30,,1141224,16,,,1,70,,1141240,16,,,1,30,,1141241,16,,,1,70,,1141243,16,,,1,30,,1141247,16,,,1,70,,1141223,16,,,1,30,,1141216,16,,,1,70,,1141227,16,,,1,30,,1141226,16,,,1,70,,1141228,16,,,1,30,,1141244,16,,,1,70,,1141239,16,,,1,30,,1141237,16,,,1,70,,1141236,16,,,1,30,,1141218,16,,,1,70,,1141234,16,,,1,30,,1141219,16,,,1,70,,1141221,16,,,1,30,,1141238,16,,,1,70,,1141230,16,,,1,30,,1017216,16,,,1,70,,1141225,16,,,1,30,,1141245,16,,,1,70,,1141220,16,,,1,30,,1141222,16,,,1,70,,1141242,16,,,1,30,,1141246,16,,,1,76,,1141232,16,,,1
4400,'14',508,,1141301,16,,,1,30,,1141274,16,,,1,70,,1141260,16,,,1,21,,1141293,16,,,1,16,,1141287,16,,,1,56,,1141259,16,,,1,15,,1141286,16,,,1,16,,1141290,16,,,1,16,,1141270,16,,,1,56,,1141284,16,,,1,17,,1141288,16,,,1,13,,1141305,16,,,1,15,,1141252,16,,,1,55,,1141295,16,,,1,13,,1141273,16,,,1,16,,1141266,16,,,1,13,,1141281,16,,,1,55,,1141308,16,,,1,15,,1141257,16,,,1,15,,1141299,16,,,1,15,,1141306,16,,,1,55,,1141282,16,,,1,15,,1141279,16,,,1,15,,1141298,16,,,1,15,,1141309,16,,,1,55,,1141268,16,,,1,15,,1141292,16,,,1,15,,1141249,16,,,1,15,,1141271,16,,,1,55,,1141275,16,,,1,15,,1141254,16,,,1,15,,1141264,16,,,1,15,,1141276,16,,,1,55,,1141291,16,,,1,15,,1141265,16,,,1,15,,1141302,16,,,1,17,,1141312,16,,,1,54,,1141294,16,,,1,9,,1141272,16,,,1,20,,1141283,16,,,1,15,,1141269,16,,,1,57,,1141277,16,,,1,13,,1141262,16,,,1,15,,1141250,16,,,1,15,,1141304,16,,,1,54,,1141256,16,,,1,14,,1141248,16,,,1,15,,1141303,16,,,1,15,,1141261,16,,,1,14,,1141280,16,,,1,54,,1141285,16,,,1,15,,1141263,16,,,1,13,,1141267,16,,,1,18,,1141253,16,,,1,55,,1141313,16,,,1,30,,1141300,16,,,1,70,,1141289,16,,,1,30,,1141307,16,,,1,70,,1141296,16,,,1,30,,1141310,16,,,1,70,,1141297,16,,,1,30,,1141278,16,,,1,70,,1141258,16,,,1,30,,1141251,16,,,1,70,,1141311,16,,,1,35,,1141255,16,,,1
4400,'15',508,,1141334,16,,,1,30,,1141368,16,,,1,70,,1141317,16,,,1,21,,1141355,16,,,1,16,,1141330,16,,,1,56,,1141335,16,,,1,15,,1141318,16,,,1,16,,1141354,16,,,1,16,,1141359,16,,,1,56,,1141358,16,,,1,17,,1141342,16,,,1,13,,1141364,16,,,1,15,,1141351,16,,,1,55,,1141348,16,,,1,13,,1141322,16,,,1,16,,1141336,16,,,1,13,,1141332,16,,,1,55,,1141347,16,,,1,15,,1141349,16,,,1,15,,1141366,16,,,1,15,,1141379,16,,,1,55,,1141316,16,,,1,15,,1141369,16,,,1,15,,1141375,16,,,1,15,,1141340,16,,,1,55,,1141328,16,,,1,15,,1141325,16,,,1,15,,1141378,16,,,1,15,,1141344,16,,,1,55,,1141319,16,,,1,15,,1141339,16,,,1,15,,1141324,16,,,1,15,,1141343,16,,,1,55,,1141323,16,,,1,15,,1141367,16,,,1,15,,1141326,16,,,1,17,,1141320,16,,,1,54,,1141362,16,,,1,9,,1141363,16,,,1,20,,1141357,16,,,1,15,,1141315,16,,,1,57,,1141371,16,,,1,13,,1141360,16,,,1,15,,1141341,16,,,1,15,,1141352,16,,,1,54,,1141338,16,,,1,14,,1141350,16,,,1,15,,1141373,16,,,1,15,,1141327,16,,,1,14,,1141374,16,,,1,54,,1141337,16,,,1,15,,1141377,16,,,1,13,,1141365,16,,,1,18,,1141372,16,,,1,55,,1141376,16,,,1,30,,1141321,16,,,1,70,,1141370,16,,,1,30,,1141346,16,,,1,70,,1141314,16,,,1,30,,1141353,16,,,1,70,,1141361,16,,,1,30,,1141333,16,,,1,70,,1141345,16,,,1,30,,1141329,16,,,1,70,,1141331,16,,,1,35,,1141356,16,,,1
4400,'16',508,,1071300,16,,,1,30,,1141411,16,,,1,70,,1141437,16,,,1,21,,1141398,16,,,1,16,,1141399,16,,,1,56,,1141434,16,,,1,15,,1141381,16,,,1,16,,1141385,16,,,1,16,,1141431,16,,,1,56,,1141420,16,,,1,17,,1141418,16,,,1,13,,1141439,16,,,1,15,,1141426,16,,,1,55,,1067425,16,,,1,13,,1081710,16,,,1,16,,1141424,16,,,1,13,,1011004,16,,,1,55,,1141412,16,,,1,15,,1141422,16,,,1,15,,1141421,16,,,1,15,,1141435,16,,,1,55,,1141400,16,,,1,15,,1141408,16,,,1,15,,1141432,16,,,1,15,,1141409,16,,,1,55,,1141395,16,,,1,15,,1141404,16,,,1,15,,1141397,16,,,1,15,,1141402,16,,,1,55,,1141380,16,,,1,15,,1141394,16,,,1,15,,1141415,16,,,1,15,,1141389,16,,,1,55,,1141410,16,,,1,15,,1141393,16,,,1,15,,1141407,16,,,1,17,,1141433,16,,,1,54,,1141406,16,,,1,9,,1141428,16,,,1,20,,1141414,16,,,1,15,,1141401,16,,,1,57,,1141419,16,,,1,13,,1141403,16,,,1,15,,1141430,16,,,1,15,,1141384,16,,,1,54,,1141423,16,,,1,14,,1141387,16,,,1,15,,1141391,16,,,1,15,,1141429,16,,,1,14,,1141405,16,,,1,54,,1141396,16,,,1,15,,1141440,16,,,1,13,,1141413,16,,,1,18,,1141441,16,,,1,55,,1141392,16,,,1,30,,1141438,16,,,1,70,,1141388,16,,,1,30,,1141390,16,,,1,70,,1141417,16,,,1,30,,1141436,16,,,1,70,,1141425,16,,,1,30,,1141427,16,,,1,70,,1141386,16,,,1,30,,1141416,16,,,1,70,,1141382,16,,,1,35,,1141383,16,,,1
4400,'17',740,,1141462,16,,,1,100,,1141444,16,,,1,70,,1141456,16,,,1,30,,1141458,16,,,1,71,,1141460,16,,,1,30,,1141451,16,,,1,70,,1141467,16,,,1,30,,1141468,16,,,1,70,,1141470,16,,,1,30,,1141474,16,,,1,70,,1141450,16,,,1,30,,1141442,16,,,1,70,,1141454,16,,,1,30,,1141453,16,,,1,70,,1141455,16,,,1,30,,1141471,16,,,1,70,,1141466,16,,,1,30,,1141464,16,,,1,70,,1141463,16,,,1,30,,1141445,16,,,1,70,,1141461,16,,,1,30,,1141446,16,,,1,70,,1141448,16,,,1,30,,1141465,16,,,1,70,,1141457,16,,,1,30,,1141443,16,,,1,70,,1141452,16,,,1,30,,1141472,16,,,1,70,,1141447,16,,,1,30,,1141449,16,,,1,70,,1141469,16,,,1,30,,1141473,16,,,1,76,,1141459,16,,,1
4400,'2',631,,1039279,16,,,1,25,,1141496,16,,,1,70,,1141503,16,,,1,30,,1141490,16,,,1,70,,1084611,16,,,1,30,,1141487,16,,,1,70,,1141494,16,,,1,29,,1141479,16,,,1,71,,1141483,16,,,1,30,,1141482,16,,,1,70,,1141502,16,,,1,30,,1141486,16,,,1,70,,1141492,16,,,1,30,,1141495,16,,,1,70,,1141505,16,,,1,30,,1141498,16,,,1,70,,1099917,16,,,1,30,,1141477,16,,,1,70,,1141504,16,,,1,30,,1141478,16,,,1,70,,1141506,16,,,1,30,,1141500,16,,,1,70,,1141493,16,,,1,30,,1141480,16,,,1,70,,1085124,16,,,1,26,,1141485,16,,,1,70,,1141491,16,,,1,30,,1141481,16,,,1,70,,1141501,16,,,1,30,,1141499,16,,,1,70,,1141489,16,,,1,30,,1141476,16,,,1,70,,1141475,16,,,1,30,,1141508,16,,,1,70,,1141497,16,,,1,30,,1141484,16,,,1,70,,1141488,16,,,1
4400,'3',740,,1141529,16,,,1,100,,1141511,16,,,1,70,,1141523,16,,,1,30,,1141525,16,,,1,71,,1141527,16,,,1,30,,1141518,16,,,1,70,,1141534,16,,,1,30,,1141535,16,,,1,70,,1141537,16,,,1,30,,1141541,16,,,1,70,,1141517,16,,,1,30,,1141509,16,,,1,70,,1141521,16,,,1,30,,1141520,16,,,1,70,,1141522,16,,,1,30,,1141538,16,,,1,70,,1141533,16,,,1,30,,1141531,16,,,1,70,,1141530,16,,,1,30,,1141512,16,,,1,70,,1141528,16,,,1,30,,1141513,16,,,1,70,,1141515,16,,,1,30,,1141532,16,,,1,70,,1141524,16,,,1,30,,1141510,16,,,1,70,,1141519,16,,,1,30,,1141539,16,,,1,70,,1141514,16,,,1,30,,1141516,16,,,1,70,,1141536,16,,,1,30,,1141540,16,,,1,76,,1141526,16,,,1
4400,'4',740,,1141548,16,,,1,100,,1141546,16,,,1,70,,1141569,16,,,1,30,,1141556,16,,,1,71,,1141566,16,,,1,30,,1141544,16,,,1,70,,1141542,16,,,1,30,,1141562,16,,,1,70,,1141552,16,,,1,30,,1101129,16,,,1,70,,1141570,16,,,1,30,,1141558,16,,,1,70,,1141557,16,,,1,30,,1141561,16,,,1,70,,1141560,16,,,1,30,,1141543,16,,,1,70,,1026683,16,,,1,30,,1141549,16,,,1,70,,1141554,16,,,1,30,,1072567,16,,,1,70,,1141563,16,,,1,30,,1141550,16,,,1,70,,1141547,16,,,1,30,,1141555,16,,,1,70,,1141568,16,,,1,30,,1141564,16,,,1,70,,1141553,16,,,1,30,,1027937,16,,,1,70,,1141565,16,,,1,30,,1141559,16,,,1,70,,1141567,16,,,1,30,,1141551,16,,,1,76,,1141545,16,,,1
4400,'5',508,,1141614,16,,,1,30,,1141590,16,,,1,70,,1141577,16,,,1,21,,1141608,16,,,1,16,,1141603,16,,,1,56,,1079528,16,,,1,15,,1141602,16,,,1,16,,1141605,16,,,1,16,,1141586,16,,,1,56,,1141600,16,,,1,17,,1141604,16,,,1,13,,1141618,16,,,1,15,,1081632,16,,,1,55,,1141610,16,,,1,13,,1141589,16,,,1,16,,1141582,16,,,1,13,,1141597,16,,,1,55,,1080464,16,,,1,15,,1141575,16,,,1,15,,1141613,16,,,1,15,,1141619,16,,,1,55,,1141598,16,,,1,15,,1141595,16,,,1,15,,1141612,16,,,1,15,,1141620,16,,,1,55,,1141584,16,,,1,15,,1141607,16,,,1,15,,1089472,16,,,1,15,,1141587,16,,,1,55,,1141591,16,,,1,15,,1093337,16,,,1,15,,1082194,16,,,1,15,,1141592,16,,,1,55,,1141606,16,,,1,15,,1141581,16,,,1,15,,1141615,16,,,1,17,,1141623,16,,,1,54,,1141609,16,,,1,9,,1141588,16,,,1,20,,1141599,16,,,1,15,,1141585,16,,,1,57,,1141593,16,,,1,13,,1141579,16,,,1,15,,1141571,16,,,1,15,,1141617,16,,,1,54,,1053238,16,,,1,14,,1079514,16,,,1,15,,1141616,16,,,1,15,,1141578,16,,,1,14,,1141596,16,,,1,54,,1141601,16,,,1,15,,1141580,16,,,1,13,,1141583,16,,,1,18,,1141573,16,,,1,55,,1088105,16,,,1,30,,1003547,16,,,1,70,,1098761,16,,,1,30,,1088732,16,,,1,70,,1082198,16,,,1,30,,1141621,16,,,1,70,,1141611,16,,,1,30,,1141594,16,,,1,70,,1141576,16,,,1,30,,1141572,16,,,1,70,,1141622,16,,,1,35,,1141574,16,,,1
4400,'6',508,,1141626,16,,,1,30,,1141650,16,,,1,70,,1044001,16,,,1,21,,1141638,16,,,1,16,,1141639,16,,,1,56,,1141673,16,,,1,15,,962209,16,,,1,16,,1141627,16,,,1,16,,1141670,16,,,1,56,,1141659,16,,,1,17,,1141657,16,,,1,13,,1068947,16,,,1,15,,1141665,16,,,1,55,,1141625,16,,,1,13,,1141678,16,,,1,16,,1141663,16,,,1,13,,1141628,16,,,1,55,,1141651,16,,,1,15,,1141661,16,,,1,15,,1141660,16,,,1,15,,1141674,16,,,1,55,,1141640,16,,,1,15,,1141647,16,,,1,15,,1141671,16,,,1,15,,1141648,16,,,1,55,,1141635,16,,,1,15,,1141644,16,,,1,15,,1141637,16,,,1,15,,1141642,16,,,1,55,,1057189,16,,,1,15,,1141634,16,,,1,15,,1141654,16,,,1,15,,1141629,16,,,1,55,,1141649,16,,,1,15,,1141633,16,,,1,15,,1141646,16,,,1,17,,1141672,16,,,1,54,,1141645,16,,,1,9,,1141667,16,,,1,20,,1141653,16,,,1,15,,1141641,16,,,1,57,,1141658,16,,,1,13,,1141643,16,,,1,15,,1141669,16,,,1,15,,1091975,16,,,1,54,,1141662,16,,,1,14,,1089607,16,,,1,15,,1141631,16,,,1,15,,1141668,16,,,1,14,,1101661,16,,,1,54,,1141636,16,,,1,15,,1141677,16,,,1,13,,1141652,16,,,1,18,,1016513,16,,,1,55,,1141632,16,,,1,30,,1141676,16,,,1,70,,1089608,16,,,1,30,,1141630,16,,,1,70,,1141656,16,,,1,30,,1141675,16,,,1,70,,1141664,16,,,1,30,,1141666,16,,,1,70,,999375,16,,,1,30,,1141655,16,,,1,70,,1141624,16,,,1,35,,981333,16,,,1
4400,'7',631,,1141694,16,,,1,25,,1141699,16,,,1,70,,1141716,16,,,1,30,,1141686,16,,,1,70,,1141698,16,,,1,30,,1141696,16,,,1,70,,1141711,16,,,1,29,,1141707,16,,,1,71,,1141713,16,,,1,30,,1141695,16,,,1,70,,1141683,16,,,1,30,,1141715,16,,,1,70,,1141706,16,,,1,30,,1141689,16,,,1,70,,1141702,16,,,1,30,,1141701,16,,,1,70,,1141681,16,,,1,30,,1141690,16,,,1,70,,1141703,16,,,1,30,,1141708,16,,,1,70,,1141705,16,,,1,30,,1141697,16,,,1,70,,1141679,16,,,1,30,,1141682,16,,,1,70,,1141709,16,,,1,26,,1141710,16,,,1,70,,1141680,16,,,1,30,,1141704,16,,,1,70,,1141692,16,,,1,30,,1141700,16,,,1,70,,1141688,16,,,1,30,,1141685,16,,,1,70,,1141714,16,,,1,30,,1141693,16,,,1,70,,1141684,16,,,1,30,,1141712,16,,,1,70,,1141691,16,,,1
4400,'8',508,,1141721,16,,,1,30,,1141751,16,,,1,70,,1141777,16,,,1,21,,1141738,16,,,1,16,,1141739,16,,,1,56,,1141774,16,,,1,15,,1141718,16,,,1,16,,1141724,16,,,1,16,,1141771,16,,,1,56,,1141760,16,,,1,17,,1141758,16,,,1,13,,1141779,16,,,1,15,,1141766,16,,,1,55,,1141720,16,,,1,13,,1141781,16,,,1,16,,1141764,16,,,1,13,,1141725,16,,,1,55,,1141752,16,,,1,15,,1141762,16,,,1,15,,1141761,16,,,1,15,,1141775,16,,,1,55,,1141740,16,,,1,15,,1141748,16,,,1,15,,1141772,16,,,1,15,,1141749,16,,,1,55,,1141735,16,,,1,15,,1141744,16,,,1,15,,1141737,16,,,1,15,,1141742,16,,,1,55,,1141717,16,,,1,15,,1141734,16,,,1,15,,1141755,16,,,1,15,,1141729,16,,,1,55,,1141750,16,,,1,15,,1141733,16,,,1,15,,1141747,16,,,1,17,,1141773,16,,,1,54,,1141746,16,,,1,9,,1141768,16,,,1,20,,1141754,16,,,1,15,,1141741,16,,,1,57,,1141759,16,,,1,13,,1141743,16,,,1,15,,1141770,16,,,1,15,,1141723,16,,,1,54,,1141763,16,,,1,14,,1141727,16,,,1,15,,1141731,16,,,1,15,,1141769,16,,,1,14,,1141745,16,,,1,54,,1141736,16,,,1,15,,1141780,16,,,1,13,,1141753,16,,,1,18,,1141782,16,,,1,55,,1141732,16,,,1,30,,1141778,16,,,1,70,,1141728,16,,,1,30,,1141730,16,,,1,70,,1141757,16,,,1,30,,1141776,16,,,1,70,,1141765,16,,,1,30,,1141767,16,,,1,70,,1141726,16,,,1,30,,1141756,16,,,1,70,,1141719,16,,,1,35,,1141722,16,,,1
4400,'9',508,,1141826,16,,,1,30,,1141802,16,,,1,70,,1141789,16,,,1,21,,1141820,16,,,1,16,,1141815,16,,,1,56,,1079429,16,,,1,15,,1141814,16,,,1,16,,1141817,16,,,1,16,,1141798,16,,,1,56,,1141812,16,,,1,17,,1141816,16,,,1,13,,1141830,16,,,1,15,,1081530,16,,,1,55,,1141822,16,,,1,13,,1141801,16,,,1,16,,1141794,16,,,1,13,,1141809,16,,,1,55,,1080391,16,,,1,15,,1141787,16,,,1,15,,1141825,16,,,1,15,,1141831,16,,,1,55,,1141810,16,,,1,15,,1141807,16,,,1,15,,1141824,16,,,1,15,,1141832,16,,,1,55,,1141796,16,,,1,15,,1141819,16,,,1,15,,1089387,16,,,1,15,,1141799,16,,,1,55,,1141803,16,,,1,15,,1093181,16,,,1,15,,1082112,16,,,1,15,,1141804,16,,,1,55,,1141818,16,,,1,15,,1141793,16,,,1,15,,1141827,16,,,1,17,,1141835,16,,,1,54,,1141821,16,,,1,9,,1141800,16,,,1,20,,1141811,16,,,1,15,,1141797,16,,,1,57,,1141805,16,,,1,13,,1141791,16,,,1,15,,1141783,16,,,1,15,,1141829,16,,,1,54,,1053350,16,,,1,14,,1079415,16,,,1,15,,1141828,16,,,1,15,,1141790,16,,,1,14,,1141808,16,,,1,54,,1141813,16,,,1,15,,1141792,16,,,1,13,,1141795,16,,,1,18,,1141785,16,,,1,55,,1087888,16,,,1,30,,1003864,16,,,1,70,,1098757,16,,,1,30,,1088517,16,,,1,70,,1082116,16,,,1,30,,1141833,16,,,1,70,,1141823,16,,,1,30,,1141806,16,,,1,70,,1141788,16,,,1,30,,1141784,16,,,1,70,,1141834,16,,,1,35,,1141786,16,,,1
