9000,'1',629,,1177074,21,0,41,1,29,,1177089,21,0,41,1,55,,1177092,21,0,41,1,15,,1177049,21,0,41,1,16,,1177090,21,0,41,1,14,,1177082,21,0,41,1,55,,1177058,21,0,41,1,15,,1177087,21,0,41,1,15,,1177070,21,0,41,1,15,,1177073,21,0,41,1,55,,1177075,21,0,41,1,15,,1177076,21,0,41,1,17,,1012330,21,0,41,1,55,,1177045,21,0,41,1,15,,1177065,21,0,41,1,15,,1177059,21,0,41,1,15,,1177054,21,0,41,1,55,,1177053,21,0,41,1,15,,1177051,21,0,41,1,15,,1177086,21,0,41,1,15,,1177050,21,0,41,1,55,,1080755,21,0,41,1,15,,1177091,21,0,41,1,15,,1177079,21,0,41,1,15,,1177046,21,0,41,1,55,,1177088,21,0,41,1,15,,1177083,21,0,41,1,15,,1177081,21,0,41,1,15,,1177084,21,0,41,1,55,,1177042,21,0,41,1,15,,1177048,21,0,41,1,15,,1177077,21,0,41,1,16,,1177061,21,0,41,1,70,,1045867,21,0,41,1,17,,1177072,21,0,41,1,13,,1177052,21,0,41,1,57,,1177062,21,0,41,1,13,,1177043,21,0,41,1,17,,1177041,21,0,41,1,15,,1177057,21,0,41,1,55,,1177044,21,0,41,1,15,,1177063,21,0,41,1,14,,1177039,21,0,41,1,14,,1177040,21,0,41,1,54,,1177066,21,0,41,1,14,,1177038,21,0,41,1,14,,1177071,21,0,41,1,12,,1177047,21,0,41,1,70,,1177060,21,0,41,1,30,,1177068,21,0,41,1,70,,1177080,21,0,41,1,30,,1177085,21,0,41,1,70,,1177078,21,0,41,1,30,,1071925,21,0,41,1,70,,1081660,21,0,41,1,30,,1177069,21,0,41,1,70,,1177055,21,0,41,1,31,,957167,21,0,41,1,70,,1177056,21,0,41,1,30,,1177067,21,0,41,1
9000,'10',629,,1177129,21,0,41,1,29,,1177144,21,0,41,1,55,,1177147,21,0,41,1,15,,1177104,21,0,41,1,16,,1177145,21,0,41,1,14,,1177137,21,0,41,1,55,,1177113,21,0,41,1,15,,1177142,21,0,41,1,15,,1177125,21,0,41,1,15,,1177128,21,0,41,1,55,,1177130,21,0,41,1,15,,1177131,21,0,41,1,17,,1012413,21,0,41,1,55,,1177100,21,0,41,1,15,,1177120,21,0,41,1,15,,1177114,21,0,41,1,15,,1177109,21,0,41,1,55,,1177108,21,0,41,1,15,,1177106,21,0,41,1,15,,1177141,21,0,41,1,15,,1177105,21,0,41,1,55,,1080582,21,0,41,1,15,,1177146,21,0,41,1,15,,1177134,21,0,41,1,15,,1177101,21,0,41,1,55,,1177143,21,0,41,1,15,,1177138,21,0,41,1,15,,1177136,21,0,41,1,15,,1177139,21,0,41,1,55,,1177097,21,0,41,1,15,,1177103,21,0,41,1,15,,1177132,21,0,41,1,16,,1177116,21,0,41,1,70,,1045910,21,0,41,1,17,,1177127,21,0,41,1,13,,1177107,21,0,41,1,57,,1177117,21,0,41,1,13,,1177098,21,0,41,1,17,,1177096,21,0,41,1,15,,1177112,21,0,41,1,55,,1177099,21,0,41,1,15,,1177118,21,0,41,1,14,,1177094,21,0,41,1,14,,1177095,21,0,41,1,54,,1177121,21,0,41,1,14,,1177093,21,0,41,1,14,,1177126,21,0,41,1,12,,1177102,21,0,41,1,70,,1177115,21,0,41,1,30,,1177123,21,0,41,1,70,,1177135,21,0,41,1,30,,1177140,21,0,41,1,70,,1177133,21,0,41,1,30,,1071779,21,0,41,1,70,,1081468,21,0,41,1,30,,1177124,21,0,41,1,70,,1177110,21,0,41,1,31,,957021,21,0,41,1,70,,1177111,21,0,41,1,30,,1177122,21,0,41,1
9000,'11',629,,1177184,21,0,41,1,29,,1177199,21,0,41,1,55,,1177202,21,0,41,1,15,,1177159,21,0,41,1,16,,1177200,21,0,41,1,14,,1177192,21,0,41,1,55,,1177168,21,0,41,1,15,,1177197,21,0,41,1,15,,1177180,21,0,41,1,15,,1177183,21,0,41,1,55,,1177185,21,0,41,1,15,,1177186,21,0,41,1,17,,1012307,21,0,41,1,55,,1177155,21,0,41,1,15,,1177175,21,0,41,1,15,,1177169,21,0,41,1,15,,1177164,21,0,41,1,55,,1177163,21,0,41,1,15,,1177161,21,0,41,1,15,,1177196,21,0,41,1,15,,1177160,21,0,41,1,55,,1080812,21,0,41,1,15,,1177201,21,0,41,1,15,,1177189,21,0,41,1,15,,1177156,21,0,41,1,55,,1177198,21,0,41,1,15,,1177193,21,0,41,1,15,,1177191,21,0,41,1,15,,1177194,21,0,41,1,55,,1177152,21,0,41,1,15,,1177158,21,0,41,1,15,,1177187,21,0,41,1,16,,1177171,21,0,41,1,70,,1045856,21,0,41,1,17,,1177182,21,0,41,1,13,,1177162,21,0,41,1,57,,1177172,21,0,41,1,13,,1177153,21,0,41,1,17,,1177151,21,0,41,1,15,,1177167,21,0,41,1,55,,1177154,21,0,41,1,15,,1177173,21,0,41,1,14,,1177149,21,0,41,1,14,,1177150,21,0,41,1,54,,1177176,21,0,41,1,14,,1177148,21,0,41,1,14,,1177181,21,0,41,1,12,,1177157,21,0,41,1,70,,1177170,21,0,41,1,30,,1177178,21,0,41,1,70,,1177190,21,0,41,1,30,,1177195,21,0,41,1,70,,1177188,21,0,41,1,30,,1071971,21,0,41,1,70,,1081717,21,0,41,1,30,,1177179,21,0,41,1,70,,1177165,21,0,41,1,31,,957146,21,0,41,1,70,,1177166,21,0,41,1,30,,1177177,21,0,41,1
9000,'12',629,,1177208,21,0,41,1,29,,1177236,21,0,41,1,55,,1177239,21,0,41,1,15,,1177234,21,0,41,1,16,,1177245,21,0,41,1,14,,1177251,21,0,41,1,55,,1177228,21,0,41,1,15,,1177217,21,0,41,1,15,,1085926,21,0,41,1,15,,1177223,21,0,41,1,55,,1177237,21,0,41,1,15,,1177241,21,0,41,1,17,,1177238,21,0,41,1,55,,1177248,21,0,41,1,15,,1177250,21,0,41,1,15,,1177246,21,0,41,1,15,,1177226,21,0,41,1,55,,1094079,21,0,41,1,15,,1177215,21,0,41,1,15,,1001500,21,0,41,1,15,,1177218,21,0,41,1,55,,1177242,21,0,41,1,15,,1177229,21,0,41,1,15,,1177225,21,0,41,1,15,,1177233,21,0,41,1,55,,1177205,21,0,41,1,15,,1177206,21,0,41,1,15,,1080439,21,0,41,1,15,,1177211,21,0,41,1,55,,1177219,21,0,41,1,15,,1177207,21,0,41,1,15,,1096099,21,0,41,1,16,,1072801,21,0,41,1,70,,1100209,21,0,41,1,17,,1177255,21,0,41,1,13,,1177203,21,0,41,1,57,,1177232,21,0,41,1,13,,1177230,21,0,41,1,17,,1177224,21,0,41,1,15,,1177243,21,0,41,1,55,,1177227,21,0,41,1,15,,1177247,21,0,41,1,14,,1177210,21,0,41,1,14,,1177204,21,0,41,1,54,,1177214,21,0,41,1,14,,1177253,21,0,41,1,14,,1177254,21,0,41,1,12,,1177252,21,0,41,1,70,,1177220,21,0,41,1,30,,1177209,21,0,41,1,70,,1177244,21,0,41,1,30,,1177231,21,0,41,1,70,,1177249,21,0,41,1,30,,1177240,21,0,41,1,70,,1177235,21,0,41,1,30,,1177222,21,0,41,1,70,,1008172,21,0,41,1,31,,1177213,21,0,41,1,70,,1177216,21,0,41,1,30,,1177212,21,0,41,1
9000,'13',715,,1177272,21,0,41,1,30,,1177261,21,0,41,1,70,,1177259,21,0,41,1,30,,1177269,21,0,41,1,70,,1024002,21,0,41,1,30,,1177257,21,0,41,1,70,,1177281,21,0,41,1,30,,1177274,21,0,41,1,70,,1177278,21,0,41,1,30,,1177263,21,0,41,1,70,,1177265,21,0,41,1,30,,1177273,21,0,41,1,70,,1177267,21,0,41,1,30,,1177280,21,0,41,1,71,,1177282,21,0,41,1,30,,1177271,21,0,41,1,70,,1030204,21,0,41,1,30,,1101325,21,0,41,1,70,,1044844,21,0,41,1,30,,1177264,21,0,41,1,70,,1177275,21,0,41,1,30,,1177260,21,0,41,1,70,,1177268,21,0,41,1,30,,1177270,21,0,41,1,70,,1177258,21,0,41,1,30,,1177266,21,0,41,1,69,,1177277,21,0,41,1,30,,1177276,21,0,41,1,70,,1177283,21,0,41,1,30,,1073560,21,0,41,1,70,,1177256,21,0,41,1,30,,1177262,21,0,41,1,70,,1177279,21,0,41,1
9000,'14',629,,1177323,21,0,41,1,29,,1177338,21,0,41,1,55,,1177344,21,0,41,1,15,,1177298,21,0,41,1,16,,1177340,21,0,41,1,14,,1177331,21,0,41,1,55,,1177307,21,0,41,1,15,,1177336,21,0,41,1,15,,1177319,21,0,41,1,15,,1177322,21,0,41,1,55,,1177324,21,0,41,1,15,,1177325,21,0,41,1,17,,1177339,21,0,41,1,55,,1177294,21,0,41,1,15,,1177314,21,0,41,1,15,,1177308,21,0,41,1,15,,1177303,21,0,41,1,55,,1177302,21,0,41,1,15,,1177300,21,0,41,1,15,,1177335,21,0,41,1,15,,1177299,21,0,41,1,55,,1177342,21,0,41,1,15,,1177341,21,0,41,1,15,,1177328,21,0,41,1,15,,1177295,21,0,41,1,55,,1177337,21,0,41,1,15,,1177332,21,0,41,1,15,,1177330,21,0,41,1,15,,1177333,21,0,41,1,55,,1177291,21,0,41,1,15,,1177297,21,0,41,1,15,,1177326,21,0,41,1,16,,1177310,21,0,41,1,70,,1177284,21,0,41,1,17,,1177321,21,0,41,1,13,,1177301,21,0,41,1,57,,1177311,21,0,41,1,13,,1177292,21,0,41,1,17,,1177289,21,0,41,1,15,,1177306,21,0,41,1,55,,1177293,21,0,41,1,15,,1177312,21,0,41,1,14,,1177287,21,0,41,1,14,,1177288,21,0,41,1,54,,1177315,21,0,41,1,14,,1177286,21,0,41,1,14,,1177320,21,0,41,1,12,,1177296,21,0,41,1,70,,1177309,21,0,41,1,30,,1177317,21,0,41,1,70,,1177329,21,0,41,1,30,,1177334,21,0,41,1,70,,1177327,21,0,41,1,30,,1177290,21,0,41,1,70,,1177285,21,0,41,1,30,,1177318,21,0,41,1,70,,1177304,21,0,41,1,31,,1177343,21,0,41,1,70,,1177305,21,0,41,1,30,,1177316,21,0,41,1
9000,'15',629,,1177402,21,0,41,1,29,,1177404,21,0,41,1,55,,1177368,21,0,41,1,15,,1177367,21,0,41,1,16,,1177359,21,0,41,1,14,,1177348,21,0,41,1,55,,1177371,21,0,41,1,15,,1177384,21,0,41,1,15,,1177387,21,0,41,1,15,,1177365,21,0,41,1,55,,1177354,21,0,41,1,15,,1177388,21,0,41,1,17,,1177378,21,0,41,1,55,,1177351,21,0,41,1,15,,1177375,21,0,41,1,15,,1177345,21,0,41,1,15,,1177366,21,0,41,1,55,,1177397,21,0,41,1,15,,1177390,21,0,41,1,15,,1177373,21,0,41,1,15,,1177396,21,0,41,1,55,,1177398,21,0,41,1,15,,1177353,21,0,41,1,15,,1177380,21,0,41,1,15,,1177355,21,0,41,1,55,,1177401,21,0,41,1,15,,1177395,21,0,41,1,15,,1177377,21,0,41,1,15,,1177352,21,0,41,1,55,,1177403,21,0,41,1,15,,1177358,21,0,41,1,15,,1177383,21,0,41,1,16,,1177405,21,0,41,1,70,,1177389,21,0,41,1,17,,1177346,21,0,41,1,13,,1177372,21,0,41,1,57,,1177399,21,0,41,1,13,,1177386,21,0,41,1,17,,1177369,21,0,41,1,15,,1177361,21,0,41,1,55,,1177381,21,0,41,1,15,,1177376,21,0,41,1,14,,1177394,21,0,41,1,14,,1177362,21,0,41,1,54,,1177379,21,0,41,1,14,,1177347,21,0,41,1,14,,1177349,21,0,41,1,12,,1177391,21,0,41,1,70,,1177393,21,0,41,1,30,,1177392,21,0,41,1,70,,1177370,21,0,41,1,30,,1177363,21,0,41,1,70,,1177374,21,0,41,1,30,,1177364,21,0,41,1,70,,1177385,21,0,41,1,30,,1177400,21,0,41,1,70,,1177350,21,0,41,1,31,,1177357,21,0,41,1,70,,1177360,21,0,41,1,30,,1177382,21,0,41,1
9000,'16',629,,1177414,21,0,41,1,29,,1177439,21,0,41,1,55,,1177443,21,0,41,1,15,,1177437,21,0,41,1,16,,1177449,21,0,41,1,14,,1177455,21,0,41,1,55,,1064155,21,0,41,1,15,,1177421,21,0,41,1,15,,1177406,21,0,41,1,15,,1177427,21,0,41,1,55,,1177440,21,0,41,1,15,,1177445,21,0,41,1,17,,1177441,21,0,41,1,55,,1177452,21,0,41,1,15,,1177454,21,0,41,1,15,,1177450,21,0,41,1,15,,1177430,21,0,41,1,55,,1177442,21,0,41,1,15,,1177419,21,0,41,1,15,,1177410,21,0,41,1,15,,1177422,21,0,41,1,55,,1177446,21,0,41,1,15,,1177432,21,0,41,1,15,,1177429,21,0,41,1,15,,1177436,21,0,41,1,55,,1079869,21,0,41,1,15,,1177412,21,0,41,1,15,,1177415,21,0,41,1,15,,956132,21,0,41,1,55,,1177423,21,0,41,1,15,,1177413,21,0,41,1,15,,1177460,21,0,41,1,16,,1177411,21,0,41,1,70,,1177409,21,0,41,1,17,,1177459,21,0,41,1,13,,1068408,21,0,41,1,57,,1177435,21,0,41,1,13,,1177433,21,0,41,1,17,,1177428,21,0,41,1,15,,1177447,21,0,41,1,55,,1177431,21,0,41,1,15,,1177451,21,0,41,1,14,,1177417,21,0,41,1,14,,1177408,21,0,41,1,54,,1072645,21,0,41,1,14,,1177457,21,0,41,1,14,,1177458,21,0,41,1,12,,1177456,21,0,41,1,70,,1177424,21,0,41,1,30,,1177416,21,0,41,1,70,,1177448,21,0,41,1,30,,1177434,21,0,41,1,70,,1177453,21,0,41,1,30,,1177444,21,0,41,1,70,,1177438,21,0,41,1,30,,1177426,21,0,41,1,70,,1177407,21,0,41,1,31,,1076678,21,0,41,1,70,,1177420,21,0,41,1,30,,1177418,21,0,41,1
9000,'17',715,,1177481,21,0,41,1,30,,1177469,21,0,41,1,70,,1177467,21,0,41,1,30,,1177478,21,0,41,1,70,,1177461,21,0,41,1,30,,1177465,21,0,41,1,70,,1177490,21,0,41,1,30,,1177483,21,0,41,1,70,,1177487,21,0,41,1,30,,1177471,21,0,41,1,70,,1177473,21,0,41,1,30,,1177482,21,0,41,1,70,,1177476,21,0,41,1,30,,1177489,21,0,41,1,71,,1177491,21,0,41,1,30,,1177480,21,0,41,1,70,,1177462,21,0,41,1,30,,1177474,21,0,41,1,70,,1177492,21,0,41,1,30,,1177472,21,0,41,1,70,,1177484,21,0,41,1,30,,1177468,21,0,41,1,70,,1177477,21,0,41,1,30,,1177479,21,0,41,1,70,,1177466,21,0,41,1,30,,1177475,21,0,41,1,69,,1177486,21,0,41,1,30,,1177485,21,0,41,1,70,,1177493,21,0,41,1,30,,1177463,21,0,41,1,70,,1177464,21,0,41,1,30,,1177470,21,0,41,1,70,,1177488,21,0,41,1
9000,'2',736,,1177495,21,0,41,1,70,,1177517,21,0,41,1,30,,1073739,21,0,41,1,70,,1177510,21,0,41,1,30,,1177503,21,0,41,1,70,,1177506,21,0,41,1,31,,1177518,21,0,41,1,70,,1177520,21,0,41,1,30,,1177497,21,0,41,1,70,,1177523,21,0,41,1,30,,1177507,21,0,41,1,70,,1177498,21,0,41,1,30,,1177522,21,0,41,1,70,,1100844,21,0,41,1,31,,1177513,21,0,41,1,70,,1177519,21,0,41,1,30,,1177496,21,0,41,1,70,,1177502,21,0,41,1,30,,1177509,21,0,41,1,70,,1177521,21,0,41,1,30,,1177501,21,0,41,1,71,,1177508,21,0,41,1,29,,1177504,21,0,41,1,70,,1021648,21,0,41,1,30,,1177524,21,0,41,1,70,,1177516,21,0,41,1,29,,1177499,21,0,41,1,70,,1177511,21,0,41,1,30,,1177505,21,0,41,1,70,,1177500,21,0,41,1,30,,1177514,21,0,41,1,70,,1177512,21,0,41,1,30,,1177494,21,0,41,1,70,,1177515,21,0,41,1
9000,'3',715,,1177545,21,0,41,1,30,,1177533,21,0,41,1,70,,1177531,21,0,41,1,30,,1177542,21,0,41,1,70,,1177525,21,0,41,1,30,,1177529,21,0,41,1,70,,1177554,21,0,41,1,30,,1177547,21,0,41,1,70,,1177551,21,0,41,1,30,,1177535,21,0,41,1,70,,1177537,21,0,41,1,30,,1177546,21,0,41,1,70,,1177540,21,0,41,1,30,,1177553,21,0,41,1,71,,1177555,21,0,41,1,30,,1177544,21,0,41,1,70,,1177526,21,0,41,1,30,,1177538,21,0,41,1,70,,1177556,21,0,41,1,30,,1177536,21,0,41,1,70,,1177548,21,0,41,1,30,,1177532,21,0,41,1,70,,1177541,21,0,41,1,30,,1177543,21,0,41,1,70,,1177530,21,0,41,1,30,,1177539,21,0,41,1,69,,1177550,21,0,41,1,30,,1177549,21,0,41,1,70,,1177557,21,0,41,1,30,,1177527,21,0,41,1,70,,1177528,21,0,41,1,30,,1177534,21,0,41,1,70,,1177552,21,0,41,1
9000,'4',715,,1177571,21,0,41,1,30,,1177574,21,0,41,1,70,,1177572,21,0,41,1,30,,1177563,21,0,41,1,70,,1177564,21,0,41,1,30,,1177569,21,0,41,1,70,,1177579,21,0,41,1,30,,1177580,21,0,41,1,70,,1177576,21,0,41,1,30,,1177559,21,0,41,1,70,,995812,21,0,41,1,30,,1177570,21,0,41,1,70,,1177568,21,0,41,1,30,,1055317,21,0,41,1,71,,1177566,21,0,41,1,30,,1177578,21,0,41,1,70,,1177582,21,0,41,1,30,,1037593,21,0,41,1,70,,1177558,21,0,41,1,30,,1177565,21,0,41,1,70,,1177577,21,0,41,1,30,,1177584,21,0,41,1,70,,1177575,21,0,41,1,30,,1177560,21,0,41,1,70,,1177583,21,0,41,1,30,,997298,21,0,41,1,69,,996619,21,0,41,1,30,,1177573,21,0,41,1,70,,1177567,21,0,41,1,30,,1177581,21,0,41,1,70,,1177562,21,0,41,1,30,,1177561,21,0,41,1,70,,1177585,21,0,41,1
9000,'5',629,,1177622,21,0,41,1,29,,1177637,21,0,41,1,55,,1177640,21,0,41,1,15,,1177597,21,0,41,1,16,,1177638,21,0,41,1,14,,1177630,21,0,41,1,55,,1177606,21,0,41,1,15,,1177635,21,0,41,1,15,,1177618,21,0,41,1,15,,1177621,21,0,41,1,55,,1177623,21,0,41,1,15,,1177624,21,0,41,1,17,,1012186,21,0,41,1,55,,1177593,21,0,41,1,15,,1177613,21,0,41,1,15,,1177607,21,0,41,1,15,,1177602,21,0,41,1,55,,1177601,21,0,41,1,15,,1177599,21,0,41,1,15,,1177634,21,0,41,1,15,,1177598,21,0,41,1,55,,1080725,21,0,41,1,15,,1177639,21,0,41,1,15,,1177627,21,0,41,1,15,,1177594,21,0,41,1,55,,1177636,21,0,41,1,15,,1177631,21,0,41,1,15,,1177629,21,0,41,1,15,,1177632,21,0,41,1,55,,1177590,21,0,41,1,15,,1177596,21,0,41,1,15,,1177625,21,0,41,1,16,,1177609,21,0,41,1,70,,1045813,21,0,41,1,17,,1177620,21,0,41,1,13,,1177600,21,0,41,1,57,,1177610,21,0,41,1,13,,1177591,21,0,41,1,17,,1177589,21,0,41,1,15,,1177605,21,0,41,1,55,,1177592,21,0,41,1,15,,1177611,21,0,41,1,14,,1177587,21,0,41,1,14,,1177588,21,0,41,1,54,,1177614,21,0,41,1,14,,1177586,21,0,41,1,14,,1177619,21,0,41,1,12,,1177595,21,0,41,1,70,,1177608,21,0,41,1,30,,1177616,21,0,41,1,70,,1177628,21,0,41,1,30,,1177633,21,0,41,1,70,,1177626,21,0,41,1,30,,1071901,21,0,41,1,70,,1081627,21,0,41,1,30,,1177617,21,0,41,1,70,,1177603,21,0,41,1,31,,957239,21,0,41,1,70,,1177604,21,0,41,1,30,,1177615,21,0,41,1
9000,'6',629,,1040112,21,0,41,1,29,,1177674,21,0,41,1,55,,1177678,21,0,41,1,15,,1177672,21,0,41,1,16,,1177684,21,0,41,1,14,,1177690,21,0,41,1,55,,1177666,21,0,41,1,15,,1177656,21,0,41,1,15,,1177641,21,0,41,1,15,,1096522,21,0,41,1,55,,1177675,21,0,41,1,15,,1177680,21,0,41,1,17,,1177676,21,0,41,1,55,,1177687,21,0,41,1,15,,1177689,21,0,41,1,15,,1177685,21,0,41,1,15,,1177664,21,0,41,1,55,,1177677,21,0,41,1,15,,1177654,21,0,41,1,15,,1177646,21,0,41,1,15,,1177657,21,0,41,1,55,,1177681,21,0,41,1,15,,1177667,21,0,41,1,15,,1177663,21,0,41,1,15,,1177671,21,0,41,1,55,,1177644,21,0,41,1,15,,1177648,21,0,41,1,15,,1177649,21,0,41,1,15,,1177651,21,0,41,1,55,,1177658,21,0,41,1,15,,1003580,21,0,41,1,15,,1177695,21,0,41,1,16,,1177647,21,0,41,1,70,,1177645,21,0,41,1,17,,1177694,21,0,41,1,13,,1177642,21,0,41,1,57,,1177670,21,0,41,1,13,,1177668,21,0,41,1,17,,1177662,21,0,41,1,15,,1177682,21,0,41,1,55,,1177665,21,0,41,1,15,,1177686,21,0,41,1,14,,1073486,21,0,41,1,14,,1083316,21,0,41,1,54,,1177653,21,0,41,1,14,,1177692,21,0,41,1,14,,1177693,21,0,41,1,12,,1177691,21,0,41,1,70,,1177659,21,0,41,1,30,,1177650,21,0,41,1,70,,1177683,21,0,41,1,30,,1177669,21,0,41,1,70,,1177688,21,0,41,1,30,,1177679,21,0,41,1,70,,1177673,21,0,41,1,30,,1177661,21,0,41,1,70,,1177643,21,0,41,1,31,,1177652,21,0,41,1,70,,1177655,21,0,41,1,30,,1004815,21,0,41,1
9000,'7',736,,1177714,21,0,41,1,70,,1177729,21,0,41,1,30,,1177704,21,0,41,1,70,,1177725,21,0,41,1,30,,1177712,21,0,41,1,70,,1177696,21,0,41,1,31,,1177703,21,0,41,1,70,,1177717,21,0,41,1,30,,1177702,21,0,41,1,70,,1177707,21,0,41,1,30,,1177727,21,0,41,1,70,,1177719,21,0,41,1,30,,1177726,21,0,41,1,70,,1177722,21,0,41,1,31,,1177701,21,0,41,1,70,,1177728,21,0,41,1,30,,1177700,21,0,41,1,70,,1177721,21,0,41,1,30,,1177705,21,0,41,1,70,,1177710,21,0,41,1,30,,1177715,21,0,41,1,71,,1177698,21,0,41,1,29,,1177718,21,0,41,1,70,,1177716,21,0,41,1,30,,1177720,21,0,41,1,70,,1177711,21,0,41,1,29,,1177708,21,0,41,1,70,,1177713,21,0,41,1,30,,1177706,21,0,41,1,70,,1177723,21,0,41,1,30,,1177697,21,0,41,1,70,,1177699,21,0,41,1,30,,1177724,21,0,41,1,70,,1177709,21,0,41,1
9000,'8',629,,1177740,21,0,41,1,29,,1177769,21,0,41,1,55,,1177773,21,0,41,1,15,,1177767,21,0,41,1,16,,1177779,21,0,41,1,14,,1177785,21,0,41,1,55,,1177761,21,0,41,1,15,,1177750,21,0,41,1,15,,1177730,21,0,41,1,15,,1177756,21,0,41,1,55,,1177770,21,0,41,1,15,,1177775,21,0,41,1,17,,1177771,21,0,41,1,55,,1177782,21,0,41,1,15,,1177784,21,0,41,1,15,,1177780,21,0,41,1,15,,1177759,21,0,41,1,55,,1177772,21,0,41,1,15,,1177748,21,0,41,1,15,,1177736,21,0,41,1,15,,1177751,21,0,41,1,55,,1177776,21,0,41,1,15,,1177762,21,0,41,1,15,,1177758,21,0,41,1,15,,1177766,21,0,41,1,55,,1177734,21,0,41,1,15,,1177738,21,0,41,1,15,,1177741,21,0,41,1,15,,1177744,21,0,41,1,55,,1177752,21,0,41,1,15,,1177739,21,0,41,1,15,,1177790,21,0,41,1,16,,1177737,21,0,41,1,70,,1177735,21,0,41,1,17,,1177789,21,0,41,1,13,,1177731,21,0,41,1,57,,1177765,21,0,41,1,13,,1177763,21,0,41,1,17,,1177757,21,0,41,1,15,,1177777,21,0,41,1,55,,1177760,21,0,41,1,15,,1177781,21,0,41,1,14,,1177743,21,0,41,1,14,,1177733,21,0,41,1,54,,1177747,21,0,41,1,14,,1177787,21,0,41,1,14,,1177788,21,0,41,1,12,,1177786,21,0,41,1,70,,1177753,21,0,41,1,30,,1177742,21,0,41,1,70,,1177778,21,0,41,1,30,,1177764,21,0,41,1,70,,1177783,21,0,41,1,30,,1177774,21,0,41,1,70,,1177768,21,0,41,1,30,,1177755,21,0,41,1,70,,1177732,21,0,41,1,31,,1177746,21,0,41,1,70,,1177749,21,0,41,1,30,,1177745,21,0,41,1
9000,'9',629,,1177827,21,0,41,1,29,,1177842,21,0,41,1,55,,1177845,21,0,41,1,15,,1177802,21,0,41,1,16,,1177843,21,0,41,1,14,,1177835,21,0,41,1,55,,1177811,21,0,41,1,15,,1177840,21,0,41,1,15,,1177823,21,0,41,1,15,,1177826,21,0,41,1,55,,1177828,21,0,41,1,15,,1177829,21,0,41,1,17,,1012353,21,0,41,1,55,,1177798,21,0,41,1,15,,1177818,21,0,41,1,15,,1177812,21,0,41,1,15,,1177807,21,0,41,1,55,,1177806,21,0,41,1,15,,1177804,21,0,41,1,15,,1177839,21,0,41,1,15,,1177803,21,0,41,1,55,,1080636,21,0,41,1,15,,1177844,21,0,41,1,15,,1177832,21,0,41,1,15,,1177799,21,0,41,1,55,,1177841,21,0,41,1,15,,1177836,21,0,41,1,15,,1177834,21,0,41,1,15,,1177837,21,0,41,1,55,,1177795,21,0,41,1,15,,1177801,21,0,41,1,15,,1177830,21,0,41,1,16,,1177814,21,0,41,1,70,,1045878,21,0,41,1,17,,1177825,21,0,41,1,13,,1177805,21,0,41,1,57,,1177815,21,0,41,1,13,,1177796,21,0,41,1,17,,1177794,21,0,41,1,15,,1177810,21,0,41,1,55,,1177797,21,0,41,1,15,,1177816,21,0,41,1,14,,1177792,21,0,41,1,14,,1177793,21,0,41,1,54,,1177819,21,0,41,1,14,,1177791,21,0,41,1,14,,1177824,21,0,41,1,12,,1177800,21,0,41,1,70,,1177813,21,0,41,1,30,,1177821,21,0,41,1,70,,1177833,21,0,41,1,30,,1177838,21,0,41,1,70,,1177831,21,0,41,1,30,,1071829,21,0,41,1,70,,1081525,21,0,41,1,30,,1177822,21,0,41,1,70,,1177808,21,0,41,1,31,,957218,21,0,41,1,70,,1177809,21,0,41,1,30,,1177820,21,0,41,1
