1400,'1',622,,1118152,36,,,1,15,,983977,36,,,1,16,,1118161,36,,,1,55,,1118150,36,,,1,17,,1118149,36,,,1,14,,1118145,36,,,1,19,,975681,36,,,1,56,,946779,36,,,1,17,,1118124,36,,,1,18,,1118142,36,,,1,55,,1118141,36,,,1,17,,1118126,36,,,1,14,,1118163,36,,,1,14,,1118157,36,,,1,53,,1094391,36,,,1,16,,1097864,36,,,1,15,,1118148,36,,,1,13,,1118140,36,,,1,13,,1118116,36,,,1,54,,1118123,36,,,1,14,,1118132,36,,,1,14,,1118120,36,,,1,16,,1118156,36,,,1,55,,1118162,36,,,1,18,,1118138,36,,,1,15,,954754,36,,,1,14,,1086692,36,,,1,56,,1118125,36,,,1,16,,1118155,36,,,1,14,,1118131,36,,,1,57,,959135,36,,,1,16,,1101779,36,,,1,16,,1118129,36,,,1,17,,1118153,36,,,1,58,,1118144,36,,,1,36,,1118117,36,,,1,60,,1118160,36,,,1,17,,1118121,36,,,1,14,,1118147,36,,,1,16,,1118146,36,,,1,57,,1118119,36,,,1,15,,1118134,36,,,1,12,,1118133,36,,,1,15,,1077285,36,,,1,54,,1118127,36,,,1,13,,1070032,36,,,1,12,,1118143,36,,,1,16,,1118118,36,,,1,68,,1028992,36,,,1,27,,1118159,36,,,1,72,,1118122,36,,,1,26,,1118135,36,,,1,69,,1118137,36,,,1,28,,1118151,36,,,1,65,,1118139,36,,,1,29,,1118136,36,,,1,29,,1118158,36,,,1,69,,1118154,36,,,1,25,,1118128,36,,,1,68,,1118130,36,,,1,26,,1077946,36,,,1
1400,'10',622,,1118200,36,,,1,15,,983883,36,,,1,16,,1118209,36,,,1,55,,1118198,36,,,1,17,,1118197,36,,,1,14,,1118193,36,,,1,19,,975354,36,,,1,56,,946605,36,,,1,17,,1118172,36,,,1,18,,1118190,36,,,1,55,,1118189,36,,,1,17,,1118174,36,,,1,14,,1118211,36,,,1,14,,1118205,36,,,1,53,,1094355,36,,,1,16,,1097640,36,,,1,15,,1118196,36,,,1,13,,1118188,36,,,1,13,,1118164,36,,,1,54,,1118171,36,,,1,14,,1118180,36,,,1,14,,1118168,36,,,1,16,,1118204,36,,,1,55,,1118210,36,,,1,18,,1118186,36,,,1,15,,954311,36,,,1,14,,1086522,36,,,1,56,,1118173,36,,,1,16,,1118203,36,,,1,14,,1118179,36,,,1,57,,958814,36,,,1,16,,1101678,36,,,1,16,,1118177,36,,,1,17,,1118201,36,,,1,58,,1118192,36,,,1,36,,1118165,36,,,1,60,,1118208,36,,,1,17,,1118169,36,,,1,14,,1118195,36,,,1,16,,1118194,36,,,1,57,,1118167,36,,,1,15,,1118182,36,,,1,12,,1118181,36,,,1,15,,1077147,36,,,1,54,,1118175,36,,,1,13,,1069903,36,,,1,12,,1118191,36,,,1,16,,1118166,36,,,1,68,,1029122,36,,,1,27,,1118207,36,,,1,72,,1118170,36,,,1,26,,1118183,36,,,1,69,,1118185,36,,,1,28,,1118199,36,,,1,65,,1118187,36,,,1,29,,1118184,36,,,1,29,,1118206,36,,,1,69,,1118202,36,,,1,25,,1118176,36,,,1,68,,1118178,36,,,1,26,,1077737,36,,,1
1400,'11',622,,1118248,36,,,1,15,,983954,36,,,1,16,,1118257,36,,,1,55,,1118246,36,,,1,17,,1118245,36,,,1,14,,1118241,36,,,1,19,,975633,36,,,1,56,,946754,36,,,1,17,,1118220,36,,,1,18,,1118238,36,,,1,55,,1118237,36,,,1,17,,1118222,36,,,1,14,,1118259,36,,,1,14,,1118253,36,,,1,53,,1094403,36,,,1,16,,1097932,36,,,1,15,,1118244,36,,,1,13,,1118236,36,,,1,13,,1118212,36,,,1,54,,1118219,36,,,1,14,,1118228,36,,,1,14,,1118216,36,,,1,16,,1118252,36,,,1,55,,1118258,36,,,1,18,,1118234,36,,,1,15,,954691,36,,,1,14,,1086747,36,,,1,56,,1118221,36,,,1,16,,1118251,36,,,1,14,,1118227,36,,,1,57,,959081,36,,,1,16,,1101810,36,,,1,16,,1118225,36,,,1,17,,1118249,36,,,1,58,,1118240,36,,,1,36,,1118213,36,,,1,60,,1118256,36,,,1,17,,1118217,36,,,1,14,,1118243,36,,,1,16,,1118242,36,,,1,57,,1118215,36,,,1,15,,1118230,36,,,1,12,,1118229,36,,,1,15,,1077325,36,,,1,54,,1118223,36,,,1,13,,1070072,36,,,1,12,,1118239,36,,,1,16,,1118214,36,,,1,68,,1028955,36,,,1,27,,1118255,36,,,1,72,,1118218,36,,,1,26,,1118231,36,,,1,69,,1118233,36,,,1,28,,1118247,36,,,1,65,,1118235,36,,,1,29,,1118232,36,,,1,29,,1118254,36,,,1,69,,1118250,36,,,1,25,,1118224,36,,,1,68,,1118226,36,,,1,26,,1078009,36,,,1
1400,'12',622,,973372,36,,,1,15,,1118294,36,,,1,16,,1118274,36,,,1,55,,1118305,36,,,1,17,,1118312,36,,,1,14,,1118284,36,,,1,19,,1118265,36,,,1,56,,1118295,36,,,1,17,,1118260,36,,,1,18,,1118308,36,,,1,55,,1118310,36,,,1,17,,1118285,36,,,1,14,,1118277,36,,,1,14,,1118292,36,,,1,53,,1118301,36,,,1,16,,1118299,36,,,1,15,,1118271,36,,,1,13,,1118263,36,,,1,13,,1118276,36,,,1,54,,1118289,36,,,1,14,,1118287,36,,,1,14,,1118283,36,,,1,16,,1118293,36,,,1,55,,1118261,36,,,1,18,,1118280,36,,,1,15,,1022094,36,,,1,14,,1118286,36,,,1,56,,1028655,36,,,1,16,,1118266,36,,,1,14,,1118306,36,,,1,57,,1118300,36,,,1,16,,1118311,36,,,1,16,,1118275,36,,,1,17,,1118279,36,,,1,58,,1118296,36,,,1,36,,1118264,36,,,1,60,,1118297,36,,,1,17,,1092379,36,,,1,14,,1118268,36,,,1,16,,1084990,36,,,1,57,,1089462,36,,,1,15,,1118281,36,,,1,12,,1118282,36,,,1,15,,1118267,36,,,1,54,,1118269,36,,,1,13,,1118291,36,,,1,12,,1118270,36,,,1,16,,1118304,36,,,1,68,,1118303,36,,,1,27,,1118262,36,,,1,72,,1118278,36,,,1,26,,1118288,36,,,1,69,,1118309,36,,,1,28,,1118307,36,,,1,65,,1118302,36,,,1,29,,1066455,36,,,1,29,,1118290,36,,,1,69,,1118298,36,,,1,25,,1078244,36,,,1,68,,1118272,36,,,1,26,,1118273,36,,,1
1400,'13',723,,1118335,36,,,1,102,,1118337,36,,,1,75,,1118316,36,,,1,30,,1118325,36,,,1,70,,1118314,36,,,1,33,,1118322,36,,,1,70,,1118332,36,,,1,30,,1085172,36,,,1,70,,1118313,36,,,1,33,,995890,36,,,1,70,,1118318,36,,,1,28,,1118326,36,,,1,69,,1079001,36,,,1,30,,1118336,36,,,1,70,,1118315,36,,,1,30,,1118319,36,,,1,70,,1118321,36,,,1,30,,1118324,36,,,1,70,,1118330,36,,,1,30,,1118320,36,,,1,70,,1118328,36,,,1,30,,1118338,36,,,1,69,,1118323,36,,,1,30,,1061631,36,,,1,70,,1118317,36,,,1,31,,1118333,36,,,1,100,,1118334,36,,,1,99,,1118331,36,,,1,98,,1118327,36,,,1,100,,1118329,36,,,1
1400,'14',622,,1118385,36,,,1,15,,1118343,36,,,1,16,,1118397,36,,,1,55,,1118383,36,,,1,17,,1118382,36,,,1,14,,1118378,36,,,1,19,,1118351,36,,,1,56,,1118394,36,,,1,17,,1118354,36,,,1,18,,1118375,36,,,1,55,,1118374,36,,,1,17,,1118357,36,,,1,14,,1118399,36,,,1,14,,1118390,36,,,1,53,,1118349,36,,,1,16,,1118396,36,,,1,15,,1118381,36,,,1,13,,1118373,36,,,1,13,,1118340,36,,,1,54,,1118353,36,,,1,14,,1118365,36,,,1,14,,1118347,36,,,1,16,,1118389,36,,,1,55,,1118398,36,,,1,18,,1118371,36,,,1,15,,1118341,36,,,1,14,,1118359,36,,,1,56,,1118355,36,,,1,16,,1118388,36,,,1,14,,1118364,36,,,1,57,,1118393,36,,,1,16,,1118356,36,,,1,16,,1118362,36,,,1,17,,1118386,36,,,1,58,,1118377,36,,,1,36,,1118342,36,,,1,60,,1118395,36,,,1,17,,1118348,36,,,1,14,,1118380,36,,,1,16,,1118379,36,,,1,57,,1118346,36,,,1,15,,1118367,36,,,1,12,,1118366,36,,,1,15,,1118344,36,,,1,54,,1118360,36,,,1,13,,1118339,36,,,1,12,,1118376,36,,,1,16,,1118345,36,,,1,68,,1118352,36,,,1,27,,1118392,36,,,1,72,,1118350,36,,,1,26,,1118368,36,,,1,69,,1118370,36,,,1,28,,1118384,36,,,1,65,,1118372,36,,,1,29,,1118369,36,,,1,29,,1118391,36,,,1,69,,1118387,36,,,1,25,,1118361,36,,,1,68,,1118363,36,,,1,26,,1118358,36,,,1
1400,'15',622,,1118417,36,,,1,15,,1118413,36,,,1,16,,1118438,36,,,1,55,,1118435,36,,,1,17,,1118416,36,,,1,14,,1118405,36,,,1,19,,1118412,36,,,1,56,,1118451,36,,,1,17,,1118439,36,,,1,18,,1118408,36,,,1,55,,1118459,36,,,1,17,,1118433,36,,,1,14,,1118430,36,,,1,14,,1118456,36,,,1,53,,1118457,36,,,1,16,,1118407,36,,,1,15,,1118418,36,,,1,13,,1118424,36,,,1,13,,1118427,36,,,1,54,,1118436,36,,,1,14,,1118419,36,,,1,14,,1118423,36,,,1,16,,1118455,36,,,1,55,,1118409,36,,,1,18,,1118448,36,,,1,15,,1118400,36,,,1,14,,1118453,36,,,1,56,,1118415,36,,,1,16,,1118420,36,,,1,14,,1118428,36,,,1,57,,1118434,36,,,1,16,,1118458,36,,,1,16,,1118425,36,,,1,17,,1118402,36,,,1,58,,1118441,36,,,1,36,,1118411,36,,,1,60,,1118443,36,,,1,17,,1118449,36,,,1,14,,1118406,36,,,1,16,,1118460,36,,,1,57,,1118454,36,,,1,15,,1118421,36,,,1,12,,1118403,36,,,1,15,,1118447,36,,,1,54,,1118410,36,,,1,13,,1118442,36,,,1,12,,1118452,36,,,1,16,,1118440,36,,,1,68,,1118414,36,,,1,27,,1118432,36,,,1,72,,1118445,36,,,1,26,,1118431,36,,,1,69,,1118444,36,,,1,28,,1118446,36,,,1,65,,1118422,36,,,1,29,,1118401,36,,,1,29,,1118404,36,,,1,69,,1118426,36,,,1,25,,1118429,36,,,1,68,,1118437,36,,,1,26,,1118450,36,,,1
1400,'16',622,,1118474,36,,,1,15,,1118498,36,,,1,16,,1118477,36,,,1,55,,1118509,36,,,1,17,,1118517,36,,,1,14,,1118487,36,,,1,19,,1118467,36,,,1,56,,1118499,36,,,1,17,,1118461,36,,,1,18,,1118512,36,,,1,55,,1118514,36,,,1,17,,1118488,36,,,1,14,,1118480,36,,,1,14,,1118496,36,,,1,53,,1118505,36,,,1,16,,1118503,36,,,1,15,,970120,36,,,1,13,,1118464,36,,,1,13,,1118479,36,,,1,54,,1118493,36,,,1,14,,1118490,36,,,1,14,,1118486,36,,,1,16,,1118497,36,,,1,55,,1118462,36,,,1,18,,1118483,36,,,1,15,,1118519,36,,,1,14,,1118489,36,,,1,56,,1118518,36,,,1,16,,1118468,36,,,1,14,,1118510,36,,,1,57,,1118504,36,,,1,16,,1118515,36,,,1,16,,1118478,36,,,1,17,,1118482,36,,,1,58,,1118500,36,,,1,36,,1118466,36,,,1,60,,1118501,36,,,1,17,,1118471,36,,,1,14,,1118470,36,,,1,16,,1118472,36,,,1,57,,1118492,36,,,1,15,,1118484,36,,,1,12,,1118485,36,,,1,15,,1118469,36,,,1,54,,997047,36,,,1,13,,1118495,36,,,1,12,,1118473,36,,,1,16,,1118508,36,,,1,68,,1118507,36,,,1,27,,1118463,36,,,1,72,,1118481,36,,,1,26,,1118491,36,,,1,69,,1118513,36,,,1,28,,1118511,36,,,1,65,,1118506,36,,,1,29,,1118465,36,,,1,29,,1118494,36,,,1,69,,1118502,36,,,1,25,,1118516,36,,,1,68,,1118475,36,,,1,26,,1118476,36,,,1
1400,'17',723,,1118545,36,,,1,102,,1118547,36,,,1,75,,1118525,36,,,1,30,,1118534,36,,,1,70,,1118521,36,,,1,33,,1118531,36,,,1,70,,1118541,36,,,1,30,,1118548,36,,,1,70,,1118520,36,,,1,33,,1118523,36,,,1,70,,1118527,36,,,1,28,,1118535,36,,,1,69,,1118524,36,,,1,30,,1118546,36,,,1,70,,1118522,36,,,1,30,,1118528,36,,,1,70,,1118530,36,,,1,30,,1118533,36,,,1,70,,1118539,36,,,1,30,,1118529,36,,,1,70,,1118537,36,,,1,30,,1118549,36,,,1,69,,1118532,36,,,1,30,,1118544,36,,,1,70,,1118526,36,,,1,31,,1118542,36,,,1,100,,1118543,36,,,1,99,,1118540,36,,,1,98,,1118536,36,,,1,100,,1118538,36,,,1
1400,'2',628,,1118585,36,,,1,30,,1118583,36,,,1,70,,1118577,36,,,1,30,,1118579,36,,,1,72,,1118578,36,,,1,70,,1118562,36,,,1,30,,1040832,36,,,1,70,,1118568,36,,,1,33,,1118569,36,,,1,70,,955725,36,,,1,30,,1065628,36,,,1,70,,1118589,36,,,1,33,,1118564,36,,,1,15,,1118555,36,,,1,55,,1096259,36,,,1,15,,1118567,36,,,1,15,,1118553,36,,,1,15,,1118593,36,,,1,55,,1118581,36,,,1,15,,1118588,36,,,1,15,,1069694,36,,,1,15,,1118560,36,,,1,55,,1118563,36,,,1,15,,1118556,36,,,1,15,,1118573,36,,,1,15,,1118587,36,,,1,55,,1118572,36,,,1,15,,1118558,36,,,1,15,,1118550,36,,,1,15,,1118576,36,,,1,55,,1118594,36,,,1,15,,1118552,36,,,1,15,,1118575,36,,,1,15,,1118595,36,,,1,55,,1118559,36,,,1,15,,1118551,36,,,1,14,,1118584,36,,,1,70,,1118557,36,,,1,30,,1118591,36,,,1,70,,1118582,36,,,1,28,,1118592,36,,,1,70,,1118566,36,,,1,30,,1118570,36,,,1,70,,1118561,36,,,1,29,,1118590,36,,,1,68,,1118574,36,,,1,30,,1118571,36,,,1,70,,1118554,36,,,1,30,,1118586,36,,,1,70,,1118565,36,,,1,32,,1118580,36,,,1
1400,'3',723,,1118621,36,,,1,102,,1118623,36,,,1,75,,1118601,36,,,1,30,,1118610,36,,,1,70,,1118597,36,,,1,33,,1118607,36,,,1,70,,1118617,36,,,1,30,,1118624,36,,,1,70,,1118596,36,,,1,33,,1118599,36,,,1,70,,1118603,36,,,1,28,,1118611,36,,,1,69,,1118600,36,,,1,30,,1118622,36,,,1,70,,1118598,36,,,1,30,,1118604,36,,,1,70,,1118606,36,,,1,30,,1118609,36,,,1,70,,1118615,36,,,1,30,,1118605,36,,,1,70,,1118613,36,,,1,30,,1118625,36,,,1,69,,1118608,36,,,1,30,,1118620,36,,,1,70,,1118602,36,,,1,31,,1118618,36,,,1,100,,1118619,36,,,1,99,,1118616,36,,,1,98,,1118612,36,,,1,100,,1118614,36,,,1
1400,'4',723,,1118637,36,,,1,102,,1118629,36,,,1,75,,1118627,36,,,1,30,,1118648,36,,,1,70,,1118638,36,,,1,33,,1118626,36,,,1,70,,1088619,36,,,1,30,,1118645,36,,,1,70,,963424,36,,,1,33,,1118641,36,,,1,70,,1118634,36,,,1,28,,1057351,36,,,1,69,,1118630,36,,,1,30,,1118649,36,,,1,70,,1118644,36,,,1,30,,1118640,36,,,1,70,,1118643,36,,,1,30,,1118647,36,,,1,70,,1118636,36,,,1,30,,1118642,36,,,1,70,,1118633,36,,,1,30,,1118631,36,,,1,69,,1118635,36,,,1,30,,1075394,36,,,1,70,,1118646,36,,,1,31,,1118628,36,,,1,100,,1059944,36,,,1,99,,1118632,36,,,1,98,,1118639,36,,,1,100,,1081268,36,,,1
1400,'5',622,,1118686,36,,,1,15,,984050,36,,,1,16,,1118695,36,,,1,55,,1118684,36,,,1,17,,1118683,36,,,1,14,,1118679,36,,,1,19,,975835,36,,,1,56,,946860,36,,,1,17,,1118658,36,,,1,18,,1118676,36,,,1,55,,1118675,36,,,1,17,,1118660,36,,,1,14,,1118697,36,,,1,14,,1118691,36,,,1,53,,1094379,36,,,1,16,,1097819,36,,,1,15,,1118682,36,,,1,13,,1118674,36,,,1,13,,1118650,36,,,1,54,,1118657,36,,,1,14,,1118666,36,,,1,14,,1118654,36,,,1,16,,1118690,36,,,1,55,,1118696,36,,,1,18,,1118672,36,,,1,15,,954949,36,,,1,14,,1086666,36,,,1,56,,1118659,36,,,1,16,,1118689,36,,,1,14,,1118665,36,,,1,57,,959311,36,,,1,16,,1101759,36,,,1,16,,1118663,36,,,1,17,,1118687,36,,,1,58,,1118678,36,,,1,36,,1118651,36,,,1,60,,1118694,36,,,1,17,,1118655,36,,,1,14,,1118681,36,,,1,16,,1118680,36,,,1,57,,1118653,36,,,1,15,,1118668,36,,,1,12,,1118667,36,,,1,15,,1077260,36,,,1,54,,1118661,36,,,1,13,,1070014,36,,,1,12,,1118677,36,,,1,16,,1118652,36,,,1,68,,1028746,36,,,1,27,,1118693,36,,,1,72,,1118656,36,,,1,26,,1118669,36,,,1,69,,1118671,36,,,1,28,,1118685,36,,,1,65,,1118673,36,,,1,29,,1118670,36,,,1,29,,1118692,36,,,1,69,,1118688,36,,,1,25,,1118662,36,,,1,68,,1118664,36,,,1,26,,1077907,36,,,1
1400,'6',622,,1118705,36,,,1,15,,1118730,36,,,1,16,,1118709,36,,,1,55,,1118740,36,,,1,17,,1036652,36,,,1,14,,1118719,36,,,1,19,,1072433,36,,,1,56,,1118731,36,,,1,17,,1035059,36,,,1,18,,1118743,36,,,1,55,,1118745,36,,,1,17,,1118720,36,,,1,14,,1118712,36,,,1,14,,1118728,36,,,1,53,,1095752,36,,,1,16,,1118735,36,,,1,15,,1118706,36,,,1,13,,984943,36,,,1,13,,1118711,36,,,1,54,,1118725,36,,,1,14,,1118722,36,,,1,14,,1118718,36,,,1,16,,1118729,36,,,1,55,,1118698,36,,,1,18,,1118715,36,,,1,15,,1118749,36,,,1,14,,1118721,36,,,1,56,,1118748,36,,,1,16,,1070095,36,,,1,14,,1118741,36,,,1,57,,1118736,36,,,1,16,,1118746,36,,,1,16,,1118710,36,,,1,17,,1118714,36,,,1,58,,1118732,36,,,1,36,,1073083,36,,,1,60,,1118733,36,,,1,17,,1118702,36,,,1,14,,1088949,36,,,1,16,,1118703,36,,,1,57,,1118724,36,,,1,15,,1118716,36,,,1,12,,1118717,36,,,1,15,,1118700,36,,,1,54,,1118701,36,,,1,13,,1118727,36,,,1,12,,1118704,36,,,1,16,,1118739,36,,,1,68,,1118738,36,,,1,27,,1073082,36,,,1,72,,1118713,36,,,1,26,,1118723,36,,,1,69,,1118744,36,,,1,28,,1118742,36,,,1,65,,1118737,36,,,1,29,,1118699,36,,,1,29,,1118726,36,,,1,69,,1118734,36,,,1,25,,1118747,36,,,1,68,,1118707,36,,,1,26,,1118708,36,,,1
1400,'7',628,,1118769,36,,,1,30,,1118759,36,,,1,70,,1118762,36,,,1,30,,1118767,36,,,1,72,,1118795,36,,,1,70,,1118760,36,,,1,30,,1118773,36,,,1,70,,1118799,36,,,1,33,,1118761,36,,,1,70,,1118755,36,,,1,30,,1118789,36,,,1,70,,1118800,36,,,1,33,,1118753,36,,,1,15,,1118792,36,,,1,55,,1118797,36,,,1,15,,1118790,36,,,1,15,,1118763,36,,,1,15,,1118779,36,,,1,55,,1118780,36,,,1,15,,1118798,36,,,1,15,,1118785,36,,,1,15,,1118787,36,,,1,55,,1118791,36,,,1,15,,1118776,36,,,1,15,,1118756,36,,,1,15,,1118764,36,,,1,55,,1118788,36,,,1,15,,1118778,36,,,1,15,,1118794,36,,,1,15,,1118796,36,,,1,55,,1118793,36,,,1,15,,1118784,36,,,1,15,,1118783,36,,,1,15,,1118765,36,,,1,55,,1118772,36,,,1,15,,1118774,36,,,1,14,,1118786,36,,,1,70,,1118770,36,,,1,30,,1118771,36,,,1,70,,1118750,36,,,1,28,,1118758,36,,,1,70,,1118752,36,,,1,30,,1118781,36,,,1,70,,1118775,36,,,1,29,,1118751,36,,,1,68,,1118757,36,,,1,30,,1118768,36,,,1,70,,1118766,36,,,1,30,,1118777,36,,,1,70,,1118782,36,,,1,32,,1118754,36,,,1
1400,'8',622,,1118815,36,,,1,15,,1118840,36,,,1,16,,1118819,36,,,1,55,,1118851,36,,,1,17,,1118859,36,,,1,14,,1118829,36,,,1,19,,1118807,36,,,1,56,,1118841,36,,,1,17,,1118801,36,,,1,18,,1118854,36,,,1,55,,1118856,36,,,1,17,,1118830,36,,,1,14,,1118822,36,,,1,14,,1118838,36,,,1,53,,1118847,36,,,1,16,,1118845,36,,,1,15,,1118816,36,,,1,13,,1118804,36,,,1,13,,1118821,36,,,1,54,,1118835,36,,,1,14,,1118832,36,,,1,14,,1118828,36,,,1,16,,1118839,36,,,1,55,,1118802,36,,,1,18,,1118825,36,,,1,15,,1118861,36,,,1,14,,1118831,36,,,1,56,,1118860,36,,,1,16,,1118808,36,,,1,14,,1118852,36,,,1,57,,1118846,36,,,1,16,,1118857,36,,,1,16,,1118820,36,,,1,17,,1118824,36,,,1,58,,1118842,36,,,1,36,,1118806,36,,,1,60,,1118843,36,,,1,17,,1118812,36,,,1,14,,1118810,36,,,1,16,,1118813,36,,,1,57,,1118834,36,,,1,15,,1118826,36,,,1,12,,1118827,36,,,1,15,,1118809,36,,,1,54,,1118811,36,,,1,13,,1118837,36,,,1,12,,1118814,36,,,1,16,,1118850,36,,,1,68,,1118849,36,,,1,27,,1118803,36,,,1,72,,1118823,36,,,1,26,,1118833,36,,,1,69,,1118855,36,,,1,28,,1118853,36,,,1,65,,1118848,36,,,1,29,,1118805,36,,,1,29,,1118836,36,,,1,69,,1118844,36,,,1,25,,1118858,36,,,1,68,,1118817,36,,,1,26,,1118818,36,,,1
1400,'9',622,,1118898,36,,,1,15,,984027,36,,,1,16,,1118907,36,,,1,55,,1118896,36,,,1,17,,1118895,36,,,1,14,,1118891,36,,,1,19,,975787,36,,,1,56,,946835,36,,,1,17,,1118870,36,,,1,18,,1118888,36,,,1,55,,1118887,36,,,1,17,,1118872,36,,,1,14,,1118909,36,,,1,14,,1118903,36,,,1,53,,1094367,36,,,1,16,,1097708,36,,,1,15,,1118894,36,,,1,13,,1118886,36,,,1,13,,1118862,36,,,1,54,,1118869,36,,,1,14,,1118878,36,,,1,14,,1118866,36,,,1,16,,1118902,36,,,1,55,,1118908,36,,,1,18,,1118884,36,,,1,15,,954886,36,,,1,14,,1086578,36,,,1,56,,1118871,36,,,1,16,,1118901,36,,,1,14,,1118877,36,,,1,57,,959257,36,,,1,16,,1101708,36,,,1,16,,1118875,36,,,1,17,,1118899,36,,,1,58,,1118890,36,,,1,36,,1118863,36,,,1,60,,1118906,36,,,1,17,,1118867,36,,,1,14,,1118893,36,,,1,16,,1118892,36,,,1,57,,1118865,36,,,1,15,,1118880,36,,,1,12,,1118879,36,,,1,15,,1077189,36,,,1,54,,1118873,36,,,1,13,,1069945,36,,,1,12,,1118889,36,,,1,16,,1118864,36,,,1,68,,1029029,36,,,1,27,,1118905,36,,,1,72,,1118868,36,,,1,26,,1118881,36,,,1,69,,1118883,36,,,1,28,,1118897,36,,,1,65,,1118885,36,,,1,29,,1118882,36,,,1,29,,1118904,36,,,1,69,,1118900,36,,,1,25,,1118874,36,,,1,68,,1118876,36,,,1,26,,1077806,36,,,1
1800,'1',510,,998371,8,,,1,102,,1120337,34,,,1,33,,1120333,34,,,1,71,,1120316,34,,,1,34,,1120340,34,,,1,73,,1085565,34,,,1,31,,1120332,34,,,1,71,,1120330,34,,,1,29,,1120317,34,,,1,67,,1120321,34,,,1,29,,1120319,34,,,1,71,,992189,34,,,1,30,,1120339,34,,,1,70,,962776,34,,,1,31,,1120325,34,,,1,70,,1120346,34,,,1,30,,1120320,34,,,1,71,,907881,34,,,1,33,,1120342,34,,,1,76,,1120347,34,,,1,74,,1088167,34,,,1,33,,1120318,34,,,1,71,,1120334,34,,,1,28,,1120345,34,,,1,67,,1120326,34,,,1,27,,1120331,34,,,1,27,,1120324,34,,,1,66,,1120336,34,,,1,28,,1120343,34,,,1,68,,1120338,34,,,1,29,,1120328,34,,,1,68,,1120327,34,,,1,27,,1120344,34,,,1,68,,1120335,34,,,1,28,,1120323,34,,,1,100,,1120341,34,,,1,71,,1120322,34,,,1
1800,'10',510,,998463,8,,,1,102,,1120369,34,,,1,33,,1120365,34,,,1,71,,1120348,34,,,1,34,,1120372,34,,,1,73,,1085308,34,,,1,31,,1120364,34,,,1,71,,1120362,34,,,1,29,,1120349,34,,,1,67,,1120353,34,,,1,29,,1120351,34,,,1,71,,992158,34,,,1,30,,1120371,34,,,1,70,,962540,34,,,1,31,,1120357,34,,,1,70,,1120378,34,,,1,30,,1120352,34,,,1,71,,907916,34,,,1,33,,1120374,34,,,1,76,,1120379,34,,,1,74,,1087759,34,,,1,33,,1120350,34,,,1,71,,1120366,34,,,1,28,,1120377,34,,,1,67,,1120358,34,,,1,27,,1120363,34,,,1,27,,1120356,34,,,1,66,,1120368,34,,,1,28,,1120375,34,,,1,68,,1120370,34,,,1,29,,1120360,34,,,1,68,,1120359,34,,,1,27,,1120376,34,,,1,68,,1120367,34,,,1,28,,1120355,34,,,1,100,,1120373,34,,,1,71,,1120354,34,,,1
1800,'11',510,,998344,8,,,1,102,,1120401,34,,,1,33,,1120397,34,,,1,71,,1120380,34,,,1,34,,1120404,34,,,1,73,,1085645,34,,,1,31,,1120396,34,,,1,71,,1120394,34,,,1,29,,1120381,34,,,1,67,,1120385,34,,,1,29,,1120383,34,,,1,71,,992178,34,,,1,30,,1120403,34,,,1,70,,962734,34,,,1,31,,1120389,34,,,1,70,,1120410,34,,,1,30,,1120384,34,,,1,71,,907794,34,,,1,33,,1120406,34,,,1,76,,1120411,34,,,1,74,,1088279,34,,,1,33,,1120382,34,,,1,71,,1120398,34,,,1,28,,1120409,34,,,1,67,,1120390,34,,,1,27,,1120395,34,,,1,27,,1120388,34,,,1,66,,1120400,34,,,1,28,,1120407,34,,,1,68,,1120402,34,,,1,29,,1120392,34,,,1,68,,1120391,34,,,1,27,,1120408,34,,,1,68,,1120399,34,,,1,28,,1120387,34,,,1,100,,1120405,34,,,1,71,,1120386,34,,,1
1800,'12',510,,1034925,8,,,1,102,,914029,34,,,1,33,,1120419,34,,,1,71,,1120412,34,,,1,34,,1120430,34,,,1,73,,1120426,34,,,1,31,,1120422,34,,,1,71,,1079813,34,,,1,29,,1120427,34,,,1,67,,1120417,34,,,1,29,,1120414,34,,,1,71,,1120436,34,,,1,30,,1120424,34,,,1,70,,1120428,34,,,1,31,,1120442,34,,,1,70,,1120444,34,,,1,30,,1120443,34,,,1,71,,1120440,34,,,1,33,,1120418,34,,,1,76,,1120425,34,,,1,74,,1120429,34,,,1,33,,1120431,34,,,1,71,,1120434,34,,,1,28,,1017565,34,,,1,67,,1120441,34,,,1,27,,1120438,34,,,1,27,,1120413,34,,,1,66,,1120420,34,,,1,28,,1120437,34,,,1,68,,1120432,34,,,1,29,,1120416,34,,,1,68,,1120433,34,,,1,27,,1120439,34,,,1,68,,1120421,34,,,1,28,,1120423,34,,,1,100,,1120435,34,,,1,71,,1120415,34,,,1
1800,'13',829,,1120459,34,,,1,100,,1120445,34,,,1,71,,1120456,8,,,1,31,,1120453,34,,,1,70,,1120462,34,,,1,30,,1120466,34,,,1,70,,1120448,34,,,1,31,,1120469,34,,,1,70,,1120446,34,,,1,30,,1120455,34,,,1,70,,1120461,34,,,1,30,,1120450,34,,,1,70,,1120464,34,,,1,30,,1101104,34,,,1,70,,1120452,34,,,1,30,,1120467,34,,,1,70,,1120470,34,,,1,30,,1120471,34,,,1,70,,1120447,34,,,1,30,,1120472,34,,,1,70,,1120457,34,,,1,29,,1120468,34,,,1,70,,1120465,34,,,1,29,,1120460,34,,,1,70,,1120463,34,,,1,30,,1120451,34,,,1,70,,1120449,34,,,1,105,,1120454,34,,,1,53,,1120458,8,,,1
1800,'14',510,,1120476,8,,,1,102,,1120497,34,,,1,33,,1120493,34,,,1,71,,1120473,34,,,1,34,,1120501,34,,,1,73,,1120477,34,,,1,31,,1120492,34,,,1,71,,1120490,34,,,1,29,,1120474,34,,,1,67,,1120480,34,,,1,29,,1120478,34,,,1,71,,1120509,34,,,1,30,,1120500,34,,,1,70,,1120484,34,,,1,31,,1120485,34,,,1,70,,1120507,34,,,1,30,,1120479,34,,,1,71,,1120499,34,,,1,33,,1120503,34,,,1,76,,1120508,34,,,1,74,,1120510,34,,,1,33,,1120475,34,,,1,71,,1120494,34,,,1,28,,1120506,34,,,1,67,,1120486,34,,,1,27,,1120491,34,,,1,27,,1120483,34,,,1,66,,1120496,34,,,1,28,,1120504,34,,,1,68,,1120498,34,,,1,29,,1120488,34,,,1,68,,1120487,34,,,1,27,,1120505,34,,,1,68,,1120495,34,,,1,28,,1120482,34,,,1,100,,1120502,34,,,1,71,,1120481,34,,,1
1800,'15',510,,1120535,8,,,1,102,,1120517,34,,,1,33,,1120518,34,,,1,71,,1120540,34,,,1,34,,1120543,34,,,1,73,,1120538,34,,,1,31,,1120530,34,,,1,71,,1120544,34,,,1,29,,1120531,34,,,1,67,,1120529,34,,,1,29,,1120516,34,,,1,71,,1120521,34,,,1,30,,1120515,34,,,1,70,,1120513,34,,,1,31,,1120548,34,,,1,70,,1120533,34,,,1,30,,1120523,34,,,1,71,,1120522,34,,,1,33,,1120537,34,,,1,76,,1120541,34,,,1,74,,1120536,34,,,1,33,,1120534,34,,,1,71,,1120512,34,,,1,28,,1120528,34,,,1,67,,1120511,34,,,1,27,,1120527,34,,,1,27,,1120514,34,,,1,66,,1120526,34,,,1,28,,1120524,34,,,1,68,,1120546,34,,,1,29,,1120547,34,,,1,68,,1120520,34,,,1,27,,1120539,34,,,1,68,,1120519,34,,,1,28,,1120532,34,,,1,100,,1120542,34,,,1,71,,1120545,34,,,1
1800,'16',510,,1120549,8,,,1,102,,1120550,34,,,1,33,,1120557,34,,,1,71,,963011,34,,,1,34,,1120567,34,,,1,73,,1120563,34,,,1,31,,1120559,34,,,1,71,,1120581,34,,,1,29,,1120564,34,,,1,67,,1079175,34,,,1,29,,1078737,34,,,1,71,,1120573,34,,,1,30,,1120561,34,,,1,70,,1120565,34,,,1,31,,1120579,34,,,1,70,,1120580,34,,,1,30,,994838,34,,,1,71,,1120577,34,,,1,33,,1120554,34,,,1,76,,1120562,34,,,1,74,,1120566,34,,,1,33,,1120568,34,,,1,71,,1120571,34,,,1,28,,1120555,34,,,1,67,,1120578,34,,,1,27,,1120575,34,,,1,27,,1120551,34,,,1,66,,1049479,34,,,1,28,,1120574,34,,,1,68,,1120569,34,,,1,29,,1120553,34,,,1,68,,1120570,34,,,1,27,,1120576,34,,,1,68,,1120558,34,,,1,28,,1120560,34,,,1,100,,1120572,34,,,1,71,,1120552,34,,,1
1800,'17',829,,1120597,34,,,1,100,,1120582,34,,,1,71,,1120594,8,,,1,31,,1120591,34,,,1,70,,1120600,34,,,1,30,,1120604,34,,,1,70,,1120585,34,,,1,31,,1120607,34,,,1,70,,1120583,34,,,1,30,,1120593,34,,,1,70,,1120599,34,,,1,30,,1120588,34,,,1,70,,1120602,34,,,1,30,,1120586,34,,,1,70,,1120590,34,,,1,30,,1120605,34,,,1,70,,1120608,34,,,1,30,,1120609,34,,,1,70,,1120584,34,,,1,30,,1120610,34,,,1,70,,1120595,34,,,1,29,,1120606,34,,,1,70,,1120603,34,,,1,29,,1120598,34,,,1,70,,1120601,34,,,1,30,,1120589,34,,,1,70,,1120587,34,,,1,105,,1120592,34,,,1,53,,1120596,8,,,1
1800,'2',720,,1120629,8,,,1,28,,1120620,34,,,1,70,,1088410,34,,,1,31,,1120618,34,,,1,70,,1120624,34,,,1,30,,1120638,34,,,1,70,,1120611,34,,,1,33,,1120616,34,,,1,70,,1039280,34,,,1,30,,1068182,34,,,1,70,,1120615,34,,,1,31,,1120626,34,,,1,70,,1120627,34,,,1,30,,1120623,34,,,1,70,,1120614,34,,,1,30,,1120633,34,,,1,70,,1120634,34,,,1,30,,1120635,34,,,1,70,,1120628,34,,,1,30,,1120619,34,,,1,70,,1120617,34,,,1,30,,1120613,34,,,1,70,,1120632,34,,,1,30,,1120630,34,,,1,70,,1120637,34,,,1,28,,1120631,34,,,1,70,,1120621,34,,,1,28,,1120622,34,,,1,70,,1120639,34,,,1,30,,1120636,34,,,1,70,,1120612,34,,,1,30,,1120625,34,,,1,108,,1072043,34,,,1
1800,'3',829,,1120655,34,,,1,100,,1120640,34,,,1,71,,1120652,8,,,1,31,,1120649,34,,,1,70,,1120658,34,,,1,30,,1120662,34,,,1,70,,1120643,34,,,1,31,,1120665,34,,,1,70,,1120641,34,,,1,30,,1120651,34,,,1,70,,1120657,34,,,1,30,,1120646,34,,,1,70,,1120660,34,,,1,30,,1120644,34,,,1,70,,1120648,34,,,1,30,,1120663,34,,,1,70,,1120666,34,,,1,30,,1120667,34,,,1,70,,1120642,34,,,1,30,,1120668,34,,,1,70,,1120653,34,,,1,29,,1120664,34,,,1,70,,1120661,34,,,1,29,,1120656,34,,,1,70,,1120659,34,,,1,30,,1120647,34,,,1,70,,1120645,34,,,1,105,,1120650,34,,,1,53,,1120654,8,,,1
1800,'4',829,,1120692,34,,,1,100,,1120684,34,,,1,71,,1120675,8,,,1,31,,1120681,34,,,1,70,,1120688,34,,,1,30,,1120669,34,,,1,70,,1120676,34,,,1,31,,1120690,34,,,1,70,,1120691,34,,,1,30,,1120694,34,,,1,70,,1120687,34,,,1,30,,1120693,34,,,1,70,,1120670,34,,,1,30,,1120672,34,,,1,70,,1120683,34,,,1,30,,1120674,34,,,1,70,,1120685,34,,,1,30,,1120671,34,,,1,70,,1120678,34,,,1,30,,1075414,34,,,1,70,,1120695,34,,,1,29,,1120689,34,,,1,70,,1120677,34,,,1,29,,1120680,34,,,1,70,,1120686,34,,,1,30,,1120673,34,,,1,70,,1120679,34,,,1,105,,1120682,34,,,1,53,,1120696,8,,,1
1800,'5',510,,998195,8,,,1,102,,1120718,34,,,1,33,,1120714,34,,,1,71,,1120697,34,,,1,34,,1120721,34,,,1,73,,1085521,34,,,1,31,,1120713,34,,,1,71,,1120711,34,,,1,29,,1120698,34,,,1,67,,1120702,34,,,1,29,,1120700,34,,,1,71,,992220,34,,,1,30,,1120720,34,,,1,70,,962902,34,,,1,31,,1120706,34,,,1,70,,1120727,34,,,1,30,,1120701,34,,,1,71,,908046,34,,,1,33,,1120723,34,,,1,76,,1120728,34,,,1,74,,1088106,34,,,1,33,,1120699,34,,,1,71,,1120715,34,,,1,28,,1120726,34,,,1,67,,1120707,34,,,1,27,,1120712,34,,,1,27,,1120705,34,,,1,66,,1120717,34,,,1,28,,1120724,34,,,1,68,,1120719,34,,,1,29,,1120709,34,,,1,68,,1120708,34,,,1,27,,1120725,34,,,1,68,,1120716,34,,,1,28,,1120704,34,,,1,100,,1120722,34,,,1,71,,1120703,34,,,1
1800,'6',510,,1120729,8,,,1,102,,1120731,34,,,1,33,,1027031,34,,,1,71,,1120730,34,,,1,34,,1120746,34,,,1,73,,1120742,34,,,1,31,,1120738,34,,,1,71,,1120759,34,,,1,29,,1120743,34,,,1,67,,1120733,34,,,1,29,,1120732,34,,,1,71,,1120752,34,,,1,30,,1120740,34,,,1,70,,1120744,34,,,1,31,,1120757,34,,,1,70,,1080554,34,,,1,30,,1120758,34,,,1,71,,1120756,34,,,1,33,,1102647,34,,,1,76,,1120741,34,,,1,74,,1120745,34,,,1,33,,1120747,34,,,1,71,,1120750,34,,,1,28,,1120734,34,,,1,67,,955199,34,,,1,27,,1120754,34,,,1,27,,1033196,34,,,1,66,,1120736,34,,,1,28,,1120753,34,,,1,68,,1120748,34,,,1,29,,1004661,34,,,1,68,,1120749,34,,,1,27,,1120755,34,,,1,68,,1120737,34,,,1,28,,1120739,34,,,1,100,,1120751,34,,,1,71,,940510,34,,,1
1800,'7',720,,1120764,8,,,1,28,,1120788,34,,,1,70,,1120761,34,,,1,31,,1120778,34,,,1,70,,1120767,34,,,1,30,,1120784,34,,,1,70,,1120786,34,,,1,33,,1120773,34,,,1,70,,1120792,34,,,1,30,,1120766,34,,,1,70,,1120779,34,,,1,31,,1120765,34,,,1,70,,1120785,34,,,1,30,,1120775,34,,,1,70,,1120783,34,,,1,30,,1120770,34,,,1,70,,1120789,34,,,1,30,,1120777,34,,,1,70,,1120791,34,,,1,30,,1120763,34,,,1,70,,1120774,34,,,1,30,,1120780,34,,,1,70,,1120771,34,,,1,30,,1120769,34,,,1,70,,1120782,34,,,1,28,,1120781,34,,,1,70,,1120762,34,,,1,28,,1120787,34,,,1,70,,1120760,34,,,1,30,,1120790,34,,,1,70,,1120768,34,,,1,30,,1120776,34,,,1,108,,1120772,34,,,1
1800,'8',510,,1120793,8,,,1,102,,1120795,34,,,1,33,,1120804,34,,,1,71,,1120794,34,,,1,34,,1120815,34,,,1,73,,1120811,34,,,1,31,,1120807,34,,,1,71,,1120830,34,,,1,29,,1120812,34,,,1,67,,1120800,34,,,1,29,,1120797,34,,,1,71,,1120821,34,,,1,30,,1120809,34,,,1,70,,1120813,34,,,1,31,,1120827,34,,,1,70,,1120829,34,,,1,30,,1120828,34,,,1,71,,1120825,34,,,1,33,,1120801,34,,,1,76,,1120810,34,,,1,74,,1120814,34,,,1,33,,1120816,34,,,1,71,,1120819,34,,,1,28,,1120802,34,,,1,67,,1120826,34,,,1,27,,1120823,34,,,1,27,,1120796,34,,,1,66,,1120805,34,,,1,28,,1120822,34,,,1,68,,1120817,34,,,1,29,,1120799,34,,,1,68,,1120818,34,,,1,27,,1120824,34,,,1,68,,1120806,34,,,1,28,,1120808,34,,,1,100,,1120820,34,,,1,71,,1120798,34,,,1
1800,'9',510,,998398,8,,,1,102,,1120852,34,,,1,33,,1120848,34,,,1,71,,1120831,34,,,1,34,,1120855,34,,,1,73,,1085390,34,,,1,31,,1120847,34,,,1,71,,1120845,34,,,1,29,,1120832,34,,,1,67,,1120836,34,,,1,29,,1120834,34,,,1,71,,992209,34,,,1,30,,1120854,34,,,1,70,,962860,34,,,1,31,,1120840,34,,,1,70,,1120861,34,,,1,30,,1120835,34,,,1,71,,907951,34,,,1,33,,1120857,34,,,1,76,,1120862,34,,,1,74,,1087889,34,,,1,33,,1120833,34,,,1,71,,1120849,34,,,1,28,,1120860,34,,,1,67,,1120841,34,,,1,27,,1120846,34,,,1,27,,1120839,34,,,1,66,,1120851,34,,,1,28,,1120858,34,,,1,68,,1120853,34,,,1,29,,1120843,34,,,1,68,,1120842,34,,,1,27,,1120859,34,,,1,68,,1120850,34,,,1,28,,1120838,34,,,1,100,,1120856,34,,,1,71,,1120837,34,,,1
62400,'1',813,,1199136,8,,,1
62400,'10',813,,1199137,8,,,1
62400,'11',813,,1199138,8,,,1
62400,'12',813,,1199139,8,,,1
62400,'14',813,,1199140,8,,,1
62400,'15',813,,1199141,8,,,1
62400,'16',813,,1199142,8,,,1
62400,'5',813,,1199143,8,,,1
62400,'6',813,,1199144,8,,,1
62400,'8',813,,1199145,8,,,1
62400,'9',813,,1199146,8,,,1
