3600,'1',505,,1132001,13,,,1,100,,1131995,13,,,1,31,,1131996,13,,,1,72,,1132004,13,,,1,29,,1132018,13,,,1,71,,1089227,13,,,1,28,,1131994,13,,,1,67,,1132013,13,,,1,30,,1132003,13,,,1,70,,1065138,13,,,1,30,,1039939,13,,,1,70,,1132014,13,,,1,30,,990971,13,,,1,70,,1131993,13,,,1,30,,1086853,13,,,1,70,,1132017,13,,,1,30,,1132007,13,,,1,70,,1132002,13,,,1,34,,1132015,13,,,1,70,,1132011,13,,,1,30,,1132016,13,,,1,72,,1131997,13,,,1,30,,1131992,13,,,1,70,,972778,13,,,1,28,,985108,13,,,1,69,,1132010,13,,,1,30,,1132008,13,,,1,70,,1084458,13,,,1,27,,1131998,13,,,1,70,,1132000,13,,,1,30,,1132006,13,,,1,69,,1132009,13,,,1,30,,1132012,13,,,1,69,,1132005,13,,,1,57,,1131999,13,,,1
3600,'10',505,,1132028,13,,,1,100,,1132022,13,,,1,31,,1132023,13,,,1,72,,1132031,13,,,1,29,,1132045,13,,,1,71,,1089032,13,,,1,28,,1132021,13,,,1,67,,1132040,13,,,1,30,,1132030,13,,,1,70,,1064988,13,,,1,30,,1039953,13,,,1,70,,1132041,13,,,1,30,,990959,13,,,1,70,,1132020,13,,,1,30,,1086793,13,,,1,70,,1132044,13,,,1,30,,1132034,13,,,1,70,,1132029,13,,,1,34,,1132042,13,,,1,70,,1132038,13,,,1,30,,1132043,13,,,1,72,,1132024,13,,,1,30,,1132019,13,,,1,70,,972285,13,,,1,28,,984835,13,,,1,69,,1132037,13,,,1,30,,1132035,13,,,1,70,,1084274,13,,,1,27,,1132025,13,,,1,70,,1132027,13,,,1,30,,1132033,13,,,1,69,,1132036,13,,,1,30,,1132039,13,,,1,69,,1132032,13,,,1,57,,1132026,13,,,1
3600,'11',505,,1132055,13,,,1,100,,1132049,13,,,1,31,,1132050,13,,,1,72,,1132058,13,,,1,29,,1132072,13,,,1,71,,1089282,13,,,1,28,,1132048,13,,,1,67,,1132067,13,,,1,30,,1132057,13,,,1,70,,1065177,13,,,1,30,,1039935,13,,,1,70,,1132068,13,,,1,30,,990968,13,,,1,70,,1132047,13,,,1,30,,1086873,13,,,1,70,,1132071,13,,,1,30,,1132061,13,,,1,70,,1132056,13,,,1,34,,1132069,13,,,1,70,,1132065,13,,,1,30,,1132070,13,,,1,72,,1132051,13,,,1,30,,1132046,13,,,1,70,,972710,13,,,1,28,,985052,13,,,1,69,,1132064,13,,,1,30,,1132062,13,,,1,70,,1084514,13,,,1,27,,1132052,13,,,1,70,,1132054,13,,,1,30,,1132060,13,,,1,69,,1132063,13,,,1,30,,1132066,13,,,1,69,,1132059,13,,,1,57,,1132053,13,,,1
3600,'12',505,,1064008,13,,,1,100,,1132102,13,,,1,31,,1132089,13,,,1,72,,1132098,13,,,1,29,,1132093,13,,,1,71,,1132087,13,,,1,28,,1132075,13,,,1,67,,1132076,13,,,1,30,,1132080,13,,,1,70,,1132097,13,,,1,30,,1132095,13,,,1,70,,1132085,13,,,1,30,,1132103,13,,,1,70,,1132090,13,,,1,30,,1132082,13,,,1,70,,1132096,13,,,1,30,,1132101,13,,,1,70,,1132073,13,,,1,34,,1096723,13,,,1,70,,1132099,13,,,1,30,,1132078,13,,,1,72,,1132100,13,,,1,30,,1132084,13,,,1,70,,1132092,13,,,1,28,,1089743,13,,,1,69,,1132077,13,,,1,30,,1132081,13,,,1,70,,1132086,13,,,1,27,,1032360,13,,,1,70,,1132091,13,,,1,30,,1132088,13,,,1,69,,1132074,13,,,1,30,,1132079,13,,,1,69,,1132094,13,,,1,57,,1132083,13,,,1
3600,'13',739,,1132106,13,,,1,102,,1132115,13,,,1,100,,1132113,13,,,1,70,,1087892,13,,,1,30,,1132121,13,,,1,70,,1132118,13,,,1,30,,1132105,13,,,1,70,,1132120,13,,,1,30,,1132108,13,,,1,70,,1132114,13,,,1,30,,1132122,13,,,1,70,,1132110,13,,,1,30,,1132123,13,,,1,70,,1132119,13,,,1,30,,1132116,13,,,1,70,,1132124,13,,,1,30,,1132125,13,,,1,70,,1098981,13,,,1,30,,1132112,13,,,1,70,,1132126,13,,,1,30,,1132117,13,,,1,70,,1132111,13,,,1,100,,1132109,13,,,1,100,,1132104,13,,,1,98,,1132107,13,,,1,100,,1132127,13,,,1
3600,'14',505,,1132141,13,,,1,100,,1132134,13,,,1,31,,1132135,13,,,1,72,,1132144,13,,,1,29,,1132161,13,,,1,71,,1132162,13,,,1,28,,1132132,13,,,1,67,,1132154,13,,,1,30,,1132143,13,,,1,70,,1132130,13,,,1,30,,1132128,13,,,1,70,,1132155,13,,,1,30,,1132133,13,,,1,70,,1132131,13,,,1,30,,1132147,13,,,1,70,,1132159,13,,,1,30,,1132148,13,,,1,70,,1132142,13,,,1,34,,1132156,13,,,1,70,,1132152,13,,,1,30,,1132158,13,,,1,72,,1132137,13,,,1,30,,1132129,13,,,1,70,,1132157,13,,,1,28,,1132136,13,,,1,69,,1132151,13,,,1,30,,1132149,13,,,1,70,,1132160,13,,,1,27,,1132138,13,,,1,70,,1132140,13,,,1,30,,1132146,13,,,1,69,,1132150,13,,,1,30,,1132153,13,,,1,69,,1132145,13,,,1,57,,1132139,13,,,1
3600,'15',505,,1132185,13,,,1,100,,1132167,13,,,1,31,,1132194,13,,,1,72,,1132191,13,,,1,29,,1132190,13,,,1,71,,1132174,13,,,1,28,,1132169,13,,,1,67,,1132188,13,,,1,30,,1132193,13,,,1,70,,1132182,13,,,1,30,,1132172,13,,,1,70,,1132163,13,,,1,30,,1132179,13,,,1,70,,1132189,13,,,1,30,,1132184,13,,,1,70,,1132175,13,,,1,30,,1132176,13,,,1,70,,1132180,13,,,1,34,,1132166,13,,,1,70,,1132196,13,,,1,30,,1132181,13,,,1,72,,1132165,13,,,1,30,,1132177,13,,,1,70,,1132186,13,,,1,28,,1132195,13,,,1,69,,1132164,13,,,1,30,,1132178,13,,,1,70,,1132168,13,,,1,27,,1132192,13,,,1,70,,1132171,13,,,1,30,,1132187,13,,,1,69,,1132173,13,,,1,30,,1132197,13,,,1,69,,1132170,13,,,1,57,,1132183,13,,,1
3600,'16',505,,1132208,13,,,1,100,,1132228,13,,,1,31,,1132215,13,,,1,72,,1132224,13,,,1,29,,1132219,13,,,1,71,,1132213,13,,,1,28,,1132201,13,,,1,67,,1132202,13,,,1,30,,1132206,13,,,1,70,,1132223,13,,,1,30,,1132221,13,,,1,70,,1132211,13,,,1,30,,1132229,13,,,1,70,,1132216,13,,,1,30,,1132209,13,,,1,70,,1132222,13,,,1,30,,1132227,13,,,1,70,,1132198,13,,,1,34,,1132230,13,,,1,70,,1132225,13,,,1,30,,1132204,13,,,1,72,,1132226,13,,,1,30,,1011804,13,,,1,70,,1132218,13,,,1,28,,1132231,13,,,1,69,,1132203,13,,,1,30,,1132207,13,,,1,70,,1132212,13,,,1,27,,1132200,13,,,1,70,,1132217,13,,,1,30,,1132214,13,,,1,69,,1132199,13,,,1,30,,1132205,13,,,1,69,,1132220,13,,,1,57,,1132210,13,,,1
3600,'17',739,,1132235,13,,,1,102,,1132244,13,,,1,100,,1132242,13,,,1,70,,1132232,13,,,1,30,,1132250,13,,,1,70,,1132247,13,,,1,30,,1132234,13,,,1,70,,1132249,13,,,1,30,,1132237,13,,,1,70,,1132243,13,,,1,30,,1132252,13,,,1,70,,1132239,13,,,1,30,,1132253,13,,,1,70,,1132248,13,,,1,30,,1132245,13,,,1,70,,1132254,13,,,1,30,,1132255,13,,,1,70,,1132251,13,,,1,30,,1132241,13,,,1,70,,1132256,13,,,1,30,,1132246,13,,,1,70,,1132240,13,,,1,100,,1132238,13,,,1,100,,1132233,13,,,1,98,,1132236,13,,,1,100,,1132257,13,,,1
3600,'2',734,,1132258,13,,,1,102,,1132275,13,,,1,70,,1132283,13,,,1,30,,1132277,13,,,1,70,,1132262,13,,,1,30,,1132278,13,,,1,70,,1132260,13,,,1,30,,1132281,13,,,1,70,,1132259,13,,,1,30,,1132280,13,,,1,70,,1132276,13,,,1,30,,1132265,13,,,1,70,,1132271,13,,,1,30,,1132261,13,,,1,70,,1132284,13,,,1,30,,1132273,13,,,1,70,,1132264,13,,,1,30,,1132285,13,,,1,70,,1132270,13,,,1,30,,1132266,13,,,1,70,,1132272,13,,,1,30,,1132286,13,,,1,70,,1132279,13,,,1,30,,1132267,13,,,1,70,,1132274,13,,,1,30,,1076458,13,,,1,70,,1132268,13,,,1,30,,1132282,13,,,1,98,,1132269,13,,,1,100,,1132263,13,,,1
3600,'3',739,,1132290,13,,,1,102,,1132299,13,,,1,100,,1132297,13,,,1,70,,1132287,13,,,1,30,,1132305,13,,,1,70,,1132302,13,,,1,30,,1132289,13,,,1,70,,1132304,13,,,1,30,,1132292,13,,,1,70,,1132298,13,,,1,30,,1132307,13,,,1,70,,1132294,13,,,1,30,,1132308,13,,,1,70,,1132303,13,,,1,30,,1132300,13,,,1,70,,1132309,13,,,1,30,,1132310,13,,,1,70,,1132306,13,,,1,30,,1132296,13,,,1,70,,1132311,13,,,1,30,,1132301,13,,,1,70,,1132295,13,,,1,100,,1132293,13,,,1,100,,1132288,13,,,1,98,,1132291,13,,,1,100,,1132312,13,,,1
3600,'4',739,,1132315,13,,,1,102,,1132335,13,,,1,100,,1132334,13,,,1,70,,1132330,13,,,1,30,,1132325,13,,,1,70,,1132318,13,,,1,30,,1132313,13,,,1,70,,1132332,13,,,1,30,,1132317,13,,,1,70,,1132324,13,,,1,30,,1132329,13,,,1,70,,1074867,13,,,1,30,,1010081,13,,,1,70,,1132316,13,,,1,30,,1132314,13,,,1,70,,1132333,13,,,1,30,,1132321,13,,,1,70,,1132322,13,,,1,30,,1132327,13,,,1,70,,1132326,13,,,1,30,,1036760,13,,,1,70,,1132323,13,,,1,100,,1132328,13,,,1,100,,1132319,13,,,1,98,,1132331,13,,,1,100,,1132320,13,,,1
3600,'5',505,,1132345,13,,,1,100,,1132339,13,,,1,31,,1132340,13,,,1,72,,1132348,13,,,1,29,,1132362,13,,,1,71,,1089189,13,,,1,28,,1132338,13,,,1,67,,1132357,13,,,1,30,,1132347,13,,,1,70,,1065116,13,,,1,30,,1039921,13,,,1,70,,1132358,13,,,1,30,,990983,13,,,1,70,,1132337,13,,,1,30,,1086833,13,,,1,70,,1132361,13,,,1,30,,1132351,13,,,1,70,,1132346,13,,,1,34,,1132359,13,,,1,70,,1132355,13,,,1,30,,1132360,13,,,1,72,,1132341,13,,,1,30,,1132336,13,,,1,70,,973000,13,,,1,28,,985278,13,,,1,69,,1132354,13,,,1,30,,1132352,13,,,1,70,,1084425,13,,,1,27,,1132342,13,,,1,70,,1132344,13,,,1,30,,1132350,13,,,1,69,,1132353,13,,,1,30,,1132356,13,,,1,69,,1132349,13,,,1,57,,1132343,13,,,1
3600,'6',505,,1132367,13,,,1,100,,1132387,13,,,1,31,,1132374,13,,,1,72,,1132383,13,,,1,29,,1132378,13,,,1,71,,1132372,13,,,1,28,,1037501,13,,,1,67,,1071997,13,,,1,30,,1098598,13,,,1,70,,1132382,13,,,1,30,,1132380,13,,,1,70,,1132370,13,,,1,30,,1132388,13,,,1,70,,1132375,13,,,1,30,,986215,13,,,1,70,,1132381,13,,,1,30,,1132386,13,,,1,70,,1054503,13,,,1,34,,1132389,13,,,1,70,,1132384,13,,,1,30,,1091700,13,,,1,72,,1132385,13,,,1,30,,1132369,13,,,1,70,,1132377,13,,,1,28,,1132390,13,,,1,69,,1132364,13,,,1,30,,1132366,13,,,1,70,,1132371,13,,,1,27,,1132363,13,,,1,70,,1132376,13,,,1,30,,1132373,13,,,1,69,,1060278,13,,,1,30,,1132365,13,,,1,69,,1132379,13,,,1,57,,1132368,13,,,1
3600,'7',734,,1132419,13,,,1,102,,1132417,13,,,1,70,,1132393,13,,,1,30,,1132397,13,,,1,70,,1132392,13,,,1,30,,1132403,13,,,1,70,,1132402,13,,,1,30,,1132412,13,,,1,70,,1132410,13,,,1,30,,1132416,13,,,1,70,,1132396,13,,,1,30,,1132407,13,,,1,70,,1132395,13,,,1,30,,1132391,13,,,1,70,,1132405,13,,,1,30,,1132398,13,,,1,70,,1132401,13,,,1,30,,1132406,13,,,1,70,,1132399,13,,,1,30,,1132418,13,,,1,70,,1132413,13,,,1,30,,1132409,13,,,1,70,,1132408,13,,,1,30,,1132415,13,,,1,70,,1132420,13,,,1,30,,1132400,13,,,1,70,,1132394,13,,,1,30,,1132404,13,,,1,98,,1132414,13,,,1,100,,1132411,13,,,1
3600,'8',505,,1132431,13,,,1,100,,1132452,13,,,1,31,,1132439,13,,,1,72,,1132448,13,,,1,29,,1132443,13,,,1,71,,1132437,13,,,1,28,,1132424,13,,,1,67,,1132425,13,,,1,30,,1132429,13,,,1,70,,1132447,13,,,1,30,,1132445,13,,,1,70,,1132435,13,,,1,30,,1132453,13,,,1,70,,1132440,13,,,1,30,,1132432,13,,,1,70,,1132446,13,,,1,30,,1132451,13,,,1,70,,1132421,13,,,1,34,,1132454,13,,,1,70,,1132449,13,,,1,30,,1132427,13,,,1,72,,1132450,13,,,1,30,,1132434,13,,,1,70,,1132442,13,,,1,28,,1132455,13,,,1,69,,1132426,13,,,1,30,,1132430,13,,,1,70,,1132436,13,,,1,27,,1132423,13,,,1,70,,1132441,13,,,1,30,,1132438,13,,,1,69,,1132422,13,,,1,30,,1132428,13,,,1,69,,1132444,13,,,1,57,,1132433,13,,,1
3600,'9',505,,1132465,13,,,1,100,,1132459,13,,,1,31,,1132460,13,,,1,72,,1132468,13,,,1,29,,1132482,13,,,1,71,,1089095,13,,,1,28,,1132458,13,,,1,67,,1132477,13,,,1,30,,1132467,13,,,1,70,,1065037,13,,,1,30,,1039943,13,,,1,70,,1132478,13,,,1,30,,990980,13,,,1,70,,1132457,13,,,1,30,,1086813,13,,,1,70,,1132481,13,,,1,30,,1132471,13,,,1,70,,1132466,13,,,1,34,,1132479,13,,,1,70,,1132475,13,,,1,30,,1132480,13,,,1,72,,1132461,13,,,1,30,,1132456,13,,,1,70,,972932,13,,,1,28,,985222,13,,,1,69,,1132474,13,,,1,30,,1132472,13,,,1,70,,1084335,13,,,1,27,,1132462,13,,,1,70,,1132464,13,,,1,30,,1132470,13,,,1,69,,1132473,13,,,1,30,,1132476,13,,,1,69,,1132469,13,,,1,57,,1132463,13,,,1
