22200,'1',617,,1196386,19,,,1,33,,1196387,19,,,1,68,,1196385,19,,,1
22200,'10',617,,1196389,19,,,1,33,,1196390,19,,,1,68,,1196388,19,,,1
22200,'11',617,,1196392,19,,,1,33,,1196393,19,,,1,68,,1196391,19,,,1
22200,'12',617,,1196394,19,,,1,33,,1196396,19,,,1,68,,1196395,19,,,1
22200,'14',617,,1196398,19,,,1,33,,1196399,19,,,1,68,,1196397,19,,,1
22200,'15',617,,1196401,19,,,1,33,,1196402,19,,,1,68,,1196400,19,,,1
22200,'16',617,,1196403,19,,,1,33,,1196405,19,,,1,68,,1196404,19,,,1
22200,'5',617,,1196407,19,,,1,33,,1196408,19,,,1,68,,1196406,19,,,1
22200,'6',617,,1088294,19,,,1,33,,1196410,19,,,1,68,,1196409,19,,,1
22200,'8',617,,1196411,19,,,1,33,,1196413,19,,,1,68,,1196412,19,,,1
22200,'9',617,,1196415,19,,,1,33,,1196416,19,,,1,68,,1196414,19,,,1
