2501,'1',544,,1125726,5,,,1,69,,1125728,22,,,1,33,,1070955,22,,,1,68,,1125701,22,,,1,29,,1028413,22,,,1,70,,1125692,22,,,1,31,,1125703,22,,,1,70,,1067408,22,,,1,14,,1125700,22,,,1,14,,1125693,22,,,1,14,,1125709,22,,,1,54,,1125713,22,,,1,15,,1125730,22,,,1,15,,1125691,22,,,1,15,,1125694,22,,,1,55,,1125681,22,,,1,15,,1125684,22,,,1,15,,1125689,22,,,1,16,,1071933,22,,,1,55,,1125714,22,,,1,15,,1125708,22,,,1,15,,1125718,22,,,1,15,,1125697,22,,,1,55,,1125707,22,,,1,15,,1125725,22,,,1,15,,1094139,22,,,1,15,,1125695,22,,,1,55,,1125729,22,,,1,15,,1125683,22,,,1,16,,1125688,22,,,1,16,,1125704,22,,,1,72,,1100970,22,,,1,15,,1125706,22,,,1,55,,1125722,22,,,1,17,,1125686,22,,,1,15,,1125702,22,,,1,15,,1096131,22,,,1,54,,1125705,22,,,1,15,,1125731,22,,,1,13,,1125682,22,,,1,14,,1125720,22,,,1,14,,1125723,22,,,1,55,,1125715,22,,,1,15,,1125687,22,,,1,14,,1125710,22,,,1,15,,1125698,22,,,1,69,,1125717,22,,,1,29,,1125690,22,,,1,67,,1125712,22,,,1,30,,1125699,22,,,1,70,,1125716,22,,,1,30,,1125711,22,,,1,69,,1125696,22,,,1,27,,1125727,22,,,1,69,,1125685,22,,,1,29,,1125721,22,,,1,80,,1125732,5,,,1,30,,1125724,5,,,1
2501,'10',544,,1125778,5,,,1,69,,1125780,22,,,1,33,,1070741,22,,,1,68,,1125753,22,,,1,29,,1028553,22,,,1,70,,1125744,22,,,1,31,,1125755,22,,,1,70,,1067116,22,,,1,14,,1125752,22,,,1,14,,1125745,22,,,1,14,,1125761,22,,,1,54,,1125765,22,,,1,15,,1125782,22,,,1,15,,1125743,22,,,1,15,,1125746,22,,,1,55,,1125733,22,,,1,15,,1125736,22,,,1,15,,1125741,22,,,1,16,,1071787,22,,,1,55,,1125766,22,,,1,15,,1125760,22,,,1,15,,1125770,22,,,1,15,,1125749,22,,,1,55,,1125759,22,,,1,15,,1125777,22,,,1,15,,1093919,22,,,1,15,,1125747,22,,,1,55,,1125781,22,,,1,15,,1125735,22,,,1,16,,1125740,22,,,1,16,,1125756,22,,,1,72,,1100809,22,,,1,15,,1125758,22,,,1,55,,1125774,22,,,1,17,,1125738,22,,,1,15,,1125754,22,,,1,15,,1095988,22,,,1,54,,1125757,22,,,1,15,,1125783,22,,,1,13,,1125734,22,,,1,14,,1125772,22,,,1,14,,1125775,22,,,1,55,,1125767,22,,,1,15,,1125739,22,,,1,14,,1125762,22,,,1,15,,1125750,22,,,1,69,,1125769,22,,,1,29,,1125742,22,,,1,67,,1125764,22,,,1,30,,1125751,22,,,1,70,,1125768,22,,,1,30,,1125763,22,,,1,69,,1125748,22,,,1,27,,1125779,22,,,1,69,,1125737,22,,,1,29,,1125773,22,,,1,80,,1125784,5,,,1,30,,1125776,5,,,1
2501,'11',544,,1125830,5,,,1,69,,1125832,22,,,1,33,,1071020,22,,,1,68,,1125805,22,,,1,29,,1028373,22,,,1,70,,1125796,22,,,1,31,,1125807,22,,,1,70,,1067490,22,,,1,14,,1125804,22,,,1,14,,1125797,22,,,1,14,,1125813,22,,,1,54,,1125817,22,,,1,15,,1125834,22,,,1,15,,1125795,22,,,1,15,,1125798,22,,,1,55,,1125785,22,,,1,15,,1125788,22,,,1,15,,1125793,22,,,1,16,,1071979,22,,,1,55,,1125818,22,,,1,15,,1125812,22,,,1,15,,1125822,22,,,1,15,,1125801,22,,,1,55,,1125811,22,,,1,15,,1125829,22,,,1,15,,1094202,22,,,1,15,,1125799,22,,,1,55,,1125833,22,,,1,15,,1125787,22,,,1,16,,1125792,22,,,1,16,,1125808,22,,,1,72,,1101007,22,,,1,15,,1125810,22,,,1,55,,1125826,22,,,1,17,,1125790,22,,,1,15,,1125806,22,,,1,15,,1096174,22,,,1,54,,1125809,22,,,1,15,,1125835,22,,,1,13,,1125786,22,,,1,14,,1125824,22,,,1,14,,1125827,22,,,1,55,,1125819,22,,,1,15,,1125791,22,,,1,14,,1125814,22,,,1,15,,1125802,22,,,1,69,,1125821,22,,,1,29,,1125794,22,,,1,67,,1125816,22,,,1,30,,1125803,22,,,1,70,,1125820,22,,,1,30,,1125815,22,,,1,69,,1125800,22,,,1,27,,1125831,22,,,1,69,,1125789,22,,,1,29,,1125825,22,,,1,80,,1125836,5,,,1,30,,1125828,5,,,1
2501,'12',544,,1125859,5,,,1,69,,936928,22,,,1,33,,1125867,22,,,1,68,,1066887,22,,,1,29,,1125845,22,,,1,70,,1125840,22,,,1,31,,1125851,22,,,1,70,,1125839,22,,,1,14,,1125874,22,,,1,14,,1098671,22,,,1,14,,1125862,22,,,1,54,,1101584,22,,,1,15,,1125838,22,,,1,15,,1125871,22,,,1,15,,1125863,22,,,1,55,,1125842,22,,,1,15,,1125879,22,,,1,15,,1125846,22,,,1,16,,1125872,22,,,1,55,,1125841,22,,,1,15,,1125865,22,,,1,15,,1125869,22,,,1,15,,1125853,22,,,1,55,,1125854,22,,,1,15,,1125878,22,,,1,15,,966936,22,,,1,15,,1125868,22,,,1,55,,1125870,22,,,1,15,,1125850,22,,,1,16,,1125864,22,,,1,16,,1125855,22,,,1,72,,1125856,22,,,1,15,,1125876,22,,,1,55,,1125844,22,,,1,17,,1125880,22,,,1,15,,1125860,22,,,1,15,,1125858,22,,,1,54,,1125873,22,,,1,15,,1125857,22,,,1,13,,1091846,22,,,1,14,,990402,22,,,1,14,,1125849,22,,,1,55,,1125843,22,,,1,15,,1125861,22,,,1,14,,1125881,22,,,1,15,,1125875,22,,,1,69,,1125866,22,,,1,29,,1125877,22,,,1,67,,1090444,22,,,1,30,,1047536,22,,,1,70,,1125837,22,,,1,30,,1064010,22,,,1,69,,1125882,22,,,1,27,,1097107,22,,,1,69,,1125852,22,,,1,29,,1125848,22,,,1,80,,1125847,5,,,1,30,,1074902,5,,,1
2501,'13',741,,1125894,5,,,1,70,,1125906,5,,,1,30,,1125900,5,,,1,70,,1125907,17,,,1,30,,1125884,17,,,1,71,,1125883,17,,,1,30,,1125898,17,,,1,70,,1125902,17,,,1,30,,1125890,17,,,1,70,,1125893,17,,,1,30,,1125885,17,,,1,70,,1125892,17,,,1,30,,1125887,17,,,1,70,,1125895,17,,,1,30,,1090725,17,,,1,70,,1125910,17,,,1,30,,1125905,17,,,1,70,,1125896,17,,,1,30,,1125897,17,,,1,70,,1071173,17,,,1,30,,1077432,17,,,1,70,,1125912,17,,,1,30,,1125886,17,,,1,70,,1125908,17,,,1,30,,1064605,5,,,1,70,,1125911,17,,,1,30,,1125909,5,,,1,70,,1125901,17,,,1,30,,1125899,5,,,1,70,,1125904,17,,,1,30,,1125891,5,,,1,70,,1125903,5,,,1,30,,1125889,5,,,1,70,,1125888,5,,,1
2501,'14',544,,1125964,5,,,1,69,,1125966,22,,,1,33,,1125967,22,,,1,68,,1125937,22,,,1,29,,1125917,22,,,1,70,,1125927,22,,,1,31,,1125939,22,,,1,70,,1125958,22,,,1,14,,1125936,22,,,1,14,,1125928,22,,,1,14,,1125945,22,,,1,54,,1125949,22,,,1,15,,1125969,22,,,1,15,,1125926,22,,,1,15,,1125930,22,,,1,55,,1125913,22,,,1,15,,1125916,22,,,1,15,,1125923,22,,,1,16,,1125929,22,,,1,55,,1125950,22,,,1,15,,1125944,22,,,1,15,,1125954,22,,,1,15,,1125933,22,,,1,55,,1125943,22,,,1,15,,1125963,22,,,1,15,,1125924,22,,,1,15,,1125931,22,,,1,55,,1125968,22,,,1,15,,1125915,22,,,1,16,,1125922,22,,,1,16,,1125940,22,,,1,72,,1125919,22,,,1,15,,1125942,22,,,1,55,,1125960,22,,,1,17,,1125920,22,,,1,15,,1125938,22,,,1,15,,1125957,22,,,1,54,,1125941,22,,,1,15,,1125970,22,,,1,13,,1125914,22,,,1,14,,1125956,22,,,1,14,,1125961,22,,,1,55,,1125951,22,,,1,15,,1125921,22,,,1,14,,1125946,22,,,1,15,,1125934,22,,,1,69,,1125953,22,,,1,29,,1125925,22,,,1,67,,1125948,22,,,1,30,,1125935,22,,,1,70,,1125952,22,,,1,30,,1125947,22,,,1,69,,1125932,22,,,1,27,,1125965,22,,,1,69,,1125918,22,,,1,29,,1125959,22,,,1,80,,1125971,5,,,1,30,,1125962,5,,,1
2501,'15',544,,1126022,5,,,1,69,,1125977,22,,,1,33,,1126024,22,,,1,68,,1126019,22,,,1,29,,1125987,22,,,1,70,,1126018,22,,,1,31,,1125979,22,,,1,70,,1126023,22,,,1,14,,1125993,22,,,1,14,,1126021,22,,,1,14,,1125998,22,,,1,54,,1125976,22,,,1,15,,1126029,22,,,1,15,,1126016,22,,,1,15,,1125984,22,,,1,55,,1126010,22,,,1,15,,1125974,22,,,1,15,,1125982,22,,,1,16,,1126001,22,,,1,55,,1126009,22,,,1,15,,1126028,22,,,1,15,,1125983,22,,,1,15,,1125992,22,,,1,55,,1126002,22,,,1,15,,1125978,22,,,1,15,,1126020,22,,,1,15,,1126007,22,,,1,55,,1126026,22,,,1,15,,1125986,22,,,1,16,,1126000,22,,,1,16,,1126013,22,,,1,72,,1126014,22,,,1,15,,1125995,22,,,1,55,,1126005,22,,,1,17,,1125988,22,,,1,15,,1126017,22,,,1,15,,1125973,22,,,1,54,,1126003,22,,,1,15,,1125997,22,,,1,13,,1125999,22,,,1,14,,1126030,22,,,1,14,,1126006,22,,,1,55,,1126004,22,,,1,15,,1125981,22,,,1,14,,1125994,22,,,1,15,,1125980,22,,,1,69,,1125985,22,,,1,29,,1125996,22,,,1,67,,1125991,22,,,1,30,,1126012,22,,,1,70,,1126015,22,,,1,30,,1126027,22,,,1,69,,1125975,22,,,1,27,,1126025,22,,,1,69,,1125972,22,,,1,29,,1126008,22,,,1,80,,1126011,5,,,1,30,,1125989,5,,,1
2501,'16',544,,1126057,5,,,1,69,,1126033,22,,,1,33,,1126066,22,,,1,68,,1126069,22,,,1,29,,1101206,22,,,1,70,,1126035,22,,,1,31,,1126050,22,,,1,70,,1073041,22,,,1,14,,1126074,22,,,1,14,,1126037,22,,,1,14,,1070974,22,,,1,54,,1126077,22,,,1,15,,1126032,22,,,1,15,,1126071,22,,,1,15,,1126061,22,,,1,55,,1126038,22,,,1,15,,1126080,22,,,1,15,,1126046,22,,,1,16,,1126072,22,,,1,55,,1126036,22,,,1,15,,1126064,22,,,1,15,,1126068,22,,,1,15,,1126052,22,,,1,55,,1126053,22,,,1,15,,1072650,22,,,1,15,,1126034,22,,,1,15,,1126067,22,,,1,55,,1126070,22,,,1,15,,1064149,22,,,1,16,,1126063,22,,,1,16,,1126054,22,,,1,72,,1126055,22,,,1,15,,1126076,22,,,1,55,,1126042,22,,,1,17,,1101632,22,,,1,15,,1126058,22,,,1,15,,1126056,22,,,1,54,,1126073,22,,,1,15,,947163,22,,,1,13,,1126044,22,,,1,14,,1126040,22,,,1,14,,1126049,22,,,1,55,,1126039,22,,,1,15,,1126060,22,,,1,14,,1094185,22,,,1,15,,1126075,22,,,1,69,,1126065,22,,,1,29,,1126079,22,,,1,67,,1126078,22,,,1,30,,1126059,22,,,1,70,,1126031,22,,,1,30,,1126043,22,,,1,69,,1090922,22,,,1,27,,1126062,22,,,1,69,,1126051,22,,,1,29,,1126048,22,,,1,80,,1126047,5,,,1,30,,1126045,5,,,1
2501,'17',741,,1126096,5,,,1,70,,1126108,5,,,1,30,,1126102,5,,,1,70,,1126109,17,,,1,30,,1126083,17,,,1,71,,1126081,17,,,1,30,,1126100,17,,,1,70,,1126104,17,,,1,30,,1126091,17,,,1,70,,1126095,17,,,1,30,,1126084,17,,,1,70,,1126093,17,,,1,30,,1126088,17,,,1,70,,1126097,17,,,1,30,,1126082,17,,,1,70,,1126112,17,,,1,30,,1126107,17,,,1,70,,1126098,17,,,1,30,,1126099,17,,,1,70,,1126087,17,,,1,30,,1126094,17,,,1,70,,1126114,17,,,1,30,,1126086,17,,,1,70,,1126110,17,,,1,30,,1126085,5,,,1,70,,1126113,17,,,1,30,,1126111,5,,,1,70,,1126103,17,,,1,30,,1126101,5,,,1,70,,1126106,17,,,1,30,,1126092,5,,,1,70,,1126105,5,,,1,30,,1126090,5,,,1,70,,1126089,5,,,1
2501,'2',720,,1126136,5,,,1,32,,1126123,17,,,1,70,,1126140,5,,,1,30,,1126138,17,,,1,70,,1126134,17,,,1,30,,1066732,17,,,1,71,,1126135,17,,,1,30,,1040168,17,,,1,70,,1126126,17,,,1,30,,1067163,17,,,1,70,,1126143,17,,,1,30,,1126116,17,,,1,70,,1081506,17,,,1,30,,1126129,17,,,1,70,,1126124,17,,,1,30,,1126121,17,,,1,70,,1092619,17,,,1,30,,1126118,17,,,1,70,,1126117,17,,,1,30,,1126133,17,,,1,70,,1126128,17,,,1,30,,1126132,17,,,1,70,,1126141,17,,,1,30,,1126137,17,,,1,70,,1126131,17,,,1,29,,1096011,5,,,1,70,,1126139,17,,,1,30,,1126115,5,,,1,70,,1126130,17,,,1,30,,1126119,5,,,1,70,,1092617,17,,,1,30,,1126122,5,,,1,70,,1126127,17,,,1,30,,1126120,5,,,1,70,,1126142,5,,,1,30,,1126125,5,,,1,70,,1085795,5,,,1
2501,'3',741,,1126159,5,,,1,70,,1126171,5,,,1,30,,1126165,5,,,1,70,,1126172,17,,,1,30,,1126146,17,,,1,71,,1126144,17,,,1,30,,1126163,17,,,1,70,,1126167,17,,,1,30,,1126154,17,,,1,70,,1126158,17,,,1,30,,1126147,17,,,1,70,,1126156,17,,,1,30,,1126151,17,,,1,70,,1126160,17,,,1,30,,1126145,17,,,1,70,,1126175,17,,,1,30,,1126170,17,,,1,70,,1126161,17,,,1,30,,1126162,17,,,1,70,,1126150,17,,,1,30,,1126157,17,,,1,70,,1126177,17,,,1,30,,1126149,17,,,1,70,,1126173,17,,,1,30,,1126148,5,,,1,70,,1126176,17,,,1,30,,1126174,5,,,1,70,,1126166,17,,,1,30,,1126164,5,,,1,70,,1126169,17,,,1,30,,1126155,5,,,1,70,,1126168,5,,,1,30,,1126153,5,,,1,70,,1126152,5,,,1
2501,'4',741,,1126192,5,,,1,70,,1126184,5,,,1,30,,1126193,5,,,1,70,,1126179,17,,,1,30,,1126204,17,,,1,71,,1126191,17,,,1,30,,1090783,17,,,1,70,,1126196,17,,,1,30,,1126182,17,,,1,70,,1126200,17,,,1,30,,1126186,17,,,1,70,,1126180,17,,,1,30,,1126197,17,,,1,70,,1126198,17,,,1,30,,1126194,17,,,1,70,,1126181,17,,,1,30,,1001815,17,,,1,70,,1126183,17,,,1,30,,1126199,17,,,1,70,,1030639,17,,,1,30,,1092746,17,,,1,70,,1126203,17,,,1,30,,1126202,17,,,1,70,,1126187,17,,,1,30,,1126195,5,,,1,70,,1126178,17,,,1,30,,1126190,5,,,1,70,,994494,17,,,1,30,,1063481,5,,,1,70,,1126205,17,,,1,30,,1126188,5,,,1,70,,1126201,5,,,1,30,,1126185,5,,,1,70,,1126189,5,,,1
2501,'5',544,,1126251,5,,,1,69,,1126253,22,,,1,33,,1070916,22,,,1,68,,1126226,22,,,1,29,,1028173,22,,,1,70,,1126217,22,,,1,31,,1126228,22,,,1,70,,1059493,22,,,1,14,,1126225,22,,,1,14,,1126218,22,,,1,14,,1126234,22,,,1,54,,1126238,22,,,1,15,,1126255,22,,,1,15,,1126216,22,,,1,15,,1126219,22,,,1,55,,1126206,22,,,1,15,,1126209,22,,,1,15,,1126214,22,,,1,16,,1071909,22,,,1,55,,1126239,22,,,1,15,,1126233,22,,,1,15,,1126243,22,,,1,15,,1126222,22,,,1,55,,1126232,22,,,1,15,,1126250,22,,,1,15,,1094100,22,,,1,15,,1126220,22,,,1,55,,1126254,22,,,1,15,,1126208,22,,,1,16,,1126213,22,,,1,16,,1126229,22,,,1,72,,1100948,22,,,1,15,,1126231,22,,,1,55,,1126247,22,,,1,17,,1126211,22,,,1,15,,1126227,22,,,1,15,,1096111,22,,,1,54,,1126230,22,,,1,15,,1126256,22,,,1,13,,1126207,22,,,1,14,,1126245,22,,,1,14,,1126248,22,,,1,55,,1126240,22,,,1,15,,1126212,22,,,1,14,,1126235,22,,,1,15,,1126223,22,,,1,69,,1126242,22,,,1,29,,1126215,22,,,1,67,,1126237,22,,,1,30,,1126224,22,,,1,70,,1126241,22,,,1,30,,1126236,22,,,1,69,,1126221,22,,,1,27,,1126252,22,,,1,69,,1126210,22,,,1,29,,1126246,22,,,1,80,,1126257,5,,,1,30,,1126249,5,,,1
2501,'6',544,,1126282,5,,,1,69,,1126260,22,,,1,33,,1126291,22,,,1,68,,1126294,22,,,1,29,,1126270,22,,,1,70,,1053252,22,,,1,31,,1126276,22,,,1,70,,1126259,22,,,1,14,,1069662,22,,,1,14,,1126263,22,,,1,14,,1126286,22,,,1,54,,1126301,22,,,1,15,,1056497,22,,,1,15,,1126296,22,,,1,15,,1126287,22,,,1,55,,961429,22,,,1,15,,1126304,22,,,1,15,,1083323,22,,,1,16,,1126297,22,,,1,55,,1126262,22,,,1,15,,1126289,22,,,1,15,,1126293,22,,,1,15,,1126277,22,,,1,55,,1126278,22,,,1,15,,1126303,22,,,1,15,,1126261,22,,,1,15,,1126292,22,,,1,55,,1126295,22,,,1,15,,1126275,22,,,1,16,,1011547,22,,,1,16,,1126279,22,,,1,72,,1126280,22,,,1,15,,1126300,22,,,1,55,,1126267,22,,,1,17,,1126305,22,,,1,15,,1126283,22,,,1,15,,1072897,22,,,1,54,,1126298,22,,,1,15,,1126281,22,,,1,13,,1126269,22,,,1,14,,1126265,22,,,1,14,,1126274,22,,,1,55,,1126264,22,,,1,15,,1126285,22,,,1,14,,1126306,22,,,1,15,,1126299,22,,,1,69,,1126290,22,,,1,29,,1071054,22,,,1,67,,1126302,22,,,1,30,,1126284,22,,,1,70,,1126258,22,,,1,30,,1126268,22,,,1,69,,1126307,22,,,1,27,,1126288,22,,,1,69,,1057314,22,,,1,29,,1126273,22,,,1,80,,1126272,5,,,1,30,,1126271,5,,,1
2501,'7',720,,1126330,5,,,1,32,,1126325,17,,,1,70,,1126324,5,,,1,30,,1126342,17,,,1,70,,1126323,17,,,1,30,,1126311,17,,,1,71,,1126316,17,,,1,30,,1126344,17,,,1,70,,1126332,17,,,1,30,,1126331,17,,,1,70,,1126319,17,,,1,30,,1126320,17,,,1,70,,1126326,17,,,1,30,,1126312,17,,,1,70,,1126335,17,,,1,30,,1126334,17,,,1,70,,1126318,17,,,1,30,,1126315,17,,,1,70,,1126308,17,,,1,30,,1126328,17,,,1,70,,1126322,17,,,1,30,,1126309,17,,,1,70,,1126321,17,,,1,30,,1126337,17,,,1,70,,1126339,17,,,1,29,,1126314,5,,,1,70,,1126313,17,,,1,30,,1126338,5,,,1,70,,1126340,17,,,1,30,,1126329,5,,,1,70,,1126317,17,,,1,30,,1126327,5,,,1,70,,1126336,17,,,1,30,,1126310,5,,,1,70,,1126341,5,,,1,30,,1126333,5,,,1,70,,1126343,5,,,1
2501,'8',544,,1126375,5,,,1,69,,1126348,22,,,1,33,,1126385,22,,,1,68,,1126388,22,,,1,29,,1126360,22,,,1,70,,1126350,22,,,1,31,,1126367,22,,,1,70,,1126347,22,,,1,14,,1126393,22,,,1,14,,1126352,22,,,1,14,,1126379,22,,,1,54,,1126396,22,,,1,15,,1126346,22,,,1,15,,1126390,22,,,1,15,,1126380,22,,,1,55,,1126353,22,,,1,15,,1126400,22,,,1,15,,1126362,22,,,1,16,,1126391,22,,,1,55,,1126351,22,,,1,15,,1126383,22,,,1,15,,1126387,22,,,1,15,,1126369,22,,,1,55,,1126370,22,,,1,15,,1126399,22,,,1,15,,1126349,22,,,1,15,,1126386,22,,,1,55,,1126389,22,,,1,15,,1126366,22,,,1,16,,1126382,22,,,1,16,,1126371,22,,,1,72,,1126372,22,,,1,15,,1126395,22,,,1,55,,1126357,22,,,1,17,,1126401,22,,,1,15,,1126376,22,,,1,15,,1126374,22,,,1,54,,1126392,22,,,1,15,,1126373,22,,,1,13,,1126359,22,,,1,14,,1126355,22,,,1,14,,1126365,22,,,1,55,,1126354,22,,,1,15,,1126378,22,,,1,14,,1126402,22,,,1,15,,1126394,22,,,1,69,,1126384,22,,,1,29,,1126398,22,,,1,67,,1126397,22,,,1,30,,1126377,22,,,1,70,,1126345,22,,,1,30,,1126358,22,,,1,69,,1126403,22,,,1,27,,1126381,22,,,1,69,,1126368,22,,,1,29,,1126364,22,,,1,80,,1126363,5,,,1,30,,1126361,5,,,1
2501,'9',544,,1126449,5,,,1,69,,1126451,22,,,1,33,,1070808,22,,,1,68,,1126424,22,,,1,29,,1028453,22,,,1,70,,1126415,22,,,1,31,,1126426,22,,,1,70,,1067208,22,,,1,14,,1126423,22,,,1,14,,1126416,22,,,1,14,,1126432,22,,,1,54,,1126436,22,,,1,15,,1126453,22,,,1,15,,1126414,22,,,1,15,,1126417,22,,,1,55,,1126404,22,,,1,15,,1126407,22,,,1,15,,1126412,22,,,1,16,,1071837,22,,,1,55,,1126437,22,,,1,15,,1126431,22,,,1,15,,1126441,22,,,1,15,,1126420,22,,,1,55,,1126430,22,,,1,15,,1126448,22,,,1,15,,1093989,22,,,1,15,,1126418,22,,,1,55,,1126452,22,,,1,15,,1126406,22,,,1,16,,1126411,22,,,1,16,,1126427,22,,,1,72,,1100857,22,,,1,15,,1126429,22,,,1,55,,1126445,22,,,1,17,,1126409,22,,,1,15,,1126425,22,,,1,15,,1096034,22,,,1,54,,1126428,22,,,1,15,,1126454,22,,,1,13,,1126405,22,,,1,14,,1126443,22,,,1,14,,1126446,22,,,1,55,,1126438,22,,,1,15,,1126410,22,,,1,14,,1126433,22,,,1,15,,1126421,22,,,1,69,,1126440,22,,,1,29,,1126413,22,,,1,67,,1126435,22,,,1,30,,1126422,22,,,1,70,,1126439,22,,,1,30,,1126434,22,,,1,69,,1126419,22,,,1,27,,1126450,22,,,1,69,,1126408,22,,,1,29,,1126444,22,,,1,80,,1126455,5,,,1,30,,1126447,5,,,1
2600,'1',558,,1095608,6,,,1,101,,1126466,6,,,1,70,,1126468,6,,,1,71,,1126456,6,,,1,30,,1126469,6,,,1,70,,1126463,6,,,1,52,,1126464,6,,,1,102,,1126461,6,,,1,101,,1126460,6,,,1,102,,993970,6,,,1,252,,1126458,6,,,1,12,,1126470,14,,,1,18,,1126457,6,,,1,70,,1126462,6,,,1,30,,1126465,6,,,1,70,,1126467,6,,,1,29,,1126459,6,,,1,70,,1023417,6,,,1
2600,'10',558,,1095374,6,,,1,101,,1126481,6,,,1,70,,1126483,6,,,1,71,,1126471,6,,,1,30,,1126484,6,,,1,70,,1126478,6,,,1,52,,1126479,6,,,1,102,,1126476,6,,,1,101,,1126475,6,,,1,102,,994152,6,,,1,252,,1126473,6,,,1,12,,1126485,14,,,1,18,,1126472,6,,,1,70,,1126477,6,,,1,30,,1126480,6,,,1,70,,1126482,6,,,1,29,,1126474,6,,,1,70,,1023462,6,,,1
2600,'11',558,,1095681,6,,,1,101,,1126496,6,,,1,70,,1126498,6,,,1,71,,1126486,6,,,1,30,,1126499,6,,,1,70,,1126493,6,,,1,52,,1126494,6,,,1,102,,1126491,6,,,1,101,,1126490,6,,,1,102,,993914,6,,,1,252,,1126488,6,,,1,12,,1126500,14,,,1,18,,1126487,6,,,1,70,,1126492,6,,,1,30,,1126495,6,,,1,70,,1126497,6,,,1,29,,1126489,6,,,1,70,,1023404,6,,,1
2600,'12',558,,1126517,6,,,1,101,,1126501,6,,,1,70,,1126515,6,,,1,71,,1060226,6,,,1,30,,1126510,6,,,1,70,,1126511,6,,,1,52,,1126505,6,,,1,102,,1126503,6,,,1,101,,1126509,6,,,1,102,,1094070,6,,,1,252,,1126502,6,,,1,12,,1126516,14,,,1,18,,1126513,6,,,1,70,,1126504,6,,,1,30,,1126514,6,,,1,70,,1126507,6,,,1,29,,1126512,6,,,1,70,,1126506,6,,,1
2600,'14',558,,1126520,6,,,1,101,,1126532,6,,,1,70,,1126534,6,,,1,71,,1126518,6,,,1,30,,1126535,6,,,1,70,,1126529,6,,,1,52,,1126530,6,,,1,102,,1126527,6,,,1,101,,1126526,6,,,1,102,,1126521,6,,,1,252,,1126524,6,,,1,12,,1126536,14,,,1,18,,1126522,6,,,1,70,,1126528,6,,,1,30,,1126531,6,,,1,70,,1126533,6,,,1,29,,1126525,6,,,1,70,,1126519,6,,,1
2600,'15',558,,1126540,6,,,1,101,,1126537,6,,,1,70,,1126542,6,,,1,71,,1126549,6,,,1,30,,1126546,6,,,1,70,,1126552,6,,,1,52,,1126553,6,,,1,102,,1126541,6,,,1,101,,1126548,6,,,1,102,,1126551,6,,,1,252,,1126550,6,,,1,12,,1126547,14,,,1,18,,1126555,6,,,1,70,,1126554,6,,,1,30,,1126544,6,,,1,70,,1126538,6,,,1,29,,1126539,6,,,1,70,,1126545,6,,,1
2600,'16',558,,1091649,6,,,1,101,,1126556,6,,,1,70,,1126572,6,,,1,71,,1126559,6,,,1,30,,1126567,6,,,1,70,,1126568,6,,,1,52,,1126562,6,,,1,102,,1126560,6,,,1,101,,1126566,6,,,1,102,,1126557,6,,,1,252,,1126558,6,,,1,12,,1126573,14,,,1,18,,1126570,6,,,1,70,,1126561,6,,,1,30,,1126571,6,,,1,70,,1126564,6,,,1,29,,1126569,6,,,1,70,,1126563,6,,,1
2600,'5',558,,1095561,6,,,1,101,,1126584,6,,,1,70,,1126586,6,,,1,71,,1126574,6,,,1,30,,1126587,6,,,1,70,,1126581,6,,,1,52,,1126582,6,,,1,102,,1126579,6,,,1,101,,1126578,6,,,1,102,,993686,6,,,1,252,,1126576,6,,,1,12,,1126588,14,,,1,18,,1126575,6,,,1,70,,1126580,6,,,1,30,,1126583,6,,,1,70,,1126585,6,,,1,29,,1126577,6,,,1,70,,1023342,6,,,1
2600,'6',558,,1126606,6,,,1,101,,1077627,6,,,1,70,,1126604,6,,,1,71,,1126591,6,,,1,30,,1126599,6,,,1,70,,1126600,6,,,1,52,,1126594,6,,,1,102,,1126592,6,,,1,101,,1126598,6,,,1,102,,1126589,6,,,1,252,,1126590,6,,,1,12,,1126605,14,,,1,18,,1126602,6,,,1,70,,1126593,6,,,1,30,,1126603,6,,,1,70,,1126596,6,,,1,29,,1126601,6,,,1,70,,1126595,6,,,1
2600,'8',558,,1126625,6,,,1,101,,1126607,6,,,1,70,,1126623,6,,,1,71,,1126610,6,,,1,30,,1126618,6,,,1,70,,1126619,6,,,1,52,,1126613,6,,,1,102,,1126611,6,,,1,101,,1126617,6,,,1,102,,1126608,6,,,1,252,,1126609,6,,,1,12,,1126624,14,,,1,18,,1126621,6,,,1,70,,1126612,6,,,1,30,,1126622,6,,,1,70,,1126615,6,,,1,29,,1126620,6,,,1,70,,1126614,6,,,1
2600,'9',558,,1095449,6,,,1,101,,1126636,6,,,1,70,,1126638,6,,,1,71,,1126626,6,,,1,30,,1126639,6,,,1,70,,1126633,6,,,1,52,,1126634,6,,,1,102,,1126631,6,,,1,101,,1126630,6,,,1,102,,994026,6,,,1,252,,1126628,6,,,1,12,,1126640,14,,,1,18,,1126627,6,,,1,70,,1126632,6,,,1,30,,1126635,6,,,1,70,,1126637,6,,,1,29,,1126629,6,,,1,70,,1023430,6,,,1
2601,'1',810,,1126642,5,,,1
2601,'10',810,,1126657,5,,,1
2601,'11',810,,1126672,5,,,1
2601,'12',810,,1126688,5,,,1
2601,'14',810,,1126704,5,,,1
2601,'15',810,,1126734,5,,,1
2601,'16',810,,1126740,5,,,1
2601,'5',810,,1126756,5,,,1
2601,'6',810,,1062723,5,,,1
2601,'8',810,,1126785,5,,,1
2601,'9',810,,1126801,5,,,1
4201,'1',548,,1140212,5,,,1,96,,1066147,5,,,1,70,,1140203,5,,,1,28,,1140200,5,,,1,72,,1140205,5,,,1,15,,1140189,5,,,1,15,,1140201,5,,,1,72,,1064429,5,,,1,30,,1140197,5,,,1,70,,1140198,5,,,1,30,,998745,5,,,1,70,,1140196,5,,,1,30,,1140209,5,,,1,71,,1140207,5,,,1,30,,1140202,5,,,1,70,,1140191,5,,,1,30,,1140199,5,,,1,70,,1140211,5,,,1,30,,1084746,5,,,1,70,,1072633,5,,,1,32,,1002721,5,,,1,73,,1140194,5,,,1,32,,1140193,5,,,1,70,,1140208,5,,,1,26,,1140195,5,,,1,66,,1140206,5,,,1,27,,1140213,5,,,1,70,,1091285,5,,,1,30,,1140210,5,,,1,70,,1140190,5,,,1,29,,1140192,5,,,1,72,,1140204,5,,,1,30,,1140214,5,,,1
4201,'10',548,,1140238,5,,,1,96,,1065925,5,,,1,70,,1140229,5,,,1,28,,1140226,5,,,1,72,,1140231,5,,,1,15,,1140215,5,,,1,15,,1140227,5,,,1,72,,1064268,5,,,1,30,,1140223,5,,,1,70,,1140224,5,,,1,30,,998824,5,,,1,70,,1140222,5,,,1,30,,1140235,5,,,1,71,,1140233,5,,,1,30,,1140228,5,,,1,70,,1140217,5,,,1,30,,1140225,5,,,1,70,,1140237,5,,,1,30,,1084575,5,,,1,70,,1072486,5,,,1,32,,1002891,5,,,1,73,,1140220,5,,,1,32,,1140219,5,,,1,70,,1140234,5,,,1,26,,1140221,5,,,1,66,,1140232,5,,,1,27,,1140239,5,,,1,70,,1091008,5,,,1,30,,1140236,5,,,1,70,,1140216,5,,,1,29,,1140218,5,,,1,72,,1140230,5,,,1,30,,1140240,5,,,1
4201,'11',548,,1140264,5,,,1,96,,1066218,5,,,1,70,,1140255,5,,,1,28,,1140252,5,,,1,72,,1140257,5,,,1,15,,1140241,5,,,1,15,,1140253,5,,,1,72,,1064481,5,,,1,30,,1140249,5,,,1,70,,1140250,5,,,1,30,,998723,5,,,1,70,,1140248,5,,,1,30,,1140261,5,,,1,71,,1140259,5,,,1,30,,1140254,5,,,1,70,,1140243,5,,,1,30,,1140251,5,,,1,70,,1140263,5,,,1,30,,1084799,5,,,1,70,,1072674,5,,,1,32,,1002674,5,,,1,73,,1140246,5,,,1,32,,1140245,5,,,1,70,,1140260,5,,,1,26,,1140247,5,,,1,66,,1140258,5,,,1,27,,1140265,5,,,1,70,,1091359,5,,,1,30,,1140262,5,,,1,70,,1140242,5,,,1,29,,1140244,5,,,1,72,,1140256,5,,,1,30,,1140266,5,,,1
4201,'12',548,,1140293,5,,,1,96,,1022643,5,,,1,70,,1140276,5,,,1,28,,1140282,5,,,1,72,,1066886,5,,,1,15,,1140289,5,,,1,15,,1140268,5,,,1,72,,1140287,5,,,1,30,,1140286,5,,,1,70,,1089141,5,,,1,30,,1140283,5,,,1,70,,1030000,5,,,1,30,,1140269,5,,,1,71,,1140270,5,,,1,30,,1140272,5,,,1,70,,1140288,5,,,1,30,,1140280,5,,,1,70,,1140274,5,,,1,30,,1140273,5,,,1,70,,1140275,5,,,1,32,,1140271,5,,,1,73,,1140284,5,,,1,32,,1092772,5,,,1,70,,1140279,5,,,1,26,,1140292,5,,,1,66,,1140278,5,,,1,27,,1140285,5,,,1,70,,1140281,5,,,1,30,,1140267,5,,,1,70,,1140277,5,,,1,29,,1140294,5,,,1,72,,1140290,5,,,1,30,,1140291,5,,,1
4201,'13',733,,1140296,5,,,1,100,,1140306,5,,,1,100,,1140297,5,,,1,70,,1140303,5,,,1,30,,1140307,5,,,1,70,,1140299,5,,,1,30,,1140311,5,,,1,70,,1140305,5,,,1,30,,1140295,5,,,1,70,,1140310,5,,,1,30,,1140300,5,,,1,70,,1140309,5,,,1,30,,1140313,5,,,1,70,,1140301,5,,,1,30,,1140304,5,,,1,70,,1140312,5,,,1,30,,1140298,5,,,1,70,,1140314,5,,,1,30,,1140308,5,,,1,70,,1140302,5,,,1
4201,'14',548,,1140344,5,,,1,96,,1140323,5,,,1,70,,1140335,5,,,1,28,,1140332,5,,,1,72,,1140337,5,,,1,15,,1140315,5,,,1,15,,1140333,5,,,1,72,,1140316,5,,,1,30,,1140328,5,,,1,70,,1140329,5,,,1,30,,1140318,5,,,1,70,,1140327,5,,,1,30,,1140341,5,,,1,71,,1140339,5,,,1,30,,1140334,5,,,1,70,,1140320,5,,,1,30,,1140330,5,,,1,70,,1140343,5,,,1,30,,1140326,5,,,1,70,,1140347,5,,,1,32,,1140331,5,,,1,73,,1140324,5,,,1,32,,1140322,5,,,1,70,,1140340,5,,,1,26,,1140325,5,,,1,66,,1140338,5,,,1,27,,1140345,5,,,1,70,,1140319,5,,,1,30,,1140342,5,,,1,70,,1140317,5,,,1,29,,1140321,5,,,1,72,,1140336,5,,,1,30,,1140346,5,,,1
4201,'15',548,,1140377,5,,,1,96,,1140353,5,,,1,70,,1140380,5,,,1,28,,1140348,5,,,1,72,,1140372,5,,,1,15,,1140350,5,,,1,15,,1140357,5,,,1,72,,1140370,5,,,1,30,,1140364,5,,,1,70,,1140355,5,,,1,30,,1140367,5,,,1,70,,1140359,5,,,1,30,,1140373,5,,,1,71,,1140376,5,,,1,30,,1140374,5,,,1,70,,1140362,5,,,1,30,,1140354,5,,,1,70,,1140358,5,,,1,30,,1140349,5,,,1,70,,1140351,5,,,1,32,,1140356,5,,,1,73,,1140352,5,,,1,32,,1140375,5,,,1,70,,1140365,5,,,1,26,,1140368,5,,,1,66,,1140369,5,,,1,27,,1140371,5,,,1,70,,1140378,5,,,1,30,,1140379,5,,,1,70,,1140360,5,,,1,29,,1140361,5,,,1,72,,1140363,5,,,1,30,,1140366,5,,,1
4201,'16',548,,1073055,5,,,1,96,,1140382,5,,,1,70,,1038472,5,,,1,28,,1140398,5,,,1,72,,1140390,5,,,1,15,,1140405,5,,,1,15,,1083233,5,,,1,72,,1140403,5,,,1,30,,1140402,5,,,1,70,,1140394,5,,,1,30,,1140399,5,,,1,70,,1140386,5,,,1,30,,1140384,5,,,1,71,,1140385,5,,,1,30,,1090028,5,,,1,70,,1140404,5,,,1,30,,1140396,5,,,1,70,,1140389,5,,,1,30,,1140388,5,,,1,70,,1140391,5,,,1,32,,1140387,5,,,1,73,,1140400,5,,,1,32,,1140383,5,,,1,70,,1140395,5,,,1,26,,1140407,5,,,1,66,,1140393,5,,,1,27,,1140401,5,,,1,70,,1140397,5,,,1,30,,1140381,5,,,1,70,,1140392,5,,,1,29,,1140408,5,,,1,72,,1140406,5,,,1,30,,1099847,5,,,1
4201,'17',733,,1140410,5,,,1,100,,1140420,5,,,1,100,,1140411,5,,,1,70,,1140417,5,,,1,30,,1140421,5,,,1,70,,1140413,5,,,1,30,,1140425,5,,,1,70,,1140419,5,,,1,30,,1140409,5,,,1,70,,1140424,5,,,1,30,,1140414,5,,,1,70,,1140423,5,,,1,30,,1140427,5,,,1,70,,1140415,5,,,1,30,,1140418,5,,,1,70,,1140426,5,,,1,30,,1140412,5,,,1,70,,1140428,5,,,1,30,,1140422,5,,,1,70,,1140416,5,,,1
4201,'2',609,,1140433,5,,,1,100,,1140439,5,,,1,100,,1140444,5,,,1,30,,1140431,5,,,1,70,,1140438,5,,,1,30,,1140437,5,,,1,70,,1140450,5,,,1,30,,1140429,5,,,1,70,,1140440,5,,,1,30,,1140449,5,,,1,70,,1140435,5,,,1,30,,1140448,5,,,1,70,,1140442,5,,,1,32,,1077179,5,,,1,68,,1140451,5,,,1,30,,1140447,5,,,1,70,,1140443,5,,,1,30,,1071805,5,,,1,70,,1140430,5,,,1,30,,1140432,5,,,1,70,,1140445,5,,,1,30,,1140441,5,,,1,72,,1140436,5,,,1,28,,1140446,5,,,1,70,,1140434,5,,,1
4201,'3',733,,1140453,5,,,1,100,,1140463,5,,,1,100,,1140454,5,,,1,70,,1140460,5,,,1,30,,1140464,5,,,1,70,,1140456,5,,,1,30,,1140468,5,,,1,70,,1140462,5,,,1,30,,1140452,5,,,1,70,,1140467,5,,,1,30,,1140457,5,,,1,70,,1140466,5,,,1,30,,1140470,5,,,1,70,,1140458,5,,,1,30,,1140461,5,,,1,70,,1140469,5,,,1,30,,1140455,5,,,1,70,,1140471,5,,,1,30,,1140465,5,,,1,70,,1140459,5,,,1
4201,'4',733,,1140473,5,,,1,100,,1140478,5,,,1,100,,1140477,5,,,1,70,,1140474,5,,,1,30,,1014931,5,,,1,70,,1140481,5,,,1,30,,1140483,5,,,1,70,,1140475,5,,,1,30,,1140489,5,,,1,70,,1140479,5,,,1,30,,1140480,5,,,1,70,,1140484,5,,,1,30,,1140490,5,,,1,70,,1140487,5,,,1,30,,1140485,5,,,1,70,,1140472,5,,,1,30,,1140488,5,,,1,70,,1140482,5,,,1,30,,1140476,5,,,1,70,,1140486,5,,,1
4201,'5',548,,1140514,5,,,1,96,,1066106,5,,,1,70,,1140505,5,,,1,28,,1140502,5,,,1,72,,1140507,5,,,1,15,,1140491,5,,,1,15,,1140503,5,,,1,72,,1064404,5,,,1,30,,1140499,5,,,1,70,,1140500,5,,,1,30,,998591,5,,,1,70,,1140498,5,,,1,30,,1140511,5,,,1,71,,1140509,5,,,1,30,,1140504,5,,,1,70,,1140493,5,,,1,30,,1140501,5,,,1,70,,1140513,5,,,1,30,,1084717,5,,,1,70,,1072611,5,,,1,32,,1002402,5,,,1,73,,1140496,5,,,1,32,,1140495,5,,,1,70,,1140510,5,,,1,26,,1140497,5,,,1,66,,1140508,5,,,1,27,,1140515,5,,,1,70,,1091242,5,,,1,30,,1140512,5,,,1,70,,1140492,5,,,1,29,,1140494,5,,,1,72,,1140506,5,,,1,30,,1140516,5,,,1
4201,'6',548,,1140542,5,,,1,96,,1140518,5,,,1,70,,1140526,5,,,1,28,,1140533,5,,,1,72,,1140524,5,,,1,15,,1140540,5,,,1,15,,1140517,5,,,1,72,,1140538,5,,,1,30,,1140537,5,,,1,70,,1140529,5,,,1,30,,1140534,5,,,1,70,,1140520,5,,,1,30,,1082944,5,,,1,71,,1065550,5,,,1,30,,1140521,5,,,1,70,,1140539,5,,,1,30,,1140531,5,,,1,70,,1140523,5,,,1,30,,1140522,5,,,1,70,,1140525,5,,,1,32,,1085288,5,,,1,73,,1140535,5,,,1,32,,1140519,5,,,1,70,,1140530,5,,,1,26,,998249,5,,,1,66,,1140528,5,,,1,27,,1140536,5,,,1,70,,1140532,5,,,1,30,,1073079,5,,,1,70,,1140527,5,,,1,29,,1093057,5,,,1,72,,1019112,5,,,1,30,,1140541,5,,,1
4201,'7',609,,1140564,5,,,1,100,,1140547,5,,,1,100,,1140562,5,,,1,30,,1140565,5,,,1,70,,1140558,5,,,1,30,,1140549,5,,,1,70,,1140543,5,,,1,30,,1140561,5,,,1,70,,1140554,5,,,1,30,,1140546,5,,,1,70,,1140548,5,,,1,30,,1140560,5,,,1,70,,1140559,5,,,1,32,,1140566,5,,,1,68,,1140551,5,,,1,30,,1140544,5,,,1,70,,1140563,5,,,1,30,,1140556,5,,,1,70,,1140545,5,,,1,30,,1140552,5,,,1,70,,1140553,5,,,1,30,,1140550,5,,,1,72,,1140567,5,,,1,28,,1140557,5,,,1,70,,1140555,5,,,1
4201,'8',548,,1140599,5,,,1,96,,1140570,5,,,1,70,,1140581,5,,,1,28,,1140588,5,,,1,72,,1140579,5,,,1,15,,1140595,5,,,1,15,,1140569,5,,,1,72,,1140593,5,,,1,30,,1140592,5,,,1,70,,1140584,5,,,1,30,,1140589,5,,,1,70,,1140574,5,,,1,30,,1140572,5,,,1,71,,1140573,5,,,1,30,,1140576,5,,,1,70,,1140594,5,,,1,30,,1140586,5,,,1,70,,1140578,5,,,1,30,,1140577,5,,,1,70,,1140580,5,,,1,32,,1140575,5,,,1,73,,1140590,5,,,1,32,,1140571,5,,,1,70,,1140585,5,,,1,26,,1140598,5,,,1,66,,1140583,5,,,1,27,,1140591,5,,,1,70,,1140587,5,,,1,30,,1140568,5,,,1,70,,1140582,5,,,1,29,,1140600,5,,,1,72,,1140596,5,,,1,30,,1140597,5,,,1
4201,'9',548,,1140624,5,,,1,96,,1065997,5,,,1,70,,1140615,5,,,1,28,,1140612,5,,,1,72,,1140617,5,,,1,15,,1140601,5,,,1,15,,1140613,5,,,1,72,,1064315,5,,,1,30,,1140609,5,,,1,70,,1140610,5,,,1,30,,998767,5,,,1,70,,1140608,5,,,1,30,,1140621,5,,,1,71,,1140619,5,,,1,30,,1140614,5,,,1,70,,1140603,5,,,1,30,,1140611,5,,,1,70,,1140623,5,,,1,30,,1084629,5,,,1,70,,1072534,5,,,1,32,,1002768,5,,,1,73,,1140606,5,,,1,32,,1140605,5,,,1,70,,1140620,5,,,1,26,,1140607,5,,,1,66,,1140618,5,,,1,27,,1140625,5,,,1,70,,1091092,5,,,1,30,,1140622,5,,,1,70,,1140602,5,,,1,29,,1140604,5,,,1,72,,1140616,5,,,1,30,,1140626,5,,,1
62201,'1',1513,,1199116,12,,,1,32,,1199115,17,,,1
62201,'10',1513,,1199118,12,,,1,32,,1199117,17,,,1
62201,'11',1513,,1199120,12,,,1,32,,1199119,17,,,1
62201,'12',1513,,1199122,12,,,1,32,,1199121,17,,,1
62201,'14',1513,,1199124,12,,,1,32,,1199123,17,,,1
62201,'15',1513,,1199125,12,,,1,32,,1199126,17,,,1
62201,'16',1513,,974997,12,,,1,32,,1199127,17,,,1
62201,'5',1513,,1199129,12,,,1,32,,1199128,17,,,1
62201,'6',1513,,1199131,12,,,1,32,,1199130,17,,,1
62201,'8',1513,,1199133,12,,,1,32,,1199132,17,,,1
62201,'9',1513,,1199135,12,,,1,32,,1199134,17,,,1
