4401,'1',519,,1141878,37,,,1,34,,1141864,37,,,1,70,,1068024,37,,,1,15,,1141869,37,,,1,15,,1141853,37,,,1,57,,1096781,37,,,1,15,,1141867,37,,,1,15,,1141863,37,,,1,14,,1141873,37,,,1,59,,1141875,37,,,1,15,,1141843,37,,,1,15,,1141882,37,,,1,13,,1141854,37,,,1,55,,1141887,37,,,1,14,,1141888,37,,,1,15,,1078308,37,,,1,15,,1141866,37,,,1,55,,1092443,37,,,1,15,,1141856,37,,,1,15,,1095623,37,,,1,15,,1141880,37,,,1,55,,1141871,37,,,1,15,,1141886,37,,,1,15,,1141860,37,,,1,15,,1141872,37,,,1,55,,1141858,37,,,1,15,,1141842,37,,,1,15,,1141881,37,,,1,15,,1141848,37,,,1,55,,1141879,37,,,1,15,,1141840,37,,,1,15,,1141876,37,,,1,15,,1095234,37,,,1,55,,1141855,37,,,1,15,,1052647,37,,,1,15,,1141865,37,,,1,19,,1141883,37,,,1,42,,1141889,20,,,1,13,,1141845,37,,,1,13,,1141850,37,,,1,17,,1141838,37,,,1,13,,961534,37,,,1,57,,973343,37,,,1,13,,1141857,37,,,1,17,,1141844,37,,,1,14,,1141862,37,,,1,55,,1141861,37,,,1,15,,1141877,37,,,1,15,,1141885,37,,,1,15,,1141868,37,,,1,55,,1141839,37,,,1,15,,1141851,37,,,1,11,,1022954,37,,,1,15,,1141846,37,,,1,55,,1141841,37,,,1,15,,1141859,37,,,1,29,,1141884,37,,,1,70,,1141849,37,,,1,30,,1141837,37,,,1,70,,1141847,37,,,1,30,,1141874,37,,,1,70,,1082790,37,,,1,28,,1141836,37,,,1,70,,1141852,37,,,1,30,,1141870,37,,,1,79,,1061743,37,,,1
4401,'10',519,,1141932,37,,,1,34,,1141918,37,,,1,70,,1067808,37,,,1,15,,1141923,37,,,1,15,,1141907,37,,,1,57,,1096548,37,,,1,15,,1141921,37,,,1,15,,1141917,37,,,1,14,,1141927,37,,,1,59,,1141929,37,,,1,15,,1141897,37,,,1,15,,1141936,37,,,1,13,,1141908,37,,,1,55,,1141941,37,,,1,14,,1141942,37,,,1,15,,1078096,37,,,1,15,,1141920,37,,,1,55,,1092287,37,,,1,15,,1141910,37,,,1,15,,1095389,37,,,1,15,,1141934,37,,,1,55,,1141925,37,,,1,15,,1141940,37,,,1,15,,1141914,37,,,1,15,,1141926,37,,,1,55,,1141912,37,,,1,15,,1141896,37,,,1,15,,1141935,37,,,1,15,,1141902,37,,,1,55,,1141933,37,,,1,15,,1141894,37,,,1,15,,1141930,37,,,1,15,,1094988,37,,,1,55,,1141909,37,,,1,15,,1052693,37,,,1,15,,1141919,37,,,1,19,,1141937,37,,,1,42,,1141943,20,,,1,13,,1141899,37,,,1,13,,1141904,37,,,1,17,,1141892,37,,,1,13,,961349,37,,,1,57,,973085,37,,,1,13,,1141911,37,,,1,17,,1141898,37,,,1,14,,1141916,37,,,1,55,,1141915,37,,,1,15,,1141931,37,,,1,15,,1141939,37,,,1,15,,1141922,37,,,1,55,,1141893,37,,,1,15,,1141905,37,,,1,11,,1023068,37,,,1,15,,1141900,37,,,1,55,,1141895,37,,,1,15,,1141913,37,,,1,29,,1141938,37,,,1,70,,1141903,37,,,1,30,,1141891,37,,,1,70,,1141901,37,,,1,30,,1141928,37,,,1,70,,1082730,37,,,1,28,,1141890,37,,,1,70,,1141906,37,,,1,30,,1141924,37,,,1,79,,1061518,37,,,1
4401,'11',519,,1141986,37,,,1,34,,1141972,37,,,1,70,,1068078,37,,,1,15,,1141977,37,,,1,15,,1141961,37,,,1,57,,1096847,37,,,1,15,,1141975,37,,,1,15,,1141971,37,,,1,14,,1141981,37,,,1,59,,1141983,37,,,1,15,,1141951,37,,,1,15,,1141990,37,,,1,13,,1141962,37,,,1,55,,1141995,37,,,1,14,,1141996,37,,,1,15,,1078370,37,,,1,15,,1141974,37,,,1,55,,1092490,37,,,1,15,,1141964,37,,,1,15,,1095696,37,,,1,15,,1141988,37,,,1,55,,1141979,37,,,1,15,,1141994,37,,,1,15,,1141968,37,,,1,15,,1141980,37,,,1,55,,1141966,37,,,1,15,,1141950,37,,,1,15,,1141989,37,,,1,15,,1141956,37,,,1,55,,1141987,37,,,1,15,,1141948,37,,,1,15,,1141984,37,,,1,15,,1095308,37,,,1,55,,1141963,37,,,1,15,,1052634,37,,,1,15,,1141973,37,,,1,19,,1141991,37,,,1,42,,1141997,20,,,1,13,,1141953,37,,,1,13,,1141958,37,,,1,17,,1141946,37,,,1,13,,961504,37,,,1,57,,973291,37,,,1,13,,1141965,37,,,1,17,,1141952,37,,,1,14,,1141970,37,,,1,55,,1141969,37,,,1,15,,1141985,37,,,1,15,,1141993,37,,,1,15,,1141976,37,,,1,55,,1141947,37,,,1,15,,1141959,37,,,1,11,,1022921,37,,,1,15,,1141954,37,,,1,55,,1141949,37,,,1,15,,1141967,37,,,1,29,,1141992,37,,,1,70,,1141957,37,,,1,30,,1141945,37,,,1,70,,1141955,37,,,1,30,,1141982,37,,,1,70,,1082810,37,,,1,28,,1141944,37,,,1,70,,1141960,37,,,1,30,,1141978,37,,,1,79,,1061810,37,,,1
4401,'12',519,,1142034,37,,,1,34,,1072796,37,,,1,70,,1142027,37,,,1,15,,1073202,37,,,1,15,,1142030,37,,,1,57,,1142021,37,,,1,15,,1142040,37,,,1,15,,1142008,37,,,1,14,,1019478,37,,,1,59,,1142011,37,,,1,15,,1142009,37,,,1,15,,1142028,37,,,1,13,,1142039,37,,,1,55,,999232,37,,,1,14,,1087163,37,,,1,15,,1142041,37,,,1,15,,1092766,37,,,1,55,,1142001,37,,,1,15,,1142024,37,,,1,15,,1142043,37,,,1,15,,1142032,37,,,1,55,,1090206,37,,,1,15,,1142003,37,,,1,15,,1142014,37,,,1,15,,1142016,37,,,1,55,,1142019,37,,,1,15,,1142002,37,,,1,15,,1142038,37,,,1,15,,1142007,37,,,1,55,,1142037,37,,,1,15,,1141998,37,,,1,15,,1142051,37,,,1,15,,1142017,37,,,1,55,,1142020,37,,,1,15,,1142047,37,,,1,15,,1142026,37,,,1,19,,1142050,37,,,1,42,,1141999,20,,,1,13,,1142031,37,,,1,13,,1081306,37,,,1,17,,1142013,37,,,1,13,,1142029,37,,,1,57,,1142010,37,,,1,13,,1071647,37,,,1,17,,1142025,37,,,1,14,,1142042,37,,,1,55,,1142023,37,,,1,15,,1142005,37,,,1,15,,1142045,37,,,1,15,,1142036,37,,,1,55,,1142022,37,,,1,15,,1080688,37,,,1,11,,1142012,37,,,1,15,,1142006,37,,,1,55,,1142000,37,,,1,15,,1142015,37,,,1,29,,1142004,37,,,1,70,,1142035,37,,,1,30,,1142049,37,,,1,70,,1142052,37,,,1,30,,1142018,37,,,1,70,,1142044,37,,,1,28,,984618,37,,,1,70,,1142046,37,,,1,30,,1142033,37,,,1,79,,1142048,37,,,1
4401,'13',620,,1142074,37,,,1,98,,1142068,37,,,1,102,,1142082,37,,,1,30,,1142061,37,,,1,70,,1142053,37,,,1,30,,1142080,37,,,1,70,,1142081,37,,,1,30,,1142071,37,,,1,70,,1142060,37,,,1,30,,1081572,37,,,1,70,,1090168,37,,,1,31,,1142069,37,,,1,70,,1142062,37,,,1,30,,1142057,37,,,1,70,,1142066,37,,,1,30,,1142076,37,,,1,70,,1142064,37,,,1,30,,1142077,37,,,1,70,,1142078,37,,,1,30,,1142073,37,,,1,70,,1142065,37,,,1,30,,993896,37,,,1,70,,1142072,37,,,1,30,,1142063,37,,,1,70,,1142067,37,,,1,30,,1142056,37,,,1,70,,1142054,37,,,1,29,,1142055,37,,,1,70,,1142070,37,,,1,30,,1142079,37,,,1,70,,1142075,37,,,1,29,,1142059,37,,,1,70,,1142058,37,,,1
4401,'14',519,,1142132,37,,,1,34,,1142117,37,,,1,70,,1142141,37,,,1,15,,1142122,37,,,1,15,,1142105,37,,,1,57,,1142093,37,,,1,15,,1142120,37,,,1,15,,1142115,37,,,1,14,,1142126,37,,,1,59,,1142129,37,,,1,15,,1142094,37,,,1,15,,1142136,37,,,1,13,,1142106,37,,,1,55,,1142142,37,,,1,14,,1142145,37,,,1,15,,1142100,37,,,1,15,,1142119,37,,,1,55,,1142128,37,,,1,15,,1142108,37,,,1,15,,1142090,37,,,1,15,,1142134,37,,,1,55,,1142124,37,,,1,15,,1142140,37,,,1,15,,1142112,37,,,1,15,,1142125,37,,,1,55,,1142110,37,,,1,15,,1142092,37,,,1,15,,1142135,37,,,1,15,,1142099,37,,,1,55,,1142133,37,,,1,15,,1142088,37,,,1,15,,1142130,37,,,1,15,,1142148,37,,,1,55,,1142107,37,,,1,15,,1142144,37,,,1,15,,1142118,37,,,1,19,,1142137,37,,,1,42,,1142147,20,,,1,13,,1142096,37,,,1,13,,1142102,37,,,1,17,,1142085,37,,,1,13,,1142086,37,,,1,57,,1142143,37,,,1,13,,1142109,37,,,1,17,,1142095,37,,,1,14,,1142114,37,,,1,55,,1142113,37,,,1,15,,1142131,37,,,1,15,,1142139,37,,,1,15,,1142121,37,,,1,55,,1142087,37,,,1,15,,1142103,37,,,1,11,,1142146,37,,,1,15,,1142097,37,,,1,55,,1142089,37,,,1,15,,1142111,37,,,1,29,,1142138,37,,,1,70,,1142101,37,,,1,30,,1142084,37,,,1,70,,1142098,37,,,1,30,,1142127,37,,,1,70,,1142116,37,,,1,28,,1142083,37,,,1,70,,1142104,37,,,1,30,,1142123,37,,,1,79,,1142091,37,,,1
4401,'15',519,,1142165,37,,,1,34,,1142168,37,,,1,70,,1142198,37,,,1,15,,1142158,37,,,1,15,,1142211,37,,,1,57,,1142184,37,,,1,15,,1142166,37,,,1,15,,1142160,37,,,1,14,,1142161,37,,,1,59,,1142201,37,,,1,15,,1142194,37,,,1,15,,1142208,37,,,1,13,,1142185,37,,,1,55,,1142150,37,,,1,14,,1142172,37,,,1,15,,1142178,37,,,1,15,,1142193,37,,,1,55,,1142154,37,,,1,15,,1142159,37,,,1,15,,1142196,37,,,1,15,,1142176,37,,,1,55,,1142180,37,,,1,15,,1142209,37,,,1,15,,1142202,37,,,1,15,,1142173,37,,,1,55,,1142210,37,,,1,15,,1142151,37,,,1,15,,1142190,37,,,1,15,,1142203,37,,,1,55,,1142181,37,,,1,15,,1142170,37,,,1,15,,1142171,37,,,1,15,,1142187,37,,,1,55,,1142169,37,,,1,15,,1142162,37,,,1,15,,1142192,37,,,1,19,,1142152,37,,,1,42,,1142188,20,,,1,13,,1142182,37,,,1,13,,1142167,37,,,1,17,,1142179,37,,,1,13,,1142175,37,,,1,57,,1142189,37,,,1,13,,1142195,37,,,1,17,,1142156,37,,,1,14,,1142199,37,,,1,55,,1142149,37,,,1,15,,1142157,37,,,1,15,,1142205,37,,,1,15,,1142213,37,,,1,55,,1142177,37,,,1,15,,1142212,37,,,1,11,,1142214,37,,,1,15,,1142174,37,,,1,55,,1142153,37,,,1,15,,1142164,37,,,1,29,,1142207,37,,,1,70,,1142191,37,,,1,30,,1142197,37,,,1,70,,1142204,37,,,1,30,,1142206,37,,,1,70,,1142200,37,,,1,28,,1142186,37,,,1,70,,1142183,37,,,1,30,,1142155,37,,,1,79,,1142163,37,,,1
4401,'16',519,,1142257,37,,,1,34,,1142216,37,,,1,70,,1142250,37,,,1,15,,1142272,37,,,1,15,,1142253,37,,,1,57,,1142244,37,,,1,15,,1142263,37,,,1,15,,1142231,37,,,1,14,,1142277,37,,,1,59,,1142234,37,,,1,15,,1142232,37,,,1,15,,1142251,37,,,1,13,,1142262,37,,,1,55,,1142227,37,,,1,14,,1142271,37,,,1,15,,1142264,37,,,1,15,,1142215,37,,,1,55,,1142222,37,,,1,15,,1142247,37,,,1,15,,1142266,37,,,1,15,,1142255,37,,,1,55,,1142276,37,,,1,15,,1142224,37,,,1,15,,1142237,37,,,1,15,,1142239,37,,,1,55,,1142242,37,,,1,15,,1142223,37,,,1,15,,1142261,37,,,1,15,,1142230,37,,,1,55,,1142260,37,,,1,15,,1142219,37,,,1,15,,1142275,37,,,1,15,,1142240,37,,,1,55,,1142243,37,,,1,15,,1142269,37,,,1,15,,1142249,37,,,1,19,,1142274,37,,,1,42,,1142220,20,,,1,13,,1142254,37,,,1,13,,1142279,37,,,1,17,,1142236,37,,,1,13,,1142252,37,,,1,57,,1142233,37,,,1,13,,1142218,37,,,1,17,,1142248,37,,,1,14,,1142265,37,,,1,55,,1142246,37,,,1,15,,1142228,37,,,1,15,,1142268,37,,,1,15,,1142259,37,,,1,55,,1142245,37,,,1,15,,1142225,37,,,1,11,,1142235,37,,,1,15,,1142229,37,,,1,55,,1142221,37,,,1,15,,1142238,37,,,1,29,,1142226,37,,,1,70,,1142258,37,,,1,30,,1142273,37,,,1,70,,1142278,37,,,1,30,,1142241,37,,,1,70,,1142267,37,,,1,28,,1142217,37,,,1,70,,1071723,37,,,1,30,,1142256,37,,,1,79,,1142270,37,,,1
4401,'17',620,,1142302,37,,,1,98,,1142296,37,,,1,102,,1142312,37,,,1,30,,1142289,37,,,1,70,,1142280,37,,,1,30,,1142308,37,,,1,70,,1142309,37,,,1,30,,1142299,37,,,1,70,,1142288,37,,,1,30,,1142310,37,,,1,70,,1142284,37,,,1,31,,1142297,37,,,1,70,,1142290,37,,,1,30,,1142285,37,,,1,70,,1142294,37,,,1,30,,1142304,37,,,1,70,,1142292,37,,,1,30,,1142305,37,,,1,70,,1142306,37,,,1,30,,1142301,37,,,1,70,,1142293,37,,,1,30,,1142311,37,,,1,70,,1142300,37,,,1,30,,1142291,37,,,1,70,,1142295,37,,,1,30,,1142283,37,,,1,70,,1142281,37,,,1,29,,1142282,37,,,1,70,,1142298,37,,,1,30,,1142307,37,,,1,70,,1142303,37,,,1,29,,1142287,37,,,1,70,,1142286,37,,,1
4401,'2',612,,1142338,37,,,1,27,,1142313,37,,,1,70,,1142321,37,,,1,30,,1142320,37,,,1,72,,1142344,37,,,1,30,,1142325,37,,,1,70,,1142331,37,,,1,22,,1142317,37,,,1,70,,1142336,37,,,1,30,,1098622,37,,,1,70,,1142314,37,,,1,30,,1142341,37,,,1,70,,1142343,37,,,1,30,,1142333,37,,,1,71,,1142318,37,,,1,30,,1142328,37,,,1,70,,1142332,37,,,1,30,,1142329,37,,,1,70,,1142315,37,,,1,30,,1142342,37,,,1,70,,1142322,37,,,1,30,,1142345,37,,,1,70,,1142337,37,,,1,30,,1142340,37,,,1,70,,1142335,37,,,1,29,,1142346,37,,,1,70,,1142324,37,,,1,30,,1142323,37,,,1,70,,1142330,37,,,1,30,,1142326,37,,,1,69,,1142316,37,,,1,30,,1142334,37,,,1,70,,1142348,37,,,1,30,,1142339,37,,,1,69,,1072720,37,,,1,30,,1142347,37,,,1,70,,1142327,37,,,1,38,,1142319,37,,,1
4401,'3',620,,1142371,37,,,1,98,,1142365,37,,,1,102,,1142381,37,,,1,30,,1142358,37,,,1,70,,1142349,37,,,1,30,,1142377,37,,,1,70,,1142378,37,,,1,30,,1142368,37,,,1,70,,1142357,37,,,1,30,,1142379,37,,,1,70,,1142353,37,,,1,31,,1142366,37,,,1,70,,1142359,37,,,1,30,,1142354,37,,,1,70,,1142363,37,,,1,30,,1142373,37,,,1,70,,1142361,37,,,1,30,,1142374,37,,,1,70,,1142375,37,,,1,30,,1142370,37,,,1,70,,1142362,37,,,1,30,,1142380,37,,,1,70,,1142369,37,,,1,30,,1142360,37,,,1,70,,1142364,37,,,1,30,,1142352,37,,,1,70,,1142350,37,,,1,29,,1142351,37,,,1,70,,1142367,37,,,1,30,,1142376,37,,,1,70,,1142372,37,,,1,29,,1142356,37,,,1,70,,1142355,37,,,1
4401,'4',620,,1142388,37,,,1,98,,1099978,37,,,1,102,,1142383,37,,,1,30,,1142390,37,,,1,70,,1142407,37,,,1,30,,1142400,37,,,1,70,,1142411,37,,,1,30,,1142384,37,,,1,70,,1142404,37,,,1,30,,1142395,37,,,1,70,,1142408,37,,,1,31,,1142382,37,,,1,70,,1142409,37,,,1,30,,1142387,37,,,1,70,,1072982,37,,,1,30,,1142398,37,,,1,70,,1142399,37,,,1,30,,1142392,37,,,1,70,,1142394,37,,,1,30,,1142406,37,,,1,70,,1142402,37,,,1,30,,1142389,37,,,1,70,,1142405,37,,,1,30,,1142410,37,,,1,70,,1142386,37,,,1,30,,1142397,37,,,1,70,,1142396,37,,,1,29,,1142403,37,,,1,70,,1142385,37,,,1,30,,1142412,37,,,1,70,,1142393,37,,,1,29,,1142391,37,,,1,70,,1142401,37,,,1
4401,'5',519,,1142455,37,,,1,34,,1142441,37,,,1,70,,1067991,37,,,1,15,,1142446,37,,,1,15,,1142430,37,,,1,57,,1096749,37,,,1,15,,1142444,37,,,1,15,,1142440,37,,,1,14,,1142450,37,,,1,59,,1142452,37,,,1,15,,1142420,37,,,1,15,,1142459,37,,,1,13,,1142431,37,,,1,55,,1142464,37,,,1,14,,1142465,37,,,1,15,,1078270,37,,,1,15,,1142443,37,,,1,55,,1092410,37,,,1,15,,1142433,37,,,1,15,,1095576,37,,,1,15,,1142457,37,,,1,55,,1142448,37,,,1,15,,1142463,37,,,1,15,,1142437,37,,,1,15,,1142449,37,,,1,55,,1142435,37,,,1,15,,1142419,37,,,1,15,,1142458,37,,,1,15,,1142425,37,,,1,55,,1142456,37,,,1,15,,1142417,37,,,1,15,,1142453,37,,,1,15,,1095186,37,,,1,55,,1142432,37,,,1,15,,1052551,37,,,1,15,,1142442,37,,,1,19,,1142460,37,,,1,42,,1142466,20,,,1,13,,1142422,37,,,1,13,,1142427,37,,,1,17,,1142415,37,,,1,13,,961619,37,,,1,57,,973506,37,,,1,13,,1142434,37,,,1,17,,1142421,37,,,1,14,,1142439,37,,,1,55,,1142438,37,,,1,15,,1142454,37,,,1,15,,1142462,37,,,1,15,,1142445,37,,,1,55,,1142416,37,,,1,15,,1142428,37,,,1,11,,1022752,37,,,1,15,,1142423,37,,,1,55,,1142418,37,,,1,15,,1142436,37,,,1,29,,1142461,37,,,1,70,,1142426,37,,,1,30,,1142414,37,,,1,70,,1142424,37,,,1,30,,1142451,37,,,1,70,,1082770,37,,,1,28,,1142413,37,,,1,70,,1142429,37,,,1,30,,1142447,37,,,1,79,,1061701,37,,,1
4401,'6',519,,1142501,37,,,1,34,,1142468,37,,,1,70,,1142494,37,,,1,15,,1142516,37,,,1,15,,1142497,37,,,1,57,,1142489,37,,,1,15,,1142507,37,,,1,15,,1029723,37,,,1,14,,1142519,37,,,1,59,,1142481,37,,,1,15,,1142479,37,,,1,15,,1142495,37,,,1,13,,1142506,37,,,1,55,,1142475,37,,,1,14,,1142515,37,,,1,15,,1142508,37,,,1,15,,1142467,37,,,1,55,,1142471,37,,,1,15,,1142492,37,,,1,15,,1142510,37,,,1,15,,1142499,37,,,1,55,,1142518,37,,,1,15,,1142473,37,,,1,15,,1142483,37,,,1,15,,1142485,37,,,1,55,,1142487,37,,,1,15,,1142472,37,,,1,15,,1142505,37,,,1,15,,1142478,37,,,1,55,,1142504,37,,,1,15,,1083309,37,,,1,15,,1004209,37,,,1,15,,1101505,37,,,1,55,,1142488,37,,,1,15,,1014808,37,,,1,15,,1142493,37,,,1,19,,1142517,37,,,1,42,,1079248,20,,,1,13,,1142498,37,,,1,13,,1142521,37,,,1,17,,1142482,37,,,1,13,,1142496,37,,,1,57,,1142480,37,,,1,13,,1142470,37,,,1,17,,1026133,37,,,1,14,,1142509,37,,,1,55,,1142491,37,,,1,15,,1142476,37,,,1,15,,1142512,37,,,1,15,,1142503,37,,,1,55,,1142490,37,,,1,15,,1142474,37,,,1,11,,1103585,37,,,1,15,,1142477,37,,,1,55,,1093023,37,,,1,15,,1142484,37,,,1,29,,1053260,37,,,1,70,,1142502,37,,,1,30,,1066646,37,,,1,70,,1142520,37,,,1,30,,1142486,37,,,1,70,,1142511,37,,,1,28,,1142469,37,,,1,70,,1142513,37,,,1,30,,1142500,37,,,1,79,,1142514,37,,,1
4401,'7',612,,1142554,37,,,1,27,,1142523,37,,,1,70,,1142531,37,,,1,30,,1142549,37,,,1,72,,1142534,37,,,1,30,,1142532,37,,,1,70,,1142551,37,,,1,22,,1142538,37,,,1,70,,1142527,37,,,1,30,,1142540,37,,,1,70,,1142529,37,,,1,30,,1142559,37,,,1,70,,1142541,37,,,1,30,,1142543,37,,,1,71,,1142556,37,,,1,30,,1142533,37,,,1,70,,1142558,37,,,1,30,,1142535,37,,,1,70,,1142528,37,,,1,30,,1142542,37,,,1,70,,1142555,37,,,1,30,,1142522,37,,,1,70,,1142550,37,,,1,30,,1142525,37,,,1,70,,1142524,37,,,1,29,,1142539,37,,,1,70,,1142552,37,,,1,30,,1142530,37,,,1,70,,1142553,37,,,1,30,,1142526,37,,,1,69,,1142557,37,,,1,30,,1142547,37,,,1,70,,1142536,37,,,1,30,,1142544,37,,,1,69,,1142537,37,,,1,30,,1142546,37,,,1,70,,1142548,37,,,1,38,,1142545,37,,,1
4401,'8',519,,1142602,37,,,1,34,,1142561,37,,,1,70,,1142595,37,,,1,15,,1142618,37,,,1,15,,1142598,37,,,1,57,,1142589,37,,,1,15,,1142608,37,,,1,15,,1142576,37,,,1,14,,1142623,37,,,1,59,,1142579,37,,,1,15,,1142577,37,,,1,15,,1142596,37,,,1,13,,1142607,37,,,1,55,,1142572,37,,,1,14,,1142617,37,,,1,15,,1142609,37,,,1,15,,1142560,37,,,1,55,,1142567,37,,,1,15,,1142592,37,,,1,15,,1142611,37,,,1,15,,1142600,37,,,1,55,,1142622,37,,,1,15,,1142569,37,,,1,15,,1142582,37,,,1,15,,1142584,37,,,1,55,,1142587,37,,,1,15,,1142568,37,,,1,15,,1142606,37,,,1,15,,1142575,37,,,1,55,,1142605,37,,,1,15,,1142564,37,,,1,15,,1142621,37,,,1,15,,1142585,37,,,1,55,,1142588,37,,,1,15,,1142615,37,,,1,15,,1142594,37,,,1,19,,1142620,37,,,1,42,,1142565,20,,,1,13,,1142599,37,,,1,13,,1142625,37,,,1,17,,1142581,37,,,1,13,,1142597,37,,,1,57,,1142578,37,,,1,13,,1142563,37,,,1,17,,1142593,37,,,1,14,,1142610,37,,,1,55,,1142591,37,,,1,15,,1142573,37,,,1,15,,1142613,37,,,1,15,,1142604,37,,,1,55,,1142590,37,,,1,15,,1142570,37,,,1,11,,1142580,37,,,1,15,,1142574,37,,,1,55,,1142566,37,,,1,15,,1142583,37,,,1,29,,1142571,37,,,1,70,,1142603,37,,,1,30,,1142619,37,,,1,70,,1142624,37,,,1,30,,1142586,37,,,1,70,,1142612,37,,,1,28,,1142562,37,,,1,70,,1142614,37,,,1,30,,1142601,37,,,1,79,,1142616,37,,,1
4401,'9',519,,1142668,37,,,1,34,,1142654,37,,,1,70,,1067880,37,,,1,15,,1142659,37,,,1,15,,1142643,37,,,1,57,,1096616,37,,,1,15,,1142657,37,,,1,15,,1142653,37,,,1,14,,1142663,37,,,1,59,,1142665,37,,,1,15,,1142633,37,,,1,15,,1142672,37,,,1,13,,1142644,37,,,1,55,,1142677,37,,,1,14,,1142678,37,,,1,15,,1078166,37,,,1,15,,1142656,37,,,1,55,,1092336,37,,,1,15,,1142646,37,,,1,15,,1095464,37,,,1,15,,1142670,37,,,1,55,,1142661,37,,,1,15,,1142676,37,,,1,15,,1142650,37,,,1,15,,1142662,37,,,1,55,,1142648,37,,,1,15,,1142632,37,,,1,15,,1142671,37,,,1,15,,1142638,37,,,1,55,,1142669,37,,,1,15,,1142630,37,,,1,15,,1142666,37,,,1,15,,1095062,37,,,1,55,,1142645,37,,,1,15,,1052660,37,,,1,15,,1142655,37,,,1,19,,1142673,37,,,1,42,,1142679,20,,,1,13,,1142635,37,,,1,13,,1142640,37,,,1,17,,1142628,37,,,1,13,,961589,37,,,1,57,,973454,37,,,1,13,,1142647,37,,,1,17,,1142634,37,,,1,14,,1142652,37,,,1,55,,1142651,37,,,1,15,,1142667,37,,,1,15,,1142675,37,,,1,15,,1142658,37,,,1,55,,1142629,37,,,1,15,,1142641,37,,,1,11,,1022987,37,,,1,15,,1142636,37,,,1,55,,1142631,37,,,1,15,,1142649,37,,,1,29,,1142674,37,,,1,70,,1142639,37,,,1,30,,1142627,37,,,1,70,,1142637,37,,,1,30,,1142664,37,,,1,70,,1082750,37,,,1,28,,1142626,37,,,1,70,,1142642,37,,,1,30,,1142660,37,,,1,79,,1061586,37,,,1
