1000,'1',555,,1112043,1,,,1,74,,1111997,25,,,1,17,,1025825,1,,,1,55,,1111998,25,,,1,20,,1112032,1,,,1,15,,1067741,25,,,1,17,,1112024,1,,,1,57,,1112008,25,,,1,15,,1112030,1,,,1,17,,1112018,25,,,1,16,,1112040,1,,,1,56,,1112041,25,,,1,10,,1112001,1,,,1,15,,1063122,25,,,1,14,,1112009,1,,,1,54,,1112010,25,,,1,13,,1112015,1,,,1,15,,1112042,25,,,1,16,,1112036,1,,,1,55,,1112017,25,,,1,16,,1112037,1,,,1,14,,1112003,25,,,1,15,,953334,1,,,1,55,,1112038,25,,,1,14,,1112031,1,,,1,16,,1112022,25,,,1,16,,1084446,1,,,1,57,,1112033,25,,,1,15,,1112026,1,,,1,15,,1111996,25,,,1,14,,1084756,1,,,1,56,,1112028,25,,,1,17,,1112039,1,,,1,14,,1112000,25,,,1,19,,1111999,1,,,1,51,,1112012,25,,,1,3,,1075540,23,4,,1,18,,1071928,1,,,1,14,,1112005,25,,,1,55,,1111993,1,,,1,17,,1112021,25,,,1,17,,1093427,1,,,1,17,,1112006,25,,,1,55,,1112002,1,,,1,15,,1112016,25,,,1,15,,1112007,1,,,1,14,,1112035,25,,,1,53,,1094606,1,,,1,13,,1112029,25,,,1,28,,1112020,25,,,1,72,,1112027,25,,,1,23,,1112011,25,,,1,70,,1112019,25,,,1,28,,1112034,25,,,1,68,,1111994,25,,,1,30,,1112014,25,,,1,70,,1111992,25,,,1,29,,1112025,25,,,1,70,,1112004,25,,,1,25,,1112023,25,,,1,19,,1111995,1,,,1
1000,'10',555,,1112095,1,,,1,74,,1112049,25,,,1,17,,1025941,1,,,1,55,,1112050,25,,,1,20,,1112084,1,,,1,15,,1067690,25,,,1,17,,1112076,1,,,1,57,,1112060,25,,,1,15,,1112082,1,,,1,17,,1112070,25,,,1,16,,1112092,1,,,1,56,,1112093,25,,,1,10,,1112053,1,,,1,15,,1062780,25,,,1,14,,1112061,1,,,1,54,,1112062,25,,,1,13,,1112067,1,,,1,15,,1112094,25,,,1,16,,1112088,1,,,1,55,,1112069,25,,,1,16,,1112089,1,,,1,14,,1112055,25,,,1,15,,953160,1,,,1,55,,1112090,25,,,1,14,,1112083,1,,,1,16,,1112074,25,,,1,16,,1084262,1,,,1,57,,1112085,25,,,1,15,,1112078,1,,,1,15,,1112048,25,,,1,14,,1084585,1,,,1,56,,1112080,25,,,1,17,,1112091,1,,,1,14,,1112052,25,,,1,19,,1112051,1,,,1,51,,1112064,25,,,1,3,,1075204,23,4,,1,18,,1071782,1,,,1,14,,1112057,25,,,1,55,,1112045,1,,,1,17,,1112073,25,,,1,17,,1093111,1,,,1,17,,1112058,25,,,1,55,,1112054,1,,,1,15,,1112068,25,,,1,15,,1112059,1,,,1,14,,1112087,25,,,1,53,,1094436,1,,,1,13,,1112081,25,,,1,28,,1112072,25,,,1,72,,1112079,25,,,1,23,,1112063,25,,,1,70,,1112071,25,,,1,28,,1112086,25,,,1,68,,1112046,25,,,1,30,,1112066,25,,,1,70,,1112044,25,,,1,29,,1112077,25,,,1,70,,1112056,25,,,1,25,,1112075,25,,,1,19,,1112047,1,,,1
1000,'11',555,,1112147,1,,,1,74,,1112101,25,,,1,17,,1025792,1,,,1,55,,1112102,25,,,1,20,,1112136,1,,,1,15,,1067758,25,,,1,17,,1112128,1,,,1,57,,1112112,25,,,1,15,,1112134,1,,,1,17,,1112122,25,,,1,16,,1112144,1,,,1,56,,1112145,25,,,1,10,,1112105,1,,,1,15,,1063223,25,,,1,14,,1112113,1,,,1,54,,1112114,25,,,1,13,,1112119,1,,,1,15,,1112146,25,,,1,16,,1112140,1,,,1,55,,1112121,25,,,1,16,,1112141,1,,,1,14,,1112107,25,,,1,15,,953306,1,,,1,55,,1112142,25,,,1,14,,1112135,1,,,1,16,,1112126,25,,,1,16,,1084502,1,,,1,57,,1112137,25,,,1,15,,1112130,1,,,1,15,,1112100,25,,,1,14,,1084809,1,,,1,56,,1112132,25,,,1,17,,1112143,1,,,1,14,,1112104,25,,,1,19,,1112103,1,,,1,51,,1112116,25,,,1,3,,1075632,23,4,,1,18,,1071974,1,,,1,14,,1112109,25,,,1,55,,1112097,1,,,1,17,,1112125,25,,,1,17,,1093518,1,,,1,17,,1112110,25,,,1,55,,1112106,1,,,1,15,,1112120,25,,,1,15,,1112111,1,,,1,14,,1112139,25,,,1,53,,1094648,1,,,1,13,,1112133,25,,,1,28,,1112124,25,,,1,72,,1112131,25,,,1,23,,1112115,25,,,1,70,,1112123,25,,,1,28,,1112138,25,,,1,68,,1112098,25,,,1,30,,1112118,25,,,1,70,,1112096,25,,,1,29,,1112129,25,,,1,70,,1112108,25,,,1,25,,1112127,25,,,1,19,,1112099,1,,,1
1000,'12',555,,1112163,1,,,1,74,,1112192,25,,,1,17,,1112186,1,,,1,55,,1112180,25,,,1,20,,995471,1,,,1,15,,1112176,25,,,1,17,,1112158,1,,,1,57,,1112148,25,,,1,15,,1112153,1,,,1,17,,1112175,25,,,1,16,,1112173,1,,,1,56,,1112167,25,,,1,10,,1112195,1,,,1,15,,1002218,25,,,1,14,,1112190,1,,,1,54,,1112169,25,,,1,13,,1112184,1,,,1,15,,1112149,25,,,1,16,,1112181,1,,,1,55,,1112183,25,,,1,16,,1112197,1,,,1,14,,1112200,25,,,1,15,,1112171,1,,,1,55,,1112157,25,,,1,14,,1112154,1,,,1,16,,1112198,25,,,1,16,,1112179,1,,,1,57,,1112159,25,,,1,15,,1112165,1,,,1,15,,1112150,25,,,1,14,,1112155,1,,,1,56,,1112196,25,,,1,17,,1074031,1,,,1,14,,1112187,25,,,1,19,,1112168,1,,,1,51,,1112151,25,,,1,3,,1112174,23,4,,1,18,,1112182,1,,,1,14,,1112188,25,,,1,55,,1112191,1,,,1,17,,1112164,25,,,1,17,,1037308,1,,,1,17,,1112166,25,,,1,55,,1112178,1,,,1,15,,1112177,25,,,1,15,,1112172,1,,,1,14,,1112194,25,,,1,53,,1112185,1,,,1,13,,1112156,25,,,1,28,,1023118,25,,,1,72,,1112170,25,,,1,23,,1112199,25,,,1,70,,1112201,25,,,1,28,,1060814,25,,,1,68,,1112161,25,,,1,30,,1087160,25,,,1,70,,1112162,25,,,1,29,,1112152,25,,,1,70,,1067952,25,,,1,25,,1112160,25,,,1,19,,1112193,1,,,1
1000,'13',535,,1112230,1,0,94,1,70,,1112206,1,0,94,1,30,,1112219,1,0,94,1,72,,1112218,1,0,94,1,30,,1112213,1,,,1,64,,1048726,25,,,1,30,,1112209,25,,,1,70,,1112226,25,,,1,30,,1112202,25,,,1,70,,1112204,25,,,1,31,,1084664,25,,,1,70,,1112207,25,,,1,30,,1112214,25,,,1,70,,1112225,25,,,1,30,,1112232,25,,,1,70,,1064845,25,,,1,30,,1067888,25,,,1,70,,1112231,25,,,1,30,,1112228,25,,,1,70,,1112216,25,,,1,30,,1112223,25,,,1,70,,1112221,25,,,1,30,,1063463,25,,,1,70,,1112229,25,,,1,30,,1112222,25,,,1,70,,1112215,25,,,1,30,,1074443,25,,,1,80,,1112203,1,,,1,30,,1112224,1,,,1,70,,1112211,1,,,1,30,,1112208,1,,,1,70,,1112227,1,,,1,30,,1112212,1,,,1,70,,1112217,1,,,1,30,,1112220,1,,,1,70,,1112205,1,,,1,30,,1112210,1,,,1,70,,1050772,1,,,1
1000,'14',555,,1112292,1,,,1,74,,1112244,25,,,1,17,,1112238,1,,,1,55,,1112245,25,,,1,20,,1112280,1,,,1,15,,1112246,25,,,1,17,,1112272,1,,,1,57,,1112256,25,,,1,15,,1112278,1,,,1,17,,1112266,25,,,1,16,,1112289,1,,,1,56,,1112290,25,,,1,10,,1112249,1,,,1,15,,1112285,25,,,1,14,,1112257,1,,,1,54,,1112258,25,,,1,13,,1112263,1,,,1,15,,1112291,25,,,1,16,,1112284,1,,,1,55,,1112265,25,,,1,16,,1112286,1,,,1,14,,1112251,25,,,1,15,,1112234,1,,,1,55,,1112287,25,,,1,14,,1112279,1,,,1,16,,1112270,25,,,1,16,,1112239,1,,,1,57,,1112281,25,,,1,15,,1112274,1,,,1,15,,1112243,25,,,1,14,,1112294,1,,,1,56,,1112276,25,,,1,17,,1112288,1,,,1,14,,1112248,25,,,1,19,,1112247,1,,,1,51,,1112260,25,,,1,3,,1112237,23,4,,1,18,,1112236,1,,,1,14,,1112253,25,,,1,55,,1112240,1,,,1,17,,1112269,25,,,1,17,,1112293,1,,,1,17,,1112254,25,,,1,55,,1112250,1,,,1,15,,1112264,25,,,1,15,,1112255,1,,,1,14,,1112283,25,,,1,53,,1112235,1,,,1,13,,1112277,25,,,1,28,,1112268,25,,,1,72,,1112275,25,,,1,23,,1112259,25,,,1,70,,1112267,25,,,1,28,,1112282,25,,,1,68,,1112241,25,,,1,30,,1112262,25,,,1,70,,1112233,25,,,1,29,,1112273,25,,,1,70,,1112252,25,,,1,25,,1112271,25,,,1,19,,1112242,1,,,1
1000,'15',555,,1112353,1,,,1,74,,1112300,25,,,1,17,,1112354,1,,,1,55,,1112314,25,,,1,20,,1112305,1,,,1,15,,1112341,25,,,1,17,,1112349,1,,,1,57,,1112318,25,,,1,15,,1112336,1,,,1,17,,1112339,25,,,1,16,,1112301,1,,,1,56,,1112337,25,,,1,10,,1112345,1,,,1,15,,1112326,25,,,1,14,,1112325,1,,,1,54,,1112333,25,,,1,13,,1112346,1,,,1,15,,1112310,25,,,1,16,,1112329,1,,,1,55,,1112334,25,,,1,16,,1112343,1,,,1,14,,1112313,25,,,1,15,,1112350,1,,,1,55,,1112328,25,,,1,14,,1112296,1,,,1,16,,1112322,25,,,1,16,,1112309,1,,,1,57,,1112335,25,,,1,15,,1112331,1,,,1,15,,1112308,25,,,1,14,,1112316,1,,,1,56,,1112295,25,,,1,17,,1112302,1,,,1,14,,1112355,25,,,1,19,,1112311,1,,,1,51,,1112332,25,,,1,3,,1112312,23,4,,1,18,,1112319,1,,,1,14,,1112303,25,,,1,55,,1112342,1,,,1,17,,1112344,25,,,1,17,,1112327,1,,,1,17,,1112324,25,,,1,55,,1112330,1,,,1,15,,1112315,25,,,1,15,,1112323,1,,,1,14,,1112351,25,,,1,53,,1112356,1,,,1,13,,1112317,25,,,1,28,,1112338,25,,,1,72,,1112306,25,,,1,23,,1112320,25,,,1,70,,1112348,25,,,1,28,,1112347,25,,,1,68,,1112340,25,,,1,30,,1112307,25,,,1,70,,1112299,25,,,1,29,,1112298,25,,,1,70,,1112304,25,,,1,25,,1112297,25,,,1,19,,1112321,1,,,1
1000,'16',555,,1112377,1,,,1,74,,1112408,25,,,1,17,,1112401,1,,,1,55,,1112395,25,,,1,20,,1112358,1,,,1,15,,1112391,25,,,1,17,,1112372,1,,,1,57,,1112359,25,,,1,15,,1112366,1,,,1,17,,1112390,25,,,1,16,,1112388,1,,,1,56,,1112382,25,,,1,10,,1112411,1,,,1,15,,1112357,25,,,1,14,,1112406,1,,,1,54,,1112384,25,,,1,13,,1112399,1,,,1,15,,1112360,25,,,1,16,,1112396,1,,,1,55,,1112398,25,,,1,16,,1112413,1,,,1,14,,1112415,25,,,1,15,,1112386,1,,,1,55,,1112371,25,,,1,14,,1100054,1,,,1,16,,1112414,25,,,1,16,,1112394,1,,,1,57,,1112373,25,,,1,15,,1112380,1,,,1,15,,1112361,25,,,1,14,,1112369,1,,,1,56,,1112412,25,,,1,17,,1112363,1,,,1,14,,1112402,25,,,1,19,,1112383,1,,,1,51,,1112364,25,,,1,3,,1112389,23,4,,1,18,,1112397,1,,,1,14,,1112403,25,,,1,55,,1112407,1,,,1,17,,1112379,25,,,1,17,,1112362,1,,,1,17,,1112381,25,,,1,55,,1112393,1,,,1,15,,1112392,25,,,1,15,,1112387,1,,,1,14,,1112410,25,,,1,53,,1112400,1,,,1,13,,1112370,25,,,1,28,,1112404,25,,,1,72,,1112385,25,,,1,23,,1000396,25,,,1,70,,1112416,25,,,1,28,,1112368,25,,,1,68,,1112375,25,,,1,30,,1112378,25,,,1,70,,1112376,25,,,1,29,,1112365,25,,,1,70,,1112367,25,,,1,25,,1112374,25,,,1,19,,1112409,1,,,1
1000,'17',535,,1112450,1,0,94,1,70,,1112424,1,0,94,1,30,,1112437,1,0,94,1,72,,1112436,1,0,94,1,30,,1112431,1,,,1,64,,1112421,25,,,1,30,,1112427,25,,,1,70,,1112444,25,,,1,30,,1112418,25,,,1,70,,1112420,25,,,1,31,,1112454,25,,,1,70,,1112425,25,,,1,30,,1112432,25,,,1,70,,1112443,25,,,1,30,,1112452,25,,,1,70,,1112448,25,,,1,30,,1112417,25,,,1,70,,1112451,25,,,1,30,,1112447,25,,,1,70,,1112434,25,,,1,30,,1112441,25,,,1,70,,1112439,25,,,1,30,,1112446,25,,,1,70,,1112449,25,,,1,30,,1112440,25,,,1,70,,1112433,25,,,1,30,,1112422,25,,,1,80,,1112419,1,,,1,30,,1112442,1,,,1,70,,1112429,1,,,1,30,,1112426,1,,,1,70,,1112445,1,,,1,30,,1112430,1,,,1,70,,1112435,1,,,1,30,,1112438,1,,,1,70,,1112423,1,,,1,30,,1112428,1,,,1,70,,1112453,1,,,1
1000,'2',530,,1112460,1,0,94,1,70,,1112468,1,0,94,1,28,,1112456,1,0,94,1,72,,1112476,1,,,1,30,,1112464,1,,,1,26,,1112483,25,,,1,70,,1112477,25,,,1,30,,1112484,25,,,1,70,,1011566,25,,,1,30,,1112478,25,,,1,71,,1112455,25,,,1,30,,1078927,25,,,1,70,,1112463,25,,,1,30,,1112462,25,,,1,70,,1112490,25,,,1,30,,1112485,25,,,1,70,,1112491,25,,,1,30,,1112488,25,,,1,70,,1112487,25,,,1,30,,1112474,25,,,1,70,,1017772,25,,,1,30,,1112480,25,,,1,70,,1112473,25,,,1,30,,1112467,25,,,1,70,,1112489,25,,,1,30,,1072927,25,,,1,70,,1112482,25,,,1,30,,1112469,25,,,1,70,,1112459,25,,,1,30,,1112481,25,,,1,70,,1112457,25,,,1,30,,1112479,25,,,1,70,,1112471,25,,,1,30,,1112475,25,,,1,70,,1112486,25,,,1,29,,1112466,25,,,1,70,,1112461,25,,,1,33,,1112458,1,,,1,70,,1112465,1,,,1,30,,1112472,1,,,1,80,,1112470,1,,,1
1000,'3',535,,1112525,1,0,94,1,70,,1112499,1,0,94,1,30,,1112512,1,0,94,1,72,,1112511,1,0,94,1,30,,1112506,1,,,1,64,,1112496,25,,,1,30,,1112502,25,,,1,70,,1112519,25,,,1,30,,1112493,25,,,1,70,,1112495,25,,,1,31,,1112529,25,,,1,70,,1112500,25,,,1,30,,1112507,25,,,1,70,,1112518,25,,,1,30,,1112527,25,,,1,70,,1112523,25,,,1,30,,1112492,25,,,1,70,,1112526,25,,,1,30,,1112522,25,,,1,70,,1112509,25,,,1,30,,1112516,25,,,1,70,,1112514,25,,,1,30,,1112521,25,,,1,70,,1112524,25,,,1,30,,1112515,25,,,1,70,,1112508,25,,,1,30,,1112497,25,,,1,80,,1112494,1,,,1,30,,1112517,1,,,1,70,,1112504,1,,,1,30,,1112501,1,,,1,70,,1112520,1,,,1,30,,1112505,1,,,1,70,,1112510,1,,,1,30,,1112513,1,,,1,70,,1112498,1,,,1,30,,1112503,1,,,1,70,,1112528,1,,,1
1000,'4',535,,1112532,1,0,94,1,70,,1112545,1,0,94,1,30,,1112548,1,0,94,1,72,,1112551,1,0,94,1,30,,1112541,1,,,1,64,,1112531,25,,,1,30,,1112550,25,,,1,70,,1112561,25,,,1,30,,1112562,25,,,1,70,,1112566,25,,,1,31,,1112539,25,,,1,70,,1112537,25,,,1,30,,1112543,25,,,1,70,,1112534,25,,,1,30,,1112535,25,,,1,70,,1112547,25,,,1,30,,1112557,25,,,1,70,,1112565,25,,,1,30,,1112563,25,,,1,70,,1112546,25,,,1,30,,1112554,25,,,1,70,,1112555,25,,,1,30,,1112549,25,,,1,70,,1112560,25,,,1,30,,1112542,25,,,1,70,,1112544,25,,,1,30,,1112559,25,,,1,80,,1112538,1,,,1,30,,1112552,1,,,1,70,,1112556,1,,,1,30,,1112530,1,,,1,70,,1112536,1,,,1,30,,1112553,1,,,1,70,,1112533,1,,,1,30,,1112540,1,,,1,70,,1043363,1,,,1,30,,1112558,1,,,1,70,,1112564,1,,,1
1000,'5',555,,1112618,1,,,1,74,,1112572,25,,,1,17,,1025621,1,,,1,55,,1112573,25,,,1,20,,1112607,1,,,1,15,,1067724,25,,,1,17,,1112599,1,,,1,57,,1112583,25,,,1,15,,1112605,1,,,1,17,,1112593,25,,,1,16,,1112615,1,,,1,56,,1112616,25,,,1,10,,1112576,1,,,1,15,,1063068,25,,,1,14,,1112584,1,,,1,54,,1112585,25,,,1,13,,1112590,1,,,1,15,,1112617,25,,,1,16,,1112611,1,,,1,55,,1112592,25,,,1,16,,1112612,1,,,1,14,,1112578,25,,,1,15,,953418,1,,,1,55,,1112613,25,,,1,14,,1112606,1,,,1,16,,1112597,25,,,1,16,,1084413,1,,,1,57,,1112608,25,,,1,15,,1112601,1,,,1,15,,1112571,25,,,1,14,,1084727,1,,,1,56,,1112603,25,,,1,17,,1112614,1,,,1,14,,1112575,25,,,1,19,,1112574,1,,,1,51,,1112587,25,,,1,3,,1075498,23,4,,1,18,,1071904,1,,,1,14,,1112580,25,,,1,55,,1112568,1,,,1,17,,1112596,25,,,1,17,,1093372,1,,,1,17,,1112581,25,,,1,55,,1112577,1,,,1,15,,1112591,25,,,1,15,,1112582,1,,,1,14,,1112610,25,,,1,53,,1094583,1,,,1,13,,1112604,25,,,1,28,,1112595,25,,,1,72,,1112602,25,,,1,23,,1112586,25,,,1,70,,1112594,25,,,1,28,,1112609,25,,,1,68,,1112569,25,,,1,30,,1112589,25,,,1,70,,1112567,25,,,1,29,,1112600,25,,,1,70,,1112579,25,,,1,25,,1112598,25,,,1,19,,1112570,1,,,1
1000,'6',555,,1112632,1,,,1,74,,1112662,25,,,1,17,,1112655,1,,,1,55,,1112650,25,,,1,20,,1112620,1,,,1,15,,1112646,25,,,1,17,,1112627,1,,,1,57,,1102992,25,,,1,15,,1023560,1,,,1,17,,1112645,25,,,1,16,,1112643,1,,,1,56,,1112637,25,,,1,10,,1112665,1,,,1,15,,1112619,25,,,1,14,,1112660,1,,,1,54,,1112639,25,,,1,13,,1112653,1,,,1,15,,1005076,25,,,1,16,,1112651,1,,,1,55,,1112652,25,,,1,16,,1096525,1,,,1,14,,1112667,25,,,1,15,,1112641,1,,,1,55,,1112626,25,,,1,14,,1112623,1,,,1,16,,1081459,25,,,1,16,,1112649,1,,,1,57,,1112628,25,,,1,15,,1112635,1,,,1,15,,929183,25,,,1,14,,1088962,1,,,1,56,,1088319,25,,,1,17,,1112622,1,,,1,14,,1112656,25,,,1,19,,1112638,1,,,1,51,,1100099,25,,,1,3,,1112644,23,4,,1,18,,1083719,1,,,1,14,,1112657,25,,,1,55,,1112661,1,,,1,17,,1112634,25,,,1,17,,1112621,1,,,1,17,,1112636,25,,,1,55,,1112648,1,,,1,15,,1112647,25,,,1,15,,1112642,1,,,1,14,,1112664,25,,,1,53,,1112654,1,,,1,13,,1068101,25,,,1,28,,1112658,25,,,1,72,,1112640,25,,,1,23,,1112666,25,,,1,70,,1027716,25,,,1,28,,1112625,25,,,1,68,,1112630,25,,,1,30,,1112633,25,,,1,70,,1112631,25,,,1,29,,1061840,25,,,1,70,,1112624,25,,,1,25,,1112629,25,,,1,19,,1112663,1,,,1
1000,'7',530,,1112706,1,0,94,1,70,,1112693,1,0,94,1,28,,1112690,1,0,94,1,72,,1112683,1,,,1,30,,1112676,1,,,1,26,,1112698,25,,,1,70,,1112675,25,,,1,30,,1112689,25,,,1,70,,1112691,25,,,1,30,,1112692,25,,,1,71,,1112686,25,,,1,30,,1112668,25,,,1,70,,1112684,25,,,1,30,,1112705,25,,,1,70,,1112707,25,,,1,30,,1112694,25,,,1,70,,1112704,25,,,1,30,,1112687,25,,,1,70,,1112671,25,,,1,30,,1112697,25,,,1,70,,1112669,25,,,1,30,,1112670,25,,,1,70,,1112682,25,,,1,30,,1112696,25,,,1,70,,1112688,25,,,1,30,,1112703,25,,,1,70,,1112708,25,,,1,30,,1112685,25,,,1,70,,1112699,25,,,1,30,,1112672,25,,,1,70,,1112700,25,,,1,30,,1112679,25,,,1,70,,1112673,25,,,1,30,,1112695,25,,,1,70,,1112681,25,,,1,29,,1112677,25,,,1,70,,1112680,25,,,1,33,,1112674,1,,,1,70,,1112678,1,,,1,30,,1112702,1,,,1,80,,1112701,1,,,1
1000,'8',555,,1112730,1,,,1,74,,1112761,25,,,1,17,,1112754,1,,,1,55,,1112748,25,,,1,20,,1112710,1,,,1,15,,1112744,25,,,1,17,,1112725,1,,,1,57,,1112711,25,,,1,15,,1112718,1,,,1,17,,1112743,25,,,1,16,,1112741,1,,,1,56,,1112735,25,,,1,10,,1112764,1,,,1,15,,1112709,25,,,1,14,,1112759,1,,,1,54,,1112737,25,,,1,13,,1112752,1,,,1,15,,1112712,25,,,1,16,,1112749,1,,,1,55,,1112751,25,,,1,16,,1112766,1,,,1,14,,1112769,25,,,1,15,,1112739,1,,,1,55,,1112724,25,,,1,14,,1112719,1,,,1,16,,1112767,25,,,1,16,,1112747,1,,,1,57,,1112726,25,,,1,15,,1112733,1,,,1,15,,1112713,25,,,1,14,,1112722,1,,,1,56,,1112765,25,,,1,17,,1112715,1,,,1,14,,1112755,25,,,1,19,,1112736,1,,,1,51,,1112716,25,,,1,3,,1112742,23,4,,1,18,,1112750,1,,,1,14,,1112756,25,,,1,55,,1112760,1,,,1,17,,1112732,25,,,1,17,,1112714,1,,,1,17,,1112734,25,,,1,55,,1112746,1,,,1,15,,1112745,25,,,1,15,,1112740,1,,,1,14,,1112763,25,,,1,53,,1112753,1,,,1,13,,1112723,25,,,1,28,,1112757,25,,,1,72,,1112738,25,,,1,23,,1112768,25,,,1,70,,1112770,25,,,1,28,,1112721,25,,,1,68,,1112728,25,,,1,30,,1112731,25,,,1,70,,1112729,25,,,1,29,,1112717,25,,,1,70,,1112720,25,,,1,25,,1112727,25,,,1,19,,1112762,1,,,1
1000,'9',555,,1112822,1,,,1,74,,1112776,25,,,1,17,,1025858,1,,,1,55,,1112777,25,,,1,20,,1112811,1,,,1,15,,1067707,25,,,1,17,,1112803,1,,,1,57,,1112787,25,,,1,15,,1112809,1,,,1,17,,1112797,25,,,1,16,,1112819,1,,,1,56,,1112820,25,,,1,10,,1112780,1,,,1,15,,1062892,25,,,1,14,,1112788,1,,,1,54,,1112789,25,,,1,13,,1112794,1,,,1,15,,1112821,25,,,1,16,,1112815,1,,,1,55,,1112796,25,,,1,16,,1112816,1,,,1,14,,1112782,25,,,1,15,,953390,1,,,1,55,,1112817,25,,,1,14,,1112810,1,,,1,16,,1112801,25,,,1,16,,1084323,1,,,1,57,,1112812,25,,,1,15,,1112805,1,,,1,15,,1112775,25,,,1,14,,1084639,1,,,1,56,,1112807,25,,,1,17,,1112818,1,,,1,14,,1112779,25,,,1,19,,1112778,1,,,1,51,,1112791,25,,,1,3,,1075302,23,4,,1,18,,1071832,1,,,1,14,,1112784,25,,,1,55,,1112772,1,,,1,17,,1112800,25,,,1,17,,1093216,1,,,1,17,,1112785,25,,,1,55,,1112781,1,,,1,15,,1112795,25,,,1,15,,1112786,1,,,1,14,,1112814,25,,,1,53,,1094486,1,,,1,13,,1112808,25,,,1,28,,1112799,25,,,1,72,,1112806,25,,,1,23,,1112790,25,,,1,70,,1112798,25,,,1,28,,1112813,25,,,1,68,,1112773,25,,,1,30,,1112793,25,,,1,70,,1112771,25,,,1,29,,1112804,25,,,1,70,,1112783,25,,,1,25,,1112802,25,,,1,19,,1112774,1,,,1
1001,'1',550,,1112869,29,4,,1,71,,1112830,29,,,1,38,,1112849,29,,,1,55,,1112826,29,4,,1,15,,1072359,29,,,1,15,,1112832,29,4,,1,57,,1112842,29,,,1,14,,1112829,29,4,,1,16,,1112824,29,,,1,19,,1112850,29,4,,1,52,,1112837,29,,,1,14,,1112868,29,4,,1,14,,1077939,29,,,1,15,,1112848,29,4,,1,13,,1112833,29,,,1,55,,1112853,29,4,,1,15,,1112839,29,,,1,15,,1112864,29,4,,1,15,,1112860,29,,,1,56,,1112866,29,4,,1,14,,1112854,29,,,1,15,,1112831,29,4,,1,15,,1112862,29,,,1,55,,1080081,29,4,,1,15,,1112823,29,,,1,15,,1112852,29,4,,1,15,,1112867,29,,,1,55,,1112859,29,4,,1,16,,1112841,29,,,1,16,,1112825,29,4,,1,55,,1112861,29,,,1,16,,1112857,29,4,,1,16,,1112856,29,,,1,15,,1112858,29,4,,1,53,,951843,29,,,1,18,,1112845,29,4,,1,16,,1112863,29,,,1,15,,1112835,29,4,,1,55,,1077933,29,,,1,16,,1112840,29,4,,1,14,,1031295,29,,,1,15,,1082906,29,4,,1,55,,1112846,29,,,1,15,,1018468,29,4,,1,15,,1112844,29,,,1,15,,1112827,29,4,,1,57,,1066531,29,,,1,14,,1112865,29,4,,1,25,,1112851,29,,,1,70,,1112847,29,,,1,30,,1112834,29,,,1,70,,1053778,29,,,1,30,,1112828,29,,,1,70,,1101621,29,,,1,29,,1112843,29,,,1,70,,1112838,29,,,1,26,,1112836,29,,,1,70,,1112855,29,,,1,27,,1083606,29,,,1
1001,'10',550,,1112916,29,4,,1,71,,1112877,29,,,1,38,,1112896,29,,,1,55,,1112873,29,4,,1,15,,1072213,29,,,1,15,,1112879,29,4,,1,57,,1112889,29,,,1,14,,1112876,29,4,,1,16,,1112871,29,,,1,19,,1112897,29,4,,1,52,,1112884,29,,,1,14,,1112915,29,4,,1,14,,1077730,29,,,1,15,,1112895,29,4,,1,13,,1112880,29,,,1,55,,1112900,29,4,,1,15,,1112886,29,,,1,15,,1112911,29,4,,1,15,,1112907,29,,,1,56,,1112913,29,4,,1,14,,1112901,29,,,1,15,,1112878,29,4,,1,15,,1112909,29,,,1,55,,1080026,29,4,,1,15,,1112870,29,,,1,15,,1112899,29,4,,1,15,,1112914,29,,,1,55,,1112906,29,4,,1,16,,1112888,29,,,1,16,,1112872,29,4,,1,55,,1112908,29,,,1,16,,1112904,29,4,,1,16,,1112903,29,,,1,15,,1112905,29,4,,1,53,,951665,29,,,1,18,,1112892,29,4,,1,16,,1112910,29,,,1,15,,1112882,29,4,,1,55,,1077724,29,,,1,16,,1112887,29,4,,1,14,,1031379,29,,,1,15,,1082846,29,4,,1,55,,1112893,29,,,1,15,,1018623,29,4,,1,15,,1112891,29,,,1,15,,1112874,29,4,,1,57,,1066309,29,,,1,14,,1112912,29,4,,1,25,,1112898,29,,,1,70,,1112894,29,,,1,30,,1112881,29,,,1,70,,1053871,29,,,1,30,,1112875,29,,,1,70,,1101529,29,,,1,29,,1112890,29,,,1,70,,1112885,29,,,1,26,,1112883,29,,,1,70,,1112902,29,,,1,27,,1083367,29,,,1
1001,'11',550,,1112963,29,4,,1,71,,1112924,29,,,1,38,,1112943,29,,,1,55,,1112920,29,4,,1,15,,1072395,29,,,1,15,,1112926,29,4,,1,57,,1112936,29,,,1,14,,1112923,29,4,,1,16,,1112918,29,,,1,19,,1112944,29,4,,1,52,,1112931,29,,,1,14,,1112962,29,4,,1,14,,1078002,29,,,1,15,,1112942,29,4,,1,13,,1112927,29,,,1,55,,1112947,29,4,,1,15,,1112933,29,,,1,15,,1112958,29,4,,1,15,,1112954,29,,,1,56,,1112960,29,4,,1,14,,1112948,29,,,1,15,,1112925,29,4,,1,15,,1112956,29,,,1,55,,1080099,29,4,,1,15,,1112917,29,,,1,15,,1112946,29,4,,1,15,,1112961,29,,,1,55,,1112953,29,4,,1,16,,1112935,29,,,1,16,,1112919,29,4,,1,55,,1112955,29,,,1,16,,1112951,29,4,,1,16,,1112950,29,,,1,15,,1112952,29,4,,1,53,,951814,29,,,1,18,,1112939,29,4,,1,16,,1112957,29,,,1,15,,1112929,29,4,,1,55,,1077996,29,,,1,16,,1112934,29,4,,1,14,,1031269,29,,,1,15,,1082926,29,4,,1,55,,1112940,29,,,1,15,,1018423,29,4,,1,15,,1112938,29,,,1,15,,1112921,29,4,,1,57,,1066598,29,,,1,14,,1112959,29,4,,1,25,,1112945,29,,,1,70,,1112941,29,,,1,30,,1112928,29,,,1,70,,1053750,29,,,1,30,,1112922,29,,,1,70,,1101649,29,,,1,29,,1112937,29,,,1,70,,1112932,29,,,1,26,,1112930,29,,,1,70,,1112949,29,,,1,27,,1083676,29,,,1
1001,'12',550,,1113004,29,4,,1,71,,1112997,29,,,1,38,,1112983,29,,,1,55,,1112979,29,4,,1,15,,1112974,29,,,1,15,,1112987,29,4,,1,57,,1112972,29,,,1,14,,1112977,29,4,,1,16,,1113014,29,,,1,19,,1112990,29,4,,1,52,,1112992,29,,,1,14,,1113006,29,4,,1,14,,1112999,29,,,1,15,,1113013,29,4,,1,13,,1112973,29,,,1,55,,1112968,29,4,,1,15,,1113011,29,,,1,15,,1113010,29,4,,1,15,,1112976,29,,,1,56,,1112991,29,4,,1,14,,1113002,29,,,1,15,,1112988,29,4,,1,15,,1112996,29,,,1,55,,1112965,29,4,,1,15,,1113009,29,,,1,15,,1112986,29,4,,1,15,,1112966,29,,,1,55,,1112970,29,4,,1,16,,1113007,29,,,1,16,,1112985,29,4,,1,55,,1112995,29,,,1,16,,1113015,29,4,,1,16,,1112982,29,,,1,15,,1067955,29,4,,1,53,,1047520,29,,,1,18,,1113003,29,4,,1,16,,1032356,29,,,1,15,,1113008,29,4,,1,55,,1113016,29,,,1,16,,1079509,29,4,,1,14,,1112980,29,,,1,15,,1112978,29,4,,1,55,,1113012,29,,,1,15,,1113001,29,4,,1,15,,1112969,29,,,1,15,,1112998,29,4,,1,57,,1112989,29,,,1,14,,1112994,29,4,,1,25,,1112984,29,,,1,70,,1112967,29,,,1,30,,1113000,29,,,1,70,,1026015,29,,,1,30,,1112964,29,,,1,70,,1112971,29,,,1,29,,1112975,29,,,1,70,,1112981,29,,,1,26,,1113005,29,,,1,70,,1076936,29,,,1,27,,1112993,29,,,1
1001,'13',602,,1113033,18,4,,1,30,,1113043,18,4,,1,70,,1113024,18,4,,1,30,,1113032,29,4,,1,70,,1113027,29,4,,1,34,,1113040,29,,,1,70,,1113046,29,,,1,30,,1113017,29,,,1,70,,1113047,29,,,1,32,,1113023,29,,,1,70,,1063913,29,,,1,30,,1113038,29,,,1,70,,1113020,29,,,1,31,,1113037,29,,,1,70,,1113022,29,,,1,30,,1113042,29,,,1,70,,1113044,29,,,1,30,,1113021,29,,,1,70,,1113031,29,,,1,30,,1113035,29,,,1,70,,1113048,29,,,1,30,,1113045,29,,,1,70,,1113039,29,,,1,30,,1070813,29,,,1,70,,1091149,29,,,1,29,,1113034,29,,,1,70,,1113026,29,4,,1,30,,1113019,29,4,,1,68,,1113018,29,4,,1,31,,1113041,29,4,,1,70,,1113028,29,4,,1,30,,1078199,29,4,,1,70,,1113036,29,4,,1,29,,1113025,29,4,,1,70,,1113029,29,4,,1,30,,1113030,29,4,,1
1001,'14',550,,1113104,29,4,,1,71,,1113063,29,,,1,38,,1113082,29,,,1,55,,1113058,29,4,,1,15,,1113107,29,,,1,15,,1113065,29,4,,1,57,,1113075,29,,,1,14,,1113061,29,4,,1,16,,1113051,29,,,1,19,,1113083,29,4,,1,52,,1113070,29,,,1,14,,1113103,29,4,,1,14,,1113056,29,,,1,15,,1113081,29,4,,1,13,,1113066,29,,,1,55,,1113086,29,4,,1,15,,1113072,29,,,1,15,,1113097,29,4,,1,15,,1113093,29,,,1,56,,1113099,29,4,,1,14,,1113087,29,,,1,15,,1113064,29,4,,1,15,,1113095,29,,,1,55,,1113054,29,4,,1,15,,1113050,29,,,1,15,,1113085,29,4,,1,15,,1113100,29,,,1,55,,1113092,29,4,,1,16,,1113074,29,,,1,16,,1113055,29,4,,1,55,,1113094,29,,,1,16,,1113090,29,4,,1,16,,1113089,29,,,1,15,,1113091,29,4,,1,53,,1113106,29,,,1,18,,1113078,29,4,,1,16,,1113096,29,,,1,15,,1113068,29,4,,1,55,,1113053,29,,,1,16,,1113073,29,4,,1,14,,1113049,29,,,1,15,,1113057,29,4,,1,55,,1113079,29,,,1,15,,1113101,29,4,,1,15,,1113077,29,,,1,15,,1113059,29,4,,1,57,,1113102,29,,,1,14,,1113098,29,4,,1,25,,1113084,29,,,1,70,,1113080,29,,,1,30,,1113067,29,,,1,70,,1113052,29,,,1,30,,1113060,29,,,1,70,,1113105,29,,,1,29,,1113076,29,,,1,70,,1113071,29,,,1,26,,1113069,29,,,1,70,,1113088,29,,,1,27,,1113062,29,,,1
1001,'15',550,,1113142,29,4,,1,71,,1113152,29,,,1,38,,1113116,29,,,1,55,,1113136,29,4,,1,15,,1113108,29,,,1,15,,1113155,29,4,,1,57,,1113135,29,,,1,14,,1113111,29,4,,1,16,,1113110,29,,,1,19,,1113148,29,4,,1,52,,1113139,29,,,1,14,,1113131,29,4,,1,14,,1113133,29,,,1,15,,1113123,29,4,,1,13,,1113109,29,,,1,55,,1113121,29,4,,1,15,,1113112,29,,,1,15,,1113125,29,4,,1,15,,1113144,29,,,1,56,,1113146,29,4,,1,14,,1113156,29,,,1,15,,1113159,29,4,,1,15,,1113130,29,,,1,55,,1113128,29,4,,1,15,,1113126,29,,,1,15,,1113154,29,4,,1,15,,1113115,29,,,1,55,,1113138,29,4,,1,16,,1113158,29,,,1,16,,1113141,29,4,,1,55,,1113127,29,,,1,16,,1113140,29,4,,1,16,,1113145,29,,,1,15,,1113119,29,4,,1,53,,1113124,29,,,1,18,,1113160,29,4,,1,16,,1113157,29,,,1,15,,1113151,29,4,,1,55,,1113163,29,,,1,16,,1113147,29,4,,1,14,,1113161,29,,,1,15,,1113162,29,4,,1,55,,1113143,29,,,1,15,,1113149,29,4,,1,15,,1113134,29,,,1,15,,1113165,29,4,,1,57,,1113113,29,,,1,14,,1113153,29,4,,1,25,,1113132,29,,,1,70,,1113150,29,,,1,30,,1113166,29,,,1,70,,1113122,29,,,1,30,,1113129,29,,,1,70,,1113137,29,,,1,29,,1113117,29,,,1,70,,1113120,29,,,1,26,,1113114,29,,,1,70,,1113164,29,,,1,27,,1113118,29,,,1
1001,'16',550,,1113208,29,4,,1,71,,1113201,29,,,1,38,,1113187,29,,,1,55,,1113183,29,4,,1,15,,1113178,29,,,1,15,,1113191,29,4,,1,57,,1113176,29,,,1,14,,1113181,29,4,,1,16,,1046424,29,,,1,19,,1113194,29,4,,1,52,,1113196,29,,,1,14,,1113210,29,4,,1,14,,1113203,29,,,1,15,,1113216,29,4,,1,13,,1113177,29,,,1,55,,1113171,29,4,,1,15,,1113214,29,,,1,15,,1063175,29,4,,1,15,,1113180,29,,,1,56,,1113195,29,4,,1,14,,1113206,29,,,1,15,,1113192,29,4,,1,15,,1113200,29,,,1,55,,1113167,29,4,,1,15,,1113213,29,,,1,15,,1113190,29,4,,1,15,,945323,29,,,1,55,,1113173,29,4,,1,16,,1113211,29,,,1,16,,1113189,29,4,,1,55,,1113199,29,,,1,16,,1113217,29,4,,1,16,,1113186,29,,,1,15,,1113174,29,4,,1,53,,1113169,29,,,1,18,,1113207,29,4,,1,16,,1113168,29,,,1,15,,1113212,29,4,,1,55,,1113218,29,,,1,16,,1113219,29,4,,1,14,,1113184,29,,,1,15,,1113182,29,4,,1,55,,1113215,29,,,1,15,,1113205,29,4,,1,15,,1073874,29,,,1,15,,1113202,29,4,,1,57,,1113193,29,,,1,14,,1113198,29,4,,1,25,,1113188,29,,,1,70,,1113170,29,,,1,30,,1113204,29,,,1,70,,1113220,29,,,1,30,,1099697,29,,,1,70,,1113175,29,,,1,29,,1113179,29,,,1,70,,1113185,29,,,1,26,,1113209,29,,,1,70,,1113172,29,,,1,27,,1113197,29,,,1
1001,'17',602,,1113240,18,4,,1,30,,1113251,18,4,,1,70,,1113230,18,4,,1,30,,1113239,29,4,,1,70,,1113233,29,4,,1,34,,1113248,29,,,1,70,,1113254,29,,,1,30,,1113223,29,,,1,70,,1113255,29,,,1,32,,1113229,29,,,1,70,,1113222,29,,,1,30,,1113245,29,,,1,70,,1113226,29,,,1,31,,1113244,29,,,1,70,,1113228,29,,,1,30,,1113250,29,,,1,70,,1113252,29,,,1,30,,1113227,29,,,1,70,,1113238,29,,,1,30,,1113242,29,,,1,70,,1113256,29,,,1,30,,1113253,29,,,1,70,,1113247,29,,,1,30,,1113221,29,,,1,70,,1113236,29,,,1,29,,1113241,29,,,1,70,,1113232,29,4,,1,30,,1113225,29,4,,1,68,,1113224,29,4,,1,31,,1113249,29,4,,1,70,,1113234,29,4,,1,30,,1113246,29,4,,1,70,,1113243,29,4,,1,29,,1113231,29,4,,1,70,,1113235,29,4,,1,30,,1113237,29,4,,1
1001,'2',556,,1113267,18,4,,1,70,,1074184,18,4,,1,30,,1113277,18,4,,1,71,,1113272,29,4,,1,75,,1113264,29,4,,1,32,,1113288,29,4,,1,70,,1113273,29,,,1,30,,1113279,29,,,1,70,,1113282,29,,,1,32,,1113266,29,,,1,70,,1113260,29,,,1,30,,1113283,29,,,1,70,,1113289,29,,,1,31,,1113259,29,,,1,70,,1113284,29,,,1,30,,1113287,29,,,1,70,,1099907,29,,,1,30,,1113269,29,,,1,70,,1113257,29,,,1,30,,1001732,29,,,1,70,,1113262,29,,,1,30,,1113275,29,,,1,70,,1113271,29,,,1,30,,1113290,29,,,1,70,,1113270,29,,,1,29,,1113281,29,,,1,70,,1113274,29,,,1,30,,1113276,29,,,1,70,,1113285,29,,,1,29,,1113286,29,,,1,70,,1113258,29,,,1,30,,1113263,29,,,1,70,,1113265,29,,,1,29,,1113268,29,,,1,70,,1113261,29,,,1,25,,1077775,29,4,,1,28,,1049105,29,4,,1,69,,1113280,29,4,,1,30,,1113278,29,4,,1
1001,'3',602,,1113310,18,4,,1,30,,1113321,18,4,,1,70,,1113300,18,4,,1,30,,1113309,29,4,,1,70,,1113303,29,4,,1,34,,1113318,29,,,1,70,,1113324,29,,,1,30,,1113293,29,,,1,70,,1113325,29,,,1,32,,1113299,29,,,1,70,,1113292,29,,,1,30,,1113315,29,,,1,70,,1113296,29,,,1,31,,1113314,29,,,1,70,,1113298,29,,,1,30,,1113320,29,,,1,70,,1113322,29,,,1,30,,1113297,29,,,1,70,,1113308,29,,,1,30,,1113312,29,,,1,70,,1113326,29,,,1,30,,1113323,29,,,1,70,,1113317,29,,,1,30,,1113291,29,,,1,70,,1113306,29,,,1,29,,1113311,29,,,1,70,,1113302,29,4,,1,30,,1113295,29,4,,1,68,,1113294,29,4,,1,31,,1113319,29,4,,1,70,,1113304,29,4,,1,30,,1113316,29,4,,1,70,,1113313,29,4,,1,29,,1113301,29,4,,1,70,,1113305,29,4,,1,30,,1113307,29,4,,1
1001,'4',602,,1113351,18,4,,1,30,,1113341,18,4,,1,70,,1113327,18,4,,1,30,,1113347,29,4,,1,70,,1113330,29,4,,1,34,,1113352,29,,,1,70,,1113346,29,,,1,30,,1113331,29,,,1,70,,1113349,29,,,1,32,,1113353,29,,,1,70,,1097747,29,,,1,30,,1113356,29,,,1,70,,1063977,29,,,1,31,,1113348,29,,,1,70,,1084076,29,,,1,30,,1113339,29,,,1,70,,1113357,29,,,1,30,,1113340,29,,,1,70,,1113334,29,,,1,30,,1113336,29,,,1,70,,1113354,29,,,1,30,,1113329,29,,,1,70,,1113342,29,,,1,30,,1113333,29,,,1,70,,1096337,29,,,1,29,,1113338,29,,,1,70,,1113355,29,4,,1,30,,1113328,29,4,,1,68,,1113344,29,4,,1,31,,1113345,29,4,,1,70,,1113343,29,4,,1,30,,1113350,29,4,,1,70,,1113335,29,4,,1,29,,1113337,29,4,,1,70,,1113332,29,4,,1,30,,1051391,29,4,,1
1001,'5',550,,1113404,29,4,,1,71,,1113365,29,,,1,38,,1113384,29,,,1,55,,1113361,29,4,,1,15,,1072338,29,,,1,15,,1113367,29,4,,1,57,,1113377,29,,,1,14,,1113364,29,4,,1,16,,1113359,29,,,1,19,,1113385,29,4,,1,52,,1113372,29,,,1,14,,1113403,29,4,,1,14,,1077900,29,,,1,15,,1113383,29,4,,1,13,,1113368,29,,,1,55,,1113388,29,4,,1,15,,1113374,29,,,1,15,,1113399,29,4,,1,15,,1113395,29,,,1,56,,1113401,29,4,,1,14,,1113389,29,,,1,15,,1113366,29,4,,1,15,,1113397,29,,,1,55,,1080072,29,4,,1,15,,1113358,29,,,1,15,,1113387,29,4,,1,15,,1113402,29,,,1,55,,1113394,29,4,,1,16,,1113376,29,,,1,16,,1113360,29,4,,1,55,,1113396,29,,,1,16,,1113392,29,4,,1,16,,1113391,29,,,1,15,,1113393,29,4,,1,53,,951932,29,,,1,18,,1113380,29,4,,1,16,,1113398,29,,,1,15,,1113370,29,4,,1,55,,1077894,29,,,1,16,,1113375,29,4,,1,14,,1031165,29,,,1,15,,1082886,29,4,,1,55,,1113381,29,,,1,15,,1018236,29,4,,1,15,,1113379,29,,,1,15,,1113362,29,4,,1,57,,1066492,29,,,1,14,,1113400,29,4,,1,25,,1113386,29,,,1,70,,1113382,29,,,1,30,,1113369,29,,,1,70,,1053629,29,,,1,30,,1113363,29,,,1,70,,1101604,29,,,1,29,,1113378,29,,,1,70,,1113373,29,,,1,26,,1113371,29,,,1,70,,1113390,29,,,1,27,,1083567,29,,,1
1001,'6',550,,1113447,29,4,,1,71,,1113440,29,,,1,38,,1113426,29,,,1,55,,1113422,29,4,,1,15,,1113417,29,,,1,15,,1113430,29,4,,1,57,,1113415,29,,,1,14,,1113420,29,4,,1,16,,1113453,29,,,1,19,,1113433,29,4,,1,52,,1113435,29,,,1,14,,1113449,29,4,,1,14,,1113442,29,,,1,15,,1085724,29,4,,1,13,,1113416,29,,,1,55,,1067517,29,4,,1,15,,1039263,29,,,1,15,,1113452,29,4,,1,15,,1113419,29,,,1,56,,1113434,29,4,,1,14,,1113445,29,,,1,15,,1113431,29,4,,1,15,,1113439,29,,,1,55,,1113406,29,4,,1,15,,1113451,29,,,1,15,,1113429,29,4,,1,15,,1113408,29,,,1,55,,1065207,29,4,,1,16,,1007847,29,,,1,16,,1113428,29,4,,1,55,,1113438,29,,,1,16,,1087015,29,4,,1,16,,1113425,29,,,1,15,,1113413,29,4,,1,53,,1113409,29,,,1,18,,1113446,29,4,,1,16,,1113407,29,,,1,15,,1113450,29,4,,1,55,,1019505,29,,,1,16,,1113454,29,4,,1,14,,1113423,29,,,1,15,,1113421,29,4,,1,55,,1019713,29,,,1,15,,1113444,29,4,,1,15,,1113412,29,,,1,15,,1113441,29,4,,1,57,,1113432,29,,,1,14,,1113437,29,4,,1,25,,1113427,29,,,1,70,,1113410,29,,,1,30,,1113443,29,,,1,70,,1113455,29,,,1,30,,1113405,29,,,1,70,,1113414,29,,,1,29,,1113418,29,,,1,70,,1113424,29,,,1,26,,1113448,29,,,1,70,,1113411,29,,,1,27,,1113436,29,,,1
1001,'7',556,,1113480,18,4,,1,70,,1113466,18,4,,1,30,,1113459,18,4,,1,71,,1113482,29,4,,1,75,,1113481,29,4,,1,32,,1113485,29,4,,1,70,,1113461,29,,,1,30,,1113462,29,,,1,70,,1113457,29,,,1,32,,1113486,29,,,1,70,,1113465,29,,,1,30,,1113456,29,,,1,70,,1113471,29,,,1,31,,1113472,29,,,1,70,,1113475,29,,,1,30,,1113491,29,,,1,70,,1113479,29,,,1,30,,1113488,29,,,1,70,,1113487,29,,,1,30,,1113469,29,,,1,70,,1113473,29,,,1,30,,1113467,29,,,1,70,,1113458,29,,,1,30,,1113493,29,,,1,70,,1113477,29,,,1,29,,1113474,29,,,1,70,,1113464,29,,,1,30,,1113470,29,,,1,70,,1113468,29,,,1,29,,1113492,29,,,1,70,,1113484,29,,,1,30,,1113460,29,,,1,70,,1113478,29,,,1,29,,1113494,29,,,1,70,,1113490,29,,,1,25,,1113489,29,4,,1,28,,1113476,29,4,,1,69,,1113483,29,4,,1,30,,1113463,29,4,,1
1001,'8',550,,1113539,29,4,,1,71,,1113532,29,,,1,38,,1113518,29,,,1,55,,1113514,29,4,,1,15,,1113509,29,,,1,15,,1113522,29,4,,1,57,,1113507,29,,,1,14,,1113512,29,4,,1,16,,1113549,29,,,1,19,,1113525,29,4,,1,52,,1113527,29,,,1,14,,1113541,29,4,,1,14,,1113534,29,,,1,15,,1113548,29,4,,1,13,,1113508,29,,,1,55,,1113501,29,4,,1,15,,1113546,29,,,1,15,,1113545,29,4,,1,15,,1113511,29,,,1,56,,1113526,29,4,,1,14,,1113537,29,,,1,15,,1113523,29,4,,1,15,,1113531,29,,,1,55,,1113496,29,4,,1,15,,1113544,29,,,1,15,,1113521,29,4,,1,15,,1113498,29,,,1,55,,1113504,29,4,,1,16,,1113542,29,,,1,16,,1113520,29,4,,1,55,,1113530,29,,,1,16,,1113550,29,4,,1,16,,1113517,29,,,1,15,,1113505,29,4,,1,53,,1113499,29,,,1,18,,1113538,29,4,,1,16,,1113497,29,,,1,15,,1113543,29,4,,1,55,,1113551,29,,,1,16,,1113552,29,4,,1,14,,1113515,29,,,1,15,,1113513,29,4,,1,55,,1113547,29,,,1,15,,1113536,29,4,,1,15,,1113503,29,,,1,15,,1113533,29,4,,1,57,,1113524,29,,,1,14,,1113529,29,4,,1,25,,1113519,29,,,1,70,,1113500,29,,,1,30,,1113535,29,,,1,70,,1113553,29,,,1,30,,1113495,29,,,1,70,,1113506,29,,,1,29,,1113510,29,,,1,70,,1113516,29,,,1,26,,1113540,29,,,1,70,,1113502,29,,,1,27,,1113528,29,,,1
1001,'9',550,,1113600,29,4,,1,71,,1113561,29,,,1,38,,1113580,29,,,1,55,,1113557,29,4,,1,15,,1072260,29,,,1,15,,1113563,29,4,,1,57,,1113573,29,,,1,14,,1113560,29,4,,1,16,,1113555,29,,,1,19,,1113581,29,4,,1,52,,1113568,29,,,1,14,,1113599,29,4,,1,14,,1077799,29,,,1,15,,1113579,29,4,,1,13,,1113564,29,,,1,55,,1113584,29,4,,1,15,,1113570,29,,,1,15,,1113595,29,4,,1,15,,1113591,29,,,1,56,,1113597,29,4,,1,14,,1113585,29,,,1,15,,1113562,29,4,,1,15,,1113593,29,,,1,55,,1080043,29,4,,1,15,,1113554,29,,,1,15,,1113583,29,4,,1,15,,1113598,29,,,1,55,,1113590,29,4,,1,16,,1113572,29,,,1,16,,1113556,29,4,,1,55,,1113592,29,,,1,16,,1113588,29,4,,1,16,,1113587,29,,,1,15,,1113589,29,4,,1,53,,951903,29,,,1,18,,1113576,29,4,,1,16,,1113594,29,,,1,15,,1113566,29,4,,1,55,,1077793,29,,,1,16,,1113571,29,4,,1,14,,1031321,29,,,1,15,,1082866,29,4,,1,55,,1113577,29,,,1,15,,1018513,29,4,,1,15,,1113575,29,,,1,15,,1113558,29,4,,1,57,,1066376,29,,,1,14,,1113596,29,4,,1,25,,1113582,29,,,1,70,,1113578,29,,,1,30,,1113565,29,,,1,70,,1053806,29,,,1,30,,1113559,29,,,1,70,,1101556,29,,,1,29,,1113574,29,,,1,70,,1113569,29,,,1,26,,1113567,29,,,1,70,,1113586,29,,,1,27,,1083438,29,,,1
1200,'1',610,,1115288,12,,,1,31,,1115287,12,,,1,69,,1115329,12,,,1,19,,1115285,12,,,1,16,,1115323,12,,,1,56,,1089770,12,,,1,17,,1115304,12,,,1,15,,1115301,12,,,1,15,,1115280,12,,,1,55,,1115275,12,,,1,14,,1115308,12,,,1,15,,1115319,12,,,1,14,,1115302,12,,,1,55,,1115270,12,,,1,16,,1115309,12,,,1,14,,1115272,12,,,1,15,,1066174,12,,,1,55,,1115328,12,,,1,15,,1115332,12,,,1,15,,1115295,12,,,1,15,,1115273,12,,,1,55,,1115297,12,,,1,15,,1115293,12,,,1,15,,1115312,12,,,1,15,,1115306,12,,,1,55,,1115317,12,,,1,15,,1063632,12,,,1,15,,1115282,12,,,1,13,,1115305,12,,,1,56,,1095209,12,,,1,16,,1115307,12,,,1,15,,1094149,12,,,1,70,,1115278,12,,,1,17,,1115314,12,,,1,15,,1115324,12,,,1,15,,1115313,12,,,1,55,,1079554,12,,,1,15,,1115318,12,,,1,32,,1059073,12,,,1,54,,1115321,12,,,1,17,,1115290,12,,,1,15,,1115322,12,,,1,13,,1115310,12,,,1,54,,1036991,12,,,1,12,,1115271,12,,,1,14,,1115316,12,,,1,71,,1115315,12,,,1,31,,1115298,12,,,1,70,,1115326,12,,,1,29,,1115289,12,,,1,71,,1115330,12,,,1,31,,1115300,12,,,1,69,,1115286,12,,,1,29,,1115276,12,,,1,100,,1115274,12,,,1
1200,'10',610,,1115351,12,,,1,31,,1115350,12,,,1,69,,1115392,12,,,1,19,,1115348,12,,,1,16,,1115386,12,,,1,56,,1089627,12,,,1,17,,1115367,12,,,1,15,,1115364,12,,,1,15,,1115343,12,,,1,55,,1115338,12,,,1,14,,1115371,12,,,1,15,,1115382,12,,,1,14,,1115365,12,,,1,55,,1115333,12,,,1,16,,1115372,12,,,1,14,,1115335,12,,,1,15,,1065952,12,,,1,55,,1115391,12,,,1,15,,1115395,12,,,1,15,,1115358,12,,,1,15,,1115336,12,,,1,55,,1115360,12,,,1,15,,1115356,12,,,1,15,,1115375,12,,,1,15,,1115369,12,,,1,55,,1115380,12,,,1,15,,1063328,12,,,1,15,,1115345,12,,,1,13,,1115368,12,,,1,56,,1094963,12,,,1,16,,1115370,12,,,1,15,,1093929,12,,,1,70,,1115341,12,,,1,17,,1115377,12,,,1,15,,1115387,12,,,1,15,,1115376,12,,,1,55,,1079362,12,,,1,15,,1115381,12,,,1,32,,1059089,12,,,1,54,,1115384,12,,,1,17,,1115353,12,,,1,15,,1115385,12,,,1,13,,1115373,12,,,1,54,,1037221,12,,,1,12,,1115334,12,,,1,14,,1115379,12,,,1,71,,1115378,12,,,1,31,,1115361,12,,,1,70,,1115389,12,,,1,29,,1115352,12,,,1,71,,1115393,12,,,1,31,,1115363,12,,,1,69,,1115349,12,,,1,29,,1115339,12,,,1,100,,1115337,12,,,1
1200,'11',610,,1115414,12,,,1,31,,1115413,12,,,1,69,,1115455,12,,,1,19,,1115411,12,,,1,16,,1115449,12,,,1,56,,1089812,12,,,1,17,,1115430,12,,,1,15,,1115427,12,,,1,15,,1115406,12,,,1,55,,1115401,12,,,1,14,,1115434,12,,,1,15,,1115445,12,,,1,14,,1115428,12,,,1,55,,1115396,12,,,1,16,,1115435,12,,,1,14,,1115398,12,,,1,15,,1066245,12,,,1,55,,1115454,12,,,1,15,,1115458,12,,,1,15,,1115421,12,,,1,15,,1115399,12,,,1,55,,1115423,12,,,1,15,,1115419,12,,,1,15,,1115438,12,,,1,15,,1115432,12,,,1,55,,1115443,12,,,1,15,,1063724,12,,,1,15,,1115408,12,,,1,13,,1115431,12,,,1,56,,1095283,12,,,1,16,,1115433,12,,,1,15,,1094212,12,,,1,70,,1115404,12,,,1,17,,1115440,12,,,1,15,,1115450,12,,,1,15,,1115439,12,,,1,55,,1079613,12,,,1,15,,1115444,12,,,1,32,,1059068,12,,,1,54,,1115447,12,,,1,17,,1115416,12,,,1,15,,1115448,12,,,1,13,,1115436,12,,,1,54,,1036924,12,,,1,12,,1115397,12,,,1,14,,1115442,12,,,1,71,,1115441,12,,,1,31,,1115424,12,,,1,70,,1115452,12,,,1,29,,1115415,12,,,1,71,,1115456,12,,,1,31,,1115426,12,,,1,69,,1115412,12,,,1,29,,1115402,12,,,1,100,,1115400,12,,,1
1200,'12',610,,1115492,12,,,1,31,,1115498,12,,,1,69,,1115502,12,,,1,19,,1096706,12,,,1,16,,1115491,12,,,1,56,,1115519,12,,,1,17,,1115522,12,,,1,15,,1115482,12,,,1,15,,1115493,12,,,1,55,,1115494,12,,,1,14,,1115500,12,,,1,15,,1115460,12,,,1,14,,1115488,12,,,1,55,,1115509,12,,,1,16,,1115517,12,,,1,14,,1115459,12,,,1,15,,1115466,12,,,1,55,,1115464,12,,,1,15,,1115511,12,,,1,15,,1115490,12,,,1,15,,1115483,12,,,1,55,,1115480,12,,,1,15,,1115489,12,,,1,15,,1115496,12,,,1,15,,1115468,12,,,1,55,,1115476,12,,,1,15,,902476,12,,,1,15,,1115487,12,,,1,13,,1115472,12,,,1,56,,1115513,12,,,1,16,,1115499,12,,,1,15,,1065739,12,,,1,70,,1115462,12,,,1,17,,1115514,12,,,1,15,,1115474,12,,,1,15,,1115518,12,,,1,55,,1036362,12,,,1,15,,1115470,12,,,1,32,,1115463,12,,,1,54,,1080438,12,,,1,17,,1115479,12,,,1,15,,1115505,12,,,1,13,,1115471,12,,,1,54,,1115501,12,,,1,12,,1115508,12,,,1,14,,1115506,12,,,1,71,,1115504,12,,,1,31,,1115520,12,,,1,70,,1115484,12,,,1,29,,1115481,12,,,1,71,,1115475,12,,,1,31,,1010637,12,,,1,69,,1115478,12,,,1,29,,1115510,12,,,1,100,,1115469,12,,,1
1200,'13',835,,1115546,12,,,1,96,,1115552,12,,,1,102,,1115568,12,,,1,100,,1115571,12,,,1,70,,1115527,12,,,1,30,,1115564,12,,,1,70,,1115539,12,,,1,30,,1115574,12,,,1,70,,1115524,12,,,1,30,,1115549,12,,,1,70,,1115567,12,,,1,30,,1115523,12,,,1,70,,1115545,12,,,1,30,,1115528,12,,,1,70,,1115547,12,,,1,30,,1115554,12,,,1,70,,1115561,12,,,1,43,,1115543,12,,,1
1200,'14',610,,1115600,12,,,1,31,,1115598,12,,,1,69,,1115645,12,,,1,19,,1115596,12,,,1,16,,1115638,12,,,1,56,,1115579,12,,,1,17,,1115617,12,,,1,15,,1115613,12,,,1,15,,1115590,12,,,1,55,,1115584,12,,,1,14,,1115621,12,,,1,15,,1115633,12,,,1,14,,1115614,12,,,1,55,,1115577,12,,,1,16,,1115622,12,,,1,14,,1115580,12,,,1,15,,1115650,12,,,1,55,,1115643,12,,,1,15,,1115649,12,,,1,15,,1115607,12,,,1,15,,1115581,12,,,1,55,,1115609,12,,,1,15,,1115605,12,,,1,15,,1115625,12,,,1,15,,1115619,12,,,1,55,,1115631,12,,,1,15,,1115647,12,,,1,15,,1115592,12,,,1,13,,1115618,12,,,1,56,,1115599,12,,,1,16,,1115620,12,,,1,15,,1115616,12,,,1,70,,1115588,12,,,1,17,,1115628,12,,,1,15,,1115639,12,,,1,15,,1115626,12,,,1,55,,1115582,12,,,1,15,,1115632,12,,,1,32,,1115627,12,,,1,54,,1115635,12,,,1,17,,1115602,12,,,1,15,,1115637,12,,,1,13,,1115623,12,,,1,54,,1115644,12,,,1,12,,1115578,12,,,1,14,,1115630,12,,,1,71,,1115629,12,,,1,31,,1115610,12,,,1,70,,1115641,12,,,1,29,,1115601,12,,,1,71,,1115646,12,,,1,31,,1115612,12,,,1,69,,1115597,12,,,1,29,,1115585,12,,,1,100,,1115583,12,,,1
1200,'15',610,,1115720,12,,,1,31,,1115682,12,,,1,69,,1115689,12,,,1,19,,1115711,12,,,1,16,,1115660,12,,,1,56,,1115673,12,,,1,17,,1115710,12,,,1,15,,1115724,12,,,1,15,,1115703,12,,,1,55,,1115693,12,,,1,14,,1115692,12,,,1,15,,1115697,12,,,1,14,,1115685,12,,,1,55,,1115691,12,,,1,16,,1115659,12,,,1,14,,1115672,12,,,1,15,,1115719,12,,,1,55,,1115690,12,,,1,15,,1115721,12,,,1,15,,1115686,12,,,1,15,,1115661,12,,,1,55,,1115656,12,,,1,15,,1115714,12,,,1,15,,1115712,12,,,1,15,,1115666,12,,,1,55,,1115705,12,,,1,15,,1115725,12,,,1,15,,1115715,12,,,1,13,,1115664,12,,,1,56,,1115665,12,,,1,16,,1115653,12,,,1,15,,1115717,12,,,1,70,,1115652,12,,,1,17,,1115681,12,,,1,15,,1115723,12,,,1,15,,1115657,12,,,1,55,,1115722,12,,,1,15,,1115694,12,,,1,32,,1115654,12,,,1,54,,1115699,12,,,1,17,,1115688,12,,,1,15,,1115706,12,,,1,13,,1115671,12,,,1,54,,1115709,12,,,1,12,,1115669,12,,,1,14,,1115718,12,,,1,71,,1115702,12,,,1,31,,1115676,12,,,1,70,,1115695,12,,,1,29,,1115684,12,,,1,71,,1115667,12,,,1,31,,1115674,12,,,1,69,,1115651,12,,,1,29,,1115658,12,,,1,100,,1115678,12,,,1
1200,'16',610,,1115763,12,,,1,31,,1115770,12,,,1,69,,1115776,12,,,1,19,,1115730,12,,,1,16,,1115762,12,,,1,56,,1115790,12,,,1,17,,970136,12,,,1,15,,1115753,12,,,1,15,,1115764,12,,,1,55,,1115765,12,,,1,14,,1115774,12,,,1,15,,1115727,12,,,1,14,,1115759,12,,,1,55,,1115782,12,,,1,16,,1115788,12,,,1,14,,1115726,12,,,1,15,,1115735,12,,,1,55,,1115729,12,,,1,15,,1096471,12,,,1,15,,1115761,12,,,1,15,,1115754,12,,,1,55,,1115751,12,,,1,15,,1115760,12,,,1,15,,1115767,12,,,1,15,,1115736,12,,,1,55,,1115747,12,,,1,15,,1115734,12,,,1,15,,1115758,12,,,1,13,,1115742,12,,,1,56,,1115785,12,,,1,16,,1115771,12,,,1,15,,1115739,12,,,1,70,,1008750,12,,,1,17,,1115786,12,,,1,15,,1115744,12,,,1,15,,1115789,12,,,1,55,,1115768,12,,,1,15,,1115740,12,,,1,32,,1115728,12,,,1,54,,1115733,12,,,1,17,,1115750,12,,,1,15,,1115779,12,,,1,13,,1115741,12,,,1,54,,1115775,12,,,1,12,,1066193,12,,,1,14,,1115780,12,,,1,71,,1115778,12,,,1,31,,1115791,12,,,1,70,,1115755,12,,,1,29,,1115752,12,,,1,71,,1115745,12,,,1,31,,1115732,12,,,1,69,,1115749,12,,,1,29,,1115783,12,,,1,100,,1115738,12,,,1
1200,'17',835,,1115818,12,,,1,96,,1115824,12,,,1,102,,1115840,12,,,1,100,,1115843,12,,,1,70,,1115798,12,,,1,30,,1115836,12,,,1,70,,1115811,12,,,1,30,,1115846,12,,,1,70,,1115795,12,,,1,30,,1115821,12,,,1,70,,1115839,12,,,1,30,,1115794,12,,,1,70,,1115817,12,,,1,30,,1115799,12,,,1,70,,1115819,12,,,1,30,,1115826,12,,,1,70,,1115833,12,,,1,43,,1115815,12,,,1
1200,'2',852,,1115887,12,,,1,70,,1115878,12,,,1,30,,1115868,12,,,1,70,,1115853,12,,,1,30,,1115908,12,,,1,92,,1115890,12,,,1,8,,1115866,12,,,1,70,,1115879,12,,,1,24,,1115885,12,,,1,76,,1115895,12,,,1,30,,1115905,12,,,1,70,,1115851,12,,,1,30,,1115889,12,,,1,70,,1115849,12,,,1,30,,1115867,12,,,1,70,,1115876,12,,,1,30,,1115875,12,,,1,70,,1115864,12,,,1,30,,1115907,12,,,1,70,,1115852,12,,,1,30,,1115870,12,,,1,70,,1115860,12,,,1,30,,1115857,12,,,1,70,,1115886,12,,,1,30,,1115896,12,,,1,98,,1008377,12,,,1,100,,1115894,12,,,1
1200,'3',835,,1115933,12,,,1,96,,1115939,12,,,1,102,,1115955,12,,,1,100,,1115958,12,,,1,70,,1115913,12,,,1,30,,1115951,12,,,1,70,,1115926,12,,,1,30,,1115961,12,,,1,70,,1115910,12,,,1,30,,1115936,12,,,1,70,,1115954,12,,,1,30,,1115909,12,,,1,70,,1115932,12,,,1,30,,1115914,12,,,1,70,,1115934,12,,,1,30,,1115941,12,,,1,70,,1115948,12,,,1,43,,1115930,12,,,1
1200,'4',835,,1115978,12,,,1,96,,1116004,12,,,1,102,,1115976,12,,,1,100,,1115994,12,,,1,70,,1115996,12,,,1,30,,1115972,12,,,1,70,,1116002,12,,,1,30,,1115964,12,,,1,70,,1115981,12,,,1,30,,1115985,12,,,1,70,,1115987,12,,,1,30,,1115980,12,,,1,70,,1116001,12,,,1,30,,1116010,12,,,1,70,,1116008,12,,,1,30,,1115990,12,,,1,70,,1115995,12,,,1,43,,1116015,12,,,1
1200,'5',610,,1116035,12,,,1,31,,1116034,12,,,1,69,,1116076,12,,,1,19,,1116032,12,,,1,16,,1116070,12,,,1,56,,1089747,12,,,1,17,,1116051,12,,,1,15,,1116048,12,,,1,15,,1116027,12,,,1,55,,1116022,12,,,1,14,,1116055,12,,,1,15,,1116066,12,,,1,14,,1116049,12,,,1,55,,1116017,12,,,1,16,,1116056,12,,,1,14,,1116019,12,,,1,15,,1066133,12,,,1,55,,1116075,12,,,1,15,,1116079,12,,,1,15,,1116042,12,,,1,15,,1116020,12,,,1,55,,1116044,12,,,1,15,,1116040,12,,,1,15,,1116059,12,,,1,15,,1116053,12,,,1,55,,1116064,12,,,1,15,,1063592,12,,,1,15,,1116029,12,,,1,13,,1116052,12,,,1,56,,1095161,12,,,1,16,,1116054,12,,,1,15,,1094110,12,,,1,70,,1116025,12,,,1,17,,1116061,12,,,1,15,,1116071,12,,,1,15,,1116060,12,,,1,55,,1079520,12,,,1,15,,1116065,12,,,1,32,,1059053,12,,,1,54,,1116068,12,,,1,17,,1116037,12,,,1,15,,1116069,12,,,1,13,,1116057,12,,,1,54,,1036576,12,,,1,12,,1116018,12,,,1,14,,1116063,12,,,1,71,,1116062,12,,,1,31,,1116045,12,,,1,70,,1116073,12,,,1,29,,1116036,12,,,1,71,,1116077,12,,,1,31,,1116047,12,,,1,69,,1116033,12,,,1,29,,1116023,12,,,1,100,,1116021,12,,,1
1200,'6',610,,1116114,12,,,1,31,,1116120,12,,,1,69,,1116126,12,,,1,19,,1116083,12,,,1,16,,1116113,12,,,1,56,,1069900,12,,,1,17,,1116145,12,,,1,15,,1116104,12,,,1,15,,1029727,12,,,1,55,,1116115,12,,,1,14,,1116124,12,,,1,15,,948157,12,,,1,14,,1116110,12,,,1,55,,1116133,12,,,1,16,,1088322,12,,,1,14,,1116080,12,,,1,15,,1097568,12,,,1,55,,1063735,12,,,1,15,,1116135,12,,,1,15,,1116112,12,,,1,15,,1116105,12,,,1,55,,1116102,12,,,1,15,,1116111,12,,,1,15,,1116117,12,,,1,15,,1116088,12,,,1,55,,1043988,12,,,1,15,,1116086,12,,,1,15,,1116109,12,,,1,13,,1116094,12,,,1,56,,1116137,12,,,1,16,,1116121,12,,,1,15,,1116091,12,,,1,70,,1116082,12,,,1,17,,1116138,12,,,1,15,,1116096,12,,,1,15,,1116141,12,,,1,55,,1116118,12,,,1,15,,1116092,12,,,1,32,,1047675,12,,,1,54,,1116085,12,,,1,17,,1116101,12,,,1,15,,1116129,12,,,1,13,,1116093,12,,,1,54,,1116125,12,,,1,12,,1116132,12,,,1,14,,1116130,12,,,1,71,,1116128,12,,,1,31,,1116142,12,,,1,70,,1116106,12,,,1,29,,1116103,12,,,1,71,,1116097,12,,,1,31,,1116084,12,,,1,69,,1116100,12,,,1,29,,1116134,12,,,1,100,,1116090,12,,,1
1200,'7',852,,1116176,12,,,1,70,,1116174,12,,,1,30,,1116147,12,,,1,70,,1116162,12,,,1,30,,1116206,12,,,1,92,,1116197,12,,,1,8,,1116210,12,,,1,70,,1116202,12,,,1,24,,1116180,12,,,1,76,,1116157,12,,,1,30,,1116194,12,,,1,70,,1116171,12,,,1,30,,1116152,12,,,1,70,,1116163,12,,,1,30,,1116154,12,,,1,70,,1116168,12,,,1,30,,1116151,12,,,1,70,,1116153,12,,,1,30,,1116207,12,,,1,70,,1116213,12,,,1,30,,1116193,12,,,1,70,,1116148,12,,,1,30,,1116198,12,,,1,70,,1116199,12,,,1,30,,1116178,12,,,1,98,,1116182,12,,,1,100,,1116170,12,,,1
1200,'8',610,,1116254,12,,,1,31,,1116261,12,,,1,69,,1116267,12,,,1,19,,1116220,12,,,1,16,,1116253,12,,,1,56,,1116284,12,,,1,17,,1116288,12,,,1,15,,1116244,12,,,1,15,,1116255,12,,,1,55,,1116256,12,,,1,14,,1116265,12,,,1,15,,1116215,12,,,1,14,,1116250,12,,,1,55,,1116274,12,,,1,16,,1116282,12,,,1,14,,1116214,12,,,1,15,,1116225,12,,,1,55,,1116219,12,,,1,15,,1116276,12,,,1,15,,1116252,12,,,1,15,,1116245,12,,,1,55,,1116242,12,,,1,15,,1116251,12,,,1,15,,1116258,12,,,1,15,,1116227,12,,,1,55,,1116238,12,,,1,15,,1116224,12,,,1,15,,1116249,12,,,1,13,,1116233,12,,,1,56,,1116278,12,,,1,16,,1116262,12,,,1,15,,1116230,12,,,1,70,,1116217,12,,,1,17,,1116279,12,,,1,15,,1116235,12,,,1,15,,1116283,12,,,1,55,,1116259,12,,,1,15,,1116231,12,,,1,32,,1116218,12,,,1,54,,1116223,12,,,1,17,,1116241,12,,,1,15,,1116270,12,,,1,13,,1116232,12,,,1,54,,1116266,12,,,1,12,,1116273,12,,,1,14,,1116271,12,,,1,71,,1116269,12,,,1,31,,1116285,12,,,1,70,,1116246,12,,,1,29,,1116243,12,,,1,71,,1116236,12,,,1,31,,1116222,12,,,1,69,,1116240,12,,,1,29,,1116275,12,,,1,100,,1116229,12,,,1
1200,'9',610,,1116307,12,,,1,31,,1116306,12,,,1,69,,1116348,12,,,1,19,,1116304,12,,,1,16,,1116342,12,,,1,56,,1089672,12,,,1,17,,1116323,12,,,1,15,,1116320,12,,,1,15,,1116299,12,,,1,55,,1116294,12,,,1,14,,1116327,12,,,1,15,,1116338,12,,,1,14,,1116321,12,,,1,55,,1116289,12,,,1,16,,1116328,12,,,1,14,,1116291,12,,,1,15,,1066024,12,,,1,55,,1116347,12,,,1,15,,1116351,12,,,1,15,,1116314,12,,,1,15,,1116292,12,,,1,55,,1116316,12,,,1,15,,1116312,12,,,1,15,,1116331,12,,,1,15,,1116325,12,,,1,55,,1116336,12,,,1,15,,1063421,12,,,1,15,,1116301,12,,,1,13,,1116324,12,,,1,56,,1095037,12,,,1,16,,1116326,12,,,1,15,,1093999,12,,,1,70,,1116297,12,,,1,17,,1116333,12,,,1,15,,1116343,12,,,1,15,,1116332,12,,,1,55,,1079421,12,,,1,15,,1116337,12,,,1,32,,1059078,12,,,1,54,,1116340,12,,,1,17,,1116309,12,,,1,15,,1116341,12,,,1,13,,1116329,12,,,1,54,,1037058,12,,,1,12,,1116290,12,,,1,14,,1116335,12,,,1,71,,1116334,12,,,1,31,,1116317,12,,,1,70,,1116345,12,,,1,29,,1116308,12,,,1,71,,1116349,12,,,1,31,,1116319,12,,,1,69,,1116305,12,,,1,29,,1116295,12,,,1,100,,1116293,12,,,1
1201,'1',630,,1090007,53,,,1,23,,1116377,53,,,1,57,,1116407,53,,,1,16,,1116397,53,,,1,16,,976291,53,,,1,17,,1116374,53,,,1,58,,1116381,53,,,1,16,,1116413,53,,,1,17,,1116387,53,,,1,56,,1116408,53,,,1,14,,893678,53,,,1,14,,1116382,53,,,1,12,,1042447,53,,,1,12,,1076304,53,,,1,54,,1081667,53,,,1,15,,1054849,53,,,1,15,,1116390,53,,,1,14,,1116412,53,,,1,54,,1116394,53,,,1,14,,1116368,53,,,1,14,,1116369,53,,,1,16,,1116395,53,,,1,55,,1057410,53,,,1,17,,1116358,53,,,1,16,,1116352,53,,,1,16,,1116398,53,,,1,56,,1116384,53,,,1,16,,1116406,53,,,1,16,,1116375,53,,,1,55,,1116376,53,,,1,17,,1116414,53,,,1,15,,989764,53,,,1,16,,954769,53,,,1,57,,1116356,53,,,1,18,,1116405,53,,,1,16,,1116402,53,,,1,72,,1116378,53,,,1,20,,1116389,53,,,1,17,,1116399,53,,,1,52,,1071432,53,,,1,14,,1116386,53,,,1,14,,1116367,53,,,1,15,,1116362,53,,,1,10,,1116360,53,,,1,51,,975108,53,,,1,14,,1116400,53,,,1,29,,1116361,53,,,1,65,,1116380,53,,,1,27,,1116393,53,,,1,68,,1070595,53,,,1,29,,1116391,53,,,1,69,,1116379,53,,,1,29,,1116388,53,,,1,69,,1116401,53,,,1,26,,1116365,53,,,1,70,,1116383,53,,,1
1201,'10',630,,1089865,53,,,1,23,,1116440,53,,,1,57,,1116470,53,,,1,16,,1116460,53,,,1,16,,975964,53,,,1,17,,1116437,53,,,1,58,,1116444,53,,,1,16,,1116476,53,,,1,17,,1116450,53,,,1,56,,1116471,53,,,1,14,,893718,53,,,1,14,,1116445,53,,,1,12,,1042572,53,,,1,12,,1076093,53,,,1,54,,1081475,53,,,1,15,,1054915,53,,,1,15,,1116453,53,,,1,14,,1116475,53,,,1,54,,1116457,53,,,1,14,,1116431,53,,,1,14,,1116432,53,,,1,16,,1116458,53,,,1,55,,1057501,53,,,1,17,,1116421,53,,,1,16,,1116415,53,,,1,16,,1116461,53,,,1,56,,1116447,53,,,1,16,,1116469,53,,,1,16,,1116438,53,,,1,55,,1116439,53,,,1,17,,1116477,53,,,1,15,,989584,53,,,1,16,,954326,53,,,1,57,,1116419,53,,,1,18,,1116468,53,,,1,16,,1116465,53,,,1,72,,1116441,53,,,1,20,,1116452,53,,,1,17,,1116462,53,,,1,52,,1071396,53,,,1,14,,1116449,53,,,1,14,,1116430,53,,,1,15,,1116425,53,,,1,10,,1116423,53,,,1,51,,974918,53,,,1,14,,1116463,53,,,1,29,,1116424,53,,,1,65,,1116443,53,,,1,27,,1116456,53,,,1,68,,1070409,53,,,1,29,,1116454,53,,,1,69,,1116442,53,,,1,29,,1116451,53,,,1,69,,1116464,53,,,1,26,,1116428,53,,,1,70,,1116446,53,,,1
1201,'11',630,,1090050,53,,,1,23,,1116503,53,,,1,57,,1116533,53,,,1,16,,1116523,53,,,1,16,,976243,53,,,1,17,,1116500,53,,,1,58,,1116507,53,,,1,16,,1116539,53,,,1,17,,1116513,53,,,1,56,,1116534,53,,,1,14,,893606,53,,,1,14,,1116508,53,,,1,12,,1042411,53,,,1,12,,1076369,53,,,1,54,,1081724,53,,,1,15,,1054832,53,,,1,15,,1116516,53,,,1,14,,1116538,53,,,1,54,,1116520,53,,,1,14,,1116494,53,,,1,14,,1116495,53,,,1,16,,1116521,53,,,1,55,,1057383,53,,,1,17,,1116484,53,,,1,16,,1116478,53,,,1,16,,1116524,53,,,1,56,,1116510,53,,,1,16,,1116532,53,,,1,16,,1116501,53,,,1,55,,1116502,53,,,1,17,,1116540,53,,,1,15,,989739,53,,,1,16,,954706,53,,,1,57,,1116482,53,,,1,18,,1116531,53,,,1,16,,1116528,53,,,1,72,,1116504,53,,,1,20,,1116515,53,,,1,17,,1116525,53,,,1,52,,1071444,53,,,1,14,,1116512,53,,,1,14,,1116493,53,,,1,15,,1116488,53,,,1,10,,1116486,53,,,1,51,,975080,53,,,1,14,,1116526,53,,,1,29,,1116487,53,,,1,65,,1116506,53,,,1,27,,1116519,53,,,1,68,,1070649,53,,,1,29,,1116517,53,,,1,69,,1116505,53,,,1,29,,1116514,53,,,1,69,,1116527,53,,,1,26,,1116491,53,,,1,70,,1116509,53,,,1
1201,'12',630,,1116608,53,,,1,23,,1116560,53,,,1,57,,1116543,53,,,1,16,,1116582,53,,,1,16,,1116549,53,,,1,17,,1116585,53,,,1,58,,1116554,53,,,1,16,,1116576,53,,,1,17,,1116555,53,,,1,56,,1116594,53,,,1,14,,1116607,53,,,1,14,,1116597,53,,,1,12,,1116598,53,,,1,12,,1116573,53,,,1,54,,1116567,53,,,1,15,,1116559,53,,,1,15,,1116605,53,,,1,14,,1088671,53,,,1,54,,1116591,53,,,1,14,,1116587,53,,,1,14,,1116564,53,,,1,16,,1116583,53,,,1,55,,1116606,53,,,1,17,,1091570,53,,,1,16,,1116604,53,,,1,16,,1116572,53,,,1,56,,1116589,53,,,1,16,,1116596,53,,,1,16,,1116558,53,,,1,55,,1116602,53,,,1,17,,1073605,53,,,1,15,,1116541,53,,,1,16,,1116588,53,,,1,57,,1116579,53,,,1,18,,1116599,53,,,1,16,,1116600,53,,,1,72,,1072586,53,,,1,20,,1025522,53,,,1,17,,1116578,53,,,1,52,,1116556,53,,,1,14,,1116601,53,,,1,14,,1116593,53,,,1,15,,1116581,53,,,1,10,,1116580,53,,,1,51,,1116551,53,,,1,14,,1116609,53,,,1,29,,1116544,53,,,1,65,,1116590,53,,,1,27,,1116548,53,,,1,68,,1116542,53,,,1,29,,1116574,53,,,1,69,,1116570,53,,,1,29,,1116550,53,,,1,69,,1116545,53,,,1,26,,1116569,53,,,1,70,,1116595,53,,,1
1201,'13',830,,1073168,53,,,1,73,,1116652,53,,,1,23,,1116651,53,,,1,30,,1116639,53,,,1,70,,1116659,53,,,1,32,,1116643,53,,,1,70,,1116634,53,,,1,30,,1116633,53,,,1,70,,1116635,53,,,1,72,,1116614,53,,,1,30,,1116616,53,,,1,70,,1116657,53,,,1,30,,1116629,53,,,1,70,,1116647,53,,,1,30,,1116623,53,,,1,70,,1116655,53,,,1,30,,1116638,53,,,1,29,,1116630,53,,,1,70,,1116640,53,,,1,30,,1116636,53,,,1,85,,1116645,53,,,1
1201,'14',630,,1116665,53,,,1,23,,1116695,53,,,1,57,,1116725,53,,,1,16,,1116715,53,,,1,16,,1116735,53,,,1,17,,1116692,53,,,1,58,,1116699,53,,,1,16,,1116731,53,,,1,17,,1116705,53,,,1,56,,1116726,53,,,1,14,,1116670,53,,,1,14,,1116700,53,,,1,12,,1116733,53,,,1,12,,1116676,53,,,1,54,,1116663,53,,,1,15,,1116732,53,,,1,15,,1116708,53,,,1,14,,1116730,53,,,1,54,,1116712,53,,,1,14,,1116686,53,,,1,14,,1116687,53,,,1,16,,1116713,53,,,1,55,,1116664,53,,,1,17,,1116674,53,,,1,16,,1116660,53,,,1,16,,1116716,53,,,1,56,,1116702,53,,,1,16,,1116724,53,,,1,16,,1116693,53,,,1,55,,1116694,53,,,1,17,,1116734,53,,,1,15,,1116668,53,,,1,16,,1116671,53,,,1,57,,1116667,53,,,1,18,,1116723,53,,,1,16,,1116720,53,,,1,72,,1116696,53,,,1,20,,1116707,53,,,1,17,,1116717,53,,,1,52,,1116675,53,,,1,14,,1116704,53,,,1,14,,1116685,53,,,1,15,,1116680,53,,,1,10,,1116678,53,,,1,51,,1116669,53,,,1,14,,1116718,53,,,1,29,,1116679,53,,,1,65,,1116698,53,,,1,27,,1116711,53,,,1,68,,1116672,53,,,1,29,,1116709,53,,,1,69,,1116697,53,,,1,29,,1116706,53,,,1,69,,1116719,53,,,1,26,,1116683,53,,,1,70,,1116701,53,,,1
1201,'15',630,,1116760,53,,,1,23,,1116781,53,,,1,57,,1116751,53,,,1,16,,1116800,53,,,1,16,,1116757,53,,,1,17,,1116741,53,,,1,58,,1116749,53,,,1,16,,1116773,53,,,1,17,,1116803,53,,,1,56,,1116748,53,,,1,14,,1116780,53,,,1,14,,1116776,53,,,1,12,,1116810,53,,,1,12,,1116801,53,,,1,54,,1116805,53,,,1,15,,1116797,53,,,1,15,,1116786,53,,,1,14,,1116743,53,,,1,54,,1116755,53,,,1,14,,1116753,53,,,1,14,,1116758,53,,,1,16,,1116738,53,,,1,55,,1116795,53,,,1,17,,1116746,53,,,1,16,,1116787,53,,,1,16,,1116762,53,,,1,56,,1116771,53,,,1,16,,1116792,53,,,1,16,,1116784,53,,,1,55,,1116747,53,,,1,17,,1116782,53,,,1,15,,1116763,53,,,1,16,,1116794,53,,,1,57,,1116806,53,,,1,18,,1116811,53,,,1,16,,1116791,53,,,1,72,,1116774,53,,,1,20,,1116775,53,,,1,17,,1116737,53,,,1,52,,1116777,53,,,1,14,,1116766,53,,,1,14,,1116789,53,,,1,15,,1116790,53,,,1,10,,1116793,53,,,1,51,,1116756,53,,,1,14,,1116804,53,,,1,29,,1116799,53,,,1,65,,1116739,53,,,1,27,,1116768,53,,,1,68,,1116759,53,,,1,29,,1116779,53,,,1,69,,1116761,53,,,1,29,,1116744,53,,,1,69,,1116752,53,,,1,26,,1116778,53,,,1,70,,1116767,53,,,1
1201,'16',630,,1101440,53,,,1,23,,1116828,53,,,1,57,,1116813,53,,,1,16,,1116850,53,,,1,16,,1084479,53,,,1,17,,1116853,53,,,1,58,,1116822,53,,,1,16,,1116844,53,,,1,17,,1116823,53,,,1,56,,1116862,53,,,1,14,,1116876,53,,,1,14,,1116865,53,,,1,12,,1116866,53,,,1,12,,1116841,53,,,1,54,,1116835,53,,,1,15,,1116827,53,,,1,15,,1116874,53,,,1,14,,1116878,53,,,1,54,,1116859,53,,,1,14,,1116855,53,,,1,14,,1116832,53,,,1,16,,1116851,53,,,1,55,,1116875,53,,,1,17,,1116879,53,,,1,16,,1116873,53,,,1,16,,1116840,53,,,1,56,,1116857,53,,,1,16,,1116864,53,,,1,16,,1116826,53,,,1,55,,1116871,53,,,1,17,,1116877,53,,,1,15,,1116812,53,,,1,16,,1116856,53,,,1,57,,1116847,53,,,1,18,,1116867,53,,,1,16,,1116868,53,,,1,72,,1116870,53,,,1,20,,1116816,53,,,1,17,,1116846,53,,,1,52,,1116824,53,,,1,14,,1116869,53,,,1,14,,1116861,53,,,1,15,,1116849,53,,,1,10,,1116848,53,,,1,51,,999253,53,,,1,14,,1098579,53,,,1,29,,1116814,53,,,1,65,,1116858,53,,,1,27,,1053943,53,,,1,68,,1082663,53,,,1,29,,1116842,53,,,1,69,,1116838,53,,,1,29,,1116818,53,,,1,69,,1116815,53,,,1,26,,1116837,53,,,1,70,,1116863,53,,,1
1201,'17',830,,1116900,53,,,1,73,,1116922,53,,,1,23,,1116921,53,,,1,30,,1116909,53,,,1,70,,1116931,53,,,1,32,,1116913,53,,,1,70,,1116904,53,,,1,30,,1116903,53,,,1,70,,1116905,53,,,1,72,,1116883,53,,,1,30,,1116885,53,,,1,70,,1116927,53,,,1,30,,1116898,53,,,1,70,,1116917,53,,,1,30,,1116892,53,,,1,70,,1116925,53,,,1,30,,1116908,53,,,1,29,,1116899,53,,,1,70,,1116910,53,,,1,30,,1116906,53,,,1,85,,1116915,53,,,1
1201,'2',749,,1116991,53,,,1,70,,1116976,53,,,1,31,,1072226,53,,,1,69,,1116964,53,,,1,30,,1116958,53,,,1,70,,1116967,53,,,1,32,,1116947,53,,,1,70,,1116985,53,,,1,30,,1116973,53,,,1,70,,1116993,53,,,1,32,,1116951,53,,,1,70,,1116972,53,,,1,30,,1116977,53,,,1,70,,1116955,53,,,1,30,,1116965,53,,,1,70,,1116940,53,,,1,30,,1116949,53,,,1,70,,1116942,53,,,1,26,,1116970,53,,,1,73,,1116996,53,,,1,30,,1116992,53,,,1,70,,1116979,53,,,1,30,,1116948,53,,,1,70,,1116935,53,,,1,30,,1116980,53,,,1,70,,1094454,53,,,1,26,,1116941,53,,,1,73,,1116945,53,,,1,100,,1116989,53,,,1,98,,1116952,53,,,1
1201,'3',830,,1117018,53,,,1,73,,1117040,53,,,1,23,,1117039,53,,,1,30,,1117027,53,,,1,70,,1117049,53,,,1,32,,1117031,53,,,1,70,,1117022,53,,,1,30,,1117021,53,,,1,70,,1117023,53,,,1,72,,1117001,53,,,1,30,,1117003,53,,,1,70,,1117045,53,,,1,30,,1117016,53,,,1,70,,1117035,53,,,1,30,,1117010,53,,,1,70,,1117043,53,,,1,30,,1117026,53,,,1,29,,1117017,53,,,1,70,,1117028,53,,,1,30,,1117024,53,,,1,85,,1117033,53,,,1
1201,'4',830,,1094044,53,,,1,73,,1117098,53,,,1,23,,1117099,53,,,1,30,,1117094,53,,,1,70,,1117058,53,,,1,32,,1117093,53,,,1,70,,1117080,53,,,1,30,,1117054,53,,,1,70,,1117053,53,,,1,72,,1117087,53,,,1,30,,1117102,53,,,1,70,,1117082,53,,,1,30,,1117086,53,,,1,70,,1117064,53,,,1,30,,1117077,53,,,1,70,,999048,53,,,1,30,,1117085,53,,,1,29,,1117071,53,,,1,70,,1117084,53,,,1,30,,1117079,53,,,1,85,,1117055,53,,,1
1201,'5',630,,1089985,53,,,1,23,,1117129,53,,,1,57,,1117159,53,,,1,16,,1117149,53,,,1,16,,976446,53,,,1,17,,1117126,53,,,1,58,,1117133,53,,,1,16,,1117165,53,,,1,17,,1117139,53,,,1,56,,1117160,53,,,1,14,,893840,53,,,1,14,,1117134,53,,,1,12,,1042260,53,,,1,12,,1076268,53,,,1,54,,1081634,53,,,1,15,,1054716,53,,,1,15,,1117142,53,,,1,14,,1117164,53,,,1,54,,1117146,53,,,1,14,,1117120,53,,,1,14,,1117121,53,,,1,16,,1117147,53,,,1,55,,1057275,53,,,1,17,,1117110,53,,,1,16,,1117104,53,,,1,16,,1117150,53,,,1,56,,1117136,53,,,1,16,,1117158,53,,,1,16,,1117127,53,,,1,55,,1117128,53,,,1,17,,1117166,53,,,1,15,,989843,53,,,1,16,,954964,53,,,1,57,,1117108,53,,,1,18,,1117157,53,,,1,16,,1117154,53,,,1,72,,1117130,53,,,1,20,,1117141,53,,,1,17,,1117151,53,,,1,52,,1071420,53,,,1,14,,1117138,53,,,1,14,,1117119,53,,,1,15,,1117114,53,,,1,10,,1117112,53,,,1,51,,975199,53,,,1,14,,1117152,53,,,1,29,,1117113,53,,,1,65,,1117132,53,,,1,27,,1117145,53,,,1,68,,1070559,53,,,1,29,,1117143,53,,,1,69,,1117131,53,,,1,29,,1117140,53,,,1,69,,1117153,53,,,1,26,,1117117,53,,,1,70,,1117135,53,,,1
1201,'6',630,,1117232,53,,,1,23,,1117182,53,,,1,57,,1093016,53,,,1,16,,1117204,53,,,1,16,,1117172,53,,,1,17,,1117207,53,,,1,58,,1117176,53,,,1,16,,1117198,53,,,1,17,,1117177,53,,,1,56,,1117216,53,,,1,14,,1083967,53,,,1,14,,1117219,53,,,1,12,,1117220,53,,,1,12,,1117195,53,,,1,54,,1117189,53,,,1,15,,1117181,53,,,1,15,,1117228,53,,,1,14,,1117230,53,,,1,54,,1117213,53,,,1,14,,1117209,53,,,1,14,,1117186,53,,,1,16,,1117205,53,,,1,55,,1005092,53,,,1,17,,1117231,53,,,1,16,,1117227,53,,,1,16,,1117194,53,,,1,56,,1117211,53,,,1,16,,1117218,53,,,1,16,,1117180,53,,,1,55,,1117225,53,,,1,17,,1117229,53,,,1,15,,1102121,53,,,1,16,,1117210,53,,,1,57,,1117201,53,,,1,18,,1117221,53,,,1,16,,1117222,53,,,1,72,,1117224,53,,,1,20,,1117169,53,,,1,17,,1117200,53,,,1,52,,1117178,53,,,1,14,,1117223,53,,,1,14,,1117215,53,,,1,15,,1117203,53,,,1,10,,1117202,53,,,1,51,,1117173,53,,,1,14,,1117233,53,,,1,29,,1117168,53,,,1,65,,1117212,53,,,1,27,,1117171,53,,,1,68,,1117167,53,,,1,29,,1117196,53,,,1,69,,1117192,53,,,1,29,,1025649,53,,,1,69,,1086762,53,,,1,26,,1117191,53,,,1,70,,1117217,53,,,1
1201,'7',749,,1117286,53,,,1,70,,1117255,53,,,1,31,,1117242,53,,,1,69,,1117282,53,,,1,30,,1117284,53,,,1,70,,1117254,53,,,1,32,,1117238,53,,,1,70,,1117261,53,,,1,30,,1117278,53,,,1,70,,1117273,53,,,1,32,,1117236,53,,,1,70,,1117245,53,,,1,30,,1117291,53,,,1,70,,1117287,53,,,1,30,,1117288,53,,,1,70,,1117250,53,,,1,30,,1117299,53,,,1,70,,1117277,53,,,1,26,,1117300,53,,,1,73,,1117301,53,,,1,30,,1117247,53,,,1,70,,1117274,53,,,1,30,,1117266,53,,,1,70,,1117257,53,,,1,30,,1117237,53,,,1,70,,1117271,53,,,1,26,,1117249,53,,,1,73,,1117283,53,,,1,100,,1117293,53,,,1,98,,1117239,53,,,1
1201,'8',630,,1117375,53,,,1,23,,1117323,53,,,1,57,,1117304,53,,,1,16,,1117345,53,,,1,16,,1117311,53,,,1,17,,1117348,53,,,1,58,,1117317,53,,,1,16,,1117339,53,,,1,17,,1117318,53,,,1,56,,1117357,53,,,1,14,,1117371,53,,,1,14,,1117360,53,,,1,12,,1117361,53,,,1,12,,1117336,53,,,1,54,,1117330,53,,,1,15,,1117322,53,,,1,15,,1117369,53,,,1,14,,1117373,53,,,1,54,,1117354,53,,,1,14,,1117350,53,,,1,14,,1117327,53,,,1,16,,1117346,53,,,1,55,,1117370,53,,,1,17,,1117374,53,,,1,16,,1117368,53,,,1,16,,1117335,53,,,1,56,,1117352,53,,,1,16,,1117359,53,,,1,16,,1117321,53,,,1,55,,1117366,53,,,1,17,,1117372,53,,,1,15,,1117302,53,,,1,16,,1117351,53,,,1,57,,1117342,53,,,1,18,,1117362,53,,,1,16,,1117363,53,,,1,72,,1117365,53,,,1,20,,1117307,53,,,1,17,,1117341,53,,,1,52,,1117319,53,,,1,14,,1117364,53,,,1,14,,1117356,53,,,1,15,,1117344,53,,,1,10,,1117343,53,,,1,51,,1117313,53,,,1,14,,1117376,53,,,1,29,,1117305,53,,,1,65,,1117353,53,,,1,27,,1117310,53,,,1,68,,1117303,53,,,1,29,,1117337,53,,,1,69,,1117333,53,,,1,29,,1117312,53,,,1,69,,1117306,53,,,1,26,,1117332,53,,,1,70,,1117358,53,,,1
1201,'9',630,,1089910,53,,,1,23,,1117403,53,,,1,57,,1117433,53,,,1,16,,1117423,53,,,1,16,,976398,53,,,1,17,,1117400,53,,,1,58,,1117407,53,,,1,16,,1117439,53,,,1,17,,1117413,53,,,1,56,,1117434,53,,,1,14,,893758,53,,,1,14,,1117408,53,,,1,12,,1042483,53,,,1,12,,1076157,53,,,1,54,,1081532,53,,,1,15,,1054866,53,,,1,15,,1117416,53,,,1,14,,1117438,53,,,1,54,,1117420,53,,,1,14,,1117394,53,,,1,14,,1117395,53,,,1,16,,1117421,53,,,1,55,,1057437,53,,,1,17,,1117384,53,,,1,16,,1117378,53,,,1,16,,1117424,53,,,1,56,,1117410,53,,,1,16,,1117432,53,,,1,16,,1117401,53,,,1,55,,1117402,53,,,1,17,,1117440,53,,,1,15,,989818,53,,,1,16,,954901,53,,,1,57,,1117382,53,,,1,18,,1117431,53,,,1,16,,1117428,53,,,1,72,,1117404,53,,,1,20,,1117415,53,,,1,17,,1117425,53,,,1,52,,1071408,53,,,1,14,,1117412,53,,,1,14,,1117393,53,,,1,15,,1117388,53,,,1,10,,1117386,53,,,1,51,,975171,53,,,1,14,,1117426,53,,,1,29,,1117387,53,,,1,65,,1117406,53,,,1,27,,1117419,53,,,1,68,,1070468,53,,,1,29,,1117417,53,,,1,69,,1117405,53,,,1,29,,1117414,53,,,1,69,,1117427,53,,,1,26,,1117391,53,,,1,70,,1117409,53,,,1
5700,'1',2514,,1150280,30,0,66 67,1,30,,1150273,30,0,66 67,1,70,,1150272,30,0,66 67,1,35,,1055129,30,0,66 67,1
5700,'10',2514,,1150323,30,0,66 67,1,30,,1150316,30,0,66 67,1,70,,1150315,30,0,66 67,1,35,,1055192,30,0,66 67,1
5700,'11',2514,,1150366,30,0,66 67,1,30,,1150359,30,0,66 67,1,70,,1150358,30,0,66 67,1,35,,1055113,30,0,66 67,1
5700,'12',2514,,1150417,30,0,66 67,1,30,,1150438,30,0,66 67,1,70,,1150432,30,0,66 67,1,35,,1150421,30,0,66 67,1
5700,'13',645,,1150463,30,0,66 67,1,70,,1150445,30,0,66 67,1,30,,1150452,30,0,66 67,1,1599,,1150459,30,0,66 67,1
5700,'14',2514,,1150486,30,0,66 67,1,30,,1150479,30,0,66 67,1,70,,1150478,30,0,66 67,1,35,,1150489,30,0,66 67,1
5700,'15',2514,,1150557,30,0,66 67,1,30,,1150525,30,0,66 67,1,70,,1150522,30,0,66 67,1,35,,1150533,30,0,66 67,1
5700,'16',2514,,1150590,30,0,66 67,1,30,,1150609,30,0,66 67,1,70,,1150604,30,0,66 67,1,35,,1150594,30,0,66 67,1
5700,'17',645,,1150633,30,0,66 67,1,70,,1150615,30,0,66 67,1,30,,1150622,30,0,66 67,1,1599,,1150629,30,0,66 67,1
5700,'2',540,,1150644,30,0,66 67,1
5700,'3',645,,1150676,30,0,66 67,1,70,,1150658,30,0,66 67,1,30,,1150665,30,0,66 67,1,1599,,1150672,30,0,66 67,1
5700,'4',645,,1150685,30,0,66 67,1,70,,1150686,30,0,66 67,1,30,,1150682,30,0,66 67,1,1599,,1150684,30,0,66 67,1
5700,'5',2514,,1150719,30,0,66 67,1,30,,1150712,30,0,66 67,1,70,,1150711,30,0,66 67,1,35,,1055002,30,0,66 67,1
5700,'6',2514,,1150770,30,0,66 67,1,30,,1028810,30,0,66 67,1,70,,1069897,30,0,66 67,1,35,,1150774,30,0,66 67,1
5700,'7',540,,1150808,30,0,66 67,1
5700,'8',2514,,1150838,30,0,66 67,1,30,,1150859,30,0,66 67,1,70,,1150853,30,0,66 67,1,35,,1150842,30,0,66 67,1
5700,'9',2514,,1150880,30,0,66 67,1,30,,1150873,30,0,66 67,1,70,,1150872,30,0,66 67,1,35,,1055145,30,0,66 67,1
5701,'1',2559,,1150946,6,0,76,1,70,,1150924,6,0,76,1,30,,1150935,6,0,76,1
5701,'10',2559,,1150986,6,0,76,1,70,,1150964,6,0,76,1,30,,1150975,6,0,76,1
5701,'11',2559,,1151026,6,0,76,1,70,,1151004,6,0,76,1,30,,1151015,6,0,76,1
5701,'12',2559,,1151073,6,0,76,1,70,,1151054,6,0,76,1,30,,1151060,6,0,76,1
5701,'13',551,,1151075,6,0,76,1,70,,1151078,6,0,76,1,30,,1151096,6,0,76,1,70,,1151088,6,0,76,1,30,,1151093,6,0,76,1,1573,,1151094,6,0,76,1,30,,1151084,6,0,76,1,70,,1151097,6,0,76,1
5701,'14',2559,,1151144,6,0,76,1,70,,1151121,6,0,76,1,30,,1151132,6,0,76,1
5701,'15',2559,,1151164,6,0,76,1,70,,1151160,6,0,76,1,30,,1151161,6,0,76,1
5701,'16',2559,,1151242,6,0,76,1,70,,1151224,6,0,76,1,30,,1151230,6,0,76,1
5701,'17',551,,1151244,6,0,76,1,70,,1151248,6,0,76,1,30,,1151266,6,0,76,1,70,,1151258,6,0,76,1,30,,1151263,6,0,76,1,1573,,1151264,6,0,76,1,30,,1151254,6,0,76,1,70,,1151267,6,0,76,1
5701,'2',557,,1095010,6,0,76,1
5701,'3',551,,1151291,6,0,76,1,70,,1151295,6,0,76,1,30,,1151313,6,0,76,1,70,,1151305,6,0,76,1,30,,1151310,6,0,76,1,1573,,1151311,6,0,76,1,30,,1151301,6,0,76,1,70,,1151314,6,0,76,1
5701,'4',551,,1151346,6,0,76,1,70,,1151333,6,0,76,1,30,,1151345,6,0,76,1,70,,1151324,6,0,76,1,30,,1151322,6,0,76,1,1573,,1151329,6,0,76,1,30,,1151336,6,0,76,1,70,,1151341,6,0,76,1
5701,'5',2559,,1151385,6,0,76,1,70,,1151363,6,0,76,1,30,,1151374,6,0,76,1
5701,'6',2559,,1151429,6,0,76,1,70,,1151412,6,0,76,1,30,,1151418,6,0,76,1
5701,'7',557,,1151439,6,0,76,1
5701,'8',2559,,1151502,6,0,76,1,70,,1151483,6,0,76,1,30,,1151489,6,0,76,1
5701,'9',2559,,1151542,6,0,76,1,70,,1151520,6,0,76,1,30,,1151531,6,0,76,1
6100,'1',448,,1153219,31,0,66 67,1,2086,,1153205,70,0,66 67,1,72,,1153204,31,0,66 67,1,30,,1153200,31,0,66 67,1,70,,1153221,31,0,66 67,1,28,,1153215,31,0,66 67,1
6100,'10',448,,1153268,31,0,66 67,1,2086,,1153254,70,0,66 67,1,72,,1153253,31,0,66 67,1,30,,1153249,31,0,66 67,1,70,,1153270,31,0,66 67,1,28,,1153264,31,0,66 67,1
6100,'11',448,,1153317,31,0,66 67,1,2086,,1153303,70,0,66 67,1,72,,1153302,31,0,66 67,1,30,,1153298,31,0,66 67,1,70,,1153319,31,0,66 67,1,28,,1153313,31,0,66 67,1
6100,'12',448,,1153360,31,0,66 67,1,2086,,1153364,70,0,66 67,1,72,,1153335,31,0,66 67,1,30,,1153343,31,0,66 67,1,70,,1153356,31,0,66 67,1,28,,1153351,31,0,66 67,1
6100,'13',628,,1153401,31,0,66 67,1,72,,1153400,31,0,66 67,1,30,,1153407,70,0,66 67,1,1606,,1153396,70,0,66 67,1,69,,1153389,31,0,66 67,1,30,,1153403,70,0,66 67,1,70,,1153398,31,0,66 67,1,30,,1153415,31,0,66 67,1,70,,1153380,31,0,66 67,1,30,,1153412,31,0,66 67,1,70,,1153406,31,0,66 67,1
6100,'14',448,,1153463,31,0,66 67,1,2086,,1153449,70,0,66 67,1,72,,1153448,31,0,66 67,1,30,,1153442,31,0,66 67,1,70,,1153465,31,0,66 67,1,28,,1153459,31,0,66 67,1
6100,'15',448,,1153513,31,0,66 67,1,2086,,1153501,70,0,66 67,1,72,,1153486,31,0,66 67,1,30,,1153508,31,0,66 67,1,70,,1153498,31,0,66 67,1,28,,1153528,31,0,66 67,1
6100,'16',448,,1153570,31,0,66 67,1,2086,,1153574,70,0,66 67,1,72,,1087599,31,0,66 67,1,30,,1153553,31,0,66 67,1,70,,1153566,31,0,66 67,1,28,,1153561,31,0,66 67,1
6100,'17',628,,1153613,31,0,66 67,1,72,,1153612,31,0,66 67,1,30,,1153619,70,0,66 67,1,1606,,1153608,70,0,66 67,1,69,,1153600,31,0,66 67,1,30,,1153615,70,0,66 67,1,70,,1153610,31,0,66 67,1,30,,1153627,31,0,66 67,1,70,,1153591,31,0,66 67,1,30,,1153624,31,0,66 67,1,70,,1153618,31,0,66 67,1
6100,'2',2619,,1153665,31,0,66 67,1,30,,1153649,31,0,66 67,1,70,,1153637,31,0,66 67,1
6100,'3',628,,1153693,31,0,66 67,1,72,,1153692,31,0,66 67,1,30,,1153699,70,0,66 67,1,1606,,1153688,70,0,66 67,1,69,,1153680,31,0,66 67,1,30,,1153695,70,0,66 67,1,70,,1153690,31,0,66 67,1,30,,1153707,31,0,66 67,1,70,,1153671,31,0,66 67,1,30,,1153704,31,0,66 67,1,70,,1153698,31,0,66 67,1
6100,'4',628,,1153737,31,0,66 67,1,72,,1153747,31,0,66 67,1,30,,1153735,70,0,66 67,1,1606,,1153729,70,0,66 67,1,69,,1153733,31,0,66 67,1,30,,1153722,70,0,66 67,1,70,,1153715,31,0,66 67,1,30,,1092367,31,0,66 67,1,70,,1153743,31,0,66 67,1,30,,1153713,31,0,66 67,1,70,,1073178,31,0,66 67,1
6100,'5',448,,1153791,31,0,66 67,1,2086,,1153777,70,0,66 67,1,72,,1153776,31,0,66 67,1,30,,1153772,31,0,66 67,1,70,,1153793,31,0,66 67,1,28,,1153787,31,0,66 67,1
6100,'6',448,,1153833,31,0,66 67,1,2086,,1153837,70,0,66 67,1,72,,1153809,31,0,66 67,1,30,,1153817,31,0,66 67,1,70,,1153829,31,0,66 67,1,28,,1153823,31,0,66 67,1
6100,'7',2619,,1153880,31,0,66 67,1,30,,1153853,31,0,66 67,1,70,,1153875,31,0,66 67,1
6100,'8',448,,1153934,31,0,66 67,1,2086,,1153938,70,0,66 67,1,72,,1153907,31,0,66 67,1,30,,1153916,31,0,66 67,1,70,,1153930,31,0,66 67,1,28,,1153924,31,0,66 67,1
6100,'9',448,,1153995,31,0,66 67,1,2086,,1153981,70,0,66 67,1,72,,1153980,31,0,66 67,1,30,,1153976,31,0,66 67,1,70,,1153997,31,0,66 67,1,28,,1153991,31,0,66 67,1
6101,'1',411,,1092889,6,0,9 10,1,31,,1154014,6,0,9 10,1,2099,,1154025,6,0,9 10,1,70,,1154036,6,0,9 10,1,30,,1154006,6,0,9 10,1
6101,'10',411,,1092571,6,0,9 10,1,31,,1154062,6,0,9 10,1,2099,,1154073,6,0,9 10,1,70,,1154084,6,0,9 10,1,30,,1154054,6,0,9 10,1
6101,'11',411,,1092979,6,0,9 10,1,31,,1154110,6,0,9 10,1,2099,,1154121,6,0,9 10,1,70,,1154132,6,0,9 10,1,30,,1154102,6,0,9 10,1
6101,'12',411,,1154167,6,0,9 10,1,31,,1154159,6,0,9 10,1,2099,,1154154,6,0,9 10,1,70,,1154151,6,0,9 10,1,30,,1154185,6,0,9 10,1
6101,'13',522,,1073366,6,,,1,30,,1154205,6,0,9 10,1,70,,1154223,6,,,1,30,,1154216,6,0,9 10,1,70,,1154225,6,,,1,30,,1154237,6,0,9 10,1,1600,,1154227,6,0,9 10,1,70,,1154202,6,0,9 10,1,30,,1154208,6,0,9 10,1,70,,1154215,6,0,9 10,1,26,,1154218,6,0,9 10,1,70,,955270,6,0,9 10,1
6101,'14',411,,1154247,6,0,9 10,1,31,,1154253,6,0,9 10,1,2099,,1154264,6,0,9 10,1,70,,1154277,6,0,9 10,1,30,,1154241,6,0,9 10,1
6101,'15',411,,1154328,6,0,9 10,1,31,,1154300,6,0,9 10,1,2099,,1154319,6,0,9 10,1,70,,1154338,6,0,9 10,1,30,,1154326,6,0,9 10,1
6101,'16',411,,1154368,6,0,9 10,1,31,,1154359,6,0,9 10,1,2099,,1154354,6,0,9 10,1,70,,1154352,6,0,9 10,1,30,,1154385,6,0,9 10,1
6101,'17',522,,1154431,6,,,1,30,,1154402,6,0,9 10,1,70,,1154423,6,,,1,30,,1154416,6,0,9 10,1,70,,1154425,6,,,1,30,,1154438,6,0,9 10,1,1600,,1154427,6,0,9 10,1,70,,1154399,6,0,9 10,1,30,,1154406,6,0,9 10,1,70,,1154415,6,0,9 10,1,26,,1154418,6,0,9 10,1,70,,1154441,6,0,9 10,1
6101,'2',509,,1154464,6,0,9 10,1,30,,1154461,6,,,1,70,,1154476,6,,,1,2039,,1154456,6,0,9 10,1
6101,'3',522,,1154513,6,,,1,30,,1154484,6,0,9 10,1,70,,1154505,6,,,1,30,,1154498,6,0,9 10,1,70,,1154507,6,,,1,30,,1154520,6,0,9 10,1,1600,,1154509,6,0,9 10,1,70,,1154481,6,0,9 10,1,30,,1154488,6,0,9 10,1,70,,1154497,6,0,9 10,1,26,,1154500,6,0,9 10,1,70,,1154523,6,0,9 10,1
6101,'4',522,,1154531,6,,,1,30,,983037,6,0,9 10,1,70,,1154544,6,,,1,30,,1154530,6,0,9 10,1,70,,1154560,6,,,1,30,,1154548,6,0,9 10,1,1600,,1154533,6,0,9 10,1,70,,1154546,6,0,9 10,1,30,,1154561,6,0,9 10,1,70,,1154555,6,0,9 10,1,26,,1154529,6,0,9 10,1,70,,1154563,6,0,9 10,1
6101,'5',411,,1092831,6,0,9 10,1,31,,1154574,6,0,9 10,1,2099,,1154585,6,0,9 10,1,70,,1154596,6,0,9 10,1,30,,1154566,6,0,9 10,1
6101,'6',411,,1154623,6,0,9 10,1,31,,1027029,6,0,9 10,1,2099,,1078824,6,0,9 10,1,70,,1063244,6,0,9 10,1,30,,1154641,6,0,9 10,1
6101,'7',509,,1154674,6,0,9 10,1,30,,1154660,6,,,1,70,,1154682,6,,,1,2039,,1154677,6,0,9 10,1
6101,'8',411,,1154717,6,0,9 10,1,31,,1154708,6,0,9 10,1,2099,,1154703,6,0,9 10,1,70,,1154700,6,0,9 10,1,30,,1154735,6,0,9 10,1
6101,'9',411,,1092678,6,0,9 10,1,31,,1154763,6,0,9 10,1,2099,,1154774,6,0,9 10,1,70,,1154785,6,0,9 10,1,30,,1154755,6,0,9 10,1
7500,'1',417,,1060869,31,0,66 67,1,26,,1089192,31,0,66 67,1,2070,,1163739,31,0,66 67,1,29,,1163726,31,0,66 67,1,69,,1003826,31,0,66 67,1,29,,1163719,31,0,66 67,1,70,,1163763,31,0,66 67,1,40,,1163752,31,0,66 67,1
7500,'10',417,,1060875,31,0,66 67,1,26,,1088997,31,0,66 67,1,2070,,1163818,31,0,66 67,1,29,,1163805,31,0,66 67,1,69,,1003983,31,0,66 67,1,29,,1163798,31,0,66 67,1,70,,1163842,31,0,66 67,1,40,,1163831,31,0,66 67,1
7500,'11',417,,1060867,31,0,66 67,1,26,,1089247,31,0,66 67,1,2070,,1163897,31,0,66 67,1,29,,1163884,31,0,66 67,1,69,,1003778,31,0,66 67,1,29,,1163877,31,0,66 67,1,70,,1163921,31,0,66 67,1,40,,1163910,31,0,66 67,1
7500,'12',417,,1163952,31,0,66 67,1,26,,1163949,31,0,66 67,1,2070,,1163947,31,0,66 67,1,29,,1164001,31,0,66 67,1,69,,1163940,31,0,66 67,1,29,,1163944,31,0,66 67,1,70,,1163970,31,0,66 67,1,40,,1163950,31,0,66 67,1
7500,'13',421,,1164077,31,0,66 67,1,31,,1164023,31,0,66 67,1,70,,1164071,31,0,66 67,1,30,,1164080,31,0,66 67,1,70,,1164079,31,0,66 67,1,31,,1164058,31,0,66 67,1,70,,1164027,31,0,66 67,1,20,,1164031,31,0,66 67,1,1582,,1164030,31,0,66 67,1,30,,1164085,31,0,66 67,1,70,,1164045,31,0,66 67,1,30,,1164032,31,0,66 67,1,70,,993894,31,0,66 67,1,30,,1164090,31,0,66 67,1,70,,1164076,31,0,66 67,1,30,,1164087,31,0,66 67,1,70,,1164086,31,0,66 67,1
7500,'14',417,,1164159,31,0,66 67,1,26,,1164096,31,0,66 67,1,2070,,1164136,31,0,66 67,1,29,,1164123,31,0,66 67,1,69,,1164176,31,0,66 67,1,29,,1164116,31,0,66 67,1,70,,1164161,31,0,66 67,1,40,,1164149,31,0,66 67,1
7500,'15',417,,1164190,31,0,66 67,1,26,,1164254,31,0,66 67,1,2070,,1164196,31,0,66 67,1,29,,1164184,31,0,66 67,1,69,,1164238,31,0,66 67,1,29,,1164240,31,0,66 67,1,70,,1164272,31,0,66 67,1,40,,1164208,31,0,66 67,1
7500,'16',417,,1164291,31,0,66 67,1,26,,1164288,31,0,66 67,1,2070,,1164286,31,0,66 67,1,29,,1164339,31,0,66 67,1,69,,1073043,31,0,66 67,1,29,,1164283,31,0,66 67,1,70,,1164308,31,0,66 67,1,40,,1164289,31,0,66 67,1
7500,'17',421,,1164417,31,0,66 67,1,31,,1164361,31,0,66 67,1,70,,1164411,31,0,66 67,1,30,,1164420,31,0,66 67,1,70,,1164419,31,0,66 67,1,31,,1164398,31,0,66 67,1,70,,1164365,31,0,66 67,1,20,,1164371,31,0,66 67,1,1582,,1164370,31,0,66 67,1,30,,1164425,31,0,66 67,1,70,,1164385,31,0,66 67,1,30,,1164372,31,0,66 67,1,70,,1164427,31,0,66 67,1,30,,1164434,31,0,66 67,1,70,,1164416,31,0,66 67,1,30,,1164430,31,0,66 67,1,70,,1164429,31,0,66 67,1
7500,'2',415,,1164474,31,0,66 67,1,30,,1164489,31,0,66 67,1,70,,1164484,31,0,66 67,1,30,,1164483,31,0,66 67,1,2080,,1164459,31,0,66 67,1,30,,1164510,31,0,66 67,1,70,,1164493,31,0,66 67,1,30,,1164442,31,0,66 67,1
7500,'3',421,,1164568,31,0,66 67,1,31,,1164512,31,0,66 67,1,70,,1164562,31,0,66 67,1,30,,1164571,31,0,66 67,1,70,,1164570,31,0,66 67,1,31,,1164549,31,0,66 67,1,70,,1164516,31,0,66 67,1,20,,1164522,31,0,66 67,1,1582,,1164521,31,0,66 67,1,30,,1164576,31,0,66 67,1,70,,1164536,31,0,66 67,1,30,,1164523,31,0,66 67,1,70,,1164578,31,0,66 67,1,30,,1164585,31,0,66 67,1,70,,1164567,31,0,66 67,1,30,,1164581,31,0,66 67,1,70,,1164580,31,0,66 67,1
7500,'4',421,,1164644,31,0,66 67,1,31,,1164626,31,0,66 67,1,70,,1164597,31,0,66 67,1,30,,1164615,31,0,66 67,1,70,,1164651,31,0,66 67,1,31,,1164622,31,0,66 67,1,70,,1164653,31,0,66 67,1,20,,1164621,31,0,66 67,1,1582,,1164627,31,0,66 67,1,30,,1164598,31,0,66 67,1,70,,1164600,31,0,66 67,1,30,,1164633,31,0,66 67,1,70,,1164588,31,0,66 67,1,30,,1164631,31,0,66 67,1,70,,1164630,31,0,66 67,1,30,,1164628,31,0,66 67,1,70,,1079033,31,0,66 67,1
7500,'5',417,,1060861,31,0,66 67,1,26,,1089154,31,0,66 67,1,2070,,1164694,31,0,66 67,1,29,,1164681,31,0,66 67,1,69,,1003557,31,0,66 67,1,29,,1164674,31,0,66 67,1,70,,1164718,31,0,66 67,1,40,,1164707,31,0,66 67,1
7500,'6',417,,1164746,31,0,66 67,1,26,,1164743,31,0,66 67,1,2070,,1164741,31,0,66 67,1,29,,1164796,31,0,66 67,1,69,,1164736,31,0,66 67,1,29,,1064754,31,0,66 67,1,70,,1164764,31,0,66 67,1,40,,1164744,31,0,66 67,1
7500,'7',415,,1164850,31,0,66 67,1,30,,1164886,31,0,66 67,1,70,,1164877,31,0,66 67,1,30,,1164864,31,0,66 67,1,2080,,1164888,31,0,66 67,1,30,,1164840,31,0,66 67,1,70,,1164847,31,0,66 67,1,30,,1164895,31,0,66 67,1
7500,'8',417,,1164913,31,0,66 67,1,26,,1164910,31,0,66 67,1,2070,,1164908,31,0,66 67,1,29,,1164963,31,0,66 67,1,69,,1164898,31,0,66 67,1,29,,1164905,31,0,66 67,1,70,,1164931,31,0,66 67,1,40,,1164911,31,0,66 67,1
7500,'9',417,,1060871,31,0,66 67,1,26,,1089060,31,0,66 67,1,2070,,1165026,31,0,66 67,1,29,,1165013,31,0,66 67,1,69,,1003874,31,0,66 67,1,29,,1165006,31,0,66 67,1,70,,1165050,31,0,66 67,1,40,,1165039,31,0,66 67,1
7501,'1',309,,1165133,6,0,64 139,1,30,,1070600,6,0,64 139,1,72,,1093387,6,0,64 139,1,25,,1165090,6,,,1,2107,,1100412,6,0,64 139,1,68,,1165135,6,0,64 139,1,30,,1165148,6,0,64 139,1
7501,'10',309,,1165215,6,0,64 139,1,30,,1070414,6,0,64 139,1,72,,1093071,6,0,64 139,1,25,,1165172,6,,,1,2107,,1100327,6,0,64 139,1,68,,1165217,6,0,64 139,1,30,,1165230,6,0,64 139,1
7501,'11',309,,1165297,6,0,64 139,1,30,,1070654,6,0,64 139,1,72,,1093478,6,0,64 139,1,25,,1165254,6,,,1,2107,,1100436,6,0,64 139,1,68,,1165299,6,0,64 139,1,30,,1165312,6,0,64 139,1
7501,'12',309,,1165380,6,0,64 139,1,30,,1165377,6,0,64 139,1,72,,1165364,6,0,64 139,1,25,,1165383,6,,,1,2107,,1165399,6,0,64 139,1,68,,1044545,6,0,64 139,1,30,,1165318,6,0,64 139,1
7501,'13',317,,1165425,6,0,64 139,1,30,,1165403,6,0,64 139,1,70,,1165466,6,0,64 139,1,30,,1165465,6,0,64 139,1,70,,1165433,6,0,64 139,1,30,,1165469,6,0,64 139,1,65,,1165410,6,,,1,35,,1071863,6,0,64 139,1,70,,1165411,6,,,1,30,,1165463,6,0,64 139,1,55,,1165448,6,0,64 139,1,1546,,1165462,6,0,64 139,1,70,,1165429,6,0,64 139,1,30,,1165408,6,0,64 139,1,70,,1165418,6,0,64 139,1,30,,1165459,6,0,64 139,1,70,,1165467,6,0,64 139,1,30,,1165406,6,0,64 139,1
7501,'14',309,,1165550,6,0,64 139,1,30,,1165500,6,0,64 139,1,72,,1165485,6,0,64 139,1,25,,1165505,6,,,1,2107,,1165487,6,0,64 139,1,68,,1165552,6,0,64 139,1,30,,1165569,6,0,64 139,1
7501,'15',309,,1165642,6,0,64 139,1,30,,1165588,6,0,64 139,1,72,,1165662,6,0,64 139,1,25,,1165598,6,,,1,2107,,1165645,6,0,64 139,1,68,,1165599,6,0,64 139,1,30,,1165576,6,0,64 139,1
7501,'16',309,,1165729,6,0,64 139,1,30,,1165726,6,0,64 139,1,72,,1072863,6,0,64 139,1,25,,1165732,6,,,1,2107,,965681,6,0,64 139,1,68,,1165680,6,0,64 139,1,30,,1165668,6,0,64 139,1
7501,'17',317,,1165775,6,0,64 139,1,30,,1165751,6,0,64 139,1,70,,1165817,6,0,64 139,1,30,,1165816,6,0,64 139,1,70,,1165784,6,0,64 139,1,30,,1165821,6,0,64 139,1,65,,1165760,6,,,1,35,,1165781,6,0,64 139,1,70,,1165761,6,,,1,30,,1165814,6,0,64 139,1,55,,1165799,6,0,64 139,1,1546,,1165813,6,0,64 139,1,70,,1165779,6,0,64 139,1,30,,1165758,6,0,64 139,1,70,,1165768,6,0,64 139,1,30,,1165810,6,0,64 139,1,70,,1165818,6,0,64 139,1,30,,1165755,6,0,64 139,1
7501,'2',314,,1165886,6,0,64 139,1,30,,1165883,6,0,64 139,1,70,,1165850,6,0,64 139,1,30,,1165858,6,0,64 139,1,70,,1100490,6,0,64 139,1,30,,1165893,6,,,1,2102,,1165897,6,0,64 139,1
7501,'3',317,,1165924,6,0,64 139,1,30,,1165900,6,0,64 139,1,70,,1165966,6,0,64 139,1,30,,1165965,6,0,64 139,1,70,,1165933,6,0,64 139,1,30,,1165970,6,0,64 139,1,65,,1165909,6,,,1,35,,1165930,6,0,64 139,1,70,,1165910,6,,,1,30,,1165963,6,0,64 139,1,55,,1165948,6,0,64 139,1,1546,,1165962,6,0,64 139,1,70,,1165928,6,0,64 139,1,30,,1165907,6,0,64 139,1,70,,1165917,6,0,64 139,1,30,,1165959,6,0,64 139,1,70,,1165967,6,0,64 139,1,30,,1165904,6,0,64 139,1
7501,'4',317,,1166041,6,0,64 139,1,30,,1165981,6,0,64 139,1,70,,1166040,6,0,64 139,1,30,,1165991,6,0,64 139,1,70,,1166018,6,0,64 139,1,30,,1166031,6,0,64 139,1,65,,1166011,6,,,1,35,,1044778,6,0,64 139,1,70,,1166029,6,,,1,30,,1166013,6,0,64 139,1,55,,1166027,6,0,64 139,1,1546,,1165990,6,0,64 139,1,70,,1165982,6,0,64 139,1,30,,1166021,6,0,64 139,1,70,,1166038,6,0,64 139,1,30,,1166008,6,0,64 139,1,70,,1166036,6,0,64 139,1,30,,1165985,6,0,64 139,1
7501,'5',309,,1166112,6,0,64 139,1,30,,1070564,6,0,64 139,1,72,,1093332,6,0,64 139,1,25,,1166069,6,,,1,2107,,1100396,6,0,64 139,1,68,,1166114,6,0,64 139,1,30,,1166127,6,0,64 139,1
7501,'6',309,,1166194,6,0,64 139,1,30,,1166191,6,0,64 139,1,72,,1166178,6,0,64 139,1,25,,1166197,6,,,1,2107,,1166206,6,0,64 139,1,68,,1166143,6,0,64 139,1,30,,1052221,6,0,64 139,1
7501,'7',314,,1166267,6,0,64 139,1,30,,1166282,6,0,64 139,1,70,,1166276,6,0,64 139,1,30,,1166219,6,0,64 139,1,70,,1166266,6,0,64 139,1,30,,1166265,6,,,1,2102,,1166245,6,0,64 139,1
7501,'8',309,,1166363,6,0,64 139,1,30,,1166360,6,0,64 139,1,72,,1166347,6,0,64 139,1,25,,1166366,6,,,1,2107,,1166383,6,0,64 139,1,68,,1166312,6,0,64 139,1,30,,1166296,6,0,64 139,1
7501,'9',309,,1166453,6,0,64 139,1,30,,1070473,6,0,64 139,1,72,,1093176,6,0,64 139,1,25,,1166410,6,,,1,2107,,1100355,6,0,64 139,1,68,,1166455,6,0,64 139,1,30,,1166468,6,0,64 139,1
